 27 31 25 30 29 26 28 32 33 34 39 36 37 38 35 40 46 43 45 42 44 41 47 48 56 49 53 55 52 51 54 50 62 60 57 58 59 61 63 64 70 71 72 67 65 68 66 69  6  2  5  7  3  1  4  8 14 15 13 10 12  9 16 11 21 17 24 18 20 19 22 23
 11 15  9 14 13 10 12 16 17 18 23 20 21 22 19 24 30 27 29 26 28 25 31 32 40 33 37 39 36 35 38 34 46 44 41 42 43 45 47 48 54 55 56 51 49 52 50 53 62 58 61 63 59 57 60 64 70 71 69 66 68 65 72 67  5  1  8  2  4  3  6  7
 19 23 17 22 21 18 20 24 25 26 31 28 29 30 27 32 38 35 37 34 36 33 39 40 48 41 45 47 44 43 46 42 54 52 49 50 51 53 55 56 62 63 64 59 57 60 58 61 70 66 69 71 67 65 68 72  6  7  5  2  4  1  8  3 13  9 16 10 12 11 14 15
  3  7  1  6  5  2  4  8  9 10 15 12 13 14 11 16 22 19 21 18 20 17 23 24 32 25 29 31 28 27 30 26 38 36 33 34 35 37 39 40 46 47 48 43 41 44 42 45 54 50 53 55 51 49 52 56 62 63 61 58 60 57 64 59 69 65 72 66 68 67 70 71
 59 63 57 62 61 58 60 64 65 66 71 68 69 70 67 72  6  3  5  2  4  1  7  8 16  9 13 15 12 11 14 10 22 20 17 18 19 21 23 24 30 31 32 27 25 28 26 29 38 34 37 39 35 33 36 40 46 47 45 42 44 41 48 43 53 49 56 50 52 51 54 55
 51 55 49 54 53 50 52 56 57 58 63 60 61 62 59 64 70 67 69 66 68 65 71 72  8  1  5  7  4  3  6  2 14 12  9 10 11 13 15 16 22 23 24 19 17 20 18 21 30 26 29 31 27 25 28 32 38 39 37 34 36 33 40 35 45 41 48 42 44 43 46 47
 43 47 41 46 45 42 44 48 49 50 55 52 53 54 51 56 62 59 61 58 60 57 63 64 72 65 69 71 68 67 70 66  6  4  1  2  3  5  7  8 14 15 16 11  9 12 10 13 22 18 21 23 19 17 20 24 30 31 29 26 28 25 32 27 37 33 40 34 36 35 38 39
 35 39 33 38 37 34 36 40 41 42 47 44 45 46 43 48 54 51 53 50 52 49 55 56 64 57 61 63 60 59 62 58 70 68 65 66 67 69 71 72  6  7  8  3  1  4  2  5 14 10 13 15 11  9 12 16 22 23 21 18 20 17 24 19 29 25 32 26 28 27 30 31
 67 71 65 70 69 66 68 72  1  2  7  4  5  6  3  8 14 11 13 10 12  9 15 16 24 17 21 23 20 19 22 18 30 28 25 26 27 29 31 32 38 39 40 35 33 36 34 37 46 42 45 47 43 41 44 48 54 55 53 50 52 49 56 51 61 57 64 58 60 59 62 63
 60 64 58 63 62 59 61 57 66 67 72 69 70 71 68 65  7  4  6  3  5  2  8  1  9 10 14 16 13 12 15 11 23 21 18 19 20 22 24 17 31 32 25 28 26 29 27 30 39 35 38 40 36 34 37 33 47 48 46 43 45 42 41 44 54 50 49 51 53 52 55 56
 52 56 50 55 54 51 53 49 58 59 64 61 62 63 60 57 71 68 70 67 69 66 72 65  1  2  6  8  5  4  7  3 15 13 10 11 12 14 16  9 23 24 17 20 18 21 19 22 31 27 30 32 28 26 29 25 39 40 38 35 37 34 33 36 46 42 41 43 45 44 47 48
 44 48 42 47 46 43 45 41 50 51 56 53 54 55 52 49 63 60 62 59 61 58 64 57 65 66 70 72 69 68 71 67  7  5  2  3  4  6  8  1 15 16  9 12 10 13 11 14 23 19 22 24 20 18 21 17 31 32 30 27 29 26 25 28 38 34 33 35 37 36 39 40
 12 16 10 15 14 11 13  9 18 19 24 21 22 23 20 17 31 28 30 27 29 26 32 25 33 34 38 40 37 36 39 35 47 45 42 43 44 46 48 41 55 56 49 52 50 53 51 54 63 59 62 64 60 58 61 57 71 72 70 67 69 66 65 68  6  2  1  3  5  4  7  8
 36 40 34 39 38 35 37 33 42 43 48 45 46 47 44 41 55 52 54 51 53 50 56 49 57 58 62 64 61 60 63 59 71 69 66 67 68 70 72 65  7  8  1  4  2  5  3  6 15 11 14 16 12 10 13  9 23 24 22 19 21 18 17 20 30 26 25 27 29 28 31 32
 68 72 66 71 70 67 69 65  2  3  8  5  6  7  4  1 15 12 14 11 13 10 16  9 17 18 22 24 21 20 23 19 31 29 26 27 28 30 32 25 39 40 33 36 34 37 35 38 47 43 46 48 44 42 45 41 55 56 54 51 53 50 49 52 62 58 57 59 61 60 63 64
 28 32 26 31 30 27 29 25 34 35 40 37 38 39 36 33 47 44 46 43 45 42 48 41 49 50 54 56 53 52 55 51 63 61 58 59 60 62 64 57 71 72 65 68 66 69 67 70  7  3  6  8  4  2  5  1 15 16 14 11 13 10  9 12 22 18 17 19 21 20 23 24
  4  8  2  7  6  3  5  1 10 11 16 13 14 15 12  9 23 20 22 19 21 18 24 17 25 26 30 32 29 28 31 27 39 37 34 35 36 38 40 33 47 48 41 44 42 45 43 46 55 51 54 56 52 50 53 49 63 64 62 59 61 58 57 60 70 66 65 67 69 68 71 72
 20 24 18 23 22 19 21 17 26 27 32 29 30 31 28 25 39 36 38 35 37 34 40 33 41 42 46 48 45 44 47 43 55 53 50 51 52 54 56 49 63 64 57 60 58 61 59 62 71 67 70 72 68 66 69 65  7  8  6  3  5  2  1  4 14 10  9 11 13 12 15 16
 29 25 27 32 31 28 30 26 35 36 33 38 39 40 37 34 48 45 47 44 46 43 41 42 50 51 55 49 54 53 56 52 64 62 59 60 61 63 57 58 72 65 66 69 67 70 68 71  8  4  7  1  5  3  6  2 16  9 15 12 14 11 10 13 23 19 18 20 22 21 24 17
 37 33 35 40 39 36 38 34 43 44 41 46 47 48 45 42 56 53 55 52 54 51 49 50 58 59 63 57 62 61 64 60 72 70 67 68 69 71 65 66  8  1  2  5  3  6  4  7 16 12 15  9 13 11 14 10 24 17 23 20 22 19 18 21 31 27 26 28 30 29 32 25
 61 57 59 64 63 60 62 58 67 68 65 70 71 72 69 66  8  5  7  4  6  3  1  2 10 11 15  9 14 13 16 12 24 22 19 20 21 23 17 18 32 25 26 29 27 30 28 31 40 36 39 33 37 35 38 34 48 41 47 44 46 43 42 45 55 51 50 52 54 53 56 49
 69 65 67 72 71 68 70 66  3  4  1  6  7  8  5  2 16 13 15 12 14 11  9 10 18 19 23 17 22 21 24 20 32 30 27 28 29 31 25 26 40 33 34 37 35 38 36 39 48 44 47 41 45 43 46 42 56 49 55 52 54 51 50 53 63 59 58 60 62 61 64 57
 53 49 51 56 55 52 54 50 59 60 57 62 63 64 61 58 72 69 71 68 70 67 65 66  2  3  7  1  6  5  8  4 16 14 11 12 13 15  9 10 24 17 18 21 19 22 20 23 32 28 31 25 29 27 30 26 40 33 39 36 38 35 34 37 47 43 42 44 46 45 48 41
 45 41 43 48 47 44 46 42 51 52 49 54 55 56 53 50 64 61 63 60 62 59 57 58 66 67 71 65 70 69 72 68  8  6  3  4  5  7  1  2 16  9 10 13 11 14 12 15 24 20 23 17 21 19 22 18 32 25 31 28 30 27 26 29 39 35 34 36 38 37 40 33
  5  1  3  8  7  4  6  2 11 12  9 14 15 16 13 10 24 21 23 20 22 19 17 18 26 27 31 25 30 29 32 28 40 38 35 36 37 39 33 34 48 41 42 45 43 46 44 47 56 52 55 49 53 51 54 50 64 57 63 60 62 59 58 61 71 67 66 68 70 69 72 65
 13  9 11 16 15 12 14 10 19 20 17 22 23 24 21 18 32 29 31 28 30 27 25 26 34 35 39 33 38 37 40 36 48 46 43 44 45 47 41 42 56 49 50 53 51 54 52 55 64 60 63 57 61 59 62 58 72 65 71 68 70 67 66 69  7  3  2  4  6  5  8  1
 21 17 19 24 23 20 22 18 27 28 25 30 31 32 29 26 40 37 39 36 38 35 33 34 42 43 47 41 46 45 48 44 56 54 51 52 53 55 49 50 64 57 58 61 59 62 60 63 72 68 71 65 69 67 70 66  8  1  7  4  6  3  2  5 15 11 10 12 14 13 16  9
 22 18 20 17 24 21 23 19 28 29 26 31 32 25 30 27 33 38 40 37 39 36 34 35 43 44 48 42 47 46 41 45 49 55 52 53 54 56 50 51 57 58 59 62 60 63 61 64 65 69 72 66 70 68 71 67  1  2  8  5  7  4  3  6 16 12 11 13 15 14  9 10
 38 34 36 33 40 37 39 35 44 45 42 47 48 41 46 43 49 54 56 53 55 52 50 51 59 60 64 58 63 62 57 61 65 71 68 69 70 72 66 67  1  2  3  6  4  7  5  8  9 13 16 10 14 12 15 11 17 18 24 21 23 20 19 22 32 28 27 29 31 30 25 26
 14 10 12  9 16 13 15 11 20 21 18 23 24 17 22 19 25 30 32 29 31 28 26 27 35 36 40 34 39 38 33 37 41 47 44 45 46 48 42 43 49 50 51 54 52 55 53 56 57 61 64 58 62 60 63 59 65 66 72 69 71 68 67 70  8  4  3  5  7  6  1  2
 70 66 68 65 72 69 71 67  4  5  2  7  8  1  6  3  9 14 16 13 15 12 10 11 19 20 24 18 23 22 17 21 25 31 28 29 30 32 26 27 33 34 35 38 36 39 37 40 41 45 48 42 46 44 47 43 49 50 56 53 55 52 51 54 64 60 59 61 63 62 57 58
 62 58 60 57 64 61 63 59 68 69 66 71 72 65 70 67  1  6  8  5  7  4  2  3 11 12 16 10 15 14  9 13 17 23 20 21 22 24 18 19 25 26 27 30 28 31 29 32 33 37 40 34 38 36 39 35 41 42 48 45 47 44 43 46 56 52 51 53 55 54 49 50
 30 26 28 25 32 29 31 27 36 37 34 39 40 33 38 35 41 46 48 45 47 44 42 43 51 52 56 50 55 54 49 53 57 63 60 61 62 64 58 59 65 66 67 70 68 71 69 72  1  5  8  2  6  4  7  3  9 10 16 13 15 12 11 14 24 20 19 21 23 22 17 18
 54 50 52 49 56 53 55 51 60 61 58 63 64 57 62 59 65 70 72 69 71 68 66 67  3  4  8  2  7  6  1  5  9 15 12 13 14 16 10 11 17 18 19 22 20 23 21 24 25 29 32 26 30 28 31 27 33 34 40 37 39 36 35 38 48 44 43 45 47 46 41 42
 46 42 44 41 48 45 47 43 52 53 50 55 56 49 54 51 57 62 64 61 63 60 58 59 67 68 72 66 71 70 65 69  1  7  4  5  6  8  2  3  9 10 11 14 12 15 13 16 17 21 24 18 22 20 23 19 25 26 32 29 31 28 27 30 40 36 35 37 39 38 33 34
  6  2  4  1  8  5  7  3 12 13 10 15 16  9 14 11 17 22 24 21 23 20 18 19 27 28 32 26 31 30 25 29 33 39 36 37 38 40 34 35 41 42 43 46 44 47 45 48 49 53 56 50 54 52 55 51 57 58 64 61 63 60 59 62 72 68 67 69 71 70 65 66
 63 59 61 58 57 62 64 60 69 70 67 72 65 66 71 68  2  7  1  6  8  5  3  4 12 13  9 11 16 15 10 14 18 24 21 22 23 17 19 20 26 27 28 31 29 32 30 25 34 38 33 35 39 37 40 36 42 43 41 46 48 45 44 47 49 53 52 54 56 55 50 51
 55 51 53 50 49 54 56 52 61 62 59 64 57 58 63 60 66 71 65 70 72 69 67 68  4  5  1  3  8  7  2  6 10 16 13 14 15  9 11 12 18 19 20 23 21 24 22 17 26 30 25 27 31 29 32 28 34 35 33 38 40 37 36 39 41 45 44 46 48 47 42 43
  7  3  5  2  1  6  8  4 13 14 11 16  9 10 15 12 18 23 17 22 24 21 19 20 28 29 25 27 32 31 26 30 34 40 37 38 39 33 35 36 42 43 44 47 45 48 46 41 50 54 49 51 55 53 56 52 58 59 57 62 64 61 60 63 65 69 68 70 72 71 66 67
 31 27 29 26 25 30 32 28 37 38 35 40 33 34 39 36 42 47 41 46 48 45 43 44 52 53 49 51 56 55 50 54 58 64 61 62 63 57 59 60 66 67 68 71 69 72 70 65  2  6  1  3  7  5  8  4 10 11  9 14 16 13 12 15 17 21 20 22 24 23 18 19
 71 67 69 66 65 70 72 68  5  6  3  8  1  2  7  4 10 15  9 14 16 13 11 12 20 21 17 19 24 23 18 22 26 32 29 30 31 25 27 28 34 35 36 39 37 40 38 33 42 46 41 43 47 45 48 44 50 51 49 54 56 53 52 55 57 61 60 62 64 63 58 59
 15 11 13 10  9 14 16 12 21 22 19 24 17 18 23 20 26 31 25 30 32 29 27 28 36 37 33 35 40 39 34 38 42 48 45 46 47 41 43 44 50 51 52 55 53 56 54 49 58 62 57 59 63 61 64 60 66 67 65 70 72 69 68 71  1  5  4  6  8  7  2  3
 39 35 37 34 33 38 40 36 45 46 43 48 41 42 47 44 50 55 49 54 56 53 51 52 60 61 57 59 64 63 58 62 66 72 69 70 71 65 67 68  2  3  4  7  5  8  6  1 10 14  9 11 15 13 16 12 18 19 17 22 24 21 20 23 25 29 28 30 32 31 26 27
 23 19 21 18 17 22 24 20 29 30 27 32 25 26 31 28 34 39 33 38 40 37 35 36 44 45 41 43 48 47 42 46 50 56 53 54 55 49 51 52 58 59 60 63 61 64 62 57 66 70 65 67 71 69 72 68  2  3  1  6  8  5  4  7  9 13 12 14 16 15 10 11
 47 43 45 42 41 46 48 44 53 54 51 56 49 50 55 52 58 63 57 62 64 61 59 60 68 69 65 67 72 71 66 70  2  8  5  6  7  1  3  4 10 11 12 15 13 16 14  9 18 22 17 19 23 21 24 20 26 27 25 30 32 29 28 31 33 37 36 38 40 39 34 35
  8  4  6  3  2  7  1  5 14 15 12  9 10 11 16 13 19 24 18 23 17 22 20 21 29 30 26 28 25 32 27 31 35 33 38 39 40 34 36 37 43 44 45 48 46 41 47 42 51 55 50 52 56 54 49 53 59 60 58 63 57 62 61 64 66 70 69 71 65 72 67 68
 72 68 70 67 66 71 65 69  6  7  4  1  2  3  8  5 11 16 10 15  9 14 12 13 21 22 18 20 17 24 19 23 27 25 30 31 32 26 28 29 35 36 37 40 38 33 39 34 43 47 42 44 48 46 41 45 51 52 50 55 49 54 53 56 58 62 61 63 57 64 59 60
 40 36 38 35 34 39 33 37 46 47 44 41 42 43 48 45 51 56 50 55 49 54 52 53 61 62 58 60 57 64 59 63 67 65 70 71 72 66 68 69  3  4  5  8  6  1  7  2 11 15 10 12 16 14  9 13 19 20 18 23 17 22 21 24 26 30 29 31 25 32 27 28
 24 20 22 19 18 23 17 21 30 31 28 25 26 27 32 29 35 40 34 39 33 38 36 37 45 46 42 44 41 48 43 47 51 49 54 55 56 50 52 53 59 60 61 64 62 57 63 58 67 71 66 68 72 70 65 69  3  4  2  7  1  6  5  8 10 14 13 15  9 16 11 12
 32 28 30 27 26 31 25 29 38 39 36 33 34 35 40 37 43 48 42 47 41 46 44 45 53 54 50 52 49 56 51 55 59 57 62 63 64 58 60 61 67 68 69 72 70 65 71 66  3  7  2  4  8  6  1  5 11 12 10 15  9 14 13 16 18 22 21 23 17 24 19 20
 56 52 54 51 50 55 49 53 62 63 60 57 58 59 64 61 67 72 66 71 65 70 68 69  5  6  2  4  1  8  3  7 11  9 14 15 16 10 12 13 19 20 21 24 22 17 23 18 27 31 26 28 32 30 25 29 35 36 34 39 33 38 37 40 42 46 45 47 41 48 43 44
 48 44 46 43 42 47 41 45 54 55 52 49 50 51 56 53 59 64 58 63 57 62 60 61 69 70 66 68 65 72 67 71  3  1  6  7  8  2  4  5 11 12 13 16 14  9 15 10 19 23 18 20 24 22 17 21 27 28 26 31 25 30 29 32 34 38 37 39 33 40 35 36
 64 60 62 59 58 63 57 61 70 71 68 65 66 67 72 69  3  8  2  7  1  6  4  5 13 14 10 12  9 16 11 15 19 17 22 23 24 18 20 21 27 28 29 32 30 25 31 26 35 39 34 36 40 38 33 37 43 44 42 47 41 46 45 48 50 54 53 55 49 56 51 52
 16 12 14 11 10 15  9 13 22 23 20 17 18 19 24 21 27 32 26 31 25 30 28 29 37 38 34 36 33 40 35 39 43 41 46 47 48 42 44 45 51 52 53 56 54 49 55 50 59 63 58 60 64 62 57 61 67 68 66 71 65 70 69 72  2  6  5  7  1  8  3  4
 17 21 23 20 19 24 18 22 31 32 29 26 27 28 25 30 36 33 35 40 34 39 37 38 46 47 43 45 42 41 44 48 52 50 55 56 49 51 53 54 60 61 62 57 63 58 64 59 68 72 67 69 65 71 66 70  4  5  3  8  2  7  6  1 11 15 14 16 10  9 12 13
 33 37 39 36 35 40 34 38 47 48 45 42 43 44 41 46 52 49 51 56 50 55 53 54 62 63 59 61 58 57 60 64 68 66 71 72 65 67 69 70  4  5  6  1  7  2  8  3 12 16 11 13  9 15 10 14 20 21 19 24 18 23 22 17 27 31 30 32 26 25 28 29
  9 13 15 12 11 16 10 14 23 24 21 18 19 20 17 22 28 25 27 32 26 31 29 30 38 39 35 37 34 33 36 40 44 42 47 48 41 43 45 46 52 53 54 49 55 50 56 51 60 64 59 61 57 63 58 62 68 69 67 72 66 71 70 65  3  7  6  8  2  1  4  5
 57 61 63 60 59 64 58 62 71 72 69 66 67 68 65 70  4  1  3  8  2  7  5  6 14 15 11 13 10  9 12 16 20 18 23 24 17 19 21 22 28 29 30 25 31 26 32 27 36 40 35 37 33 39 34 38 44 45 43 48 42 47 46 41 51 55 54 56 50 49 52 53
 65 69 71 68 67 72 66 70  7  8  5  2  3  4  1  6 12  9 11 16 10 15 13 14 22 23 19 21 18 17 20 24 28 26 31 32 25 27 29 30 36 37 38 33 39 34 40 35 44 48 43 45 41 47 42 46 52 53 51 56 50 55 54 49 59 63 62 64 58 57 60 61
  1  5  7  4  3  8  2  6 15 16 13 10 11 12  9 14 20 17 19 24 18 23 21 22 30 31 27 29 26 25 28 32 36 34 39 40 33 35 37 38 44 45 46 41 47 42 48 43 52 56 51 53 49 55 50 54 60 61 59 64 58 63 62 57 67 71 70 72 66 65 68 69
 25 29 31 28 27 32 26 30 39 40 37 34 35 36 33 38 44 41 43 48 42 47 45 46 54 55 51 53 50 49 52 56 60 58 63 64 57 59 61 62 68 69 70 65 71 66 72 67  4  8  3  5  1  7  2  6 12 13 11 16 10 15 14  9 19 23 22 24 18 17 20 21
 41 45 47 44 43 48 42 46 55 56 53 50 51 52 49 54 60 57 59 64 58 63 61 62 70 71 67 69 66 65 68 72  4  2  7  8  1  3  5  6 12 13 14  9 15 10 16 11 20 24 19 21 17 23 18 22 28 29 27 32 26 31 30 25 35 39 38 40 34 33 36 37
 49 53 55 52 51 56 50 54 63 64 61 58 59 60 57 62 68 65 67 72 66 71 69 70  6  7  3  5  2  1  4  8 12 10 15 16  9 11 13 14 20 21 22 17 23 18 24 19 28 32 27 29 25 31 26 30 36 37 35 40 34 39 38 33 43 47 46 48 42 41 44 45
 26 30 32 29 28 25 27 31 40 33 38 35 36 37 34 39 45 42 44 41 43 48 46 47 55 56 52 54 51 50 53 49 61 59 64 57 58 60 62 63 69 70 71 66 72 67 65 68  5  1  4  6  2  8  3  7 13 14 12  9 11 16 15 10 20 24 23 17 19 18 21 22
  2  6  8  5  4  1  3  7 16  9 14 11 12 13 10 15 21 18 20 17 19 24 22 23 31 32 28 30 27 26 29 25 37 35 40 33 34 36 38 39 45 46 47 42 48 43 41 44 53 49 52 54 50 56 51 55 61 62 60 57 59 64 63 58 68 72 71 65 67 66 69 70
 50 54 56 53 52 49 51 55 64 57 62 59 60 61 58 63 69 66 68 65 67 72 70 71  7  8  4  6  3  2  5  1 13 11 16  9 10 12 14 15 21 22 23 18 24 19 17 20 29 25 28 30 26 32 27 31 37 38 36 33 35 40 39 34 44 48 47 41 43 42 45 46
 58 62 64 61 60 57 59 63 72 65 70 67 68 69 66 71  5  2  4  1  3  8  6  7 15 16 12 14 11 10 13  9 21 19 24 17 18 20 22 23 29 30 31 26 32 27 25 28 37 33 36 38 34 40 35 39 45 46 44 41 43 48 47 42 52 56 55 49 51 50 53 54
 42 46 48 45 44 41 43 47 56 49 54 51 52 53 50 55 61 58 60 57 59 64 62 63 71 72 68 70 67 66 69 65  5  3  8  1  2  4  6  7 13 14 15 10 16 11  9 12 21 17 20 22 18 24 19 23 29 30 28 25 27 32 31 26 36 40 39 33 35 34 37 38
 34 38 40 37 36 33 35 39 48 41 46 43 44 45 42 47 53 50 52 49 51 56 54 55 63 64 60 62 59 58 61 57 69 67 72 65 66 68 70 71  5  6  7  2  8  3  1  4 13  9 12 14 10 16 11 15 21 22 20 17 19 24 23 18 28 32 31 25 27 26 29 30
 66 70 72 69 68 65 67 71  8  1  6  3  4  5  2  7 13 10 12  9 11 16 14 15 23 24 20 22 19 18 21 17 29 27 32 25 26 28 30 31 37 38 39 34 40 35 33 36 45 41 44 46 42 48 43 47 53 54 52 49 51 56 55 50 60 64 63 57 59 58 61 62
 10 14 16 13 12  9 11 15 24 17 22 19 20 21 18 23 29 26 28 25 27 32 30 31 39 40 36 38 35 34 37 33 45 43 48 41 42 44 46 47 53 54 55 50 56 51 49 52 61 57 60 62 58 64 59 63 69 70 68 65 67 72 71 66  4  8  7  1  3  2  5  6
 18 22 24 21 20 17 19 23 32 25 30 27 28 29 26 31 37 34 36 33 35 40 38 39 47 48 44 46 43 42 45 41 53 51 56 49 50 52 54 55 61 62 63 58 64 59 57 60 69 65 68 70 66 72 67 71  5  6  4  1  3  8  7  2 12 16 15  9 11 10 13 14
