 60 63 61 59 64 57 58 62 69 68 71 67 72 70 65 66  8  4  5  6  7  2  3  1 12 11 13 10 16  9 15 14 23 24 20 22 18 17 21 19 28 27 30 29 31 32 25 26 33 34 35 37 40 38 39 36 44 42 46 47 43 41 45 48 50 49 51 55 52 54 53 56
 20 23 21 19 24 17 18 22 29 28 31 27 32 30 25 26 40 36 37 38 39 34 35 33 44 43 45 42 48 41 47 46 55 56 52 54 50 49 53 51 60 59 62 61 63 64 57 58 65 66 67 69 72 70 71 68  4  2  6  7  3  1  5  8 10  9 11 15 12 14 13 16
 52 55 53 51 56 49 50 54 61 60 63 59 64 62 57 58 72 68 69 70 71 66 67 65  4  3  5  2  8  1  7  6 15 16 12 14 10  9 13 11 20 19 22 21 23 24 17 18 25 26 27 29 32 30 31 28 36 34 38 39 35 33 37 40 42 41 43 47 44 46 45 48
 12 15 13 11 16  9 10 14 21 20 23 19 24 22 17 18 32 28 29 30 31 26 27 25 36 35 37 34 40 33 39 38 47 48 44 46 42 41 45 43 52 51 54 53 55 56 49 50 57 58 59 61 64 62 63 60 68 66 70 71 67 65 69 72  2  1  3  7  4  6  5  8
  4  7  5  3  8  1  2  6 13 12 15 11 16 14  9 10 24 20 21 22 23 18 19 17 28 27 29 26 32 25 31 30 39 40 36 38 34 33 37 35 44 43 46 45 47 48 41 42 49 50 51 53 56 54 55 52 60 58 62 63 59 57 61 64 66 65 67 71 68 70 69 72
 36 39 37 35 40 33 34 38 45 44 47 43 48 46 41 42 56 52 53 54 55 50 51 49 60 59 61 58 64 57 63 62 71 72 68 70 66 65 69 67  4  3  6  5  7  8  1  2  9 10 11 13 16 14 15 12 20 18 22 23 19 17 21 24 26 25 27 31 28 30 29 32
 44 47 45 43 48 41 42 46 53 52 55 51 56 54 49 50 64 60 61 62 63 58 59 57 68 67 69 66 72 65 71 70  7  8  4  6  2  1  5  3 12 11 14 13 15 16  9 10 17 18 19 21 24 22 23 20 28 26 30 31 27 25 29 32 34 33 35 39 36 38 37 40
 68 71 69 67 72 65 66 70  5  4  7  3  8  6  1  2 16 12 13 14 15 10 11  9 20 19 21 18 24 17 23 22 31 32 28 30 26 25 29 27 36 35 38 37 39 40 33 34 41 42 43 45 48 46 47 44 52 50 54 55 51 49 53 56 58 57 59 63 60 62 61 64
 28 31 29 27 32 25 26 30 37 36 39 35 40 38 33 34 48 44 45 46 47 42 43 41 52 51 53 50 56 49 55 54 63 64 60 62 58 57 61 59 68 67 70 69 71 72 65 66  1  2  3  5  8  6  7  4 12 10 14 15 11  9 13 16 18 17 19 23 20 22 21 24
 37 40 38 36 33 34 35 39 46 45 48 44 41 47 42 43 49 53 54 55 56 51 52 50 61 60 62 59 57 58 64 63 72 65 69 71 67 66 70 68  5  4  7  6  8  1  2  3 10 11 12 14  9 15 16 13 21 19 23 24 20 18 22 17 27 26 28 32 29 31 30 25
 13 16 14 12  9 10 11 15 22 21 24 20 17 23 18 19 25 29 30 31 32 27 28 26 37 36 38 35 33 34 40 39 48 41 45 47 43 42 46 44 53 52 55 54 56 49 50 51 58 59 60 62 57 63 64 61 69 67 71 72 68 66 70 65  3  2  4  8  5  7  6  1
  5  8  6  4  1  2  3  7 14 13 16 12  9 15 10 11 17 21 22 23 24 19 20 18 29 28 30 27 25 26 32 31 40 33 37 39 35 34 38 36 45 44 47 46 48 41 42 43 50 51 52 54 49 55 56 53 61 59 63 64 60 58 62 57 67 66 68 72 69 71 70 65
 53 56 54 52 49 50 51 55 62 61 64 60 57 63 58 59 65 69 70 71 72 67 68 66  5  4  6  3  1  2  8  7 16  9 13 15 11 10 14 12 21 20 23 22 24 17 18 19 26 27 28 30 25 31 32 29 37 35 39 40 36 34 38 33 43 42 44 48 45 47 46 41
 69 72 70 68 65 66 67 71  6  5  8  4  1  7  2  3  9 13 14 15 16 11 12 10 21 20 22 19 17 18 24 23 32 25 29 31 27 26 30 28 37 36 39 38 40 33 34 35 42 43 44 46 41 47 48 45 53 51 55 56 52 50 54 49 59 58 60 64 61 63 62 57
 45 48 46 44 41 42 43 47 54 53 56 52 49 55 50 51 57 61 62 63 64 59 60 58 69 68 70 67 65 66 72 71  8  1  5  7  3  2  6  4 13 12 15 14 16  9 10 11 18 19 20 22 17 23 24 21 29 27 31 32 28 26 30 25 35 34 36 40 37 39 38 33
 61 64 62 60 57 58 59 63 70 69 72 68 65 71 66 67  1  5  6  7  8  3  4  2 13 12 14 11  9 10 16 15 24 17 21 23 19 18 22 20 29 28 31 30 32 25 26 27 34 35 36 38 33 39 40 37 45 43 47 48 44 42 46 41 51 50 52 56 53 55 54 49
 29 32 30 28 25 26 27 31 38 37 40 36 33 39 34 35 41 45 46 47 48 43 44 42 53 52 54 51 49 50 56 55 64 57 61 63 59 58 62 60 69 68 71 70 72 65 66 67  2  3  4  6  1  7  8  5 13 11 15 16 12 10 14  9 19 18 20 24 21 23 22 17
 21 24 22 20 17 18 19 23 30 29 32 28 25 31 26 27 33 37 38 39 40 35 36 34 45 44 46 43 41 42 48 47 56 49 53 55 51 50 54 52 61 60 63 62 64 57 58 59 66 67 68 70 65 71 72 69  5  3  7  8  4  2  6  1 11 10 12 16 13 15 14  9
 62 57 63 61 58 59 60 64 71 70 65 69 66 72 67 68  2  6  7  8  1  4  5  3 14 13 15 12 10 11  9 16 17 18 22 24 20 19 23 21 30 29 32 31 25 26 27 28 35 36 37 39 34 40 33 38 46 44 48 41 45 43 47 42 52 51 53 49 54 56 55 50
 46 41 47 45 42 43 44 48 55 54 49 53 50 56 51 52 58 62 63 64 57 60 61 59 70 69 71 68 66 67 65 72  1  2  6  8  4  3  7  5 14 13 16 15  9 10 11 12 19 20 21 23 18 24 17 22 30 28 32 25 29 27 31 26 36 35 37 33 38 40 39 34
 54 49 55 53 50 51 52 56 63 62 57 61 58 64 59 60 66 70 71 72 65 68 69 67  6  5  7  4  2  3  1  8  9 10 14 16 12 11 15 13 22 21 24 23 17 18 19 20 27 28 29 31 26 32 25 30 38 36 40 33 37 35 39 34 44 43 45 41 46 48 47 42
 30 25 31 29 26 27 28 32 39 38 33 37 34 40 35 36 42 46 47 48 41 44 45 43 54 53 55 52 50 51 49 56 57 58 62 64 60 59 63 61 70 69 72 71 65 66 67 68  3  4  5  7  2  8  1  6 14 12 16  9 13 11 15 10 20 19 21 17 22 24 23 18
 70 65 71 69 66 67 68 72  7  6  1  5  2  8  3  4 10 14 15 16  9 12 13 11 22 21 23 20 18 19 17 24 25 26 30 32 28 27 31 29 38 37 40 39 33 34 35 36 43 44 45 47 42 48 41 46 54 52 56 49 53 51 55 50 60 59 61 57 62 64 63 58
 22 17 23 21 18 19 20 24 31 30 25 29 26 32 27 28 34 38 39 40 33 36 37 35 46 45 47 44 42 43 41 48 49 50 54 56 52 51 55 53 62 61 64 63 57 58 59 60 67 68 69 71 66 72 65 70  6  4  8  1  5  3  7  2 12 11 13  9 14 16 15 10
  6  1  7  5  2  3  4  8 15 14  9 13 10 16 11 12 18 22 23 24 17 20 21 19 30 29 31 28 26 27 25 32 33 34 38 40 36 35 39 37 46 45 48 47 41 42 43 44 51 52 53 55 50 56 49 54 62 60 64 57 61 59 63 58 68 67 69 65 70 72 71 66
 14  9 15 13 10 11 12 16 23 22 17 21 18 24 19 20 26 30 31 32 25 28 29 27 38 37 39 36 34 35 33 40 41 42 46 48 44 43 47 45 54 53 56 55 49 50 51 52 59 60 61 63 58 64 57 62 70 68 72 65 69 67 71 66  4  3  5  1  6  8  7  2
 38 33 39 37 34 35 36 40 47 46 41 45 42 48 43 44 50 54 55 56 49 52 53 51 62 61 63 60 58 59 57 64 65 66 70 72 68 67 71 69  6  5  8  7  1  2  3  4 11 12 13 15 10 16  9 14 22 20 24 17 21 19 23 18 28 27 29 25 30 32 31 26
 15 10 16 14 11 12 13  9 24 23 18 22 19 17 20 21 27 31 32 25 26 29 30 28 39 38 40 37 35 36 34 33 42 43 47 41 45 44 48 46 55 54 49 56 50 51 52 53 60 61 62 64 59 57 58 63 71 69 65 66 70 68 72 67  5  4  6  2  7  1  8  3
 47 42 48 46 43 44 45 41 56 55 50 54 51 49 52 53 59 63 64 57 58 61 62 60 71 70 72 69 67 68 66 65  2  3  7  1  5  4  8  6 15 14  9 16 10 11 12 13 20 21 22 24 19 17 18 23 31 29 25 26 30 28 32 27 37 36 38 34 39 33 40 35
 63 58 64 62 59 60 61 57 72 71 66 70 67 65 68 69  3  7  8  1  2  5  6  4 15 14 16 13 11 12 10  9 18 19 23 17 21 20 24 22 31 30 25 32 26 27 28 29 36 37 38 40 35 33 34 39 47 45 41 42 46 44 48 43 53 52 54 50 55 49 56 51
 71 66 72 70 67 68 69 65  8  7  2  6  3  1  4  5 11 15 16  9 10 13 14 12 23 22 24 21 19 20 18 17 26 27 31 25 29 28 32 30 39 38 33 40 34 35 36 37 44 45 46 48 43 41 42 47 55 53 49 50 54 52 56 51 61 60 62 58 63 57 64 59
 23 18 24 22 19 20 21 17 32 31 26 30 27 25 28 29 35 39 40 33 34 37 38 36 47 46 48 45 43 44 42 41 50 51 55 49 53 52 56 54 63 62 57 64 58 59 60 61 68 69 70 72 67 65 66 71  7  5  1  2  6  4  8  3 13 12 14 10 15  9 16 11
 31 26 32 30 27 28 29 25 40 39 34 38 35 33 36 37 43 47 48 41 42 45 46 44 55 54 56 53 51 52 50 49 58 59 63 57 61 60 64 62 71 70 65 72 66 67 68 69  4  5  6  8  3  1  2  7 15 13  9 10 14 12 16 11 21 20 22 18 23 17 24 19
  7  2  8  6  3  4  5  1 16 15 10 14 11  9 12 13 19 23 24 17 18 21 22 20 31 30 32 29 27 28 26 25 34 35 39 33 37 36 40 38 47 46 41 48 42 43 44 45 52 53 54 56 51 49 50 55 63 61 57 58 62 60 64 59 69 68 70 66 71 65 72 67
 39 34 40 38 35 36 37 33 48 47 42 46 43 41 44 45 51 55 56 49 50 53 54 52 63 62 64 61 59 60 58 57 66 67 71 65 69 68 72 70  7  6  1  8  2  3  4  5 12 13 14 16 11  9 10 15 23 21 17 18 22 20 24 19 29 28 30 26 31 25 32 27
 55 50 56 54 51 52 53 49 64 63 58 62 59 57 60 61 67 71 72 65 66 69 70 68  7  6  8  5  3  4  2  1 10 11 15  9 13 12 16 14 23 22 17 24 18 19 20 21 28 29 30 32 27 25 26 31 39 37 33 34 38 36 40 35 45 44 46 42 47 41 48 43
  8  3  1  7  4  5  6  2  9 16 11 15 12 10 13 14 20 24 17 18 19 22 23 21 32 31 25 30 28 29 27 26 35 36 40 34 38 37 33 39 48 47 42 41 43 44 45 46 53 54 55 49 52 50 51 56 64 62 58 59 63 61 57 60 70 69 71 67 72 66 65 68
 48 43 41 47 44 45 46 42 49 56 51 55 52 50 53 54 60 64 57 58 59 62 63 61 72 71 65 70 68 69 67 66  3  4  8  2  6  5  1  7 16 15 10  9 11 12 13 14 21 22 23 17 20 18 19 24 32 30 26 27 31 29 25 28 38 37 39 35 40 34 33 36
 32 27 25 31 28 29 30 26 33 40 35 39 36 34 37 38 44 48 41 42 43 46 47 45 56 55 49 54 52 53 51 50 59 60 64 58 62 61 57 63 72 71 66 65 67 68 69 70  5  6  7  1  4  2  3  8 16 14 10 11 15 13  9 12 22 21 23 19 24 18 17 20
 72 67 65 71 68 69 70 66  1  8  3  7  4  2  5  6 12 16  9 10 11 14 15 13 24 23 17 22 20 21 19 18 27 28 32 26 30 29 25 31 40 39 34 33 35 36 37 38 45 46 47 41 44 42 43 48 56 54 50 51 55 53 49 52 62 61 63 59 64 58 57 60
 64 59 57 63 60 61 62 58 65 72 67 71 68 66 69 70  4  8  1  2  3  6  7  5 16 15  9 14 12 13 11 10 19 20 24 18 22 21 17 23 32 31 26 25 27 28 29 30 37 38 39 33 36 34 35 40 48 46 42 43 47 45 41 44 54 53 55 51 56 50 49 52
 16 11  9 15 12 13 14 10 17 24 19 23 20 18 21 22 28 32 25 26 27 30 31 29 40 39 33 38 36 37 35 34 43 44 48 42 46 45 41 47 56 55 50 49 51 52 53 54 61 62 63 57 60 58 59 64 72 70 66 67 71 69 65 68  6  5  7  3  8  2  1  4
 40 35 33 39 36 37 38 34 41 48 43 47 44 42 45 46 52 56 49 50 51 54 55 53 64 63 57 62 60 61 59 58 67 68 72 66 70 69 65 71  8  7  2  1  3  4  5  6 13 14 15  9 12 10 11 16 24 22 18 19 23 21 17 20 30 29 31 27 32 26 25 28
 56 51 49 55 52 53 54 50 57 64 59 63 60 58 61 62 68 72 65 66 67 70 71 69  8  7  1  6  4  5  3  2 11 12 16 10 14 13  9 15 24 23 18 17 19 20 21 22 29 30 31 25 28 26 27 32 40 38 34 35 39 37 33 36 46 45 47 43 48 42 41 44
 24 19 17 23 20 21 22 18 25 32 27 31 28 26 29 30 36 40 33 34 35 38 39 37 48 47 41 46 44 45 43 42 51 52 56 50 54 53 49 55 64 63 58 57 59 60 61 62 69 70 71 65 68 66 67 72  8  6  2  3  7  5  1  4 14 13 15 11 16 10  9 12
 33 36 34 40 37 38 39 35 42 41 44 48 45 43 46 47 53 49 50 51 52 55 56 54 57 64 58 63 61 62 60 59 68 69 65 67 71 70 66 72  1  8  3  2  4  5  6  7 14 15 16 10 13 11 12  9 17 23 19 20 24 22 18 21 31 30 32 28 25 27 26 29
 65 68 66 72 69 70 71 67  2  1  4  8  5  3  6  7 13  9 10 11 12 15 16 14 17 24 18 23 21 22 20 19 28 29 25 27 31 30 26 32 33 40 35 34 36 37 38 39 46 47 48 42 45 43 44 41 49 55 51 52 56 54 50 53 63 62 64 60 57 59 58 61
 57 60 58 64 61 62 63 59 66 65 68 72 69 67 70 71  5  1  2  3  4  7  8  6  9 16 10 15 13 14 12 11 20 21 17 19 23 22 18 24 25 32 27 26 28 29 30 31 38 39 40 34 37 35 36 33 41 47 43 44 48 46 42 45 55 54 56 52 49 51 50 53
  9 12 10 16 13 14 15 11 18 17 20 24 21 19 22 23 29 25 26 27 28 31 32 30 33 40 34 39 37 38 36 35 44 45 41 43 47 46 42 48 49 56 51 50 52 53 54 55 62 63 64 58 61 59 60 57 65 71 67 68 72 70 66 69  7  6  8  4  1  3  2  5
  1  4  2  8  5  6  7  3 10  9 12 16 13 11 14 15 21 17 18 19 20 23 24 22 25 32 26 31 29 30 28 27 36 37 33 35 39 38 34 40 41 48 43 42 44 45 46 47 54 55 56 50 53 51 52 49 57 63 59 60 64 62 58 61 71 70 72 68 65 67 66 69
 25 28 26 32 29 30 31 27 34 33 36 40 37 35 38 39 45 41 42 43 44 47 48 46 49 56 50 55 53 54 52 51 60 61 57 59 63 62 58 64 65 72 67 66 68 69 70 71  6  7  8  2  5  3  4  1  9 15 11 12 16 14 10 13 23 22 24 20 17 19 18 21
 17 20 18 24 21 22 23 19 26 25 28 32 29 27 30 31 37 33 34 35 36 39 40 38 41 48 42 47 45 46 44 43 52 53 49 51 55 54 50 56 57 64 59 58 60 61 62 63 70 71 72 66 69 67 68 65  1  7  3  4  8  6  2  5 15 14 16 12  9 11 10 13
 49 52 50 56 53 54 55 51 58 57 60 64 61 59 62 63 69 65 66 67 68 71 72 70  1  8  2  7  5  6  4  3 12 13  9 11 15 14 10 16 17 24 19 18 20 21 22 23 30 31 32 26 29 27 28 25 33 39 35 36 40 38 34 37 47 46 48 44 41 43 42 45
 41 44 42 48 45 46 47 43 50 49 52 56 53 51 54 55 61 57 58 59 60 63 64 62 65 72 66 71 69 70 68 67  4  5  1  3  7  6  2  8  9 16 11 10 12 13 14 15 22 23 24 18 21 19 20 17 25 31 27 28 32 30 26 29 39 38 40 36 33 35 34 37
 66 69 67 65 70 71 72 68  3  2  5  1  6  4  7  8 14 10 11 12 13 16  9 15 18 17 19 24 22 23 21 20 29 30 26 28 32 31 27 25 34 33 36 35 37 38 39 40 47 48 41 43 46 44 45 42 50 56 52 53 49 55 51 54 64 63 57 61 58 60 59 62
 18 21 19 17 22 23 24 20 27 26 29 25 30 28 31 32 38 34 35 36 37 40 33 39 42 41 43 48 46 47 45 44 53 54 50 52 56 55 51 49 58 57 60 59 61 62 63 64 71 72 65 67 70 68 69 66  2  8  4  5  1  7  3  6 16 15  9 13 10 12 11 14
 58 61 59 57 62 63 64 60 67 66 69 65 70 68 71 72  6  2  3  4  5  8  1  7 10  9 11 16 14 15 13 12 21 22 18 20 24 23 19 17 26 25 28 27 29 30 31 32 39 40 33 35 38 36 37 34 42 48 44 45 41 47 43 46 56 55 49 53 50 52 51 54
 10 13 11  9 14 15 16 12 19 18 21 17 22 20 23 24 30 26 27 28 29 32 25 31 34 33 35 40 38 39 37 36 45 46 42 44 48 47 43 41 50 49 52 51 53 54 55 56 63 64 57 59 62 60 61 58 66 72 68 69 65 71 67 70  8  7  1  5  2  4  3  6
 42 45 43 41 46 47 48 44 51 50 53 49 54 52 55 56 62 58 59 60 61 64 57 63 66 65 67 72 70 71 69 68  5  6  2  4  8  7  3  1 10  9 12 11 13 14 15 16 23 24 17 19 22 20 21 18 26 32 28 29 25 31 27 30 40 39 33 37 34 36 35 38
 26 29 27 25 30 31 32 28 35 34 37 33 38 36 39 40 46 42 43 44 45 48 41 47 50 49 51 56 54 55 53 52 61 62 58 60 64 63 59 57 66 65 68 67 69 70 71 72  7  8  1  3  6  4  5  2 10 16 12 13  9 15 11 14 24 23 17 21 18 20 19 22
 50 53 51 49 54 55 56 52 59 58 61 57 62 60 63 64 70 66 67 68 69 72 65 71  2  1  3  8  6  7  5  4 13 14 10 12 16 15 11  9 18 17 20 19 21 22 23 24 31 32 25 27 30 28 29 26 34 40 36 37 33 39 35 38 48 47 41 45 42 44 43 46
 34 37 35 33 38 39 40 36 43 42 45 41 46 44 47 48 54 50 51 52 53 56 49 55 58 57 59 64 62 63 61 60 69 70 66 68 72 71 67 65  2  1  4  3  5  6  7  8 15 16  9 11 14 12 13 10 18 24 20 21 17 23 19 22 32 31 25 29 26 28 27 30
  2  5  3  1  6  7  8  4 11 10 13  9 14 12 15 16 22 18 19 20 21 24 17 23 26 25 27 32 30 31 29 28 37 38 34 36 40 39 35 33 42 41 44 43 45 46 47 48 55 56 49 51 54 52 53 50 58 64 60 61 57 63 59 62 72 71 65 69 66 68 67 70
 59 62 60 58 63 64 57 61 68 67 70 66 71 69 72 65  7  3  4  5  6  1  2  8 11 10 12  9 15 16 14 13 22 23 19 21 17 24 20 18 27 26 29 28 30 31 32 25 40 33 34 36 39 37 38 35 43 41 45 46 42 48 44 47 49 56 50 54 51 53 52 55
 11 14 12 10 15 16  9 13 20 19 22 18 23 21 24 17 31 27 28 29 30 25 26 32 35 34 36 33 39 40 38 37 46 47 43 45 41 48 44 42 51 50 53 52 54 55 56 49 64 57 58 60 63 61 62 59 67 65 69 70 66 72 68 71  1  8  2  6  3  5  4  7
 67 70 68 66 71 72 65 69  4  3  6  2  7  5  8  1 15 11 12 13 14  9 10 16 19 18 20 17 23 24 22 21 30 31 27 29 25 32 28 26 35 34 37 36 38 39 40 33 48 41 42 44 47 45 46 43 51 49 53 54 50 56 52 55 57 64 58 62 59 61 60 63
 27 30 28 26 31 32 25 29 36 35 38 34 39 37 40 33 47 43 44 45 46 41 42 48 51 50 52 49 55 56 54 53 62 63 59 61 57 64 60 58 67 66 69 68 70 71 72 65  8  1  2  4  7  5  6  3 11  9 13 14 10 16 12 15 17 24 18 22 19 21 20 23
  3  6  4  2  7  8  1  5 12 11 14 10 15 13 16  9 23 19 20 21 22 17 18 24 27 26 28 25 31 32 30 29 38 39 35 37 33 40 36 34 43 42 45 44 46 47 48 41 56 49 50 52 55 53 54 51 59 57 61 62 58 64 60 63 65 72 66 70 67 69 68 71
 35 38 36 34 39 40 33 37 44 43 46 42 47 45 48 41 55 51 52 53 54 49 50 56 59 58 60 57 63 64 62 61 70 71 67 69 65 72 68 66  3  2  5  4  6  7  8  1 16  9 10 12 15 13 14 11 19 17 21 22 18 24 20 23 25 32 26 30 27 29 28 31
 43 46 44 42 47 48 41 45 52 51 54 50 55 53 56 49 63 59 60 61 62 57 58 64 67 66 68 65 71 72 70 69  6  7  3  5  1  8  4  2 11 10 13 12 14 15 16  9 24 17 18 20 23 21 22 19 27 25 29 30 26 32 28 31 33 40 34 38 35 37 36 39
 19 22 20 18 23 24 17 21 28 27 30 26 31 29 32 25 39 35 36 37 38 33 34 40 43 42 44 41 47 48 46 45 54 55 51 53 49 56 52 50 59 58 61 60 62 63 64 57 72 65 66 68 71 69 70 67  3  1  5  6  2  8  4  7  9 16 10 14 11 13 12 15
 51 54 52 50 55 56 49 53 60 59 62 58 63 61 64 57 71 67 68 69 70 65 66 72  3  2  4  1  7  8  6  5 14 15 11 13  9 16 12 10 19 18 21 20 22 23 24 17 32 25 26 28 31 29 30 27 35 33 37 38 34 40 36 39 41 48 42 46 43 45 44 47
