 54 51 49 53 50 56 52 55 59 64 62 57 58 61 60 63 65 67 72 68 66 69 71 70  3  7  4  1  6  5  2  8 13 11 12 14 10  9 15 16 24 18 22 20 19 17 21 23 26 27 25 32 31 28 30 29 39 36 33 40 37 34 35 38 44 45 46 47 43 42 48 41
 70 67 65 69 66 72 68 71  3  8  6  1  2  5  4  7  9 11 16 12 10 13 15 14 19 23 20 17 22 21 18 24 29 27 28 30 26 25 31 32 40 34 38 36 35 33 37 39 42 43 41 48 47 44 46 45 55 52 49 56 53 50 51 54 60 61 62 63 59 58 64 57
 38 35 33 37 34 40 36 39 43 48 46 41 42 45 44 47 49 51 56 52 50 53 55 54 59 63 60 57 62 61 58 64 69 67 68 70 66 65 71 72  8  2  6  4  3  1  5  7 10 11  9 16 15 12 14 13 23 20 17 24 21 18 19 22 28 29 30 31 27 26 32 25
  6  3  1  5  2  8  4  7 11 16 14  9 10 13 12 15 17 19 24 20 18 21 23 22 27 31 28 25 30 29 26 32 37 35 36 38 34 33 39 40 48 42 46 44 43 41 45 47 50 51 49 56 55 52 54 53 63 60 57 64 61 58 59 62 68 69 70 71 67 66 72 65
 62 59 57 61 58 64 60 63 67 72 70 65 66 69 68 71  1  3  8  4  2  5  7  6 11 15 12  9 14 13 10 16 21 19 20 22 18 17 23 24 32 26 30 28 27 25 29 31 34 35 33 40 39 36 38 37 47 44 41 48 45 42 43 46 52 53 54 55 51 50 56 49
 22 19 17 21 18 24 20 23 27 32 30 25 26 29 28 31 33 35 40 36 34 37 39 38 43 47 44 41 46 45 42 48 53 51 52 54 50 49 55 56 64 58 62 60 59 57 61 63 66 67 65 72 71 68 70 69  7  4  1  8  5  2  3  6 12 13 14 15 11 10 16  9
 46 43 41 45 42 48 44 47 51 56 54 49 50 53 52 55 57 59 64 60 58 61 63 62 67 71 68 65 70 69 66 72  5  3  4  6  2  1  7  8 16 10 14 12 11  9 13 15 18 19 17 24 23 20 22 21 31 28 25 32 29 26 27 30 36 37 38 39 35 34 40 33
 14 11  9 13 10 16 12 15 19 24 22 17 18 21 20 23 25 27 32 28 26 29 31 30 35 39 36 33 38 37 34 40 45 43 44 46 42 41 47 48 56 50 54 52 51 49 53 55 58 59 57 64 63 60 62 61 71 68 65 72 69 66 67 70  4  5  6  7  3  2  8  1
 30 27 25 29 26 32 28 31 35 40 38 33 34 37 36 39 41 43 48 44 42 45 47 46 51 55 52 49 54 53 50 56 61 59 60 62 58 57 63 64 72 66 70 68 67 65 69 71  2  3  1  8  7  4  6  5 15 12  9 16 13 10 11 14 20 21 22 23 19 18 24 17
 71 68 66 70 67 65 69 72  4  1  7  2  3  6  5  8 10 12  9 13 11 14 16 15 20 24 21 18 23 22 19 17 30 28 29 31 27 26 32 25 33 35 39 37 36 34 38 40 43 44 42 41 48 45 47 46 56 53 50 49 54 51 52 55 61 62 63 64 60 59 57 58
 55 52 50 54 51 49 53 56 60 57 63 58 59 62 61 64 66 68 65 69 67 70 72 71  4  8  5  2  7  6  3  1 14 12 13 15 11 10 16  9 17 19 23 21 20 18 22 24 27 28 26 25 32 29 31 30 40 37 34 33 38 35 36 39 45 46 47 48 44 43 41 42
  7  4  2  6  3  1  5  8 12  9 15 10 11 14 13 16 18 20 17 21 19 22 24 23 28 32 29 26 31 30 27 25 38 36 37 39 35 34 40 33 41 43 47 45 44 42 46 48 51 52 50 49 56 53 55 54 64 61 58 57 62 59 60 63 69 70 71 72 68 67 65 66
 23 20 18 22 19 17 21 24 28 25 31 26 27 30 29 32 34 36 33 37 35 38 40 39 44 48 45 42 47 46 43 41 54 52 53 55 51 50 56 49 57 59 63 61 60 58 62 64 67 68 66 65 72 69 71 70  8  5  2  1  6  3  4  7 13 14 15 16 12 11  9 10
 31 28 26 30 27 25 29 32 36 33 39 34 35 38 37 40 42 44 41 45 43 46 48 47 52 56 53 50 55 54 51 49 62 60 61 63 59 58 64 57 65 67 71 69 68 66 70 72  3  4  2  1  8  5  7  6 16 13 10  9 14 11 12 15 21 22 23 24 20 19 17 18
 63 60 58 62 59 57 61 64 68 65 71 66 67 70 69 72  2  4  1  5  3  6  8  7 12 16 13 10 15 14 11  9 22 20 21 23 19 18 24 17 25 27 31 29 28 26 30 32 35 36 34 33 40 37 39 38 48 45 42 41 46 43 44 47 53 54 55 56 52 51 49 50
 39 36 34 38 35 33 37 40 44 41 47 42 43 46 45 48 50 52 49 53 51 54 56 55 60 64 61 58 63 62 59 57 70 68 69 71 67 66 72 65  1  3  7  5  4  2  6  8 11 12 10  9 16 13 15 14 24 21 18 17 22 19 20 23 29 30 31 32 28 27 25 26
 15 12 10 14 11  9 13 16 20 17 23 18 19 22 21 24 26 28 25 29 27 30 32 31 36 40 37 34 39 38 35 33 46 44 45 47 43 42 48 41 49 51 55 53 52 50 54 56 59 60 58 57 64 61 63 62 72 69 66 65 70 67 68 71  5  6  7  8  4  3  1  2
 47 44 42 46 43 41 45 48 52 49 55 50 51 54 53 56 58 60 57 61 59 62 64 63 68 72 69 66 71 70 67 65  6  4  5  7  3  2  8  1  9 11 15 13 12 10 14 16 19 20 18 17 24 21 23 22 32 29 26 25 30 27 28 31 37 38 39 40 36 35 33 34
 32 29 27 31 28 26 30 25 37 34 40 35 36 39 38 33 43 45 42 46 44 47 41 48 53 49 54 51 56 55 52 50 63 61 62 64 60 59 57 58 66 68 72 70 69 67 71 65  4  5  3  2  1  6  8  7  9 14 11 10 15 12 13 16 22 23 24 17 21 20 18 19
 24 21 19 23 20 18 22 17 29 26 32 27 28 31 30 25 35 37 34 38 36 39 33 40 45 41 46 43 48 47 44 42 55 53 54 56 52 51 49 50 58 60 64 62 61 59 63 57 68 69 67 66 65 70 72 71  1  6  3  2  7  4  5  8 14 15 16  9 13 12 10 11
 56 53 51 55 52 50 54 49 61 58 64 59 60 63 62 57 67 69 66 70 68 71 65 72  5  1  6  3  8  7  4  2 15 13 14 16 12 11  9 10 18 20 24 22 21 19 23 17 28 29 27 26 25 30 32 31 33 38 35 34 39 36 37 40 46 47 48 41 45 44 42 43
 48 45 43 47 44 42 46 41 53 50 56 51 52 55 54 49 59 61 58 62 60 63 57 64 69 65 70 67 72 71 68 66  7  5  6  8  4  3  1  2 10 12 16 14 13 11 15  9 20 21 19 18 17 22 24 23 25 30 27 26 31 28 29 32 38 39 40 33 37 36 34 35
 64 61 59 63 60 58 62 57 69 66 72 67 68 71 70 65  3  5  2  6  4  7  1  8 13  9 14 11 16 15 12 10 23 21 22 24 20 19 17 18 26 28 32 30 29 27 31 25 36 37 35 34 33 38 40 39 41 46 43 42 47 44 45 48 54 55 56 49 53 52 50 51
  8  5  3  7  4  2  6  1 13 10 16 11 12 15 14  9 19 21 18 22 20 23 17 24 29 25 30 27 32 31 28 26 39 37 38 40 36 35 33 34 42 44 48 46 45 43 47 41 52 53 51 50 49 54 56 55 57 62 59 58 63 60 61 64 70 71 72 65 69 68 66 67
 16 13 11 15 12 10 14  9 21 18 24 19 20 23 22 17 27 29 26 30 28 31 25 32 37 33 38 35 40 39 36 34 47 45 46 48 44 43 41 42 50 52 56 54 53 51 55 49 60 61 59 58 57 62 64 63 65 70 67 66 71 68 69 72  6  7  8  1  5  4  2  3
 72 69 67 71 68 66 70 65  5  2  8  3  4  7  6  1 11 13 10 14 12 15  9 16 21 17 22 19 24 23 20 18 31 29 30 32 28 27 25 26 34 36 40 38 37 35 39 33 44 45 43 42 41 46 48 47 49 54 51 50 55 52 53 56 62 63 64 57 61 60 58 59
 40 37 35 39 36 34 38 33 45 42 48 43 44 47 46 41 51 53 50 54 52 55 49 56 61 57 62 59 64 63 60 58 71 69 70 72 68 67 65 66  2  4  8  6  5  3  7  1 12 13 11 10  9 14 16 15 17 22 19 18 23 20 21 24 30 31 32 25 29 28 26 27
 57 62 60 64 61 59 63 58 70 67 65 68 69 72 71 66  4  6  3  7  5  8  2  1 14 10 15 12  9 16 13 11 24 22 23 17 21 20 18 19 27 29 25 31 30 28 32 26 37 38 36 35 34 39 33 40 42 47 44 43 48 45 46 41 55 56 49 50 54 53 51 52
 33 38 36 40 37 35 39 34 46 43 41 44 45 48 47 42 52 54 51 55 53 56 50 49 62 58 63 60 57 64 61 59 72 70 71 65 69 68 66 67  3  5  1  7  6  4  8  2 13 14 12 11 10 15  9 16 18 23 20 19 24 21 22 17 31 32 25 26 30 29 27 28
 17 22 20 24 21 19 23 18 30 27 25 28 29 32 31 26 36 38 35 39 37 40 34 33 46 42 47 44 41 48 45 43 56 54 55 49 53 52 50 51 59 61 57 63 62 60 64 58 69 70 68 67 66 71 65 72  2  7  4  3  8  5  6  1 15 16  9 10 14 13 11 12
  1  6  4  8  5  3  7  2 14 11  9 12 13 16 15 10 20 22 19 23 21 24 18 17 30 26 31 28 25 32 29 27 40 38 39 33 37 36 34 35 43 45 41 47 46 44 48 42 53 54 52 51 50 55 49 56 58 63 60 59 64 61 62 57 71 72 65 66 70 69 67 68
 25 30 28 32 29 27 31 26 38 35 33 36 37 40 39 34 44 46 43 47 45 48 42 41 54 50 55 52 49 56 53 51 64 62 63 57 61 60 58 59 67 69 65 71 70 68 72 66  5  6  4  3  2  7  1  8 10 15 12 11 16 13 14  9 23 24 17 18 22 21 19 20
 41 46 44 48 45 43 47 42 54 51 49 52 53 56 55 50 60 62 59 63 61 64 58 57 70 66 71 68 65 72 69 67  8  6  7  1  5  4  2  3 11 13  9 15 14 12 16 10 21 22 20 19 18 23 17 24 26 31 28 27 32 29 30 25 39 40 33 34 38 37 35 36
 49 54 52 56 53 51 55 50 62 59 57 60 61 64 63 58 68 70 67 71 69 72 66 65  6  2  7  4  1  8  5  3 16 14 15  9 13 12 10 11 19 21 17 23 22 20 24 18 29 30 28 27 26 31 25 32 34 39 36 35 40 37 38 33 47 48 41 42 46 45 43 44
  9 14 12 16 13 11 15 10 22 19 17 20 21 24 23 18 28 30 27 31 29 32 26 25 38 34 39 36 33 40 37 35 48 46 47 41 45 44 42 43 51 53 49 55 54 52 56 50 61 62 60 59 58 63 57 64 66 71 68 67 72 69 70 65  7  8  1  2  6  5  3  4
 65 70 68 72 69 67 71 66  6  3  1  4  5  8  7  2 12 14 11 15 13 16 10  9 22 18 23 20 17 24 21 19 32 30 31 25 29 28 26 27 35 37 33 39 38 36 40 34 45 46 44 43 42 47 41 48 50 55 52 51 56 53 54 49 63 64 57 58 62 61 59 60
 66 71 69 65 70 68 72 67  7  4  2  5  6  1  8  3 13 15 12 16 14  9 11 10 23 19 24 21 18 17 22 20 25 31 32 26 30 29 27 28 36 38 34 40 39 37 33 35 46 47 45 44 43 48 42 41 51 56 53 52 49 54 55 50 64 57 58 59 63 62 60 61
 26 31 29 25 30 28 32 27 39 36 34 37 38 33 40 35 45 47 44 48 46 41 43 42 55 51 56 53 50 49 54 52 57 63 64 58 62 61 59 60 68 70 66 72 71 69 65 67  6  7  5  4  3  8  2  1 11 16 13 12  9 14 15 10 24 17 18 19 23 22 20 21
 34 39 37 33 38 36 40 35 47 44 42 45 46 41 48 43 53 55 52 56 54 49 51 50 63 59 64 61 58 57 62 60 65 71 72 66 70 69 67 68  4  6  2  8  7  5  1  3 14 15 13 12 11 16 10  9 19 24 21 20 17 22 23 18 32 25 26 27 31 30 28 29
 42 47 45 41 46 44 48 43 55 52 50 53 54 49 56 51 61 63 60 64 62 57 59 58 71 67 72 69 66 65 70 68  1  7  8  2  6  5  3  4 12 14 10 16 15 13  9 11 22 23 21 20 19 24 18 17 27 32 29 28 25 30 31 26 40 33 34 35 39 38 36 37
 58 63 61 57 62 60 64 59 71 68 66 69 70 65 72 67  5  7  4  8  6  1  3  2 15 11 16 13 10  9 14 12 17 23 24 18 22 21 19 20 28 30 26 32 31 29 25 27 38 39 37 36 35 40 34 33 43 48 45 44 41 46 47 42 56 49 50 51 55 54 52 53
 50 55 53 49 54 52 56 51 63 60 58 61 62 57 64 59 69 71 68 72 70 65 67 66  7  3  8  5  2  1  6  4  9 15 16 10 14 13 11 12 20 22 18 24 23 21 17 19 30 31 29 28 27 32 26 25 35 40 37 36 33 38 39 34 48 41 42 43 47 46 44 45
 18 23 21 17 22 20 24 19 31 28 26 29 30 25 32 27 37 39 36 40 38 33 35 34 47 43 48 45 42 41 46 44 49 55 56 50 54 53 51 52 60 62 58 64 63 61 57 59 70 71 69 68 67 72 66 65  3  8  5  4  1  6  7  2 16  9 10 11 15 14 12 13
 10 15 13  9 14 12 16 11 23 20 18 21 22 17 24 19 29 31 28 32 30 25 27 26 39 35 40 37 34 33 38 36 41 47 48 42 46 45 43 44 52 54 50 56 55 53 49 51 62 63 61 60 59 64 58 57 67 72 69 68 65 70 71 66  8  1  2  3  7  6  4  5
  2  7  5  1  6  4  8  3 15 12 10 13 14  9 16 11 21 23 20 24 22 17 19 18 31 27 32 29 26 25 30 28 33 39 40 34 38 37 35 36 44 46 42 48 47 45 41 43 54 55 53 52 51 56 50 49 59 64 61 60 57 62 63 58 72 65 66 67 71 70 68 69
 59 64 62 58 63 61 57 60 72 69 67 70 71 66 65 68  6  8  5  1  7  2  4  3 16 12  9 14 11 10 15 13 18 24 17 19 23 22 20 21 29 31 27 25 32 30 26 28 39 40 38 37 36 33 35 34 44 41 46 45 42 47 48 43 49 50 51 52 56 55 53 54
  3  8  6  2  7  5  1  4 16 13 11 14 15 10  9 12 22 24 21 17 23 18 20 19 32 28 25 30 27 26 31 29 34 40 33 35 39 38 36 37 45 47 43 41 48 46 42 44 55 56 54 53 52 49 51 50 60 57 62 61 58 63 64 59 65 66 67 68 72 71 69 70
 43 48 46 42 47 45 41 44 56 53 51 54 55 50 49 52 62 64 61 57 63 58 60 59 72 68 65 70 67 66 71 69  2  8  1  3  7  6  4  5 13 15 11  9 16 14 10 12 23 24 22 21 20 17 19 18 28 25 30 29 26 31 32 27 33 34 35 36 40 39 37 38
 35 40 38 34 39 37 33 36 48 45 43 46 47 42 41 44 54 56 53 49 55 50 52 51 64 60 57 62 59 58 63 61 66 72 65 67 71 70 68 69  5  7  3  1  8  6  2  4 15 16 14 13 12  9 11 10 20 17 22 21 18 23 24 19 25 26 27 28 32 31 29 30
 27 32 30 26 31 29 25 28 40 37 35 38 39 34 33 36 46 48 45 41 47 42 44 43 56 52 49 54 51 50 55 53 58 64 57 59 63 62 60 61 69 71 67 65 72 70 66 68  7  8  6  5  4  1  3  2 12  9 14 13 10 15 16 11 17 18 19 20 24 23 21 22
 67 72 70 66 71 69 65 68  8  5  3  6  7  2  1  4 14 16 13  9 15 10 12 11 24 20 17 22 19 18 23 21 26 32 25 27 31 30 28 29 37 39 35 33 40 38 34 36 47 48 46 45 44 41 43 42 52 49 54 53 50 55 56 51 57 58 59 60 64 63 61 62
 19 24 22 18 23 21 17 20 32 29 27 30 31 26 25 28 38 40 37 33 39 34 36 35 48 44 41 46 43 42 47 45 50 56 49 51 55 54 52 53 61 63 59 57 64 62 58 60 71 72 70 69 68 65 67 66  4  1  6  5  2  7  8  3  9 10 11 12 16 15 13 14
 11 16 14 10 15 13  9 12 24 21 19 22 23 18 17 20 30 32 29 25 31 26 28 27 40 36 33 38 35 34 39 37 42 48 41 43 47 46 44 45 53 55 51 49 56 54 50 52 63 64 62 61 60 57 59 58 68 65 70 69 66 71 72 67  1  2  3  4  8  7  5  6
 51 56 54 50 55 53 49 52 64 61 59 62 63 58 57 60 70 72 69 65 71 66 68 67  8  4  1  6  3  2  7  5 10 16  9 11 15 14 12 13 21 23 19 17 24 22 18 20 31 32 30 29 28 25 27 26 36 33 38 37 34 39 40 35 41 42 43 44 48 47 45 46
 44 41 47 43 48 46 42 45 49 54 52 55 56 51 50 53 63 57 62 58 64 59 61 60 65 69 66 71 68 67 72 70  3  1  2  4  8  7  5  6 14 16 12 10  9 15 11 13 24 17 23 22 21 18 20 19 29 26 31 30 27 32 25 28 34 35 36 37 33 40 38 39
 52 49 55 51 56 54 50 53 57 62 60 63 64 59 58 61 71 65 70 66 72 67 69 68  1  5  2  7  4  3  8  6 11  9 10 12 16 15 13 14 22 24 20 18 17 23 19 21 32 25 31 30 29 26 28 27 37 34 39 38 35 40 33 36 42 43 44 45 41 48 46 47
  4  1  7  3  8  6  2  5  9 14 12 15 16 11 10 13 23 17 22 18 24 19 21 20 25 29 26 31 28 27 32 30 35 33 34 36 40 39 37 38 46 48 44 42 41 47 43 45 56 49 55 54 53 50 52 51 61 58 63 62 59 64 57 60 66 67 68 69 65 72 70 71
 36 33 39 35 40 38 34 37 41 46 44 47 48 43 42 45 55 49 54 50 56 51 53 52 57 61 58 63 60 59 64 62 67 65 66 68 72 71 69 70  6  8  4  2  1  7  3  5 16  9 15 14 13 10 12 11 21 18 23 22 19 24 17 20 26 27 28 29 25 32 30 31
 60 57 63 59 64 62 58 61 65 70 68 71 72 67 66 69  7  1  6  2  8  3  5  4  9 13 10 15 12 11 16 14 19 17 18 20 24 23 21 22 30 32 28 26 25 31 27 29 40 33 39 38 37 34 36 35 45 42 47 46 43 48 41 44 50 51 52 53 49 56 54 55
 68 65 71 67 72 70 66 69  1  6  4  7  8  3  2  5 15  9 14 10 16 11 13 12 17 21 18 23 20 19 24 22 27 25 26 28 32 31 29 30 38 40 36 34 33 39 35 37 48 41 47 46 45 42 44 43 53 50 55 54 51 56 49 52 58 59 60 61 57 64 62 63
 12  9 15 11 16 14 10 13 17 22 20 23 24 19 18 21 31 25 30 26 32 27 29 28 33 37 34 39 36 35 40 38 43 41 42 44 48 47 45 46 54 56 52 50 49 55 51 53 64 57 63 62 61 58 60 59 69 66 71 70 67 72 65 68  2  3  4  5  1  8  6  7
 20 17 23 19 24 22 18 21 25 30 28 31 32 27 26 29 39 33 38 34 40 35 37 36 41 45 42 47 44 43 48 46 51 49 50 52 56 55 53 54 62 64 60 58 57 63 59 61 72 65 71 70 69 66 68 67  5  2  7  6  3  8  1  4 10 11 12 13  9 16 14 15
 28 25 31 27 32 30 26 29 33 38 36 39 40 35 34 37 47 41 46 42 48 43 45 44 49 53 50 55 52 51 56 54 59 57 58 60 64 63 61 62 70 72 68 66 65 71 67 69  8  1  7  6  5  2  4  3 13 10 15 14 11 16  9 12 18 19 20 21 17 24 22 23
 53 50 56 52 49 55 51 54 58 63 61 64 57 60 59 62 72 66 71 67 65 68 70 69  2  6  3  8  5  4  1  7 12 10 11 13  9 16 14 15 23 17 21 19 18 24 20 22 25 26 32 31 30 27 29 28 38 35 40 39 36 33 34 37 43 44 45 46 42 41 47 48
 37 34 40 36 33 39 35 38 42 47 45 48 41 44 43 46 56 50 55 51 49 52 54 53 58 62 59 64 61 60 57 63 68 66 67 69 65 72 70 71  7  1  5  3  2  8  4  6  9 10 16 15 14 11 13 12 22 19 24 23 20 17 18 21 27 28 29 30 26 25 31 32
 21 18 24 20 17 23 19 22 26 31 29 32 25 28 27 30 40 34 39 35 33 36 38 37 42 46 43 48 45 44 41 47 52 50 51 53 49 56 54 55 63 57 61 59 58 64 60 62 65 66 72 71 70 67 69 68  6  3  8  7  4  1  2  5 11 12 13 14 10  9 15 16
 69 66 72 68 65 71 67 70  2  7  5  8  1  4  3  6 16 10 15 11  9 12 14 13 18 22 19 24 21 20 17 23 28 26 27 29 25 32 30 31 39 33 37 35 34 40 36 38 41 42 48 47 46 43 45 44 54 51 56 55 52 49 50 53 59 60 61 62 58 57 63 64
 13 10 16 12  9 15 11 14 18 23 21 24 17 20 19 22 32 26 31 27 25 28 30 29 34 38 35 40 37 36 33 39 44 42 43 45 41 48 46 47 55 49 53 51 50 56 52 54 57 58 64 63 62 59 61 60 70 67 72 71 68 65 66 69  3  4  5  6  2  1  7  8
 61 58 64 60 57 63 59 62 66 71 69 72 65 68 67 70  8  2  7  3  1  4  6  5 10 14 11 16 13 12  9 15 20 18 19 21 17 24 22 23 31 25 29 27 26 32 28 30 33 34 40 39 38 35 37 36 46 43 48 47 44 41 42 45 51 52 53 54 50 49 55 56
 29 26 32 28 25 31 27 30 34 39 37 40 33 36 35 38 48 42 47 43 41 44 46 45 50 54 51 56 53 52 49 55 60 58 59 61 57 64 62 63 71 65 69 67 66 72 68 70  1  2  8  7  6  3  5  4 14 11 16 15 12  9 10 13 19 20 21 22 18 17 23 24
  5  2  8  4  1  7  3  6 10 15 13 16  9 12 11 14 24 18 23 19 17 20 22 21 26 30 27 32 29 28 25 31 36 34 35 37 33 40 38 39 47 41 45 43 42 48 44 46 49 50 56 55 54 51 53 52 62 59 64 63 60 57 58 61 67 68 69 70 66 65 71 72
 45 42 48 44 41 47 43 46 50 55 53 56 49 52 51 54 64 58 63 59 57 60 62 61 66 70 67 72 69 68 65 71  4  2  3  5  1  8  6  7 15  9 13 11 10 16 12 14 17 18 24 23 22 19 21 20 30 27 32 31 28 25 26 29 35 36 37 38 34 33 39 40
