  1 17 16 13  8  6  5  4 12  3  2 15 11 10 14  7  9
  6  8  9 11 10  1 14  7  2 17 13  3 12 16  4 15  5
  9  6  8  4 13 17  7 10 11 12 14  1  3  2 16  5 15
  3 13 12  5  6  8  9 14 10  2  1  7  4 15 11 17 16
 15  3 13  6 14 10  1  8 17 16  4  9  7  5 12 11  2
 10  9 17 14  3  2 12  1  8  6 11 13  5  7 15 16  4
  4 16  3  8  9  5 10 12  6 14 17  2 15 11  7 13  1
 14 10  1  9 17 15  4  6  7  8 12 16 13  3  5  2 11
 11  4  5  1  2 14  6  3  9 10 15 12 16 13 17  8  7
  2 15 10  3  4 11  8 16  1  7  6  5  9 12 13 14 17
 16 11 15  2  1  3 13  5 14  4  7  6 10 17  8  9 12
  5  2  6 17 11  7  3  9 16 15 10  4 14  8  1 12 13
  8  5  4 10  7 12  2 17 15 13 16 11  6  9  3  1 14
 17 14  2  7 12  9 16 15 13 11  5 10  1  4  6  3  8
 13  1  7 12  5 16 15 11  3  9  8 14 17  6  2  4 10
 12  7 14 15 16 13 11  2  4  5  3 17  8  1  9 10  6
  7 12 11 16 15  4 17 13  5  1  9  8  2 14 10  6  3
