 42 49 47 41 43 50 46 44 48 45 55 58 57 54 51 52 59 53 56 60  4  3  2  6  9  8  7  5  1 10 19 11 15 16 18 13 20 14 17 12 21 28 26 25 29 27 30 23 22 24 34 32 38 31 40 36 39 35 33 37
 12 19 17 11 13 20 16 14 18 15 25 28 27 24 21 22 29 23 26 30 34 33 32 36 39 38 37 35 31 40 49 41 45 46 48 43 50 44 47 42 51 58 56 55 59 57 60 53 52 54  4  2  8  1 10  6  9  5  3  7
 52 59 57 51 53 60 56 54 58 55  5  8  7  4  1  2  9  3  6 10 14 13 12 16 19 18 17 15 11 20 29 21 25 26 28 23 30 24 27 22 31 38 36 35 39 37 40 33 32 34 44 42 48 41 50 46 49 45 43 47
  2  9  7  1  3 10  6  4  8  5 15 18 17 14 11 12 19 13 16 20 24 23 22 26 29 28 27 25 21 30 39 31 35 36 38 33 40 34 37 32 41 48 46 45 49 47 50 43 42 44 54 52 58 51 60 56 59 55 53 57
 32 39 37 31 33 40 36 34 38 35 45 48 47 44 41 42 49 43 46 50 54 53 52 56 59 58 57 55 51 60  9  1  5  6  8  3 10  4  7  2 11 18 16 15 19 17 20 13 12 14 24 22 28 21 30 26 29 25 23 27
 22 29 27 21 23 30 26 24 28 25 35 38 37 34 31 32 39 33 36 40 44 43 42 46 49 48 47 45 41 50 59 51 55 56 58 53 60 54 57 52  1  8  6  5  9  7 10  3  2  4 14 12 18 11 20 16 19 15 13 17
 43 50 48 42 44 41 47 45 49 46 56 59 58 55 52 53 60 54 57 51  5  4  3  7 10  9  8  6  2  1 20 12 16 17 19 14 11 15 18 13 22 29 27 26 30 28 21 24 23 25 35 33 39 32 31 37 40 36 34 38
  3 10  8  2  4  1  7  5  9  6 16 19 18 15 12 13 20 14 17 11 25 24 23 27 30 29 28 26 22 21 40 32 36 37 39 34 31 35 38 33 42 49 47 46 50 48 41 44 43 45 55 53 59 52 51 57 60 56 54 58
 53 60 58 52 54 51 57 55 59 56  6  9  8  5  2  3 10  4  7  1 15 14 13 17 20 19 18 16 12 11 30 22 26 27 29 24 21 25 28 23 32 39 37 36 40 38 31 34 33 35 45 43 49 42 41 47 50 46 44 48
 33 40 38 32 34 31 37 35 39 36 46 49 48 45 42 43 50 44 47 41 55 54 53 57 60 59 58 56 52 51 10  2  6  7  9  4  1  5  8  3 12 19 17 16 20 18 11 14 13 15 25 23 29 22 21 27 30 26 24 28
 13 20 18 12 14 11 17 15 19 16 26 29 28 25 22 23 30 24 27 21 35 34 33 37 40 39 38 36 32 31 50 42 46 47 49 44 41 45 48 43 52 59 57 56 60 58 51 54 53 55  5  3  9  2  1  7 10  6  4  8
 23 30 28 22 24 21 27 25 29 26 36 39 38 35 32 33 40 34 37 31 45 44 43 47 50 49 48 46 42 41 60 52 56 57 59 54 51 55 58 53  2  9  7  6 10  8  1  4  3  5 15 13 19 12 11 17 20 16 14 18
 24 21 29 23 25 22 28 26 30 27 37 40 39 36 33 34 31 35 38 32 46 45 44 48 41 50 49 47 43 42 51 53 57 58 60 55 52 56 59 54  3 10  8  7  1  9  2  5  4  6 16 14 20 13 12 18 11 17 15 19
 44 41 49 43 45 42 48 46 50 47 57 60 59 56 53 54 51 55 58 52  6  5  4  8  1 10  9  7  3  2 11 13 17 18 20 15 12 16 19 14 23 30 28 27 21 29 22 25 24 26 36 34 40 33 32 38 31 37 35 39
 34 31 39 33 35 32 38 36 40 37 47 50 49 46 43 44 41 45 48 42 56 55 54 58 51 60 59 57 53 52  1  3  7  8 10  5  2  6  9  4 13 20 18 17 11 19 12 15 14 16 26 24 30 23 22 28 21 27 25 29
 14 11 19 13 15 12 18 16 20 17 27 30 29 26 23 24 21 25 28 22 36 35 34 38 31 40 39 37 33 32 41 43 47 48 50 45 42 46 49 44 53 60 58 57 51 59 52 55 54 56  6  4 10  3  2  8  1  7  5  9
  4  1  9  3  5  2  8  6 10  7 17 20 19 16 13 14 11 15 18 12 26 25 24 28 21 30 29 27 23 22 31 33 37 38 40 35 32 36 39 34 43 50 48 47 41 49 42 45 44 46 56 54 60 53 52 58 51 57 55 59
 54 51 59 53 55 52 58 56 60 57  7 10  9  6  3  4  1  5  8  2 16 15 14 18 11 20 19 17 13 12 21 23 27 28 30 25 22 26 29 24 33 40 38 37 31 39 32 35 34 36 46 44 50 43 42 48 41 47 45 49
 55 52 60 54 56 53 59 57 51 58  8  1 10  7  4  5  2  6  9  3 17 16 15 19 12 11 20 18 14 13 22 24 28 29 21 26 23 27 30 25 34 31 39 38 32 40 33 36 35 37 47 45 41 44 43 49 42 48 46 50
  5  2 10  4  6  3  9  7  1  8 18 11 20 17 14 15 12 16 19 13 27 26 25 29 22 21 30 28 24 23 32 34 38 39 31 36 33 37 40 35 44 41 49 48 42 50 43 46 45 47 57 55 51 54 53 59 52 58 56 60
 35 32 40 34 36 33 39 37 31 38 48 41 50 47 44 45 42 46 49 43 57 56 55 59 52 51 60 58 54 53  2  4  8  9  1  6  3  7 10  5 14 11 19 18 12 20 13 16 15 17 27 25 21 24 23 29 22 28 26 30
 45 42 50 44 46 43 49 47 41 48 58 51 60 57 54 55 52 56 59 53  7  6  5  9  2  1 10  8  4  3 12 14 18 19 11 16 13 17 20 15 24 21 29 28 22 30 23 26 25 27 37 35 31 34 33 39 32 38 36 40
 15 12 20 14 16 13 19 17 11 18 28 21 30 27 24 25 22 26 29 23 37 36 35 39 32 31 40 38 34 33 42 44 48 49 41 46 43 47 50 45 54 51 59 58 52 60 53 56 55 57  7  5  1  4  3  9  2  8  6 10
 25 22 30 24 26 23 29 27 21 28 38 31 40 37 34 35 32 36 39 33 47 46 45 49 42 41 50 48 44 43 52 54 58 59 51 56 53 57 60 55  4  1  9  8  2 10  3  6  5  7 17 15 11 14 13 19 12 18 16 20
 36 33 31 35 37 34 40 38 32 39 49 42 41 48 45 46 43 47 50 44 58 57 56 60 53 52 51 59 55 54  3  5  9 10  2  7  4  8  1  6 15 12 20 19 13 11 14 17 16 18 28 26 22 25 24 30 23 29 27 21
  6  3  1  5  7  4 10  8  2  9 19 12 11 18 15 16 13 17 20 14 28 27 26 30 23 22 21 29 25 24 33 35 39 40 32 37 34 38 31 36 45 42 50 49 43 41 44 47 46 48 58 56 52 55 54 60 53 59 57 51
 46 43 41 45 47 44 50 48 42 49 59 52 51 58 55 56 53 57 60 54  8  7  6 10  3  2  1  9  5  4 13 15 19 20 12 17 14 18 11 16 25 22 30 29 23 21 24 27 26 28 38 36 32 35 34 40 33 39 37 31
 56 53 51 55 57 54 60 58 52 59  9  2  1  8  5  6  3  7 10  4 18 17 16 20 13 12 11 19 15 14 23 25 29 30 22 27 24 28 21 26 35 32 40 39 33 31 34 37 36 38 48 46 42 45 44 50 43 49 47 41
 26 23 21 25 27 24 30 28 22 29 39 32 31 38 35 36 33 37 40 34 48 47 46 50 43 42 41 49 45 44 53 55 59 60 52 57 54 58 51 56  5  2 10  9  3  1  4  7  6  8 18 16 12 15 14 20 13 19 17 11
 16 13 11 15 17 14 20 18 12 19 29 22 21 28 25 26 23 27 30 24 38 37 36 40 33 32 31 39 35 34 43 45 49 50 42 47 44 48 41 46 55 52 60 59 53 51 54 57 56 58  8  6  2  5  4 10  3  9  7  1
 27 24 22 26 28 25 21 29 23 30 40 33 32 39 36 37 34 38 31 35 49 48 47 41 44 43 42 50 46 45 54 56 60 51 53 58 55 59 52 57  6  3  1 10  4  2  5  8  7  9 19 17 13 16 15 11 14 20 18 12
 57 54 52 56 58 55 51 59 53 60 10  3  2  9  6  7  4  8  1  5 19 18 17 11 14 13 12 20 16 15 24 26 30 21 23 28 25 29 22 27 36 33 31 40 34 32 35 38 37 39 49 47 43 46 45 41 44 50 48 42
 37 34 32 36 38 35 31 39 33 40 50 43 42 49 46 47 44 48 41 45 59 58 57 51 54 53 52 60 56 55  4  6 10  1  3  8  5  9  2  7 16 13 11 20 14 12 15 18 17 19 29 27 23 26 25 21 24 30 28 22
 47 44 42 46 48 45 41 49 43 50 60 53 52 59 56 57 54 58 51 55  9  8  7  1  4  3  2 10  6  5 14 16 20 11 13 18 15 19 12 17 26 23 21 30 24 22 25 28 27 29 39 37 33 36 35 31 34 40 38 32
 17 14 12 16 18 15 11 19 13 20 30 23 22 29 26 27 24 28 21 25 39 38 37 31 34 33 32 40 36 35 44 46 50 41 43 48 45 49 42 47 56 53 51 60 54 52 55 58 57 59  9  7  3  6  5  1  4 10  8  2
  7  4  2  6  8  5  1  9  3 10 20 13 12 19 16 17 14 18 11 15 29 28 27 21 24 23 22 30 26 25 34 36 40 31 33 38 35 39 32 37 46 43 41 50 44 42 45 48 47 49 59 57 53 56 55 51 54 60 58 52
 58 55 53 57 59 56 52 60 54 51  1  4  3 10  7  8  5  9  2  6 20 19 18 12 15 14 13 11 17 16 25 27 21 22 24 29 26 30 23 28 37 34 32 31 35 33 36 39 38 40 50 48 44 47 46 42 45 41 49 43
 18 15 13 17 19 16 12 20 14 11 21 24 23 30 27 28 25 29 22 26 40 39 38 32 35 34 33 31 37 36 45 47 41 42 44 49 46 50 43 48 57 54 52 51 55 53 56 59 58 60 10  8  4  7  6  2  5  1  9  3
  8  5  3  7  9  6  2 10  4  1 11 14 13 20 17 18 15 19 12 16 30 29 28 22 25 24 23 21 27 26 35 37 31 32 34 39 36 40 33 38 47 44 42 41 45 43 46 49 48 50 60 58 54 57 56 52 55 51 59 53
 28 25 23 27 29 26 22 30 24 21 31 34 33 40 37 38 35 39 32 36 50 49 48 42 45 44 43 41 47 46 55 57 51 52 54 59 56 60 53 58  7  4  2  1  5  3  6  9  8 10 20 18 14 17 16 12 15 11 19 13
 48 45 43 47 49 46 42 50 44 41 51 54 53 60 57 58 55 59 52 56 10  9  8  2  5  4  3  1  7  6 15 17 11 12 14 19 16 20 13 18 27 24 22 21 25 23 26 29 28 30 40 38 34 37 36 32 35 31 39 33
 38 35 33 37 39 36 32 40 34 31 41 44 43 50 47 48 45 49 42 46 60 59 58 52 55 54 53 51 57 56  5  7  1  2  4  9  6 10  3  8 17 14 12 11 15 13 16 19 18 20 30 28 24 27 26 22 25 21 29 23
 49 46 44 48 50 47 43 41 45 42 52 55 54 51 58 59 56 60 53 57  1 10  9  3  6  5  4  2  8  7 16 18 12 13 15 20 17 11 14 19 28 25 23 22 26 24 27 30 29 21 31 39 35 38 37 33 36 32 40 34
 39 36 34 38 40 37 33 31 35 32 42 45 44 41 48 49 46 50 43 47 51 60 59 53 56 55 54 52 58 57  6  8  2  3  5 10  7  1  4  9 18 15 13 12 16 14 17 20 19 11 21 29 25 28 27 23 26 22 30 24
 59 56 54 58 60 57 53 51 55 52  2  5  4  1  8  9  6 10  3  7 11 20 19 13 16 15 14 12 18 17 26 28 22 23 25 30 27 21 24 29 38 35 33 32 36 34 37 40 39 31 41 49 45 48 47 43 46 42 50 44
 29 26 24 28 30 27 23 21 25 22 32 35 34 31 38 39 36 40 33 37 41 50 49 43 46 45 44 42 48 47 56 58 52 53 55 60 57 51 54 59  8  5  3  2  6  4  7 10  9  1 11 19 15 18 17 13 16 12 20 14
 19 16 14 18 20 17 13 11 15 12 22 25 24 21 28 29 26 30 23 27 31 40 39 33 36 35 34 32 38 37 46 48 42 43 45 50 47 41 44 49 58 55 53 52 56 54 57 60 59 51  1  9  5  8  7  3  6  2 10  4
  9  6  4  8 10  7  3  1  5  2 12 15 14 11 18 19 16 20 13 17 21 30 29 23 26 25 24 22 28 27 36 38 32 33 35 40 37 31 34 39 48 45 43 42 46 44 47 50 49 41 51 59 55 58 57 53 56 52 60 54
 10  7  5  9  1  8  4  2  6  3 13 16 15 12 19 20 17 11 14 18 22 21 30 24 27 26 25 23 29 28 37 39 33 34 36 31 38 32 35 40 49 46 44 43 47 45 48 41 50 42 52 60 56 59 58 54 57 53 51 55
 40 37 35 39 31 38 34 32 36 33 43 46 45 42 49 50 47 41 44 48 52 51 60 54 57 56 55 53 59 58  7  9  3  4  6  1  8  2  5 10 19 16 14 13 17 15 18 11 20 12 22 30 26 29 28 24 27 23 21 25
 30 27 25 29 21 28 24 22 26 23 33 36 35 32 39 40 37 31 34 38 42 41 50 44 47 46 45 43 49 48 57 59 53 54 56 51 58 52 55 60  9  6  4  3  7  5  8  1 10  2 12 20 16 19 18 14 17 13 11 15
 20 17 15 19 11 18 14 12 16 13 23 26 25 22 29 30 27 21 24 28 32 31 40 34 37 36 35 33 39 38 47 49 43 44 46 41 48 42 45 50 59 56 54 53 57 55 58 51 60 52  2 10  6  9  8  4  7  3  1  5
 60 57 55 59 51 58 54 52 56 53  3  6  5  2  9 10  7  1  4  8 12 11 20 14 17 16 15 13 19 18 27 29 23 24 26 21 28 22 25 30 39 36 34 33 37 35 38 31 40 32 42 50 46 49 48 44 47 43 41 45
 50 47 45 49 41 48 44 42 46 43 53 56 55 52 59 60 57 51 54 58  2  1 10  4  7  6  5  3  9  8 17 19 13 14 16 11 18 12 15 20 29 26 24 23 27 25 28 21 30 22 32 40 36 39 38 34 37 33 31 35
 51 58 56 60 52 59 55 53 57 54  4  7  6  3 10  1  8  2  5  9 13 12 11 15 18 17 16 14 20 19 28 30 24 25 27 22 29 23 26 21 40 37 35 34 38 36 39 32 31 33 43 41 47 50 49 45 48 44 42 46
 31 38 36 40 32 39 35 33 37 34 44 47 46 43 50 41 48 42 45 49 53 52 51 55 58 57 56 54 60 59  8 10  4  5  7  2  9  3  6  1 20 17 15 14 18 16 19 12 11 13 23 21 27 30 29 25 28 24 22 26
 41 48 46 50 42 49 45 43 47 44 54 57 56 53 60 51 58 52 55 59  3  2  1  5  8  7  6  4 10  9 18 20 14 15 17 12 19 13 16 11 30 27 25 24 28 26 29 22 21 23 33 31 37 40 39 35 38 34 32 36
  1  8  6 10  2  9  5  3  7  4 14 17 16 13 20 11 18 12 15 19 23 22 21 25 28 27 26 24 30 29 38 40 34 35 37 32 39 33 36 31 50 47 45 44 48 46 49 42 41 43 53 51 57 60 59 55 58 54 52 56
 21 28 26 30 22 29 25 23 27 24 34 37 36 33 40 31 38 32 35 39 43 42 41 45 48 47 46 44 50 49 58 60 54 55 57 52 59 53 56 51 10  7  5  4  8  6  9  2  1  3 13 11 17 20 19 15 18 14 12 16
 11 18 16 20 12 19 15 13 17 14 24 27 26 23 30 21 28 22 25 29 33 32 31 35 38 37 36 34 40 39 48 50 44 45 47 42 49 43 46 41 60 57 55 54 58 56 59 52 51 53  3  1  7 10  9  5  8  4  2  6
