  4  5 14 20 12 15 11 17  6  7 18 13 19 16  2 10  3  8  9  1
 19 15 16  7 17 12 14 20  5  1  4  9 10  8  3 13 18  2  6 11
 11 10  8  6  9 16  2 13  3 18  1 15  5 20 14 19  7 12 17  4
  1  3  2 13 18  8  9  4 10 19 11  7  6 17 12 15  5 20 14 16
  3  6 15 10  5 14 12  8 17  4 20 18  7 13  9  2 16 11  1 19
  9 17 19  4 11  3 15  1 13  5 10 12  8  2 16 20 14 18  7  6
 20  2  7 14  8  6 19  9 18 16  3  1 11  5 15 12 13  4 10 17
 16 13 12 18  1  7 20 11  2 10 19 14  4  6 17  9 15  3  5  8
  8 12  9 11  4 19 10 14  1 20  7 17 18  3  5  6  2 15 16 13
 13 19  6  2 14 11  4  3  8  9 16 20 15  1 10  5 12 17 18  7
  5  7 17 16 20  2  6 18 15 13  8 11 14 12 19  3 10  1  4  9
 15  1 18  3 10  5  7 12 16 17  9  6  2  4 13 14 11 19  8 20
  7 11 10 15 16 18  1 19 20 14  6  2 12  9  8 17  4  5 13  3
 17  9  1  8 13 10 16  7 12 11  5  4  3 15 20 18  6 14 19  2
 14 20  5 19  6 13  3  2  4  8 17 10  1 18  7 11  9 16 12 15
  2 18  4 12  3 17  5  6  9 15 14 16 13 19 11  1  8  7 20 10
 12 16 11  1 15  9 17  5 14  2 13  8 20 10  4  7 19  6  3 18
  6 14 13  9  2 20  8 16 11  3 12 19 17  7 18  4  1 10 15  5
 18  4 20  5 19  1 13 10  7 12 15  3 16 11  6  8 17  9  2 14
 10  8  3 17  7  4 18 15 19  6  2  5  9 14  1 16 20 13 11 12
