  6  3  4  1  5  2 10 11  8 12  7  9 18 17 13 15 16 14
 18 15 16 13 17 14  4  5  2  6  1  3 12 11  7  9 10  8
 12  9 10  7 11  8 16 17 14 18 13 15  6  5  1  3  4  2
  7 10 11  8 12  9 17 18 15 13 14 16  1  6  2  4  5  3
 13 16 17 14 18 15  5  6  3  1  2  4  7 12  8 10 11  9
  1  4  5  2  6  3 11 12  9  7  8 10 13 18 14 16 17 15
  2  5  6  3  1  4 12  7 10  8  9 11 14 13 15 17 18 16
 14 17 18 15 13 16  6  1  4  2  3  5  8  7  9 11 12 10
  8 11 12  9  7 10 18 13 16 14 15 17  2  1  3  5  6  4
  9 12  7 10  8 11 13 14 17 15 16 18  3  2  4  6  1  5
  3  6  1  4  2  5  7  8 11  9 10 12 15 14 16 18 13 17
 15 18 13 16 14 17  1  2  5  3  4  6  9  8 10 12  7 11
  4  1  2  5  3  6  8  9 12 10 11  7 16 15 17 13 14 18
 10  7  8 11  9 12 14 15 18 16 17 13  4  3  5  1  2  6
 16 13 14 17 15 18  2  3  6  4  5  1 10  9 11  7  8 12
 17 14 15 18 16 13  3  4  1  5  6  2 11 10 12  8  9  7
  5  2  3  6  4  1  9 10  7 11 12  8 17 16 18 14 15 13
 11  8  9 12 10  7 15 16 13 17 18 14  5  4  6  2  3  1
