 18 15 16 14 13 17  1  4  3  6  2  5  9 11  8  7 12 10
  6  3  4  2  1  5  7 10  9 12  8 11 15 17 14 13 18 16
 12  9 10  8  7 11 13 16 15 18 14 17  3  5  2  1  6  4
  1  4  5  3  2  6  8 11 10  7  9 12 16 18 15 14 13 17
 13 16 17 15 14 18  2  5  4  1  3  6 10 12  9  8  7 11
  7 10 11  9  8 12 14 17 16 13 15 18  4  6  3  2  1  5
  2  5  6  4  3  1  9 12 11  8 10  7 17 13 16 15 14 18
  8 11 12 10  9  7 15 18 17 14 16 13  5  1  4  3  2  6
 14 17 18 16 15 13  3  6  5  2  4  1 11  7 10  9  8 12
 15 18 13 17 16 14  4  1  6  3  5  2 12  8 11 10  9  7
  9 12  7 11 10  8 16 13 18 15 17 14  6  2  5  4  3  1
  3  6  1  5  4  2 10  7 12  9 11  8 18 14 17 16 15 13
  4  1  2  6  5  3 11  8  7 10 12  9 13 15 18 17 16 14
 10  7  8 12 11  9 17 14 13 16 18 15  1  3  6  5  4  2
 16 13 14 18 17 15  5  2  1  4  6  3  7  9 12 11 10  8
  5  2  3  1  6  4 12  9  8 11  7 10 14 16 13 18 17 15
 11  8  9  7 12 10 18 15 14 17 13 16  2  4  1  6  5  3
 17 14 15 13 18 16  6  3  2  5  1  4  8 10  7 12 11  9
