  8 12  7  6  3 11  1  5 14 13  9  4 10  2
 10 14  2  7 13  5  6  9  1 12 11  3  8  4
  3 10 12  5  2  9  8  6 13  7  4 11 14  1
  2  1 10  9  6  7  3  4 11  8 12 13  5 14
  9  7  1 10  8 13 11 12  6 14  2  5  4  3
 11  6 13  2 14  8  9  1  5  4  3 12  7 10
  4  9  5 14  7  2 12  8  3 11  6 10  1 13
  6 11 14  3  9  4  7  2 12  5 10  1 13  8
 13  2  6  1 11  3 14  7  4 10  5  8 12  9
  7  8 11 13 10 12  4  3  9  6  1 14  2  5
 12  5  9 11  4  6 10 14  8  1 13  2  3  7
  5  4  8 12  1 14  2 13 10  3  7  6  9 11
  1  3  4  8  5 10 13 11  2  9 14  7  6 12
 14 13  3  4 12  1  5 10  7  2  8  9 11  6
