  2  3  5  1  7  8 12  6 13  4 14 10 11  9
  7 12  2  5  1  3 13 10  8 14  4  6  9 11
  6  2  7 14 13  9  8  3  1 12 10 11  5  4
  1  6 11  7  5  2  9  8  4 13  3 14 12 10
  4  5  9 11  2 13 14 12  3  8  1  7 10  6
  9  7  1  2 11  6  3  5 12 10 13  4 14  8
  3  4 10  6  8  7 11  2  5  1  9 12 13 14
 12 11 14 13  6  5  7  9 10  3  8  1  4  2
 13 10  6 12  9 11  2  4 14  5  7  8  1  3
  5 13 12  4  3 10  6 14  2  7 11  9  8  1
 10  1  4  8 12 14  5  7  9 11  6  3  2 13
 11  9  8 10 14 12  4  1  6  2  5 13  3  7
  8 14  3  9 10  4  1 13 11  6 12  2  7  5
 14  8 13  3  4  1 10 11  7  9  2  5  6 12
