 17 19 20 18 16 25 23 21 24 22 26 27 29 30 28 32 33 31 35 34  4  5  3  1  2  6 10  9  8  7 12 11 15 14 13
  2  4  5  3  1 10  8  6  9  7 11 12 14 15 13 17 18 16 20 19 24 25 23 21 22 26 30 29 28 27 32 31 35 34 33
  7  9 10  8  6 15 13 11 14 12 16 17 19 20 18 22 23 21 25 24 29 30 28 26 27 31 35 34 33 32  2  1  5  4  3
 32 34 35 33 31  5  3  1  4  2  6  7  9 10  8 12 13 11 15 14 19 20 18 16 17 21 25 24 23 22 27 26 30 29 28
 12 14 15 13 11 20 18 16 19 17 21 22 24 25 23 27 28 26 30 29 34 35 33 31 32  1  5  4  3  2  7  6 10  9  8
 22 24 25 23 21 30 28 26 29 27 31 32 34 35 33  2  3  1  5  4  9 10  8  6  7 11 15 14 13 12 17 16 20 19 18
 27 29 30 28 26 35 33 31 34 32  1  2  4  5  3  7  8  6 10  9 14 15 13 11 12 16 20 19 18 17 22 21 25 24 23
 13 15 11 14 12 16 19 17 20 18 22 23 25 21 24 28 29 27 26 30 35 31 34 32 33  2  1  5  4  3  8  7  6 10  9
 18 20 16 19 17 21 24 22 25 23 27 28 30 26 29 33 34 32 31 35  5  1  4  2  3  7  6 10  9  8 13 12 11 15 14
 23 25 21 24 22 26 29 27 30 28 32 33 35 31 34  3  4  2  1  5 10  6  9  7  8 12 11 15 14 13 18 17 16 20 19
  8 10  6  9  7 11 14 12 15 13 17 18 20 16 19 23 24 22 21 25 30 26 29 27 28 32 31 35 34 33  3  2  1  5  4
 28 30 26 29 27 31 34 32 35 33  2  3  5  1  4  8  9  7  6 10 15 11 14 12 13 17 16 20 19 18 23 22 21 25 24
  3  5  1  4  2  6  9  7 10  8 12 13 15 11 14 18 19 17 16 20 25 21 24 22 23 27 26 30 29 28 33 32 31 35 34
 33 35 31 34 32  1  4  2  5  3  7  8 10  6  9 13 14 12 11 15 20 16 19 17 18 22 21 25 24 23 28 27 26 30 29
 29 26 27 30 28 32 35 33 31 34  3  4  1  2  5  9 10  8  7  6 11 12 15 13 14 18 17 16 20 19 24 23 22 21 25
 19 16 17 20 18 22 25 23 21 24 28 29 26 27 30 34 35 33 32 31  1  2  5  3  4  8  7  6 10  9 14 13 12 11 15
 34 31 32 35 33  2  5  3  1  4  8  9  6  7 10 14 15 13 12 11 16 17 20 18 19 23 22 21 25 24 29 28 27 26 30
 14 11 12 15 13 17 20 18 16 19 23 24 21 22 25 29 30 28 27 26 31 32 35 33 34  3  2  1  5  4  9  8  7  6 10
 24 21 22 25 23 27 30 28 26 29 33 34 31 32 35  4  5  3  2  1  6  7 10  8  9 13 12 11 15 14 19 18 17 16 20
  4  1  2  5  3  7 10  8  6  9 13 14 11 12 15 19 20 18 17 16 21 22 25 23 24 28 27 26 30 29 34 33 32 31 35
  9  6  7 10  8 12 15 13 11 14 18 19 16 17 20 24 25 23 22 21 26 27 30 28 29 33 32 31 35 34  4  3  2  1  5
  5  2  3  1  4  8  6  9  7 10 14 15 12 13 11 20 16 19 18 17 22 23 21 24 25 29 28 27 26 30 35 34 33 32 31
 35 32 33 31 34  3  1  4  2  5  9 10  7  8  6 15 11 14 13 12 17 18 16 19 20 24 23 22 21 25 30 29 28 27 26
 10  7  8  6  9 13 11 14 12 15 19 20 17 18 16 25 21 24 23 22 27 28 26 29 30 34 33 32 31 35  5  4  3  2  1
 15 12 13 11 14 18 16 19 17 20 24 25 22 23 21 30 26 29 28 27 32 33 31 34 35  4  3  2  1  5 10  9  8  7  6
 30 27 28 26 29 33 31 34 32 35  4  5  2  3  1 10  6  9  8  7 12 13 11 14 15 19 18 17 16 20 25 24 23 22 21
 20 17 18 16 19 23 21 24 22 25 29 30 27 28 26 35 31 34 33 32  2  3  1  4  5  9  8  7  6 10 15 14 13 12 11
 25 22 23 21 24 28 26 29 27 30 34 35 32 33 31  5  1  4  3  2  7  8  6  9 10 14 13 12 11 15 20 19 18 17 16
 31 33 34 32 35  4  2  5  3  1 10  6  8  9  7 11 12 15 14 13 18 19 17 20 16 25 24 23 22 21 26 30 29 28 27
 11 13 14 12 15 19 17 20 18 16 25 21 23 24 22 26 27 30 29 28 33 34 32 35 31  5  4  3  2  1  6 10  9  8  7
  6  8  9  7 10 14 12 15 13 11 20 16 18 19 17 21 22 25 24 23 28 29 27 30 26 35 34 33 32 31  1  5  4  3  2
 21 23 24 22 25 29 27 30 28 26 35 31 33 34 32  1  2  5  4  3  8  9  7 10  6 15 14 13 12 11 16 20 19 18 17
 16 18 19 17 20 24 22 25 23 21 30 26 28 29 27 31 32 35 34 33  3  4  2  5  1 10  9  8  7  6 11 15 14 13 12
 26 28 29 27 30 34 32 35 33 31  5  1  3  4  2  6  7 10  9  8 13 14 12 15 11 20 19 18 17 16 21 25 24 23 22
  1  3  4  2  5  9  7 10  8  6 15 11 13 14 12 16 17 20 19 18 23 24 22 25 21 30 29 28 27 26 31 35 34 33 32
