 37 40 41 44 43 39 42 45 38 50 51 46 48 49 54 53 52 47 63 62 56 61 57 58 55 59 60 72 71 66 68 65 69 64 67 70  2  6  4  1  8  9  7  5  3 14 16 13 18 10 17 11 12 15 19 25 27 26 24 23 20 21 22 28 36 31 34 33 32 30 35 29
 64 67 68 71 70 66 69 72 65  5  6  1  3  4  9  8  7  2 18 17 11 16 12 13 10 14 15 27 26 21 23 20 24 19 22 25 29 33 31 28 35 36 34 32 30 41 43 40 45 37 44 38 39 42 46 52 54 53 51 50 47 48 49 55 63 58 61 60 59 57 62 56
 10 13 14 17 16 12 15 18 11 23 24 19 21 22 27 26 25 20 36 35 29 34 30 31 28 32 33 45 44 39 41 38 42 37 40 43 47 51 49 46 53 54 52 50 48 59 61 58 63 55 62 56 57 60 64 70 72 71 69 68 65 66 67  1  9  4  7  6  5  3  8  2
  1  4  5  8  7  3  6  9  2 14 15 10 12 13 18 17 16 11 27 26 20 25 21 22 19 23 24 36 35 30 32 29 33 28 31 34 38 42 40 37 44 45 43 41 39 50 52 49 54 46 53 47 48 51 55 61 63 62 60 59 56 57 58 64 72 67 70 69 68 66 71 65
 28 31 32 35 34 30 33 36 29 41 42 37 39 40 45 44 43 38 54 53 47 52 48 49 46 50 51 63 62 57 59 56 60 55 58 61 65 69 67 64 71 72 70 68 66  5  7  4  9  1  8  2  3  6 10 16 18 17 15 14 11 12 13 19 27 22 25 24 23 21 26 20
 19 22 23 26 25 21 24 27 20 32 33 28 30 31 36 35 34 29 45 44 38 43 39 40 37 41 42 54 53 48 50 47 51 46 49 52 56 60 58 55 62 63 61 59 57 68 70 67 72 64 71 65 66 69  1  7  9  8  6  5  2  3  4 10 18 13 16 15 14 12 17 11
 55 58 59 62 61 57 60 63 56 68 69 64 66 67 72 71 70 65  9  8  2  7  3  4  1  5  6 18 17 12 14 11 15 10 13 16 20 24 22 19 26 27 25 23 21 32 34 31 36 28 35 29 30 33 37 43 45 44 42 41 38 39 40 46 54 49 52 51 50 48 53 47
 46 49 50 53 52 48 51 54 47 59 60 55 57 58 63 62 61 56 72 71 65 70 66 67 64 68 69  9  8  3  5  2  6  1  4  7 11 15 13 10 17 18 16 14 12 23 25 22 27 19 26 20 21 24 28 34 36 35 33 32 29 30 31 37 45 40 43 42 41 39 44 38
 38 41 42 45 44 40 43 37 39 51 52 47 49 50 46 54 53 48 55 63 57 62 58 59 56 60 61 64 72 67 69 66 70 65 68 71  3  7  5  2  9  1  8  6  4 15 17 14 10 11 18 12 13 16 20 26 19 27 25 24 21 22 23 29 28 32 35 34 33 31 36 30
 20 23 24 27 26 22 25 19 21 33 34 29 31 32 28 36 35 30 37 45 39 44 40 41 38 42 43 46 54 49 51 48 52 47 50 53 57 61 59 56 63 55 62 60 58 69 71 68 64 65 72 66 67 70  2  8  1  9  7  6  3  4  5 11 10 14 17 16 15 13 18 12
  2  5  6  9  8  4  7  1  3 15 16 11 13 14 10 18 17 12 19 27 21 26 22 23 20 24 25 28 36 31 33 30 34 29 32 35 39 43 41 38 45 37 44 42 40 51 53 50 46 47 54 48 49 52 56 62 55 63 61 60 57 58 59 65 64 68 71 70 69 67 72 66
 56 59 60 63 62 58 61 55 57 69 70 65 67 68 64 72 71 66  1  9  3  8  4  5  2  6  7 10 18 13 15 12 16 11 14 17 21 25 23 20 27 19 26 24 22 33 35 32 28 29 36 30 31 34 38 44 37 45 43 42 39 40 41 47 46 50 53 52 51 49 54 48
 47 50 51 54 53 49 52 46 48 60 61 56 58 59 55 63 62 57 64 72 66 71 67 68 65 69 70  1  9  4  6  3  7  2  5  8 12 16 14 11 18 10 17 15 13 24 26 23 19 20 27 21 22 25 29 35 28 36 34 33 30 31 32 38 37 41 44 43 42 40 45 39
 11 14 15 18 17 13 16 10 12 24 25 20 22 23 19 27 26 21 28 36 30 35 31 32 29 33 34 37 45 40 42 39 43 38 41 44 48 52 50 47 54 46 53 51 49 60 62 59 55 56 63 57 58 61 65 71 64 72 70 69 66 67 68  2  1  5  8  7  6  4  9  3
 29 32 33 36 35 31 34 28 30 42 43 38 40 41 37 45 44 39 46 54 48 53 49 50 47 51 52 55 63 58 60 57 61 56 59 62 66 70 68 65 72 64 71 69 67  6  8  5  1  2  9  3  4  7 11 17 10 18 16 15 12 13 14 20 19 23 26 25 24 22 27 21
 65 68 69 72 71 67 70 64 66  6  7  2  4  5  1  9  8  3 10 18 12 17 13 14 11 15 16 19 27 22 24 21 25 20 23 26 30 34 32 29 36 28 35 33 31 42 44 41 37 38 45 39 40 43 47 53 46 54 52 51 48 49 50 56 55 59 62 61 60 58 63 57
 66 69 70 64 72 68 71 65 67  7  8  3  5  6  2  1  9  4 11 10 13 18 14 15 12 16 17 20 19 23 25 22 26 21 24 27 31 35 33 30 28 29 36 34 32 43 45 42 38 39 37 40 41 44 48 54 47 46 53 52 49 50 51 57 56 60 63 62 61 59 55 58
 57 60 61 55 63 59 62 56 58 70 71 66 68 69 65 64 72 67  2  1  4  9  5  6  3  7  8 11 10 14 16 13 17 12 15 18 22 26 24 21 19 20 27 25 23 34 36 33 29 30 28 31 32 35 39 45 38 37 44 43 40 41 42 48 47 51 54 53 52 50 46 49
 21 24 25 19 27 23 26 20 22 34 35 30 32 33 29 28 36 31 38 37 40 45 41 42 39 43 44 47 46 50 52 49 53 48 51 54 58 62 60 57 55 56 63 61 59 70 72 69 65 66 64 67 68 71  3  9  2  1  8  7  4  5  6 12 11 15 18 17 16 14 10 13
  3  6  7  1  9  5  8  2  4 16 17 12 14 15 11 10 18 13 20 19 22 27 23 24 21 25 26 29 28 32 34 31 35 30 33 36 40 44 42 39 37 38 45 43 41 52 54 51 47 48 46 49 50 53 57 63 56 55 62 61 58 59 60 66 65 69 72 71 70 68 64 67
 39 42 43 37 45 41 44 38 40 52 53 48 50 51 47 46 54 49 56 55 58 63 59 60 57 61 62 65 64 68 70 67 71 66 69 72  4  8  6  3  1  2  9  7  5 16 18 15 11 12 10 13 14 17 21 27 20 19 26 25 22 23 24 30 29 33 36 35 34 32 28 31
 30 33 34 28 36 32 35 29 31 43 44 39 41 42 38 37 45 40 47 46 49 54 50 51 48 52 53 56 55 59 61 58 62 57 60 63 67 71 69 66 64 65 72 70 68  7  9  6  2  3  1  4  5  8 12 18 11 10 17 16 13 14 15 21 20 24 27 26 25 23 19 22
 12 15 16 10 18 14 17 11 13 25 26 21 23 24 20 19 27 22 29 28 31 36 32 33 30 34 35 38 37 41 43 40 44 39 42 45 49 53 51 48 46 47 54 52 50 61 63 60 56 57 55 58 59 62 66 72 65 64 71 70 67 68 69  3  2  6  9  8  7  5  1  4
 48 51 52 46 54 50 53 47 49 61 62 57 59 60 56 55 63 58 65 64 67 72 68 69 66 70 71  2  1  5  7  4  8  3  6  9 13 17 15 12 10 11 18 16 14 25 27 24 20 21 19 22 23 26 30 36 29 28 35 34 31 32 33 39 38 42 45 44 43 41 37 40
 67 70 71 65 64 69 72 66 68  8  9  4  6  7  3  2  1  5 12 11 14 10 15 16 13 17 18 21 20 24 26 23 27 22 25 19 32 36 34 31 29 30 28 35 33 44 37 43 39 40 38 41 42 45 49 46 48 47 54 53 50 51 52 58 57 61 55 63 62 60 56 59
 49 52 53 47 46 51 54 48 50 62 63 58 60 61 57 56 55 59 66 65 68 64 69 70 67 71 72  3  2  6  8  5  9  4  7  1 14 18 16 13 11 12 10 17 15 26 19 25 21 22 20 23 24 27 31 28 30 29 36 35 32 33 34 40 39 43 37 45 44 42 38 41
  4  7  8  2  1  6  9  3  5 17 18 13 15 16 12 11 10 14 21 20 23 19 24 25 22 26 27 30 29 33 35 32 36 31 34 28 41 45 43 40 38 39 37 44 42 53 46 52 48 49 47 50 51 54 58 55 57 56 63 62 59 60 61 67 66 70 64 72 71 69 65 68
 22 25 26 20 19 24 27 21 23 35 36 31 33 34 30 29 28 32 39 38 41 37 42 43 40 44 45 48 47 51 53 50 54 49 52 46 59 63 61 58 56 57 55 62 60 71 64 70 66 67 65 68 69 72  4  1  3  2  9  8  5  6  7 13 12 16 10 18 17 15 11 14
 40 43 44 38 37 42 45 39 41 53 54 49 51 52 48 47 46 50 57 56 59 55 60 61 58 62 63 66 65 69 71 68 72 67 70 64  5  9  7  4  2  3  1  8  6 17 10 16 12 13 11 14 15 18 22 19 21 20 27 26 23 24 25 31 30 34 28 36 35 33 29 32
 58 61 62 56 55 60 63 57 59 71 72 67 69 70 66 65 64 68  3  2  5  1  6  7  4  8  9 12 11 15 17 14 18 13 16 10 23 27 25 22 20 21 19 26 24 35 28 34 30 31 29 32 33 36 40 37 39 38 45 44 41 42 43 49 48 52 46 54 53 51 47 50
 31 34 35 29 28 33 36 30 32 44 45 40 42 43 39 38 37 41 48 47 50 46 51 52 49 53 54 57 56 60 62 59 63 58 61 55 68 72 70 67 65 66 64 71 69  8  1  7  3  4  2  5  6  9 13 10 12 11 18 17 14 15 16 22 21 25 19 27 26 24 20 23
 13 16 17 11 10 15 18 12 14 26 27 22 24 25 21 20 19 23 30 29 32 28 33 34 31 35 36 39 38 42 44 41 45 40 43 37 50 54 52 49 47 48 46 53 51 62 55 61 57 58 56 59 60 63 67 64 66 65 72 71 68 69 70  4  3  7  1  9  8  6  2  5
 32 35 36 30 29 34 28 31 33 45 37 41 43 44 40 39 38 42 49 48 51 47 52 53 50 54 46 58 57 61 63 60 55 59 62 56 69 64 71 68 66 67 65 72 70  9  2  8  4  5  3  6  7  1 14 11 13 12 10 18 15 16 17 23 22 26 20 19 27 25 21 24
 50 53 54 48 47 52 46 49 51 63 55 59 61 62 58 57 56 60 67 66 69 65 70 71 68 72 64  4  3  7  9  6  1  5  8  2 15 10 17 14 12 13 11 18 16 27 20 26 22 23 21 24 25 19 32 29 31 30 28 36 33 34 35 41 40 44 38 37 45 43 39 42
 14 17 18 12 11 16 10 13 15 27 19 23 25 26 22 21 20 24 31 30 33 29 34 35 32 36 28 40 39 43 45 42 37 41 44 38 51 46 53 50 48 49 47 54 52 63 56 62 58 59 57 60 61 55 68 65 67 66 64 72 69 70 71  5  4  8  2  1  9  7  3  6
 23 26 27 21 20 25 19 22 24 36 28 32 34 35 31 30 29 33 40 39 42 38 43 44 41 45 37 49 48 52 54 51 46 50 53 47 60 55 62 59 57 58 56 63 61 72 65 71 67 68 66 69 70 64  5  2  4  3  1  9  6  7  8 14 13 17 11 10 18 16 12 15
 59 62 63 57 56 61 55 58 60 72 64 68 70 71 67 66 65 69  4  3  6  2  7  8  5  9  1 13 12 16 18 15 10 14 17 11 24 19 26 23 21 22 20 27 25 36 29 35 31 32 30 33 34 28 41 38 40 39 37 45 42 43 44 50 49 53 47 46 54 52 48 51
  5  8  9  3  2  7  1  4  6 18 10 14 16 17 13 12 11 15 22 21 24 20 25 26 23 27 19 31 30 34 36 33 28 32 35 29 42 37 44 41 39 40 38 45 43 54 47 53 49 50 48 51 52 46 59 56 58 57 55 63 60 61 62 68 67 71 65 64 72 70 66 69
 41 44 45 39 38 43 37 40 42 54 46 50 52 53 49 48 47 51 58 57 60 56 61 62 59 63 55 67 66 70 72 69 64 68 71 65  6  1  8  5  3  4  2  9  7 18 11 17 13 14 12 15 16 10 23 20 22 21 19 27 24 25 26 32 31 35 29 28 36 34 30 33
 68 71 72 66 65 70 64 67 69  9  1  5  7  8  4  3  2  6 13 12 15 11 16 17 14 18 10 22 21 25 27 24 19 23 26 20 33 28 35 32 30 31 29 36 34 45 38 44 40 41 39 42 43 37 50 47 49 48 46 54 51 52 53 59 58 62 56 55 63 61 57 60
 51 54 46 49 48 53 47 50 52 55 56 60 62 63 59 58 57 61 68 67 70 66 71 72 69 64 65  5  4  8  1  7  2  6  9  3 16 11 18 15 13 14 12 10 17 19 21 27 23 24 22 25 26 20 33 30 32 31 29 28 34 35 36 42 41 45 39 38 37 44 40 43
 42 45 37 40 39 44 38 41 43 46 47 51 53 54 50 49 48 52 59 58 61 57 62 63 60 55 56 68 67 71 64 70 65 69 72 66  7  2  9  6  4  5  3  1  8 10 12 18 14 15 13 16 17 11 24 21 23 22 20 19 25 26 27 33 32 36 30 29 28 35 31 34
 24 27 19 22 21 26 20 23 25 28 29 33 35 36 32 31 30 34 41 40 43 39 44 45 42 37 38 50 49 53 46 52 47 51 54 48 61 56 63 60 58 59 57 55 62 64 66 72 68 69 67 70 71 65  6  3  5  4  2  1  7  8  9 15 14 18 12 11 10 17 13 16
 69 72 64 67 66 71 65 68 70  1  2  6  8  9  5  4  3  7 14 13 16 12 17 18 15 10 11 23 22 26 19 25 20 24 27 21 34 29 36 33 31 32 30 28 35 37 39 45 41 42 40 43 44 38 51 48 50 49 47 46 52 53 54 60 59 63 57 56 55 62 58 61
 15 18 10 13 12 17 11 14 16 19 20 24 26 27 23 22 21 25 32 31 34 30 35 36 33 28 29 41 40 44 37 43 38 42 45 39 52 47 54 51 49 50 48 46 53 55 57 63 59 60 58 61 62 56 69 66 68 67 65 64 70 71 72  6  5  9  3  2  1  8  4  7
 60 63 55 58 57 62 56 59 61 64 65 69 71 72 68 67 66 70  5  4  7  3  8  9  6  1  2 14 13 17 10 16 11 15 18 12 25 20 27 24 22 23 21 19 26 28 30 36 32 33 31 34 35 29 42 39 41 40 38 37 43 44 45 51 50 54 48 47 46 53 49 52
  6  9  1  4  3  8  2  5  7 10 11 15 17 18 14 13 12 16 23 22 25 21 26 27 24 19 20 32 31 35 28 34 29 33 36 30 43 38 45 42 40 41 39 37 44 46 48 54 50 51 49 52 53 47 60 57 59 58 56 55 61 62 63 69 68 72 66 65 64 71 67 70
 33 36 28 31 30 35 29 32 34 37 38 42 44 45 41 40 39 43 50 49 52 48 53 54 51 46 47 59 58 62 55 61 56 60 63 57 70 65 72 69 67 68 66 64 71  1  3  9  5  6  4  7  8  2 15 12 14 13 11 10 16 17 18 24 23 27 21 20 19 26 22 25
 16 10 11 14 13 18 12 15 17 20 21 25 27 19 24 23 22 26 33 32 35 31 36 28 34 29 30 42 41 45 38 44 39 43 37 40 53 48 46 52 50 51 49 47 54 56 58 55 60 61 59 62 63 57 70 67 69 68 66 65 71 72 64  7  6  1  4  3  2  9  5  8
 34 28 29 32 31 36 30 33 35 38 39 43 45 37 42 41 40 44 51 50 53 49 54 46 52 47 48 60 59 63 56 62 57 61 55 58 71 66 64 70 68 69 67 65 72  2  4  1  6  7  5  8  9  3 16 13 15 14 12 11 17 18 10 25 24 19 22 21 20 27 23 26
  7  1  2  5  4  9  3  6  8 11 12 16 18 10 15 14 13 17 24 23 26 22 27 19 25 20 21 33 32 36 29 35 30 34 28 31 44 39 37 43 41 42 40 38 45 47 49 46 51 52 50 53 54 48 61 58 60 59 57 56 62 63 55 70 69 64 67 66 65 72 68 71
 25 19 20 23 22 27 21 24 26 29 30 34 36 28 33 32 31 35 42 41 44 40 45 37 43 38 39 51 50 54 47 53 48 52 46 49 62 57 55 61 59 60 58 56 63 65 67 64 69 70 68 71 72 66  7  4  6  5  3  2  8  9  1 16 15 10 13 12 11 18 14 17
 43 37 38 41 40 45 39 42 44 47 48 52 54 46 51 50 49 53 60 59 62 58 63 55 61 56 57 69 68 72 65 71 66 70 64 67  8  3  1  7  5  6  4  2  9 11 13 10 15 16 14 17 18 12 25 22 24 23 21 20 26 27 19 34 33 28 31 30 29 36 32 35
 70 64 65 68 67 72 66 69 71  2  3  7  9  1  6  5  4  8 15 14 17 13 18 10 16 11 12 24 23 27 20 26 21 25 19 22 35 30 28 34 32 33 31 29 36 38 40 37 42 43 41 44 45 39 52 49 51 50 48 47 53 54 46 61 60 55 58 57 56 63 59 62
 61 55 56 59 58 63 57 60 62 65 66 70 72 64 69 68 67 71  6  5  8  4  9  1  7  2  3 15 14 18 11 17 12 16 10 13 26 21 19 25 23 24 22 20 27 29 31 28 33 34 32 35 36 30 43 40 42 41 39 38 44 45 37 52 51 46 49 48 47 54 50 53
 52 46 47 50 49 54 48 51 53 56 57 61 63 55 60 59 58 62 69 68 71 67 72 64 70 65 66  6  5  9  2  8  3  7  1  4 17 12 10 16 14 15 13 11 18 20 22 19 24 25 23 26 27 21 34 31 33 32 30 29 35 36 28 43 42 37 40 39 38 45 41 44
 71 65 66 69 68 64 67 70 72  3  4  8  1  2  7  6  5  9 16 15 18 14 10 11 17 12 13 25 24 19 21 27 22 26 20 23 36 31 29 35 33 34 32 30 28 39 41 38 43 44 42 45 37 40 53 50 52 51 49 48 54 46 47 62 61 56 59 58 57 55 60 63
 35 29 30 33 32 28 31 34 36 39 40 44 37 38 43 42 41 45 52 51 54 50 46 47 53 48 49 61 60 55 57 63 58 62 56 59 72 67 65 71 69 70 68 66 64  3  5  2  7  8  6  9  1  4 17 14 16 15 13 12 18 10 11 26 25 20 23 22 21 19 24 27
 17 11 12 15 14 10 13 16 18 21 22 26 19 20 25 24 23 27 34 33 36 32 28 29 35 30 31 43 42 37 39 45 40 44 38 41 54 49 47 53 51 52 50 48 46 57 59 56 61 62 60 63 55 58 71 68 70 69 67 66 72 64 65  8  7  2  5  4  3  1  6  9
 44 38 39 42 41 37 40 43 45 48 49 53 46 47 52 51 50 54 61 60 63 59 55 56 62 57 58 70 69 64 66 72 67 71 65 68  9  4  2  8  6  7  5  3  1 12 14 11 16 17 15 18 10 13 26 23 25 24 22 21 27 19 20 35 34 29 32 31 30 28 33 36
 53 47 48 51 50 46 49 52 54 57 58 62 55 56 61 60 59 63 70 69 72 68 64 65 71 66 67  7  6  1  3  9  4  8  2  5 18 13 11 17 15 16 14 12 10 21 23 20 25 26 24 27 19 22 35 32 34 33 31 30 36 28 29 44 43 38 41 40 39 37 42 45
 62 56 57 60 59 55 58 61 63 66 67 71 64 65 70 69 68 72  7  6  9  5  1  2  8  3  4 16 15 10 12 18 13 17 11 14 27 22 20 26 24 25 23 21 19 30 32 29 34 35 33 36 28 31 44 41 43 42 40 39 45 37 38 53 52 47 50 49 48 46 51 54
 26 20 21 24 23 19 22 25 27 30 31 35 28 29 34 33 32 36 43 42 45 41 37 38 44 39 40 52 51 46 48 54 49 53 47 50 63 58 56 62 60 61 59 57 55 66 68 65 70 71 69 72 64 67  8  5  7  6  4  3  9  1  2 17 16 11 14 13 12 10 15 18
  8  2  3  6  5  1  4  7  9 12 13 17 10 11 16 15 14 18 25 24 27 23 19 20 26 21 22 34 33 28 30 36 31 35 29 32 45 40 38 44 42 43 41 39 37 48 50 47 52 53 51 54 46 49 62 59 61 60 58 57 63 55 56 71 70 65 68 67 66 64 69 72
 18 12 13 16 15 11 14 17 10 22 23 27 20 21 26 25 24 19 35 34 28 33 29 30 36 31 32 44 43 38 40 37 41 45 39 42 46 50 48 54 52 53 51 49 47 58 60 57 62 63 61 55 56 59 72 69 71 70 68 67 64 65 66  9  8  3  6  5  4  2  7  1
 27 21 22 25 24 20 23 26 19 31 32 36 29 30 35 34 33 28 44 43 37 42 38 39 45 40 41 53 52 47 49 46 50 54 48 51 55 59 57 63 61 62 60 58 56 67 69 66 71 72 70 64 65 68  9  6  8  7  5  4  1  2  3 18 17 12 15 14 13 11 16 10
 36 30 31 34 33 29 32 35 28 40 41 45 38 39 44 43 42 37 53 52 46 51 47 48 54 49 50 62 61 56 58 55 59 63 57 60 64 68 66 72 70 71 69 67 65  4  6  3  8  9  7  1  2  5 18 15 17 16 14 13 10 11 12 27 26 21 24 23 22 20 25 19
 54 48 49 52 51 47 50 53 46 58 59 63 56 57 62 61 60 55 71 70 64 69 65 66 72 67 68  8  7  2  4  1  5  9  3  6 10 14 12 18 16 17 15 13 11 22 24 21 26 27 25 19 20 23 36 33 35 34 32 31 28 29 30 45 44 39 42 41 40 38 43 37
 72 66 67 70 69 65 68 71 64  4  5  9  2  3  8  7  6  1 17 16 10 15 11 12 18 13 14 26 25 20 22 19 23 27 21 24 28 32 30 36 34 35 33 31 29 40 42 39 44 45 43 37 38 41 54 51 53 52 50 49 46 47 48 63 62 57 60 59 58 56 61 55
 45 39 40 43 42 38 41 44 37 49 50 54 47 48 53 52 51 46 62 61 55 60 56 57 63 58 59 71 70 65 67 64 68 72 66 69  1  5  3  9  7  8  6  4  2 13 15 12 17 18 16 10 11 14 27 24 26 25 23 22 19 20 21 36 35 30 33 32 31 29 34 28
  9  3  4  7  6  2  5  8  1 13 14 18 11 12 17 16 15 10 26 25 19 24 20 21 27 22 23 35 34 29 31 28 32 36 30 33 37 41 39 45 43 44 42 40 38 49 51 48 53 54 52 46 47 50 63 60 62 61 59 58 55 56 57 72 71 66 69 68 67 65 70 64
 63 57 58 61 60 56 59 62 55 67 68 72 65 66 71 70 69 64  8  7  1  6  2  3  9  4  5 17 16 11 13 10 14 18 12 15 19 23 21 27 25 26 24 22 20 31 33 30 35 36 34 28 29 32 45 42 44 43 41 40 37 38 39 54 53 48 51 50 49 47 52 46
