 32 36 30 34 28 35 33 31 29 43 41 40 38 45 37 39 42 44 53 52 46 48 51 54 47 49 50 55 63 62 59 58 57 61 56 60 65 64 69 68 70 66 67 72 71  2  4  1  3  9  6  8  7  5 10 11 17 14 13 12 18 15 16 26 20 22 23 21 24 25 19 27
 50 54 48 52 46 53 51 49 47 61 59 58 56 63 55 57 60 62 71 70 64 66 69 72 65 67 68  1  9  8  5  4  3  7  2  6 11 10 15 14 16 12 13 18 17 20 22 19 21 27 24 26 25 23 28 29 35 32 31 30 36 33 34 44 38 40 41 39 42 43 37 45
 68 72 66 70 64 71 69 67 65  7  5  4  2  9  1  3  6  8 17 16 10 12 15 18 11 13 14 19 27 26 23 22 21 25 20 24 29 28 33 32 34 30 31 36 35 38 40 37 39 45 42 44 43 41 46 47 53 50 49 48 54 51 52 62 56 58 59 57 60 61 55 63
 23 27 21 25 19 26 24 22 20 34 32 31 29 36 28 30 33 35 44 43 37 39 42 45 38 40 41 46 54 53 50 49 48 52 47 51 56 55 60 59 61 57 58 63 62 65 67 64 66 72 69 71 70 68  1  2  8  5  4  3  9  6  7 17 11 13 14 12 15 16 10 18
 41 45 39 43 37 44 42 40 38 52 50 49 47 54 46 48 51 53 62 61 55 57 60 63 56 58 59 64 72 71 68 67 66 70 65 69  2  1  6  5  7  3  4  9  8 11 13 10 12 18 15 17 16 14 19 20 26 23 22 21 27 24 25 35 29 31 32 30 33 34 28 36
 59 63 57 61 55 62 60 58 56 70 68 67 65 72 64 66 69 71  8  7  1  3  6  9  2  4  5 10 18 17 14 13 12 16 11 15 20 19 24 23 25 21 22 27 26 29 31 28 30 36 33 35 34 32 37 38 44 41 40 39 45 42 43 53 47 49 50 48 51 52 46 54
  5  9  3  7  1  8  6  4  2 16 14 13 11 18 10 12 15 17 26 25 19 21 24 27 20 22 23 28 36 35 32 31 30 34 29 33 38 37 42 41 43 39 40 45 44 47 49 46 48 54 51 53 52 50 55 56 62 59 58 57 63 60 61 71 65 67 68 66 69 70 64 72
 14 18 12 16 10 17 15 13 11 25 23 22 20 27 19 21 24 26 35 34 28 30 33 36 29 31 32 37 45 44 41 40 39 43 38 42 47 46 51 50 52 48 49 54 53 56 58 55 57 63 60 62 61 59 64 65 71 68 67 66 72 69 70  8  2  4  5  3  6  7  1  9
 42 37 40 44 38 45 43 41 39 53 51 50 48 46 47 49 52 54 63 62 56 58 61 55 57 59 60 65 64 72 69 68 67 71 66 70  3  2  7  6  8  4  5  1  9 12 14 11 13 10 16 18 17 15 20 21 27 24 23 22 19 25 26 36 30 32 33 31 34 35 29 28
 33 28 31 35 29 36 34 32 30 44 42 41 39 37 38 40 43 45 54 53 47 49 52 46 48 50 51 56 55 63 60 59 58 62 57 61 66 65 70 69 71 67 68 64 72  3  5  2  4  1  7  9  8  6 11 12 18 15 14 13 10 16 17 27 21 23 24 22 25 26 20 19
  6  1  4  8  2  9  7  5  3 17 15 14 12 10 11 13 16 18 27 26 20 22 25 19 21 23 24 29 28 36 33 32 31 35 30 34 39 38 43 42 44 40 41 37 45 48 50 47 49 46 52 54 53 51 56 57 63 60 59 58 55 61 62 72 66 68 69 67 70 71 65 64
 24 19 22 26 20 27 25 23 21 35 33 32 30 28 29 31 34 36 45 44 38 40 43 37 39 41 42 47 46 54 51 50 49 53 48 52 57 56 61 60 62 58 59 55 63 66 68 65 67 64 70 72 71 69  2  3  9  6  5  4  1  7  8 18 12 14 15 13 16 17 11 10
 69 64 67 71 65 72 70 68 66  8  6  5  3  1  2  4  7  9 18 17 11 13 16 10 12 14 15 20 19 27 24 23 22 26 21 25 30 29 34 33 35 31 32 28 36 39 41 38 40 37 43 45 44 42 47 48 54 51 50 49 46 52 53 63 57 59 60 58 61 62 56 55
 60 55 58 62 56 63 61 59 57 71 69 68 66 64 65 67 70 72  9  8  2  4  7  1  3  5  6 11 10 18 15 14 13 17 12 16 21 20 25 24 26 22 23 19 27 30 32 29 31 28 34 36 35 33 38 39 45 42 41 40 37 43 44 54 48 50 51 49 52 53 47 46
 15 10 13 17 11 18 16 14 12 26 24 23 21 19 20 22 25 27 36 35 29 31 34 28 30 32 33 38 37 45 42 41 40 44 39 43 48 47 52 51 53 49 50 46 54 57 59 56 58 55 61 63 62 60 65 66 72 69 68 67 64 70 71  9  3  5  6  4  7  8  2  1
 51 46 49 53 47 54 52 50 48 62 60 59 57 55 56 58 61 63 72 71 65 67 70 64 66 68 69  2  1  9  6  5  4  8  3  7 12 11 16 15 17 13 14 10 18 21 23 20 22 19 25 27 26 24 29 30 36 33 32 31 28 34 35 45 39 41 42 40 43 44 38 37
 34 29 32 36 30 28 35 33 31 45 43 42 40 38 39 41 44 37 46 54 48 50 53 47 49 51 52 57 56 55 61 60 59 63 58 62 67 66 71 70 72 68 69 65 64  4  6  3  5  2  8  1  9  7 12 13 10 16 15 14 11 17 18 19 22 24 25 23 26 27 21 20
 25 20 23 27 21 19 26 24 22 36 34 33 31 29 30 32 35 28 37 45 39 41 44 38 40 42 43 48 47 46 52 51 50 54 49 53 58 57 62 61 63 59 60 56 55 67 69 66 68 65 71 64 72 70  3  4  1  7  6  5  2  8  9 10 13 15 16 14 17 18 12 11
  7  2  5  9  3  1  8  6  4 18 16 15 13 11 12 14 17 10 19 27 21 23 26 20 22 24 25 30 29 28 34 33 32 36 31 35 40 39 44 43 45 41 42 38 37 49 51 48 50 47 53 46 54 52 57 58 55 61 60 59 56 62 63 64 67 69 70 68 71 72 66 65
 52 47 50 54 48 46 53 51 49 63 61 60 58 56 57 59 62 55 64 72 66 68 71 65 67 69 70  3  2  1  7  6  5  9  4  8 13 12 17 16 18 14 15 11 10 22 24 21 23 20 26 19 27 25 30 31 28 34 33 32 29 35 36 37 40 42 43 41 44 45 39 38
 16 11 14 18 12 10 17 15 13 27 25 24 22 20 21 23 26 19 28 36 30 32 35 29 31 33 34 39 38 37 43 42 41 45 40 44 49 48 53 52 54 50 51 47 46 58 60 57 59 56 62 55 63 61 66 67 64 70 69 68 65 71 72  1  4  6  7  5  8  9  3  2
 61 56 59 63 57 55 62 60 58 72 70 69 67 65 66 68 71 64  1  9  3  5  8  2  4  6  7 12 11 10 16 15 14 18 13 17 22 21 26 25 27 23 24 20 19 31 33 30 32 29 35 28 36 34 39 40 37 43 42 41 38 44 45 46 49 51 52 50 53 54 48 47
 70 65 68 72 66 64 71 69 67  9  7  6  4  2  3  5  8  1 10 18 12 14 17 11 13 15 16 21 20 19 25 24 23 27 22 26 31 30 35 34 36 32 33 29 28 40 42 39 41 38 44 37 45 43 48 49 46 52 51 50 47 53 54 55 58 60 61 59 62 63 57 56
 43 38 41 45 39 37 44 42 40 54 52 51 49 47 48 50 53 46 55 63 57 59 62 56 58 60 61 66 65 64 70 69 68 72 67 71  4  3  8  7  9  5  6  2  1 13 15 12 14 11 17 10 18 16 21 22 19 25 24 23 20 26 27 28 31 33 34 32 35 36 30 29
  8  3  6  1  4  2  9  7  5 10 17 16 14 12 13 15 18 11 20 19 22 24 27 21 23 25 26 31 30 29 35 34 33 28 32 36 41 40 45 44 37 42 43 39 38 50 52 49 51 48 54 47 46 53 58 59 56 62 61 60 57 63 55 65 68 70 71 69 72 64 67 66
 35 30 33 28 31 29 36 34 32 37 44 43 41 39 40 42 45 38 47 46 49 51 54 48 50 52 53 58 57 56 62 61 60 55 59 63 68 67 72 71 64 69 70 66 65  5  7  4  6  3  9  2  1  8 13 14 11 17 16 15 12 18 10 20 23 25 26 24 27 19 22 21
 26 21 24 19 22 20 27 25 23 28 35 34 32 30 31 33 36 29 38 37 40 42 45 39 41 43 44 49 48 47 53 52 51 46 50 54 59 58 63 62 55 60 61 57 56 68 70 67 69 66 72 65 64 71  4  5  2  8  7  6  3  9  1 11 14 16 17 15 18 10 13 12
 71 66 69 64 67 65 72 70 68  1  8  7  5  3  4  6  9  2 11 10 13 15 18 12 14 16 17 22 21 20 26 25 24 19 23 27 32 31 36 35 28 33 34 30 29 41 43 40 42 39 45 38 37 44 49 50 47 53 52 51 48 54 46 56 59 61 62 60 63 55 58 57
 53 48 51 46 49 47 54 52 50 55 62 61 59 57 58 60 63 56 65 64 67 69 72 66 68 70 71  4  3  2  8  7  6  1  5  9 14 13 18 17 10 15 16 12 11 23 25 22 24 21 27 20 19 26 31 32 29 35 34 33 30 36 28 38 41 43 44 42 45 37 40 39
 17 12 15 10 13 11 18 16 14 19 26 25 23 21 22 24 27 20 29 28 31 33 36 30 32 34 35 40 39 38 44 43 42 37 41 45 50 49 54 53 46 51 52 48 47 59 61 58 60 57 63 56 55 62 67 68 65 71 70 69 66 72 64  2  5  7  8  6  9  1  4  3
 44 39 42 37 40 38 45 43 41 46 53 52 50 48 49 51 54 47 56 55 58 60 63 57 59 61 62 67 66 65 71 70 69 64 68 72  5  4  9  8  1  6  7  3  2 14 16 13 15 12 18 11 10 17 22 23 20 26 25 24 21 27 19 29 32 34 35 33 36 28 31 30
 62 57 60 55 58 56 63 61 59 64 71 70 68 66 67 69 72 65  2  1  4  6  9  3  5  7  8 13 12 11 17 16 15 10 14 18 23 22 27 26 19 24 25 21 20 32 34 31 33 30 36 29 28 35 40 41 38 44 43 42 39 45 37 47 50 52 53 51 54 46 49 48
 36 31 34 29 32 30 28 35 33 38 45 44 42 40 41 43 37 39 48 47 50 52 46 49 51 53 54 59 58 57 63 62 61 56 60 55 69 68 64 72 65 70 71 67 66  6  8  5  7  4  1  3  2  9 14 15 12 18 17 16 13 10 11 21 24 26 27 25 19 20 23 22
 18 13 16 11 14 12 10 17 15 20 27 26 24 22 23 25 19 21 30 29 32 34 28 31 33 35 36 41 40 39 45 44 43 38 42 37 51 50 46 54 47 52 53 49 48 60 62 59 61 58 55 57 56 63 68 69 66 72 71 70 67 64 65  3  6  8  9  7  1  2  5  4
 72 67 70 65 68 66 64 71 69  2  9  8  6  4  5  7  1  3 12 11 14 16 10 13 15 17 18 23 22 21 27 26 25 20 24 19 33 32 28 36 29 34 35 31 30 42 44 41 43 40 37 39 38 45 50 51 48 54 53 52 49 46 47 57 60 62 63 61 55 56 59 58
 63 58 61 56 59 57 55 62 60 65 72 71 69 67 68 70 64 66  3  2  5  7  1  4  6  8  9 14 13 12 18 17 16 11 15 10 24 23 19 27 20 25 26 22 21 33 35 32 34 31 28 30 29 36 41 42 39 45 44 43 40 37 38 48 51 53 54 52 46 47 50 49
 45 40 43 38 41 39 37 44 42 47 54 53 51 49 50 52 46 48 57 56 59 61 55 58 60 62 63 68 67 66 72 71 70 65 69 64  6  5  1  9  2  7  8  4  3 15 17 14 16 13 10 12 11 18 23 24 21 27 26 25 22 19 20 30 33 35 36 34 28 29 32 31
 27 22 25 20 23 21 19 26 24 29 36 35 33 31 32 34 28 30 39 38 41 43 37 40 42 44 45 50 49 48 54 53 52 47 51 46 60 59 55 63 56 61 62 58 57 69 71 68 70 67 64 66 65 72  5  6  3  9  8  7  4  1  2 12 15 17 18 16 10 11 14 13
 54 49 52 47 50 48 46 53 51 56 63 62 60 58 59 61 55 57 66 65 68 70 64 67 69 71 72  5  4  3  9  8  7  2  6  1 15 14 10 18 11 16 17 13 12 24 26 23 25 22 19 21 20 27 32 33 30 36 35 34 31 28 29 39 42 44 45 43 37 38 41 40
  9  4  7  2  5  3  1  8  6 11 18 17 15 13 14 16 10 12 21 20 23 25 19 22 24 26 27 32 31 30 36 35 34 29 33 28 42 41 37 45 38 43 44 40 39 51 53 50 52 49 46 48 47 54 59 60 57 63 62 61 58 55 56 66 69 71 72 70 64 65 68 67
 46 50 53 48 51 49 47 54 52 57 55 63 61 59 60 62 56 58 67 66 69 71 65 68 70 72 64  6  5  4  1  9  8  3  7  2 16 15 11 10 12 17 18 14 13 25 27 24 26 23 20 22 21 19 33 34 31 28 36 35 32 29 30 40 43 45 37 44 38 39 42 41
 10 14 17 12 15 13 11 18 16 21 19 27 25 23 24 26 20 22 31 30 33 35 29 32 34 36 28 42 41 40 37 45 44 39 43 38 52 51 47 46 48 53 54 50 49 61 63 60 62 59 56 58 57 55 69 70 67 64 72 71 68 65 66  4  7  9  1  8  2  3  6  5
 19 23 26 21 24 22 20 27 25 30 28 36 34 32 33 35 29 31 40 39 42 44 38 41 43 45 37 51 50 49 46 54 53 48 52 47 61 60 56 55 57 62 63 59 58 70 72 69 71 68 65 67 66 64  6  7  4  1  9  8  5  2  3 13 16 18 10 17 11 12 15 14
 37 41 44 39 42 40 38 45 43 48 46 54 52 50 51 53 47 49 58 57 60 62 56 59 61 63 55 69 68 67 64 72 71 66 70 65  7  6  2  1  3  8  9  5  4 16 18 15 17 14 11 13 12 10 24 25 22 19 27 26 23 20 21 31 34 36 28 35 29 30 33 32
  1  5  8  3  6  4  2  9  7 12 10 18 16 14 15 17 11 13 22 21 24 26 20 23 25 27 19 33 32 31 28 36 35 30 34 29 43 42 38 37 39 44 45 41 40 52 54 51 53 50 47 49 48 46 60 61 58 55 63 62 59 56 57 67 70 72 64 71 65 66 69 68
 28 32 35 30 33 31 29 36 34 39 37 45 43 41 42 44 38 40 49 48 51 53 47 50 52 54 46 60 59 58 55 63 62 57 61 56 70 69 65 64 66 71 72 68 67  7  9  6  8  5  2  4  3  1 15 16 13 10 18 17 14 11 12 22 25 27 19 26 20 21 24 23
 55 59 62 57 60 58 56 63 61 66 64 72 70 68 69 71 65 67  4  3  6  8  2  5  7  9  1 15 14 13 10 18 17 12 16 11 25 24 20 19 21 26 27 23 22 34 36 33 35 32 29 31 30 28 42 43 40 37 45 44 41 38 39 49 52 54 46 53 47 48 51 50
 64 68 71 66 69 67 65 72 70  3  1  9  7  5  6  8  2  4 13 12 15 17 11 14 16 18 10 24 23 22 19 27 26 21 25 20 34 33 29 28 30 35 36 32 31 43 45 42 44 41 38 40 39 37 51 52 49 46 54 53 50 47 48 58 61 63 55 62 56 57 60 59
 65 69 72 67 70 68 66 64 71  4  2  1  8  6  7  9  3  5 14 13 16 18 12 15 17 10 11 25 24 23 20 19 27 22 26 21 35 34 30 29 31 36 28 33 32 44 37 43 45 42 39 41 40 38 52 53 50 47 46 54 51 48 49 59 62 55 56 63 57 58 61 60
 11 15 18 13 16 14 12 10 17 22 20 19 26 24 25 27 21 23 32 31 34 36 30 33 35 28 29 43 42 41 38 37 45 40 44 39 53 52 48 47 49 54 46 51 50 62 55 61 63 60 57 59 58 56 70 71 68 65 64 72 69 66 67  5  8  1  2  9  3  4  7  6
 20 24 27 22 25 23 21 19 26 31 29 28 35 33 34 36 30 32 41 40 43 45 39 42 44 37 38 52 51 50 47 46 54 49 53 48 62 61 57 56 58 63 55 60 59 71 64 70 72 69 66 68 67 65  7  8  5  2  1  9  6  3  4 14 17 10 11 18 12 13 16 15
 47 51 54 49 52 50 48 46 53 58 56 55 62 60 61 63 57 59 68 67 70 72 66 69 71 64 65  7  6  5  2  1  9  4  8  3 17 16 12 11 13 18 10 15 14 26 19 25 27 24 21 23 22 20 34 35 32 29 28 36 33 30 31 41 44 37 38 45 39 40 43 42
 38 42 45 40 43 41 39 37 44 49 47 46 53 51 52 54 48 50 59 58 61 63 57 60 62 55 56 70 69 68 65 64 72 67 71 66  8  7  3  2  4  9  1  6  5 17 10 16 18 15 12 14 13 11 25 26 23 20 19 27 24 21 22 32 35 28 29 36 30 31 34 33
  2  6  9  4  7  5  3  1  8 13 11 10 17 15 16 18 12 14 23 22 25 27 21 24 26 19 20 34 33 32 29 28 36 31 35 30 44 43 39 38 40 45 37 42 41 53 46 52 54 51 48 50 49 47 61 62 59 56 55 63 60 57 58 68 71 64 65 72 66 67 70 69
 56 60 63 58 61 59 57 55 62 67 65 64 71 69 70 72 66 68  5  4  7  9  3  6  8  1  2 16 15 14 11 10 18 13 17 12 26 25 21 20 22 27 19 24 23 35 28 34 36 33 30 32 31 29 43 44 41 38 37 45 42 39 40 50 53 46 47 54 48 49 52 51
 29 33 36 31 34 32 30 28 35 40 38 37 44 42 43 45 39 41 50 49 52 54 48 51 53 46 47 61 60 59 56 55 63 58 62 57 71 70 66 65 67 72 64 69 68  8  1  7  9  6  3  5  4  2 16 17 14 11 10 18 15 12 13 23 26 19 20 27 21 22 25 24
 66 70 64 68 71 69 67 65 72  5  3  2  9  7  8  1  4  6 15 14 17 10 13 16 18 11 12 26 25 24 21 20 19 23 27 22 36 35 31 30 32 28 29 34 33 45 38 44 37 43 40 42 41 39 53 54 51 48 47 46 52 49 50 60 63 56 57 55 58 59 62 61
 57 61 55 59 62 60 58 56 63 68 66 65 72 70 71 64 67 69  6  5  8  1  4  7  9  2  3 17 16 15 12 11 10 14 18 13 27 26 22 21 23 19 20 25 24 36 29 35 28 34 31 33 32 30 44 45 42 39 38 37 43 40 41 51 54 47 48 46 49 50 53 52
 39 43 37 41 44 42 40 38 45 50 48 47 54 52 53 46 49 51 60 59 62 55 58 61 63 56 57 71 70 69 66 65 64 68 72 67  9  8  4  3  5  1  2  7  6 18 11 17 10 16 13 15 14 12 26 27 24 21 20 19 25 22 23 33 36 29 30 28 31 32 35 34
 48 52 46 50 53 51 49 47 54 59 57 56 63 61 62 55 58 60 69 68 71 64 67 70 72 65 66  8  7  6  3  2  1  5  9  4 18 17 13 12 14 10 11 16 15 27 20 26 19 25 22 24 23 21 35 36 33 30 29 28 34 31 32 42 45 38 39 37 40 41 44 43
 21 25 19 23 26 24 22 20 27 32 30 29 36 34 35 28 31 33 42 41 44 37 40 43 45 38 39 53 52 51 48 47 46 50 54 49 63 62 58 57 59 55 56 61 60 72 65 71 64 70 67 69 68 66  8  9  6  3  2  1  7  4  5 15 18 11 12 10 13 14 17 16
  3  7  1  5  8  6  4  2  9 14 12 11 18 16 17 10 13 15 24 23 26 19 22 25 27 20 21 35 34 33 30 29 28 32 36 31 45 44 40 39 41 37 38 43 42 54 47 53 46 52 49 51 50 48 62 63 60 57 56 55 61 58 59 69 72 65 66 64 67 68 71 70
 12 16 10 14 17 15 13 11 18 23 21 20 27 25 26 19 22 24 33 32 35 28 31 34 36 29 30 44 43 42 39 38 37 41 45 40 54 53 49 48 50 46 47 52 51 63 56 62 55 61 58 60 59 57 71 72 69 66 65 64 70 67 68  6  9  2  3  1  4  5  8  7
 30 34 28 32 35 33 31 29 36 41 39 38 45 43 44 37 40 42 51 50 53 46 49 52 54 47 48 62 61 60 57 56 55 59 63 58 72 71 67 66 68 64 65 70 69  9  2  8  1  7  4  6  5  3 17 18 15 12 11 10 16 13 14 24 27 20 21 19 22 23 26 25
 49 53 47 51 54 52 50 48 46 60 58 57 55 62 63 56 59 61 70 69 72 65 68 71 64 66 67  9  8  7  4  3  2  6  1  5 10 18 14 13 15 11 12 17 16 19 21 27 20 26 23 25 24 22 36 28 34 31 30 29 35 32 33 43 37 39 40 38 41 42 45 44
 13 17 11 15 18 16 14 12 10 24 22 21 19 26 27 20 23 25 34 33 36 29 32 35 28 30 31 45 44 43 40 39 38 42 37 41 46 54 50 49 51 47 48 53 52 55 57 63 56 62 59 61 60 58 72 64 70 67 66 65 71 68 69  7  1  3  4  2  5  6  9  8
 58 62 56 60 63 61 59 57 55 69 67 66 64 71 72 65 68 70  7  6  9  2  5  8  1  3  4 18 17 16 13 12 11 15 10 14 19 27 23 22 24 20 21 26 25 28 30 36 29 35 32 34 33 31 45 37 43 40 39 38 44 41 42 52 46 48 49 47 50 51 54 53
 31 35 29 33 36 34 32 30 28 42 40 39 37 44 45 38 41 43 52 51 54 47 50 53 46 48 49 63 62 61 58 57 56 60 55 59 64 72 68 67 69 65 66 71 70  1  3  9  2  8  5  7  6  4 18 10 16 13 12 11 17 14 15 25 19 21 22 20 23 24 27 26
  4  8  2  6  9  7  5  3  1 15 13 12 10 17 18 11 14 16 25 24 27 20 23 26 19 21 22 36 35 34 31 30 29 33 28 32 37 45 41 40 42 38 39 44 43 46 48 54 47 53 50 52 51 49 63 55 61 58 57 56 62 59 60 70 64 66 67 65 68 69 72 71
 22 26 20 24 27 25 23 21 19 33 31 30 28 35 36 29 32 34 43 42 45 38 41 44 37 39 40 54 53 52 49 48 47 51 46 50 55 63 59 58 60 56 57 62 61 64 66 72 65 71 68 70 69 67  9  1  7  4  3  2  8  5  6 16 10 12 13 11 14 15 18 17
 67 71 65 69 72 70 68 66 64  6  4  3  1  8  9  2  5  7 16 15 18 11 14 17 10 12 13 27 26 25 22 21 20 24 19 23 28 36 32 31 33 29 30 35 34 37 39 45 38 44 41 43 42 40 54 46 52 49 48 47 53 50 51 61 55 57 58 56 59 60 63 62
 40 44 38 42 45 43 41 39 37 51 49 48 46 53 54 47 50 52 61 60 63 56 59 62 55 57 58 72 71 70 67 66 65 69 64 68  1  9  5  4  6  2  3  8  7 10 12 18 11 17 14 16 15 13 27 19 25 22 21 20 26 23 24 34 28 30 31 29 32 33 36 35
