 35 34 32 29 31 33 36 30 28 39 43 41 37 42 44 38 40 45 50 46 47 52 49 48 51 54 53 63 61 62 58 59 60 56 57 55 70 67 72 68 64 69 71 66 65  9  1  4  2  6  3  5  7  8 11 14 17 13 15 16 18 10 12 26 19 21 22 24 25 23 20 27
 71 70 68 65 67 69 72 66 64  3  7  5  1  6  8  2  4  9 14 10 11 16 13 12 15 18 17 27 25 26 22 23 24 20 21 19 34 31 36 32 28 33 35 30 29 45 37 40 38 42 39 41 43 44 47 50 53 49 51 52 54 46 48 62 55 57 58 60 61 59 56 63
 44 43 41 38 40 42 45 39 37 48 52 50 46 51 53 47 49 54 59 55 56 61 58 57 60 63 62 72 70 71 67 68 69 65 66 64  7  4  9  5  1  6  8  3  2 18 10 13 11 15 12 14 16 17 20 23 26 22 24 25 27 19 21 35 28 30 31 33 34 32 29 36
 26 25 23 20 22 24 27 21 19 30 34 32 28 33 35 29 31 36 41 37 38 43 40 39 42 45 44 54 52 53 49 50 51 47 48 46 61 58 63 59 55 60 62 57 56 72 64 67 65 69 66 68 70 71  2  5  8  4  6  7  9  1  3 17 10 12 13 15 16 14 11 18
 62 61 59 56 58 60 63 57 55 66 70 68 64 69 71 65 67 72  5  1  2  7  4  3  6  9  8 18 16 17 13 14 15 11 12 10 25 22 27 23 19 24 26 21 20 36 28 31 29 33 30 32 34 35 38 41 44 40 42 43 45 37 39 53 46 48 49 51 52 50 47 54
 17 16 14 11 13 15 18 12 10 21 25 23 19 24 26 20 22 27 32 28 29 34 31 30 33 36 35 45 43 44 40 41 42 38 39 37 52 49 54 50 46 51 53 48 47 63 55 58 56 60 57 59 61 62 65 68 71 67 69 70 72 64 66  8  1  3  4  6  7  5  2  9
  8  7  5  2  4  6  9  3  1 12 16 14 10 15 17 11 13 18 23 19 20 25 22 21 24 27 26 36 34 35 31 32 33 29 30 28 43 40 45 41 37 42 44 39 38 54 46 49 47 51 48 50 52 53 56 59 62 58 60 61 63 55 57 71 64 66 67 69 70 68 65 72
 53 52 50 47 49 51 54 48 46 57 61 59 55 60 62 56 58 63 68 64 65 70 67 66 69 72 71  9  7  8  4  5  6  2  3  1 16 13 18 14 10 15 17 12 11 27 19 22 20 24 21 23 25 26 29 32 35 31 33 34 36 28 30 44 37 39 40 42 43 41 38 45
  9  8  6  3  5  7  1  4  2 13 17 15 11 16 18 12 14 10 24 20 21 26 23 22 25 19 27 28 35 36 32 33 34 30 31 29 44 41 37 42 38 43 45 40 39 46 47 50 48 52 49 51 53 54 57 60 63 59 61 62 55 56 58 72 65 67 68 70 71 69 66 64
 54 53 51 48 50 52 46 49 47 58 62 60 56 61 63 57 59 55 69 65 66 71 68 67 70 64 72  1  8  9  5  6  7  3  4  2 17 14 10 15 11 16 18 13 12 19 20 23 21 25 22 24 26 27 30 33 36 32 34 35 28 29 31 45 38 40 41 43 44 42 39 37
 36 35 33 30 32 34 28 31 29 40 44 42 38 43 45 39 41 37 51 47 48 53 50 49 52 46 54 55 62 63 59 60 61 57 58 56 71 68 64 69 65 70 72 67 66  1  2  5  3  7  4  6  8  9 12 15 18 14 16 17 10 11 13 27 20 22 23 25 26 24 21 19
 18 17 15 12 14 16 10 13 11 22 26 24 20 25 27 21 23 19 33 29 30 35 32 31 34 28 36 37 44 45 41 42 43 39 40 38 53 50 46 51 47 52 54 49 48 55 56 59 57 61 58 60 62 63 66 69 72 68 70 71 64 65 67  9  2  4  5  7  8  6  3  1
 45 44 42 39 41 43 37 40 38 49 53 51 47 52 54 48 50 46 60 56 57 62 59 58 61 55 63 64 71 72 68 69 70 66 67 65  8  5  1  6  2  7  9  4  3 10 11 14 12 16 13 15 17 18 21 24 27 23 25 26 19 20 22 36 29 31 32 34 35 33 30 28
 72 71 69 66 68 70 64 67 65  4  8  6  2  7  9  3  5  1 15 11 12 17 14 13 16 10 18 19 26 27 23 24 25 21 22 20 35 32 28 33 29 34 36 31 30 37 38 41 39 43 40 42 44 45 48 51 54 50 52 53 46 47 49 63 56 58 59 61 62 60 57 55
 27 26 24 21 23 25 19 22 20 31 35 33 29 34 36 30 32 28 42 38 39 44 41 40 43 37 45 46 53 54 50 51 52 48 49 47 62 59 55 60 56 61 63 58 57 64 65 68 66 70 67 69 71 72  3  6  9  5  7  8  1  2  4 18 11 13 14 16 17 15 12 10
 63 62 60 57 59 61 55 58 56 67 71 69 65 70 72 66 68 64  6  2  3  8  5  4  7  1  9 10 17 18 14 15 16 12 13 11 26 23 19 24 20 25 27 22 21 28 29 32 30 34 31 33 35 36 39 42 45 41 43 44 37 38 40 54 47 49 50 52 53 51 48 46
 55 63 61 58 60 62 56 59 57 68 72 70 66 71 64 67 69 65  7  3  4  9  6  5  8  2  1 11 18 10 15 16 17 13 14 12 27 24 20 25 21 26 19 23 22 29 30 33 31 35 32 34 36 28 40 43 37 42 44 45 38 39 41 46 48 50 51 53 54 52 49 47
 28 36 34 31 33 35 29 32 30 41 45 43 39 44 37 40 42 38 52 48 49 54 51 50 53 47 46 56 63 55 60 61 62 58 59 57 72 69 65 70 66 71 64 68 67  2  3  6  4  8  5  7  9  1 13 16 10 15 17 18 11 12 14 19 21 23 24 26 27 25 22 20
  1  9  7  4  6  8  2  5  3 14 18 16 12 17 10 13 15 11 25 21 22 27 24 23 26 20 19 29 36 28 33 34 35 31 32 30 45 42 38 43 39 44 37 41 40 47 48 51 49 53 50 52 54 46 58 61 55 60 62 63 56 57 59 64 66 68 69 71 72 70 67 65
 37 45 43 40 42 44 38 41 39 50 54 52 48 53 46 49 51 47 61 57 58 63 60 59 62 56 55 65 72 64 69 70 71 67 68 66  9  6  2  7  3  8  1  5  4 11 12 15 13 17 14 16 18 10 22 25 19 24 26 27 20 21 23 28 30 32 33 35 36 34 31 29
 10 18 16 13 15 17 11 14 12 23 27 25 21 26 19 22 24 20 34 30 31 36 33 32 35 29 28 38 45 37 42 43 44 40 41 39 54 51 47 52 48 53 46 50 49 56 57 60 58 62 59 61 63 55 67 70 64 69 71 72 65 66 68  1  3  5  6  8  9  7  4  2
 19 27 25 22 24 26 20 23 21 32 36 34 30 35 28 31 33 29 43 39 40 45 42 41 44 38 37 47 54 46 51 52 53 49 50 48 63 60 56 61 57 62 55 59 58 65 66 69 67 71 68 70 72 64  4  7  1  6  8  9  2  3  5 10 12 14 15 17 18 16 13 11
 64 72 70 67 69 71 65 68 66  5  9  7  3  8  1  4  6  2 16 12 13 18 15 14 17 11 10 20 27 19 24 25 26 22 23 21 36 33 29 34 30 35 28 32 31 38 39 42 40 44 41 43 45 37 49 52 46 51 53 54 47 48 50 55 57 59 60 62 63 61 58 56
 46 54 52 49 51 53 47 50 48 59 63 61 57 62 55 58 60 56 70 66 67 72 69 68 71 65 64  2  9  1  6  7  8  4  5  3 18 15 11 16 12 17 10 14 13 20 21 24 22 26 23 25 27 19 31 34 28 33 35 36 29 30 32 37 39 41 42 44 45 43 40 38
 29 28 35 32 34 36 30 33 31 42 37 44 40 45 38 41 43 39 53 49 50 46 52 51 54 48 47 57 55 56 61 62 63 59 60 58 64 70 66 71 67 72 65 69 68  3  4  7  5  9  6  8  1  2 14 17 11 16 18 10 12 13 15 20 22 24 25 27 19 26 23 21
 20 19 26 23 25 27 21 24 22 33 28 35 31 36 29 32 34 30 44 40 41 37 43 42 45 39 38 48 46 47 52 53 54 50 51 49 55 61 57 62 58 63 56 60 59 66 67 70 68 72 69 71 64 65  5  8  2  7  9  1  3  4  6 11 13 15 16 18 10 17 14 12
 56 55 62 59 61 63 57 60 58 69 64 71 67 72 65 68 70 66  8  4  5  1  7  6  9  3  2 12 10 11 16 17 18 14 15 13 19 25 21 26 22 27 20 24 23 30 31 34 32 36 33 35 28 29 41 44 38 43 45 37 39 40 42 47 49 51 52 54 46 53 50 48
  2  1  8  5  7  9  3  6  4 15 10 17 13 18 11 14 16 12 26 22 23 19 25 24 27 21 20 30 28 29 34 35 36 32 33 31 37 43 39 44 40 45 38 42 41 48 49 52 50 54 51 53 46 47 59 62 56 61 63 55 57 58 60 65 67 69 70 72 64 71 68 66
 11 10 17 14 16 18 12 15 13 24 19 26 22 27 20 23 25 21 35 31 32 28 34 33 36 30 29 39 37 38 43 44 45 41 42 40 46 52 48 53 49 54 47 51 50 57 58 61 59 63 60 62 55 56 68 71 65 70 72 64 66 67 69  2  4  6  7  9  1  8  5  3
 65 64 71 68 70 72 66 69 67  6  1  8  4  9  2  5  7  3 17 13 14 10 16 15 18 12 11 21 19 20 25 26 27 23 24 22 28 34 30 35 31 36 29 33 32 39 40 43 41 45 42 44 37 38 50 53 47 52 54 46 48 49 51 56 58 60 61 63 55 62 59 57
 47 46 53 50 52 54 48 51 49 60 55 62 58 63 56 59 61 57 71 67 68 64 70 69 72 66 65  3  1  2  7  8  9  5  6  4 10 16 12 17 13 18 11 15 14 21 22 25 23 27 24 26 19 20 32 35 29 34 36 28 30 31 33 38 40 42 43 45 37 44 41 39
 38 37 44 41 43 45 39 42 40 51 46 53 49 54 47 50 52 48 62 58 59 55 61 60 63 57 56 66 64 65 70 71 72 68 69 67  1  7  3  8  4  9  2  6  5 12 13 16 14 18 15 17 10 11 23 26 20 25 27 19 21 22 24 29 31 33 34 36 28 35 32 30
 57 56 63 60 62 55 58 61 59 70 65 72 68 64 66 69 71 67  9  5  6  2  8  7  1  4  3 13 11 12 17 18 10 15 16 14 20 26 22 27 23 19 21 25 24 31 32 35 33 28 34 36 29 30 42 45 39 44 37 38 40 41 43 48 50 52 53 46 47 54 51 49
 21 20 27 24 26 19 22 25 23 34 29 36 32 28 30 33 35 31 45 41 42 38 44 43 37 40 39 49 47 48 53 54 46 51 52 50 56 62 58 63 59 55 57 61 60 67 68 71 69 64 70 72 65 66  6  9  3  8  1  2  4  5  7 12 14 16 17 10 11 18 15 13
 30 29 36 33 35 28 31 34 32 43 38 45 41 37 39 42 44 40 54 50 51 47 53 52 46 49 48 58 56 57 62 63 55 60 61 59 65 71 67 72 68 64 66 70 69  4  5  8  6  1  7  9  2  3 15 18 12 17 10 11 13 14 16 21 23 25 26 19 20 27 24 22
 39 38 45 42 44 37 40 43 41 52 47 54 50 46 48 51 53 49 63 59 60 56 62 61 55 58 57 67 65 66 71 72 64 69 70 68  2  8  4  9  5  1  3  7  6 13 14 17 15 10 16 18 11 12 24 27 21 26 19 20 22 23 25 30 32 34 35 28 29 36 33 31
 48 47 54 51 53 46 49 52 50 61 56 63 59 55 57 60 62 58 72 68 69 65 71 70 64 67 66  4  2  3  8  9  1  6  7  5 11 17 13 18 14 10 12 16 15 22 23 26 24 19 25 27 20 21 33 36 30 35 28 29 31 32 34 39 41 43 44 37 38 45 42 40
 12 11 18 15 17 10 13 16 14 25 20 27 23 19 21 24 26 22 36 32 33 29 35 34 28 31 30 40 38 39 44 45 37 42 43 41 47 53 49 54 50 46 48 52 51 58 59 62 60 55 61 63 56 57 69 72 66 71 64 65 67 68 70  3  5  7  8  1  2  9  6  4
  3  2  9  6  8  1  4  7  5 16 11 18 14 10 12 15 17 13 27 23 24 20 26 25 19 22 21 31 29 30 35 36 28 33 34 32 38 44 40 45 41 37 39 43 42 49 50 53 51 46 52 54 47 48 60 63 57 62 55 56 58 59 61 66 68 70 71 64 65 72 69 67
 66 65 72 69 71 64 67 70 68  7  2  9  5  1  3  6  8  4 18 14 15 11 17 16 10 13 12 22 20 21 26 27 19 24 25 23 29 35 31 36 32 28 30 34 33 40 41 44 42 37 43 45 38 39 51 54 48 53 46 47 49 50 52 57 59 61 62 55 56 63 60 58
 67 66 64 70 72 65 68 71 69  8  3  1  6  2  4  7  9  5 10 15 16 12 18 17 11 14 13 23 21 22 27 19 20 25 26 24 30 36 32 28 33 29 31 35 34 41 42 45 43 38 44 37 39 40 52 46 49 54 47 48 50 51 53 58 60 62 63 56 57 55 61 59
  4  3  1  7  9  2  5  8  6 17 12 10 15 11 13 16 18 14 19 24 25 21 27 26 20 23 22 32 30 31 36 28 29 34 35 33 39 45 41 37 42 38 40 44 43 50 51 54 52 47 53 46 48 49 61 55 58 63 56 57 59 60 62 67 69 71 72 65 66 64 70 68
 49 48 46 52 54 47 50 53 51 62 57 55 60 56 58 61 63 59 64 69 70 66 72 71 65 68 67  5  3  4  9  1  2  7  8  6 12 18 14 10 15 11 13 17 16 23 24 27 25 20 26 19 21 22 34 28 31 36 29 30 32 33 35 40 42 44 45 38 39 37 43 41
 40 39 37 43 45 38 41 44 42 53 48 46 51 47 49 52 54 50 55 60 61 57 63 62 56 59 58 68 66 67 72 64 65 70 71 69  3  9  5  1  6  2  4  8  7 14 15 18 16 11 17 10 12 13 25 19 22 27 20 21 23 24 26 31 33 35 36 29 30 28 34 32
 13 12 10 16 18 11 14 17 15 26 21 19 24 20 22 25 27 23 28 33 34 30 36 35 29 32 31 41 39 40 45 37 38 43 44 42 48 54 50 46 51 47 49 53 52 59 60 63 61 56 62 55 57 58 70 64 67 72 65 66 68 69 71  4  6  8  9  2  3  1  7  5
 22 21 19 25 27 20 23 26 24 35 30 28 33 29 31 34 36 32 37 42 43 39 45 44 38 41 40 50 48 49 54 46 47 52 53 51 57 63 59 55 60 56 58 62 61 68 69 72 70 65 71 64 66 67  7  1  4  9  2  3  5  6  8 13 15 17 18 11 12 10 16 14
 58 57 55 61 63 56 59 62 60 71 66 64 69 65 67 70 72 68  1  6  7  3  9  8  2  5  4 14 12 13 18 10 11 16 17 15 21 27 23 19 24 20 22 26 25 32 33 36 34 29 35 28 30 31 43 37 40 45 38 39 41 42 44 49 51 53 54 47 48 46 52 50
 31 30 28 34 36 29 32 35 33 44 39 37 42 38 40 43 45 41 46 51 52 48 54 53 47 50 49 59 57 58 63 55 56 61 62 60 66 72 68 64 69 65 67 71 70  5  6  9  7  2  8  1  3  4 16 10 13 18 11 12 14 15 17 22 24 26 27 20 21 19 25 23
 32 31 29 35 28 30 33 36 34 45 40 38 43 39 41 44 37 42 47 52 53 49 46 54 48 51 50 60 58 59 55 56 57 62 63 61 67 64 69 65 70 66 68 72 71  6  7  1  8  3  9  2  4  5 17 11 14 10 12 13 15 16 18 23 25 27 19 21 22 20 26 24
 50 49 47 53 46 48 51 54 52 63 58 56 61 57 59 62 55 60 65 70 71 67 64 72 66 69 68  6  4  5  1  2  3  8  9  7 13 10 15 11 16 12 14 18 17 24 25 19 26 21 27 20 22 23 35 29 32 28 30 31 33 34 36 41 43 45 37 39 40 38 44 42
 68 67 65 71 64 66 69 72 70  9  4  2  7  3  5  8  1  6 11 16 17 13 10 18 12 15 14 24 22 23 19 20 21 26 27 25 31 28 33 29 34 30 32 36 35 42 43 37 44 39 45 38 40 41 53 47 50 46 48 49 51 52 54 59 61 63 55 57 58 56 62 60
  5  4  2  8  1  3  6  9  7 18 13 11 16 12 14 17 10 15 20 25 26 22 19 27 21 24 23 33 31 32 28 29 30 35 36 34 40 37 42 38 43 39 41 45 44 51 52 46 53 48 54 47 49 50 62 56 59 55 57 58 60 61 63 68 70 72 64 66 67 65 71 69
 23 22 20 26 19 21 24 27 25 36 31 29 34 30 32 35 28 33 38 43 44 40 37 45 39 42 41 51 49 50 46 47 48 53 54 52 58 55 60 56 61 57 59 63 62 69 70 64 71 66 72 65 67 68  8  2  5  1  3  4  6  7  9 14 16 18 10 12 13 11 17 15
 14 13 11 17 10 12 15 18 16 27 22 20 25 21 23 26 19 24 29 34 35 31 28 36 30 33 32 42 40 41 37 38 39 44 45 43 49 46 51 47 52 48 50 54 53 60 61 55 62 57 63 56 58 59 71 65 68 64 66 67 69 70 72  5  7  9  1  3  4  2  8  6
 59 58 56 62 55 57 60 63 61 72 67 65 70 66 68 71 64 69  2  7  8  4  1  9  3  6  5 15 13 14 10 11 12 17 18 16 22 19 24 20 25 21 23 27 26 33 34 28 35 30 36 29 31 32 44 38 41 37 39 40 42 43 45 50 52 54 46 48 49 47 53 51
 41 40 38 44 37 39 42 45 43 54 49 47 52 48 50 53 46 51 56 61 62 58 55 63 57 60 59 69 67 68 64 65 66 71 72 70  4  1  6  2  7  3  5  9  8 15 16 10 17 12 18 11 13 14 26 20 23 19 21 22 24 25 27 32 34 36 28 30 31 29 35 33
 24 23 21 27 20 22 25 19 26 28 32 30 35 31 33 36 29 34 39 44 45 41 38 37 40 43 42 52 50 51 47 48 49 54 46 53 59 56 61 57 62 58 60 55 63 70 71 65 72 67 64 66 68 69  9  3  6  2  4  5  7  8  1 15 17 10 11 13 14 12 18 16
 15 14 12 18 11 13 16 10 17 19 23 21 26 22 24 27 20 25 30 35 36 32 29 28 31 34 33 43 41 42 38 39 40 45 37 44 50 47 52 48 53 49 51 46 54 61 62 56 63 58 55 57 59 60 72 66 69 65 67 68 70 71 64  6  8  1  2  4  5  3  9  7
 60 59 57 63 56 58 61 55 62 64 68 66 71 67 69 72 65 70  3  8  9  5  2  1  4  7  6 16 14 15 11 12 13 18 10 17 23 20 25 21 26 22 24 19 27 34 35 29 36 31 28 30 32 33 45 39 42 38 40 41 43 44 37 51 53 46 47 49 50 48 54 52
 51 50 48 54 47 49 52 46 53 55 59 57 62 58 60 63 56 61 66 71 72 68 65 64 67 70 69  7  5  6  2  3  4  9  1  8 14 11 16 12 17 13 15 10 18 25 26 20 27 22 19 21 23 24 36 30 33 29 31 32 34 35 28 42 44 37 38 40 41 39 45 43
 33 32 30 36 29 31 34 28 35 37 41 39 44 40 42 45 38 43 48 53 54 50 47 46 49 52 51 61 59 60 56 57 58 63 55 62 68 65 70 66 71 67 69 64 72  7  8  2  9  4  1  3  5  6 18 12 15 11 13 14 16 17 10 24 26 19 20 22 23 21 27 25
 42 41 39 45 38 40 43 37 44 46 50 48 53 49 51 54 47 52 57 62 63 59 56 55 58 61 60 70 68 69 65 66 67 72 64 71  5  2  7  3  8  4  6  1  9 16 17 11 18 13 10 12 14 15 27 21 24 20 22 23 25 26 19 33 35 28 29 31 32 30 36 34
 69 68 66 72 65 67 70 64 71  1  5  3  8  4  6  9  2  7 12 17 18 14 11 10 13 16 15 25 23 24 20 21 22 27 19 26 32 29 34 30 35 31 33 28 36 43 44 38 45 40 37 39 41 42 54 48 51 47 49 50 52 53 46 60 62 55 56 58 59 57 63 61
  6  5  3  9  2  4  7  1  8 10 14 12 17 13 15 18 11 16 21 26 27 23 20 19 22 25 24 34 32 33 29 30 31 36 28 35 41 38 43 39 44 40 42 37 45 52 53 47 54 49 46 48 50 51 63 57 60 56 58 59 61 62 55 69 71 64 65 67 68 66 72 70
  7  6  4  1  3  5  8  2  9 11 15 13 18 14 16 10 12 17 22 27 19 24 21 20 23 26 25 35 33 34 30 31 32 28 29 36 42 39 44 40 45 41 43 38 37 53 54 48 46 50 47 49 51 52 55 58 61 57 59 60 62 63 56 70 72 65 66 68 69 67 64 71
 70 69 67 64 66 68 71 65 72  2  6  4  9  5  7  1  3  8 13 18 10 15 12 11 14 17 16 26 24 25 21 22 23 19 20 27 33 30 35 31 36 32 34 29 28 44 45 39 37 41 38 40 42 43 46 49 52 48 50 51 53 54 47 61 63 56 57 59 60 58 55 62
 52 51 49 46 48 50 53 47 54 56 60 58 63 59 61 55 57 62 67 72 64 69 66 65 68 71 70  8  6  7  3  4  5  1  2  9 15 12 17 13 18 14 16 11 10 26 27 21 19 23 20 22 24 25 28 31 34 30 32 33 35 36 29 43 45 38 39 41 42 40 37 44
 25 24 22 19 21 23 26 20 27 29 33 31 36 32 34 28 30 35 40 45 37 42 39 38 41 44 43 53 51 52 48 49 50 46 47 54 60 57 62 58 63 59 61 56 55 71 72 66 64 68 65 67 69 70  1  4  7  3  5  6  8  9  2 16 18 11 12 14 15 13 10 17
 34 33 31 28 30 32 35 29 36 38 42 40 45 41 43 37 39 44 49 54 46 51 48 47 50 53 52 62 60 61 57 58 59 55 56 63 69 66 71 67 72 68 70 65 64  8  9  3  1  5  2  4  6  7 10 13 16 12 14 15 17 18 11 25 27 20 21 23 24 22 19 26
 61 60 58 55 57 59 62 56 63 65 69 67 72 68 70 64 66 71  4  9  1  6  3  2  5  8  7 17 15 16 12 13 14 10 11 18 24 21 26 22 27 23 25 20 19 35 36 30 28 32 29 31 33 34 37 40 43 39 41 42 44 45 38 52 54 47 48 50 51 49 46 53
 43 42 40 37 39 41 44 38 45 47 51 49 54 50 52 46 48 53 58 63 55 60 57 56 59 62 61 71 69 70 66 67 68 64 65 72  6  3  8  4  9  5  7  2  1 17 18 12 10 14 11 13 15 16 19 22 25 21 23 24 26 27 20 34 36 29 30 32 33 31 28 35
 16 15 13 10 12 14 17 11 18 20 24 22 27 23 25 19 21 26 31 36 28 33 30 29 32 35 34 44 42 43 39 40 41 37 38 45 51 48 53 49 54 50 52 47 46 62 63 57 55 59 56 58 60 61 64 67 70 66 68 69 71 72 65  7  9  2  3  5  6  4  1  8
