 46 45 47 43 48 44  6  5  1  3  2  4 10  9  8 11  7 12 18 14 13 17 16 15 22 20 21 23 24 19 29 27 25 26 28 30 31 35 33 36 32 34 42 38 40 41 39 37
  4  3  5  1  6  2 12 11  7  9  8 10 16 15 14 17 13 18 24 20 19 23 22 21 28 26 27 29 30 25 35 33 31 32 34 36 37 41 39 42 38 40 48 44 46 47 45 43
 10  9 11  7 12  8 18 17 13 15 14 16 22 21 20 23 19 24 30 26 25 29 28 27 34 32 33 35 36 31 41 39 37 38 40 42 43 47 45 48 44 46  6  2  4  5  3  1
 34 33 35 31 36 32 42 41 37 39 38 40 46 45 44 47 43 48  6  2  1  5  4  3 10  8  9 11 12  7 17 15 13 14 16 18 19 23 21 24 20 22 30 26 28 29 27 25
 40 39 41 37 42 38 48 47 43 45 44 46  4  3  2  5  1  6 12  8  7 11 10  9 16 14 15 17 18 13 23 21 19 20 22 24 25 29 27 30 26 28 36 32 34 35 33 31
 16 15 17 13 18 14 24 23 19 21 20 22 28 27 26 29 25 30 36 32 31 35 34 33 40 38 39 41 42 37 47 45 43 44 46 48  1  5  3  6  2  4 12  8 10 11  9  7
 28 27 29 25 30 26 36 35 31 33 32 34 40 39 38 41 37 42 48 44 43 47 46 45  4  2  3  5  6  1 11  9  7  8 10 12 13 17 15 18 14 16 24 20 22 23 21 19
 22 21 23 19 24 20 30 29 25 27 26 28 34 33 32 35 31 36 42 38 37 41 40 39 46 44 45 47 48 43  5  3  1  2  4  6  7 11  9 12  8 10 18 14 16 17 15 13
 29 28 30 26 25 27 31 36 32 34 33 35 41 40 39 42 38 37 43 45 44 48 47 46  5  3  4  6  1  2 12 10  8  9 11  7 14 18 16 13 15 17 19 21 23 24 22 20
 11 10 12  8  7  9 13 18 14 16 15 17 23 22 21 24 20 19 25 27 26 30 29 28 35 33 34 36 31 32 42 40 38 39 41 37 44 48 46 43 45 47  1  3  5  6  4  2
 35 34 36 32 31 33 37 42 38 40 39 41 47 46 45 48 44 43  1  3  2  6  5  4 11  9 10 12  7  8 18 16 14 15 17 13 20 24 22 19 21 23 25 27 29 30 28 26
 41 40 42 38 37 39 43 48 44 46 45 47  5  4  3  6  2  1  7  9  8 12 11 10 17 15 16 18 13 14 24 22 20 21 23 19 26 30 28 25 27 29 31 33 35 36 34 32
 17 16 18 14 13 15 19 24 20 22 21 23 29 28 27 30 26 25 31 33 32 36 35 34 41 39 40 42 37 38 48 46 44 45 47 43  2  6  4  1  3  5  7  9 11 12 10  8
 23 22 24 20 19 21 25 30 26 28 27 29 35 34 33 36 32 31 37 39 38 42 41 40 47 45 46 48 43 44  6  4  2  3  5  1  8 12 10  7  9 11 13 15 17 18 16 14
  5  4  6  2  1  3  7 12  8 10  9 11 17 16 15 18 14 13 19 21 20 24 23 22 29 27 28 30 25 26 36 34 32 33 35 31 38 42 40 37 39 41 43 45 47 48 46 44
 47 46 48 44 43 45  1  6  2  4  3  5 11 10  9 12  8  7 13 15 14 18 17 16 23 21 22 24 19 20 30 28 26 27 29 25 32 36 34 31 33 35 37 39 41 42 40 38
 36 35 31 33 32 34 38 37 39 41 40 42 48 47 46 43 45 44  2  4  3  1  6  5 12 10 11  7  8  9 13 17 15 16 18 14 21 19 23 20 22 24 26 28 30 25 29 27
 30 29 25 27 26 28 32 31 33 35 34 36 42 41 40 37 39 38 44 46 45 43 48 47  6  4  5  1  2  3  7 11  9 10 12  8 15 13 17 14 16 18 20 22 24 19 23 21
 48 47 43 45 44 46  2  1  3  5  4  6 12 11 10  7  9  8 14 16 15 13 18 17 24 22 23 19 20 21 25 29 27 28 30 26 33 31 35 32 34 36 38 40 42 37 41 39
  6  5  1  3  2  4  8  7  9 11 10 12 18 17 16 13 15 14 20 22 21 19 24 23 30 28 29 25 26 27 31 35 33 34 36 32 39 37 41 38 40 42 44 46 48 43 47 45
 24 23 19 21 20 22 26 25 27 29 28 30 36 35 34 31 33 32 38 40 39 37 42 41 48 46 47 43 44 45  1  5  3  4  6  2  9  7 11  8 10 12 14 16 18 13 17 15
 18 17 13 15 14 16 20 19 21 23 22 24 30 29 28 25 27 26 32 34 33 31 36 35 42 40 41 37 38 39 43 47 45 46 48 44  3  1  5  2  4  6  8 10 12  7 11  9
 42 41 37 39 38 40 44 43 45 47 46 48  6  5  4  1  3  2  8 10  9  7 12 11 18 16 17 13 14 15 19 23 21 22 24 20 27 25 29 26 28 30 32 34 36 31 35 33
 12 11  7  9  8 10 14 13 15 17 16 18 24 23 22 19 21 20 26 28 27 25 30 29 36 34 35 31 32 33 37 41 39 40 42 38 45 43 47 44 46 48  2  4  6  1  5  3
 37 42 38 40 39 41 45 44 46 48 47 43  1  6  5  2  4  3  9 11 10  8  7 12 13 17 18 14 15 16 20 24 22 23 19 21 28 26 30 27 29 25 33 35 31 32 36 34
  7 12  8 10  9 11 15 14 16 18 17 13 19 24 23 20 22 21 27 29 28 26 25 30 31 35 36 32 33 34 38 42 40 41 37 39 46 44 48 45 47 43  3  5  1  2  6  4
 43 48 44 46 45 47  3  2  4  6  5  1  7 12 11  8 10  9 15 17 16 14 13 18 19 23 24 20 21 22 26 30 28 29 25 27 34 32 36 33 35 31 39 41 37 38 42 40
 31 36 32 34 33 35 39 38 40 42 41 37 43 48 47 44 46 45  3  5  4  2  1  6  7 11 12  8  9 10 14 18 16 17 13 15 22 20 24 21 23 19 27 29 25 26 30 28
 13 18 14 16 15 17 21 20 22 24 23 19 25 30 29 26 28 27 33 35 34 32 31 36 37 41 42 38 39 40 44 48 46 47 43 45  4  2  6  3  5  1  9 11  7  8 12 10
 19 24 20 22 21 23 27 26 28 30 29 25 31 36 35 32 34 33 39 41 40 38 37 42 43 47 48 44 45 46  2  6  4  5  1  3 10  8 12  9 11  7 15 17 13 14 18 16
 25 30 26 28 27 29 33 32 34 36 35 31 37 42 41 38 40 39 45 47 46 44 43 48  1  5  6  2  3  4  8 12 10 11  7  9 16 14 18 15 17 13 21 23 19 20 24 22
  1  6  2  4  3  5  9  8 10 12 11  7 13 18 17 14 16 15 21 23 22 20 19 24 25 29 30 26 27 28 32 36 34 35 31 33 40 38 42 39 41 37 45 47 43 44 48 46
 14 13 15 17 16 18 22 21 23 19 24 20 26 25 30 27 29 28 34 36 35 33 32 31 38 42 37 39 40 41 45 43 47 48 44 46  5  3  1  4  6  2 10 12  8  9  7 11
 26 25 27 29 28 30 34 33 35 31 36 32 38 37 42 39 41 40 46 48 47 45 44 43  2  6  1  3  4  5  9  7 11 12  8 10 17 15 13 16 18 14 22 24 20 21 19 23
 38 37 39 41 40 42 46 45 47 43 48 44  2  1  6  3  5  4 10 12 11  9  8  7 14 18 13 15 16 17 21 19 23 24 20 22 29 27 25 28 30 26 34 36 32 33 31 35
 44 43 45 47 46 48  4  3  5  1  6  2  8  7 12  9 11 10 16 18 17 15 14 13 20 24 19 21 22 23 27 25 29 30 26 28 35 33 31 34 36 32 40 42 38 39 37 41
  2  1  3  5  4  6 10  9 11  7 12  8 14 13 18 15 17 16 22 24 23 21 20 19 26 30 25 27 28 29 33 31 35 36 32 34 41 39 37 40 42 38 46 48 44 45 43 47
 32 31 33 35 34 36 40 39 41 37 42 38 44 43 48 45 47 46  4  6  5  3  2  1  8 12  7  9 10 11 15 13 17 18 14 16 23 21 19 22 24 20 28 30 26 27 25 29
 20 19 21 23 22 24 28 27 29 25 30 26 32 31 36 33 35 34 40 42 41 39 38 37 44 48 43 45 46 47  3  1  5  6  2  4 11  9  7 10 12  8 16 18 14 15 13 17
  8  7  9 11 10 12 16 15 17 13 18 14 20 19 24 21 23 22 28 30 29 27 26 25 32 36 31 33 34 35 39 37 41 42 38 40 47 45 43 46 48 44  4  6  2  3  1  5
 33 32 34 36 35 31 41 40 42 38 37 39 45 44 43 46 48 47  5  1  6  4  3  2  9  7  8 10 11 12 16 14 18 13 15 17 24 22 20 23 19 21 29 25 27 28 26 30
 27 26 28 30 29 25 35 34 36 32 31 33 39 38 37 40 42 41 47 43 48 46 45 44  3  1  2  4  5  6 10  8 12  7  9 11 18 16 14 17 13 15 23 19 21 22 20 24
 15 14 16 18 17 13 23 22 24 20 19 21 27 26 25 28 30 29 35 31 36 34 33 32 39 37 38 40 41 42 46 44 48 43 45 47  6  4  2  5  1  3 11  7  9 10  8 12
  3  2  4  6  5  1 11 10 12  8  7  9 15 14 13 16 18 17 23 19 24 22 21 20 27 25 26 28 29 30 34 32 36 31 33 35 42 40 38 41 37 39 47 43 45 46 44 48
 45 44 46 48 47 43  5  4  6  2  1  3  9  8  7 10 12 11 17 13 18 16 15 14 21 19 20 22 23 24 28 26 30 25 27 29 36 34 32 35 31 33 41 37 39 40 38 42
  9  8 10 12 11  7 17 16 18 14 13 15 21 20 19 22 24 23 29 25 30 28 27 26 33 31 32 34 35 36 40 38 42 37 39 41 48 46 44 47 43 45  5  1  3  4  2  6
 21 20 22 24 23 19 29 28 30 26 25 27 33 32 31 34 36 35 41 37 42 40 39 38 45 43 44 46 47 48  4  2  6  1  3  5 12 10  8 11  7  9 17 13 15 16 14 18
 39 38 40 42 41 37 47 46 48 44 43 45  3  2  1  4  6  5 11  7 12 10  9  8 15 13 14 16 17 18 22 20 24 19 21 23 30 28 26 29 25 27 35 31 33 34 32 36
