 24 22 21 20 23 19 30 29 27 25 28 26 32 34 36 33 35 31 40 41 42 38 37 39 43 48 47 45 44 46  6  5  4  1  3  2 10 11  8  7 12  9 13 17 15 14 18 16
 12 10  9  8 11  7 18 17 15 13 16 14 20 22 24 21 23 19 28 29 30 26 25 27 31 36 35 33 32 34 42 41 40 37 39 38 46 47 44 43 48 45  1  5  3  2  6  4
 36 34 33 32 35 31 42 41 39 37 40 38 44 46 48 45 47 43  4  5  6  2  1  3  7 12 11  9  8 10 18 17 16 13 15 14 22 23 20 19 24 21 25 29 27 26 30 28
 48 46 45 44 47 43  6  5  3  1  4  2  8 10 12  9 11  7 16 17 18 14 13 15 19 24 23 21 20 22 30 29 28 25 27 26 34 35 32 31 36 33 37 41 39 38 42 40
 42 40 39 38 41 37 48 47 45 43 46 44  2  4  6  3  5  1 10 11 12  8  7  9 13 18 17 15 14 16 24 23 22 19 21 20 28 29 26 25 30 27 31 35 33 32 36 34
 18 16 15 14 17 13 24 23 21 19 22 20 26 28 30 27 29 25 34 35 36 32 31 33 37 42 41 39 38 40 48 47 46 43 45 44  4  5  2  1  6  3  7 11  9  8 12 10
  6  4  3  2  5  1 12 11  9  7 10  8 14 16 18 15 17 13 22 23 24 20 19 21 25 30 29 27 26 28 36 35 34 31 33 32 40 41 38 37 42 39 43 47 45 44 48 46
 30 28 27 26 29 25 36 35 33 31 34 32 38 40 42 39 41 37 46 47 48 44 43 45  1  6  5  3  2  4 12 11 10  7  9  8 16 17 14 13 18 15 19 23 21 20 24 22
 31 35 34 33 36 32 37 42 40 38 41 39 45 47 43 46 48 44  5  6  1  3  2  4  8  7 12 10  9 11 13 18 17 14 16 15 23 24 21 20 19 22 26 30 28 27 25 29
 13 17 16 15 18 14 19 24 22 20 23 21 27 29 25 28 30 26 35 36 31 33 32 34 38 37 42 40 39 41 43 48 47 44 46 45  5  6  3  2  1  4  8 12 10  9  7 11
 43 47 46 45 48 44  1  6  4  2  5  3  9 11  7 10 12  8 17 18 13 15 14 16 20 19 24 22 21 23 25 30 29 26 28 27 35 36 33 32 31 34 38 42 40 39 37 41
  1  5  4  3  6  2  7 12 10  8 11  9 15 17 13 16 18 14 23 24 19 21 20 22 26 25 30 28 27 29 31 36 35 32 34 33 41 42 39 38 37 40 44 48 46 45 43 47
 25 29 28 27 30 26 31 36 34 32 35 33 39 41 37 40 42 38 47 48 43 45 44 46  2  1  6  4  3  5  7 12 11  8 10  9 17 18 15 14 13 16 20 24 22 21 19 23
 37 41 40 39 42 38 43 48 46 44 47 45  3  5  1  4  6  2 11 12  7  9  8 10 14 13 18 16 15 17 19 24 23 20 22 21 29 30 27 26 25 28 32 36 34 33 31 35
 19 23 22 21 24 20 25 30 28 26 29 27 33 35 31 34 36 32 41 42 37 39 38 40 44 43 48 46 45 47  1  6  5  2  4  3 11 12  9  8  7 10 14 18 16 15 13 17
  7 11 10  9 12  8 13 18 16 14 17 15 21 23 19 22 24 20 29 30 25 27 26 28 32 31 36 34 33 35 37 42 41 38 40 39 47 48 45 44 43 46  2  6  4  3  1  5
 32 36 35 34 31 33 38 37 41 39 42 40 46 48 44 47 43 45  6  1  2  4  3  5  9  8  7 11 10 12 14 13 18 15 17 16 24 19 22 21 20 23 27 25 29 28 26 30
 14 18 17 16 13 15 20 19 23 21 24 22 28 30 26 29 25 27 36 31 32 34 33 35 39 38 37 41 40 42 44 43 48 45 47 46  6  1  4  3  2  5  9  7 11 10  8 12
 44 48 47 46 43 45  2  1  5  3  6  4 10 12  8 11  7  9 18 13 14 16 15 17 21 20 19 23 22 24 26 25 30 27 29 28 36 31 34 33 32 35 39 37 41 40 38 42
 38 42 41 40 37 39 44 43 47 45 48 46  4  6  2  5  1  3 12  7  8 10  9 11 15 14 13 17 16 18 20 19 24 21 23 22 30 25 28 27 26 29 33 31 35 34 32 36
 26 30 29 28 25 27 32 31 35 33 36 34 40 42 38 41 37 39 48 43 44 46 45 47  3  2  1  5  4  6  8  7 12  9 11 10 18 13 16 15 14 17 21 19 23 22 20 24
  8 12 11 10  7  9 14 13 17 15 18 16 22 24 20 23 19 21 30 25 26 28 27 29 33 32 31 35 34 36 38 37 42 39 41 40 48 43 46 45 44 47  3  1  5  4  2  6
  2  6  5  4  1  3  8  7 11  9 12 10 16 18 14 17 13 15 24 19 20 22 21 23 27 26 25 29 28 30 32 31 36 33 35 34 42 37 40 39 38 41 45 43 47 46 44 48
 20 24 23 22 19 21 26 25 29 27 30 28 34 36 32 35 31 33 42 37 38 40 39 41 45 44 43 47 46 48  2  1  6  3  5  4 12  7 10  9  8 11 15 13 17 16 14 18
 45 43 48 47 44 46  3  2  6  4  1  5 11  7  9 12  8 10 13 14 15 17 16 18 22 21 20 24 23 19 27 26 25 28 30 29 31 32 35 34 33 36 40 38 42 41 39 37
 15 13 18 17 14 16 21 20 24 22 19 23 29 25 27 30 26 28 31 32 33 35 34 36 40 39 38 42 41 37 45 44 43 46 48 47  1  2  5  4  3  6 10  8 12 11  9  7
 39 37 42 41 38 40 45 44 48 46 43 47  5  1  3  6  2  4  7  8  9 11 10 12 16 15 14 18 17 13 21 20 19 22 24 23 25 26 29 28 27 30 34 32 36 35 33 31
  9  7 12 11  8 10 15 14 18 16 13 17 23 19 21 24 20 22 25 26 27 29 28 30 34 33 32 36 35 31 39 38 37 40 42 41 43 44 47 46 45 48  4  2  6  5  3  1
 21 19 24 23 20 22 27 26 30 28 25 29 35 31 33 36 32 34 37 38 39 41 40 42 46 45 44 48 47 43  3  2  1  4  6  5  7  8 11 10  9 12 16 14 18 17 15 13
  3  1  6  5  2  4  9  8 12 10  7 11 17 13 15 18 14 16 19 20 21 23 22 24 28 27 26 30 29 25 33 32 31 34 36 35 37 38 41 40 39 42 46 44 48 47 45 43
 33 31 36 35 32 34 39 38 42 40 37 41 47 43 45 48 44 46  1  2  3  5  4  6 10  9  8 12 11  7 15 14 13 16 18 17 19 20 23 22 21 24 28 26 30 29 27 25
 27 25 30 29 26 28 33 32 36 34 31 35 41 37 39 42 38 40 43 44 45 47 46 48  4  3  2  6  5  1  9  8  7 10 12 11 13 14 17 16 15 18 22 20 24 23 21 19
 16 14 13 18 15 17 22 21 19 23 20 24 30 26 28 25 27 29 32 33 34 36 35 31 41 40 39 37 42 38 46 45 44 47 43 48  2  3  6  5  4  1 11  9  7 12 10  8
  4  2  1  6  3  5 10  9  7 11  8 12 18 14 16 13 15 17 20 21 22 24 23 19 29 28 27 25 30 26 34 33 32 35 31 36 38 39 42 41 40 37 47 45 43 48 46 44
 28 26 25 30 27 29 34 33 31 35 32 36 42 38 40 37 39 41 44 45 46 48 47 43  5  4  3  1  6  2 10  9  8 11  7 12 14 15 18 17 16 13 23 21 19 24 22 20
 22 20 19 24 21 23 28 27 25 29 26 30 36 32 34 31 33 35 38 39 40 42 41 37 47 46 45 43 48 44  4  3  2  5  1  6  8  9 12 11 10  7 17 15 13 18 16 14
 40 38 37 42 39 41 46 45 43 47 44 48  6  2  4  1  3  5  8  9 10 12 11  7 17 16 15 13 18 14 22 21 20 23 19 24 26 27 30 29 28 25 35 33 31 36 34 32
 34 32 31 36 33 35 40 39 37 41 38 42 48 44 46 43 45 47  2  3  4  6  5  1 11 10  9  7 12  8 16 15 14 17 13 18 20 21 24 23 22 19 29 27 25 30 28 26
 46 44 43 48 45 47  4  3  1  5  2  6 12  8 10  7  9 11 14 15 16 18 17 13 23 22 21 19 24 20 28 27 26 29 25 30 32 33 36 35 34 31 41 39 37 42 40 38
 10  8  7 12  9 11 16 15 13 17 14 18 24 20 22 19 21 23 26 27 28 30 29 25 35 34 33 31 36 32 40 39 38 41 37 42 44 45 48 47 46 43  5  3  1  6  4  2
 11  9  8  7 10 12 17 16 14 18 15 13 19 21 23 20 22 24 27 28 29 25 30 26 36 35 34 32 31 33 41 40 39 42 38 37 45 46 43 48 47 44  6  4  2  1  5  3
 35 33 32 31 34 36 41 40 38 42 39 37 43 45 47 44 46 48  3  4  5  1  6  2 12 11 10  8  7  9 17 16 15 18 14 13 21 22 19 24 23 20 30 28 26 25 29 27
 23 21 20 19 22 24 29 28 26 30 27 25 31 33 35 32 34 36 39 40 41 37 42 38 48 47 46 44 43 45  5  4  3  6  2  1  9 10  7 12 11  8 18 16 14 13 17 15
 47 45 44 43 46 48  5  4  2  6  3  1  7  9 11  8 10 12 15 16 17 13 18 14 24 23 22 20 19 21 29 28 27 30 26 25 33 34 31 36 35 32 42 40 38 37 41 39
  5  3  2  1  4  6 11 10  8 12  9  7 13 15 17 14 16 18 21 22 23 19 24 20 30 29 28 26 25 27 35 34 33 36 32 31 39 40 37 42 41 38 48 46 44 43 47 45
 17 15 14 13 16 18 23 22 20 24 21 19 25 27 29 26 28 30 33 34 35 31 36 32 42 41 40 38 37 39 47 46 45 48 44 43  3  4  1  6  5  2 12 10  8  7 11  9
 29 27 26 25 28 30 35 34 32 36 33 31 37 39 41 38 40 42 45 46 47 43 48 44  6  5  4  2  1  3 11 10  9 12  8  7 15 16 13 18 17 14 24 22 20 19 23 21
 41 39 38 37 40 42 47 46 44 48 45 43  1  3  5  2  4  6  9 10 11  7 12  8 18 17 16 14 13 15 23 22 21 24 20 19 27 28 25 30 29 26 36 34 32 31 35 33
