  4  1 14  8  3  2 12 13 11  7 15 10  9  6  5
 14  8  6 11  5  4  7 12  9  2 13 15  3  1 10
  6  2 10 13  7 14  5  4  8  9 11  1 15  3 12
  7  5 15 12  9 10  6 11 13  4 14  8  1  2  3
  8 14  5 10  6 15  2  9  3 11  4  7 13 12  1
 15  6  7 14 10  3  4  1 12 13  9  2 11  5  8
  2 12 13  4  8  9 14  5  1 15  6  3 10  7 11
  9  7  2  6 12  5 15  8  4  1  3 11 14 10 13
 13  4  8  5 14  6  3 10 15 12  1  9  7 11  2
  5  9  4  7  1 13 11 15  2  3 10 14 12  8  6
  1 13  9  2 15 11 10  3  5 14 12  6  8  4  7
 11 15  3  1  4  8 13  6  7 10  2 12  5  9 14
 10 11  1  3  2 12  9 14  6  8  7  5  4 13 15
 12  3 11 15 13  7  1  2 10  5  8  4  6 14  9
  3 10 12  9 11  1  8  7 14  6  5 13  2 15  4
