  4 10 16  8 24  1  2  6  7 18  9 22 13 20  5 17 11 12 23 15  3 19 21 14
  3 20 13 23 22  7 15 18 19 24 14  8 16  2 12  9  4 17  6  1 11 21 10  5
 21 15 12  7  8 11  9  5  2 20 10 17 22 14 16 13  1 23 18 19 24  4  3  6
 11 19  4 21 20 14  3 13 15  5 18  7 23 10 22  1 16  9 12  8  6 17 24  2
  9  6 14 20 16 21  7 23  1 22  5 24  3 19  2 11  8 13  4 17 12 10 18 15
 18 23  5  1 19 13 20 24 10 16  2 15  7 12  4 14 22  6  3 21  8  9 17 11
 14  7 15 22  5  6  1 11  4 17 16 23 24 18  8 10 21  3  9 13 20  2 12 19
  1  8 19 18  3 17 12 22  6 11 20  4  9 15 24 21 10  2 16  7 14  5 23 13
  5 24  6  3  2 15 21 10  9 23 11 12  4 17  7 20 19 18 22 14 13 16  1  8
 17 13  9 11  4 12  8 16 21  3  6 19  5  1 15 23 14 24  2 10 22 18 20  7
 16 12 17  2 23 10  4 19 13 14  1  3 21  8 18  6 20  5 24 11  7 15 22  9
  2 22 24 10  9 18 17 14 12  8 21 13  6 11  3 19  7 15 20  5  1 23 16  4
 22 17 21 16 10  5 23  7 20 15 12  6  2 13 11 18  3  4  1  9 19  8 14 24
  8 14  3 12 21 24  5  2 16  7 15 20 18  9  6 22 17 19 13 23  4  1 11 10
 20  4 10  5 12  8 18 21 23  6  7 11  1 16 13 24  2 22 15  3  9 14 19 17
 13  9 20 15 18  2 19  3  8  1 22 16 11  4 17  7 23 14 21  6 10 24  5 12
 10 11  2  6  1 23 16 20  3  4 13  5 19 21  9 12 18  8 14 24 17  7 15 22
 23  3 18  4 13 20 11  1 24 19  8  9 14  6 21  5 15 10 17 12  2 22  7 16
 12  1 22 17  6  4 14  9 18  2  3 21 20 24 19 15 13  7 10 16  5 11  8 23
 24 16  8  9 17  3 10 15 11 21 19  2 12  5 14  4  6  1  7 22 23 20 13 18
 15 18 23 13 14 22 24 12  5 10  4  1 17  7 20  8  9 11 19  2 16  3  6 21
  6 21 11 24  7 19 22  4 14  9 17 18  8 23 10  3 12 16  5 20 15 13  2  1
  7  2  1 19 15  9  6  8 17 13 24 14 10 22 23 16  5 20 11 18 21 12  4  3
 19  5  7 14 11 16 13 17 22 12 23 10 15  3  1  2 24 21  8  4 18  6  9 20
