  6  2 20 21  9  4 13 17  1  7 10 16 15 22 18 24 23 14  3 12  5  8 19 11
 19  4  1 23  8  6  9 24 16 12  3 22  2 13 20 15 21 11 14 18 10 17  5  7
 13 15  4  6 10 24 12 23 14 22  7 21 20 11  2  5 19  8  9 17 18 16  1  3
  1 16 11 17 21 23  6 22  8 13 12 18  5  9  4 14 15  2 20  7  3 19 10 24
 11  9  7 15  1  3 19 21 20 24  6  4 12 18 23  8  5 16 22 10 14 13 17  2
 24  8 19  3 15 16  2 14  6 11 17 20 23  1 12 13 22 10  4  5  7 21 18  9
  3 18 16 10 19 17 15 11 21  9 24  5 14  8 22  6 20  7 13  2  4  1 12 23
  7 10 24  2 11 14  4  1  3  5  8 15  6 21 16  9 18 17 23 19 20 12 13 22
  5 12 22 14 20  7 10  3 19 18  1  9 16 24 11 17  6 13 15  8  2 23 21  4
 20 22  8  5  2 13 16 18 10 15 19 23 17  4  1  7 12  3 21 11  9 24 14  6
 14 21 12 18 22  5 20  8 23 17 13  2  7 19  3 10  9  4  1 24 11  6 16 15
 23 17 13  9 18 12  5  7  4  2 14 11  3 10 21 19  1 24  6 16 22 15 20  8
 15 19  9 24  7 18 17  4  5 23 16  6 11  2 10 22  3  1 12 20 21 14  8 13
  8 14 21  4 16  2 23 12 22  6  5 19 24 15 17 11 10 18  7  9 13 20  3  1
  9 24  3  7 14  1 21  2 17 10 18 12 19 16  8 23 13 22  5  6 15 11  4 20
 22  6 14 19  4  9  7 20 15 21  2 13 18 12 24  1  8  5 11  3 17 10 23 16
 17 20 23 11  3 19 14  5 24  1 15 10 13  6  9  2 16 12 18  4  8  7 22 21
 16 11  2  1 23 20  3 13 18 19  9 24  8  5 15 21 17  6 10 22 12  4  7 14
 12  7  6  8 17 21 18 19  2 14 11  3  9 23  5 16  4 20 24 13  1 22 15 10
 18  5 10 12  6 11 22 16  7  4 23  1 21 20 13  3 24 15  8 14 19  2  9 17
  2  3  5 16 12 15 11 10 13 20  4  8 22  7  6 18 14 21 17  1 23  9 24 19
 21  1 15 13  5 10  8  6 11 16 22 17  4  3 14 20  7  9 19 23 24 18  2 12
  4 13 17 22 24  8  1 15  9  3 20  7 10 14 19 12 11 23  2 21 16  5  6 18
 10 23 18 20 13 22 24  9 12  8 21 14  1 17  7  4  2 19 16 15  6  3 11  5
