  5 21  9 20  4 11 19 10 15 14  2  6  8  1  7 17 18 16 23 12  3 13 24 22
 20 23  6 19 14 21  7 15 12  9 18  5  2 10  1 16 17  8 13 11 24 22  3  4
  2 16 23 13 10  3 11  1  7 24  8  4 18 15  5 12 19 20 17 22  6 14  9 21
 12 15  4  2 23 13 14 22 10 19  1  7  6  9 18  3  5 11 20 24 17 21  8 16
  9  3 15 12 18 17 23 20 22  1 11 14 16  5 10  8 13 24  6 21  7  4 19  2
  8 24 11 21 20 22  5 18  6 23 15  3 14  7  9 13  1 12  4 16 19  2 17 10
  6  7  5 24  9 15  3 16 20 21 23 19 12 17  2  4 10 22  8 18 11  1 13 14
 13  4 17 10 24  5 12 21 18 11 22 16 19 20 15 14  7  2  1  3  8  9  6 23
 10 18  7 14  2 12  9  4 13  8 24 17 22 11 19  6  3 21  5 15 16 23  1 20
  1 19 18  8  7  6 17 13  4 16 12 10  3 24 22 21 23 14  2  9  5 20 11 15
 22 14  3 16 19  1 24  8 17  2  9 20 13 21 11 23  6  4  7 10 12 15  5 18
 17 11 22  1  8 16  2  6  3  5 13 21 23  4 20 24 15  9 14 19 18 10  7 12
 11  2 12 18 17  4 10  7 16 22  6  1 21 14 13  5  8 23 19 20  9  3 15 24
 24  8 19 22 21 20 13 14  9 10  7 12 15 18 23 11 16  1  3  5  2  6  4 17
 14  9 16 11 15 19  8 24  2 12 10 23  5  3 21  7  4 17 22  1 13 18 20  6
  7  5  1 23 16  9 22 17  8 18 14 11 24  2  6 20 21 15 10 13  4 19 12  3
 16 10 14  6 11 23  1 19  5 13 17 22  4 12  8 15 20  3 18  7 21 24  2  9
 15 13  2  5  6 24  4 11 23  3 16 18  1 22 12 19 14 10  9 17 20  7 21  8
 19 22 24 17  1  2 20  9 11  7  3 15 10 16  4 18 12 13 21  6 23  8 14  5
 18 20 10  4  5 14  6 23 19 17 21 13 11  8  3  9 22  7 24  2 15 12 16  1
 23 12 20 15 22 18 21  3 14  6 19  8  7 13 24  2  9  5 16  4  1 17 10 11
  3 17 21  9 12  7 18  5  1 15  4  2 20  6 14 22 24 19 11  8 10 16 23 13
 21  1 13  7  3  8 15  2 24  4 20  9 17 23 16 10 11  6 12 14 22  5 18 19
  4  6  8  3 13 10 16 12 21 20  5 24  9 19 17  1  2 18 15 23 14 11 22  7
