 10 11 24  7 19 22  4 18 21  9  6 14  3 16  8 13 15  1 23  5 17 12  2 20
 13 23  9  3  5 24 20 16 10 15  2  1  6 12 19 18  8  7 21 14 22  4 11 17
  9  7 10 11  4  3 15 19  5  8 13 21  1  2 20 12 14 23  6 17 18 16 22 24
  1 12 13 15 11  9  7  8 17 18  5 23 21 14  6  2 24  4 16 22 20 19 10  3
 21 22 17  5  2 23 24 10  4  6  8  9 18 20 15  3 11 13  7 19 14  1 16 12
 19 14 22  1 17  7  5 11 16 20 15 12  8  9 23 21  6  2  4 10 24  3 18 13
 20 15 14 12 10 16  3  1  7 23 18 19  5  4  9 11 17 22 24  2  6 13 21  8
  3  5 21  4 12  1 17 13  2 14 10  7 24 23 16 22 18 19  8 20  9 11  6 15
  4 17 20 18 15  8  9  6 19 12 16 11  7 22 14 24 21  3  1 13  2 10  5 23
 18  2 23  8  6 13 12 14 11 24  4 22 10 19  1 17 16 20  3 15 21  5  9  7
 24 16  2  6 14 18 22 21  1 13 20  3 15 17  7  5  9 10 11 12  8 23 19  4
  8  6 16 19 20 21 23  2 22  3 24 17 13 11  4 10  5 12 18  9 15  7 14  1
 12  3 15 10  7  4 11 20 23 22  1 13 14  5 21  9  2 18 19 24 16 17  8  6
 14  9 12 23  8 19  1 22  3  2 17 24  4 18 11 20 13 16  5 21  7  6 15 10
 17 24  8  9  3 10  6 12 13 11 23  5 16  1  2  4 22 14 20 18 19 15  7 21
 22  8  3 14 23  5 21  9 20 10 12  4 17 15 18  1  7  6  2 16 11 24 13 19
 15 10 11 16  9 20  8  5 24  4 14  6 23 13 22 19  1 21 12  7  3  2 17 18
  5 18  4 24 22 14 10  3  9 16  7  2 12  8 17 23 19 15 13  6  1 21 20 11
 16 21  7 20 24 12 14 15  8  1  3 18 19 10 13  6 23 17 22 11  5  9  4  2
  6 19  1 21 16 15 13  7 14 17  9 20  2  3  5  8  4 11 10 23 12 18 24 22
  7  1 18 22 21  6  2 17 12  5 19 16 11 24  3 14 10  8 15  4 13 20 23  9
 23 13  6 17  1  2 19 24 18  7 11  8 22 21 10 15 20  5  9  3  4 14 12 16
  2 20  5 13 18 11 16  4 15 19 21 10  9  6 12  7  3 24 17  8 23 22  1 14
 11  4 19  2 13 17 18 23  6 21 22 15 20  7 24 16 12  9 14  1 10  8  3  5
