-------------------------------------------------------------------------------
| 18  9  4  | 14 15  2  | 16  3  5  | 13  8 12  |  6 10 11  |  7  1 17  |
|  2  1 14  | 10  9  5  |  6 15  7  | 16  4 11  |  8 13 17  |  3 12 18  |
| 13 10  8  |  4 11 16  |  2 14  1  | 15 17 18  | 12  7  3  |  5  9  6  |
|  3 17 12  | 13  1  6  |  9 11 10  | 14  5  7  | 16 15 18  |  8  4  2  |
| 15  5 16  | 17 12  7  | 13 18  8  |  6  3  9  |  4  1  2  | 11 10 14  |
|  6 11  7  |  8  3 18  | 17 12  4  | 10  2  1  |  9 14  5  | 15 13 16  |
-------------------------------------------------------------------------------
| 14 15  6  |  5  4  3  | 11  9  2  |  7 13  8  | 17 12  1  | 16 18 10  |
|  9  2 11  | 12 18 13  |  4  1 17  |  5 16 15  |  7  8 10  | 14  6  3  |
|  5  8 13  | 11 14 15  |  3 16  6  |  2  1 10  | 18  4  9  | 12 17  7  |
| 10  7 18  |  6  8  9  |  5 13 14  | 12 11 17  | 15  3 16  |  4  2  1  |
| 16 12  1  |  2  7 17  | 18 10 15  |  4  6  3  | 13 11 14  |  9  5  8  |
| 17  4  3  |  1 16 10  |  8  7 12  | 18  9 14  |  5  2  6  | 13 11 15  |
-------------------------------------------------------------------------------
| 11  3 15  |  7  5  8  | 10  2  9  |  1 12  6  | 14 17  4  | 18 16 13  |
| 12 13 10  |  9  6 11  |  1  4  3  |  8 14 16  |  2 18 15  | 17  7  5  |
|  4 16  5  | 18 10 12  | 14  6 13  | 17 15  2  |  3  9  7  |  1  8 11  |
|  7 18 17  | 16 13 14  | 12  5 11  |  3 10  4  |  1  6  8  |  2 15  9  |
|  8 14  9  | 15  2  1  |  7 17 16  | 11 18 13  | 10  5 12  |  6  3  4  |
|  1  6  2  |  3 17  4  | 15  8 18  |  9  7  5  | 11 16 13  | 10 14 12  |
-------------------------------------------------------------------------------
