-------------------------------------------------------------------------------
|  8  3 16  |  9  7 12  | 18  4  1  |  5 15 17  |  6  2 13  | 10 11 14  |
| 11  1 10  |  3  8  5  | 15 12  7  |  4 18  9  | 14 16 17  |  6  2 13  |
|  5 14 17  | 10 16  4  |  9  3  8  |  6 13  2  | 18 15 11  |  1 12  7  |
| 18 15  9  |  1 14  2  |  5  6 13  | 11 12  3  |  4  7 10  | 17 16  8  |
|  4  6 13  | 15 11 18  | 16  2 17  |  7 10 14  | 12  8  1  |  9  5  3  |
| 12  2  7  |  6 17 13  | 11 10 14  |  1 16  8  |  9  5  3  | 18  4 15  |
-------------------------------------------------------------------------------
|  1 11 18  |  5  9  7  | 17 16  3  |  2  4 10  | 13 12 14  | 15  8  6  |
|  3  4  2  | 16 10  1  | 13 11 15  | 17  8  7  |  5  9  6  | 12 14 18  |
| 17 10 14  | 11 12  3  |  6  5  9  | 13  1 16  | 15 18  8  |  2  7  4  |
|  9  8 12  | 14  4 17  |  7  1  2  | 15  6 18  | 10 11 16  | 13  3  5  |
| 15  7  6  | 18 13  8  | 10 14 12  |  9 11  5  |  3  4  2  | 16  1 17  |
| 16 13  5  |  2 15  6  |  4  8 18  | 14  3 12  | 17  1  7  | 11  9 10  |
-------------------------------------------------------------------------------
| 14 12 15  | 17  3  9  |  2 13 16  | 10  7  4  | 11  6  5  |  8 18  1  |
| 10 18  1  | 13  6 15  | 12  7  4  |  8  5 11  | 16 14  9  |  3 17  2  |
|  2 16  4  | 12  1 10  | 14 15  5  |  3  9  6  |  8 17 18  |  7 13 11  |
| 13  9  8  |  4  5 16  |  3 17 11  | 18  2  1  |  7 10 15  | 14  6 12  |
|  6  5 11  |  7  2 14  |  8 18 10  | 16 17 13  |  1  3 12  |  4 15  9  |
|  7 17  3  |  8 18 11  |  1  9  6  | 12 14 15  |  2 13  4  |  5 10 16  |
-------------------------------------------------------------------------------
