-------------------------------------------------------------------------------
| 17 16 14  |  7  5  1  |  3  9  4  | 11  8 12  | 18 10  6  |  2 13 15  |
|  7  4  1  |  6  3 18  | 16  5  2  |  9 17 10  | 11 15 13  | 12 14  8  |
|  3  9 10  | 14 16 11  | 17  6 13  | 18 15  4  | 12  2  8  |  1  5  7  |
|  5 15 18  | 10  4 13  |  1 12  8  |  6  2  3  | 17 14  7  | 11  9 16  |
| 13 12  8  |  9 15  2  | 18 11 10  |  1  7 14  |  4  5 16  |  6 17  3  |
|  6 11  2  |  8 12 17  | 15  7 14  |  5 13 16  |  1  9  3  | 18  4 10  |
-------------------------------------------------------------------------------
| 16 17  7  |  3 14 10  |  4  1  6  | 12 11  5  | 15 18  2  | 13  8  9  |
| 18 10  3  | 16 17 15  | 12 13  7  |  4 14  2  |  6  8  9  |  5 11  1  |
| 11 13 12  | 18  1  6  |  2  3 17  |  7  9  8  |  5  4 10  | 16 15 14  |
|  1  5  4  | 13 11 12  |  9  8 16  | 10  6 15  | 14  7 17  |  3  2 18  |
| 14  6 15  |  2  9  8  | 11 18  5  | 17  1 13  | 16  3 12  |  7 10  4  |
|  8  2  9  |  4  7  5  | 14 10 15  |  3 16 18  | 13  1 11  | 17  6 12  |
-------------------------------------------------------------------------------
|  9 18 17  | 11 10  4  |  6 14  3  |  8 12  7  |  2 13  1  | 15 16  5  |
| 12  7 11  | 17 13  9  |  8 15  1  | 14  4  6  |  3 16  5  | 10 18  2  |
| 10  3 16  |  1  6 14  | 13  2 11  | 15  5  9  |  8 12 18  |  4  7 17  |
| 15  8  5  | 12  2 16  | 10  4 18  | 13  3 11  |  7 17 14  |  9  1  6  |
|  2 14 13  | 15 18  7  |  5 17 12  | 16 10  1  |  9  6  4  |  8  3 11  |
|  4  1  6  |  5  8  3  |  7 16  9  |  2 18 17  | 10 11 15  | 14 12 13  |
-------------------------------------------------------------------------------
