-------------------------------------------------------------------------------
| 13 15 12  | 17  2 11  |  9  6  1  |  7 14  3  | 18  5  4  | 10  8 16  |
|  3  6 18  | 15 10  7  | 17  2 11  |  1  9  4  | 12 16  8  | 13  5 14  |
|  8  5  4  |  1  3 13  |  7 16 15  | 17  2 12  |  9 14 10  | 18 11  6  |
| 16 17 14  |  4  8  6  | 13  5 10  | 15 11 18  |  1  2  7  |  9 12  3  |
|  9 11 10  | 12 14  5  |  4  3 18  |  6 16  8  | 17 15 13  |  2  1  7  |
|  1  7  2  | 18 16  9  |  8 14 12  | 10 13  5  |  3  6 11  | 15 17  4  |
-------------------------------------------------------------------------------
| 10  3 13  |  8  4 18  | 11 17  7  |  9  5 14  |  2 12 15  |  6 16  1  |
| 11 16  5  | 13 12  2  | 14 18  6  |  3  1 15  |  8  7  9  |  4 10 17  |
| 17  1  8  |  3 11 10  |  5 13  9  | 12  7  6  | 16  4 18  | 14 15  2  |
|  7 14 15  | 16 17  1  |  3  4  8  | 18 10  2  |  6 11  5  | 12  9 13  |
| 12 18  9  |  6  5 15  |  1 10  2  |  4  8 16  | 14 13 17  |  7  3 11  |
|  2  4  6  |  9  7 14  | 15 12 16  | 13 17 11  | 10  3  1  |  5 18  8  |
-------------------------------------------------------------------------------
|  4  8  3  | 11 13 16  | 12  1  5  | 14 15  9  |  7 18  6  | 17  2 10  |
|  5 13 17  |  7  9  4  | 16 15 14  |  2 12  1  | 11 10  3  |  8  6 18  |
| 14  9 11  | 10  6  8  |  2  7 13  |  5 18 17  | 15  1 16  |  3  4 12  |
| 18 10  7  |  2 15 17  |  6 11  4  | 16  3 13  |  5  8 12  |  1 14  9  |
|  6  2 16  |  5  1 12  | 18  9  3  |  8  4 10  | 13 17 14  | 11  7 15  |
| 15 12  1  | 14 18  3  | 10  8 17  | 11  6  7  |  4  9  2  | 16 13  5  |
-------------------------------------------------------------------------------
