-------------------------------------------------------------------------------
|  4 16 12  | 17 18  2  | 15  3  9  | 14  6  5  | 13 10  7  |  1 11  8  |
|  8  2 10  | 12  4  1  |  7 14 18  | 15  9 16  |  3 11  6  | 13  5 17  |
|  7 18 17  |  3 10  8  |  4 12 13  |  2  1 11  | 15  5 14  |  6  9 16  |
|  1 11 14  | 16  7 15  |  8  6  5  | 13  3 10  |  9 12 17  |  4  2 18  |
|  5 13  6  |  9 11 14  | 10 17  2  | 12 18  8  |  4 16  1  |  7 15  3  |
|  3 15  9  |  6 13  5  | 16  1 11  |  4 17  7  | 18  2  8  | 14 12 10  |
-------------------------------------------------------------------------------
| 14  5 16  | 10  1  4  | 17  8  3  |  9  2 18  | 12  7 13  | 11  6 15  |
| 12  1  4  |  8 16  3  | 14  5  6  | 17 11 15  | 10  9  2  | 18  7 13  |
| 13  3 11  | 15 12  9  |  1 16  4  |  8  7  6  |  5 17 18  | 10 14  2  |
|  2  8 18  | 11  5 17  |  9 15  7  | 16 10 13  |  6 14  3  | 12  4  1  |
|  6  9  7  |  2 14 13  | 11 18 10  |  3  4 12  | 16  1 15  | 17  8  5  |
| 10 17 15  |  7  6 18  |  2 13 12  |  1  5 14  | 11  8  4  |  3 16  9  |
-------------------------------------------------------------------------------
| 16  4  3  |  1 15  7  |  6 10 17  | 11 14  9  |  2 18  5  |  8 13 12  |
| 17 10 13  |  5  3 12  | 18 11 15  |  7  8  2  | 14  6 16  |  9  1  4  |
| 15  7  5  | 14  8 16  | 13  9  1  |  6 12  3  | 17  4 10  |  2 18 11  |
| 18 14  2  |  4  9 11  |  3  7 16  | 10 15  1  |  8 13 12  |  5 17  6  |
| 11  6  8  | 18 17 10  | 12  2 14  |  5 13  4  |  1 15  9  | 16  3  7  |
|  9 12  1  | 13  2  6  |  5  4  8  | 18 16 17  |  7  3 11  | 15 10 14  |
-------------------------------------------------------------------------------
