-------------------------------------------------------------------------------
| 15 13 14  | 16 12 17  |  7  9  8  |  2  4  5  | 18 11  3  |  6  1 10  |
| 12  8  1  | 14  3 11  | 13 10 15  | 18 16 17  |  5  4  6  |  2  9  7  |
|  9 11 10  | 13  1  6  | 12 16  2  | 15 14  3  |  8 17  7  |  5 18  4  |
|  5 16  3  |  8  9 18  | 14 17  4  |  7 11  6  |  2 10  1  | 13 12 15  |
|  6 17  2  |  5  4  7  | 11  1 18  |  8 12 10  | 13 15  9  |  3 16 14  |
|  7  4 18  | 15  2 10  |  3  6  5  | 13  1  9  | 14 16 12  | 11 17  8  |
-------------------------------------------------------------------------------
|  8  7  9  | 10 15  4  |  1  5 12  |  6 18 13  | 16  2 14  | 17 11  3  |
|  3  5  4  | 18 11 16  | 10 14  9  | 12  2  1  | 15 13 17  |  7  8  6  |
| 11  1 15  |  3  8  5  |  4  7  6  | 14 17 16  |  9 18 10  | 12 13  2  |
| 17 10  6  |  1 13  2  |  8 11 16  |  5  9  7  |  3 12  4  | 14 15 18  |
| 14 12 16  |  7 17  9  |  2 18 13  | 10  3 15  |  6  8 11  |  4  5  1  |
|  2 18 13  |  6 14 12  | 17 15  3  |  4  8 11  |  7  1  5  |  9 10 16  |
-------------------------------------------------------------------------------
| 10  3  8  |  4 18 15  |  9 12 14  | 17  7  2  |  1  5 13  | 16  6 11  |
| 16  2 12  | 11 10 14  | 15  3 17  |  9 13 18  |  4  6  8  |  1  7  5  |
|  1  9  7  | 12 16  3  |  5  2 10  | 11  6  8  | 17 14 18  | 15  4 13  |
| 13  6 11  |  2  5  1  | 16  8  7  |  3 10  4  | 12  9 15  | 18 14 17  |
| 18 15 17  |  9  7 13  |  6  4 11  |  1  5 14  | 10  3 16  |  8  2 12  |
|  4 14  5  | 17  6  8  | 18 13  1  | 16 15 12  | 11  7  2  | 10  3  9  |
-------------------------------------------------------------------------------
