-------------------------------------------------------------------------------
|  1  2  6  | 17 11  9  | 16  7  8  |  3 13 10  | 18  4  5  | 15 14 12  |
|  5  4  8  | 16 13  3  |  1 10  2  |  7 17  6  | 12 15 14  | 18  9 11  |
| 15 12  9  |  7  5  1  | 17  6 14  | 11  4 18  | 13  3 10  |  8  2 16  |
|  7 13 17  |  6  4 12  | 15 18  9  | 16 14  8  |  2  1 11  | 10  5  3  |
| 11  3 10  | 15 14 18  |  4 12 13  |  1  5  2  |  8 16  9  |  7 17  6  |
| 18 14 16  | 10  2  8  |  5  3 11  | 15 12  9  |  6 17  7  | 13  1  4  |
-------------------------------------------------------------------------------
| 10 11 18  |  4  1 14  |  3  9 12  |  2 15  5  | 17 13 16  |  6  8  7  |
| 12 17  4  |  3  7  6  | 18  1 16  |  9 10 11  | 15  2  8  | 14 13  5  |
|  2  7  1  |  9 10 17  | 11  8  4  | 13 16 14  |  5  6 18  | 12  3 15  |
|  6  9  5  | 11 18  2  |  7 13 15  |  8  1 12  | 14 10  3  | 16  4 17  |
| 14 16 13  |  5  8 15  |  6 17 10  |  4 18  3  |  9  7 12  |  2 11  1  |
|  8 15  3  | 12 16 13  |  2 14  5  | 17  6  7  |  4 11  1  |  9 18 10  |
-------------------------------------------------------------------------------
| 13 10 12  |  2 15  7  | 14 11 18  |  5  3 16  |  1  9  4  | 17  6  8  |
|  3  5 15  | 18 17 10  | 12  4  1  |  6  9 13  | 16  8  2  | 11  7 14  |
| 17  6 11  | 13  3  4  |  8 16  7  | 14  2  1  | 10 18 15  |  5 12  9  |
|  9  1  2  | 14 12 11  | 10 15  6  | 18  8  4  |  7  5 17  |  3 16 13  |
| 16  8  7  |  1  9  5  | 13  2 17  | 12 11 15  |  3 14  6  |  4 10 18  |
|  4 18 14  |  8  6 16  |  9  5  3  | 10  7 17  | 11 12 13  |  1 15  2  |
-------------------------------------------------------------------------------
