-------------------------------------------------------------------------------
| 18  5 17  | 10  9  7  | 13 15 11  | 12  3  6  | 16 14  4  |  8  1  2  |
| 14  7  6  | 17 18 11  | 16  3  2  | 13 15  8  | 10  5  1  |  4 12  9  |
|  8 13  9  |  5  4  3  | 18 10 12  | 14  2  1  | 17 15  6  | 11  7 16  |
| 11  2  4  | 14 15  8  |  5  1  6  | 10 17 16  | 12  7  9  |  3 18 13  |
| 12  3  1  |  2 13 16  | 14 17  4  |  5  7  9  | 18 11  8  | 10 15  6  |
| 16 10 15  |  1 12  6  |  8  9  7  | 18  4 11  |  3  2 13  |  5 14 17  |
-------------------------------------------------------------------------------
| 13 15 18  |  8 17  5  |  4  7 14  |  3 10  2  |  1 16 12  |  9  6 11  |
|  4 17  5  | 15  3 12  |  1  2  8  |  6 14 13  |  7  9 11  | 16 10 18  |
|  1 12  7  |  6 10 18  | 15  5 16  |  9 11 17  |  2  3 14  | 13  4  8  |
|  6 11 14  |  7  1  9  | 17 18 10  |  8 16 12  | 13  4  5  |  2  3 15  |
| 10 16  2  |  4 14 13  |  9 11  3  |  1  5 15  |  8  6 18  | 12 17  7  |
|  9  8  3  | 11 16  2  |  6 12 13  |  4 18  7  | 15 17 10  |  1  5 14  |
-------------------------------------------------------------------------------
|  7 18 12  |  9  2 10  | 11  4 15  | 17  1 14  |  5  8 16  |  6 13  3  |
|  2  9  8  | 13  7 14  | 10  6  5  | 15 12  3  | 11  1 17  | 18 16  4  |
| 15  4 16  |  3 11 17  | 12  8  1  |  7 13  5  |  6 18  2  | 14  9 10  |
| 17 14 10  | 16  5 15  |  2 13  9  | 11  6 18  |  4 12  3  |  7  8  1  |
|  5  1 11  | 18  6  4  |  3 14 17  | 16  8 10  |  9 13  7  | 15  2 12  |
|  3  6 13  | 12  8  1  |  7 16 18  |  2  9  4  | 14 10 15  | 17 11  5  |
-------------------------------------------------------------------------------
