-------------------------------------------------------------------------------
| 10  4  9  | 13 15  7  |  1  3  8  |  2  6 17  |  5 12 18  | 16 14 11  |
| 12 18  1  | 14  9  6  | 16 10  5  |  8  4  7  | 17  2 11  |  3 13 15  |
| 11 17  2  | 18  1  3  | 13 14 12  | 10  5  9  |  7 15 16  |  8  6  4  |
|  7  8  5  | 11 10  4  | 15 17 18  |  1 13 16  |  6  3 14  | 12  2  9  |
| 16 13  6  |  2 17 12  |  9 11  4  | 14 15  3  | 10  1  8  |  5 18  7  |
| 14  3 15  |  8 16  5  |  6  2  7  | 11 12 18  | 13  9  4  |  1 17 10  |
-------------------------------------------------------------------------------
|  5 10 16  |  3  4 17  |  7  6  2  | 12 18 13  |  8 11  9  | 14 15  1  |
|  1 12  4  | 10 11 16  |  5  8 15  |  7  2  6  | 14 13 17  |  9  3 18  |
|  3 14 17  |  1  6  2  | 10 16  9  | 15  8  4  | 12 18  5  | 11  7 13  |
|  2  9 18  |  5 14 13  |  3 12 17  | 16 10 11  | 15  7  1  |  6  4  8  |
| 15  7 11  |  9 12  8  | 14 18 13  |  5 17  1  |  4  6  3  |  2 10 16  |
| 13  6  8  |  7 18 15  |  4  1 11  |  9  3 14  | 16 10  2  | 17 12  5  |
-------------------------------------------------------------------------------
| 17  1 10  | 15  2 14  | 12 13  6  | 18 16  5  |  9  8  7  |  4 11  3  |
|  6 11 13  | 16  3 10  |  8 15  1  |  4  9  2  | 18 17 12  |  7  5 14  |
|  8  2  3  | 17  5 11  | 18  9 14  |  6  7 15  |  1  4 10  | 13 16 12  |
| 18  5 12  |  4  8  9  | 17  7  3  | 13 14 10  | 11 16  6  | 15  1  2  |
|  9 15 14  |  6  7 18  | 11  4 16  |  3  1 12  |  2  5 13  | 10  8 17  |
|  4 16  7  | 12 13  1  |  2  5 10  | 17 11  8  |  3 14 15  | 18  9  6  |
-------------------------------------------------------------------------------
