  4  6  1  2  5  3 10  7  9 11  8 12 16 18 17 15 14 13 22 20 19 21 23 24
 16 18 13 14 17 15 22 19 21 23 20 24  4  6  5  3  2  1 10  8  7  9 11 12
 22 24 19 20 23 21  4  1  3  5  2  6 10 12 11  9  8  7 16 14 13 15 17 18
 10 12  7  8 11  9 16 13 15 17 14 18 22 24 23 21 20 19  4  2  1  3  5  6
 11  7  8  9 12 10 17 14 16 18 15 13 23 19 24 22 21 20  5  3  2  4  6  1
 17 13 14 15 18 16 23 20 22 24 21 19  5  1  6  4  3  2 11  9  8 10 12  7
 23 19 20 21 24 22  5  2  4  6  3  1 11  7 12 10  9  8 17 15 14 16 18 13
  5  1  2  3  6  4 11  8 10 12  9  7 17 13 18 16 15 14 23 21 20 22 24 19
 18 14 15 16 13 17 24 21 23 19 22 20  6  2  1  5  4  3 12 10  9 11  7  8
 12  8  9 10  7 11 18 15 17 13 16 14 24 20 19 23 22 21  6  4  3  5  1  2
  6  2  3  4  1  5 12  9 11  7 10  8 18 14 13 17 16 15 24 22 21 23 19 20
 24 20 21 22 19 23  6  3  5  1  4  2 12  8  7 11 10  9 18 16 15 17 13 14
 19 21 22 23 20 24  1  4  6  2  5  3  7  9  8 12 11 10 13 17 16 18 14 15
  1  3  4  5  2  6  7 10 12  8 11  9 13 15 14 18 17 16 19 23 22 24 20 21
  7  9 10 11  8 12 13 16 18 14 17 15 19 21 20 24 23 22  1  5  4  6  2  3
 13 15 16 17 14 18 19 22 24 20 23 21  1  3  2  6  5  4  7 11 10 12  8  9
 14 16 17 18 15 13 20 23 19 21 24 22  2  4  3  1  6  5  8 12 11  7  9 10
 20 22 23 24 21 19  2  5  1  3  6  4  8 10  9  7 12 11 14 18 17 13 15 16
  8 10 11 12  9  7 14 17 13 15 18 16 20 22 21 19 24 23  2  6  5  1  3  4
  2  4  5  6  3  1  8 11  7  9 12 10 14 16 15 13 18 17 20 24 23 19 21 22
 21 23 24 19 22 20  3  6  2  4  1  5  9 11 10  8  7 12 15 13 18 14 16 17
 15 17 18 13 16 14 21 24 20 22 19 23  3  5  4  2  1  6  9  7 12  8 10 11
  3  5  6  1  4  2  9 12  8 10  7 11 15 17 16 14 13 18 21 19 24 20 22 23
  9 11 12  7 10  8 15 18 14 16 13 17 21 23 22 20 19 24  3  1  6  2  4  5
