  5  1  3  4  2  6 12 11  8  7  9 10 15 16 17 18 13 14 22 21 24 19 23 20
 23 19 21 22 20 24  6  5  2  1  3  4  9 10 11 12  7  8 16 15 18 13 17 14
 17 13 15 16 14 18 24 23 20 19 21 22  3  4  5  6  1  2 10  9 12  7 11  8
 11  7  9 10  8 12 18 17 14 13 15 16 21 22 23 24 19 20  4  3  6  1  5  2
 12  8 10 11  9  7 13 18 15 14 16 17 22 23 24 19 20 21  5  4  1  2  6  3
 18 14 16 17 15 13 19 24 21 20 22 23  4  5  6  1  2  3 11 10  7  8 12  9
  6  2  4  5  3  1  7 12  9  8 10 11 16 17 18 13 14 15 23 22 19 20 24 21
 24 20 22 23 21 19  1  6  3  2  4  5 10 11 12  7  8  9 17 16 13 14 18 15
 13 15 17 18 16 14 20 19 22 21 23 24  5  6  1  2  3  4 12 11  8  9  7 10
 19 21 23 24 22 20  2  1  4  3  5  6 11 12  7  8  9 10 18 17 14 15 13 16
  7  9 11 12 10  8 14 13 16 15 17 18 23 24 19 20 21 22  6  5  2  3  1  4
  1  3  5  6  4  2  8  7 10  9 11 12 17 18 13 14 15 16 24 23 20 21 19 22
  8 10 12  7 11  9 15 14 17 16 18 13 24 19 20 21 22 23  1  6  3  4  2  5
 14 16 18 13 17 15 21 20 23 22 24 19  6  1  2  3  4  5  7 12  9 10  8 11
 20 22 24 19 23 21  3  2  5  4  6  1 12  7  8  9 10 11 13 18 15 16 14 17
  2  4  6  1  5  3  9  8 11 10 12  7 18 13 14 15 16 17 19 24 21 22 20 23
  9 11  7  8 12 10 16 15 18 17 13 14 19 20 21 22 23 24  2  1  4  5  3  6
  3  5  1  2  6  4 10  9 12 11  7  8 13 14 15 16 17 18 20 19 22 23 21 24
 21 23 19 20 24 22  4  3  6  5  1  2  7  8  9 10 11 12 14 13 16 17 15 18
 15 17 13 14 18 16 22 21 24 23 19 20  1  2  3  4  5  6  8  7 10 11  9 12
  4  6  2  3  1  5 11 10  7 12  8  9 14 15 16 17 18 13 21 20 23 24 22 19
 10 12  8  9  7 11 17 16 13 18 14 15 20 21 22 23 24 19  3  2  5  6  4  1
 16 18 14 15 13 17 23 22 19 24 20 21  2  3  4  5  6  1  9  8 11 12 10  7
 22 24 20 21 19 23  5  4  1  6  2  3  8  9 10 11 12  7 15 14 17 18 16 13
