  3  2  6  4  5  1  8 12  9 11 10  7 15 14 18 16 13 17 19 23 22 24 20 21
 21 20 24 22 23 19  2  6  3  5  4  1  9  8 12 10  7 11 13 17 16 18 14 15
 15 14 18 16 17 13 20 24 21 23 22 19  3  2  6  4  1  5  7 11 10 12  8  9
  9  8 12 10 11  7 14 18 15 17 16 13 21 20 24 22 19 23  1  5  4  6  2  3
  4  3  1  5  6  2  9  7 10 12 11  8 16 15 13 17 14 18 20 24 23 19 21 22
 10  9  7 11 12  8 15 13 16 18 17 14 22 21 19 23 20 24  2  6  5  1  3  4
 22 21 19 23 24 20  3  1  4  6  5  2 10  9  7 11  8 12 14 18 17 13 15 16
 16 15 13 17 18 14 21 19 22 24 23 20  4  3  1  5  2  6  8 12 11  7  9 10
 11 10  8 12  7  9 16 14 17 13 18 15 23 22 20 24 21 19  3  1  6  2  4  5
 17 16 14 18 13 15 22 20 23 19 24 21  5  4  2  6  3  1  9  7 12  8 10 11
  5  4  2  6  1  3 10  8 11  7 12  9 17 16 14 18 15 13 21 19 24 20 22 23
 23 22 20 24 19 21  4  2  5  1  6  3 11 10  8 12  9  7 15 13 18 14 16 17
 12 11  9  7  8 10 17 15 18 14 13 16 24 23 21 19 22 20  4  2  1  3  5  6
 18 17 15 13 14 16 23 21 24 20 19 22  6  5  3  1  4  2 10  8  7  9 11 12
  6  5  3  1  2  4 11  9 12  8  7 10 18 17 15 13 16 14 22 20 19 21 23 24
 24 23 21 19 20 22  5  3  6  2  1  4 12 11  9  7 10  8 16 14 13 15 17 18
  7 12 10  8  9 11 18 16 13 15 14 17 19 24 22 20 23 21  5  3  2  4  6  1
 19 24 22 20 21 23  6  4  1  3  2  5  7 12 10  8 11  9 17 15 14 16 18 13
 13 18 16 14 15 17 24 22 19 21 20 23  1  6  4  2  5  3 11  9  8 10 12  7
  1  6  4  2  3  5 12 10  7  9  8 11 13 18 16 14 17 15 23 21 20 22 24 19
  8  7 11  9 10 12 13 17 14 16 15 18 20 19 23 21 24 22  6  4  3  5  1  2
  2  1  5  3  4  6  7 11  8 10  9 12 14 13 17 15 18 16 24 22 21 23 19 20
 14 13 17 15 16 18 19 23 20 22 21 24  2  1  5  3  6  4 12 10  9 11  7  8
 20 19 23 21 22 24  1  5  2  4  3  6  8  7 11  9 12 10 18 16 15 17 13 14
