 15 17 16 20 18 21 19 25 24 28 23 26 22 27 34 29 33 32 31 30 35 42 41 38 37 40 39 36 45 46 49 47 43 44 48  1  6  2  7  4  3  5 11  9 14 12 13  8 10
  8 10  9 13 11 14 12 18 17 21 16 19 15 20 27 22 26 25 24 23 28 35 34 31 30 33 32 29 38 39 42 40 36 37 41 43 48 44 49 46 45 47  4  2  7  5  6  1  3
 29 31 30 34 32 35 33 39 38 42 37 40 36 41 48 43 47 46 45 44 49  7  6  3  2  5  4  1 10 11 14 12  8  9 13 15 20 16 21 18 17 19 25 23 28 26 27 22 24
 22 24 23 27 25 28 26 32 31 35 30 33 29 34 41 36 40 39 38 37 42 49 48 45 44 47 46 43  3  4  7  5  1  2  6  8 13  9 14 11 10 12 18 16 21 19 20 15 17
 43 45 44 48 46 49 47  4  3  7  2  5  1  6 13  8 12 11 10  9 14 21 20 17 16 19 18 15 24 25 28 26 22 23 27 29 34 30 35 32 31 33 39 37 42 40 41 36 38
  1  3  2  6  4  7  5 11 10 14  9 12  8 13 20 15 19 18 17 16 21 28 27 24 23 26 25 22 31 32 35 33 29 30 34 36 41 37 42 39 38 40 46 44 49 47 48 43 45
 36 38 37 41 39 42 40 46 45 49 44 47 43 48  6  1  5  4  3  2  7 14 13 10  9 12 11  8 17 18 21 19 15 16 20 22 27 23 28 25 24 26 32 30 35 33 34 29 31
 37 39 38 42 40 36 41 47 46 43 45 48 44 49  7  2  6  5  4  3  1  8 14 11 10 13 12  9 18 19 15 20 16 17 21 23 28 24 22 26 25 27 33 31 29 34 35 30 32
 30 32 31 35 33 29 34 40 39 36 38 41 37 42 49 44 48 47 46 45 43  1  7  4  3  6  5  2 11 12  8 13  9 10 14 16 21 17 15 19 18 20 26 24 22 27 28 23 25
 44 46 45 49 47 43 48  5  4  1  3  6  2  7 14  9 13 12 11 10  8 15 21 18 17 20 19 16 25 26 22 27 23 24 28 30 35 31 29 33 32 34 40 38 36 41 42 37 39
 16 18 17 21 19 15 20 26 25 22 24 27 23 28 35 30 34 33 32 31 29 36 42 39 38 41 40 37 46 47 43 48 44 45 49  2  7  3  1  5  4  6 12 10  8 13 14  9 11
  2  4  3  7  5  1  6 12 11  8 10 13  9 14 21 16 20 19 18 17 15 22 28 25 24 27 26 23 32 33 29 34 30 31 35 37 42 38 36 40 39 41 47 45 43 48 49 44 46
 23 25 24 28 26 22 27 33 32 29 31 34 30 35 42 37 41 40 39 38 36 43 49 46 45 48 47 44  4  5  1  6  2  3  7  9 14 10  8 12 11 13 19 17 15 20 21 16 18
  9 11 10 14 12  8 13 19 18 15 17 20 16 21 28 23 27 26 25 24 22 29 35 32 31 34 33 30 39 40 36 41 37 38 42 44 49 45 43 47 46 48  5  3  1  6  7  2  4
 38 40 39 36 41 37 42 48 47 44 46 49 45 43  1  3  7  6  5  4  2  9  8 12 11 14 13 10 19 20 16 21 17 18 15 24 22 25 23 27 26 28 34 32 30 35 29 31 33
 31 33 32 29 34 30 35 41 40 37 39 42 38 36 43 45 49 48 47 46 44  2  1  5  4  7  6  3 12 13  9 14 10 11  8 17 15 18 16 20 19 21 27 25 23 28 22 24 26
 17 19 18 15 20 16 21 27 26 23 25 28 24 22 29 31 35 34 33 32 30 37 36 40 39 42 41 38 47 48 44 49 45 46 43  3  1  4  2  6  5  7 13 11  9 14  8 10 12
 10 12 11  8 13  9 14 20 19 16 18 21 17 15 22 24 28 27 26 25 23 30 29 33 32 35 34 31 40 41 37 42 38 39 36 45 43 46 44 48 47 49  6  4  2  7  1  3  5
  3  5  4  1  6  2  7 13 12  9 11 14 10  8 15 17 21 20 19 18 16 23 22 26 25 28 27 24 33 34 30 35 31 32 29 38 36 39 37 41 40 42 48 46 44 49 43 45 47
 45 47 46 43 48 44 49  6  5  2  4  7  3  1  8 10 14 13 12 11  9 16 15 19 18 21 20 17 26 27 23 28 24 25 22 31 29 32 30 34 33 35 41 39 37 42 36 38 40
 24 26 25 22 27 23 28 34 33 30 32 35 31 29 36 38 42 41 40 39 37 44 43 47 46 49 48 45  5  6  2  7  3  4  1 10  8 11  9 13 12 14 20 18 16 21 15 17 19
  4  6  5  2  7  3  1 14 13 10 12  8 11  9 16 18 15 21 20 19 17 24 23 27 26 22 28 25 34 35 31 29 32 33 30 39 37 40 38 42 41 36 49 47 45 43 44 46 48
 46 48 47 44 49 45 43  7  6  3  5  1  4  2  9 11  8 14 13 12 10 17 16 20 19 15 21 18 27 28 24 22 25 26 23 32 30 33 31 35 34 29 42 40 38 36 37 39 41
 18 20 19 16 21 17 15 28 27 24 26 22 25 23 30 32 29 35 34 33 31 38 37 41 40 36 42 39 48 49 45 43 46 47 44  4  2  5  3  7  6  1 14 12 10  8  9 11 13
 25 27 26 23 28 24 22 35 34 31 33 29 32 30 37 39 36 42 41 40 38 45 44 48 47 43 49 46  6  7  3  1  4  5  2 11  9 12 10 14 13  8 21 19 17 15 16 18 20
 11 13 12  9 14 10  8 21 20 17 19 15 18 16 23 25 22 28 27 26 24 31 30 34 33 29 35 32 41 42 38 36 39 40 37 46 44 47 45 49 48 43  7  5  3  1  2  4  6
 32 34 33 30 35 31 29 42 41 38 40 36 39 37 44 46 43 49 48 47 45  3  2  6  5  1  7  4 13 14 10  8 11 12  9 18 16 19 17 21 20 15 28 26 24 22 23 25 27
 39 41 40 37 42 38 36 49 48 45 47 43 46 44  2  4  1  7  6  5  3 10  9 13 12  8 14 11 20 21 17 15 18 19 16 25 23 26 24 28 27 22 35 33 31 29 30 32 34
  5  7  6  3  1  4  2  8 14 11 13  9 12 10 17 19 16 15 21 20 18 25 24 28 27 23 22 26 35 29 32 30 33 34 31 40 38 41 39 36 42 37 43 48 46 44 45 47 49
 26 28 27 24 22 25 23 29 35 32 34 30 33 31 38 40 37 36 42 41 39 46 45 49 48 44 43 47  7  1  4  2  5  6  3 12 10 13 11  8 14  9 15 20 18 16 17 19 21
 40 42 41 38 36 39 37 43 49 46 48 44 47 45  3  5  2  1  7  6  4 11 10 14 13  9  8 12 21 15 18 16 19 20 17 26 24 27 25 22 28 23 29 34 32 30 31 33 35
 19 21 20 17 15 18 16 22 28 25 27 23 26 24 31 33 30 29 35 34 32 39 38 42 41 37 36 40 49 43 46 44 47 48 45  5  3  6  4  1  7  2  8 13 11  9 10 12 14
 33 35 34 31 29 32 30 36 42 39 41 37 40 38 45 47 44 43 49 48 46  4  3  7  6  2  1  5 14  8 11  9 12 13 10 19 17 20 18 15 21 16 22 27 25 23 24 26 28
 47 49 48 45 43 46 44  1  7  4  6  2  5  3 10 12  9  8 14 13 11 18 17 21 20 16 15 19 28 22 25 23 26 27 24 33 31 34 32 29 35 30 36 41 39 37 38 40 42
 12 14 13 10  8 11  9 15 21 18 20 16 19 17 24 26 23 22 28 27 25 32 31 35 34 30 29 33 42 36 39 37 40 41 38 47 45 48 46 43 49 44  1  6  4  2  3  5  7
 27 22 28 25 23 26 24 30 29 33 35 31 34 32 39 41 38 37 36 42 40 47 46 43 49 45 44 48  1  2  5  3  6  7  4 13 11 14 12  9  8 10 16 21 19 17 18 20 15
 48 43 49 46 44 47 45  2  1  5  7  3  6  4 11 13 10  9  8 14 12 19 18 15 21 17 16 20 22 23 26 24 27 28 25 34 32 35 33 30 29 31 37 42 40 38 39 41 36
 41 36 42 39 37 40 38 44 43 47 49 45 48 46  4  6  3  2  1  7  5 12 11  8 14 10  9 13 15 16 19 17 20 21 18 27 25 28 26 23 22 24 30 35 33 31 32 34 29
 13  8 14 11  9 12 10 16 15 19 21 17 20 18 25 27 24 23 22 28 26 33 32 29 35 31 30 34 36 37 40 38 41 42 39 48 46 49 47 44 43 45  2  7  5  3  4  6  1
 20 15 21 18 16 19 17 23 22 26 28 24 27 25 32 34 31 30 29 35 33 40 39 36 42 38 37 41 43 44 47 45 48 49 46  6  4  7  5  2  1  3  9 14 12 10 11 13  8
  6  1  7  4  2  5  3  9  8 12 14 10 13 11 18 20 17 16 15 21 19 26 25 22 28 24 23 27 29 30 33 31 34 35 32 41 39 42 40 37 36 38 44 49 47 45 46 48 43
 34 29 35 32 30 33 31 37 36 40 42 38 41 39 46 48 45 44 43 49 47  5  4  1  7  3  2  6  8  9 12 10 13 14 11 20 18 21 19 16 15 17 23 28 26 24 25 27 22
  7  2  1  5  3  6  4 10  9 13  8 11 14 12 19 21 18 17 16 15 20 27 26 23 22 25 24 28 30 31 34 32 35 29 33 42 40 36 41 38 37 39 45 43 48 46 47 49 44
 35 30 29 33 31 34 32 38 37 41 36 39 42 40 47 49 46 45 44 43 48  6  5  2  1  4  3  7  9 10 13 11 14  8 12 21 19 15 20 17 16 18 24 22 27 25 26 28 23
 28 23 22 26 24 27 25 31 30 34 29 32 35 33 40 42 39 38 37 36 41 48 47 44 43 46 45 49  2  3  6  4  7  1  5 14 12  8 13 10  9 11 17 15 20 18 19 21 16
 49 44 43 47 45 48 46  3  2  6  1  4  7  5 12 14 11 10  9  8 13 20 19 16 15 18 17 21 23 24 27 25 28 22 26 35 33 29 34 31 30 32 38 36 41 39 40 42 37
 21 16 15 19 17 20 18 24 23 27 22 25 28 26 33 35 32 31 30 29 34 41 40 37 36 39 38 42 44 45 48 46 49 43 47  7  5  1  6  3  2  4 10  8 13 11 12 14  9
 14  9  8 12 10 13 11 17 16 20 15 18 21 19 26 28 25 24 23 22 27 34 33 30 29 32 31 35 37 38 41 39 42 36 40 49 47 43 48 45 44 46  3  1  6  4  5  7  2
 42 37 36 40 38 41 39 45 44 48 43 46 49 47  5  7  4  3  2  1  6 13 12  9  8 11 10 14 16 17 20 18 21 15 19 28 26 22 27 24 23 25 31 29 34 32 33 35 30
