 31 29 28 30 25 27 26 32 39 34 36 37 38 33 35 40 44 47 48 46 45 41 42 43  6  2  7  5  4  3  1  8 10 15 12  9 16 13 11 14 17 18 20 21 22 19 24 23
 47 45 44 46 41 43 42 48  7  2  4  5  6  1  3  8 12 15 16 14 13  9 10 11 22 18 23 21 20 19 17 24 26 31 28 25 32 29 27 30 33 34 36 37 38 35 40 39
 23 21 20 22 17 19 18 24 31 26 28 29 30 25 27 32 36 39 40 38 37 33 34 35 46 42 47 45 44 43 41 48  2  7  4  1  8  5  3  6  9 10 12 13 14 11 16 15
 15 13 12 14  9 11 10 16 23 18 20 21 22 17 19 24 28 31 32 30 29 25 26 27 38 34 39 37 36 35 33 40 42 47 44 41 48 45 43 46  1  2  4  5  6  3  8  7
  7  5  4  6  1  3  2  8 15 10 12 13 14  9 11 16 20 23 24 22 21 17 18 19 30 26 31 29 28 27 25 32 34 39 36 33 40 37 35 38 41 42 44 45 46 43 48 47
 39 37 36 38 33 35 34 40 47 42 44 45 46 41 43 48  4  7  8  6  5  1  2  3 14 10 15 13 12 11  9 16 18 23 20 17 24 21 19 22 25 26 28 29 30 27 32 31
 48 46 45 47 42 44 43 41  8  3  5  6  7  2  4  1 13 16  9 15 14 10 11 12 23 19 24 22 21 20 18 17 27 32 29 26 25 30 28 31 34 35 37 38 39 36 33 40
 16 14 13 15 10 12 11  9 24 19 21 22 23 18 20 17 29 32 25 31 30 26 27 28 39 35 40 38 37 36 34 33 43 48 45 42 41 46 44 47  2  3  5  6  7  4  1  8
 40 38 37 39 34 36 35 33 48 43 45 46 47 42 44 41  5  8  1  7  6  2  3  4 15 11 16 14 13 12 10  9 19 24 21 18 17 22 20 23 26 27 29 30 31 28 25 32
 32 30 29 31 26 28 27 25 40 35 37 38 39 34 36 33 45 48 41 47 46 42 43 44  7  3  8  6  5  4  2  1 11 16 13 10  9 14 12 15 18 19 21 22 23 20 17 24
 24 22 21 23 18 20 19 17 32 27 29 30 31 26 28 25 37 40 33 39 38 34 35 36 47 43 48 46 45 44 42 41  3  8  5  2  1  6  4  7 10 11 13 14 15 12  9 16
  8  6  5  7  2  4  3  1 16 11 13 14 15 10 12  9 21 24 17 23 22 18 19 20 31 27 32 30 29 28 26 25 35 40 37 34 33 38 36 39 42 43 45 46 47 44 41 48
 33 39 38 40 35 37 36 34 41 44 46 47 48 43 45 42  6  1  2  8  7  3  4  5 16 12  9 15 14 13 11 10 20 17 22 19 18 23 21 24 27 28 30 31 32 29 26 25
 17 23 22 24 19 21 20 18 25 28 30 31 32 27 29 26 38 33 34 40 39 35 36 37 48 44 41 47 46 45 43 42  4  1  6  3  2  7  5  8 11 12 14 15 16 13 10  9
  9 15 14 16 11 13 12 10 17 20 22 23 24 19 21 18 30 25 26 32 31 27 28 29 40 36 33 39 38 37 35 34 44 41 46 43 42 47 45 48  3  4  6  7  8  5  2  1
 41 47 46 48 43 45 44 42  1  4  6  7  8  3  5  2 14  9 10 16 15 11 12 13 24 20 17 23 22 21 19 18 28 25 30 27 26 31 29 32 35 36 38 39 40 37 34 33
 25 31 30 32 27 29 28 26 33 36 38 39 40 35 37 34 46 41 42 48 47 43 44 45  8  4  1  7  6  5  3  2 12  9 14 11 10 15 13 16 19 20 22 23 24 21 18 17
  1  7  6  8  3  5  4  2  9 12 14 15 16 11 13 10 22 17 18 24 23 19 20 21 32 28 25 31 30 29 27 26 36 33 38 35 34 39 37 40 43 44 46 47 48 45 42 41
 10 16 15  9 12 14 13 11 18 21 23 24 17 20 22 19 31 26 27 25 32 28 29 30 33 37 34 40 39 38 36 35 45 42 47 44 43 48 46 41  4  5  7  8  1  6  3  2
 18 24 23 17 20 22 21 19 26 29 31 32 25 28 30 27 39 34 35 33 40 36 37 38 41 45 42 48 47 46 44 43  5  2  7  4  3  8  6  1 12 13 15 16  9 14 11 10
 34 40 39 33 36 38 37 35 42 45 47 48 41 44 46 43  7  2  3  1  8  4  5  6  9 13 10 16 15 14 12 11 21 18 23 20 19 24 22 17 28 29 31 32 25 30 27 26
 42 48 47 41 44 46 45 43  2  5  7  8  1  4  6  3 15 10 11  9 16 12 13 14 17 21 18 24 23 22 20 19 29 26 31 28 27 32 30 25 36 37 39 40 33 38 35 34
  2  8  7  1  4  6  5  3 10 13 15 16  9 12 14 11 23 18 19 17 24 20 21 22 25 29 26 32 31 30 28 27 37 34 39 36 35 40 38 33 44 45 47 48 41 46 43 42
 26 32 31 25 28 30 29 27 34 37 39 40 33 36 38 35 47 42 43 41 48 44 45 46  1  5  2  8  7  6  4  3 13 10 15 12 11 16 14  9 20 21 23 24 17 22 19 18
 27 25 32 26 29 31 30 28 35 38 40 33 34 37 39 36 48 43 44 42 41 45 46 47  2  6  3  1  8  7  5  4 14 11 16 13 12  9 15 10 21 22 24 17 18 23 20 19
 11  9 16 10 13 15 14 12 19 22 24 17 18 21 23 20 32 27 28 26 25 29 30 31 34 38 35 33 40 39 37 36 46 43 48 45 44 41 47 42  5  6  8  1  2  7  4  3
 43 41 48 42 45 47 46 44  3  6  8  1  2  5  7  4 16 11 12 10  9 13 14 15 18 22 19 17 24 23 21 20 30 27 32 29 28 25 31 26 37 38 40 33 34 39 36 35
  3  1  8  2  5  7  6  4 11 14 16  9 10 13 15 12 24 19 20 18 17 21 22 23 26 30 27 25 32 31 29 28 38 35 40 37 36 33 39 34 45 46 48 41 42 47 44 43
 19 17 24 18 21 23 22 20 27 30 32 25 26 29 31 28 40 35 36 34 33 37 38 39 42 46 43 41 48 47 45 44  6  3  8  5  4  1  7  2 13 14 16  9 10 15 12 11
 35 33 40 34 37 39 38 36 43 46 48 41 42 45 47 44  8  3  4  2  1  5  6  7 10 14 11  9 16 15 13 12 22 19 24 21 20 17 23 18 29 30 32 25 26 31 28 27
 44 42 41 43 46 48 47 45  4  7  1  2  3  6  8  5  9 12 13 11 10 14 15 16 19 23 20 18 17 24 22 21 31 28 25 30 29 26 32 27 38 39 33 34 35 40 37 36
 12 10  9 11 14 16 15 13 20 23 17 18 19 22 24 21 25 28 29 27 26 30 31 32 35 39 36 34 33 40 38 37 47 44 41 46 45 42 48 43  6  7  1  2  3  8  5  4
 36 34 33 35 38 40 39 37 44 47 41 42 43 46 48 45  1  4  5  3  2  6  7  8 11 15 12 10  9 16 14 13 23 20 17 22 21 18 24 19 30 31 25 26 27 32 29 28
 20 18 17 19 22 24 23 21 28 31 25 26 27 30 32 29 33 36 37 35 34 38 39 40 43 47 44 42 41 48 46 45  7  4  1  6  5  2  8  3 14 15  9 10 11 16 13 12
  4  2  1  3  6  8  7  5 12 15  9 10 11 14 16 13 17 20 21 19 18 22 23 24 27 31 28 26 25 32 30 29 39 36 33 38 37 34 40 35 46 47 41 42 43 48 45 44
 28 26 25 27 30 32 31 29 36 39 33 34 35 38 40 37 41 44 45 43 42 46 47 48  3  7  4  2  1  8  6  5 15 12  9 14 13 10 16 11 22 23 17 18 19 24 21 20
 37 35 34 36 39 33 40 38 45 48 42 43 44 47 41 46  2  5  6  4  3  7  8  1 12 16 13 11 10  9 15 14 24 21 18 23 22 19 17 20 31 32 26 27 28 25 30 29
 29 27 26 28 31 25 32 30 37 40 34 35 36 39 33 38 42 45 46 44 43 47 48 41  4  8  5  3  2  1  7  6 16 13 10 15 14 11  9 12 23 24 18 19 20 17 22 21
 21 19 18 20 23 17 24 22 29 32 26 27 28 31 25 30 34 37 38 36 35 39 40 33 44 48 45 43 42 41 47 46  8  5  2  7  6  3  1  4 15 16 10 11 12  9 14 13
 13 11 10 12 15  9 16 14 21 24 18 19 20 23 17 22 26 29 30 28 27 31 32 25 36 40 37 35 34 33 39 38 48 45 42 47 46 43 41 44  7  8  2  3  4  1  6  5
  5  3  2  4  7  1  8  6 13 16 10 11 12 15  9 14 18 21 22 20 19 23 24 17 28 32 29 27 26 25 31 30 40 37 34 39 38 35 33 36 47 48 42 43 44 41 46 45
 45 43 42 44 47 41 48 46  5  8  2  3  4  7  1  6 10 13 14 12 11 15 16  9 20 24 21 19 18 17 23 22 32 29 26 31 30 27 25 28 39 40 34 35 36 33 38 37
  6  4  3  5  8  2  1  7 14  9 11 12 13 16 10 15 19 22 23 21 20 24 17 18 29 25 30 28 27 26 32 31 33 38 35 40 39 36 34 37 48 41 43 44 45 42 47 46
 46 44 43 45 48 42 41 47  6  1  3  4  5  8  2  7 11 14 15 13 12 16  9 10 21 17 22 20 19 18 24 23 25 30 27 32 31 28 26 29 40 33 35 36 37 34 39 38
 30 28 27 29 32 26 25 31 38 33 35 36 37 40 34 39 43 46 47 45 44 48 41 42  5  1  6  4  3  2  8  7  9 14 11 16 15 12 10 13 24 17 19 20 21 18 23 22
 38 36 35 37 40 34 33 39 46 41 43 44 45 48 42 47  3  6  7  5  4  8  1  2 13  9 14 12 11 10 16 15 17 22 19 24 23 20 18 21 32 25 27 28 29 26 31 30
 22 20 19 21 24 18 17 23 30 25 27 28 29 32 26 31 35 38 39 37 36 40 33 34 45 41 46 44 43 42 48 47  1  6  3  8  7  4  2  5 16  9 11 12 13 10 15 14
 14 12 11 13 16 10  9 15 22 17 19 20 21 24 18 23 27 30 31 29 28 32 25 26 37 33 38 36 35 34 40 39 41 46 43 48 47 44 42 45  8  1  3  4  5  2  7  6
