  6  7  5  1  8  3  4  2 16 12 13 14 15  9 11 10 24 17 20 19 23 21 18 22 29 27 30 31 25 26 32 28 35 40 39 36 34 38 33 37 44 41 46 48 42 47 45 43
 14 15 13  9 16 11 12 10 24 20 21 22 23 17 19 18 32 25 28 27 31 29 26 30 37 35 38 39 33 34 40 36 43 48 47 44 42 46 41 45  4  1  6  8  2  7  5  3
 30 31 29 25 32 27 28 26 40 36 37 38 39 33 35 34 48 41 44 43 47 45 42 46  5  3  6  7  1  2  8  4 11 16 15 12 10 14  9 13 20 17 22 24 18 23 21 19
 38 39 37 33 40 35 36 34 48 44 45 46 47 41 43 42  8  1  4  3  7  5  2  6 13 11 14 15  9 10 16 12 19 24 23 20 18 22 17 21 28 25 30 32 26 31 29 27
 22 23 21 17 24 19 20 18 32 28 29 30 31 25 27 26 40 33 36 35 39 37 34 38 45 43 46 47 41 42 48 44  3  8  7  4  2  6  1  5 12  9 14 16 10 15 13 11
 46 47 45 41 48 43 44 42  8  4  5  6  7  1  3  2 16  9 12 11 15 13 10 14 21 19 22 23 17 18 24 20 27 32 31 28 26 30 25 29 36 33 38 40 34 39 37 35
 47 48 46 42 41 44 45 43  1  5  6  7  8  2  4  3  9 10 13 12 16 14 11 15 22 20 23 24 18 19 17 21 28 25 32 29 27 31 26 30 37 34 39 33 35 40 38 36
 15 16 14 10  9 12 13 11 17 21 22 23 24 18 20 19 25 26 29 28 32 30 27 31 38 36 39 40 34 35 33 37 44 41 48 45 43 47 42 46  5  2  7  1  3  8  6  4
 39 40 38 34 33 36 37 35 41 45 46 47 48 42 44 43  1  2  5  4  8  6  3  7 14 12 15 16 10 11  9 13 20 17 24 21 19 23 18 22 29 26 31 25 27 32 30 28
 31 32 30 26 25 28 29 27 33 37 38 39 40 34 36 35 41 42 45 44 48 46 43 47  6  4  7  8  2  3  1  5 12  9 16 13 11 15 10 14 21 18 23 17 19 24 22 20
 23 24 22 18 17 20 21 19 25 29 30 31 32 26 28 27 33 34 37 36 40 38 35 39 46 44 47 48 42 43 41 45  4  1  8  5  3  7  2  6 13 10 15  9 11 16 14 12
  7  8  6  2  1  4  5  3  9 13 14 15 16 10 12 11 17 18 21 20 24 22 19 23 30 28 31 32 26 27 25 29 36 33 40 37 35 39 34 38 45 42 47 41 43 48 46 44
 40 33 39 35 34 37 38 36 42 46 47 48 41 43 45 44  2  3  6  5  1  7  4  8 15 13 16  9 11 12 10 14 21 18 17 22 20 24 19 23 30 27 32 26 28 25 31 29
 16  9 15 11 10 13 14 12 18 22 23 24 17 19 21 20 26 27 30 29 25 31 28 32 39 37 40 33 35 36 34 38 45 42 41 46 44 48 43 47  6  3  8  2  4  1  7  5
 32 25 31 27 26 29 30 28 34 38 39 40 33 35 37 36 42 43 46 45 41 47 44 48  7  5  8  1  3  4  2  6 13 10  9 14 12 16 11 15 22 19 24 18 20 17 23 21
 24 17 23 19 18 21 22 20 26 30 31 32 25 27 29 28 34 35 38 37 33 39 36 40 47 45 48 41 43 44 42 46  5  2  1  6  4  8  3  7 14 11 16 10 12  9 15 13
  8  1  7  3  2  5  6  4 10 14 15 16  9 11 13 12 18 19 22 21 17 23 20 24 31 29 32 25 27 28 26 30 37 34 33 38 36 40 35 39 46 43 48 42 44 41 47 45
 48 41 47 43 42 45 46 44  2  6  7  8  1  3  5  4 10 11 14 13  9 15 12 16 23 21 24 17 19 20 18 22 29 26 25 30 28 32 27 31 38 35 40 34 36 33 39 37
  9 10 16 12 11 14 15 13 19 23 24 17 18 20 22 21 27 28 31 30 26 32 29 25 40 38 33 34 36 37 35 39 46 43 42 47 45 41 44 48  7  4  1  3  5  2  8  6
 41 42 48 44 43 46 47 45  3  7  8  1  2  4  6  5 11 12 15 14 10 16 13  9 24 22 17 18 20 21 19 23 30 27 26 31 29 25 28 32 39 36 33 35 37 34 40 38
 33 34 40 36 35 38 39 37 43 47 48 41 42 44 46 45  3  4  7  6  2  8  5  1 16 14  9 10 12 13 11 15 22 19 18 23 21 17 20 24 31 28 25 27 29 26 32 30
 25 26 32 28 27 30 31 29 35 39 40 33 34 36 38 37 43 44 47 46 42 48 45 41  8  6  1  2  4  5  3  7 14 11 10 15 13  9 12 16 23 20 17 19 21 18 24 22
  1  2  8  4  3  6  7  5 11 15 16  9 10 12 14 13 19 20 23 22 18 24 21 17 32 30 25 26 28 29 27 31 38 35 34 39 37 33 36 40 47 44 41 43 45 42 48 46
 17 18 24 20 19 22 23 21 27 31 32 25 26 28 30 29 35 36 39 38 34 40 37 33 48 46 41 42 44 45 43 47  6  3  2  7  5  1  4  8 15 12  9 11 13 10 16 14
 26 27 25 29 28 31 32 30 36 40 33 34 35 37 39 38 44 45 48 47 43 41 46 42  1  7  2  3  5  6  4  8 15 12 11 16 14 10 13  9 24 21 18 20 22 19 17 23
 42 43 41 45 44 47 48 46  4  8  1  2  3  5  7  6 12 13 16 15 11  9 14 10 17 23 18 19 21 22 20 24 31 28 27 32 30 26 29 25 40 37 34 36 38 35 33 39
 34 35 33 37 36 39 40 38 44 48 41 42 43 45 47 46  4  5  8  7  3  1  6  2  9 15 10 11 13 14 12 16 23 20 19 24 22 18 21 17 32 29 26 28 30 27 25 31
 10 11  9 13 12 15 16 14 20 24 17 18 19 21 23 22 28 29 32 31 27 25 30 26 33 39 34 35 37 38 36 40 47 44 43 48 46 42 45 41  8  5  2  4  6  3  1  7
 18 19 17 21 20 23 24 22 28 32 25 26 27 29 31 30 36 37 40 39 35 33 38 34 41 47 42 43 45 46 44 48  7  4  3  8  6  2  5  1 16 13 10 12 14 11  9 15
  2  3  1  5  4  7  8  6 12 16  9 10 11 13 15 14 20 21 24 23 19 17 22 18 25 31 26 27 29 30 28 32 39 36 35 40 38 34 37 33 48 45 42 44 46 43 41 47
 27 28 26 30 29 32 25 31 37 33 34 35 36 38 40 39 45 46 41 48 44 42 47 43  2  8  3  4  6  7  5  1 16 13 12  9 15 11 14 10 17 22 19 21 23 20 18 24
 35 36 34 38 37 40 33 39 45 41 42 43 44 46 48 47  5  6  1  8  4  2  7  3 10 16 11 12 14 15 13  9 24 21 20 17 23 19 22 18 25 30 27 29 31 28 26 32
 19 20 18 22 21 24 17 23 29 25 26 27 28 30 32 31 37 38 33 40 36 34 39 35 42 48 43 44 46 47 45 41  8  5  4  1  7  3  6  2  9 14 11 13 15 12 10 16
  3  4  2  6  5  8  1  7 13  9 10 11 12 14 16 15 21 22 17 24 20 18 23 19 26 32 27 28 30 31 29 25 40 37 36 33 39 35 38 34 41 46 43 45 47 44 42 48
 11 12 10 14 13 16  9 15 21 17 18 19 20 22 24 23 29 30 25 32 28 26 31 27 34 40 35 36 38 39 37 33 48 45 44 41 47 43 46 42  1  6  3  5  7  4  2  8
 43 44 42 46 45 48 41 47  5  1  2  3  4  6  8  7 13 14  9 16 12 10 15 11 18 24 19 20 22 23 21 17 32 29 28 25 31 27 30 26 33 38 35 37 39 36 34 40
 36 37 35 39 38 33 34 40 46 42 43 44 45 47 41 48  6  7  2  1  5  3  8  4 11  9 12 13 15 16 14 10 17 22 21 18 24 20 23 19 26 31 28 30 32 29 27 25
 44 45 43 47 46 41 42 48  6  2  3  4  5  7  1  8 14 15 10  9 13 11 16 12 19 17 20 21 23 24 22 18 25 30 29 26 32 28 31 27 34 39 36 38 40 37 35 33
 12 13 11 15 14  9 10 16 22 18 19 20 21 23 17 24 30 31 26 25 29 27 32 28 35 33 36 37 39 40 38 34 41 46 45 42 48 44 47 43  2  7  4  6  8  5  3  1
  4  5  3  7  6  1  2  8 14 10 11 12 13 15  9 16 22 23 18 17 21 19 24 20 27 25 28 29 31 32 30 26 33 38 37 34 40 36 39 35 42 47 44 46 48 45 43 41
 20 21 19 23 22 17 18 24 30 26 27 28 29 31 25 32 38 39 34 33 37 35 40 36 43 41 44 45 47 48 46 42  1  6  5  2  8  4  7  3 10 15 12 14 16 13 11  9
 28 29 27 31 30 25 26 32 38 34 35 36 37 39 33 40 46 47 42 41 45 43 48 44  3  1  4  5  7  8  6  2  9 14 13 10 16 12 15 11 18 23 20 22 24 21 19 17
 45 46 44 48 47 42 43 41  7  3  4  5  6  8  2  1 15 16 11 10 14 12  9 13 20 18 21 22 24 17 23 19 26 31 30 27 25 29 32 28 35 40 37 39 33 38 36 34
 37 38 36 40 39 34 35 33 47 43 44 45 46 48 42 41  7  8  3  2  6  4  1  5 12 10 13 14 16  9 15 11 18 23 22 19 17 21 24 20 27 32 29 31 25 30 28 26
  5  6  4  8  7  2  3  1 15 11 12 13 14 16 10  9 23 24 19 18 22 20 17 21 28 26 29 30 32 25 31 27 34 39 38 35 33 37 40 36 43 48 45 47 41 46 44 42
 13 14 12 16 15 10 11  9 23 19 20 21 22 24 18 17 31 32 27 26 30 28 25 29 36 34 37 38 40 33 39 35 42 47 46 43 41 45 48 44  3  8  5  7  1  6  4  2
 29 30 28 32 31 26 27 25 39 35 36 37 38 40 34 33 47 48 43 42 46 44 41 45  4  2  5  6  8  1  7  3 10 15 14 11  9 13 16 12 19 24 21 23 17 22 20 18
 21 22 20 24 23 18 19 17 31 27 28 29 30 32 26 25 39 40 35 34 38 36 33 37 44 42 45 46 48 41 47 43  2  7  6  3  1  5  8  4 11 16 13 15  9 14 12 10
