  4  1  2  3  6  8  5  7 12  9 10 11 16 14 15 13 19 18 17 20 24 21 22 23
 16 13 14 15 18 20 17 19 24 21 22 23  4  2  3  1  7  6  5  8 12  9 10 11
 20 17 18 19 22 24 21 23  4  1  2  3  8  6  7  5 11 10  9 12 16 13 14 15
 24 21 22 23  2  4  1  3  8  5  6  7 12 10 11  9 15 14 13 16 20 17 18 19
  8  5  6  7 10 12  9 11 16 13 14 15 20 18 19 17 23 22 21 24  4  1  2  3
 12  9 10 11 14 16 13 15 20 17 18 19 24 22 23 21  3  2  1  4  8  5  6  7
 17 18 19 20 23 21 22 24  1  2  3  4  5  7  8  6 12 11 10  9 13 14 15 16
 13 14 15 16 19 17 18 20 21 22 23 24  1  3  4  2  8  7  6  5  9 10 11 12
  5  6  7  8 11  9 10 12 13 14 15 16 17 19 20 18 24 23 22 21  1  2  3  4
  1  2  3  4  7  5  6  8  9 10 11 12 13 15 16 14 20 19 18 17 21 22 23 24
 21 22 23 24  3  1  2  4  5  6  7  8  9 11 12 10 16 15 14 13 17 18 19 20
  9 10 11 12 15 13 14 16 17 18 19 20 21 23 24 22  4  3  2  1  5  6  7  8
  2  3  4  1  8  6  7  5 10 11 12  9 14 16 13 15 17 20 19 18 22 23 24 21
 10 11 12  9 16 14 15 13 18 19 20 17 22 24 21 23  1  4  3  2  6  7  8  5
  6  7  8  5 12 10 11  9 14 15 16 13 18 20 17 19 21 24 23 22  2  3  4  1
 22 23 24 21  4  2  3  1  6  7  8  5 10 12  9 11 13 16 15 14 18 19 20 17
 14 15 16 13 20 18 19 17 22 23 24 21  2  4  1  3  5  8  7  6 10 11 12  9
 18 19 20 17 24 22 23 21  2  3  4  1  6  8  5  7  9 12 11 10 14 15 16 13
 19 20 17 18 21 23 24 22  3  4  1  2  7  5  6  8 10  9 12 11 15 16 13 14
 11 12  9 10 13 15 16 14 19 20 17 18 23 21 22 24  2  1  4  3  7  8  5  6
 23 24 21 22  1  3  4  2  7  8  5  6 11  9 10 12 14 13 16 15 19 20 17 18
 15 16 13 14 17 19 20 18 23 24 21 22  3  1  2  4  6  5  8  7 11 12  9 10
  3  4  1  2  5  7  8  6 11 12  9 10 15 13 14 16 18 17 20 19 23 24 21 22
  7  8  5  6  9 11 12 10 15 16 13 14 19 17 18 20 22 21 24 23  3  4  1  2
