  7  5  8  3 17  6 15 18  1 14 20  2 16 13 11 12 19 10  4  9
 19  4 11  2 14 10 20  7 18 15 16 17  8  5  9  6 13  3 12  1
 16 15  1 12  8  5  2 11  7  4 13  9 19 10 17  3 18 20  6 14
 10 20 17 18 16  1 13  9  6 19 12  3  7 14  2  4 11  8  5 15
  9 14  6 13  4 12 19  3  8  5 11 10 20 18 15  1  7 16 17  2
 15  2  3 20  6 13 11  8 17 18  7  5  1 19 14  9 10 12 16  4
 12 19  4 11  9 18 16 20 13  8  1 14  3  6  5 10  2 15  7 17
  5 10  7  1  2  4 17 14 11  9 15 16 18 20 12  8  3 19 13  6
 13 17 14  8  5 19  1 12  4 10  3  6 15  2  7 16  9 18 20 11
  6 18 16  9  3  7 10 15 12 20  2 19 13 11  4 17 14  1  8  5
  8 16 15  6 10 17 14  4 20  7 18 12  9  3 13  5  1 11  2 19
 14  9 19  4 11  8  6 16 15 17 10  1 12  7 18  2  5 13  3 20
 20 12 10  5 19  9  3 13 14  2  8 11 17  4  1 15  6  7 18 16
  3 11 18  7 15  2 12  1  9 16  5 13  6  8 20 19 17  4 14 10
  2  1 13 17 18 20  7  5 19  3  6  4 14 16 10 11 12  9 15  8
 18  6 20 10  7 16  9 17  3 11 14 15  2  1  8 13  4  5 19 12
 11  3  5 16 20 14  8  6 10 12 17 18  4  9 19  7 15  2  1 13
 17  7  9 15  1  3  4  2  5 13 19 20 11 12 16 14  8  6 10 18
  4  8 12 19 13 15 18 10  2  1  9  7  5 17  6 20 16 14 11  3
  1 13  2 14 12 11  5 19 16  6  4  8 10 15  3 18 20 17  9  7
