  6  3 16 18  4 10  7  5 12 20  2  8 13 17  1 19  9 15 11 14
  8  1  2 13  3  6 18 14  5 10 11  7  9 12 15 20 19 17 16  4
  9  5  7 15  1 16 20 19  6 13 17 18 10 11 14  4 12  8  3  2
 17  4 19 14 15 13 12 11  1  3 16  9  7 18  8  2 10 20  6  5
 12 10 11 20  8  9 17  2 14 15 19  4 16  6  5  3  7 18  1 13
 20  6  3 11 17 14  2  7 18  4 10 16 12 13 19  8  1  9  5 15
  1 13  4 19 20  3 16 15 17  5  7  2 11 10 18  9  8 12 14  6
 18 15  5  9  6 19 10 13  3 11  8 12  4 14  7  1 20 16  2 17
 16 12 17  8 11  1  5  4 15  9 13 14  2  3 20  6 18 10  7 19
 14  7 10  2 12 18  8  9 20  6  1 19 17 15 16  5 13 11  4  3
  4  2  9 17 14  5 19 18 11  7  3 15  1 16 10 12  6 13 20  8
 10 16  6 12 13 20  4  3 19 14  9  5  8  2 11  7 17  1 15 18
 13 18 15  1 16 17  9 10  2  8  4 20  5 19  6 14 11  3 12  7
  7 14  8  3  2 12 11  6 16 17 18  1 15 20  9 13  5  4 19 10
 19 11 20  5  7 15  1  8 13 12  6 10  3  4 17 18  2 14  9 16
 15  8 12  4 19  2 14 20 10 16  5  6 18  1 13 11  3  7 17  9
  5 19 14  7 18  4  6 12  9  1 15 13 20  8  3 17 16  2 10 11
 11 17 13 10  9  7 15  1  4 18 20  3  6  5  2 16 14 19  8 12
  2 20 18 16  5  8  3 17  7 19 12 11 14  9  4 10 15  6 13  1
  3  9  1  6 10 11 13 16  8  2 14 17 19  7 12 15  4  5 18 20
