 15  3  8 16 20 14  6  7 13  2  5  4 12 19  9  1 17 10 18 11
  5  6  2  4 19 13  9  8 10 12 14 15  7 11 18 17  1 20  3 16
  1  7 12 19  2 17  4 18  8  9  3 11 20 10 13 16 14 15  6  5
 17 14 10 18 12  5 16 11  7  6 20  1  2  8 15  3  9 13 19  4
 20 11  9 13  3 10  1 15 16 18 17 19  6 14  5  4  7 12  2  8
  4  1  3 20  9  7 18 16 19 13  6 14  8  2 17  5 15 11 12 10
 13 18  6 17  1  4 10 12  3 16  7  2 11 15 14  9  8 19  5 20
  8 16 11 10 14 19  3  2  9  4 15  5  1 13 20 12  6 17  7 18
  7  5 14  9  8  6 15 17 11  1 12 20 18  4 19 10 13  2 16  3
 12 15 19  2 13 20 11  5 18 10  8 17 16  7  3  6  4  9  1 14
  3  4 13 11 18 15 17  6  1 19  9 16  5 20  2 14 10  7  8 12
 19 17  7 12 16 11 13  4  5 20 18  6  9  1 10  8  2  3 14 15
  6 20 16  1  5  3 19  9 14  8  2 10  4 12  7 15 11 18 13 17
 14  2 18 15 10  1  8 20  4  7 13 12 17  3 16 11  5  6  9 19
 10  9  5  8  7 12  2 14 15 17 11  3 13 18  6 19 16  4 20  1
 18 12 15  3  4  2 14  1 20  5 16 13 10  6 11  7 19  8 17  9
 11 10 20  6 17  9  7 19  2 14  1  8 15  5 12 18  3 16  4 13
  2  8 17  7 15 16  5 10 12  3  4 18 19  9  1 13 20 14 11  6
 16 13  4  5 11 18 20  3  6 15 19  9 14 17  8  2 12  1 10  7
  9 19  1 14  6  8 12 13 17 11 10  7  3 16  4 20 18  5 15  2
