  7  2  3  1 19 15  6  8  5  9 12 14 17  4 18 16 20 13 10 11
  6 10 18  4  1  2 13 16 15  7 17 20  5 14 11  3  8 12  9 19
 12  9 17 15 10  7  5  4  2  1 13 11  8  6 20 19 16 18 14  3
 13 19  8  5 18 14 11 20  6 10 16  3 12  9  2  7 17 15  1  4
 11 14 20 16  3  9 17 12  4  8 18 19  1 13 10 15  5  7  2  6
 20 16 11  2 15  6  7 10 12  5 14 13  9 17  1  4 19  3 18  8
 14  5  6  3 20  4 12  2 10 17 15 16 13 18 19  8  9  1 11  7
 18  8  9 10 14  1 19 11 20  4  6  7 15 12  3  2 13 17 16  5
 15 13 12  7  9 18 16 17 19  3  1  8 10 20  5 11  4  2  6 14
  1 17  4 19 13  5  8  3  9 11  2 18 14 16  7  6 15 10 12 20
  3  7 13 14  8 19  2  1 17 15 11  5 18 10  9 12  6  4 20 16
 16  6  1 17  4 13 15 18  8  2 19 12 11  7 14 20 10  5  3  9
 19 20  5 11  6 16 14  9  3 13  4 10  2  1 15 17 12  8  7 18
  8 12  2  9 17  3 10  7  1 18 20  6  4 19 16  5 11 14 15 13
 10  4 15 18 11 12 20  5 14 16  7  9  3  8  6 13  2 19 17  1
  5  3  7 13 16 20 18  6 11 14  8 15 19  2 12 10  1  9  4 17
  9  1 19  6 12 17  4 13 16 20  3  2  7 15  8 14 18 11  5 10
  4 15 14 20  7 10  9 19 18 12  5 17 16 11 13  1  3  6  8  2
 17 18 16  8  2 11  3 15  7 19 10  1  6  5  4  9 14 20 13 12
  2 11 10 12  5  8  1 14 13  6  9  4 20  3 17 18  7 16 19 15
