 10  6 17  9  1  7  2 13  3 18 15 19 11  4 20 14 12  5 16  8
  2  8 19  1  9  5  4 20 11  6 17 12 10  3 16 13 18 14  7 15
 18  4 12 11 17 15  8 19  7 20 14 16  6  5  1  2  3 13 10  9
 20 15  3 16 18  6 10 14 13  5  4  1  7  8  9 12 11  2 17 19
  7 13 14  5 11  3 16 12  8  9 10  2 17 15 19 18 20  6  4  1
 14  2  8  7 13 11 18  3 17 15 20  4 19 16 10  9  5 12  1  6
 15  5  4  3 12 19  6  1 10 14 11 18  8 17  7 20  9 16  2 13
  9 18 16 20  5  8 17  7  1  3  6 13 14  2 12 15 19 10 11  4
 12 10  6 17 14 20 15  4  2 16 19  9 13  1  5 11  8 18  3  7
 13 11  1 19  2 10  9 16 12  7  5  8  4 18  3  6 15 20 14 17
 11 19 15 14 20  9  7  8  4 13  3  6 16 12 18  1  2 17  5 10
  1 20  7  4  6 12 14 11  9 19  8 15  2 10 17  5 16  3 13 18
  5 12 10  6 15  1  3 17 16  2 18 14  9 13  8 19  4  7 20 11
 16  9 18  2  4 13  5 10 20  1  7 17 15 14 11  3  6 19  8 12
  3 17 13  8 16 18 19  2  5 11 12 10 20  7  6  4  1  9 15 14
  6 14 20 10 19  4 12  9 15 17 13  3  5 11  2  8  7  1 18 16
  8  3  9 18  7 14 11 15 19 12 16  5  1 20 13 17 10  4  6  2
 17  7 11 12  3 16  1  6 14  8  2 20 18 19  4 10 13 15  9  5
 19 16  5 15 10  2 13 18  6  4  1 11  3  9 14  7 17  8 12 20
  4  1  2 13  8 17 20  5 18 10  9  7 12  6 15 16 14 11 19  3
