 39 40 38 37  2  3  4  1  8  6  5  7 10 12 11  9 15 14 13 16 19 20 17 18 21 23 22 24 28 25 26 27 29 32 30 31 34 36 35 33
 15 16 14 13 18 19 20 17 24 22 21 23 26 28 27 25 31 30 29 32 35 36 33 34 37 39 38 40  4  1  2  3  5  8  6  7 10 12 11  9
  7  8  6  5 10 11 12  9 16 14 13 15 18 20 19 17 23 22 21 24 27 28 25 26 29 31 30 32 36 33 34 35 37 40 38 39  2  4  3  1
 27 28 26 25 30 31 32 29 36 34 33 35 38 40 39 37  3  2  1  4  7  8  5  6  9 11 10 12 16 13 14 15 17 20 18 19 22 24 23 21
 23 24 22 21 26 27 28 25 32 30 29 31 34 36 35 33 39 38 37 40  3  4  1  2  5  7  6  8 12  9 10 11 13 16 14 15 18 20 19 17
 31 32 30 29 34 35 36 33 40 38 37 39  2  4  3  1  7  6  5  8 11 12  9 10 13 15 14 16 20 17 18 19 21 24 22 23 26 28 27 25
 19 20 18 17 22 23 24 21 28 26 25 27 30 32 31 29 35 34 33 36 39 40 37 38  1  3  2  4  8  5  6  7  9 12 10 11 14 16 15 13
  3  4  2  1  6  7  8  5 12 10  9 11 14 16 15 13 19 18 17 20 23 24 21 22 25 27 26 28 32 29 30 31 33 36 34 35 38 40 39 37
 11 12 10  9 14 15 16 13 20 18 17 19 22 24 23 21 27 26 25 28 31 32 29 30 33 35 34 36 40 37 38 39  1  4  2  3  6  8  7  5
 35 36 34 33 38 39 40 37  4  2  1  3  6  8  7  5 11 10  9 12 15 16 13 14 17 19 18 20 24 21 22 23 25 28 26 27 30 32 31 29
 32 29 31 30 35 36 33 34 37 39 38 40  3  1  4  2  8  7  6  5 12  9 10 11 14 16 15 13 17 18 19 20 22 21 23 24 27 25 28 26
 36 33 35 34 39 40 37 38  1  3  2  4  7  5  8  6 12 11 10  9 16 13 14 15 18 20 19 17 21 22 23 24 26 25 27 28 31 29 32 30
 16 13 15 14 19 20 17 18 21 23 22 24 27 25 28 26 32 31 30 29 36 33 34 35 38 40 39 37  1  2  3  4  6  5  7  8 11  9 12 10
  4  1  3  2  7  8  5  6  9 11 10 12 15 13 16 14 20 19 18 17 24 21 22 23 26 28 27 25 29 30 31 32 34 33 35 36 39 37 40 38
 24 21 23 22 27 28 25 26 29 31 30 32 35 33 36 34 40 39 38 37  4  1  2  3  6  8  7  5  9 10 11 12 14 13 15 16 19 17 20 18
  8  5  7  6 11 12  9 10 13 15 14 16 19 17 20 18 24 23 22 21 28 25 26 27 30 32 31 29 33 34 35 36 38 37 39 40  3  1  4  2
 40 37 39 38  3  4  1  2  5  7  6  8 11  9 12 10 16 15 14 13 20 17 18 19 22 24 23 21 25 26 27 28 30 29 31 32 35 33 36 34
 12  9 11 10 15 16 13 14 17 19 18 20 23 21 24 22 28 27 26 25 32 29 30 31 34 36 35 33 37 38 39 40  2  1  3  4  7  5  8  6
 28 25 27 26 31 32 29 30 33 35 34 36 39 37 40 38  4  3  2  1  8  5  6  7 10 12 11  9 13 14 15 16 18 17 19 20 23 21 24 22
 20 17 19 18 23 24 21 22 25 27 26 28 31 29 32 30 36 35 34 33 40 37 38 39  2  4  3  1  5  6  7  8 10  9 11 12 15 13 16 14
 33 34 36 35 40 37 38 39  2  4  3  1  8  6  5  7  9 12 11 10 13 14 15 16 19 17 20 18 22 23 24 21 27 26 28 25 32 30 29 31
 29 30 32 31 36 33 34 35 38 40 39 37  4  2  1  3  5  8  7  6  9 10 11 12 15 13 16 14 18 19 20 17 23 22 24 21 28 26 25 27
 37 38 40 39  4  1  2  3  6  8  7  5 12 10  9 11 13 16 15 14 17 18 19 20 23 21 24 22 26 27 28 25 31 30 32 29 36 34 33 35
  9 10 12 11 16 13 14 15 18 20 19 17 24 22 21 23 25 28 27 26 29 30 31 32 35 33 36 34 38 39 40 37  3  2  4  1  8  6  5  7
 13 14 16 15 20 17 18 19 22 24 23 21 28 26 25 27 29 32 31 30 33 34 35 36 39 37 40 38  2  3  4  1  7  6  8  5 12 10  9 11
 25 26 28 27 32 29 30 31 34 36 35 33 40 38 37 39  1  4  3  2  5  6  7  8 11  9 12 10 14 15 16 13 19 18 20 17 24 22 21 23
 17 18 20 19 24 21 22 23 26 28 27 25 32 30 29 31 33 36 35 34 37 38 39 40  3  1  4  2  6  7  8  5 11 10 12  9 16 14 13 15
  1  2  4  3  8  5  6  7 10 12 11  9 16 14 13 15 17 20 19 18 21 22 23 24 27 25 28 26 30 31 32 29 35 34 36 33 40 38 37 39
 21 22 24 23 28 25 26 27 30 32 31 29 36 34 33 35 37 40 39 38  1  2  3  4  7  5  8  6 10 11 12  9 15 14 16 13 20 18 17 19
  5  6  8  7 12  9 10 11 14 16 15 13 20 18 17 19 21 24 23 22 25 26 27 28 31 29 32 30 34 35 36 33 39 38 40 37  4  2  1  3
  2  3  1  4  5  6  7  8 11  9 12 10 13 15 14 16 18 17 20 19 22 23 24 21 28 26 25 27 31 32 29 30 36 35 33 34 37 39 38 40
 34 35 33 36 37 38 39 40  3  1  4  2  5  7  6  8 10  9 12 11 14 15 16 13 20 18 17 19 23 24 21 22 28 27 25 26 29 31 30 32
 38 39 37 40  1  2  3  4  7  5  8  6  9 11 10 12 14 13 16 15 18 19 20 17 24 22 21 23 27 28 25 26 32 31 29 30 33 35 34 36
 26 27 25 28 29 30 31 32 35 33 36 34 37 39 38 40  2  1  4  3  6  7  8  5 12 10  9 11 15 16 13 14 20 19 17 18 21 23 22 24
 22 23 21 24 25 26 27 28 31 29 32 30 33 35 34 36 38 37 40 39  2  3  4  1  8  6  5  7 11 12  9 10 16 15 13 14 17 19 18 20
 18 19 17 20 21 22 23 24 27 25 28 26 29 31 30 32 34 33 36 35 38 39 40 37  4  2  1  3  7  8  5  6 12 11  9 10 13 15 14 16
 14 15 13 16 17 18 19 20 23 21 24 22 25 27 26 28 30 29 32 31 34 35 36 33 40 38 37 39  3  4  1  2  8  7  5  6  9 11 10 12
 10 11  9 12 13 14 15 16 19 17 20 18 21 23 22 24 26 25 28 27 30 31 32 29 36 34 33 35 39 40 37 38  4  3  1  2  5  7  6  8
 30 31 29 32 33 34 35 36 39 37 40 38  1  3  2  4  6  5  8  7 10 11 12  9 16 14 13 15 19 20 17 18 24 23 21 22 25 27 26 28
  6  7  5  8  9 10 11 12 15 13 16 14 17 19 18 20 22 21 24 23 26 27 28 25 32 30 29 31 35 36 33 34 40 39 37 38  1  3  2  4
