0.0013296999968588352
0.0015160000184550881
0.0013206000439822674
0.0013432999840006232
0.0013351000379770994
0.0024802000261843204
0.0014831000007689
0.001491399947553873
0.0015825999435037374
0.001514099887572229
0.0015981999458745122
0.001684500020928681
0.0018517000135034323
0.0016808999935165048
0.001492900075390935
0.0015336000360548496
0.0023837999906390905
0.0016645999858155847
0.0030959000578150153
0.0025285000447183847
0.0023366999812424183
0.002849500044248998
0.001792699913494289
0.0017170000355690718
0.0014563000295311213
0.0017728999955579638
0.0017974000656977296
0.001500300015322864
0.00149789999704808
0.0015460000140592456
0.0021177000598981977
0.001963100046850741
0.002031099982559681
0.0020108999451622367
0.002805599942803383
0.0015448000049218535
0.002335099969059229
0.0020401999354362488
0.0013800999149680138
0.0014079000102356076
0.002382999984547496
0.0016132999444380403
0.0015400999691337347
0.001561500015668571
0.0015653000446036458
0.0015533999539911747
0.0015418999828398228
0.0017619999125599861
0.002449600026011467
0.002384499995969236
0.0016446999507024884
0.0014621999580413103
0.0017055999487638474
0.0021655999589711428
0.0017490999307483435
0.0024552999529987574
0.00234250002540648
0.002503100084140897
0.0018594000721350312
0.001657900051213801
0.002550699980929494
0.002508100005798042
0.0023639999562874436
0.002826699987053871
0.0016105000395327806
0.0025484999641776085
0.0024071999359875917
0.001727700000628829
0.0022905999794602394
0.0015939000295475125
0.0016008999664336443
0.0014415000332519412
0.0014205999905243516
0.0013762000016868114
0.0014094000216573477
0.0014529000036418438
0.0015326000284403563
0.0015351000474765897
0.0016398999141529202
0.0014293999411165714
0.0014102000277489424
0.0015595000004395843
0.0014670999953523278
0.0014120000414550304
0.0014931999612599611
0.0019993999740108848
0.0015480000292882323
0.0014403999084606767
0.0014825999969616532
0.001471600029617548
0.0014582999283447862
0.001498500001616776
0.0014814999885857105
0.0016409000381827354
0.0019884000066667795
0.0015358999371528625
0.0014564000302925706
0.0014795999741181731
0.0023862000089138746
0.0024458999978378415
