  4  3  8  1  6  5  7  2 14  9 13 16 15 11 10 12 24 21 23 18 20 19 17 22 29 32 27 25 28 26 30 31 34 39 37 36 35 40 33 38 44 46 43 41 42 48 45 47 54 51 53 52 56 50 55 49 58 59 62 60 64 61 63 57
 60 59 64 57 62 61 63 58  6  1  5  8  7  3  2  4 16 13 15 10 12 11  9 14 21 24 19 17 20 18 22 23 26 31 29 28 27 32 25 30 36 38 35 33 34 40 37 39 46 43 45 44 48 42 47 41 50 51 54 52 56 53 55 49
 52 51 56 49 54 53 55 50 62 57 61 64 63 59 58 60  8  5  7  2  4  3  1  6 13 16 11  9 12 10 14 15 18 23 21 20 19 24 17 22 28 30 27 25 26 32 29 31 38 35 37 36 40 34 39 33 42 43 46 44 48 45 47 41
 44 43 48 41 46 45 47 42 54 49 53 56 55 51 50 52 64 61 63 58 60 59 57 62  5  8  3  1  4  2  6  7 10 15 13 12 11 16  9 14 20 22 19 17 18 24 21 23 30 27 29 28 32 26 31 25 34 35 38 36 40 37 39 33
 12 11 16  9 14 13 15 10 22 17 21 24 23 19 18 20 32 29 31 26 28 27 25 30 37 40 35 33 36 34 38 39 42 47 45 44 43 48 41 46 52 54 51 49 50 56 53 55 62 59 61 60 64 58 63 57  2  3  6  4  8  5  7  1
 28 27 32 25 30 29 31 26 38 33 37 40 39 35 34 36 48 45 47 42 44 43 41 46 53 56 51 49 52 50 54 55 58 63 61 60 59 64 57 62  4  6  3  1  2  8  5  7 14 11 13 12 16 10 15  9 18 19 22 20 24 21 23 17
 36 35 40 33 38 37 39 34 46 41 45 48 47 43 42 44 56 53 55 50 52 51 49 54 61 64 59 57 60 58 62 63  2  7  5  4  3  8  1  6 12 14 11  9 10 16 13 15 22 19 21 20 24 18 23 17 26 27 30 28 32 29 31 25
 20 19 24 17 22 21 23 18 30 25 29 32 31 27 26 28 40 37 39 34 36 35 33 38 45 48 43 41 44 42 46 47 50 55 53 52 51 56 49 54 60 62 59 57 58 64 61 63  6  3  5  4  8  2  7  1 10 11 14 12 16 13 15  9
 13 12  9 10 15 14 16 11 23 18 22 17 24 20 19 21 25 30 32 27 29 28 26 31 38 33 36 34 37 35 39 40 43 48 46 45 44 41 42 47 53 55 52 50 51 49 54 56 63 60 62 61 57 59 64 58  3  4  7  5  1  6  8  2
 37 36 33 34 39 38 40 35 47 42 46 41 48 44 43 45 49 54 56 51 53 52 50 55 62 57 60 58 61 59 63 64  3  8  6  5  4  1  2  7 13 15 12 10 11  9 14 16 23 20 22 21 17 19 24 18 27 28 31 29 25 30 32 26
 61 60 57 58 63 62 64 59  7  2  6  1  8  4  3  5  9 14 16 11 13 12 10 15 22 17 20 18 21 19 23 24 27 32 30 29 28 25 26 31 37 39 36 34 35 33 38 40 47 44 46 45 41 43 48 42 51 52 55 53 49 54 56 50
 21 20 17 18 23 22 24 19 31 26 30 25 32 28 27 29 33 38 40 35 37 36 34 39 46 41 44 42 45 43 47 48 51 56 54 53 52 49 50 55 61 63 60 58 59 57 62 64  7  4  6  5  1  3  8  2 11 12 15 13  9 14 16 10
 53 52 49 50 55 54 56 51 63 58 62 57 64 60 59 61  1  6  8  3  5  4  2  7 14  9 12 10 13 11 15 16 19 24 22 21 20 17 18 23 29 31 28 26 27 25 30 32 39 36 38 37 33 35 40 34 43 44 47 45 41 46 48 42
  5  4  1  2  7  6  8  3 15 10 14  9 16 12 11 13 17 22 24 19 21 20 18 23 30 25 28 26 29 27 31 32 35 40 38 37 36 33 34 39 45 47 44 42 43 41 46 48 55 52 54 53 49 51 56 50 59 60 63 61 57 62 64 58
 29 28 25 26 31 30 32 27 39 34 38 33 40 36 35 37 41 46 48 43 45 44 42 47 54 49 52 50 53 51 55 56 59 64 62 61 60 57 58 63  5  7  4  2  3  1  6  8 15 12 14 13  9 11 16 10 19 20 23 21 17 22 24 18
 45 44 41 42 47 46 48 43 55 50 54 49 56 52 51 53 57 62 64 59 61 60 58 63  6  1  4  2  5  3  7  8 11 16 14 13 12  9 10 15 21 23 20 18 19 17 22 24 31 28 30 29 25 27 32 26 35 36 39 37 33 38 40 34
 46 45 42 43 48 47 41 44 56 51 55 50 49 53 52 54 58 63 57 60 62 61 59 64  7  2  5  3  6  4  8  1 12  9 15 14 13 10 11 16 22 24 21 19 20 18 23 17 32 29 31 30 26 28 25 27 36 37 40 38 34 39 33 35
 62 61 58 59 64 63 57 60  8  3  7  2  1  5  4  6 10 15  9 12 14 13 11 16 23 18 21 19 22 20 24 17 28 25 31 30 29 26 27 32 38 40 37 35 36 34 39 33 48 45 47 46 42 44 41 43 52 53 56 54 50 55 49 51
 14 13 10 11 16 15  9 12 24 19 23 18 17 21 20 22 26 31 25 28 30 29 27 32 39 34 37 35 38 36 40 33 44 41 47 46 45 42 43 48 54 56 53 51 52 50 55 49 64 61 63 62 58 60 57 59  4  5  8  6  2  7  1  3
 30 29 26 27 32 31 25 28 40 35 39 34 33 37 36 38 42 47 41 44 46 45 43 48 55 50 53 51 54 52 56 49 60 57 63 62 61 58 59 64  6  8  5  3  4  2  7  1 16 13 15 14 10 12  9 11 20 21 24 22 18 23 17 19
 54 53 50 51 56 55 49 52 64 59 63 58 57 61 60 62  2  7  1  4  6  5  3  8 15 10 13 11 14 12 16  9 20 17 23 22 21 18 19 24 30 32 29 27 28 26 31 25 40 37 39 38 34 36 33 35 44 45 48 46 42 47 41 43
  6  5  2  3  8  7  1  4 16 11 15 10  9 13 12 14 18 23 17 20 22 21 19 24 31 26 29 27 30 28 32 25 36 33 39 38 37 34 35 40 46 48 45 43 44 42 47 41 56 53 55 54 50 52 49 51 60 61 64 62 58 63 57 59
 22 21 18 19 24 23 17 20 32 27 31 26 25 29 28 30 34 39 33 36 38 37 35 40 47 42 45 43 46 44 48 41 52 49 55 54 53 50 51 56 62 64 61 59 60 58 63 57  8  5  7  6  2  4  1  3 12 13 16 14 10 15  9 11
 38 37 34 35 40 39 33 36 48 43 47 42 41 45 44 46 50 55 49 52 54 53 51 56 63 58 61 59 62 60 64 57  4  1  7  6  5  2  3  8 14 16 13 11 12 10 15  9 24 21 23 22 18 20 17 19 28 29 32 30 26 31 25 27
 63 62 59 60 57 64 58 61  1  4  8  3  2  6  5  7 11 16 10 13 15 14 12  9 24 19 22 20 23 21 17 18 29 26 32 31 30 27 28 25 39 33 38 36 37 35 40 34 41 46 48 47 43 45 42 44 53 54 49 55 51 56 50 52
 47 46 43 44 41 48 42 45 49 52 56 51 50 54 53 55 59 64 58 61 63 62 60 57  8  3  6  4  7  5  1  2 13 10 16 15 14 11 12  9 23 17 22 20 21 19 24 18 25 30 32 31 27 29 26 28 37 38 33 39 35 40 34 36
 15 14 11 12  9 16 10 13 17 20 24 19 18 22 21 23 27 32 26 29 31 30 28 25 40 35 38 36 39 37 33 34 45 42 48 47 46 43 44 41 55 49 54 52 53 51 56 50 57 62 64 63 59 61 58 60  5  6  1  7  3  8  2  4
 55 54 51 52 49 56 50 53 57 60 64 59 58 62 61 63  3  8  2  5  7  6  4  1 16 11 14 12 15 13  9 10 21 18 24 23 22 19 20 17 31 25 30 28 29 27 32 26 33 38 40 39 35 37 34 36 45 46 41 47 43 48 42 44
 23 22 19 20 17 24 18 21 25 28 32 27 26 30 29 31 35 40 34 37 39 38 36 33 48 43 46 44 47 45 41 42 53 50 56 55 54 51 52 49 63 57 62 60 61 59 64 58  1  6  8  7  3  5  2  4 13 14  9 15 11 16 10 12
 39 38 35 36 33 40 34 37 41 44 48 43 42 46 45 47 51 56 50 53 55 54 52 49 64 59 62 60 63 61 57 58  5  2  8  7  6  3  4  1 15  9 14 12 13 11 16 10 17 22 24 23 19 21 18 20 29 30 25 31 27 32 26 28
 31 30 27 28 25 32 26 29 33 36 40 35 34 38 37 39 43 48 42 45 47 46 44 41 56 51 54 52 55 53 49 50 61 58 64 63 62 59 60 57  7  1  6  4  5  3  8  2  9 14 16 15 11 13 10 12 21 22 17 23 19 24 18 20
  7  6  3  4  1  8  2  5  9 12 16 11 10 14 13 15 19 24 18 21 23 22 20 17 32 27 30 28 31 29 25 26 37 34 40 39 38 35 36 33 47 41 46 44 45 43 48 42 49 54 56 55 51 53 50 52 61 62 57 63 59 64 58 60
 48 47 44 45 42 41 43 46 50 53 49 52 51 55 54 56 60 57 59 62 64 63 61 58  1  4  7  5  8  6  2  3 14 11  9 16 15 12 13 10 24 18 23 21 22 20 17 19 26 31 25 32 28 30 27 29 38 39 34 40 36 33 35 37
 32 31 28 29 26 25 27 30 34 37 33 36 35 39 38 40 44 41 43 46 48 47 45 42 49 52 55 53 56 54 50 51 62 59 57 64 63 60 61 58  8  2  7  5  6  4  1  3 10 15  9 16 12 14 11 13 22 23 18 24 20 17 19 21
 40 39 36 37 34 33 35 38 42 45 41 44 43 47 46 48 52 49 51 54 56 55 53 50 57 60 63 61 64 62 58 59  6  3  1  8  7  4  5  2 16 10 15 13 14 12  9 11 18 23 17 24 20 22 19 21 30 31 26 32 28 25 27 29
 16 15 12 13 10  9 11 14 18 21 17 20 19 23 22 24 28 25 27 30 32 31 29 26 33 36 39 37 40 38 34 35 46 43 41 48 47 44 45 42 56 50 55 53 54 52 49 51 58 63 57 64 60 62 59 61  6  7  2  8  4  1  3  5
 64 63 60 61 58 57 59 62  2  5  1  4  3  7  6  8 12  9 11 14 16 15 13 10 17 20 23 21 24 22 18 19 30 27 25 32 31 28 29 26 40 34 39 37 38 36 33 35 42 47 41 48 44 46 43 45 54 55 50 56 52 49 51 53
 24 23 20 21 18 17 19 22 26 29 25 28 27 31 30 32 36 33 35 38 40 39 37 34 41 44 47 45 48 46 42 43 54 51 49 56 55 52 53 50 64 58 63 61 62 60 57 59  2  7  1  8  4  6  3  5 14 15 10 16 12  9 11 13
 56 55 52 53 50 49 51 54 58 61 57 60 59 63 62 64  4  1  3  6  8  7  5  2  9 12 15 13 16 14 10 11 22 19 17 24 23 20 21 18 32 26 31 29 30 28 25 27 34 39 33 40 36 38 35 37 46 47 42 48 44 41 43 45
  8  7  4  5  2  1  3  6 10 13  9 12 11 15 14 16 20 17 19 22 24 23 21 18 25 28 31 29 32 30 26 27 38 35 33 40 39 36 37 34 48 42 47 45 46 44 41 43 50 55 49 56 52 54 51 53 62 63 58 64 60 57 59 61
 25 32 29 30 27 26 28 31 35 38 34 37 36 40 39 33 45 42 44 47 41 48 46 43 50 53 56 54 49 55 51 52 63 60 58 57 64 61 62 59  1  3  8  6  7  5  2  4 11 16 10  9 13 15 12 14 23 24 19 17 21 18 20 22
  1  8  5  6  3  2  4  7 11 14 10 13 12 16 15  9 21 18 20 23 17 24 22 19 26 29 32 30 25 31 27 28 39 36 34 33 40 37 38 35 41 43 48 46 47 45 42 44 51 56 50 49 53 55 52 54 63 64 59 57 61 58 60 62
 49 56 53 54 51 50 52 55 59 62 58 61 60 64 63 57  5  2  4  7  1  8  6  3 10 13 16 14  9 15 11 12 23 20 18 17 24 21 22 19 25 27 32 30 31 29 26 28 35 40 34 33 37 39 36 38 47 48 43 41 45 42 44 46
 33 40 37 38 35 34 36 39 43 46 42 45 44 48 47 41 53 50 52 55 49 56 54 51 58 61 64 62 57 63 59 60  7  4  2  1  8  5  6  3  9 11 16 14 15 13 10 12 19 24 18 17 21 23 20 22 31 32 27 25 29 26 28 30
 57 64 61 62 59 58 60 63  3  6  2  5  4  8  7  1 13 10 12 15  9 16 14 11 18 21 24 22 17 23 19 20 31 28 26 25 32 29 30 27 33 35 40 38 39 37 34 36 43 48 42 41 45 47 44 46 55 56 51 49 53 50 52 54
  9 16 13 14 11 10 12 15 19 22 18 21 20 24 23 17 29 26 28 31 25 32 30 27 34 37 40 38 33 39 35 36 47 44 42 41 48 45 46 43 49 51 56 54 55 53 50 52 59 64 58 57 61 63 60 62  7  8  3  1  5  2  4  6
 41 48 45 46 43 42 44 47 51 54 50 53 52 56 55 49 61 58 60 63 57 64 62 59  2  5  8  6  1  7  3  4 15 12 10  9 16 13 14 11 17 19 24 22 23 21 18 20 27 32 26 25 29 31 28 30 39 40 35 33 37 34 36 38
 17 24 21 22 19 18 20 23 27 30 26 29 28 32 31 25 37 34 36 39 33 40 38 35 42 45 48 46 41 47 43 44 55 52 50 49 56 53 54 51 57 59 64 62 63 61 58 60  3  8  2  1  5  7  4  6 15 16 11  9 13 10 12 14
 26 25 30 31 28 27 29 32 36 39 35 38 37 33 40 34 46 43 45 48 42 41 47 44 51 54 49 55 50 56 52 53 64 61 59 58 57 62 63 60  2  4  1  7  8  6  3  5 12  9 11 10 14 16 13 15 24 17 20 18 22 19 21 23
 58 57 62 63 60 59 61 64  4  7  3  6  5  1  8  2 14 11 13 16 10  9 15 12 19 22 17 23 18 24 20 21 32 29 27 26 25 30 31 28 34 36 33 39 40 38 35 37 44 41 43 42 46 48 45 47 56 49 52 50 54 51 53 55
 42 41 46 47 44 43 45 48 52 55 51 54 53 49 56 50 62 59 61 64 58 57 63 60  3  6  1  7  2  8  4  5 16 13 11 10  9 14 15 12 18 20 17 23 24 22 19 21 28 25 27 26 30 32 29 31 40 33 36 34 38 35 37 39
  2  1  6  7  4  3  5  8 12 15 11 14 13  9 16 10 22 19 21 24 18 17 23 20 27 30 25 31 26 32 28 29 40 37 35 34 33 38 39 36 42 44 41 47 48 46 43 45 52 49 51 50 54 56 53 55 64 57 60 58 62 59 61 63
 50 49 54 55 52 51 53 56 60 63 59 62 61 57 64 58  6  3  5  8  2  1  7  4 11 14  9 15 10 16 12 13 24 21 19 18 17 22 23 20 26 28 25 31 32 30 27 29 36 33 35 34 38 40 37 39 48 41 44 42 46 43 45 47
 18 17 22 23 20 19 21 24 28 31 27 30 29 25 32 26 38 35 37 40 34 33 39 36 43 46 41 47 42 48 44 45 56 53 51 50 49 54 55 52 58 60 57 63 64 62 59 61  4  1  3  2  6  8  5  7 16  9 12 10 14 11 13 15
 10  9 14 15 12 11 13 16 20 23 19 22 21 17 24 18 30 27 29 32 26 25 31 28 35 38 33 39 34 40 36 37 48 45 43 42 41 46 47 44 50 52 49 55 56 54 51 53 60 57 59 58 62 64 61 63  8  1  4  2  6  3  5  7
 34 33 38 39 36 35 37 40 44 47 43 46 45 41 48 42 54 51 53 56 50 49 55 52 59 62 57 63 58 64 60 61  8  5  3  2  1  6  7  4 10 12  9 15 16 14 11 13 20 17 19 18 22 24 21 23 32 25 28 26 30 27 29 31
 27 26 31 32 29 28 30 25 37 40 36 39 38 34 33 35 47 44 46 41 43 42 48 45 52 55 50 56 51 49 53 54 57 62 60 59 58 63 64 61  3  5  2  8  1  7  4  6 13 10 12 11 15  9 14 16 17 18 21 19 23 20 22 24
 59 58 63 64 61 60 62 57  5  8  4  7  6  2  1  3 15 12 14  9 11 10 16 13 20 23 18 24 19 17 21 22 25 30 28 27 26 31 32 29 35 37 34 40 33 39 36 38 45 42 44 43 47 41 46 48 49 50 53 51 55 52 54 56
  3  2  7  8  5  4  6  1 13 16 12 15 14 10  9 11 23 20 22 17 19 18 24 21 28 31 26 32 27 25 29 30 33 38 36 35 34 39 40 37 43 45 42 48 41 47 44 46 53 50 52 51 55 49 54 56 57 58 61 59 63 60 62 64
 43 42 47 48 45 44 46 41 53 56 52 55 54 50 49 51 63 60 62 57 59 58 64 61  4  7  2  8  3  1  5  6  9 14 12 11 10 15 16 13 19 21 18 24 17 23 20 22 29 26 28 27 31 25 30 32 33 34 37 35 39 36 38 40
 11 10 15 16 13 12 14  9 21 24 20 23 22 18 17 19 31 28 30 25 27 26 32 29 36 39 34 40 35 33 37 38 41 46 44 43 42 47 48 45 51 53 50 56 49 55 52 54 61 58 60 59 63 57 62 64  1  2  5  3  7  4  6  8
 51 50 55 56 53 52 54 49 61 64 60 63 62 58 57 59  7  4  6  1  3  2  8  5 12 15 10 16 11  9 13 14 17 22 20 19 18 23 24 21 27 29 26 32 25 31 28 30 37 34 36 35 39 33 38 40 41 42 45 43 47 44 46 48
 19 18 23 24 21 20 22 17 29 32 28 31 30 26 25 27 39 36 38 33 35 34 40 37 44 47 42 48 43 41 45 46 49 54 52 51 50 55 56 53 59 61 58 64 57 63 60 62  5  2  4  3  7  1  6  8  9 10 13 11 15 12 14 16
 35 34 39 40 37 36 38 33 45 48 44 47 46 42 41 43 55 52 54 49 51 50 56 53 60 63 58 64 59 57 61 62  1  6  4  3  2  7  8  5 11 13 10 16  9 15 12 14 21 18 20 19 23 17 22 24 25 26 29 27 31 28 30 32
