  3  6  4  1  2  5 11  8 10  7 12  9 15 17 14 18 13 16 24 23 19 21 20 22 26 25 28 27 30 29 36 35 32 34 33 31 42 39 41 38 40 37 46 45 43 47 44 48 54 52 51 53 49 50 58 55 56 60 59 57
  9 12 10  7  8 11 17 14 16 13 18 15 21 23 20 24 19 22 30 29 25 27 26 28 32 31 34 33 36 35 42 41 38 40 39 37 48 45 47 44 46 43 52 51 49 53 50 54 60 58 57 59 55 56  4  1  2  6  5  3
 15 18 16 13 14 17 23 20 22 19 24 21 27 29 26 30 25 28 36 35 31 33 32 34 38 37 40 39 42 41 48 47 44 46 45 43 54 51 53 50 52 49 58 57 55 59 56 60  6  4  3  5  1  2 10  7  8 12 11  9
 51 54 52 49 50 53 59 56 58 55 60 57  3  5  2  6  1  4 12 11  7  9  8 10 14 13 16 15 18 17 24 23 20 22 21 19 30 27 29 26 28 25 34 33 31 35 32 36 42 40 39 41 37 38 46 43 44 48 47 45
 39 42 40 37 38 41 47 44 46 43 48 45 51 53 50 54 49 52 60 59 55 57 56 58  2  1  4  3  6  5 12 11  8 10  9  7 18 15 17 14 16 13 22 21 19 23 20 24 30 28 27 29 25 26 34 31 32 36 35 33
 27 30 28 25 26 29 35 32 34 31 36 33 39 41 38 42 37 40 48 47 43 45 44 46 50 49 52 51 54 53 60 59 56 58 57 55  6  3  5  2  4  1 10  9  7 11  8 12 18 16 15 17 13 14 22 19 20 24 23 21
 57 60 58 55 56 59  5  2  4  1  6  3  9 11  8 12  7 10 18 17 13 15 14 16 20 19 22 21 24 23 30 29 26 28 27 25 36 33 35 32 34 31 40 39 37 41 38 42 48 46 45 47 43 44 52 49 50 54 53 51
 45 48 46 43 44 47 53 50 52 49 54 51 57 59 56 60 55 58  6  5  1  3  2  4  8  7 10  9 12 11 18 17 14 16 15 13 24 21 23 20 22 19 28 27 25 29 26 30 36 34 33 35 31 32 40 37 38 42 41 39
 33 36 34 31 32 35 41 38 40 37 42 39 45 47 44 48 43 46 54 53 49 51 50 52 56 55 58 57 60 59  6  5  2  4  3  1 12  9 11  8 10  7 16 15 13 17 14 18 24 22 21 23 19 20 28 25 26 30 29 27
 21 24 22 19 20 23 29 26 28 25 30 27 33 35 32 36 31 34 42 41 37 39 38 40 44 43 46 45 48 47 54 53 50 52 51 49 60 57 59 56 58 55  4  3  1  5  2  6 12 10  9 11  7  8 16 13 14 18 17 15
 52 49 53 50 51 54 60 57 59 56 55 58  4  6  3  1  2  5  7 12  8 10  9 11 15 14 17 16 13 18 19 24 21 23 22 20 25 28 30 27 29 26 35 34 32 36 33 31 37 41 40 42 38 39 47 44 45 43 48 46
 28 25 29 26 27 30 36 33 35 32 31 34 40 42 39 37 38 41 43 48 44 46 45 47 51 50 53 52 49 54 55 60 57 59 58 56  1  4  6  3  5  2 11 10  8 12  9  7 13 17 16 18 14 15 23 20 21 19 24 22
  4  1  5  2  3  6 12  9 11  8  7 10 16 18 15 13 14 17 19 24 20 22 21 23 27 26 29 28 25 30 31 36 33 35 34 32 37 40 42 39 41 38 47 46 44 48 45 43 49 53 52 54 50 51 59 56 57 55 60 58
 34 31 35 32 33 36 42 39 41 38 37 40 46 48 45 43 44 47 49 54 50 52 51 53 57 56 59 58 55 60  1  6  3  5  4  2  7 10 12  9 11  8 17 16 14 18 15 13 19 23 22 24 20 21 29 26 27 25 30 28
 40 37 41 38 39 42 48 45 47 44 43 46 52 54 51 49 50 53 55 60 56 58 57 59  3  2  5  4  1  6  7 12  9 11 10  8 13 16 18 15 17 14 23 22 20 24 21 19 25 29 28 30 26 27 35 32 33 31 36 34
 22 19 23 20 21 24 30 27 29 26 25 28 34 36 33 31 32 35 37 42 38 40 39 41 45 44 47 46 43 48 49 54 51 53 52 50 55 58 60 57 59 56  5  4  2  6  3  1  7 11 10 12  8  9 17 14 15 13 18 16
 46 43 47 44 45 48 54 51 53 50 49 52 58 60 57 55 56 59  1  6  2  4  3  5  9  8 11 10  7 12 13 18 15 17 16 14 19 22 24 21 23 20 29 28 26 30 27 25 31 35 34 36 32 33 41 38 39 37 42 40
 16 13 17 14 15 18 24 21 23 20 19 22 28 30 27 25 26 29 31 36 32 34 33 35 39 38 41 40 37 42 43 48 45 47 46 44 49 52 54 51 53 50 59 58 56 60 57 55  1  5  4  6  2  3 11  8  9  7 12 10
 58 55 59 56 57 60  6  3  5  2  1  4 10 12  9  7  8 11 13 18 14 16 15 17 21 20 23 22 19 24 25 30 27 29 28 26 31 34 36 33 35 32 41 40 38 42 39 37 43 47 46 48 44 45 53 50 51 49 54 52
 10  7 11  8  9 12 18 15 17 14 13 16 22 24 21 19 20 23 25 30 26 28 27 29 33 32 35 34 31 36 37 42 39 41 40 38 43 46 48 45 47 44 53 52 50 54 51 49 55 59 58 60 56 57  5  2  3  1  6  4
 41 38 42 39 40 37 43 46 48 45 44 47 53 49 52 50 51 54 56 55 57 59 58 60  4  3  6  5  2  1  8  7 10 12 11  9 14 17 13 16 18 15 24 23 21 19 22 20 26 30 29 25 27 28 36 33 34 32 31 35
 11  8 12  9 10  7 13 16 18 15 14 17 23 19 22 20 21 24 26 25 27 29 28 30 34 33 36 35 32 31 38 37 40 42 41 39 44 47 43 46 48 45 54 53 51 49 52 50 56 60 59 55 57 58  6  3  4  2  1  5
 53 50 54 51 52 49 55 58 60 57 56 59  5  1  4  2  3  6  8  7  9 11 10 12 16 15 18 17 14 13 20 19 22 24 23 21 26 29 25 28 30 27 36 35 33 31 34 32 38 42 41 37 39 40 48 45 46 44 43 47
 23 20 24 21 22 19 25 28 30 27 26 29 35 31 34 32 33 36 38 37 39 41 40 42 46 45 48 47 44 43 50 49 52 54 53 51 56 59 55 58 60 57  6  5  3  1  4  2  8 12 11  7  9 10 18 15 16 14 13 17
 29 26 30 27 28 25 31 34 36 33 32 35 41 37 40 38 39 42 44 43 45 47 46 48 52 51 54 53 50 49 56 55 58 60 59 57  2  5  1  4  6  3 12 11  9  7 10  8 14 18 17 13 15 16 24 21 22 20 19 23
 17 14 18 15 16 13 19 22 24 21 20 23 29 25 28 26 27 30 32 31 33 35 34 36 40 39 42 41 38 37 44 43 46 48 47 45 50 53 49 52 54 51 60 59 57 55 58 56  2  6  5  1  3  4 12  9 10  8  7 11
 35 32 36 33 34 31 37 40 42 39 38 41 47 43 46 44 45 48 50 49 51 53 52 54 58 57 60 59 56 55  2  1  4  6  5  3  8 11  7 10 12  9 18 17 15 13 16 14 20 24 23 19 21 22 30 27 28 26 25 29
 59 56 60 57 58 55  1  4  6  3  2  5 11  7 10  8  9 12 14 13 15 17 16 18 22 21 24 23 20 19 26 25 28 30 29 27 32 35 31 34 36 33 42 41 39 37 40 38 44 48 47 43 45 46 54 51 52 50 49 53
  5  2  6  3  4  1  7 10 12  9  8 11 17 13 16 14 15 18 20 19 21 23 22 24 28 27 30 29 26 25 32 31 34 36 35 33 38 41 37 40 42 39 48 47 45 43 46 44 50 54 53 49 51 52 60 57 58 56 55 59
 47 44 48 45 46 43 49 52 54 51 50 53 59 55 58 56 57 60  2  1  3  5  4  6 10  9 12 11  8  7 14 13 16 18 17 15 20 23 19 22 24 21 30 29 27 25 28 26 32 36 35 31 33 34 42 39 40 38 37 41
 24 21 19 22 23 20 26 29 25 28 27 30 36 32 35 33 34 31 39 38 40 42 41 37 47 46 43 48 45 44 51 50 53 49 54 52 57 60 56 59 55 58  1  6  4  2  5  3  9  7 12  8 10 11 13 16 17 15 14 18
 60 57 55 58 59 56  2  5  1  4  3  6 12  8 11  9 10  7 15 14 16 18 17 13 23 22 19 24 21 20 27 26 29 25 30 28 33 36 32 35 31 34 37 42 40 38 41 39 45 43 48 44 46 47 49 52 53 51 50 54
 42 39 37 40 41 38 44 47 43 46 45 48 54 50 53 51 52 49 57 56 58 60 59 55  5  4  1  6  3  2  9  8 11  7 12 10 15 18 14 17 13 16 19 24 22 20 23 21 27 25 30 26 28 29 31 34 35 33 32 36
 54 51 49 52 53 50 56 59 55 58 57 60  6  2  5  3  4  1  9  8 10 12 11  7 17 16 13 18 15 14 21 20 23 19 24 22 27 30 26 29 25 28 31 36 34 32 35 33 39 37 42 38 40 41 43 46 47 45 44 48
 36 33 31 34 35 32 38 41 37 40 39 42 48 44 47 45 46 43 51 50 52 54 53 49 59 58 55 60 57 56  3  2  5  1  6  4  9 12  8 11  7 10 13 18 16 14 17 15 21 19 24 20 22 23 25 28 29 27 26 30
 18 15 13 16 17 14 20 23 19 22 21 24 30 26 29 27 28 25 33 32 34 36 35 31 41 40 37 42 39 38 45 44 47 43 48 46 51 54 50 53 49 52 55 60 58 56 59 57  3  1  6  2  4  5  7 10 11  9  8 12
 48 45 43 46 47 44 50 53 49 52 51 54 60 56 59 57 58 55  3  2  4  6  5  1 11 10  7 12  9  8 15 14 17 13 18 16 21 24 20 23 19 22 25 30 28 26 29 27 33 31 36 32 34 35 37 40 41 39 38 42
 12  9  7 10 11  8 14 17 13 16 15 18 24 20 23 21 22 19 27 26 28 30 29 25 35 34 31 36 33 32 39 38 41 37 42 40 45 48 44 47 43 46 49 54 52 50 53 51 57 55 60 56 58 59  1  4  5  3  2  6
 30 27 25 28 29 26 32 35 31 34 33 36 42 38 41 39 40 37 45 44 46 48 47 43 53 52 49 54 51 50 57 56 59 55 60 58  3  6  2  5  1  4  7 12 10  8 11  9 15 13 18 14 16 17 19 22 23 21 20 24
  6  3  1  4  5  2  8 11  7 10  9 12 18 14 17 15 16 13 21 20 22 24 23 19 29 28 25 30 27 26 33 32 35 31 36 34 39 42 38 41 37 40 43 48 46 44 47 45 51 49 54 50 52 53 55 58 59 57 56 60
 55 58 56 59 60 57  3  6  2  5  4  1  7  9 12 10 11  8 16 15 17 13 18 14 24 23 20 19 22 21 28 27 30 26 25 29 34 31 33 36 32 35 38 37 41 39 42 40 46 44 43 45 47 48 50 53 54 52 51 49
 43 46 44 47 48 45 51 54 50 53 52 49 55 57 60 58 59 56  4  3  5  1  6  2 12 11  8  7 10  9 16 15 18 14 13 17 22 19 21 24 20 23 26 25 29 27 30 28 34 32 31 33 35 36 38 41 42 40 39 37
 25 28 26 29 30 27 33 36 32 35 34 31 37 39 42 40 41 38 46 45 47 43 48 44 54 53 50 49 52 51 58 57 60 56 55 59  4  1  3  6  2  5  8  7 11  9 12 10 16 14 13 15 17 18 20 23 24 22 21 19
 13 16 14 17 18 15 21 24 20 23 22 19 25 27 30 28 29 26 34 33 35 31 36 32 42 41 38 37 40 39 46 45 48 44 43 47 52 49 51 54 50 53 56 55 59 57 60 58  4  2  1  3  5  6  8 11 12 10  9  7
 37 40 38 41 42 39 45 48 44 47 46 43 49 51 54 52 53 50 58 57 59 55 60 56  6  5  2  1  4  3 10  9 12  8  7 11 16 13 15 18 14 17 20 19 23 21 24 22 28 26 25 27 29 30 32 35 36 34 33 31
 31 34 32 35 36 33 39 42 38 41 40 37 43 45 48 46 47 44 52 51 53 49 54 50 60 59 56 55 58 57  4  3  6  2  1  5 10  7  9 12  8 11 14 13 17 15 18 16 22 20 19 21 23 24 26 29 30 28 27 25
  1  4  2  5  6  3  9 12  8 11 10  7 13 15 18 16 17 14 22 21 23 19 24 20 30 29 26 25 28 27 34 33 36 32 31 35 40 37 39 42 38 41 44 43 47 45 48 46 52 50 49 51 53 54 56 59 60 58 57 55
 49 52 50 53 54 51 57 60 56 59 58 55  1  3  6  4  5  2 10  9 11  7 12  8 18 17 14 13 16 15 22 21 24 20 19 23 28 25 27 30 26 29 32 31 35 33 36 34 40 38 37 39 41 42 44 47 48 46 45 43
  7 10  8 11 12  9 15 18 14 17 16 13 19 21 24 22 23 20 28 27 29 25 30 26 36 35 32 31 34 33 40 39 42 38 37 41 46 43 45 48 44 47 50 49 53 51 54 52 58 56 55 57 59 60  2  5  6  4  3  1
 19 22 20 23 24 21 27 30 26 29 28 25 31 33 36 34 35 32 40 39 41 37 42 38 48 47 44 43 46 45 52 51 54 50 49 53 58 55 57 60 56 59  2  1  5  3  6  4 10  8  7  9 11 12 14 17 18 16 15 13
  2  5  3  6  1  4 10  7  9 12 11  8 14 16 13 17 18 15 23 22 24 20 19 21 25 30 27 26 29 28 35 34 31 33 32 36 41 38 40 37 39 42 45 44 48 46 43 47 53 51 50 52 54 49 57 60 55 59 58 56
 38 41 39 42 37 40 46 43 45 48 47 44 50 52 49 53 54 51 59 58 60 56 55 57  1  6  3  2  5  4 11 10  7  9  8 12 17 14 16 13 15 18 21 20 24 22 19 23 29 27 26 28 30 25 33 36 31 35 34 32
  8 11  9 12  7 10 16 13 15 18 17 14 20 22 19 23 24 21 29 28 30 26 25 27 31 36 33 32 35 34 41 40 37 39 38 42 47 44 46 43 45 48 51 50 54 52 49 53 59 57 56 58 60 55  3  6  1  5  4  2
 56 59 57 60 55 58  4  1  3  6  5  2  8 10  7 11 12  9 17 16 18 14 13 15 19 24 21 20 23 22 29 28 25 27 26 30 35 32 34 31 33 36 39 38 42 40 37 41 47 45 44 46 48 43 51 54 49 53 52 50
 26 29 27 30 25 28 34 31 33 36 35 32 38 40 37 41 42 39 47 46 48 44 43 45 49 54 51 50 53 52 59 58 55 57 56 60  5  2  4  1  3  6  9  8 12 10  7 11 17 15 14 16 18 13 21 24 19 23 22 20
 20 23 21 24 19 22 28 25 27 30 29 26 32 34 31 35 36 33 41 40 42 38 37 39 43 48 45 44 47 46 53 52 49 51 50 54 59 56 58 55 57 60  3  2  6  4  1  5 11  9  8 10 12  7 15 18 13 17 16 14
 14 17 15 18 13 16 22 19 21 24 23 20 26 28 25 29 30 27 35 34 36 32 31 33 37 42 39 38 41 40 47 46 43 45 44 48 53 50 52 49 51 54 57 56 60 58 55 59  5  3  2  4  6  1  9 12  7 11 10  8
 32 35 33 36 31 34 40 37 39 42 41 38 44 46 43 47 48 45 53 52 54 50 49 51 55 60 57 56 59 58  5  4  1  3  2  6 11  8 10  7  9 12 15 14 18 16 13 17 23 21 20 22 24 19 27 30 25 29 28 26
 44 47 45 48 43 46 52 49 51 54 53 50 56 58 55 59 60 57  5  4  6  2  1  3  7 12  9  8 11 10 17 16 13 15 14 18 23 20 22 19 21 24 27 26 30 28 25 29 35 33 32 34 36 31 39 42 37 41 40 38
 50 53 51 54 49 52 58 55 57 60 59 56  2  4  1  5  6  3 11 10 12  8  7  9 13 18 15 14 17 16 23 22 19 21 20 24 29 26 28 25 27 30 33 32 36 34 31 35 41 39 38 40 42 37 45 48 43 47 46 44
