 28 25 27 29 30 26 35 31 34 36 33 32 39 41 37 38 40 42  3  6  2  5  1  4  7  8 10 11  9 12 16 18 14 13 17 15 21 22 23 19 24 20
 40 37 39 41 42 38  5  1  4  6  3  2  9 11  7  8 10 12 15 18 14 17 13 16 19 20 22 23 21 24 28 30 26 25 29 27 33 34 35 31 36 32
 10  7  9 11 12  8 17 13 16 18 15 14 21 23 19 20 22 24 27 30 26 29 25 28 31 32 34 35 33 36 40 42 38 37 41 39  3  4  5  1  6  2
  4  1  3  5  6  2 11  7 10 12  9  8 15 17 13 14 16 18 21 24 20 23 19 22 25 26 28 29 27 30 34 36 32 31 35 33 39 40 41 37 42 38
 34 31 33 35 36 32 41 37 40 42 39 38  3  5  1  2  4  6  9 12  8 11  7 10 13 14 16 17 15 18 22 24 20 19 23 21 27 28 29 25 30 26
 16 13 15 17 18 14 23 19 22 24 21 20 27 29 25 26 28 30 33 36 32 35 31 34 37 38 40 41 39 42  4  6  2  1  5  3  9 10 11  7 12  8
 22 19 21 23 24 20 29 25 28 30 27 26 33 35 31 32 34 36 39 42 38 41 37 40  1  2  4  5  3  6 10 12  8  7 11  9 15 16 17 13 18 14
 11  8 10 12  7  9 18 14 17 13 16 15 22 24 20 21 23 19 28 25 27 30 26 29 32 33 35 36 34 31 41 37 39 38 42 40  4  5  6  2  1  3
 35 32 34 36 31 33 42 38 41 37 40 39  4  6  2  3  5  1 10  7  9 12  8 11 14 15 17 18 16 13 23 19 21 20 24 22 28 29 30 26 25 27
 17 14 16 18 13 15 24 20 23 19 22 21 28 30 26 27 29 25 34 31 33 36 32 35 38 39 41 42 40 37  5  1  3  2  6  4 10 11 12  8  7  9
  5  2  4  6  1  3 12  8 11  7 10  9 16 18 14 15 17 13 22 19 21 24 20 23 26 27 29 30 28 25 35 31 33 32 36 34 40 41 42 38 37 39
 23 20 22 24 19 21 30 26 29 25 28 27 34 36 32 33 35 31 40 37 39 42 38 41  2  3  5  6  4  1 11  7  9  8 12 10 16 17 18 14 13 15
 29 26 28 30 25 27 36 32 35 31 34 33 40 42 38 39 41 37  4  1  3  6  2  5  8  9 11 12 10  7 17 13 15 14 18 16 22 23 24 20 19 21
 41 38 40 42 37 39  6  2  5  1  4  3 10 12  8  9 11  7 16 13 15 18 14 17 20 21 23 24 22 19 29 25 27 26 30 28 34 35 36 32 31 33
 42 39 41 37 38 40  1  3  6  2  5  4 11  7  9 10 12  8 17 14 16 13 15 18 21 22 24 19 23 20 30 26 28 27 25 29 35 36 31 33 32 34
 12  9 11  7  8 10 13 15 18 14 17 16 23 19 21 22 24 20 29 26 28 25 27 30 33 34 36 31 35 32 42 38 40 39 37 41  5  6  1  3  2  4
 24 21 23 19 20 22 25 27 30 26 29 28 35 31 33 34 36 32 41 38 40 37 39 42  3  4  6  1  5  2 12  8 10  9  7 11 17 18 13 15 14 16
 18 15 17 13 14 16 19 21 24 20 23 22 29 25 27 28 30 26 35 32 34 31 33 36 39 40 42 37 41 38  6  2  4  3  1  5 11 12  7  9  8 10
 30 27 29 25 26 28 31 33 36 32 35 34 41 37 39 40 42 38  5  2  4  1  3  6  9 10 12  7 11  8 18 14 16 15 13 17 23 24 19 21 20 22
  6  3  5  1  2  4  7  9 12  8 11 10 17 13 15 16 18 14 23 20 22 19 21 24 27 28 30 25 29 26 36 32 34 33 31 35 41 42 37 39 38 40
 36 33 35 31 32 34 37 39 42 38 41 40  5  1  3  4  6  2 11  8 10  7  9 12 15 16 18 13 17 14 24 20 22 21 19 23 29 30 25 27 26 28
 25 28 30 26 27 29 32 34 31 33 36 35 42 38 40 41 37 39  6  3  5  2  4  1 10 11  7  8 12  9 13 15 17 16 14 18 24 19 20 22 21 23
 19 22 24 20 21 23 26 28 25 27 30 29 36 32 34 35 31 33 42 39 41 38 40 37  4  5  1  2  6  3  7  9 11 10  8 12 18 13 14 16 15 17
  7 10 12  8  9 11 14 16 13 15 18 17 24 20 22 23 19 21 30 27 29 26 28 25 34 35 31 32 36 33 37 39 41 40 38 42  6  1  2  4  3  5
 37 40 42 38 39 41  2  4  1  3  6  5 12  8 10 11  7  9 18 15 17 14 16 13 22 23 19 20 24 21 25 27 29 28 26 30 36 31 32 34 33 35
 31 34 36 32 33 35 38 40 37 39 42 41  6  2  4  5  1  3 12  9 11  8 10  7 16 17 13 14 18 15 19 21 23 22 20 24 30 25 26 28 27 29
  1  4  6  2  3  5  8 10  7  9 12 11 18 14 16 17 13 15 24 21 23 20 22 19 28 29 25 26 30 27 31 33 35 34 32 36 42 37 38 40 39 41
 13 16 18 14 15 17 20 22 19 21 24 23 30 26 28 29 25 27 36 33 35 32 34 31 40 41 37 38 42 39  1  3  5  4  2  6 12  7  8 10  9 11
 20 23 19 21 22 24 27 29 26 28 25 30 31 33 35 36 32 34 37 40 42 39 41 38  5  6  2  3  1  4  8 10 12 11  9  7 13 14 15 17 16 18
 32 35 31 33 34 36 39 41 38 40 37 42  1  3  5  6  2  4  7 10 12  9 11  8 17 18 14 15 13 16 20 22 24 23 21 19 25 26 27 29 28 30
  2  5  1  3  4  6  9 11  8 10  7 12 13 15 17 18 14 16 19 22 24 21 23 20 29 30 26 27 25 28 32 34 36 35 33 31 37 38 39 41 40 42
  8 11  7  9 10 12 15 17 14 16 13 18 19 21 23 24 20 22 25 28 30 27 29 26 35 36 32 33 31 34 38 40 42 41 39 37  1  2  3  5  4  6
 14 17 13 15 16 18 21 23 20 22 19 24 25 27 29 30 26 28 31 34 36 33 35 32 41 42 38 39 37 40  2  4  6  5  3  1  7  8  9 11 10 12
 38 41 37 39 40 42  3  5  2  4  1  6  7  9 11 12  8 10 13 16 18 15 17 14 23 24 20 21 19 22 26 28 30 29 27 25 31 32 33 35 34 36
 26 29 25 27 28 30 33 35 32 34 31 36 37 39 41 42 38 40  1  4  6  3  5  2 11 12  8  9  7 10 14 16 18 17 15 13 19 20 21 23 22 24
  9 12  8 10 11  7 16 18 15 17 14 13 20 22 24 19 21 23 26 29 25 28 30 27 36 31 33 34 32 35 39 41 37 42 40 38  2  3  4  6  5  1
 21 24 20 22 23 19 28 30 27 29 26 25 32 34 36 31 33 35 38 41 37 40 42 39  6  1  3  4  2  5  9 11  7 12 10  8 14 15 16 18 17 13
 15 18 14 16 17 13 22 24 21 23 20 19 26 28 30 25 27 29 32 35 31 34 36 33 42 37 39 40 38 41  3  5  1  6  4  2  8  9 10 12 11  7
 27 30 26 28 29 25 34 36 33 35 32 31 38 40 42 37 39 41  2  5  1  4  6  3 12  7  9 10  8 11 15 17 13 18 16 14 20 21 22 24 23 19
 33 36 32 34 35 31 40 42 39 41 38 37  2  4  6  1  3  5  8 11  7 10 12  9 18 13 15 16 14 17 21 23 19 24 22 20 26 27 28 30 29 25
 39 42 38 40 41 37  4  6  3  5  2  1  8 10 12  7  9 11 14 17 13 16 18 15 24 19 21 22 20 23 27 29 25 30 28 26 32 33 34 36 35 31
  3  6  2  4  5  1 10 12  9 11  8  7 14 16 18 13 15 17 20 23 19 22 24 21 30 25 27 28 26 29 33 35 31 36 34 32 38 39 40 42 41 37
