 20 19 22 24 23 21 28 30 27 29 26 25 31 36 32 35 33 34 37 42 40 41 39 38  3  5  2  6  4  1 11  7  8 10 12  9 15 18 14 13 17 16
 14 13 16 18 17 15 22 24 21 23 20 19 25 30 26 29 27 28 31 36 34 35 33 32 39 41 38 42 40 37  5  1  2  4  6  3  9 12  8  7 11 10
 26 25 28 30 29 27 34 36 33 35 32 31 37 42 38 41 39 40  1  6  4  5  3  2  9 11  8 12 10  7 17 13 14 16 18 15 21 24 20 19 23 22
 32 31 34 36 35 33 40 42 39 41 38 37  1  6  2  5  3  4  7 12 10 11  9  8 15 17 14 18 16 13 23 19 20 22 24 21 27 30 26 25 29 28
  8  7 10 12 11  9 16 18 15 17 14 13 19 24 20 23 21 22 25 30 28 29 27 26 33 35 32 36 34 31 41 37 38 40 42 39  3  6  2  1  5  4
 38 37 40 42 41 39  4  6  3  5  2  1  7 12  8 11  9 10 13 18 16 17 15 14 21 23 20 24 22 19 29 25 26 28 30 27 33 36 32 31 35 34
  2  1  4  6  5  3 10 12  9 11  8  7 13 18 14 17 15 16 19 24 22 23 21 20 27 29 26 30 28 25 35 31 32 34 36 33 39 42 38 37 41 40
 27 26 29 25 30 28 35 31 34 36 33 32 38 37 39 42 40 41  2  1  5  6  4  3 10 12  9  7 11  8 18 14 15 17 13 16 22 19 21 20 24 23
  9  8 11  7 12 10 17 13 16 18 15 14 20 19 21 24 22 23 26 25 29 30 28 27 34 36 33 31 35 32 42 38 39 41 37 40  4  1  3  2  6  5
 15 14 17 13 18 16 23 19 22 24 21 20 26 25 27 30 28 29 32 31 35 36 34 33 40 42 39 37 41 38  6  2  3  5  1  4 10  7  9  8 12 11
  3  2  5  1  6  4 11  7 10 12  9  8 14 13 15 18 16 17 20 19 23 24 22 21 28 30 27 25 29 26 36 32 33 35 31 34 40 37 39 38 42 41
 21 20 23 19 24 22 29 25 28 30 27 26 32 31 33 36 34 35 38 37 41 42 40 39  4  6  3  1  5  2 12  8  9 11  7 10 16 13 15 14 18 17
 39 38 41 37 42 40  5  1  4  6  3  2  8  7  9 12 10 11 14 13 17 18 16 15 22 24 21 19 23 20 30 26 27 29 25 28 34 31 33 32 36 35
 33 32 35 31 36 34 41 37 40 42 39 38  2  1  3  6  4  5  8  7 11 12 10  9 16 18 15 13 17 14 24 20 21 23 19 22 28 25 27 26 30 29
 28 27 30 26 25 29 36 32 35 31 34 33 39 38 40 37 41 42  3  2  6  1  5  4 11  7 10  8 12  9 13 15 16 18 14 17 23 20 22 21 19 24
  4  3  6  2  1  5 12  8 11  7 10  9 15 14 16 13 17 18 21 20 24 19 23 22 29 25 28 26 30 27 31 33 34 36 32 35 41 38 40 39 37 42
 40 39 42 38 37 41  6  2  5  1  4  3  9  8 10  7 11 12 15 14 18 13 17 16 23 19 22 20 24 21 25 27 28 30 26 29 35 32 34 33 31 36
 10  9 12  8  7 11 18 14 17 13 16 15 21 20 22 19 23 24 27 26 30 25 29 28 35 31 34 32 36 33 37 39 40 42 38 41  5  2  4  3  1  6
 34 33 36 32 31 35 42 38 41 37 40 39  3  2  4  1  5  6  9  8 12  7 11 10 17 13 16 14 18 15 19 21 22 24 20 23 29 26 28 27 25 30
 16 15 18 14 13 17 24 20 23 19 22 21 27 26 28 25 29 30 33 32 36 31 35 34 41 37 40 38 42 39  1  3  4  6  2  5 11  8 10  9  7 12
 22 21 24 20 19 23 30 26 29 25 28 27 33 32 34 31 35 36 39 38 42 37 41 40  5  1  4  2  6  3  7  9 10 12  8 11 17 14 16 15 13 18
 23 22 19 21 20 24 25 27 30 26 29 28 34 33 35 32 36 31 40 39 37 38 42 41  6  2  5  3  1  4  8 10 11  7  9 12 18 15 17 16 14 13
 29 28 25 27 26 30 31 33 36 32 35 34 40 39 41 38 42 37  4  3  1  2  6  5 12  8 11  9  7 10 14 16 17 13 15 18 24 21 23 22 20 19
 35 34 31 33 32 36 37 39 42 38 41 40  4  3  5  2  6  1 10  9  7  8 12 11 18 14 17 15 13 16 20 22 23 19 21 24 30 27 29 28 26 25
 41 40 37 39 38 42  1  3  6  2  5  4 10  9 11  8 12  7 16 15 13 14 18 17 24 20 23 21 19 22 26 28 29 25 27 30 36 33 35 34 32 31
 11 10  7  9  8 12 13 15 18 14 17 16 22 21 23 20 24 19 28 27 25 26 30 29 36 32 35 33 31 34 38 40 41 37 39 42  6  3  5  4  2  1
 17 16 13 15 14 18 19 21 24 20 23 22 28 27 29 26 30 25 34 33 31 32 36 35 42 38 41 39 37 40  2  4  5  1  3  6 12  9 11 10  8  7
  5  4  1  3  2  6  7  9 12  8 11 10 16 15 17 14 18 13 22 21 19 20 24 23 30 26 29 27 25 28 32 34 35 31 33 36 42 39 41 40 38 37
 24 23 20 22 21 19 26 28 25 27 30 29 35 34 36 33 31 32 41 40 38 39 37 42  1  3  6  4  2  5  9 11 12  8 10  7 13 16 18 17 15 14
 18 17 14 16 15 13 20 22 19 21 24 23 29 28 30 27 25 26 35 34 32 33 31 36 37 39 42 40 38 41  3  5  6  2  4  1  7 10 12 11  9  8
 12 11  8 10  9  7 14 16 13 15 18 17 23 22 24 21 19 20 29 28 26 27 25 30 31 33 36 34 32 35 39 41 42 38 40 37  1  4  6  5  3  2
 30 29 26 28 27 25 32 34 31 33 36 35 41 40 42 39 37 38  5  4  2  3  1  6  7  9 12 10  8 11 15 17 18 14 16 13 19 22 24 23 21 20
 36 35 32 34 33 31 38 40 37 39 42 41  5  4  6  3  1  2 11 10  8  9  7 12 13 15 18 16 14 17 21 23 24 20 22 19 25 28 30 29 27 26
 42 41 38 40 39 37  2  4  1  3  6  5 11 10 12  9  7  8 17 16 14 15 13 18 19 21 24 22 20 23 27 29 30 26 28 25 31 34 36 35 33 32
  6  5  2  4  3  1  8 10  7  9 12 11 17 16 18 15 13 14 23 22 20 21 19 24 25 27 30 28 26 29 33 35 36 32 34 31 37 40 42 41 39 38
  7 12  9 11 10  8 15 17 14 16 13 18 24 23 19 22 20 21 30 29 27 28 26 25 32 34 31 35 33 36 40 42 37 39 41 38  2  5  1  6  4  3
 37 42 39 41 40 38  3  5  2  4  1  6 12 11  7 10  8  9 18 17 15 16 14 13 20 22 19 23 21 24 28 30 25 27 29 26 32 35 31 36 34 33
 25 30 27 29 28 26 33 35 32 34 31 36 42 41 37 40 38 39  6  5  3  4  2  1  8 10  7 11  9 12 16 18 13 15 17 14 20 23 19 24 22 21
  1  6  3  5  4  2  9 11  8 10  7 12 18 17 13 16 14 15 24 23 21 22 20 19 26 28 25 29 27 30 34 36 31 33 35 32 38 41 37 42 40 39
 13 18 15 17 16 14 21 23 20 22 19 24 30 29 25 28 26 27 36 35 33 34 32 31 38 40 37 41 39 42  4  6  1  3  5  2  8 11  7 12 10  9
 19 24 21 23 22 20 27 29 26 28 25 30 36 35 31 34 32 33 42 41 39 40 38 37  2  4  1  5  3  6 10 12  7  9 11  8 14 17 13 18 16 15
 31 36 33 35 34 32 39 41 38 40 37 42  6  5  1  4  2  3 12 11  9 10  8  7 14 16 13 17 15 18 22 24 19 21 23 20 26 29 25 30 28 27
