 13 10 11  9 12  8 14 15 18 17 21 19 16 20  5  2  3  1  4  6  7
  6  3  4  2  5  1  7  8 11 10 14 12  9 13 19 16 17 15 18 20 21
 20 17 18 16 19 15 21  1  4  3  7  5  2  6 12  9 10  8 11 13 14
  7  4  5  3  6  2  1  9 12 11  8 13 10 14 20 17 18 16 19 21 15
 14 11 12 10 13  9  8 16 19 18 15 20 17 21  6  3  4  2  5  7  1
 21 18 19 17 20 16 15  2  5  4  1  6  3  7 13 10 11  9 12 14  8
  8 12 13 11 14 10  9 17 20 19 16 21 18 15  7  4  5  3  6  1  2
 15 19 20 18 21 17 16  3  6  5  2  7  4  1 14 11 12 10 13  8  9
  1  5  6  4  7  3  2 10 13 12  9 14 11  8 21 18 19 17 20 15 16
 16 20 21 19 15 18 17  4  7  6  3  1  5  2  8 12 13 11 14  9 10
  9 13 14 12  8 11 10 18 21 20 17 15 19 16  1  5  6  4  7  2  3
  2  6  7  5  1  4  3 11 14 13 10  8 12  9 15 19 20 18 21 16 17
 17 21 15 20 16 19 18  5  1  7  4  2  6  3  9 13 14 12  8 10 11
 10 14  8 13  9 12 11 19 15 21 18 16 20 17  2  6  7  5  1  3  4
  3  7  1  6  2  5  4 12  8 14 11  9 13 10 16 20 21 19 15 17 18
 11  8  9 14 10 13 12 20 16 15 19 17 21 18  3  7  1  6  2  4  5
  4  1  2  7  3  6  5 13  9  8 12 10 14 11 17 21 15 20 16 18 19
 18 15 16 21 17 20 19  6  2  1  5  3  7  4 10 14  8 13  9 11 12
  5  2  3  1  4  7  6 14 10  9 13 11  8 12 18 15 16 21 17 19 20
 12  9 10  8 11 14 13 21 17 16 20 18 15 19  4  1  2  7  3  5  6
 19 16 17 15 18 21 20  7  3  2  6  4  1  5 11  8  9 14 10 12 13
