 18 21 16 15 19 17 20  6  5  4  3  2  1  7  9 14 13 10 12  8 11
  4  7  2  1  5  3  6 13 12 11 10  9  8 14 16 21 20 17 19 15 18
 11 14  9  8 12 10 13 20 19 18 17 16 15 21  2  7  6  3  5  1  4
  5  1  3  2  6  4  7 14 13 12 11 10  9  8 17 15 21 18 20 16 19
 19 15 17 16 20 18 21  7  6  5  4  3  2  1 10  8 14 11 13  9 12
 12  8 10  9 13 11 14 21 20 19 18 17 16 15  3  1  7  4  6  2  5
 20 16 18 17 21 19 15  1  7  6  5  4  3  2 11  9  8 12 14 10 13
 13  9 11 10 14 12  8 15 21 20 19 18 17 16  4  2  1  5  7  3  6
  6  2  4  3  7  5  1  8 14 13 12 11 10  9 18 16 15 19 21 17 20
 21 17 19 18 15 20 16  2  1  7  6  5  4  3 12 10  9 13  8 11 14
  7  3  5  4  1  6  2  9  8 14 13 12 11 10 19 17 16 20 15 18 21
 14 10 12 11  8 13  9 16 15 21 20 19 18 17  5  3  2  6  1  4  7
  8 11 13 12  9 14 10 17 16 15 21 20 19 18  6  4  3  7  2  5  1
 15 18 20 19 16 21 17  3  2  1  7  6  5  4 13 11 10 14  9 12  8
  1  4  6  5  2  7  3 10  9  8 14 13 12 11 20 18 17 21 16 19 15
  9 12 14 13 10  8 11 18 17 16 15 21 20 19  7  5  4  1  3  6  2
  2  5  7  6  3  1  4 11 10  9  8 14 13 12 21 19 18 15 17 20 16
 16 19 21 20 17 15 18  4  3  2  1  7  6  5 14 12 11  8 10 13  9
  3  6  1  7  4  2  5 12 11 10  9  8 14 13 15 20 19 16 18 21 17
 17 20 15 21 18 16 19  5  4  3  2  1  7  6  8 13 12  9 11 14 10
 10 13  8 14 11  9 12 19 18 17 16 15 21 20  1  6  5  2  4  7  3
