 16 18 21 17 15 20 19  6  7  2  5  4  1  3 10 13 14 11 12  8  9
  2  4  7  3  1  6  5 13 14  9 12 11  8 10 17 20 21 18 19 15 16
  9 11 14 10  8 13 12 20 21 16 19 18 15 17  3  6  7  4  5  1  2
  3  5  1  4  2  7  6 14  8 10 13 12  9 11 18 21 15 19 20 16 17
 17 19 15 18 16 21 20  7  1  3  6  5  2  4 11 14  8 12 13  9 10
 10 12  8 11  9 14 13 21 15 17 20 19 16 18  4  7  1  5  6  2  3
  4  6  2  5  3  1  7  8  9 11 14 13 10 12 19 15 16 20 21 17 18
 18 20 16 19 17 15 21  1  2  4  7  6  3  5 12  8  9 13 14 10 11
 11 13  9 12 10  8 14 15 16 18 21 20 17 19  5  1  2  6  7  3  4
 12 14 10 13 11  9  8 16 17 19 15 21 18 20  6  2  3  7  1  4  5
 19 21 17 20 18 16 15  2  3  5  1  7  4  6 13  9 10 14  8 11 12
  5  7  3  6  4  2  1  9 10 12  8 14 11 13 20 16 17 21 15 18 19
  6  1  4  7  5  3  2 10 11 13  9  8 12 14 21 17 18 15 16 19 20
 13  8 11 14 12 10  9 17 18 20 16 15 19 21  7  3  4  1  2  5  6
 20 15 18 21 19 17 16  3  4  6  2  1  5  7 14 10 11  8  9 12 13
 21 16 19 15 20 18 17  4  5  7  3  2  6  1  8 11 12  9 10 13 14
  7  2  5  1  6  4  3 11 12 14 10  9 13  8 15 18 19 16 17 20 21
 14  9 12  8 13 11 10 18 19 21 17 16 20 15  1  4  5  2  3  6  7
  8 10 13  9 14 12 11 19 20 15 18 17 21 16  2  5  6  3  4  7  1
  1  3  6  2  7  5  4 12 13  8 11 10 14  9 16 19 20 17 18 21 15
 15 17 20 16 21 19 18  5  6  1  4  3  7  2  9 12 13 10 11 14  8
