 23 26 24 28 27 22 25 35 32 34 30 29 31 33 37 36 39 40 38 41 42  4  6  7  1  2  5  3 11  8 13 14 10 12  9 20 19 16 15 18 17 21
 37 40 38 42 41 36 39  7  4  6  2  1  3  5  9  8 11 12 10 13 14 18 20 21 15 16 19 17 25 22 27 28 24 26 23 34 33 30 29 32 31 35
 30 33 31 35 34 29 32 42 39 41 37 36 38 40  2  1  4  5  3  6  7 11 13 14  8  9 12 10 18 15 20 21 17 19 16 27 26 23 22 25 24 28
  2  5  3  7  6  1  4 14 11 13  9  8 10 12 16 15 18 19 17 20 21 25 27 28 22 23 26 24 32 29 34 35 31 33 30 41 40 37 36 39 38 42
  9 12 10 14 13  8 11 21 18 20 16 15 17 19 23 22 25 26 24 27 28 32 34 35 29 30 33 31 39 36 41 42 38 40 37  6  5  2  1  4  3  7
 16 19 17 21 20 15 18 28 25 27 23 22 24 26 30 29 32 33 31 34 35 39 41 42 36 37 40 38  4  1  6  7  3  5  2 13 12  9  8 11 10 14
 10 13 11  8 14  9 12 15 19 21 17 16 18 20 24 23 26 27 25 28 22 33 35 29 30 31 34 32 40 37 42 36 39 41 38  7  6  3  2  5  4  1
  3  6  4  1  7  2  5  8 12 14 10  9 11 13 17 16 19 20 18 21 15 26 28 22 23 24 27 25 33 30 35 29 32 34 31 42 41 38 37 40 39 36
 24 27 25 22 28 23 26 29 33 35 31 30 32 34 38 37 40 41 39 42 36  5  7  1  2  3  6  4 12  9 14  8 11 13 10 21 20 17 16 19 18 15
 17 20 18 15 21 16 19 22 26 28 24 23 25 27 31 30 33 34 32 35 29 40 42 36 37 38 41 39  5  2  7  1  4  6  3 14 13 10  9 12 11  8
 38 41 39 36 42 37 40  1  5  7  3  2  4  6 10  9 12 13 11 14  8 19 21 15 16 17 20 18 26 23 28 22 25 27 24 35 34 31 30 33 32 29
 31 34 32 29 35 30 33 36 40 42 38 37 39 41  3  2  5  6  4  7  1 12 14  8  9 10 13 11 19 16 21 15 18 20 17 28 27 24 23 26 25 22
 32 35 33 30 29 31 34 37 41 36 39 38 40 42  4  3  6  7  5  1  2 13  8  9 10 11 14 12 20 17 15 16 19 21 18 22 28 25 24 27 26 23
 11 14 12  9  8 10 13 16 20 15 18 17 19 21 25 24 27 28 26 22 23 34 29 30 31 32 35 33 41 38 36 37 40 42 39  1  7  4  3  6  5  2
 39 42 40 37 36 38 41  2  6  1  4  3  5  7 11 10 13 14 12  8  9 20 15 16 17 18 21 19 27 24 22 23 26 28 25 29 35 32 31 34 33 30
  4  7  5  2  1  3  6  9 13  8 11 10 12 14 18 17 20 21 19 15 16 27 22 23 24 25 28 26 34 31 29 30 33 35 32 36 42 39 38 41 40 37
 18 21 19 16 15 17 20 23 27 22 25 24 26 28 32 31 34 35 33 29 30 41 36 37 38 39 42 40  6  3  1  2  5  7  4  8 14 11 10 13 12  9
 25 28 26 23 22 24 27 30 34 29 32 31 33 35 39 38 41 42 40 36 37  6  1  2  3  4  7  5 13 10  8  9 12 14 11 15 21 18 17 20 19 16
 19 15 20 17 16 18 21 24 28 23 26 25 27 22 33 32 35 29 34 30 31 42 37 38 39 40 36 41  7  4  2  3  6  1  5  9  8 12 11 14 13 10
 26 22 27 24 23 25 28 31 35 30 33 32 34 29 40 39 42 36 41 37 38  7  2  3  4  5  1  6 14 11  9 10 13  8 12 16 15 19 18 21 20 17
  5  1  6  3  2  4  7 10 14  9 12 11 13  8 19 18 21 15 20 16 17 28 23 24 25 26 22 27 35 32 30 31 34 29 33 37 36 40 39 42 41 38
 33 29 34 31 30 32 35 38 42 37 40 39 41 36  5  4  7  1  6  2  3 14  9 10 11 12  8 13 21 18 16 17 20 15 19 23 22 26 25 28 27 24
 12  8 13 10  9 11 14 17 21 16 19 18 20 15 26 25 28 22 27 23 24 35 30 31 32 33 29 34 42 39 37 38 41 36 40  2  1  5  4  7  6  3
 40 36 41 38 37 39 42  3  7  2  5  4  6  1 12 11 14  8 13  9 10 21 16 17 18 19 15 20 28 25 23 24 27 22 26 30 29 33 32 35 34 31
 41 37 42 39 38 40 36  4  1  3  6  5  7  2 13 12  8  9 14 10 11 15 17 18 19 20 16 21 22 26 24 25 28 23 27 31 30 34 33 29 35 32
  6  2  7  4  3  5  1 11  8 10 13 12 14  9 20 19 15 16 21 17 18 22 24 25 26 27 23 28 29 33 31 32 35 30 34 38 37 41 40 36 42 39
 34 30 35 32 31 33 29 39 36 38 41 40 42 37  6  5  1  2  7  3  4  8 10 11 12 13  9 14 15 19 17 18 21 16 20 24 23 27 26 22 28 25
 27 23 28 25 24 26 22 32 29 31 34 33 35 30 41 40 36 37 42 38 39  1  3  4  5  6  2  7  8 12 10 11 14  9 13 17 16 20 19 15 21 18
 20 16 21 18 17 19 15 25 22 24 27 26 28 23 34 33 29 30 35 31 32 36 38 39 40 41 37 42  1  5  3  4  7  2  6 10  9 13 12  8 14 11
 13  9 14 11 10 12  8 18 15 17 20 19 21 16 27 26 22 23 28 24 25 29 31 32 33 34 30 35 36 40 38 39 42 37 41  3  2  6  5  1  7  4
 14 10  8 12 11 13  9 19 16 18 21 20 15 17 28 27 23 24 22 25 26 30 32 33 34 35 31 29 37 41 39 40 36 38 42  4  3  7  6  2  1  5
 42 38 36 40 39 41 37  5  2  4  7  6  1  3 14 13  9 10  8 11 12 16 18 19 20 21 17 15 23 27 25 26 22 24 28 32 31 35 34 30 29 33
  7  3  1  5  4  6  2 12  9 11 14 13  8 10 21 20 16 17 15 18 19 23 25 26 27 28 24 22 30 34 32 33 29 31 35 39 38 42 41 37 36 40
 35 31 29 33 32 34 30 40 37 39 42 41 36 38  7  6  2  3  1  4  5  9 11 12 13 14 10  8 16 20 18 19 15 17 21 25 24 28 27 23 22 26
 21 17 15 19 18 20 16 26 23 25 28 27 22 24 35 34 30 31 29 32 33 37 39 40 41 42 38 36  2  6  4  5  1  3  7 11 10 14 13  9  8 12
 28 24 22 26 25 27 23 33 30 32 35 34 29 31 42 41 37 38 36 39 40  2  4  5  6  7  3  1  9 13 11 12  8 10 14 18 17 21 20 16 15 19
  8 11  9 13 12 14 10 20 17 19 15 21 16 18 22 28 24 25 23 26 27 31 33 34 35 29 32 30 38 42 40 41 37 39 36  5  4  1  7  3  2  6
 29 32 30 34 33 35 31 41 38 40 36 42 37 39  1  7  3  4  2  5  6 10 12 13 14  8 11  9 17 21 19 20 16 18 15 26 25 22 28 24 23 27
 15 18 16 20 19 21 17 27 24 26 22 28 23 25 29 35 31 32 30 33 34 38 40 41 42 36 39 37  3  7  5  6  2  4  1 12 11  8 14 10  9 13
 22 25 23 27 26 28 24 34 31 33 29 35 30 32 36 42 38 39 37 40 41  3  5  6  7  1  4  2 10 14 12 13  9 11  8 19 18 15 21 17 16 20
 36 39 37 41 40 42 38  6  3  5  1  7  2  4  8 14 10 11  9 12 13 17 19 20 21 15 18 16 24 28 26 27 23 25 22 33 32 29 35 31 30 34
  1  4  2  6  5  7  3 13 10 12  8 14  9 11 15 21 17 18 16 19 20 24 26 27 28 22 25 23 31 35 33 34 30 32 29 40 39 36 42 38 37 41
