 34 30 29 32 33 35 31 40 39 41 42 36 37 38  7  2  1  5  6  3  4  8 13 12 10 11 14  9 15 20 21 17 16 18 19 24 22 27 23 28 25 26
  6  2  1  4  5  7  3 12 11 13 14  8  9 10 21 16 15 19 20 17 18 22 27 26 24 25 28 23 29 34 35 31 30 32 33 38 36 41 37 42 39 40
 41 37 36 39 40 42 38  5  4  6  7  1  2  3 14  9  8 12 13 10 11 15 20 19 17 18 21 16 22 27 28 24 23 25 26 31 29 34 30 35 32 33
 27 23 22 25 26 28 24 33 32 34 35 29 30 31 42 37 36 40 41 38 39  1  6  5  3  4  7  2  8 13 14 10  9 11 12 17 15 20 16 21 18 19
 13  9  8 11 12 14 10 19 18 20 21 15 16 17 28 23 22 26 27 24 25 29 34 33 31 32 35 30 36 41 42 38 37 39 40  3  1  6  2  7  4  5
 20 16 15 18 19 21 17 26 25 27 28 22 23 24 35 30 29 33 34 31 32 36 41 40 38 39 42 37  1  6  7  3  2  4  5 10  8 13  9 14 11 12
 14 10  9 12 13  8 11 20 19 21 15 16 17 18 22 24 23 27 28 25 26 30 35 34 32 33 29 31 37 42 36 39 38 40 41  4  2  7  3  1  5  6
 21 17 16 19 20 15 18 27 26 28 22 23 24 25 29 31 30 34 35 32 33 37 42 41 39 40 36 38  2  7  1  4  3  5  6 11  9 14 10  8 12 13
  7  3  2  5  6  1  4 13 12 14  8  9 10 11 15 17 16 20 21 18 19 23 28 27 25 26 22 24 30 35 29 32 31 33 34 39 37 42 38 36 40 41
 28 24 23 26 27 22 25 34 33 35 29 30 31 32 36 38 37 41 42 39 40  2  7  6  4  5  1  3  9 14  8 11 10 12 13 18 16 21 17 15 19 20
 42 38 37 40 41 36 39  6  5  7  1  2  3  4  8 10  9 13 14 11 12 16 21 20 18 19 15 17 23 28 22 25 24 26 27 32 30 35 31 29 33 34
 35 31 30 33 34 29 32 41 40 42 36 37 38 39  1  3  2  6  7  4  5  9 14 13 11 12  8 10 16 21 15 18 17 19 20 25 23 28 24 22 26 27
 36 39 38 41 42 37 40  7  6  1  2  3  4  5  9 11 10 14  8 12 13 17 15 21 19 20 16 18 24 22 23 26 25 27 28 33 31 29 32 30 34 35
 22 25 24 27 28 23 26 35 34 29 30 31 32 33 37 39 38 42 36 40 41  3  1  7  5  6  2  4 10  8  9 12 11 13 14 19 17 15 18 16 20 21
 15 18 17 20 21 16 19 28 27 22 23 24 25 26 30 32 31 35 29 33 34 38 36 42 40 41 37 39  3  1  2  5  4  6  7 12 10  8 11  9 13 14
  1  4  3  6  7  2  5 14 13  8  9 10 11 12 16 18 17 21 15 19 20 24 22 28 26 27 23 25 31 29 30 33 32 34 35 40 38 36 39 37 41 42
  8 11 10 13 14  9 12 21 20 15 16 17 18 19 23 25 24 28 22 26 27 31 29 35 33 34 30 32 38 36 37 40 39 41 42  5  3  1  4  2  6  7
 29 32 31 34 35 30 33 42 41 36 37 38 39 40  2  4  3  7  1  5  6 10  8 14 12 13  9 11 17 15 16 19 18 20 21 26 24 22 25 23 27 28
 16 19 18 21 15 17 20 22 28 23 24 25 26 27 31 33 32 29 30 34 35 39 37 36 41 42 38 40  4  2  3  6  5  7  1 13 11  9 12 10 14  8
  9 12 11 14  8 10 13 15 21 16 17 18 19 20 24 26 25 22 23 27 28 32 30 29 34 35 31 33 39 37 38 41 40 42 36  6  4  2  5  3  7  1
 23 26 25 28 22 24 27 29 35 30 31 32 33 34 38 40 39 36 37 41 42  4  2  1  6  7  3  5 11  9 10 13 12 14  8 20 18 16 19 17 21 15
  2  5  4  7  1  3  6  8 14  9 10 11 12 13 17 19 18 15 16 20 21 25 23 22 27 28 24 26 32 30 31 34 33 35 29 41 39 37 40 38 42 36
 37 40 39 42 36 38 41  1  7  2  3  4  5  6 10 12 11  8  9 13 14 18 16 15 20 21 17 19 25 23 24 27 26 28 22 34 32 30 33 31 35 29
 30 33 32 35 29 31 34 36 42 37 38 39 40 41  3  5  4  1  2  6  7 11  9  8 13 14 10 12 18 16 17 20 19 21 15 27 25 23 26 24 28 22
 17 20 19 15 16 18 21 23 22 24 25 26 27 28 32 34 33 30 31 35 29 40 38 37 42 36 39 41  5  3  4  7  6  1  2 14 12 10 13 11  8  9
 24 27 26 22 23 25 28 30 29 31 32 33 34 35 39 41 40 37 38 42 36  5  3  2  7  1  4  6 12 10 11 14 13  8  9 21 19 17 20 18 15 16
 10 13 12  8  9 11 14 16 15 17 18 19 20 21 25 27 26 23 24 28 22 33 31 30 35 29 32 34 40 38 39 42 41 36 37  7  5  3  6  4  1  2
 31 34 33 29 30 32 35 37 36 38 39 40 41 42  4  6  5  2  3  7  1 12 10  9 14  8 11 13 19 17 18 21 20 15 16 28 26 24 27 25 22 23
 38 41 40 36 37 39 42  2  1  3  4  5  6  7 11 13 12  9 10 14  8 19 17 16 21 15 18 20 26 24 25 28 27 22 23 35 33 31 34 32 29 30
  3  6  5  1  2  4  7  9  8 10 11 12 13 14 18 20 19 16 17 21 15 26 24 23 28 22 25 27 33 31 32 35 34 29 30 42 40 38 41 39 36 37
  4  7  6  2  3  5  1 10  9 11 12 13 14  8 19 21 20 17 18 15 16 27 25 24 22 23 26 28 34 32 33 29 35 30 31 36 41 39 42 40 37 38
 18 21 20 16 17 19 15 24 23 25 26 27 28 22 33 35 34 31 32 29 30 41 39 38 36 37 40 42  6  4  5  1  7  2  3  8 13 11 14 12  9 10
 39 42 41 37 38 40 36  3  2  4  5  6  7  1 12 14 13 10 11  8  9 20 18 17 15 16 19 21 27 25 26 22 28 23 24 29 34 32 35 33 30 31
 11 14 13  9 10 12  8 17 16 18 19 20 21 15 26 28 27 24 25 22 23 34 32 31 29 30 33 35 41 39 40 36 42 37 38  1  6  4  7  5  2  3
 25 28 27 23 24 26 22 31 30 32 33 34 35 29 40 42 41 38 39 36 37  6  4  3  1  2  5  7 13 11 12  8 14  9 10 15 20 18 21 19 16 17
 32 35 34 30 31 33 29 38 37 39 40 41 42 36  5  7  6  3  4  1  2 13 11 10  8  9 12 14 20 18 19 15 21 16 17 22 27 25 28 26 23 24
 33 29 35 31 32 34 30 39 38 40 41 42 36 37  6  1  7  4  5  2  3 14 12 11  9 10 13  8 21 19 20 16 15 17 18 23 28 26 22 27 24 25
 26 22 28 24 25 27 23 32 31 33 34 35 29 30 41 36 42 39 40 37 38  7  5  4  2  3  6  1 14 12 13  9  8 10 11 16 21 19 15 20 17 18
  5  1  7  3  4  6  2 11 10 12 13 14  8  9 20 15 21 18 19 16 17 28 26 25 23 24 27 22 35 33 34 30 29 31 32 37 42 40 36 41 38 39
 12  8 14 10 11 13  9 18 17 19 20 21 15 16 27 22 28 25 26 23 24 35 33 32 30 31 34 29 42 40 41 37 36 38 39  2  7  5  1  6  3  4
 40 36 42 38 39 41 37  4  3  5  6  7  1  2 13  8 14 11 12  9 10 21 19 18 16 17 20 15 28 26 27 23 22 24 25 30 35 33 29 34 31 32
 19 15 21 17 18 20 16 25 24 26 27 28 22 23 34 29 35 32 33 30 31 42 40 39 37 38 41 36  7  5  6  2  1  3  4  9 14 12  8 13 10 11
