 27 23 28 25 22 26 24 33 30 31 34 32 29 35 37 38 36 40 39 42 41  5  2  4  3  6  7  1  8 10 14  9 11 12 13 17 15 19 16 20 21 18
 13  9 14 11  8 12 10 19 16 17 20 18 15 21 23 24 22 26 25 28 27 33 30 32 31 34 35 29 36 38 42 37 39 40 41  3  1  5  2  6  7  4
 41 37 42 39 36 40 38  5  2  3  6  4  1  7  9 10  8 12 11 14 13 19 16 18 17 20 21 15 22 24 28 23 25 26 27 31 29 33 30 34 35 32
 34 30 35 32 29 33 31 40 37 38 41 39 36 42  2  3  1  5  4  7  6 12  9 11 10 13 14  8 15 17 21 16 18 19 20 24 22 26 23 27 28 25
  6  2  7  4  1  5  3 12  9 10 13 11  8 14 16 17 15 19 18 21 20 26 23 25 24 27 28 22 29 31 35 30 32 33 34 38 36 40 37 41 42 39
 20 16 21 18 15 19 17 26 23 24 27 25 22 28 30 31 29 33 32 35 34 40 37 39 38 41 42 36  1  3  7  2  4  5  6 10  8 12  9 13 14 11
 14 10  8 12  9 13 11 20 17 18 21 19 16 15 24 25 23 27 26 22 28 34 31 33 32 35 29 30 37 39 36 38 40 41 42  4  2  6  3  7  1  5
  7  3  1  5  2  6  4 13 10 11 14 12  9  8 17 18 16 20 19 15 21 27 24 26 25 28 22 23 30 32 29 31 33 34 35 39 37 41 38 42 36 40
 35 31 29 33 30 34 32 41 38 39 42 40 37 36  3  4  2  6  5  1  7 13 10 12 11 14  8  9 16 18 15 17 19 20 21 25 23 27 24 28 22 26
 21 17 15 19 16 20 18 27 24 25 28 26 23 22 31 32 30 34 33 29 35 41 38 40 39 42 36 37  2  4  1  3  5  6  7 11  9 13 10 14  8 12
 42 38 36 40 37 41 39  6  3  4  7  5  2  1 10 11  9 13 12  8 14 20 17 19 18 21 15 16 23 25 22 24 26 27 28 32 30 34 31 35 29 33
 28 24 22 26 23 27 25 34 31 32 35 33 30 29 38 39 37 41 40 36 42  6  3  5  4  7  1  2  9 11  8 10 12 13 14 18 16 20 17 21 15 19
 22 25 23 27 24 28 26 35 32 33 29 34 31 30 39 40 38 42 41 37 36  7  4  6  5  1  2  3 10 12  9 11 13 14  8 19 17 21 18 15 16 20
 15 18 16 20 17 21 19 28 25 26 22 27 24 23 32 33 31 35 34 30 29 42 39 41 40 36 37 38  3  5  2  4  6  7  1 12 10 14 11  8  9 13
  8 11  9 13 10 14 12 21 18 19 15 20 17 16 25 26 24 28 27 23 22 35 32 34 33 29 30 31 38 40 37 39 41 42 36  5  3  7  4  1  2  6
 29 32 30 34 31 35 33 42 39 40 36 41 38 37  4  5  3  7  6  2  1 14 11 13 12  8  9 10 17 19 16 18 20 21 15 26 24 28 25 22 23 27
  1  4  2  6  3  7  5 14 11 12  8 13 10  9 18 19 17 21 20 16 15 28 25 27 26 22 23 24 31 33 30 32 34 35 29 40 38 42 39 36 37 41
 36 39 37 41 38 42 40  7  4  5  1  6  3  2 11 12 10 14 13  9  8 21 18 20 19 15 16 17 24 26 23 25 27 28 22 33 31 35 32 29 30 34
 30 33 31 35 32 29 34 36 40 41 37 42 39 38  5  6  4  1  7  3  2  8 12 14 13  9 10 11 18 20 17 19 21 15 16 27 25 22 26 23 24 28
  9 12 10 14 11  8 13 15 19 20 16 21 18 17 26 27 25 22 28 24 23 29 33 35 34 30 31 32 39 41 38 40 42 36 37  6  4  1  5  2  3  7
  2  5  3  7  4  1  6  8 12 13  9 14 11 10 19 20 18 15 21 17 16 22 26 28 27 23 24 25 32 34 31 33 35 29 30 41 39 36 40 37 38 42
 37 40 38 42 39 36 41  1  5  6  2  7  4  3 12 13 11  8 14 10  9 15 19 21 20 16 17 18 25 27 24 26 28 22 23 34 32 29 33 30 31 35
 16 19 17 21 18 15 20 22 26 27 23 28 25 24 33 34 32 29 35 31 30 36 40 42 41 37 38 39  4  6  3  5  7  1  2 13 11  8 12  9 10 14
 23 26 24 28 25 22 27 29 33 34 30 35 32 31 40 41 39 36 42 38 37  1  5  7  6  2  3  4 11 13 10 12 14  8  9 20 18 15 19 16 17 21
 17 20 18 15 19 16 21 23 27 28 24 22 26 25 34 35 33 30 29 32 31 37 41 36 42 38 39 40  5  7  4  6  1  2  3 14 12  9 13 10 11  8
  3  6  4  1  5  2  7  9 13 14 10  8 12 11 20 21 19 16 15 18 17 23 27 22 28 24 25 26 33 35 32 34 29 30 31 42 40 37 41 38 39 36
 38 41 39 36 40 37 42  2  6  7  3  1  5  4 13 14 12  9  8 11 10 16 20 15 21 17 18 19 26 28 25 27 22 23 24 35 33 30 34 31 32 29
 10 13 11  8 12  9 14 16 20 21 17 15 19 18 27 28 26 23 22 25 24 30 34 29 35 31 32 33 40 42 39 41 36 37 38  7  5  2  6  3  4  1
 31 34 32 29 33 30 35 37 41 42 38 36 40 39  6  7  5  2  1  4  3  9 13  8 14 10 11 12 19 21 18 20 15 16 17 28 26 23 27 24 25 22
 24 27 25 22 26 23 28 30 34 35 31 29 33 32 41 42 40 37 36 39 38  2  6  1  7  3  4  5 12 14 11 13  8  9 10 21 19 16 20 17 18 15
  4  7  5  2  6  3  1 10 14  8 11  9 13 12 21 15 20 17 16 19 18 24 28 23 22 25 26 27 34 29 33 35 30 31 32 36 41 38 42 39 40 37
 18 21 19 16 20 17 15 24 28 22 25 23 27 26 35 29 34 31 30 33 32 38 42 37 36 39 40 41  6  1  5  7  2  3  4  8 13 10 14 11 12  9
 39 42 40 37 41 38 36  3  7  1  4  2  6  5 14  8 13 10  9 12 11 17 21 16 15 18 19 20 27 22 26 28 23 24 25 29 34 31 35 32 33 30
 25 28 26 23 27 24 22 31 35 29 32 30 34 33 42 36 41 38 37 40 39  3  7  2  1  4  5  6 13  8 12 14  9 10 11 15 20 17 21 18 19 16
 32 35 33 30 34 31 29 38 42 36 39 37 41 40  7  1  6  3  2  5  4 10 14  9  8 11 12 13 20 15 19 21 16 17 18 22 27 24 28 25 26 23
 11 14 12  9 13 10  8 17 21 15 18 16 20 19 28 22 27 24 23 26 25 31 35 30 29 32 33 34 41 36 40 42 37 38 39  1  6  3  7  4  5  2
 40 36 41 38 42 39 37  4  1  2  5  3  7  6  8  9 14 11 10 13 12 18 15 17 16 19 20 21 28 23 27 22 24 25 26 30 35 32 29 33 34 31
 19 15 20 17 21 18 16 25 22 23 26 24 28 27 29 30 35 32 31 34 33 39 36 38 37 40 41 42  7  2  6  1  3  4  5  9 14 11  8 12 13 10
 26 22 27 24 28 25 23 32 29 30 33 31 35 34 36 37 42 39 38 41 40  4  1  3  2  5  6  7 14  9 13  8 10 11 12 16 21 18 15 19 20 17
 33 29 34 31 35 32 30 39 36 37 40 38 42 41  1  2  7  4  3  6  5 11  8 10  9 12 13 14 21 16 20 15 17 18 19 23 28 25 22 26 27 24
  5  1  6  3  7  4  2 11  8  9 12 10 14 13 15 16 21 18 17 20 19 25 22 24 23 26 27 28 35 30 34 29 31 32 33 37 42 39 36 40 41 38
 12  8 13 10 14 11  9 18 15 16 19 17 21 20 22 23 28 25 24 27 26 32 29 31 30 33 34 35 42 37 41 36 38 39 40  2  7  4  1  5  6  3
