 25 21 22 27 23 26 30 24 29 28 34 37 35 33 32 36 38 40 31 39  3  6  5  9  8 10  7  1  4  2 11 13 12 19 14 18 17 15 16 20
 35 31 32 37 33 36 40 34 39 38  4  7  5  3  2  6  8 10  1  9 13 16 15 19 18 20 17 11 14 12 21 23 22 29 24 28 27 25 26 30
  5  1  2  7  3  6 10  4  9  8 14 17 15 13 12 16 18 20 11 19 23 26 25 29 28 30 27 21 24 22 31 33 32 39 34 38 37 35 36 40
 15 11 12 17 13 16 20 14 19 18 24 27 25 23 22 26 28 30 21 29 33 36 35 39 38 40 37 31 34 32  1  3  2  9  4  8  7  5  6 10
 26 22 23 28 24 27 21 25 30 29 35 38 36 34 33 37 39 31 32 40  4  7  6 10  9  1  8  2  5  3 12 14 13 20 15 19 18 16 17 11
  6  2  3  8  4  7  1  5 10  9 15 18 16 14 13 17 19 11 12 20 24 27 26 30 29 21 28 22 25 23 32 34 33 40 35 39 38 36 37 31
 16 12 13 18 14 17 11 15 20 19 25 28 26 24 23 27 29 21 22 30 34 37 36 40 39 31 38 32 35 33  2  4  3 10  5  9  8  6  7  1
 36 32 33 38 34 37 31 35 40 39  5  8  6  4  3  7  9  1  2 10 14 17 16 20 19 11 18 12 15 13 22 24 23 30 25 29 28 26 27 21
 17 13 14 19 15 18 12 16 11 20 26 29 27 25 24 28 30 22 23 21 35 38 37 31 40 32 39 33 36 34  3  5  4  1  6 10  9  7  8  2
 37 33 34 39 35 38 32 36 31 40  6  9  7  5  4  8 10  2  3  1 15 18 17 11 20 12 19 13 16 14 23 25 24 21 26 30 29 27 28 22
 27 23 24 29 25 28 22 26 21 30 36 39 37 35 34 38 40 32 33 31  5  8  7  1 10  2  9  3  6  4 13 15 14 11 16 20 19 17 18 12
  7  3  4  9  5  8  2  6  1 10 16 19 17 15 14 18 20 12 13 11 25 28 27 21 30 22 29 23 26 24 33 35 34 31 36 40 39 37 38 32
 38 34 35 40 36 39 33 37 32 31  7 10  8  6  5  9  1  3  4  2 16 19 18 12 11 13 20 14 17 15 24 26 25 22 27 21 30 28 29 23
 18 14 15 20 16 19 13 17 12 11 27 30 28 26 25 29 21 23 24 22 36 39 38 32 31 33 40 34 37 35  4  6  5  2  7  1 10  8  9  3
  8  4  5 10  6  9  3  7  2  1 17 20 18 16 15 19 11 13 14 12 26 29 28 22 21 23 30 24 27 25 34 36 35 32 37 31 40 38 39 33
 28 24 25 30 26 29 23 27 22 21 37 40 38 36 35 39 31 33 34 32  6  9  8  2  1  3 10  4  7  5 14 16 15 12 17 11 20 18 19 13
 19 15 16 11 17 20 14 18 13 12 28 21 29 27 26 30 22 24 25 23 37 40 39 33 32 34 31 35 38 36  5  7  6  3  8  2  1  9 10  4
 39 35 36 31 37 40 34 38 33 32  8  1  9  7  6 10  2  4  5  3 17 20 19 13 12 14 11 15 18 16 25 27 26 23 28 22 21 29 30 24
  9  5  6  1  7 10  4  8  3  2 18 11 19 17 16 20 12 14 15 13 27 30 29 23 22 24 21 25 28 26 35 37 36 33 38 32 31 39 40 34
 29 25 26 21 27 30 24 28 23 22 38 31 39 37 36 40 32 34 35 33  7 10  9  3  2  4  1  5  8  6 15 17 16 13 18 12 11 19 20 14
 30 26 27 22 28 21 25 29 24 23 39 32 40 38 37 31 33 35 36 34  8  1 10  4  3  5  2  6  9  7 16 18 17 14 19 13 12 20 11 15
 40 36 37 32 38 31 35 39 34 33  9  2 10  8  7  1  3  5  6  4 18 11 20 14 13 15 12 16 19 17 26 28 27 24 29 23 22 30 21 25
 10  6  7  2  8  1  5  9  4  3 19 12 20 18 17 11 13 15 16 14 28 21 30 24 23 25 22 26 29 27 36 38 37 34 39 33 32 40 31 35
 20 16 17 12 18 11 15 19 14 13 29 22 30 28 27 21 23 25 26 24 38 31 40 34 33 35 32 36 39 37  6  8  7  4  9  3  2 10  1  5
 21 27 28 23 29 22 26 30 25 24 40 33 31 39 38 32 34 36 37 35  9  2  1  5  4  6  3  7 10  8 17 19 18 15 20 14 13 11 12 16
 31 37 38 33 39 32 36 40 35 34 10  3  1  9  8  2  4  6  7  5 19 12 11 15 14 16 13 17 20 18 27 29 28 25 30 24 23 21 22 26
 11 17 18 13 19 12 16 20 15 14 30 23 21 29 28 22 24 26 27 25 39 32 31 35 34 36 33 37 40 38  7  9  8  5 10  4  3  1  2  6
  1  7  8  3  9  2  6 10  5  4 20 13 11 19 18 12 14 16 17 15 29 22 21 25 24 26 23 27 30 28 37 39 38 35 40 34 33 31 32 36
 12 18 19 14 20 13 17 11 16 15 21 24 22 30 29 23 25 27 28 26 40 33 32 36 35 37 34 38 31 39  8 10  9  6  1  5  4  2  3  7
 22 28 29 24 30 23 27 21 26 25 31 34 32 40 39 33 35 37 38 36 10  3  2  6  5  7  4  8  1  9 18 20 19 16 11 15 14 12 13 17
  2  8  9  4 10  3  7  1  6  5 11 14 12 20 19 13 15 17 18 16 30 23 22 26 25 27 24 28 21 29 38 40 39 36 31 35 34 32 33 37
 32 38 39 34 40 33 37 31 36 35  1  4  2 10  9  3  5  7  8  6 20 13 12 16 15 17 14 18 11 19 28 30 29 26 21 25 24 22 23 27
 13 19 20 15 11 14 18 12 17 16 22 25 23 21 30 24 26 28 29 27 31 34 33 37 36 38 35 39 32 40  9  1 10  7  2  6  5  3  4  8
 33 39 40 35 31 34 38 32 37 36  2  5  3  1 10  4  6  8  9  7 11 14 13 17 16 18 15 19 12 20 29 21 30 27 22 26 25 23 24 28
  3  9 10  5  1  4  8  2  7  6 12 15 13 11 20 14 16 18 19 17 21 24 23 27 26 28 25 29 22 30 39 31 40 37 32 36 35 33 34 38
 23 29 30 25 21 24 28 22 27 26 32 35 33 31 40 34 36 38 39 37  1  4  3  7  6  8  5  9  2 10 19 11 20 17 12 16 15 13 14 18
 24 30 21 26 22 25 29 23 28 27 33 36 34 32 31 35 37 39 40 38  2  5  4  8  7  9  6 10  3  1 20 12 11 18 13 17 16 14 15 19
 34 40 31 36 32 35 39 33 38 37  3  6  4  2  1  5  7  9 10  8 12 15 14 18 17 19 16 20 13 11 30 22 21 28 23 27 26 24 25 29
  4 10  1  6  2  5  9  3  8  7 13 16 14 12 11 15 17 19 20 18 22 25 24 28 27 29 26 30 23 21 40 32 31 38 33 37 36 34 35 39
 14 20 11 16 12 15 19 13 18 17 23 26 24 22 21 25 27 29 30 28 32 35 34 38 37 39 36 40 33 31 10  2  1  8  3  7  6  4  5  9
