 16 14 19 12 15 11 18 13 17 20 23 25 22 24 26 27 29 28 21 30 35 32 39 33 36 37 38 31 40 34  4  3  9  6  7  2  5 10  1  8
 36 34 39 32 35 31 38 33 37 40  3  5  2  4  6  7  9  8  1 10 15 12 19 13 16 17 18 11 20 14 24 23 29 26 27 22 25 30 21 28
 26 24 29 22 25 21 28 23 27 30 33 35 32 34 36 37 39 38 31 40  5  2  9  3  6  7  8  1 10  4 14 13 19 16 17 12 15 20 11 18
  6  4  9  2  5  1  8  3  7 10 13 15 12 14 16 17 19 18 11 20 25 22 29 23 26 27 28 21 30 24 34 33 39 36 37 32 35 40 31 38
 37 35 40 33 36 32 39 34 38 31  4  6  3  5  7  8 10  9  2  1 16 13 20 14 17 18 19 12 11 15 25 24 30 27 28 23 26 21 22 29
  7  5 10  3  6  2  9  4  8  1 14 16 13 15 17 18 20 19 12 11 26 23 30 24 27 28 29 22 21 25 35 34 40 37 38 33 36 31 32 39
 27 25 30 23 26 22 29 24 28 21 34 36 33 35 37 38 40 39 32 31  6  3 10  4  7  8  9  2  1  5 15 14 20 17 18 13 16 11 12 19
 17 15 20 13 16 12 19 14 18 11 24 26 23 25 27 28 30 29 22 21 36 33 40 34 37 38 39 32 31 35  5  4 10  7  8  3  6  1  2  9
 28 26 21 24 27 23 30 25 29 22 35 37 34 36 38 39 31 40 33 32  7  4  1  5  8  9 10  3  2  6 16 15 11 18 19 14 17 12 13 20
 38 36 31 34 37 33 40 35 39 32  5  7  4  6  8  9  1 10  3  2 17 14 11 15 18 19 20 13 12 16 26 25 21 28 29 24 27 22 23 30
 18 16 11 14 17 13 20 15 19 12 25 27 24 26 28 29 21 30 23 22 37 34 31 35 38 39 40 33 32 36  6  5  1  8  9  4  7  2  3 10
  8  6  1  4  7  3 10  5  9  2 15 17 14 16 18 19 11 20 13 12 27 24 21 25 28 29 30 23 22 26 36 35 31 38 39 34 37 32 33 40
  9  7  2  5  8  4  1  6 10  3 16 18 15 17 19 20 12 11 14 13 28 25 22 26 29 30 21 24 23 27 37 36 32 39 40 35 38 33 34 31
 19 17 12 15 18 14 11 16 20 13 26 28 25 27 29 30 22 21 24 23 38 35 32 36 39 40 31 34 33 37  7  6  2  9 10  5  8  3  4  1
 39 37 32 35 38 34 31 36 40 33  6  8  5  7  9 10  2  1  4  3 18 15 12 16 19 20 11 14 13 17 27 26 22 29 30 25 28 23 24 21
 29 27 22 25 28 24 21 26 30 23 36 38 35 37 39 40 32 31 34 33  8  5  2  6  9 10  1  4  3  7 17 16 12 19 20 15 18 13 14 11
 40 38 33 36 39 35 32 37 31 34  7  9  6  8 10  1  3  2  5  4 19 16 13 17 20 11 12 15 14 18 28 27 23 30 21 26 29 24 25 22
 10  8  3  6  9  5  2  7  1  4 17 19 16 18 20 11 13 12 15 14 29 26 23 27 30 21 22 25 24 28 38 37 33 40 31 36 39 34 35 32
 30 28 23 26 29 25 22 27 21 24 37 39 36 38 40 31 33 32 35 34  9  6  3  7 10  1  2  5  4  8 18 17 13 20 11 16 19 14 15 12
 20 18 13 16 19 15 12 17 11 14 27 29 26 28 30 21 23 22 25 24 39 36 33 37 40 31 32 35 34 38  8  7  3 10  1  6  9  4  5  2
 21 29 24 27 30 26 23 28 22 25 38 40 37 39 31 32 34 33 36 35 10  7  4  8  1  2  3  6  5  9 19 18 14 11 12 17 20 15 16 13
 11 19 14 17 20 16 13 18 12 15 28 30 27 29 21 22 24 23 26 25 40 37 34 38 31 32 33 36 35 39  9  8  4  1  2  7 10  5  6  3
 31 39 34 37 40 36 33 38 32 35  8 10  7  9  1  2  4  3  6  5 20 17 14 18 11 12 13 16 15 19 29 28 24 21 22 27 30 25 26 23
  1  9  4  7 10  6  3  8  2  5 18 20 17 19 11 12 14 13 16 15 30 27 24 28 21 22 23 26 25 29 39 38 34 31 32 37 40 35 36 33
  2 10  5  8  1  7  4  9  3  6 19 11 18 20 12 13 15 14 17 16 21 28 25 29 22 23 24 27 26 30 40 39 35 32 33 38 31 36 37 34
 22 30 25 28 21 27 24 29 23 26 39 31 38 40 32 33 35 34 37 36  1  8  5  9  2  3  4  7  6 10 20 19 15 12 13 18 11 16 17 14
 32 40 35 38 31 37 34 39 33 36  9  1  8 10  2  3  5  4  7  6 11 18 15 19 12 13 14 17 16 20 30 29 25 22 23 28 21 26 27 24
 12 20 15 18 11 17 14 19 13 16 29 21 28 30 22 23 25 24 27 26 31 38 35 39 32 33 34 37 36 40 10  9  5  2  3  8  1  6  7  4
 13 11 16 19 12 18 15 20 14 17 30 22 29 21 23 24 26 25 28 27 32 39 36 40 33 34 35 38 37 31  1 10  6  3  4  9  2  7  8  5
  3  1  6  9  2  8  5 10  4  7 20 12 19 11 13 14 16 15 18 17 22 29 26 30 23 24 25 28 27 21 31 40 36 33 34 39 32 37 38 35
 33 31 36 39 32 38 35 40 34 37 10  2  9  1  3  4  6  5  8  7 12 19 16 20 13 14 15 18 17 11 21 30 26 23 24 29 22 27 28 25
 23 21 26 29 22 28 25 30 24 27 40 32 39 31 33 34 36 35 38 37  2  9  6 10  3  4  5  8  7  1 11 20 16 13 14 19 12 17 18 15
 14 12 17 20 13 19 16 11 15 18 21 23 30 22 24 25 27 26 29 28 33 40 37 31 34 35 36 39 38 32  2  1  7  4  5 10  3  8  9  6
  4  2  7 10  3  9  6  1  5  8 11 13 20 12 14 15 17 16 19 18 23 30 27 21 24 25 26 29 28 22 32 31 37 34 35 40 33 38 39 36
 24 22 27 30 23 29 26 21 25 28 31 33 40 32 34 35 37 36 39 38  3 10  7  1  4  5  6  9  8  2 12 11 17 14 15 20 13 18 19 16
 34 32 37 40 33 39 36 31 35 38  1  3 10  2  4  5  7  6  9  8 13 20 17 11 14 15 16 19 18 12 22 21 27 24 25 30 23 28 29 26
 35 33 38 31 34 40 37 32 36 39  2  4  1  3  5  6  8  7 10  9 14 11 18 12 15 16 17 20 19 13 23 22 28 25 26 21 24 29 30 27
 15 13 18 11 14 20 17 12 16 19 22 24 21 23 25 26 28 27 30 29 34 31 38 32 35 36 37 40 39 33  3  2  8  5  6  1  4  9 10  7
 25 23 28 21 24 30 27 22 26 29 32 34 31 33 35 36 38 37 40 39  4  1  8  2  5  6  7 10  9  3 13 12 18 15 16 11 14 19 20 17
  5  3  8  1  4 10  7  2  6  9 12 14 11 13 15 16 18 17 20 19 24 21 28 22 25 26 27 30 29 23 33 32 38 35 36 31 34 39 40 37
