 21 28 22 26 24 30 27 29 23 25 35 32 36 38 31 39 34 33 37 40  6  1  5 10  3  8  9  7  4  2 16 11 20 15 14 12 18 17 19 13
 31 38 32 36 34 40 37 39 33 35  5  2  6  8  1  9  4  3  7 10 16 11 15 20 13 18 19 17 14 12 26 21 30 25 24 22 28 27 29 23
 11 18 12 16 14 20 17 19 13 15 25 22 26 28 21 29 24 23 27 30 36 31 35 40 33 38 39 37 34 32  6  1 10  5  4  2  8  7  9  3
  1  8  2  6  4 10  7  9  3  5 15 12 16 18 11 19 14 13 17 20 26 21 25 30 23 28 29 27 24 22 36 31 40 35 34 32 38 37 39 33
  2  9  3  7  5  1  8 10  4  6 16 13 17 19 12 20 15 14 18 11 27 22 26 21 24 29 30 28 25 23 37 32 31 36 35 33 39 38 40 34
 22 29 23 27 25 21 28 30 24 26 36 33 37 39 32 40 35 34 38 31  7  2  6  1  4  9 10  8  5  3 17 12 11 16 15 13 19 18 20 14
 12 19 13 17 15 11 18 20 14 16 26 23 27 29 22 30 25 24 28 21 37 32 36 31 34 39 40 38 35 33  7  2  1  6  5  3  9  8 10  4
 32 39 33 37 35 31 38 40 34 36  6  3  7  9  2 10  5  4  8  1 17 12 16 11 14 19 20 18 15 13 27 22 21 26 25 23 29 28 30 24
  3 10  4  8  6  2  9  1  5  7 17 14 18 20 13 11 16 15 19 12 28 23 27 22 25 30 21 29 26 24 38 33 32 37 36 34 40 39 31 35
 33 40 34 38 36 32 39 31 35 37  7  4  8 10  3  1  6  5  9  2 18 13 17 12 15 20 11 19 16 14 28 23 22 27 26 24 30 29 21 25
 23 30 24 28 26 22 29 21 25 27 37 34 38 40 33 31 36 35 39 32  8  3  7  2  5 10  1  9  6  4 18 13 12 17 16 14 20 19 11 15
 13 20 14 18 16 12 19 11 15 17 27 24 28 30 23 21 26 25 29 22 38 33 37 32 35 40 31 39 36 34  8  3  2  7  6  4 10  9  1  5
 14 11 15 19 17 13 20 12 16 18 28 25 29 21 24 22 27 26 30 23 39 34 38 33 36 31 32 40 37 35  9  4  3  8  7  5  1 10  2  6
  4  1  5  9  7  3 10  2  6  8 18 15 19 11 14 12 17 16 20 13 29 24 28 23 26 21 22 30 27 25 39 34 33 38 37 35 31 40 32 36
 24 21 25 29 27 23 30 22 26 28 38 35 39 31 34 32 37 36 40 33  9  4  8  3  6  1  2 10  7  5 19 14 13 18 17 15 11 20 12 16
 34 31 35 39 37 33 40 32 36 38  8  5  9  1  4  2  7  6 10  3 19 14 18 13 16 11 12 20 17 15 29 24 23 28 27 25 21 30 22 26
 25 22 26 30 28 24 21 23 27 29 39 36 40 32 35 33 38 37 31 34 10  5  9  4  7  2  3  1  8  6 20 15 14 19 18 16 12 11 13 17
 35 32 36 40 38 34 31 33 37 39  9  6 10  2  5  3  8  7  1  4 20 15 19 14 17 12 13 11 18 16 30 25 24 29 28 26 22 21 23 27
 15 12 16 20 18 14 11 13 17 19 29 26 30 22 25 23 28 27 21 24 40 35 39 34 37 32 33 31 38 36 10  5  4  9  8  6  2  1  3  7
  5  2  6 10  8  4  1  3  7  9 19 16 20 12 15 13 18 17 11 14 30 25 29 24 27 22 23 21 28 26 40 35 34 39 38 36 32 31 33 37
 36 33 37 31 39 35 32 34 38 40 10  7  1  3  6  4  9  8  2  5 11 16 20 15 18 13 14 12 19 17 21 26 25 30 29 27 23 22 24 28
 16 13 17 11 19 15 12 14 18 20 30 27 21 23 26 24 29 28 22 25 31 36 40 35 38 33 34 32 39 37  1  6  5 10  9  7  3  2  4  8
  6  3  7  1  9  5  2  4  8 10 20 17 11 13 16 14 19 18 12 15 21 26 30 25 28 23 24 22 29 27 31 36 35 40 39 37 33 32 34 38
 26 23 27 21 29 25 22 24 28 30 40 37 31 33 36 34 39 38 32 35  1  6 10  5  8  3  4  2  9  7 11 16 15 20 19 17 13 12 14 18
  7  4  8  2 10  6  3  5  9  1 11 18 12 14 17 15 20 19 13 16 22 27 21 26 29 24 25 23 30 28 32 37 36 31 40 38 34 33 35 39
 37 34 38 32 40 36 33 35 39 31  1  8  2  4  7  5 10  9  3  6 12 17 11 16 19 14 15 13 20 18 22 27 26 21 30 28 24 23 25 29
 27 24 28 22 30 26 23 25 29 21 31 38 32 34 37 35 40 39 33 36  2  7  1  6  9  4  5  3 10  8 12 17 16 11 20 18 14 13 15 19
 17 14 18 12 20 16 13 15 19 11 21 28 22 24 27 25 30 29 23 26 32 37 31 36 39 34 35 33 40 38  2  7  6  1 10  8  4  3  5  9
 38 35 39 33 31 37 34 36 40 32  2  9  3  5  8  6  1 10  4  7 13 18 12 17 20 15 16 14 11 19 23 28 27 22 21 29 25 24 26 30
  8  5  9  3  1  7  4  6 10  2 12 19 13 15 18 16 11 20 14 17 23 28 22 27 30 25 26 24 21 29 33 38 37 32 31 39 35 34 36 40
 18 15 19 13 11 17 14 16 20 12 22 29 23 25 28 26 21 30 24 27 33 38 32 37 40 35 36 34 31 39  3  8  7  2  1  9  5  4  6 10
 28 25 29 23 21 27 24 26 30 22 32 39 33 35 38 36 31 40 34 37  3  8  2  7 10  5  6  4  1  9 13 18 17 12 11 19 15 14 16 20
 19 16 20 14 12 18 15 17 11 13 23 30 24 26 29 27 22 21 25 28 34 39 33 38 31 36 37 35 32 40  4  9  8  3  2 10  6  5  7  1
 29 26 30 24 22 28 25 27 21 23 33 40 34 36 39 37 32 31 35 38  4  9  3  8  1  6  7  5  2 10 14 19 18 13 12 20 16 15 17 11
  9  6 10  4  2  8  5  7  1  3 13 20 14 16 19 17 12 11 15 18 24 29 23 28 21 26 27 25 22 30 34 39 38 33 32 40 36 35 37 31
 39 36 40 34 32 38 35 37 31 33  3 10  4  6  9  7  2  1  5  8 14 19 13 18 11 16 17 15 12 20 24 29 28 23 22 30 26 25 27 21
 30 27 21 25 23 29 26 28 22 24 34 31 35 37 40 38 33 32 36 39  5 10  4  9  2  7  8  6  3  1 15 20 19 14 13 11 17 16 18 12
 40 37 31 35 33 39 36 38 32 34  4  1  5  7 10  8  3  2  6  9 15 20 14 19 12 17 18 16 13 11 25 30 29 24 23 21 27 26 28 22
 10  7  1  5  3  9  6  8  2  4 14 11 15 17 20 18 13 12 16 19 25 30 24 29 22 27 28 26 23 21 35 40 39 34 33 31 37 36 38 32
 20 17 11 15 13 19 16 18 12 14 24 21 25 27 30 28 23 22 26 29 35 40 34 39 32 37 38 36 33 31  5 10  9  4  3  1  7  6  8  2
