  8  4 14  7  1 10  9 15  6  2  5 13  3 12 11
  9 15  1 14  4  3 11  8 10  7  6 12  5 13  2
  2 12  5  9 13  8  1 14  7 10 11  3  6 15  4
 10 13  6 12  5 11  4  3  2  1  9 15 14  7  8
 11  7  3 15  2  6  5 13 12 14  8  4 10  9  1
  3  8 10  6 12  1  2  9  5 11  4  7 13 14 15
  7  6  4  2 15  9 10 12 13  5 14  1 11  8  3
 12  2 15 11 14  7  6  1  8 13  3  9  4  5 10
 13 14  9  8 10  5  3 11  4  6 15  2  7  1 12
  1  5 11 13  3  4 14  7 15 12 10  8  2  6  9
 15 11  7  4  8  2 12  5  3  9 13 14  1 10  6
  4  1 12  5  6 14  8  2  9  3  7 10 15 11 13
  6 10 13  1  7 12 15  4 14  8  2 11  9  3  5
  5  9  2  3 11 13  7 10  1 15 12  6  8  4 14
 14  3  8 10  9 15 13  6 11  4  1  5 12  2  7
