 16 13 11 12 10 14  7  6  3 15  4  1  5  8  2  9
  1  8  7 14 16 13  2  3 11 10  5  9 15  4 12  6
  2  3  4  9 11 12  5 15  7 13  6  8 10  1 16 14
 10  5  6 15  9  4  1  8 12 16  2 14 13  3  7 11
  9 16  5  3  2  7  4 11 13  1 14  6  8 10 15 12
 15 11 10  6  5  9 16 12  8  2  3  7 14 13  1  4
 14 12  1 13  3 15  8 10  5  4 11 16  7  9  6  2
  7  2  8  4  6  1 13 14  9 12 10 15 11  5  3 16
  3  9  2  1  4 10 14 16  6  7  8 11 12 15  5 13
  4  6 16  5  1  3  9  7 15 14 13 12  2 11  8 10
 12  7 14 11 13  8 15  5 10  9  1  2 16  6  4  3
 13 10 15  8 12 11  6  2  4  5 16  3  9  7 14  1
 11 14 13  7 15  5 10  1 16  3 12  4  6  2  9  8
  8  1 12 16  7  6  3 13  2 11  9  5  4 14 10 15
  6 15  9  2 14 16 11  4  1  8  7 10  3 12 13  5
  5  4  3 10  8  2 12  9 14  6 15 13  1 16 11  7
