 16  7  1 14 12  4  8  5 10  9 13 15  2 11  6  3
  3  6 13  9  1 14  7 16  4  8 11  2 10 15 12  5
 15 10 12  8  3  9  2 11  5  6  7 14  4  1 16 13
  4 11  5  2 13  6 15 10  3  1 16 12  9  8  7 14
  1  4 15  5 16 12 13  9  2 11  8  6  7 14  3 10
 12 14  7  6  5 11  4 15 16 13 10  3  8  2  9  1
  9 16 11 10  7  8  3  2 12  4 14  1 15 13  5  6
  2  8  3 13 10  1  6 14  7 15  5  9 11 12  4 16
  8  1  4  7  6 16 10 13 15  3  2  5 12  9 14 11
 10 15 16 12  8  7  1  4  6 14  9 11  5  3 13  2
  5  9 14  3 15  2 11 12 13  7  1 10  6 16  8  4
 13  2  6 11 14  5  9  3  8 12  4 16  1 10 15  7
  6 12 10  1 11 13  5  7  9 16  3  8 14  4  2 15
 14  3  8  4  2 15 12  1 11  5  6 13 16  7 10  9
 11 13  9 15  4 10 16  6 14  2 12  7  3  5  1  8
  7  5  2 16  9  3 14  8  1 10 15  4 13  6 11 12
