 13  8  1  4 12  9  5 14  2  6 11  3 16 15  7 10
  9 12  3 11 13  4  1  8  7 15 10 16  5  2  6 14
  7 16  5 15  3  2  6 10 14 12  1  9  8 13  4 11
  2 10  6 14 16 15  7 11 13  5  4  8  1 12  9  3
 14  2  4  3  1  6 16  5 12 13  7 11 15  8 10  9
 11 15  8 12  4  3  2  7 16 14  9 10 13  1  5  6
  6 13 16  7 15 14 10  9  8  1  5  4 11  3  2 12
 10  5  9  1  8 13 11 12  6  2  3 15  4  7 14 16
  3  7  2  5  6 16 12 15  9  4 14 13 10 11  1  8
 16  1 12 10  7  8  3  2 15 11  6  5  9 14 13  4
  8  9 11  6 14  5  4 13 10  7 12  1  3 16 15  2
  4 14 15 13 10 11  9  1  3  8 16  2  7  6 12  5
 12  6  7  8  5 10 15 16 11  9 13 14  2  4  3  1
 15 11 14  2  9  1 13  3  4 10  8 12  6  5 16  7
  1  4 10 16  2 12  8  6  5  3 15  7 14  9 11 13
  5  3 13  9 11  7 14  4  1 16  2  6 12 10  8 15
