 16 18 19 21 20 17 15 22 26 24 25 23 28 27 30 35 33 31 34 32 29 39 38 42 37 41 40 36 47 49 43 48 44 45 46 54 50 55 53 52 56 51 61 63 59 60 62 57 58  6  1  4  3  7  2  5  8 12 11  9 13 10 14
  9 11 12 14 13 10  8 15 19 17 18 16 21 20 23 28 26 24 27 25 22 32 31 35 30 34 33 29 40 42 36 41 37 38 39 47 43 48 46 45 49 44 54 56 52 53 55 50 51 62 57 60 59 63 58 61  1  5  4  2  6  3  7
 30 32 33 35 34 31 29 36 40 38 39 37 42 41 44 49 47 45 48 46 43 53 52 56 51 55 54 50 61 63 57 62 58 59 60  5  1  6  4  3  7  2 12 14 10 11 13  8  9 20 15 18 17 21 16 19 22 26 25 23 27 24 28
 44 46 47 49 48 45 43 50 54 52 53 51 56 55 58 63 61 59 62 60 57  4  3  7  2  6  5  1 12 14  8 13  9 10 11 19 15 20 18 17 21 16 26 28 24 25 27 22 23 34 29 32 31 35 30 33 36 40 39 37 41 38 42
  2  4  5  7  6  3  1  8 12 10 11  9 14 13 16 21 19 17 20 18 15 25 24 28 23 27 26 22 33 35 29 34 30 31 32 40 36 41 39 38 42 37 47 49 45 46 48 43 44 55 50 53 52 56 51 54 57 61 60 58 62 59 63
 23 25 26 28 27 24 22 29 33 31 32 30 35 34 37 42 40 38 41 39 36 46 45 49 44 48 47 43 54 56 50 55 51 52 53 61 57 62 60 59 63 58  5  7  3  4  6  1  2 13  8 11 10 14  9 12 15 19 18 16 20 17 21
 58 60 61 63 62 59 57  1  5  3  4  2  7  6  9 14 12 10 13 11  8 18 17 21 16 20 19 15 26 28 22 27 23 24 25 33 29 34 32 31 35 30 40 42 38 39 41 36 37 48 43 46 45 49 44 47 50 54 53 51 55 52 56
 37 39 40 42 41 38 36 43 47 45 46 44 49 48 51 56 54 52 55 53 50 60 59 63 58 62 61 57  5  7  1  6  2  3  4 12  8 13 11 10 14  9 19 21 17 18 20 15 16 27 22 25 24 28 23 26 29 33 32 30 34 31 35
 51 53 54 56 55 52 50 57 61 59 60 58 63 62  2  7  5  3  6  4  1 11 10 14  9 13 12  8 19 21 15 20 16 17 18 26 22 27 25 24 28 23 33 35 31 32 34 29 30 41 36 39 38 42 37 40 43 47 46 44 48 45 49
 59 61 62 57 63 60 58  2  6  4  5  3  1  7 10  8 13 11 14 12  9 19 18 15 17 21 20 16 27 22 23 28 24 25 26 34 30 35 33 32 29 31 41 36 39 40 42 37 38 49 44 47 46 43 45 48 51 55 54 52 56 53 50
 52 54 55 50 56 53 51 58 62 60 61 59 57 63  3  1  6  4  7  5  2 12 11  8 10 14 13  9 20 15 16 21 17 18 19 27 23 28 26 25 22 24 34 29 32 33 35 30 31 42 37 40 39 36 38 41 44 48 47 45 49 46 43
 17 19 20 15 21 18 16 23 27 25 26 24 22 28 31 29 34 32 35 33 30 40 39 36 38 42 41 37 48 43 44 49 45 46 47 55 51 56 54 53 50 52 62 57 60 61 63 58 59  7  2  5  4  1  3  6  9 13 12 10 14 11  8
 24 26 27 22 28 25 23 30 34 32 33 31 29 35 38 36 41 39 42 40 37 47 46 43 45 49 48 44 55 50 51 56 52 53 54 62 58 63 61 60 57 59  6  1  4  5  7  2  3 14  9 12 11  8 10 13 16 20 19 17 21 18 15
 45 47 48 43 49 46 44 51 55 53 54 52 50 56 59 57 62 60 63 61 58  5  4  1  3  7  6  2 13  8  9 14 10 11 12 20 16 21 19 18 15 17 27 22 25 26 28 23 24 35 30 33 32 29 31 34 37 41 40 38 42 39 36
 31 33 34 29 35 32 30 37 41 39 40 38 36 42 45 43 48 46 49 47 44 54 53 50 52 56 55 51 62 57 58 63 59 60 61  6  2  7  5  4  1  3 13  8 11 12 14  9 10 21 16 19 18 15 17 20 23 27 26 24 28 25 22
 10 12 13  8 14 11  9 16 20 18 19 17 15 21 24 22 27 25 28 26 23 33 32 29 31 35 34 30 41 36 37 42 38 39 40 48 44 49 47 46 43 45 55 50 53 54 56 51 52 63 58 61 60 57 59 62  2  6  5  3  7  4  1
  3  5  6  1  7  4  2  9 13 11 12 10  8 14 17 15 20 18 21 19 16 26 25 22 24 28 27 23 34 29 30 35 31 32 33 41 37 42 40 39 36 38 48 43 46 47 49 44 45 56 51 54 53 50 52 55 58 62 61 59 63 60 57
 38 40 41 36 42 39 37 44 48 46 47 45 43 49 52 50 55 53 56 54 51 61 60 57 59 63 62 58  6  1  2  7  3  4  5 13  9 14 12 11  8 10 20 15 18 19 21 16 17 28 23 26 25 22 24 27 30 34 33 31 35 32 29
 39 41 42 37 36 40 38 45 49 47 48 46 44 43 53 51 56 54 50 55 52 62 61 58 60 57 63 59  7  2  3  1  4  5  6 14 10  8 13 12  9 11 21 16 19 20 15 17 18 22 24 27 26 23 25 28 31 35 34 32 29 33 30
 18 20 21 16 15 19 17 24 28 26 27 25 23 22 32 30 35 33 29 34 31 41 40 37 39 36 42 38 49 44 45 43 46 47 48 56 52 50 55 54 51 53 63 58 61 62 57 59 60  1  3  6  5  2  4  7 10 14 13 11  8 12  9
 46 48 49 44 43 47 45 52 56 54 55 53 51 50 60 58 63 61 57 62 59  6  5  2  4  1  7  3 14  9 10  8 11 12 13 21 17 15 20 19 16 18 28 23 26 27 22 24 25 29 31 34 33 30 32 35 38 42 41 39 36 40 37
 11 13 14  9  8 12 10 17 21 19 20 18 16 15 25 23 28 26 22 27 24 34 33 30 32 29 35 31 42 37 38 36 39 40 41 49 45 43 48 47 44 46 56 51 54 55 50 52 53 57 59 62 61 58 60 63  3  7  6  4  1  5  2
 60 62 63 58 57 61 59  3  7  5  6  4  2  1 11  9 14 12  8 13 10 20 19 16 18 15 21 17 28 23 24 22 25 26 27 35 31 29 34 33 30 32 42 37 40 41 36 38 39 43 45 48 47 44 46 49 52 56 55 53 50 54 51
 25 27 28 23 22 26 24 31 35 33 34 32 30 29 39 37 42 40 36 41 38 48 47 44 46 43 49 45 56 51 52 50 53 54 55 63 59 57 62 61 58 60  7  2  5  6  1  3  4  8 10 13 12  9 11 14 17 21 20 18 15 19 16
  4  6  7  2  1  5  3 10 14 12 13 11  9  8 18 16 21 19 15 20 17 27 26 23 25 22 28 24 35 30 31 29 32 33 34 42 38 36 41 40 37 39 49 44 47 48 43 45 46 50 52 55 54 51 53 56 59 63 62 60 57 61 58
 53 55 56 51 50 54 52 59 63 61 62 60 58 57  4  2  7  5  1  6  3 13 12  9 11  8 14 10 21 16 17 15 18 19 20 28 24 22 27 26 23 25 35 30 33 34 29 31 32 36 38 41 40 37 39 42 45 49 48 46 43 47 44
 32 34 35 30 29 33 31 38 42 40 41 39 37 36 46 44 49 47 43 48 45 55 54 51 53 50 56 52 63 58 59 57 60 61 62  7  3  1  6  5  2  4 14  9 12 13  8 10 11 15 17 20 19 16 18 21 24 28 27 25 22 26 23
 12 14  8 10  9 13 11 18 15 20 21 19 17 16 26 24 22 27 23 28 25 35 34 31 33 30 29 32 36 38 39 37 40 41 42 43 46 44 49 48 45 47 50 52 55 56 51 53 54 58 60 63 62 59 61 57  4  1  7  5  2  6  3
 54 56 50 52 51 55 53 60 57 62 63 61 59 58  5  3  1  6  2  7  4 14 13 10 12  9  8 11 15 17 18 16 19 20 21 22 25 23 28 27 24 26 29 31 34 35 30 32 33 37 39 42 41 38 40 36 46 43 49 47 44 48 45
  5  7  1  3  2  6  4 11  8 13 14 12 10  9 19 17 15 20 16 21 18 28 27 24 26 23 22 25 29 31 32 30 33 34 35 36 39 37 42 41 38 40 43 45 48 49 44 46 47 51 53 56 55 52 54 50 60 57 63 61 58 62 59
 47 49 43 45 44 48 46 53 50 55 56 54 52 51 61 59 57 62 58 63 60  7  6  3  5  2  1  4  8 10 11  9 12 13 14 15 18 16 21 20 17 19 22 24 27 28 23 25 26 30 32 35 34 31 33 29 39 36 42 40 37 41 38
 19 21 15 17 16 20 18 25 22 27 28 26 24 23 33 31 29 34 30 35 32 42 41 38 40 37 36 39 43 45 46 44 47 48 49 50 53 51 56 55 52 54 57 59 62 63 58 60 61  2  4  7  6  3  5  1 11  8 14 12  9 13 10
 33 35 29 31 30 34 32 39 36 41 42 40 38 37 47 45 43 48 44 49 46 56 55 52 54 51 50 53 57 59 60 58 61 62 63  1  4  2  7  6  3  5  8 10 13 14  9 11 12 16 18 21 20 17 19 15 25 22 28 26 23 27 24
 26 28 22 24 23 27 25 32 29 34 35 33 31 30 40 38 36 41 37 42 39 49 48 45 47 44 43 46 50 52 53 51 54 55 56 57 60 58 63 62 59 61  1  3  6  7  2  4  5  9 11 14 13 10 12  8 18 15 21 19 16 20 17
 40 42 36 38 37 41 39 46 43 48 49 47 45 44 54 52 50 55 51 56 53 63 62 59 61 58 57 60  1  3  4  2  5  6  7  8 11  9 14 13 10 12 15 17 20 21 16 18 19 23 25 28 27 24 26 22 32 29 35 33 30 34 31
 61 63 57 59 58 62 60  4  1  6  7  5  3  2 12 10  8 13  9 14 11 21 20 17 19 16 15 18 22 24 25 23 26 27 28 29 32 30 35 34 31 33 36 38 41 42 37 39 40 44 46 49 48 45 47 43 53 50 56 54 51 55 52
 62 57 58 60 59 63 61  5  2  7  1  6  4  3 13 11  9 14 10  8 12 15 21 18 20 17 16 19 23 25 26 24 27 28 22 30 33 31 29 35 32 34 37 39 42 36 38 40 41 45 47 43 49 46 48 44 54 51 50 55 52 56 53
 48 43 44 46 45 49 47 54 51 56 50 55 53 52 62 60 58 63 59 57 61  1  7  4  6  3  2  5  9 11 12 10 13 14  8 16 19 17 15 21 18 20 23 25 28 22 24 26 27 31 33 29 35 32 34 30 40 37 36 41 38 42 39
 20 15 16 18 17 21 19 26 23 28 22 27 25 24 34 32 30 35 31 29 33 36 42 39 41 38 37 40 44 46 47 45 48 49 43 51 54 52 50 56 53 55 58 60 63 57 59 61 62  3  5  1  7  4  6  2 12  9  8 13 10 14 11
  6  1  2  4  3  7  5 12  9 14  8 13 11 10 20 18 16 21 17 15 19 22 28 25 27 24 23 26 30 32 33 31 34 35 29 37 40 38 36 42 39 41 44 46 49 43 45 47 48 52 54 50 56 53 55 51 61 58 57 62 59 63 60
 27 22 23 25 24 28 26 33 30 35 29 34 32 31 41 39 37 42 38 36 40 43 49 46 48 45 44 47 51 53 54 52 55 56 50 58 61 59 57 63 60 62  2  4  7  1  3  5  6 10 12  8 14 11 13  9 19 16 15 20 17 21 18
 55 50 51 53 52 56 54 61 58 63 57 62 60 59  6  4  2  7  3  1  5  8 14 11 13 10  9 12 16 18 19 17 20 21 15 23 26 24 22 28 25 27 30 32 35 29 31 33 34 38 40 36 42 39 41 37 47 44 43 48 45 49 46
 13  8  9 11 10 14 12 19 16 21 15 20 18 17 27 25 23 28 24 22 26 29 35 32 34 31 30 33 37 39 40 38 41 42 36 44 47 45 43 49 46 48 51 53 56 50 52 54 55 59 61 57 63 60 62 58  5  2  1  6  3  7  4
 34 29 30 32 31 35 33 40 37 42 36 41 39 38 48 46 44 49 45 43 47 50 56 53 55 52 51 54 58 60 61 59 62 63 57  2  5  3  1  7  4  6  9 11 14  8 10 12 13 17 19 15 21 18 20 16 26 23 22 27 24 28 25
 41 36 37 39 38 42 40 47 44 49 43 48 46 45 55 53 51 56 52 50 54 57 63 60 62 59 58 61  2  4  5  3  6  7  1  9 12 10  8 14 11 13 16 18 21 15 17 19 20 24 26 22 28 25 27 23 33 30 29 34 31 35 32
 35 30 31 33 32 29 34 41 38 36 37 42 40 39 49 47 45 43 46 44 48 51 50 54 56 53 52 55 59 61 62 60 63 57 58  3  6  4  2  1  5  7 10 12  8  9 11 13 14 18 20 16 15 19 21 17 27 24 23 28 25 22 26
  7  2  3  5  4  1  6 13 10  8  9 14 12 11 21 19 17 15 18 16 20 23 22 26 28 25 24 27 31 33 34 32 35 29 30 38 41 39 37 36 40 42 45 47 43 44 46 48 49 53 55 51 50 54 56 52 62 59 58 63 60 57 61
 28 23 24 26 25 22 27 34 31 29 30 35 33 32 42 40 38 36 39 37 41 44 43 47 49 46 45 48 52 54 55 53 56 50 51 59 62 60 58 57 61 63  3  5  1  2  4  6  7 11 13  9  8 12 14 10 20 17 16 21 18 15 19
 63 58 59 61 60 57 62  6  3  1  2  7  5  4 14 12 10  8 11  9 13 16 15 19 21 18 17 20 24 26 27 25 28 22 23 31 34 32 30 29 33 35 38 40 36 37 39 41 42 46 48 44 43 47 49 45 55 52 51 56 53 50 54
 56 51 52 54 53 50 55 62 59 57 58 63 61 60  7  5  3  1  4  2  6  9  8 12 14 11 10 13 17 19 20 18 21 15 16 24 27 25 23 22 26 28 31 33 29 30 32 34 35 39 41 37 36 40 42 38 48 45 44 49 46 43 47
 14  9 10 12 11  8 13 20 17 15 16 21 19 18 28 26 24 22 25 23 27 30 29 33 35 32 31 34 38 40 41 39 42 36 37 45 48 46 44 43 47 49 52 54 50 51 53 55 56 60 62 58 57 61 63 59  6  3  2  7  4  1  5
 49 44 45 47 46 43 48 55 52 50 51 56 54 53 63 61 59 57 60 58 62  2  1  5  7  4  3  6 10 12 13 11 14  8  9 17 20 18 16 15 19 21 24 26 22 23 25 27 28 32 34 30 29 33 35 31 41 38 37 42 39 36 40
 42 37 38 40 39 36 41 48 45 43 44 49 47 46 56 54 52 50 53 51 55 58 57 61 63 60 59 62  3  5  6  4  7  1  2 10 13 11  9  8 12 14 17 19 15 16 18 20 21 25 27 23 22 26 28 24 34 31 30 35 32 29 33
 21 16 17 19 18 15 20 27 24 22 23 28 26 25 35 33 31 29 32 30 34 37 36 40 42 39 38 41 45 47 48 46 49 43 44 52 55 53 51 50 54 56 59 61 57 58 60 62 63  4  6  2  1  5  7  3 13 10  9 14 11  8 12
  8 10 11 13 12  9 14 21 18 16 17 15 20 19 22 27 25 23 26 24 28 31 30 34 29 33 32 35 39 41 42 40 36 37 38 46 49 47 45 44 48 43 53 55 51 52 54 56 50 61 63 59 58 62 57 60  7  4  3  1  5  2  6
 15 17 18 20 19 16 21 28 25 23 24 22 27 26 29 34 32 30 33 31 35 38 37 41 36 40 39 42 46 48 49 47 43 44 45 53 56 54 52 51 55 50 60 62 58 59 61 63 57  5  7  3  2  6  1  4 14 11 10  8 12  9 13
 22 24 25 27 26 23 28 35 32 30 31 29 34 33 36 41 39 37 40 38 42 45 44 48 43 47 46 49 53 55 56 54 50 51 52 60 63 61 59 58 62 57  4  6  2  3  5  7  1 12 14 10  9 13  8 11 21 18 17 15 19 16 20
  1  3  4  6  5  2  7 14 11  9 10  8 13 12 15 20 18 16 19 17 21 24 23 27 22 26 25 28 32 34 35 33 29 30 31 39 42 40 38 37 41 36 46 48 44 45 47 49 43 54 56 52 51 55 50 53 63 60 59 57 61 58 62
 36 38 39 41 40 37 42 49 46 44 45 43 48 47 50 55 53 51 54 52 56 59 58 62 57 61 60 63  4  6  7  5  1  2  3 11 14 12 10  9 13  8 18 20 16 17 19 21 15 26 28 24 23 27 22 25 35 32 31 29 33 30 34
 29 31 32 34 33 30 35 42 39 37 38 36 41 40 43 48 46 44 47 45 49 52 51 55 50 54 53 56 60 62 63 61 57 58 59  4  7  5  3  2  6  1 11 13  9 10 12 14  8 19 21 17 16 20 15 18 28 25 24 22 26 23 27
 57 59 60 62 61 58 63  7  4  2  3  1  6  5  8 13 11  9 12 10 14 17 16 20 15 19 18 21 25 27 28 26 22 23 24 32 35 33 31 30 34 29 39 41 37 38 40 42 36 47 49 45 44 48 43 46 56 53 52 50 54 51 55
 43 45 46 48 47 44 49 56 53 51 52 50 55 54 57 62 60 58 61 59 63  3  2  6  1  5  4  7 11 13 14 12  8  9 10 18 21 19 17 16 20 15 25 27 23 24 26 28 22 33 35 31 30 34 29 32 42 39 38 36 40 37 41
 50 52 53 55 54 51 56 63 60 58 59 57 62 61  1  6  4  2  5  3  7 10  9 13  8 12 11 14 18 20 21 19 15 16 17 25 28 26 24 23 27 22 32 34 30 31 33 35 29 40 42 38 37 41 36 39 49 46 45 43 47 44 48
