 44 47 43 46 48 45 49 51 55 53 50 56 52 54 63 57 59 58 62 60 61  5  4  1  6  2  7  3 14 13 10  8  9 12 11 18 17 15 16 20 19 21 26 22 23 27 25 24 28 30 31 29 33 34 32 35 39 41 37 38 42 36 40
 16 19 15 18 20 17 21 23 27 25 22 28 24 26 35 29 31 30 34 32 33 40 39 36 41 37 42 38 49 48 45 43 44 47 46 53 52 50 51 55 54 56 61 57 58 62 60 59 63  2  3  1  5  6  4  7 11 13  9 10 14  8 12
 58 61 57 60 62 59 63  2  6  4  1  7  3  5 14  8 10  9 13 11 12 19 18 15 20 16 21 17 28 27 24 22 23 26 25 32 31 29 30 34 33 35 40 36 37 41 39 38 42 44 45 43 47 48 46 49 53 55 51 52 56 50 54
 37 40 36 39 41 38 42 44 48 46 43 49 45 47 56 50 52 51 55 53 54 61 60 57 62 58 63 59  7  6  3  1  2  5  4 11 10  8  9 13 12 14 19 15 16 20 18 17 21 23 24 22 26 27 25 28 32 34 30 31 35 29 33
 30 33 29 32 34 31 35 37 41 39 36 42 38 40 49 43 45 44 48 46 47 54 53 50 55 51 56 52 63 62 59 57 58 61 60  4  3  1  2  6  5  7 12  8  9 13 11 10 14 16 17 15 19 20 18 21 25 27 23 24 28 22 26
 51 54 50 53 55 52 56 58 62 60 57 63 59 61  7  1  3  2  6  4  5 12 11  8 13  9 14 10 21 20 17 15 16 19 18 25 24 22 23 27 26 28 33 29 30 34 32 31 35 37 38 36 40 41 39 42 46 48 44 45 49 43 47
 23 26 22 25 27 24 28 30 34 32 29 35 31 33 42 36 38 37 41 39 40 47 46 43 48 44 49 45 56 55 52 50 51 54 53 60 59 57 58 62 61 63  5  1  2  6  4  3  7  9 10  8 12 13 11 14 18 20 16 17 21 15 19
  2  5  1  4  6  3  7  9 13 11  8 14 10 12 21 15 17 16 20 18 19 26 25 22 27 23 28 24 35 34 31 29 30 33 32 39 38 36 37 41 40 42 47 43 44 48 46 45 49 51 52 50 54 55 53 56 60 62 58 59 63 57 61
  9 12  8 11 13 10 14 16 20 18 15 21 17 19 28 22 24 23 27 25 26 33 32 29 34 30 35 31 42 41 38 36 37 40 39 46 45 43 44 48 47 49 54 50 51 55 53 52 56 58 59 57 61 62 60 63  4  6  2  3  7  1  5
 38 41 37 40 42 39 36 45 49 47 44 43 46 48 50 51 53 52 56 54 55 62 61 58 63 59 57 60  1  7  4  2  3  6  5 12 11  9 10 14 13  8 20 16 17 21 19 18 15 24 25 23 27 28 26 22 33 35 31 32 29 30 34
 52 55 51 54 56 53 50 59 63 61 58 57 60 62  1  2  4  3  7  5  6 13 12  9 14 10  8 11 15 21 18 16 17 20 19 26 25 23 24 28 27 22 34 30 31 35 33 32 29 38 39 37 41 42 40 36 47 49 45 46 43 44 48
 59 62 58 61 63 60 57  3  7  5  2  1  4  6  8  9 11 10 14 12 13 20 19 16 21 17 15 18 22 28 25 23 24 27 26 33 32 30 31 35 34 29 41 37 38 42 40 39 36 45 46 44 48 49 47 43 54 56 52 53 50 51 55
 31 34 30 33 35 32 29 38 42 40 37 36 39 41 43 44 46 45 49 47 48 55 54 51 56 52 50 53 57 63 60 58 59 62 61  5  4  2  3  7  6  1 13  9 10 14 12 11  8 17 18 16 20 21 19 15 26 28 24 25 22 23 27
  3  6  2  5  7  4  1 10 14 12  9  8 11 13 15 16 18 17 21 19 20 27 26 23 28 24 22 25 29 35 32 30 31 34 33 40 39 37 38 42 41 36 48 44 45 49 47 46 43 52 53 51 55 56 54 50 61 63 59 60 57 58 62
 10 13  9 12 14 11  8 17 21 19 16 15 18 20 22 23 25 24 28 26 27 34 33 30 35 31 29 32 36 42 39 37 38 41 40 47 46 44 45 49 48 43 55 51 52 56 54 53 50 59 60 58 62 63 61 57  5  7  3  4  1  2  6
 45 48 44 47 49 46 43 52 56 54 51 50 53 55 57 58 60 59 63 61 62  6  5  2  7  3  1  4  8 14 11  9 10 13 12 19 18 16 17 21 20 15 27 23 24 28 26 25 22 31 32 30 34 35 33 29 40 42 38 39 36 37 41
 17 20 16 19 21 18 15 24 28 26 23 22 25 27 29 30 32 31 35 33 34 41 40 37 42 38 36 39 43 49 46 44 45 48 47 54 53 51 52 56 55 50 62 58 59 63 61 60 57  3  4  2  6  7  5  1 12 14 10 11  8  9 13
 24 27 23 26 28 25 22 31 35 33 30 29 32 34 36 37 39 38 42 40 41 48 47 44 49 45 43 46 50 56 53 51 52 55 54 61 60 58 59 63 62 57  6  2  3  7  5  4  1 10 11  9 13 14 12  8 19 21 17 18 15 16 20
 32 35 31 34 29 33 30 39 36 41 38 37 40 42 44 45 47 46 43 48 49 56 55 52 50 53 51 54 58 57 61 59 60 63 62  6  5  3  4  1  7  2 14 10 11  8 13 12  9 18 19 17 21 15 20 16 27 22 25 26 23 24 28
 25 28 24 27 22 26 23 32 29 34 31 30 33 35 37 38 40 39 36 41 42 49 48 45 43 46 44 47 51 50 54 52 53 56 55 62 61 59 60 57 63 58  7  3  4  1  6  5  2 11 12 10 14  8 13  9 20 15 18 19 16 17 21
  4  7  3  6  1  5  2 11  8 13 10  9 12 14 16 17 19 18 15 20 21 28 27 24 22 25 23 26 30 29 33 31 32 35 34 41 40 38 39 36 42 37 49 45 46 43 48 47 44 53 54 52 56 50 55 51 62 57 60 61 58 59 63
 53 56 52 55 50 54 51 60 57 62 59 58 61 63  2  3  5  4  1  6  7 14 13 10  8 11  9 12 16 15 19 17 18 21 20 27 26 24 25 22 28 23 35 31 32 29 34 33 30 39 40 38 42 36 41 37 48 43 46 47 44 45 49
 60 63 59 62 57 61 58  4  1  6  3  2  5  7  9 10 12 11  8 13 14 21 20 17 15 18 16 19 23 22 26 24 25 28 27 34 33 31 32 29 35 30 42 38 39 36 41 40 37 46 47 45 49 43 48 44 55 50 53 54 51 52 56
 18 21 17 20 15 19 16 25 22 27 24 23 26 28 30 31 33 32 29 34 35 42 41 38 36 39 37 40 44 43 47 45 46 49 48 55 54 52 53 50 56 51 63 59 60 57 62 61 58  4  5  3  7  1  6  2 13  8 11 12  9 10 14
 11 14 10 13  8 12  9 18 15 20 17 16 19 21 23 24 26 25 22 27 28 35 34 31 29 32 30 33 37 36 40 38 39 42 41 48 47 45 46 43 49 44 56 52 53 50 55 54 51 60 61 59 63 57 62 58  6  1  4  5  2  3  7
 39 42 38 41 36 40 37 46 43 48 45 44 47 49 51 52 54 53 50 55 56 63 62 59 57 60 58 61  2  1  5  3  4  7  6 13 12 10 11  8 14  9 21 17 18 15 20 19 16 25 26 24 28 22 27 23 34 29 32 33 30 31 35
 46 49 45 48 43 47 44 53 50 55 52 51 54 56 58 59 61 60 57 62 63  7  6  3  1  4  2  5  9  8 12 10 11 14 13 20 19 17 18 15 21 16 28 24 25 22 27 26 23 32 33 31 35 29 34 30 41 36 39 40 37 38 42
  5  1  4  7  2  6  3 12  9 14 11 10 13  8 17 18 20 19 16 21 15 22 28 25 23 26 24 27 31 30 34 32 33 29 35 42 41 39 40 37 36 38 43 46 47 44 49 48 45 54 55 53 50 51 56 52 63 58 61 62 59 60 57
 47 43 46 49 44 48 45 54 51 56 53 52 55 50 59 60 62 61 58 63 57  1  7  4  2  5  3  6 10  9 13 11 12  8 14 21 20 18 19 16 15 17 22 25 26 23 28 27 24 33 34 32 29 30 35 31 42 37 40 41 38 39 36
 26 22 25 28 23 27 24 33 30 35 32 31 34 29 38 39 41 40 37 42 36 43 49 46 44 47 45 48 52 51 55 53 54 50 56 63 62 60 61 58 57 59  1  4  5  2  7  6  3 12 13 11  8  9 14 10 21 16 19 20 17 18 15
 12  8 11 14  9 13 10 19 16 21 18 17 20 15 24 25 27 26 23 28 22 29 35 32 30 33 31 34 38 37 41 39 40 36 42 49 48 46 47 44 43 45 50 53 54 51 56 55 52 61 62 60 57 58 63 59  7  2  5  6  3  4  1
 54 50 53 56 51 55 52 61 58 63 60 59 62 57  3  4  6  5  2  7  1  8 14 11  9 12 10 13 17 16 20 18 19 15 21 28 27 25 26 23 22 24 29 32 33 30 35 34 31 40 41 39 36 37 42 38 49 44 47 48 45 46 43
 19 15 18 21 16 20 17 26 23 28 25 24 27 22 31 32 34 33 30 35 29 36 42 39 37 40 38 41 45 44 48 46 47 43 49 56 55 53 54 51 50 52 57 60 61 58 63 62 59  5  6  4  1  2  7  3 14  9 12 13 10 11  8
 40 36 39 42 37 41 38 47 44 49 46 45 48 43 52 53 55 54 51 56 50 57 63 60 58 61 59 62  3  2  6  4  5  1  7 14 13 11 12  9  8 10 15 18 19 16 21 20 17 26 27 25 22 23 28 24 35 30 33 34 31 32 29
 61 57 60 63 58 62 59  5  2  7  4  3  6  1 10 11 13 12  9 14  8 15 21 18 16 19 17 20 24 23 27 25 26 22 28 35 34 32 33 30 29 31 36 39 40 37 42 41 38 47 48 46 43 44 49 45 56 51 54 55 52 53 50
 33 29 32 35 30 34 31 40 37 42 39 38 41 36 45 46 48 47 44 49 43 50 56 53 51 54 52 55 59 58 62 60 61 57 63  7  6  4  5  2  1  3  8 11 12  9 14 13 10 19 20 18 15 16 21 17 28 23 26 27 24 25 22
 62 58 61 57 59 63 60  6  3  1  5  4  7  2 11 12 14 13 10  8  9 16 15 19 17 20 18 21 25 24 28 26 27 23 22 29 35 33 34 31 30 32 37 40 41 38 36 42 39 48 49 47 44 45 43 46 50 52 55 56 53 54 51
 13  9 12  8 10 14 11 20 17 15 19 18 21 16 25 26 28 27 24 22 23 30 29 33 31 34 32 35 39 38 42 40 41 37 36 43 49 47 48 45 44 46 51 54 55 52 50 56 53 62 63 61 58 59 57 60  1  3  6  7  4  5  2
 20 16 19 15 17 21 18 27 24 22 26 25 28 23 32 33 35 34 31 29 30 37 36 40 38 41 39 42 46 45 49 47 48 44 43 50 56 54 55 52 51 53 58 61 62 59 57 63 60  6  7  5  2  3  1  4  8 10 13 14 11 12  9
  6  2  5  1  3  7  4 13 10  8 12 11 14  9 18 19 21 20 17 15 16 23 22 26 24 27 25 28 32 31 35 33 34 30 29 36 42 40 41 38 37 39 44 47 48 45 43 49 46 55 56 54 51 52 50 53 57 59 62 63 60 61 58
 48 44 47 43 45 49 46 55 52 50 54 53 56 51 60 61 63 62 59 57 58  2  1  5  3  6  4  7 11 10 14 12 13  9  8 15 21 19 20 17 16 18 23 26 27 24 22 28 25 34 35 33 30 31 29 32 36 38 41 42 39 40 37
 41 37 40 36 38 42 39 48 45 43 47 46 49 44 53 54 56 55 52 50 51 58 57 61 59 62 60 63  4  3  7  5  6  2  1  8 14 12 13 10  9 11 16 19 20 17 15 21 18 27 28 26 23 24 22 25 29 31 34 35 32 33 30
 27 23 26 22 24 28 25 34 31 29 33 32 35 30 39 40 42 41 38 36 37 44 43 47 45 48 46 49 53 52 56 54 55 51 50 57 63 61 62 59 58 60  2  5  6  3  1  7  4 13 14 12  9 10  8 11 15 17 20 21 18 19 16
 34 30 33 29 31 35 32 41 38 36 40 39 42 37 46 47 49 48 45 43 44 51 50 54 52 55 53 56 60 59 63 61 62 58 57  1  7  5  6  3  2  4  9 12 13 10  8 14 11 20 21 19 16 17 15 18 22 24 27 28 25 26 23
 55 51 54 50 52 56 53 62 59 57 61 60 63 58  4  5  7  6  3  1  2  9  8 12 10 13 11 14 18 17 21 19 20 16 15 22 28 26 27 24 23 25 30 33 34 31 29 35 32 41 42 40 37 38 36 39 43 45 48 49 46 47 44
 63 59 62 58 60 57 61  7  4  2  6  5  1  3 12 13  8 14 11  9 10 17 16 20 18 21 19 15 26 25 22 27 28 24 23 30 29 34 35 32 31 33 38 41 42 39 37 36 40 49 43 48 45 46 44 47 51 53 56 50 54 55 52
 35 31 34 30 32 29 33 42 39 37 41 40 36 38 47 48 43 49 46 44 45 52 51 55 53 56 54 50 61 60 57 62 63 59 58  2  1  6  7  4  3  5 10 13 14 11  9  8 12 21 15 20 17 18 16 19 23 25 28 22 26 27 24
 21 17 20 16 18 15 19 28 25 23 27 26 22 24 33 34 29 35 32 30 31 38 37 41 39 42 40 36 47 46 43 48 49 45 44 51 50 55 56 53 52 54 59 62 63 60 58 57 61  7  1  6  3  4  2  5  9 11 14  8 12 13 10
 42 38 41 37 39 36 40 49 46 44 48 47 43 45 54 55 50 56 53 51 52 59 58 62 60 63 61 57  5  4  1  6  7  3  2  9  8 13 14 11 10 12 17 20 21 18 16 15 19 28 22 27 24 25 23 26 30 32 35 29 33 34 31
  7  3  6  2  4  1  5 14 11  9 13 12  8 10 19 20 15 21 18 16 17 24 23 27 25 28 26 22 33 32 29 34 35 31 30 37 36 41 42 39 38 40 45 48 49 46 44 43 47 56 50 55 52 53 51 54 58 60 63 57 61 62 59
 28 24 27 23 25 22 26 35 32 30 34 33 29 31 40 41 36 42 39 37 38 45 44 48 46 49 47 43 54 53 50 55 56 52 51 58 57 62 63 60 59 61  3  6  7  4  2  1  5 14  8 13 10 11  9 12 16 18 21 15 19 20 17
 14 10 13  9 11  8 12 21 18 16 20 19 15 17 26 27 22 28 25 23 24 31 30 34 32 35 33 29 40 39 36 41 42 38 37 44 43 48 49 46 45 47 52 55 56 53 51 50 54 63 57 62 59 60 58 61  2  4  7  1  5  6  3
 56 52 55 51 53 50 54 63 60 58 62 61 57 59  5  6  1  7  4  2  3 10  9 13 11 14 12  8 19 18 15 20 21 17 16 23 22 27 28 25 24 26 31 34 35 32 30 29 33 42 36 41 38 39 37 40 44 46 49 43 47 48 45
 49 45 48 44 46 43 47 56 53 51 55 54 50 52 61 62 57 63 60 58 59  3  2  6  4  7  5  1 12 11  8 13 14 10  9 16 15 20 21 18 17 19 24 27 28 25 23 22 26 35 29 34 31 32 30 33 37 39 42 36 40 41 38
  1  4  7  3  5  2  6  8 12 10 14 13  9 11 20 21 16 15 19 17 18 25 24 28 26 22 27 23 34 33 30 35 29 32 31 38 37 42 36 40 39 41 46 49 43 47 45 44 48 50 51 56 53 54 52 55 59 61 57 58 62 63 60
  8 11 14 10 12  9 13 15 19 17 21 20 16 18 27 28 23 22 26 24 25 32 31 35 33 29 34 30 41 40 37 42 36 39 38 45 44 49 43 47 46 48 53 56 50 54 52 51 55 57 58 63 60 61 59 62  3  5  1  2  6  7  4
 22 25 28 24 26 23 27 29 33 31 35 34 30 32 41 42 37 36 40 38 39 46 45 49 47 43 48 44 55 54 51 56 50 53 52 59 58 63 57 61 60 62  4  7  1  5  3  2  6  8  9 14 11 12 10 13 17 19 15 16 20 21 18
 36 39 42 38 40 37 41 43 47 45 49 48 44 46 55 56 51 50 54 52 53 60 59 63 61 57 62 58  6  5  2  7  1  4  3 10  9 14  8 12 11 13 18 21 15 19 17 16 20 22 23 28 25 26 24 27 31 33 29 30 34 35 32
 57 60 63 59 61 58 62  1  5  3  7  6  2  4 13 14  9  8 12 10 11 18 17 21 19 15 20 16 27 26 23 28 22 25 24 31 30 35 29 33 32 34 39 42 36 40 38 37 41 43 44 49 46 47 45 48 52 54 50 51 55 56 53
 15 18 21 17 19 16 20 22 26 24 28 27 23 25 34 35 30 29 33 31 32 39 38 42 40 36 41 37 48 47 44 49 43 46 45 52 51 56 50 54 53 55 60 63 57 61 59 58 62  1  2  7  4  5  3  6 10 12  8  9 13 14 11
 50 53 56 52 54 51 55 57 61 59 63 62 58 60  6  7  2  1  5  3  4 11 10 14 12  8 13  9 20 19 16 21 15 18 17 24 23 28 22 26 25 27 32 35 29 33 31 30 34 36 37 42 39 40 38 41 45 47 43 44 48 49 46
 43 46 49 45 47 44 48 50 54 52 56 55 51 53 62 63 58 57 61 59 60  4  3  7  5  1  6  2 13 12  9 14  8 11 10 17 16 21 15 19 18 20 25 28 22 26 24 23 27 29 30 35 32 33 31 34 38 40 36 37 41 42 39
 29 32 35 31 33 30 34 36 40 38 42 41 37 39 48 49 44 43 47 45 46 53 52 56 54 50 55 51 62 61 58 63 57 60 59  3  2  7  1  5  4  6 11 14  8 12 10  9 13 15 16 21 18 19 17 20 24 26 22 23 27 28 25
