  5  1  3  2  4  9  7 10  6  8 12 14 11 15 13 20 19 18 17 16 25 21 22 24 23 26 30 27 29 28 31 34 32 33 35
 35 31 33 32 34  4  2  5  1  3  7  9  6 10  8 15 14 13 12 11 20 16 17 19 18 21 25 22 24 23 26 29 27 28 30
 20 16 18 17 19 24 22 25 21 23 27 29 26 30 28 35 34 33 32 31  5  1  2  4  3  6 10  7  9  8 11 14 12 13 15
 10  6  8  7  9 14 12 15 11 13 17 19 16 20 18 25 24 23 22 21 30 26 27 29 28 31 35 32 34 33  1  4  2  3  5
 25 21 23 22 24 29 27 30 26 28 32 34 31 35 33  5  4  3  2  1 10  6  7  9  8 11 15 12 14 13 16 19 17 18 20
 30 26 28 27 29 34 32 35 31 33  2  4  1  5  3 10  9  8  7  6 15 11 12 14 13 16 20 17 19 18 21 24 22 23 25
 15 11 13 12 14 19 17 20 16 18 22 24 21 25 23 30 29 28 27 26 35 31 32 34 33  1  5  2  4  3  6  9  7  8 10
 31 32 34 33 35  5  3  1  2  4  8 10  7  6  9 11 15 14 13 12 16 17 18 20 19 22 21 23 25 24 27 30 28 29 26
 21 22 24 23 25 30 28 26 27 29 33 35 32 31 34  1  5  4  3  2  6  7  8 10  9 12 11 13 15 14 17 20 18 19 16
 11 12 14 13 15 20 18 16 17 19 23 25 22 21 24 26 30 29 28 27 31 32 33 35 34  2  1  3  5  4  7 10  8  9  6
  6  7  9  8 10 15 13 11 12 14 18 20 17 16 19 21 25 24 23 22 26 27 28 30 29 32 31 33 35 34  2  5  3  4  1
 26 27 29 28 30 35 33 31 32 34  3  5  2  1  4  6 10  9  8  7 11 12 13 15 14 17 16 18 20 19 22 25 23 24 21
 16 17 19 18 20 25 23 21 22 24 28 30 27 26 29 31 35 34 33 32  1  2  3  5  4  7  6  8 10  9 12 15 13 14 11
  1  2  4  3  5 10  8  6  7  9 13 15 12 11 14 16 20 19 18 17 21 22 23 25 24 27 26 28 30 29 32 35 33 34 31
 12 13 15 14 11 16 19 17 18 20 24 21 23 22 25 27 26 30 29 28 32 33 34 31 35  3  2  4  1  5  8  6  9 10  7
  7  8 10  9  6 11 14 12 13 15 19 16 18 17 20 22 21 25 24 23 27 28 29 26 30 33 32 34 31 35  3  1  4  5  2
 27 28 30 29 26 31 34 32 33 35  4  1  3  2  5  7  6 10  9  8 12 13 14 11 15 18 17 19 16 20 23 21 24 25 22
  2  3  5  4  1  6  9  7  8 10 14 11 13 12 15 17 16 20 19 18 22 23 24 21 25 28 27 29 26 30 33 31 34 35 32
 22 23 25 24 21 26 29 27 28 30 34 31 33 32 35  2  1  5  4  3  7  8  9  6 10 13 12 14 11 15 18 16 19 20 17
 17 18 20 19 16 21 24 22 23 25 29 26 28 27 30 32 31 35 34 33  2  3  4  1  5  8  7  9  6 10 13 11 14 15 12
 32 33 35 34 31  1  4  2  3  5  9  6  8  7 10 12 11 15 14 13 17 18 19 16 20 23 22 24 21 25 28 26 29 30 27
  8  9  6 10  7 12 15 13 14 11 20 17 19 18 16 23 22 21 25 24 28 29 30 27 26 34 33 35 32 31  4  2  5  1  3
  3  4  1  5  2  7 10  8  9  6 15 12 14 13 11 18 17 16 20 19 23 24 25 22 21 29 28 30 27 26 34 32 35 31 33
 23 24 21 25 22 27 30 28 29 26 35 32 34 33 31  3  2  1  5  4  8  9 10  7  6 14 13 15 12 11 19 17 20 16 18
 18 19 16 20 17 22 25 23 24 21 30 27 29 28 26 33 32 31 35 34  3  4  5  2  1  9  8 10  7  6 14 12 15 11 13
 28 29 26 30 27 32 35 33 34 31  5  2  4  3  1  8  7  6 10  9 13 14 15 12 11 19 18 20 17 16 24 22 25 21 23
 13 14 11 15 12 17 20 18 19 16 25 22 24 23 21 28 27 26 30 29 33 34 35 32 31  4  3  5  2  1  9  7 10  6  8
 33 34 31 35 32  2  5  3  4  1 10  7  9  8  6 13 12 11 15 14 18 19 20 17 16 24 23 25 22 21 29 27 30 26 28
 29 30 27 26 28 33 31 34 35 32  1  3  5  4  2  9  8  7  6 10 14 15 11 13 12 20 19 16 18 17 25 23 21 22 24
 34 35 32 31 33  3  1  4  5  2  6  8 10  9  7 14 13 12 11 15 19 20 16 18 17 25 24 21 23 22 30 28 26 27 29
 14 15 12 11 13 18 16 19 20 17 21 23 25 24 22 29 28 27 26 30 34 35 31 33 32  5  4  1  3  2 10  8  6  7  9
  9 10  7  6  8 13 11 14 15 12 16 18 20 19 17 24 23 22 21 25 29 30 26 28 27 35 34 31 33 32  5  3  1  2  4
 24 25 22 21 23 28 26 29 30 27 31 33 35 34 32  4  3  2  1  5  9 10  6  8  7 15 14 11 13 12 20 18 16 17 19
 19 20 17 16 18 23 21 24 25 22 26 28 30 29 27 34 33 32 31 35  4  5  1  3  2 10  9  6  8  7 15 13 11 12 14
  4  5  2  1  3  8  6  9 10  7 11 13 15 14 12 19 18 17 16 20 24 25 21 23 22 30 29 26 28 27 35 33 31 32 34
