 13 15 14 19 18 20 17 12 16 11 30 21 26 27 29 28 24 23 22 25 38 37 34 39 33 36 31 32 35 40 43 47 42 46 44 49 45 50 48 41 52 57 55 59 58 60 51 54 56 53 64 65 66 69 62 67 63 61 68 70 79 78 71 77 76 73 80 75 72 74  7  1  8  2  9  5 10  3  6  4
 53 55 54 59 58 60 57 52 56 51 70 61 66 67 69 68 64 63 62 65 78 77 74 79 73 76 71 72 75 80  3  7  2  6  4  9  5 10  8  1 12 17 15 19 18 20 11 14 16 13 24 25 26 29 22 27 23 21 28 30 39 38 31 37 36 33 40 35 32 34 47 41 48 42 49 45 50 43 46 44
 63 65 64 69 68 70 67 62 66 61 80 71 76 77 79 78 74 73 72 75  8  7  4  9  3  6  1  2  5 10 13 17 12 16 14 19 15 20 18 11 22 27 25 29 28 30 21 24 26 23 34 35 36 39 32 37 33 31 38 40 49 48 41 47 46 43 50 45 42 44 57 51 58 52 59 55 60 53 56 54
 23 25 24 29 28 30 27 22 26 21 40 31 36 37 39 38 34 33 32 35 48 47 44 49 43 46 41 42 45 50 53 57 52 56 54 59 55 60 58 51 62 67 65 69 68 70 61 64 66 63 74 75 76 79 72 77 73 71 78 80  9  8  1  7  6  3 10  5  2  4 17 11 18 12 19 15 20 13 16 14
 33 35 34 39 38 40 37 32 36 31 50 41 46 47 49 48 44 43 42 45 58 57 54 59 53 56 51 52 55 60 63 67 62 66 64 69 65 70 68 61 72 77 75 79 78 80 71 74 76 73  4  5  6  9  2  7  3  1  8 10 19 18 11 17 16 13 20 15 12 14 27 21 28 22 29 25 30 23 26 24
 73 75 74 79 78 80 77 72 76 71 10  1  6  7  9  8  4  3  2  5 18 17 14 19 13 16 11 12 15 20 23 27 22 26 24 29 25 30 28 21 32 37 35 39 38 40 31 34 36 33 44 45 46 49 42 47 43 41 48 50 59 58 51 57 56 53 60 55 52 54 67 61 68 62 69 65 70 63 66 64
  3  5  4  9  8 10  7  2  6  1 20 11 16 17 19 18 14 13 12 15 28 27 24 29 23 26 21 22 25 30 33 37 32 36 34 39 35 40 38 31 42 47 45 49 48 50 41 44 46 43 54 55 56 59 52 57 53 51 58 60 69 68 61 67 66 63 70 65 62 64 77 71 78 72 79 75 80 73 76 74
 43 45 44 49 48 50 47 42 46 41 60 51 56 57 59 58 54 53 52 55 68 67 64 69 63 66 61 62 65 70 73 77 72 76 74 79 75 80 78 71  2  7  5  9  8 10  1  4  6  3 14 15 16 19 12 17 13 11 18 20 29 28 21 27 26 23 30 25 22 24 37 31 38 32 39 35 40 33 36 34
  4  6  5 10  9  1  8  3  7  2 11 12 17 18 20 19 15 14 13 16 29 28 25 30 24 27 22 23 26 21 34 38 33 37 35 40 36 31 39 32 43 48 46 50 49 41 42 45 47 44 55 56 57 60 53 58 54 52 59 51 70 69 62 68 67 64 61 66 63 65 78 72 79 73 80 76 71 74 77 75
 54 56 55 60 59 51 58 53 57 52 61 62 67 68 70 69 65 64 63 66 79 78 75 80 74 77 72 73 76 71  4  8  3  7  5 10  6  1  9  2 13 18 16 20 19 11 12 15 17 14 25 26 27 30 23 28 24 22 29 21 40 39 32 38 37 34 31 36 33 35 48 42 49 43 50 46 41 44 47 45
 44 46 45 50 49 41 48 43 47 42 51 52 57 58 60 59 55 54 53 56 69 68 65 70 64 67 62 63 66 61 74 78 73 77 75 80 76 71 79 72  3  8  6 10  9  1  2  5  7  4 15 16 17 20 13 18 14 12 19 11 30 29 22 28 27 24 21 26 23 25 38 32 39 33 40 36 31 34 37 35
 24 26 25 30 29 21 28 23 27 22 31 32 37 38 40 39 35 34 33 36 49 48 45 50 44 47 42 43 46 41 54 58 53 57 55 60 56 51 59 52 63 68 66 70 69 61 62 65 67 64 75 76 77 80 73 78 74 72 79 71 10  9  2  8  7  4  1  6  3  5 18 12 19 13 20 16 11 14 17 15
 34 36 35 40 39 31 38 33 37 32 41 42 47 48 50 49 45 44 43 46 59 58 55 60 54 57 52 53 56 51 64 68 63 67 65 70 66 61 69 62 73 78 76 80 79 71 72 75 77 74  5  6  7 10  3  8  4  2  9  1 20 19 12 18 17 14 11 16 13 15 28 22 29 23 30 26 21 24 27 25
 14 16 15 20 19 11 18 13 17 12 21 22 27 28 30 29 25 24 23 26 39 38 35 40 34 37 32 33 36 31 44 48 43 47 45 50 46 41 49 42 53 58 56 60 59 51 52 55 57 54 65 66 67 70 63 68 64 62 69 61 80 79 72 78 77 74 71 76 73 75  8  2  9  3 10  6  1  4  7  5
 64 66 65 70 69 61 68 63 67 62 71 72 77 78 80 79 75 74 73 76  9  8  5 10  4  7  2  3  6  1 14 18 13 17 15 20 16 11 19 12 23 28 26 30 29 21 22 25 27 24 35 36 37 40 33 38 34 32 39 31 50 49 42 48 47 44 41 46 43 45 58 52 59 53 60 56 51 54 57 55
 74 76 75 80 79 71 78 73 77 72  1  2  7  8 10  9  5  4  3  6 19 18 15 20 14 17 12 13 16 11 24 28 23 27 25 30 26 21 29 22 33 38 36 40 39 31 32 35 37 34 45 46 47 50 43 48 44 42 49 41 60 59 52 58 57 54 51 56 53 55 68 62 69 63 70 66 61 64 67 65
 65 67 66 61 70 62 69 64 68 63 72 73 78 79 71 80 76 75 74 77 10  9  6  1  5  8  3  4  7  2 15 19 14 18 16 11 17 12 20 13 24 29 27 21 30 22 23 26 28 25 36 37 38 31 34 39 35 33 40 32 41 50 43 49 48 45 42 47 44 46 59 53 60 54 51 57 52 55 58 56
 35 37 36 31 40 32 39 34 38 33 42 43 48 49 41 50 46 45 44 47 60 59 56 51 55 58 53 54 57 52 65 69 64 68 66 61 67 62 70 63 74 79 77 71 80 72 73 76 78 75  6  7  8  1  4  9  5  3 10  2 11 20 13 19 18 15 12 17 14 16 29 23 30 24 21 27 22 25 28 26
 15 17 16 11 20 12 19 14 18 13 22 23 28 29 21 30 26 25 24 27 40 39 36 31 35 38 33 34 37 32 45 49 44 48 46 41 47 42 50 43 54 59 57 51 60 52 53 56 58 55 66 67 68 61 64 69 65 63 70 62 71 80 73 79 78 75 72 77 74 76  9  3 10  4  1  7  2  5  8  6
 55 57 56 51 60 52 59 54 58 53 62 63 68 69 61 70 66 65 64 67 80 79 76 71 75 78 73 74 77 72  5  9  4  8  6  1  7  2 10  3 14 19 17 11 20 12 13 16 18 15 26 27 28 21 24 29 25 23 30 22 31 40 33 39 38 35 32 37 34 36 49 43 50 44 41 47 42 45 48 46
 45 47 46 41 50 42 49 44 48 43 52 53 58 59 51 60 56 55 54 57 70 69 66 61 65 68 63 64 67 62 75 79 74 78 76 71 77 72 80 73  4  9  7  1 10  2  3  6  8  5 16 17 18 11 14 19 15 13 20 12 21 30 23 29 28 25 22 27 24 26 39 33 40 34 31 37 32 35 38 36
 75 77 76 71 80 72 79 74 78 73  2  3  8  9  1 10  6  5  4  7 20 19 16 11 15 18 13 14 17 12 25 29 24 28 26 21 27 22 30 23 34 39 37 31 40 32 33 36 38 35 46 47 48 41 44 49 45 43 50 42 51 60 53 59 58 55 52 57 54 56 69 63 70 64 61 67 62 65 68 66
 25 27 26 21 30 22 29 24 28 23 32 33 38 39 31 40 36 35 34 37 50 49 46 41 45 48 43 44 47 42 55 59 54 58 56 51 57 52 60 53 64 69 67 61 70 62 63 66 68 65 76 77 78 71 74 79 75 73 80 72  1 10  3  9  8  5  2  7  4  6 19 13 20 14 11 17 12 15 18 16
  5  7  6  1 10  2  9  4  8  3 12 13 18 19 11 20 16 15 14 17 30 29 26 21 25 28 23 24 27 22 35 39 34 38 36 31 37 32 40 33 44 49 47 41 50 42 43 46 48 45 56 57 58 51 54 59 55 53 60 52 61 70 63 69 68 65 62 67 64 66 79 73 80 74 71 77 72 75 78 76
 36 38 37 32 31 33 40 35 39 34 43 44 49 50 42 41 47 46 45 48 51 60 57 52 56 59 54 55 58 53 66 70 65 69 67 62 68 63 61 64 75 80 78 72 71 73 74 77 79 76  7  8  9  2  5 10  6  4  1  3 12 11 14 20 19 16 13 18 15 17 30 24 21 25 22 28 23 26 29 27
 56 58 57 52 51 53 60 55 59 54 63 64 69 70 62 61 67 66 65 68 71 80 77 72 76 79 74 75 78 73  6 10  5  9  7  2  8  3  1  4 15 20 18 12 11 13 14 17 19 16 27 28 29 22 25 30 26 24 21 23 32 31 34 40 39 36 33 38 35 37 50 44 41 45 42 48 43 46 49 47
 16 18 17 12 11 13 20 15 19 14 23 24 29 30 22 21 27 26 25 28 31 40 37 32 36 39 34 35 38 33 46 50 45 49 47 42 48 43 41 44 55 60 58 52 51 53 54 57 59 56 67 68 69 62 65 70 66 64 61 63 72 71 74 80 79 76 73 78 75 77 10  4  1  5  2  8  3  6  9  7
 76 78 77 72 71 73 80 75 79 74  3  4  9 10  2  1  7  6  5  8 11 20 17 12 16 19 14 15 18 13 26 30 25 29 27 22 28 23 21 24 35 40 38 32 31 33 34 37 39 36 47 48 49 42 45 50 46 44 41 43 52 51 54 60 59 56 53 58 55 57 70 64 61 65 62 68 63 66 69 67
 46 48 47 42 41 43 50 45 49 44 53 54 59 60 52 51 57 56 55 58 61 70 67 62 66 69 64 65 68 63 76 80 75 79 77 72 78 73 71 74  5 10  8  2  1  3  4  7  9  6 17 18 19 12 15 20 16 14 11 13 22 21 24 30 29 26 23 28 25 27 40 34 31 35 32 38 33 36 39 37
  6  8  7  2  1  3 10  5  9  4 13 14 19 20 12 11 17 16 15 18 21 30 27 22 26 29 24 25 28 23 36 40 35 39 37 32 38 33 31 34 45 50 48 42 41 43 44 47 49 46 57 58 59 52 55 60 56 54 51 53 62 61 64 70 69 66 63 68 65 67 80 74 71 75 72 78 73 76 79 77
 66 68 67 62 61 63 70 65 69 64 73 74 79 80 72 71 77 76 75 78  1 10  7  2  6  9  4  5  8  3 16 20 15 19 17 12 18 13 11 14 25 30 28 22 21 23 24 27 29 26 37 38 39 32 35 40 36 34 31 33 42 41 44 50 49 46 43 48 45 47 60 54 51 55 52 58 53 56 59 57
 26 28 27 22 21 23 30 25 29 24 33 34 39 40 32 31 37 36 35 38 41 50 47 42 46 49 44 45 48 43 56 60 55 59 57 52 58 53 51 54 65 70 68 62 61 63 64 67 69 66 77 78 79 72 75 80 76 74 71 73  2  1  4 10  9  6  3  8  5  7 20 14 11 15 12 18 13 16 19 17
 57 59 58 53 52 54 51 56 60 55 64 65 70 61 63 62 68 67 66 69 72 71 78 73 77 80 75 76 79 74  7  1  6 10  8  3  9  4  2  5 16 11 19 13 12 14 15 18 20 17 28 29 30 23 26 21 27 25 22 24 33 32 35 31 40 37 34 39 36 38 41 45 42 46 43 49 44 47 50 48
 77 79 78 73 72 74 71 76 80 75  4  5 10  1  3  2  8  7  6  9 12 11 18 13 17 20 15 16 19 14 27 21 26 30 28 23 29 24 22 25 36 31 39 33 32 34 35 38 40 37 48 49 50 43 46 41 47 45 42 44 53 52 55 51 60 57 54 59 56 58 61 65 62 66 63 69 64 67 70 68
 37 39 38 33 32 34 31 36 40 35 44 45 50 41 43 42 48 47 46 49 52 51 58 53 57 60 55 56 59 54 67 61 66 70 68 63 69 64 62 65 76 71 79 73 72 74 75 78 80 77  8  9 10  3  6  1  7  5  2  4 13 12 15 11 20 17 14 19 16 18 21 25 22 26 23 29 24 27 30 28
 47 49 48 43 42 44 41 46 50 45 54 55 60 51 53 52 58 57 56 59 62 61 68 63 67 70 65 66 69 64 77 71 76 80 78 73 79 74 72 75  6  1  9  3  2  4  5  8 10  7 18 19 20 13 16 11 17 15 12 14 23 22 25 21 30 27 24 29 26 28 31 35 32 36 33 39 34 37 40 38
 17 19 18 13 12 14 11 16 20 15 24 25 30 21 23 22 28 27 26 29 32 31 38 33 37 40 35 36 39 34 47 41 46 50 48 43 49 44 42 45 56 51 59 53 52 54 55 58 60 57 68 69 70 63 66 61 67 65 62 64 73 72 75 71 80 77 74 79 76 78  1  5  2  6  3  9  4  7 10  8
  7  9  8  3  2  4  1  6 10  5 14 15 20 11 13 12 18 17 16 19 22 21 28 23 27 30 25 26 29 24 37 31 36 40 38 33 39 34 32 35 46 41 49 43 42 44 45 48 50 47 58 59 60 53 56 51 57 55 52 54 63 62 65 61 70 67 64 69 66 68 71 75 72 76 73 79 74 77 80 78
 67 69 68 63 62 64 61 66 70 65 74 75 80 71 73 72 78 77 76 79  2  1  8  3  7 10  5  6  9  4 17 11 16 20 18 13 19 14 12 15 26 21 29 23 22 24 25 28 30 27 38 39 40 33 36 31 37 35 32 34 43 42 45 41 50 47 44 49 46 48 51 55 52 56 53 59 54 57 60 58
 27 29 28 23 22 24 21 26 30 25 34 35 40 31 33 32 38 37 36 39 42 41 48 43 47 50 45 46 49 44 57 51 56 60 58 53 59 54 52 55 66 61 69 63 62 64 65 68 70 67 78 79 80 73 76 71 77 75 72 74  3  2  5  1 10  7  4  9  6  8 11 15 12 16 13 19 14 17 20 18
 58 60 59 54 53 55 52 57 51 56 65 66 61 62 64 63 69 68 67 70 73 72 79 74 78 71 76 77 80 75  8  2  7  1  9  4 10  5  3  6 17 12 20 14 13 15 16 19 11 18 29 30 21 24 27 22 28 26 23 25 34 33 36 32 31 38 35 40 37 39 42 46 43 47 44 50 45 48 41 49
 38 40 39 34 33 35 32 37 31 36 45 46 41 42 44 43 49 48 47 50 53 52 59 54 58 51 56 57 60 55 68 62 67 61 69 64 70 65 63 66 77 72 80 74 73 75 76 79 71 78  9 10  1  4  7  2  8  6  3  5 14 13 16 12 11 18 15 20 17 19 22 26 23 27 24 30 25 28 21 29
 48 50 49 44 43 45 42 47 41 46 55 56 51 52 54 53 59 58 57 60 63 62 69 64 68 61 66 67 70 65 78 72 77 71 79 74 80 75 73 76  7  2 10  4  3  5  6  9  1  8 19 20 11 14 17 12 18 16 13 15 24 23 26 22 21 28 25 30 27 29 32 36 33 37 34 40 35 38 31 39
 28 30 29 24 23 25 22 27 21 26 35 36 31 32 34 33 39 38 37 40 43 42 49 44 48 41 46 47 50 45 58 52 57 51 59 54 60 55 53 56 67 62 70 64 63 65 66 69 61 68 79 80 71 74 77 72 78 76 73 75  4  3  6  2  1  8  5 10  7  9 12 16 13 17 14 20 15 18 11 19
 78 80 79 74 73 75 72 77 71 76  5  6  1  2  4  3  9  8  7 10 13 12 19 14 18 11 16 17 20 15 28 22 27 21 29 24 30 25 23 26 37 32 40 34 33 35 36 39 31 38 49 50 41 44 47 42 48 46 43 45 54 53 56 52 51 58 55 60 57 59 62 66 63 67 64 70 65 68 61 69
  8 10  9  4  3  5  2  7  1  6 15 16 11 12 14 13 19 18 17 20 23 22 29 24 28 21 26 27 30 25 38 32 37 31 39 34 40 35 33 36 47 42 50 44 43 45 46 49 41 48 59 60 51 54 57 52 58 56 53 55 64 63 66 62 61 68 65 70 67 69 72 76 73 77 74 80 75 78 71 79
 68 70 69 64 63 65 62 67 61 66 75 76 71 72 74 73 79 78 77 80  3  2  9  4  8  1  6  7 10  5 18 12 17 11 19 14 20 15 13 16 27 22 30 24 23 25 26 29 21 28 39 40 31 34 37 32 38 36 33 35 44 43 46 42 41 48 45 50 47 49 52 56 53 57 54 60 55 58 51 59
 18 20 19 14 13 15 12 17 11 16 25 26 21 22 24 23 29 28 27 30 33 32 39 34 38 31 36 37 40 35 48 42 47 41 49 44 50 45 43 46 57 52 60 54 53 55 56 59 51 58 69 70 61 64 67 62 68 66 63 65 74 73 76 72 71 78 75 80 77 79  2  6  3  7  4 10  5  8  1  9
 29 21 30 25 24 26 23 28 22 27 36 37 32 33 35 34 40 39 38 31 44 43 50 45 49 42 47 48 41 46 59 53 58 52 60 55 51 56 54 57 68 63 61 65 64 66 67 70 62 69 80 71 72 75 78 73 79 77 74 76  5  4  7  3  2  9  6  1  8 10 13 17 14 18 15 11 16 19 12 20
 49 41 50 45 44 46 43 48 42 47 56 57 52 53 55 54 60 59 58 51 64 63 70 65 69 62 67 68 61 66 79 73 78 72 80 75 71 76 74 77  8  3  1  5  4  6  7 10  2  9 20 11 12 15 18 13 19 17 14 16 25 24 27 23 22 29 26 21 28 30 33 37 34 38 35 31 36 39 32 40
 79 71 80 75 74 76 73 78 72 77  6  7  2  3  5  4 10  9  8  1 14 13 20 15 19 12 17 18 11 16 29 23 28 22 30 25 21 26 24 27 38 33 31 35 34 36 37 40 32 39 50 41 42 45 48 43 49 47 44 46 55 54 57 53 52 59 56 51 58 60 63 67 64 68 65 61 66 69 62 70
 69 61 70 65 64 66 63 68 62 67 76 77 72 73 75 74 80 79 78 71  4  3 10  5  9  2  7  8  1  6 19 13 18 12 20 15 11 16 14 17 28 23 21 25 24 26 27 30 22 29 40 31 32 35 38 33 39 37 34 36 45 44 47 43 42 49 46 41 48 50 53 57 54 58 55 51 56 59 52 60
 59 51 60 55 54 56 53 58 52 57 66 67 62 63 65 64 70 69 68 61 74 73 80 75 79 72 77 78 71 76  9  3  8  2 10  5  1  6  4  7 18 13 11 15 14 16 17 20 12 19 30 21 22 25 28 23 29 27 24 26 35 34 37 33 32 39 36 31 38 40 43 47 44 48 45 41 46 49 42 50
  9  1 10  5  4  6  3  8  2  7 16 17 12 13 15 14 20 19 18 11 24 23 30 25 29 22 27 28 21 26 39 33 38 32 40 35 31 36 34 37 48 43 41 45 44 46 47 50 42 49 60 51 52 55 58 53 59 57 54 56 65 64 67 63 62 69 66 61 68 70 73 77 74 78 75 71 76 79 72 80
 39 31 40 35 34 36 33 38 32 37 46 47 42 43 45 44 50 49 48 41 54 53 60 55 59 52 57 58 51 56 69 63 68 62 70 65 61 66 64 67 78 73 71 75 74 76 77 80 72 79 10  1  2  5  8  3  9  7  4  6 15 14 17 13 12 19 16 11 18 20 23 27 24 28 25 21 26 29 22 30
 19 11 20 15 14 16 13 18 12 17 26 27 22 23 25 24 30 29 28 21 34 33 40 35 39 32 37 38 31 36 49 43 48 42 50 45 41 46 44 47 58 53 51 55 54 56 57 60 52 59 70 61 62 65 68 63 69 67 64 66 75 74 77 73 72 79 76 71 78 80  3  7  4  8  5  1  6  9  2 10
 70 62 61 66 65 67 64 69 63 68 77 78 73 74 76 75 71 80 79 72  5  4  1  6 10  3  8  9  2  7 20 14 19 13 11 16 12 17 15 18 29 24 22 26 25 27 28 21 23 30 31 32 33 36 39 34 40 38 35 37 46 45 48 44 43 50 47 42 49 41 54 58 55 59 56 52 57 60 53 51
 40 32 31 36 35 37 34 39 33 38 47 48 43 44 46 45 41 50 49 42 55 54 51 56 60 53 58 59 52 57 70 64 69 63 61 66 62 67 65 68 79 74 72 76 75 77 78 71 73 80  1  2  3  6  9  4 10  8  5  7 16 15 18 14 13 20 17 12 19 11 24 28 25 29 26 22 27 30 23 21
 30 22 21 26 25 27 24 29 23 28 37 38 33 34 36 35 31 40 39 32 45 44 41 46 50 43 48 49 42 47 60 54 59 53 51 56 52 57 55 58 69 64 62 66 65 67 68 61 63 70 71 72 73 76 79 74 80 78 75 77  6  5  8  4  3 10  7  2  9  1 14 18 15 19 16 12 17 20 13 11
 20 12 11 16 15 17 14 19 13 18 27 28 23 24 26 25 21 30 29 22 35 34 31 36 40 33 38 39 32 37 50 44 49 43 41 46 42 47 45 48 59 54 52 56 55 57 58 51 53 60 61 62 63 66 69 64 70 68 65 67 76 75 78 74 73 80 77 72 79 71  4  8  5  9  6  2  7 10  3  1
 10  2  1  6  5  7  4  9  3  8 17 18 13 14 16 15 11 20 19 12 25 24 21 26 30 23 28 29 22 27 40 34 39 33 31 36 32 37 35 38 49 44 42 46 45 47 48 41 43 50 51 52 53 56 59 54 60 58 55 57 66 65 68 64 63 70 67 62 69 61 74 78 75 79 76 72 77 80 73 71
 50 42 41 46 45 47 44 49 43 48 57 58 53 54 56 55 51 60 59 52 65 64 61 66 70 63 68 69 62 67 80 74 79 73 71 76 72 77 75 78  9  4  2  6  5  7  8  1  3 10 11 12 13 16 19 14 20 18 15 17 26 25 28 24 23 30 27 22 29 21 34 38 35 39 36 32 37 40 33 31
 60 52 51 56 55 57 54 59 53 58 67 68 63 64 66 65 61 70 69 62 75 74 71 76 80 73 78 79 72 77 10  4  9  3  1  6  2  7  5  8 19 14 12 16 15 17 18 11 13 20 21 22 23 26 29 24 30 28 25 27 36 35 38 34 33 40 37 32 39 31 44 48 45 49 46 42 47 50 43 41
 80 72 71 76 75 77 74 79 73 78  7  8  3  4  6  5  1 10  9  2 15 14 11 16 20 13 18 19 12 17 30 24 29 23 21 26 22 27 25 28 39 34 32 36 35 37 38 31 33 40 41 42 43 46 49 44 50 48 45 47 56 55 58 54 53 60 57 52 59 51 64 68 65 69 66 62 67 70 63 61
 11 13 12 17 16 18 15 20 14 19 28 29 24 25 27 26 22 21 30 23 36 35 32 37 31 34 39 40 33 38 41 45 50 44 42 47 43 48 46 49 60 55 53 57 56 58 59 52 54 51 62 63 64 67 70 65 61 69 66 68 77 76 79 75 74 71 78 73 80 72  5  9  6 10  7  3  8  1  4  2
 51 53 52 57 56 58 55 60 54 59 68 69 64 65 67 66 62 61 70 63 76 75 72 77 71 74 79 80 73 78  1  5 10  4  2  7  3  8  6  9 20 15 13 17 16 18 19 12 14 11 22 23 24 27 30 25 21 29 26 28 37 36 39 35 34 31 38 33 40 32 45 49 46 50 47 43 48 41 44 42
 71 73 72 77 76 78 75 80 74 79  8  9  4  5  7  6  2  1 10  3 16 15 12 17 11 14 19 20 13 18 21 25 30 24 22 27 23 28 26 29 40 35 33 37 36 38 39 32 34 31 42 43 44 47 50 45 41 49 46 48 57 56 59 55 54 51 58 53 60 52 65 69 66 70 67 63 68 61 64 62
 21 23 22 27 26 28 25 30 24 29 38 39 34 35 37 36 32 31 40 33 46 45 42 47 41 44 49 50 43 48 51 55 60 54 52 57 53 58 56 59 70 65 63 67 66 68 69 62 64 61 72 73 74 77 80 75 71 79 76 78  7  6  9  5  4  1  8  3 10  2 15 19 16 20 17 13 18 11 14 12
 31 33 32 37 36 38 35 40 34 39 48 49 44 45 47 46 42 41 50 43 56 55 52 57 51 54 59 60 53 58 61 65 70 64 62 67 63 68 66 69 80 75 73 77 76 78 79 72 74 71  2  3  4  7 10  5  1  9  6  8 17 16 19 15 14 11 18 13 20 12 25 29 26 30 27 23 28 21 24 22
 61 63 62 67 66 68 65 70 64 69 78 79 74 75 77 76 72 71 80 73  6  5  2  7  1  4  9 10  3  8 11 15 20 14 12 17 13 18 16 19 30 25 23 27 26 28 29 22 24 21 32 33 34 37 40 35 31 39 36 38 47 46 49 45 44 41 48 43 50 42 55 59 56 60 57 53 58 51 54 52
  1  3  2  7  6  8  5 10  4  9 18 19 14 15 17 16 12 11 20 13 26 25 22 27 21 24 29 30 23 28 31 35 40 34 32 37 33 38 36 39 50 45 43 47 46 48 49 42 44 41 52 53 54 57 60 55 51 59 56 58 67 66 69 65 64 61 68 63 70 62 75 79 76 80 77 73 78 71 74 72
 41 43 42 47 46 48 45 50 44 49 58 59 54 55 57 56 52 51 60 53 66 65 62 67 61 64 69 70 63 68 71 75 80 74 72 77 73 78 76 79 10  5  3  7  6  8  9  2  4  1 12 13 14 17 20 15 11 19 16 18 27 26 29 25 24 21 28 23 30 22 35 39 36 40 37 33 38 31 34 32
 32 34 33 38 37 39 36 31 35 40 49 50 45 46 48 47 43 42 41 44 57 56 53 58 52 55 60 51 54 59 62 66 61 65 63 68 64 69 67 70 71 76 74 78 77 79 80 73 75 72  3  4  5  8  1  6  2 10  7  9 18 17 20 16 15 12 19 14 11 13 26 30 27 21 28 24 29 22 25 23
 12 14 13 18 17 19 16 11 15 20 29 30 25 26 28 27 23 22 21 24 37 36 33 38 32 35 40 31 34 39 42 46 41 45 43 48 44 49 47 50 51 56 54 58 57 59 60 53 55 52 63 64 65 68 61 66 62 70 67 69 78 77 80 76 75 72 79 74 71 73  6 10  7  1  8  4  9  2  5  3
 42 44 43 48 47 49 46 41 45 50 59 60 55 56 58 57 53 52 51 54 67 66 63 68 62 65 70 61 64 69 72 76 71 75 73 78 74 79 77 80  1  6  4  8  7  9 10  3  5  2 13 14 15 18 11 16 12 20 17 19 28 27 30 26 25 22 29 24 21 23 36 40 37 31 38 34 39 32 35 33
 72 74 73 78 77 79 76 71 75 80  9 10  5  6  8  7  3  2  1  4 17 16 13 18 12 15 20 11 14 19 22 26 21 25 23 28 24 29 27 30 31 36 34 38 37 39 40 33 35 32 43 44 45 48 41 46 42 50 47 49 58 57 60 56 55 52 59 54 51 53 66 70 67 61 68 64 69 62 65 63
 22 24 23 28 27 29 26 21 25 30 39 40 35 36 38 37 33 32 31 34 47 46 43 48 42 45 50 41 44 49 52 56 51 55 53 58 54 59 57 60 61 66 64 68 67 69 70 63 65 62 73 74 75 78 71 76 72 80 77 79  8  7 10  6  5  2  9  4  1  3 16 20 17 11 18 14 19 12 15 13
  2  4  3  8  7  9  6  1  5 10 19 20 15 16 18 17 13 12 11 14 27 26 23 28 22 25 30 21 24 29 32 36 31 35 33 38 34 39 37 40 41 46 44 48 47 49 50 43 45 42 53 54 55 58 51 56 52 60 57 59 68 67 70 66 65 62 69 64 61 63 76 80 77 71 78 74 79 72 75 73
 62 64 63 68 67 69 66 61 65 70 79 80 75 76 78 77 73 72 71 74  7  6  3  8  2  5 10  1  4  9 12 16 11 15 13 18 14 19 17 20 21 26 24 28 27 29 30 23 25 22 33 34 35 38 31 36 32 40 37 39 48 47 50 46 45 42 49 44 41 43 56 60 57 51 58 54 59 52 55 53
 52 54 53 58 57 59 56 51 55 60 69 70 65 66 68 67 63 62 61 64 77 76 73 78 72 75 80 71 74 79  2  6  1  5  3  8  4  9  7 10 11 16 14 18 17 19 20 13 15 12 23 24 25 28 21 26 22 30 27 29 38 37 40 36 35 32 39 34 31 33 46 50 47 41 48 44 49 42 45 43
