 43 44 42 41 47 45 48 50 46 49  1  9  4  8 10  6  5  2  3  7 16 19 17 14 20 13 15 18 11 12 28 23 24 25 26 21 22 29 30 27 36 33 32 40 31 34 37 35 38 39
 33 34 32 31 37 35 38 40 36 39 41 49 44 48 50 46 45 42 43 47  6  9  7  4 10  3  5  8  1  2 18 13 14 15 16 11 12 19 20 17 26 23 22 30 21 24 27 25 28 29
  3  4  2  1  7  5  8 10  6  9 11 19 14 18 20 16 15 12 13 17 26 29 27 24 30 23 25 28 21 22 38 33 34 35 36 31 32 39 40 37 46 43 42 50 41 44 47 45 48 49
 13 14 12 11 17 15 18 20 16 19 21 29 24 28 30 26 25 22 23 27 36 39 37 34 40 33 35 38 31 32 48 43 44 45 46 41 42 49 50 47  6  3  2 10  1  4  7  5  8  9
 23 24 22 21 27 25 28 30 26 29 31 39 34 38 40 36 35 32 33 37 46 49 47 44 50 43 45 48 41 42  8  3  4  5  6  1  2  9 10  7 16 13 12 20 11 14 17 15 18 19
 44 45 43 42 48 46 49 41 47 50  2 10  5  9  1  7  6  3  4  8 17 20 18 15 11 14 16 19 12 13 29 24 25 26 27 22 23 30 21 28 37 34 33 31 32 35 38 36 39 40
 34 35 33 32 38 36 39 31 37 40 42 50 45 49 41 47 46 43 44 48  7 10  8  5  1  4  6  9  2  3 19 14 15 16 17 12 13 20 11 18 27 24 23 21 22 25 28 26 29 30
  4  5  3  2  8  6  9  1  7 10 12 20 15 19 11 17 16 13 14 18 27 30 28 25 21 24 26 29 22 23 39 34 35 36 37 32 33 40 31 38 47 44 43 41 42 45 48 46 49 50
 24 25 23 22 28 26 29 21 27 30 32 40 35 39 31 37 36 33 34 38 47 50 48 45 41 44 46 49 42 43  9  4  5  6  7  2  3 10  1  8 17 14 13 11 12 15 18 16 19 20
 14 15 13 12 18 16 19 11 17 20 22 30 25 29 21 27 26 23 24 28 37 40 38 35 31 34 36 39 32 33 49 44 45 46 47 42 43 50 41 48  7  4  3  1  2  5  8  6  9 10
  5  6  4  3  9  7 10  2  8  1 13 11 16 20 12 18 17 14 15 19 28 21 29 26 22 25 27 30 23 24 40 35 36 37 38 33 34 31 32 39 48 45 44 42 43 46 49 47 50 41
 35 36 34 33 39 37 40 32 38 31 43 41 46 50 42 48 47 44 45 49  8  1  9  6  2  5  7 10  3  4 20 15 16 17 18 13 14 11 12 19 28 25 24 22 23 26 29 27 30 21
 15 16 14 13 19 17 20 12 18 11 23 21 26 30 22 28 27 24 25 29 38 31 39 36 32 35 37 40 33 34 50 45 46 47 48 43 44 41 42 49  8  5  4  2  3  6  9  7 10  1
 25 26 24 23 29 27 30 22 28 21 33 31 36 40 32 38 37 34 35 39 48 41 49 46 42 45 47 50 43 44 10  5  6  7  8  3  4  1  2  9 18 15 14 12 13 16 19 17 20 11
 45 46 44 43 49 47 50 42 48 41  3  1  6 10  2  8  7  4  5  9 18 11 19 16 12 15 17 20 13 14 30 25 26 27 28 23 24 21 22 29 38 35 34 32 33 36 39 37 40 31
  6  7  5  4 10  8  1  3  9  2 14 12 17 11 13 19 18 15 16 20 29 22 30 27 23 26 28 21 24 25 31 36 37 38 39 34 35 32 33 40 49 46 45 43 44 47 50 48 41 42
 46 47 45 44 50 48 41 43 49 42  4  2  7  1  3  9  8  5  6 10 19 12 20 17 13 16 18 11 14 15 21 26 27 28 29 24 25 22 23 30 39 36 35 33 34 37 40 38 31 32
 36 37 35 34 40 38 31 33 39 32 44 42 47 41 43 49 48 45 46 50  9  2 10  7  3  6  8  1  4  5 11 16 17 18 19 14 15 12 13 20 29 26 25 23 24 27 30 28 21 22
 26 27 25 24 30 28 21 23 29 22 34 32 37 31 33 39 38 35 36 40 49 42 50 47 43 46 48 41 44 45  1  6  7  8  9  4  5  2  3 10 19 16 15 13 14 17 20 18 11 12
 16 17 15 14 20 18 11 13 19 12 24 22 27 21 23 29 28 25 26 30 39 32 40 37 33 36 38 31 34 35 41 46 47 48 49 44 45 42 43 50  9  6  5  3  4  7 10  8  1  2
 17 18 16 15 11 19 12 14 20 13 25 23 28 22 24 30 29 26 27 21 40 33 31 38 34 37 39 32 35 36 42 47 48 49 50 45 46 43 44 41 10  7  6  4  5  8  1  9  2  3
 47 48 46 45 41 49 42 44 50 43  5  3  8  2  4 10  9  6  7  1 20 13 11 18 14 17 19 12 15 16 22 27 28 29 30 25 26 23 24 21 40 37 36 34 35 38 31 39 32 33
  7  8  6  5  1  9  2  4 10  3 15 13 18 12 14 20 19 16 17 11 30 23 21 28 24 27 29 22 25 26 32 37 38 39 40 35 36 33 34 31 50 47 46 44 45 48 41 49 42 43
 37 38 36 35 31 39 32 34 40 33 45 43 48 42 44 50 49 46 47 41 10  3  1  8  4  7  9  2  5  6 12 17 18 19 20 15 16 13 14 11 30 27 26 24 25 28 21 29 22 23
 27 28 26 25 21 29 22 24 30 23 35 33 38 32 34 40 39 36 37 31 50 43 41 48 44 47 49 42 45 46  2  7  8  9 10  5  6  3  4  1 20 17 16 14 15 18 11 19 12 13
  8  9  7  6  2 10  3  5  1  4 16 14 19 13 15 11 20 17 18 12 21 24 22 29 25 28 30 23 26 27 33 38 39 40 31 36 37 34 35 32 41 48 47 45 46 49 42 50 43 44
 38 39 37 36 32 40 33 35 31 34 46 44 49 43 45 41 50 47 48 42  1  4  2  9  5  8 10  3  6  7 13 18 19 20 11 16 17 14 15 12 21 28 27 25 26 29 22 30 23 24
 28 29 27 26 22 30 23 25 21 24 36 34 39 33 35 31 40 37 38 32 41 44 42 49 45 48 50 43 46 47  3  8  9 10  1  6  7  4  5  2 11 18 17 15 16 19 12 20 13 14
 48 49 47 46 42 50 43 45 41 44  6  4  9  3  5  1 10  7  8  2 11 14 12 19 15 18 20 13 16 17 23 28 29 30 21 26 27 24 25 22 31 38 37 35 36 39 32 40 33 34
 18 19 17 16 12 20 13 15 11 14 26 24 29 23 25 21 30 27 28 22 31 34 32 39 35 38 40 33 36 37 43 48 49 50 41 46 47 44 45 42  1  8  7  5  6  9  2 10  3  4
 19 20 18 17 13 11 14 16 12 15 27 25 30 24 26 22 21 28 29 23 32 35 33 40 36 39 31 34 37 38 44 49 50 41 42 47 48 45 46 43  2  9  8  6  7 10  3  1  4  5
 39 40 38 37 33 31 34 36 32 35 47 45 50 44 46 42 41 48 49 43  2  5  3 10  6  9  1  4  7  8 14 19 20 11 12 17 18 15 16 13 22 29 28 26 27 30 23 21 24 25
 49 50 48 47 43 41 44 46 42 45  7  5 10  4  6  2  1  8  9  3 12 15 13 20 16 19 11 14 17 18 24 29 30 21 22 27 28 25 26 23 32 39 38 36 37 40 33 31 34 35
  9 10  8  7  3  1  4  6  2  5 17 15 20 14 16 12 11 18 19 13 22 25 23 30 26 29 21 24 27 28 34 39 40 31 32 37 38 35 36 33 42 49 48 46 47 50 43 41 44 45
 29 30 28 27 23 21 24 26 22 25 37 35 40 34 36 32 31 38 39 33 42 45 43 50 46 49 41 44 47 48  4  9 10  1  2  7  8  5  6  3 12 19 18 16 17 20 13 11 14 15
 40 31 39 38 34 32 35 37 33 36 48 46 41 45 47 43 42 49 50 44  3  6  4  1  7 10  2  5  8  9 15 20 11 12 13 18 19 16 17 14 23 30 29 27 28 21 24 22 25 26
 50 41 49 48 44 42 45 47 43 46  8  6  1  5  7  3  2  9 10  4 13 16 14 11 17 20 12 15 18 19 25 30 21 22 23 28 29 26 27 24 33 40 39 37 38 31 34 32 35 36
 20 11 19 18 14 12 15 17 13 16 28 26 21 25 27 23 22 29 30 24 33 36 34 31 37 40 32 35 38 39 45 50 41 42 43 48 49 46 47 44  3 10  9  7  8  1  4  2  5  6
 10  1  9  8  4  2  5  7  3  6 18 16 11 15 17 13 12 19 20 14 23 26 24 21 27 30 22 25 28 29 35 40 31 32 33 38 39 36 37 34 43 50 49 47 48 41 44 42 45 46
 30 21 29 28 24 22 25 27 23 26 38 36 31 35 37 33 32 39 40 34 43 46 44 41 47 50 42 45 48 49  5 10  1  2  3  8  9  6  7  4 13 20 19 17 18 11 14 12 15 16
  1  2 10  9  5  3  6  8  4  7 19 17 12 16 18 14 13 20 11 15 24 27 25 22 28 21 23 26 29 30 36 31 32 33 34 39 40 37 38 35 44 41 50 48 49 42 45 43 46 47
 41 42 50 49 45 43 46 48 44 47  9  7  2  6  8  4  3 10  1  5 14 17 15 12 18 11 13 16 19 20 26 21 22 23 24 29 30 27 28 25 34 31 40 38 39 32 35 33 36 37
 31 32 40 39 35 33 36 38 34 37 49 47 42 46 48 44 43 50 41 45  4  7  5  2  8  1  3  6  9 10 16 11 12 13 14 19 20 17 18 15 24 21 30 28 29 22 25 23 26 27
 21 22 30 29 25 23 26 28 24 27 39 37 32 36 38 34 33 40 31 35 44 47 45 42 48 41 43 46 49 50  6  1  2  3  4  9 10  7  8  5 14 11 20 18 19 12 15 13 16 17
 11 12 20 19 15 13 16 18 14 17 29 27 22 26 28 24 23 30 21 25 34 37 35 32 38 31 33 36 39 40 46 41 42 43 44 49 50 47 48 45  4  1 10  8  9  2  5  3  6  7
 42 43 41 50 46 44 47 49 45 48 10  8  3  7  9  5  4  1  2  6 15 18 16 13 19 12 14 17 20 11 27 22 23 24 25 30 21 28 29 26 35 32 31 39 40 33 36 34 37 38
 22 23 21 30 26 24 27 29 25 28 40 38 33 37 39 35 34 31 32 36 45 48 46 43 49 42 44 47 50 41  7  2  3  4  5 10  1  8  9  6 15 12 11 19 20 13 16 14 17 18
 12 13 11 20 16 14 17 19 15 18 30 28 23 27 29 25 24 21 22 26 35 38 36 33 39 32 34 37 40 31 47 42 43 44 45 50 41 48 49 46  5  2  1  9 10  3  6  4  7  8
  2  3  1 10  6  4  7  9  5  8 20 18 13 17 19 15 14 11 12 16 25 28 26 23 29 22 24 27 30 21 37 32 33 34 35 40 31 38 39 36 45 42 41 49 50 43 46 44 47 48
 32 33 31 40 36 34 37 39 35 38 50 48 43 47 49 45 44 41 42 46  5  8  6  3  9  2  4  7 10  1 17 12 13 14 15 20 11 18 19 16 25 22 21 29 30 23 26 24 27 28
