 18 17 16 19 20 22 24 21 25 23  1  4  3  2  5  9  7 10  6  8 14 12 11 15 13
 13 12 11 14 15 17 19 16 20 18 21 24 23 22 25  4  2  5  1  3  9  7  6 10  8
  3  2  1  4  5  7  9  6 10  8 11 14 13 12 15 19 17 20 16 18 24 22 21 25 23
  8  7  6  9 10 12 14 11 15 13 16 19 18 17 20 24 22 25 21 23  4  2  1  5  3
 23 22 21 24 25  2  4  1  5  3  6  9  8  7 10 14 12 15 11 13 19 17 16 20 18
 19 18 17 20 16 23 25 22 21 24  2  5  4  3  1 10  8  6  7  9 15 13 12 11 14
  4  3  2  5  1  8 10  7  6  9 12 15 14 13 11 20 18 16 17 19 25 23 22 21 24
  9  8  7 10  6 13 15 12 11 14 17 20 19 18 16 25 23 21 22 24  5  3  2  1  4
 24 23 22 25 21  3  5  2  1  4  7 10  9  8  6 15 13 11 12 14 20 18 17 16 19
 14 13 12 15 11 18 20 17 16 19 22 25 24 23 21  5  3  1  2  4 10  8  7  6  9
  5  4  3  1  2  9  6  8  7 10 13 11 15 14 12 16 19 17 18 20 21 24 23 22 25
 20 19 18 16 17 24 21 23 22 25  3  1  5  4  2  6  9  7  8 10 11 14 13 12 15
 15 14 13 11 12 19 16 18 17 20 23 21 25 24 22  1  4  2  3  5  6  9  8  7 10
 25 24 23 21 22  4  1  3  2  5  8  6 10  9  7 11 14 12 13 15 16 19 18 17 20
 10  9  8  6  7 14 11 13 12 15 18 16 20 19 17 21 24 22 23 25  1  4  3  2  5
  6 10  9  7  8 15 12 14 13 11 19 17 16 20 18 22 25 23 24 21  2  5  4  3  1
  1  5  4  2  3 10  7  9  8  6 14 12 11 15 13 17 20 18 19 16 22 25 24 23 21
 16 20 19 17 18 25 22 24 23 21  4  2  1  5  3  7 10  8  9  6 12 15 14 13 11
 21 25 24 22 23  5  2  4  3  1  9  7  6 10  8 12 15 13 14 11 17 20 19 18 16
 11 15 14 12 13 20 17 19 18 16 24 22 21 25 23  2  5  3  4  1  7 10  9  8  6
  2  1  5  3  4  6  8 10  9  7 15 13 12 11 14 18 16 19 20 17 23 21 25 24 22
 17 16 20 18 19 21 23 25 24 22  5  3  2  1  4  8  6  9 10  7 13 11 15 14 12
  7  6 10  8  9 11 13 15 14 12 20 18 17 16 19 23 21 24 25 22  3  1  5  4  2
 22 21 25 23 24  1  3  5  4  2 10  8  7  6  9 13 11 14 15 12 18 16 20 19 17
 12 11 15 13 14 16 18 20 19 17 25 23 22 21 24  3  1  4  5  2  8  6 10  9  7
