  4  5  3  2  1  8 10  7  9  6 13 15 11 14 12 20 19 17 16 18 24 21 22 23 25
 24 25 23 22 21  3  5  2  4  1  8 10  6  9  7 15 14 12 11 13 19 16 17 18 20
 19 20 18 17 16 23 25 22 24 21  3  5  1  4  2 10  9  7  6  8 14 11 12 13 15
  9 10  8  7  6 13 15 12 14 11 18 20 16 19 17 25 24 22 21 23  4  1  2  3  5
 14 15 13 12 11 18 20 17 19 16 23 25 21 24 22  5  4  2  1  3  9  6  7  8 10
 25 21 24 23 22  4  1  3  5  2  9  6  7 10  8 11 15 13 12 14 20 17 18 19 16
 20 16 19 18 17 24 21 23 25 22  4  1  2  5  3  6 10  8  7  9 15 12 13 14 11
 10  6  9  8  7 14 11 13 15 12 19 16 17 20 18 21 25 23 22 24  5  2  3  4  1
 15 11 14 13 12 19 16 18 20 17 24 21 22 25 23  1  5  3  2  4 10  7  8  9  6
  5  1  4  3  2  9  6  8 10  7 14 11 12 15 13 16 20 18 17 19 25 22 23 24 21
 11 12 15 14 13 20 17 19 16 18 25 22 23 21 24  2  1  4  3  5  6  8  9 10  7
 16 17 20 19 18 25 22 24 21 23  5  2  3  1  4  7  6  9  8 10 11 13 14 15 12
  6  7 10  9  8 15 12 14 11 13 20 17 18 16 19 22 21 24 23 25  1  3  4  5  2
  1  2  5  4  3 10  7  9  6  8 15 12 13 11 14 17 16 19 18 20 21 23 24 25 22
 21 22 25 24 23  5  2  4  1  3 10  7  8  6  9 12 11 14 13 15 16 18 19 20 17
  2  3  1  5  4  6  8 10  7  9 11 13 14 12 15 18 17 20 19 16 22 24 25 21 23
 22 23 21 25 24  1  3  5  2  4  6  8  9  7 10 13 12 15 14 11 17 19 20 16 18
 12 13 11 15 14 16 18 20 17 19 21 23 24 22 25  3  2  5  4  1  7  9 10  6  8
 17 18 16 20 19 21 23 25 22 24  1  3  4  2  5  8  7 10  9  6 12 14 15 11 13
  7  8  6 10  9 11 13 15 12 14 16 18 19 17 20 23 22 25 24 21  2  4  5  1  3
  3  4  2  1  5  7  9  6  8 10 12 14 15 13 11 19 18 16 20 17 23 25 21 22 24
  8  9  7  6 10 12 14 11 13 15 17 19 20 18 16 24 23 21 25 22  3  5  1  2  4
 23 24 22 21 25  2  4  1  3  5  7  9 10  8  6 14 13 11 15 12 18 20 16 17 19
 13 14 12 11 15 17 19 16 18 20 22 24 25 23 21  4  3  1  5  2  8 10  6  7  9
 18 19 17 16 20 22 24 21 23 25  2  4  5  3  1  9  8  6 10  7 13 15 11 12 14
