  4  2  1  3  5  7  8  9  6 10 12 11 14 13 15 19 16 17 20 18 24 22 21 23 25
 19 17 16 18 20 22 23 24 21 25  2  1  4  3  5  9  6  7 10  8 14 12 11 13 15
 24 22 21 23 25  2  3  4  1  5  7  6  9  8 10 14 11 12 15 13 19 17 16 18 20
 14 12 11 13 15 17 18 19 16 20 22 21 24 23 25  4  1  2  5  3  9  7  6  8 10
  9  7  6  8 10 12 13 14 11 15 17 16 19 18 20 24 21 22 25 23  4  2  1  3  5
 20 18 17 19 16 23 24 25 22 21  3  2  5  4  1 10  7  8  6  9 15 13 12 14 11
 25 23 22 24 21  3  4  5  2  1  8  7 10  9  6 15 12 13 11 14 20 18 17 19 16
  5  3  2  4  1  8  9 10  7  6 13 12 15 14 11 20 17 18 16 19 25 23 22 24 21
 10  8  7  9  6 13 14 15 12 11 18 17 20 19 16 25 22 23 21 24  5  3  2  4  1
 15 13 12 14 11 18 19 20 17 16 23 22 25 24 21  5  2  3  1  4 10  8  7  9  6
 11 14 13 15 12 19 20 16 18 17 24 23 21 25 22  1  3  4  2  5  6  9  8 10  7
  6  9  8 10  7 14 15 11 13 12 19 18 16 20 17 21 23 24 22 25  1  4  3  5  2
 16 19 18 20 17 24 25 21 23 22  4  3  1  5  2  6  8  9  7 10 11 14 13 15 12
  1  4  3  5  2  9 10  6  8  7 14 13 11 15 12 16 18 19 17 20 21 24 23 25 22
 21 24 23 25 22  4  5  1  3  2  9  8  6 10  7 11 13 14 12 15 16 19 18 20 17
 22 25 24 21 23  5  1  2  4  3 10  9  7  6  8 12 14 15 13 11 17 20 19 16 18
 17 20 19 16 18 25 21 22 24 23  5  4  2  1  3  7  9 10  8  6 12 15 14 11 13
  7 10  9  6  8 15 11 12 14 13 20 19 17 16 18 22 24 25 23 21  2  5  4  1  3
 12 15 14 11 13 20 16 17 19 18 25 24 22 21 23  2  4  5  3  1  7 10  9  6  8
  2  5  4  1  3 10  6  7  9  8 15 14 12 11 13 17 19 20 18 16 22 25 24 21 23
 23 21 25 22 24  1  2  3  5  4  6 10  8  7  9 13 15 11 14 12 18 16 20 17 19
 13 11 15 12 14 16 17 18 20 19 21 25 23 22 24  3  5  1  4  2  8  6 10  7  9
 18 16 20 17 19 21 22 23 25 24  1  5  3  2  4  8 10  6  9  7 13 11 15 12 14
  8  6 10  7  9 11 12 13 15 14 16 20 18 17 19 23 25 21 24 22  3  1  5  2  4
  3  1  5  2  4  6  7  8 10  9 11 15 13 12 14 18 20 16 19 17 23 21 25 22 24
