 25 10 19 17 11  8  3 12 15  2 18 24  9 13 23  1 22  4 20 21  7 14 16  6  5
 15 13  8  4 23 19 24  9 18  5 12  3 20  2 10  6 14 11 16  7 22 21  1 17 25
  6 14  7 24 16 13  4 23 10 21 15  5  8  1 22 25 17  2 12  9 20 11 18  3 19
 22  3 20  5  9 14 17 25  1 16 21  6 11 19  7 24 13 18 15 10  2  8  4 23 12
 21 12  2 18  1  7 20  6 22 11 25 17 16  4 14 23  3 19  8  5  9 10 24 13 15
  8 23 15  3 20 22  2 14 12  9  5 21 17 16  6 19 25 10 18 13  4 24 11  7  1
 24 22 11  1  7  3  8  5 23 18  2 15 14  9 25 21  6 12  4 20 19 13 10 16 17
 12  6 17 21 19 15  7 10 11 24  3 23  4 18 13  9  5 22  1 16 25 20  2  8 14
  5 25 18 13  4 21 19 16  6  1 22  7 24 10 20  8  2 17 14 11 12  9 23 15  3
 10  2  9 16 14 20 25  4 17 13  1 12 19 11  8 15 24  3  7 23 18  5 21 22  6
 11 17 12 15  6  4 21  8  5 10 16  1  7 14 19  3 18 25 24 22 13 23  9  2 20
 14  9 23 22 18  1 15 19  2 17  8 11 10  3  4 16 20  5 13  6 24  7 25 12 21
  1  4 13 19 21 18  6 20 16 12 23 22  5 25 24  7  8 14  9  2  3 15 17 10 11
  7  5 24  8 10  9 14 13 25  3 20 18 15 12  2  4 11 23 21 17 16  6 19  1 22
  3 20 16  2 25 11 22  7 24 23 13  9  6 21 17 12  1 15 10 19 14  4  5 18  8
  4 11  6 23 22 16  9  3 14 15 24 25 21 20  5  2 12  1 17  8 10 18  7 19 13
 13 24 10  9  5  6 11 17  8 25 14  4  3 22 12 18  7 16 19 15  1  2 20 21 23
 16  7 21 20  8  5 23  2 13 19 17 10  1 15 18 11  4  9 22 25  6 12  3 14 24
 19  1 25 12 17 24 18 21 20  4  7  2 23  8 11 14 10 13  6  3 15 16 22  5  9
 18 15  3 14  2 12 10  1  7 22  9 19 13  6 16 20 23 21  5 24 11 17  8 25  4
  2 19  4  6 24 17 16 11  3  7 10 14 25  5  1 13 21 20 23 12  8 22 15  9 18
  9 16  1 11  3 10  5 22 21  6  4 13 12 24 15 17 19  8  2 18 23 25 14 20  7
 17  8 22 10 13  2  1 24  9 14  6 20 18 23  3  5 15  7 25  4 21 19 12 11 16
 23 21 14  7 15 25 12 18  4 20 19  8 22 17  9 10 16  6 11  1  5  3 13 24  2
 20 18  5 25 12 23 13 15 19  8 11 16  2  7 21 22  9 24  3 14 17  1  6  4 10
