  5  4  2  1  3 10  8  9  7  6 15 13 14 12 11 16 18 17 20 19 23 24 21 25 22
 15 14 12 11 13 20 18 19 17 16 25 23 24 22 21  1  3  2  5  4  8  9  6 10  7
 25 24 22 21 23  5  3  4  2  1 10  8  9  7  6 11 13 12 15 14 18 19 16 20 17
 20 19 17 16 18 25 23 24 22 21  5  3  4  2  1  6  8  7 10  9 13 14 11 15 12
 10  9  7  6  8 15 13 14 12 11 20 18 19 17 16 21 23 22 25 24  3  4  1  5  2
  6 10  8  7  9 11 14 15 13 12 16 19 20 18 17 22 24 23 21 25  4  5  2  1  3
 21 25 23 22 24  1  4  5  3  2  6  9 10  8  7 12 14 13 11 15 19 20 17 16 18
 16 20 18 17 19 21 24 25 23 22  1  4  5  3  2  7  9  8  6 10 14 15 12 11 13
 11 15 13 12 14 16 19 20 18 17 21 24 25 23 22  2  4  3  1  5  9 10  7  6  8
  1  5  3  2  4  6  9 10  8  7 11 14 15 13 12 17 19 18 16 20 24 25 22 21 23
 12 11 14 13 15 17 20 16 19 18 22 25 21 24 23  3  5  4  2  1 10  6  8  7  9
 22 21 24 23 25  2  5  1  4  3  7 10  6  9  8 13 15 14 12 11 20 16 18 17 19
  7  6  9  8 10 12 15 11 14 13 17 20 16 19 18 23 25 24 22 21  5  1  3  2  4
 17 16 19 18 20 22 25 21 24 23  2  5  1  4  3  8 10  9  7  6 15 11 13 12 14
  2  1  4  3  5  7 10  6  9  8 12 15 11 14 13 18 20 19 17 16 25 21 23 22 24
  8  7 10  9  6 13 11 12 15 14 18 16 17 20 19 24 21 25 23 22  1  2  4  3  5
 23 22 25 24 21  3  1  2  5  4  8  6  7 10  9 14 11 15 13 12 16 17 19 18 20
  3  2  5  4  1  8  6  7 10  9 13 11 12 15 14 19 16 20 18 17 21 22 24 23 25
 18 17 20 19 16 23 21 22 25 24  3  1  2  5  4  9  6 10  8  7 11 12 14 13 15
 13 12 15 14 11 18 16 17 20 19 23 21 22 25 24  4  1  5  3  2  6  7  9  8 10
 14 13 11 15 12 19 17 18 16 20 24 22 23 21 25  5  2  1  4  3  7  8 10  9  6
  4  3  1  5  2  9  7  8  6 10 14 12 13 11 15 20 17 16 19 18 22 23 25 24 21
 19 18 16 20 17 24 22 23 21 25  4  2  3  1  5 10  7  6  9  8 12 13 15 14 11
  9  8  6 10  7 14 12 13 11 15 19 17 18 16 20 25 22 21 24 23  2  3  5  4  1
 24 23 21 25 22  4  2  3  1  5  9  7  8  6 10 15 12 11 14 13 17 18 20 19 16
