 13 15 16  3  1 17  5  7  6  8 18 10 21 19 14 11 20  4  9  2 12
  4 16  5  6 10  2  3 17 11 20  8  9 14  7 19 15  1 21 13 12 18
 12  4  7  5  8 13 17  3 10  9 20 16 15  1 18 14 21  6  2 11 19
 16 21  3  7 15  4  1 18 14 19 10 12  9  8 20  6 11  2 17 13  5
 21  6  2 16 11 19 13  5  3 10  9 15  7 17  1  8 12 14 18 20  4
 17  2 15 14 16  9 21 11  5  1  3  8 19 13 10  7  6 12  4 18 20
  7 20 13 19  2 16 15 21 18 17  1  3 12  6  8  5  9 10 14  4 11
 11 17 19 15  7 18 20 14  4  3 13  5 10 16  6 12  8  1 21  9  2
 20  7  4  8  3 14  9 13 12  5 17 11  1  2 15 19 18 16  6 10 21
 18  9 20  4  6  5 10  2 21  7 19 13 16 15 12  1  3 17 11 14  8
 15 12 14 11 20  3 19  9 13 18  4 21  8  5 16 10  2  7  1 17  6
  8  1 12  9  4  7 16 15  2 21  6 20 17 11 13 18  5  3 10 19 14
  9 10 17 20  5 15  7 16  1  6 12 18  3 14  2 21  4 11 19  8 13
 14 11  9 21 18  6  4  1 16 15  7 17 20 12  5  2 19 13  8  3 10
  1  8  6 18  9 10 11 19 15 16 21  4  2 20  3 13 14  5 12  7 17
 19  3 18  1 21  8 14 12 20 11 16  2  6 10 17  4 13 15  7  5  9
 10 13 21  2 12 20  6  8  9  4 15 14  5 18 11 16 17 19  3  1  7
  6 14  1 17 19 21 12 10  8  2 11  7 13  9  4 20 16 18  5 15  3
  5 19 10 12 13 11  8  4  7 14  2  6 18  3 21 17 15  9 20 16  1
  2  5  8 10 17 12 18  6 19 13 14  1 11  4  9  3  7 20 16 21 15
  3 18 11 13 14  1  2 20 17 12  5 19  4 21  7  9 10  8 15  6 16
