 12 16  6 14  4  8 10 17  1 18  9  7 19  5 11 13 15  2  3
  7  1 17 10 19 13 16 14  4  9  2 11  8 12 18  6  3 15  5
 13 17 19  2  6 18  5 10 14  8 15  9 12 16  7 11  1  3  4
  4 18  3 17 14 11 13  6 15 19  8 10  7  9  5 12  2  1 16
  6  3 16 19 17  5 18 15 10 14  4  2 13  8 12  1 11  9  7
  2 13 15 11  1  4 19  7 17 10 12 18 14  6  9  3 16  5  8
  9  7 13  4 16  1  8  5 18  2 10 15 17 14  3 19 12 11  6
 19 10  9  1  5 14  4  8 16 17  6 12  2  3 15  7 18 13 11
  1  4  7 15 12  3 11  2  9 16 14  8  6 17 13 18  5 10 19
 17  2  4 12 10 16  1 11 13  5 19  6  3 18  8 15 14  7  9
  5  8 10  6  7  2 14  1 19 11 16  3 18 15 17  9  4 12 13
 11  6  1  3 18 15 17  4 12 13  7 14 16  2 19  5  9  8 10
 10 12 14  9  3 19  6 18 11  4 13  5 15  7  1  2  8 16 17
 18 15  5 13  9 10 12 16  6  1  3 17  4 11 14  8  7 19  2
  8  9 12  7  2 17 15  3  5  6  1  4 11 19 16 10 13 18 14
 16 19  8  5 11 12  3  9  7 15 17  1 10 13  2 14  6  4 18
  3  5 18  8 13  6  7 19  2 12 11 16  9  1  4 17 10 14 15
 15 14 11 16  8  9  2 12  3  7 18 13  5 10  6  4 19 17  1
 14 11  2 18 15  7  9 13  8  3  5 19  1  4 10 16 17  6 12
