  8 16 18  1 10  2 11 14  9  4  3  7  6 19 13 15  5 12 17
 13 14  3  4  1  8 12 11 10  2  6 15 16 18  7 17  9 19  5
 19  6  2 18  3 13  8 16  1  5 14 12 15 10 17  9  4  7 11
  7  2  1 16 18 19  6 15 11 17 13 14  9  8  5  4  3 10 12
 18 10  9 14  6  1 17  8 13 11  2 16 19 12  4  7 15  5  3
  6 17  4 10  8  5 19  2  3 18  7 11 14  9 15 13 12  1 16
 10 15 16 11  4 14 13 19  2  9 18  6  7  5  1 12 17  3  8
 11  7  5  9 15 17  1 10 18  3 19  2 12  6 16  8 13  4 14
  1 13 12  2  5 18 16 17  8 10 15 19  3  7  6 14 11  9  4
  2 18 15  7 12  3  9 13 19  8 10  4 17 11 14  5  1 16  6
 17  8  6 15  2  9 18  1  5 14  4  3 13 16 12 10  7 11 19
  4  1  8 17  7 16  2 18  6 13 12 10  5 15  3 11 19 14  9
  5  9 13  6 16 10  3  7 17 12 11  8  4 14  2 19 18 15  1
 12  3  7  8 17  6  5  4 15  1 16  9 11  2 19 18 14 13 10
 15 12 17 13 19  4 10  6 14  7  9  5  2  3 11  1 16  8 18
 14  4 10 19  9 11 15  3 12  6  5 13  8  1 18 16  2 17  7
 16 19 14  3 11 12  4  5  7 15  8 18  1 17  9  6 10  2 13
  3  5 11 12 13  7 14  9 16 19 17  1 18  4 10  2  8  6 15
  9 11 19  5 14 15  7 12  4 16  1 17 10 13  8  3  6 18  2
