  3  9 10 14  7 16  8  1  2  5  6 11 18 17 15 13 12  4 19
 11  3  1 18  8  2 16 14 10  9 17  6 19  7  4  5 13 15 12
 12  4 15  6  9 11  2  5 19 16 18 17 13  1  3  8  7 10 14
  4 11 19  2 13  7  9 18  5 14  3 10  6  8 17 15 16 12  1
 15  2  3 19  1  6 11  8 13  4  5 18 17 12 14  7  9 16 10
 16  7  9  5 19  8 14 11  6 10 15  1  3  2 18 12  4 13 17
 14 16  2  3  6 19 12  7  8  1  4  5 10 18 11  9 15 17 13
 19 14  4 11  5  9 17  6 18 13  1 15 12 10  8  3  2  7 16
  5 12 11  1 10 15 19 17  7  2 16  3 14  6 13 18  8  9  4
  7 15  6  4 11 10  1  2  9 17 13  8 16  3 12 19 18 14  5
  1 19  7  9  3 18  4 16 11  6  2 12  8 13 10 17 14  5 15
  6 17 16 10 12  1 15  9 14 19 11 13  5  4  7  2  3 18  8
 18  1  5 15  4  3  6 13 17  8 12  2  7 14 19 16 10 11  9
 17  8 12  7 16  4 13  3  1 18  9 14  2 15  6 10  5 19 11
  2 18 17 12 15 13 10 19  3 11  8  9  4 16  5 14  6  1  7
  8 13 14 17 18  5  7 10 16 12 19  4 15  9  2  1 11  3  6
  9  6 18 13  2 14  5  4 12 15 10  7  1 19 16 11 17  8  3
 13 10  8 16 14 17 18 12 15  3  7 19 11  5  9  4  1  6  2
 10  5 13  8 17 12  3 15  4  7 14 16  9 11  1  6 19  2 18
