-------------------------------------------------------------
| 12 11  6 16  |  4  3  8  1  | 14 10 13  5  |  7  9 15  2  |
| 13  4  2 14  |  7 11  6 12  |  1  3  9 15  | 10  5 16  8  |
|  9 10  8  3  | 14  2 15  5  |  4 11  7 16  |  1 13  6 12  |
| 15  7  1  5  | 10 16 13  9  |  2  8  6 12  | 14 11  3  4  |
-------------------------------------------------------------
|  6 16 10  8  |  9 14  3 13  | 15  1 12  2  |  5  4  7 11  |
|  4  9 11  1  | 16  6 10 15  |  3 14  5  7  | 12  2  8 13  |
| 14 12  3  2  | 11  8  5  7  | 13  6 10  4  | 15  1  9 16  |
|  7 13  5 15  |  2 12  1  4  |  8  9 16 11  |  3 14 10  6  |
-------------------------------------------------------------
| 10  1 16 11  |  6 15  9  8  | 12  4  3 13  |  2  7 14  5  |
|  2  6 15  7  |  1 10  4  3  | 16  5  8 14  | 13 12 11  9  |
|  5  3  4 12  | 13  7  2 14  |  9 15 11  6  |  8 16  1 10  |
|  8 14 13  9  | 12  5 11 16  |  7  2  1 10  |  6  3  4 15  |
-------------------------------------------------------------
|  1  5 12 10  |  3 13  7  6  | 11 16  4  8  |  9 15  2 14  |
| 16 15 14  6  |  8  9 12 11  |  5  7  2  3  |  4 10 13  1  |
| 11  8  7  4  |  5  1 14  2  | 10 13 15  9  | 16  6 12  3  |
|  3  2  9 13  | 15  4 16 10  |  6 12 14  1  | 11  8  5  7  |
-------------------------------------------------------------
