-------------------------------------------------------------
| 10  7  2  3  | 13  4  1 14  |  9 12 16 11  |  8 15  5  6  |
| 16 15 13 11  |  3 10  7  9  | 14  6  5  8  | 12  4  2  1  |
|  8  9 14  6  | 15 11 12  5  |  4  1  3  2  | 10  7 16 13  |
|  5 12  1  4  |  2 16  8  6  | 10 13 15  7  | 11 14  9  3  |
-------------------------------------------------------------
| 14  8 11  2  |  6 15 10  4  | 13  9  7 16  |  3  5  1 12  |
|  1  5  3  9  |  7 13 11  2  |  6  4 10 12  | 16  8 14 15  |
| 13 16  6 15  | 12  3  5  1  |  2 11  8 14  |  7 10  4  9  |
|  4 10  7 12  | 14  8  9 16  |  5 15  1  3  |  2  6 13 11  |
-------------------------------------------------------------
|  7  1 15  8  |  9 14 13 10  | 16  2 12  5  |  6  3 11  4  |
|  2  4 12 14  |  8  6 16 11  |  1  3  9 15  |  5 13  7 10  |
|  3 13 10  5  |  4 12  2 15  |  7 14 11  6  |  9  1  8 16  |
|  6 11  9 16  |  5  1  3  7  |  8 10  4 13  | 15  2 12 14  |
-------------------------------------------------------------
| 11  6 16  7  |  1  2  4  3  | 15  8 13  9  | 14 12 10  5  |
|  9  2  5  1  | 10  7 15 12  |  3 16 14  4  | 13 11  6  8  |
| 12  3  8 10  | 16  5 14 13  | 11  7  6  1  |  4  9 15  2  |
| 15 14  4 13  | 11  9  6  8  | 12  5  2 10  |  1 16  3  7  |
-------------------------------------------------------------
