-------------------------------------------------------------
|  5 15 12  3  |  1  8 13  2  |  9  6  4 16  |  7 14 11 10  |
| 13  4  8 10  |  5  3 12  7  |  2 15 14 11  |  9  6 16  1  |
|  9 11 16  7  |  4 15 14  6  |  1  8  5 10  |  2 12 13  3  |
|  2 14  1  6  |  9 16 10 11  | 12 13  3  7  | 15  5  4  8  |
-------------------------------------------------------------
| 10  2 13  1  |  3  7  8  5  | 11 16  6 12  | 14 15  9  4  |
|  7 16 11 14  | 13  2  4 15  |  3  5 10  9  | 12  8  1  6  |
| 12  3 15  8  | 11 14  6  9  |  7  4  1  2  |  5 16 10 13  |
|  4  6  9  5  | 12 10 16  1  |  8 14 15 13  |  3  7  2 11  |
-------------------------------------------------------------
| 15 10  4 11  |  6  1  3 13  |  5 12  8 14  | 16  9  7  2  |
|  3 12  2 13  | 10 11  5 16  |  6  7  9 15  |  4  1  8 14  |
|  1  7 14  9  |  2 12 15  8  | 10 11 16  4  |  6 13  3  5  |
|  8  5  6 16  | 14  9  7  4  | 13  3  2  1  | 10 11 12 15  |
-------------------------------------------------------------
| 11  9  7  2  |  8  6  1  3  | 15 10 12  5  | 13  4 14 16  |
|  6  1  5 12  |  7  4 11 14  | 16  2 13  3  |  8 10 15  9  |
| 14  8  3 15  | 16 13  9 10  |  4  1  7  6  | 11  2  5 12  |
| 16 13 10  4  | 15  5  2 12  | 14  9 11  8  |  1  3  6  7  |
-------------------------------------------------------------
