 17 19 24 22 20 18 23 21 26 30 29 31 28 32 25 27 40 38 35 36 37 33 34 39  5  8  3  2  1  7  6  4 15 14 16 10  9 12 11 13
  9 11 16 14 12 10 15 13 18 22 21 23 20 24 17 19 32 30 27 28 29 25 26 31 37 40 35 34 33 39 38 36  7  6  8  2  1  4  3  5
  1  3  8  6  4  2  7  5 10 14 13 15 12 16  9 11 24 22 19 20 21 17 18 23 29 32 27 26 25 31 30 28 39 38 40 34 33 36 35 37
 33 35 40 38 36 34 39 37  2  6  5  7  4  8  1  3 16 14 11 12 13  9 10 15 21 24 19 18 17 23 22 20 31 30 32 26 25 28 27 29
 25 27 32 30 28 26 31 29 34 38 37 39 36 40 33 35  8  6  3  4  5  1  2  7 13 16 11 10  9 15 14 12 23 22 24 18 17 20 19 21
 10 12  9 15 13 11 16 14 19 23 22 24 21 17 18 20 25 31 28 29 30 26 27 32 38 33 36 35 34 40 39 37  8  7  1  3  2  5  4  6
  2  4  1  7  5  3  8  6 11 15 14 16 13  9 10 12 17 23 20 21 22 18 19 24 30 25 28 27 26 32 31 29 40 39 33 35 34 37 36 38
 18 20 17 23 21 19 24 22 27 31 30 32 29 25 26 28 33 39 36 37 38 34 35 40  6  1  4  3  2  8  7  5 16 15  9 11 10 13 12 14
 34 36 33 39 37 35 40 38  3  7  6  8  5  1  2  4  9 15 12 13 14 10 11 16 22 17 20 19 18 24 23 21 32 31 25 27 26 29 28 30
 26 28 25 31 29 27 32 30 35 39 38 40 37 33 34 36  1  7  4  5  6  2  3  8 14  9 12 11 10 16 15 13 24 23 17 19 18 21 20 22
 11 13 10 16 14 12  9 15 20 24 23 17 22 18 19 21 26 32 29 30 31 27 28 25 39 34 37 36 35 33 40 38  1  8  2  4  3  6  5  7
  3  5  2  8  6  4  1  7 12 16 15  9 14 10 11 13 18 24 21 22 23 19 20 17 31 26 29 28 27 25 32 30 33 40 34 36 35 38 37 39
 27 29 26 32 30 28 25 31 36 40 39 33 38 34 35 37  2  8  5  6  7  3  4  1 15 10 13 12 11  9 16 14 17 24 18 20 19 22 21 23
 35 37 34 40 38 36 33 39  4  8  7  1  6  2  3  5 10 16 13 14 15 11 12  9 23 18 21 20 19 17 24 22 25 32 26 28 27 30 29 31
 19 21 18 24 22 20 17 23 28 32 31 25 30 26 27 29 34 40 37 38 39 35 36 33  7  2  5  4  3  1  8  6  9 16 10 12 11 14 13 15
 36 38 35 33 39 37 34 40  5  1  8  2  7  3  4  6 11  9 14 15 16 12 13 10 24 19 22 21 20 18 17 23 26 25 27 29 28 31 30 32
 28 30 27 25 31 29 26 32 37 33 40 34 39 35 36 38  3  1  6  7  8  4  5  2 16 11 14 13 12 10  9 15 18 17 19 21 20 23 22 24
 12 14 11  9 15 13 10 16 21 17 24 18 23 19 20 22 27 25 30 31 32 28 29 26 40 35 38 37 36 34 33 39  2  1  3  5  4  7  6  8
 20 22 19 17 23 21 18 24 29 25 32 26 31 27 28 30 35 33 38 39 40 36 37 34  8  3  6  5  4  2  1  7 10  9 11 13 12 15 14 16
  4  6  3  1  7  5  2  8 13  9 16 10 15 11 12 14 19 17 22 23 24 20 21 18 32 27 30 29 28 26 25 31 34 33 35 37 36 39 38 40
 21 23 20 18 24 22 19 17 30 26 25 27 32 28 29 31 36 34 39 40 33 37 38 35  1  4  7  6  5  3  2  8 11 10 12 14 13 16 15  9
 29 31 28 26 32 30 27 25 38 34 33 35 40 36 37 39  4  2  7  8  1  5  6  3  9 12 15 14 13 11 10 16 19 18 20 22 21 24 23 17
  5  7  4  2  8  6  3  1 14 10  9 11 16 12 13 15 20 18 23 24 17 21 22 19 25 28 31 30 29 27 26 32 35 34 36 38 37 40 39 33
 13 15 12 10 16 14 11  9 22 18 17 19 24 20 21 23 28 26 31 32 25 29 30 27 33 36 39 38 37 35 34 40  3  2  4  6  5  8  7  1
 37 39 36 34 40 38 35 33  6  2  1  3  8  4  5  7 12 10 15 16  9 13 14 11 17 20 23 22 21 19 18 24 27 26 28 30 29 32 31 25
 14 16 13 11  9 15 12 10 23 19 18 20 17 21 22 24 29 27 32 25 26 30 31 28 34 37 40 39 38 36 35 33  4  3  5  7  6  1  8  2
 38 40 37 35 33 39 36 34  7  3  2  4  1  5  6  8 13 11 16  9 10 14 15 12 18 21 24 23 22 20 19 17 28 27 29 31 30 25 32 26
 30 32 29 27 25 31 28 26 39 35 34 36 33 37 38 40  5  3  8  1  2  6  7  4 10 13 16 15 14 12 11  9 20 19 21 23 22 17 24 18
 22 24 21 19 17 23 20 18 31 27 26 28 25 29 30 32 37 35 40 33 34 38 39 36  2  5  8  7  6  4  3  1 12 11 13 15 14  9 16 10
  6  8  5  3  1  7  4  2 15 11 10 12  9 13 14 16 21 19 24 17 18 22 23 20 26 29 32 31 30 28 27 25 36 35 37 39 38 33 40 34
 31 25 30 28 26 32 29 27 40 36 35 37 34 38 39 33  6  4  1  2  3  7  8  5 11 14  9 16 15 13 12 10 21 20 22 24 23 18 17 19
 23 17 22 20 18 24 21 19 32 28 27 29 26 30 31 25 38 36 33 34 35 39 40 37  3  6  1  8  7  5  4  2 13 12 14 16 15 10  9 11
 39 33 38 36 34 40 37 35  8  4  3  5  2  6  7  1 14 12  9 10 11 15 16 13 19 22 17 24 23 21 20 18 29 28 30 32 31 26 25 27
  7  1  6  4  2  8  5  3 16 12 11 13 10 14 15  9 22 20 17 18 19 23 24 21 27 30 25 32 31 29 28 26 37 36 38 40 39 34 33 35
 15  9 14 12 10 16 13 11 24 20 19 21 18 22 23 17 30 28 25 26 27 31 32 29 35 38 33 40 39 37 36 34  5  4  6  8  7  2  1  3
  8  2  7  5  3  1  6  4  9 13 12 14 11 15 16 10 23 21 18 19 20 24 17 22 28 31 26 25 32 30 29 27 38 37 39 33 40 35 34 36
 24 18 23 21 19 17 22 20 25 29 28 30 27 31 32 26 39 37 34 35 36 40 33 38  4  7  2  1  8  6  5  3 14 13 15  9 16 11 10 12
 32 26 31 29 27 25 30 28 33 37 36 38 35 39 40 34  7  5  2  3  4  8  1  6 12 15 10  9 16 14 13 11 22 21 23 17 24 19 18 20
 40 34 39 37 35 33 38 36  1  5  4  6  3  7  8  2 15 13 10 11 12 16  9 14 20 23 18 17 24 22 21 19 30 29 31 25 32 27 26 28
 16 10 15 13 11  9 14 12 17 21 20 22 19 23 24 18 31 29 26 27 28 32 25 30 36 39 34 33 40 38 37 35  6  5  7  1  8  3  2  4
