 38 35 34 40 37 36 39 33  5  3  8  4  1  6  2  7 12 13 16 10 11 14  9 15 20 17 21 19 23 24 22 18 31 25 29 28 27 30 32 26
  6  3  2  8  5  4  7  1 13 11 16 12  9 14 10 15 20 21 24 18 19 22 17 23 28 25 29 27 31 32 30 26 39 33 37 36 35 38 40 34
 30 27 26 32 29 28 31 25 37 35 40 36 33 38 34 39  4  5  8  2  3  6  1  7 12  9 13 11 15 16 14 10 23 17 21 20 19 22 24 18
 14 11 10 16 13 12 15  9 21 19 24 20 17 22 18 23 28 29 32 26 27 30 25 31 36 33 37 35 39 40 38 34  7  1  5  4  3  6  8  2
 22 19 18 24 21 20 23 17 29 27 32 28 25 30 26 31 36 37 40 34 35 38 33 39  4  1  5  3  7  8  6  2 15  9 13 12 11 14 16 10
  7  4  3  1  6  5  8  2 14 12  9 13 10 15 11 16 21 22 17 19 20 23 18 24 29 26 30 28 32 25 31 27 40 34 38 37 36 39 33 35
 23 20 19 17 22 21 24 18 30 28 25 29 26 31 27 32 37 38 33 35 36 39 34 40  5  2  6  4  8  1  7  3 16 10 14 13 12 15  9 11
 39 36 35 33 38 37 40 34  6  4  1  5  2  7  3  8 13 14  9 11 12 15 10 16 21 18 22 20 24 17 23 19 32 26 30 29 28 31 25 27
 15 12 11  9 14 13 16 10 22 20 17 21 18 23 19 24 29 30 25 27 28 31 26 32 37 34 38 36 40 33 39 35  8  2  6  5  4  7  1  3
 31 28 27 25 30 29 32 26 38 36 33 37 34 39 35 40  5  6  1  3  4  7  2  8 13 10 14 12 16  9 15 11 24 18 22 21 20 23 17 19
 32 29 28 26 31 30 25 27 39 37 34 38 35 40 36 33  6  7  2  4  5  8  3  1 14 11 15 13  9 10 16 12 17 19 23 22 21 24 18 20
 40 37 36 34 39 38 33 35  7  5  2  6  3  8  4  1 14 15 10 12 13 16 11  9 22 19 23 21 17 18 24 20 25 27 31 30 29 32 26 28
 16 13 12 10 15 14  9 11 23 21 18 22 19 24 20 17 30 31 26 28 29 32 27 25 38 35 39 37 33 34 40 36  1  3  7  6  5  8  2  4
  8  5  4  2  7  6  1  3 15 13 10 14 11 16 12  9 22 23 18 20 21 24 19 17 30 27 31 29 25 26 32 28 33 35 39 38 37 40 34 36
 24 21 20 18 23 22 17 19 31 29 26 30 27 32 28 25 38 39 34 36 37 40 35 33  6  3  7  5  1  2  8  4  9 11 15 14 13 16 10 12
 25 30 29 27 32 31 26 28 40 38 35 39 36 33 37 34  7  8  3  5  6  1  4  2 15 12 16 14 10 11  9 13 18 20 24 23 22 17 19 21
  1  6  5  3  8  7  2  4 16 14 11 15 12  9 13 10 23 24 19 21 22 17 20 18 31 28 32 30 26 27 25 29 34 36 40 39 38 33 35 37
 33 38 37 35 40 39 34 36  8  6  3  7  4  1  5  2 15 16 11 13 14  9 12 10 23 20 24 22 18 19 17 21 26 28 32 31 30 25 27 29
  9 14 13 11 16 15 10 12 24 22 19 23 20 17 21 18 31 32 27 29 30 25 28 26 39 36 40 38 34 35 33 37  2  4  8  7  6  1  3  5
 17 22 21 19 24 23 18 20 32 30 27 31 28 25 29 26 39 40 35 37 38 33 36 34  7  4  8  6  2  3  1  5 10 12 16 15 14  9 11 13
 26 31 30 28 25 32 27 29 33 39 36 40 37 34 38 35  8  1  4  6  7  2  5  3 16 13  9 15 11 12 10 14 19 21 17 24 23 18 20 22
 10 15 14 12  9 16 11 13 17 23 20 24 21 18 22 19 32 25 28 30 31 26 29 27 40 37 33 39 35 36 34 38  3  5  1  8  7  2  4  6
  2  7  6  4  1  8  3  5  9 15 12 16 13 10 14 11 24 17 20 22 23 18 21 19 32 29 25 31 27 28 26 30 35 37 33 40 39 34 36 38
 34 39 38 36 33 40 35 37  1  7  4  8  5  2  6  3 16  9 12 14 15 10 13 11 24 21 17 23 19 20 18 22 27 29 25 32 31 26 28 30
 18 23 22 20 17 24 19 21 25 31 28 32 29 26 30 27 40 33 36 38 39 34 37 35  8  5  1  7  3  4  2  6 11 13  9 16 15 10 12 14
 19 24 23 21 18 17 20 22 26 32 29 25 30 27 31 28 33 34 37 39 40 35 38 36  1  6  2  8  4  5  3  7 12 14 10  9 16 11 13 15
 35 40 39 37 34 33 36 38  2  8  5  1  6  3  7  4  9 10 13 15 16 11 14 12 17 22 18 24 20 21 19 23 28 30 26 25 32 27 29 31
 11 16 15 13 10  9 12 14 18 24 21 17 22 19 23 20 25 26 29 31 32 27 30 28 33 38 34 40 36 37 35 39  4  6  2  1  8  3  5  7
  3  8  7  5  2  1  4  6 10 16 13  9 14 11 15 12 17 18 21 23 24 19 22 20 25 30 26 32 28 29 27 31 36 38 34 33 40 35 37 39
 27 32 31 29 26 25 28 30 34 40 37 33 38 35 39 36  1  2  5  7  8  3  6  4  9 14 10 16 12 13 11 15 20 22 18 17 24 19 21 23
 36 33 40 38 35 34 37 39  3  1  6  2  7  4  8  5 10 11 14 16  9 12 15 13 18 23 19 17 21 22 20 24 29 31 27 26 25 28 30 32
 20 17 24 22 19 18 21 23 27 25 30 26 31 28 32 29 34 35 38 40 33 36 39 37  2  7  3  1  5  6  4  8 13 15 11 10  9 12 14 16
 28 25 32 30 27 26 29 31 35 33 38 34 39 36 40 37  2  3  6  8  1  4  7  5 10 15 11  9 13 14 12 16 21 23 19 18 17 20 22 24
 12  9 16 14 11 10 13 15 19 17 22 18 23 20 24 21 26 27 30 32 25 28 31 29 34 39 35 33 37 38 36 40  5  7  3  2  1  4  6  8
  4  1  8  6  3  2  5  7 11  9 14 10 15 12 16 13 18 19 22 24 17 20 23 21 26 31 27 25 29 30 28 32 37 39 35 34 33 36 38 40
 21 18 17 23 20 19 22 24 28 26 31 27 32 29 25 30 35 36 39 33 34 37 40 38  3  8  4  2  6  7  5  1 14 16 12 11 10 13 15  9
  5  2  1  7  4  3  6  8 12 10 15 11 16 13  9 14 19 20 23 17 18 21 24 22 27 32 28 26 30 31 29 25 38 40 36 35 34 37 39 33
 37 34 33 39 36 35 38 40  4  2  7  3  8  5  1  6 11 12 15  9 10 13 16 14 19 24 20 18 22 23 21 17 30 32 28 27 26 29 31 25
 13 10  9 15 12 11 14 16 20 18 23 19 24 21 17 22 27 28 31 25 26 29 32 30 35 40 36 34 38 39 37 33  6  8  4  3  2  5  7  1
 29 26 25 31 28 27 30 32 36 34 39 35 40 37 33 38  3  4  7  1  2  5  8  6 11 16 12 10 14 15 13  9 22 24 20 19 18 21 23 17
