 19 17 20 18  3  1  2  4  5  7  6  8 11 12  9 10 16 13 15 14
 11  9 12 10 15 13 14 16 17 19 18 20  3  4  1  2  8  5  7  6
 15 13 16 14 19 17 18 20  1  3  2  4  7  8  5  6 12  9 11 10
  3  1  4  2  7  5  6  8  9 11 10 12 15 16 13 14 20 17 19 18
  7  5  8  6 11  9 10 12 13 15 14 16 19 20 17 18  4  1  3  2
 20 18 17 19  4  2  3  1  6  8  7  5 12  9 10 11 13 14 16 15
  8  6  5  7 12 10 11  9 14 16 15 13 20 17 18 19  1  2  4  3
 16 14 13 15 20 18 19 17  2  4  3  1  8  5  6  7  9 10 12 11
 12 10  9 11 16 14 15 13 18 20 19 17  4  1  2  3  5  6  8  7
  4  2  1  3  8  6  7  5 10 12 11  9 16 13 14 15 17 18 20 19
  9 11 10 12 13 15 16 14 19 17 20 18  1  2  3  4  6  7  5  8
 17 19 18 20  1  3  4  2  7  5  8  6  9 10 11 12 14 15 13 16
 13 15 14 16 17 19 20 18  3  1  4  2  5  6  7  8 10 11  9 12
  1  3  2  4  5  7  8  6 11  9 12 10 13 14 15 16 18 19 17 20
  5  7  6  8  9 11 12 10 15 13 16 14 17 18 19 20  2  3  1  4
  2  4  3  1  6  8  5  7 12 10  9 11 14 15 16 13 19 20 18 17
 10 12 11  9 14 16 13 15 20 18 17 19  2  3  4  1  7  8  6  5
  6  8  7  5 10 12  9 11 16 14 13 15 18 19 20 17  3  4  2  1
 18 20 19 17  2  4  1  3  8  6  5  7 10 11 12  9 15 16 14 13
 14 16 15 13 18 20 17 19  4  2  1  3  6  7  8  5 11 12 10  9
