 16 15 17 13 12 14 18 11 10 19 20 23 24 21 26 25 27 22 33 29 34 32 31 35 30 28 36 42 43 38 40 41 44 39 45 37  9  4  2  1  7  3  5  6  8
 34 33 35 31 30 32 36 29 28 37 38 41 42 39 44 43 45 40  6  2  7  5  4  8  3  1  9 15 16 11 13 14 17 12 18 10 27 22 20 19 25 21 23 24 26
 43 42 44 40 39 41 45 38 37  1  2  5  6  3  8  7  9  4 15 11 16 14 13 17 12 10 18 24 25 20 22 23 26 21 27 19 36 31 29 28 34 30 32 33 35
 25 24 26 22 21 23 27 20 19 28 29 32 33 30 35 34 36 31 42 38 43 41 40 44 39 37 45  6  7  2  4  5  8  3  9  1 18 13 11 10 16 12 14 15 17
  7  6  8  4  3  5  9  2  1 10 11 14 15 12 17 16 18 13 24 20 25 23 22 26 21 19 27 33 34 29 31 32 35 30 36 28 45 40 38 37 43 39 41 42 44
 35 34 36 32 31 33 28 30 29 38 39 42 43 40 45 44 37 41  7  3  8  6  5  9  4  2  1 16 17 12 14 15 18 13 10 11 19 23 21 20 26 22 24 25 27
 17 16 18 14 13 15 10 12 11 20 21 24 25 22 27 26 19 23 34 30 35 33 32 36 31 29 28 43 44 39 41 42 45 40 37 38  1  5  3  2  8  4  6  7  9
 44 43 45 41 40 42 37 39 38  2  3  6  7  4  9  8  1  5 16 12 17 15 14 18 13 11 10 25 26 21 23 24 27 22 19 20 28 32 30 29 35 31 33 34 36
  8  7  9  5  4  6  1  3  2 11 12 15 16 13 18 17 10 14 25 21 26 24 23 27 22 20 19 34 35 30 32 33 36 31 28 29 37 41 39 38 44 40 42 43 45
 26 25 27 23 22 24 19 21 20 29 30 33 34 31 36 35 28 32 43 39 44 42 41 45 40 38 37  7  8  3  5  6  9  4  1  2 10 14 12 11 17 13 15 16 18
 45 44 37 42 41 43 38 40 39  3  4  7  8  5  1  9  2  6 17 13 18 16 15 10 14 12 11 26 27 22 24 25 19 23 20 21 29 33 31 30 36 32 34 35 28
 18 17 10 15 14 16 11 13 12 21 22 25 26 23 19 27 20 24 35 31 36 34 33 28 32 30 29 44 45 40 42 43 37 41 38 39  2  6  4  3  9  5  7  8  1
  9  8  1  6  5  7  2  4  3 12 13 16 17 14 10 18 11 15 26 22 27 25 24 19 23 21 20 35 36 31 33 34 28 32 29 30 38 42 40 39 45 41 43 44 37
 27 26 19 24 23 25 20 22 21 30 31 34 35 32 28 36 29 33 44 40 45 43 42 37 41 39 38  8  9  4  6  7  1  5  2  3 11 15 13 12 18 14 16 17 10
 36 35 28 33 32 34 29 31 30 39 40 43 44 41 37 45 38 42  8  4  9  7  6  1  5  3  2 17 18 13 15 16 10 14 11 12 20 24 22 21 27 23 25 26 19
 37 45 38 43 42 44 39 41 40  4  5  8  9  6  2  1  3  7 18 14 10 17 16 11 15 13 12 27 19 23 25 26 20 24 21 22 30 34 32 31 28 33 35 36 29
  1  9  2  7  6  8  3  5  4 13 14 17 18 15 11 10 12 16 27 23 19 26 25 20 24 22 21 36 28 32 34 35 29 33 30 31 39 43 41 40 37 42 44 45 38
 28 36 29 34 33 35 30 32 31 40 41 44 45 42 38 37 39 43  9  5  1  8  7  2  6  4  3 18 10 14 16 17 11 15 12 13 21 25 23 22 19 24 26 27 20
 10 18 11 16 15 17 12 14 13 22 23 26 27 24 20 19 21 25 36 32 28 35 34 29 33 31 30 45 37 41 43 44 38 42 39 40  3  7  5  4  1  6  8  9  2
 19 27 20 25 24 26 21 23 22 31 32 35 36 33 29 28 30 34 45 41 37 44 43 38 42 40 39  9  1  5  7  8  2  6  3  4 12 16 14 13 10 15 17 18 11
  2  1  3  8  7  9  4  6  5 14 15 18 10 16 12 11 13 17 19 24 20 27 26 21 25 23 22 28 29 33 35 36 30 34 31 32 40 44 42 41 38 43 45 37 39
 29 28 30 35 34 36 31 33 32 41 42 45 37 43 39 38 40 44  1  6  2  9  8  3  7  5  4 10 11 15 17 18 12 16 13 14 22 26 24 23 20 25 27 19 21
 11 10 12 17 16 18 13 15 14 23 24 27 19 25 21 20 22 26 28 33 29 36 35 30 34 32 31 37 38 42 44 45 39 43 40 41  4  8  6  5  2  7  9  1  3
 38 37 39 44 43 45 40 42 41  5  6  9  1  7  3  2  4  8 10 15 11 18 17 12 16 14 13 19 20 24 26 27 21 25 22 23 31 35 33 32 29 34 36 28 30
 20 19 21 26 25 27 22 24 23 32 33 36 28 34 30 29 31 35 37 42 38 45 44 39 43 41 40  1  2  6  8  9  3  7  4  5 13 17 15 14 11 16 18 10 12
  3  2  4  9  8  1  5  7  6 15 16 10 11 17 13 12 14 18 20 25 21 19 27 22 26 24 23 29 30 34 36 28 31 35 32 33 41 45 43 42 39 44 37 38 40
 12 11 13 18 17 10 14 16 15 24 25 19 20 26 22 21 23 27 29 34 30 28 36 31 35 33 32 38 39 43 45 37 40 44 41 42  5  9  7  6  3  8  1  2  4
 30 29 31 36 35 28 32 34 33 42 43 37 38 44 40 39 41 45  2  7  3  1  9  4  8  6  5 11 12 16 18 10 13 17 14 15 23 27 25 24 21 26 19 20 22
 21 20 22 27 26 19 23 25 24 33 34 28 29 35 31 30 32 36 38 43 39 37 45 40 44 42 41  2  3  7  9  1  4  8  5  6 14 18 16 15 12 17 10 11 13
 39 38 40 45 44 37 41 43 42  6  7  1  2  8  4  3  5  9 11 16 12 10 18 13 17 15 14 20 21 25 27 19 22 26 23 24 32 36 34 33 30 35 28 29 31
 40 39 41 37 45 38 42 44 43  7  8  2  3  9  5  4  6  1 12 17 13 11 10 14 18 16 15 21 22 26 19 20 23 27 24 25 33 28 35 34 31 36 29 30 32
 13 12 14 10 18 11 15 17 16 25 26 20 21 27 23 22 24 19 30 35 31 29 28 32 36 34 33 39 40 44 37 38 41 45 42 43  6  1  8  7  4  9  2  3  5
 31 30 32 28 36 29 33 35 34 43 44 38 39 45 41 40 42 37  3  8  4  2  1  5  9  7  6 12 13 17 10 11 14 18 15 16 24 19 26 25 22 27 20 21 23
 22 21 23 19 27 20 24 26 25 34 35 29 30 36 32 31 33 28 39 44 40 38 37 41 45 43 42  3  4  8  1  2  5  9  6  7 15 10 17 16 13 18 11 12 14
  4  3  5  1  9  2  6  8  7 16 17 11 12 18 14 13 15 10 21 26 22 20 19 23 27 25 24 30 31 35 28 29 32 36 33 34 42 37 44 43 40 45 38 39 41
  5  4  6  2  1  3  7  9  8 17 18 12 13 10 15 14 16 11 22 27 23 21 20 24 19 26 25 31 32 36 29 30 33 28 34 35 43 38 45 44 41 37 39 40 42
 14 13 15 11 10 12 16 18 17 26 27 21 22 19 24 23 25 20 31 36 32 30 29 33 28 35 34 40 41 45 38 39 42 37 43 44  7  2  9  8  5  1  3  4  6
 32 31 33 29 28 30 34 36 35 44 45 39 40 37 42 41 43 38  4  9  5  3  2  6  1  8  7 13 14 18 11 12 15 10 16 17 25 20 27 26 23 19 21 22 24
 41 40 42 38 37 39 43 45 44  8  9  3  4  1  6  5  7  2 13 18 14 12 11 15 10 17 16 22 23 27 20 21 24 19 25 26 34 29 36 35 32 28 30 31 33
 23 22 24 20 19 21 25 27 26 35 36 30 31 28 33 32 34 29 40 45 41 39 38 42 37 44 43  4  5  9  2  3  6  1  7  8 16 11 18 17 14 10 12 13 15
 42 41 43 39 38 40 44 37 45  9  1  4  5  2  7  6  8  3 14 10 15 13 12 16 11 18 17 23 24 19 21 22 25 20 26 27 35 30 28 36 33 29 31 32 34
  6  5  7  3  2  4  8  1  9 18 10 13 14 11 16 15 17 12 23 19 24 22 21 25 20 27 26 32 33 28 30 31 34 29 35 36 44 39 37 45 42 38 40 41 43
 33 32 34 30 29 31 35 28 36 45 37 40 41 38 43 42 44 39  5  1  6  4  3  7  2  9  8 14 15 10 12 13 16 11 17 18 26 21 19 27 24 20 22 23 25
 15 14 16 12 11 13 17 10 18 27 19 22 23 20 25 24 26 21 32 28 33 31 30 34 29 36 35 41 42 37 39 40 43 38 44 45  8  3  1  9  6  2  4  5  7
 24 23 25 21 20 22 26 19 27 36 28 31 32 29 34 33 35 30 41 37 42 40 39 43 38 45 44  5  6  1  3  4  7  2  8  9 17 12 10 18 15 11 13 14 16
