 12 14 11 16 13  9 10 15 19 18 23 20 17 24 21 22 28 31 32 25 26 29 30 27 36 37 33 39 40 34 38 35 43 47 48 44 45 41 42 46 49 56 54 53 50 52 55 51 61 59 58 63 64 57 62 60 72 66 69 70 68 65 67 71  8  6  4  7  3  1  2  5
 20 22 19 24 21 17 18 23 27 26 31 28 25 32 29 30 36 39 40 33 34 37 38 35 44 45 41 47 48 42 46 43 51 55 56 52 53 49 50 54 57 64 62 61 58 60 63 59 69 67 66 71 72 65 70 68  8  2  5  6  4  1  3  7 16 14 12 15 11  9 10 13
 36 38 35 40 37 33 34 39 43 42 47 44 41 48 45 46 52 55 56 49 50 53 54 51 60 61 57 63 64 58 62 59 67 71 72 68 69 65 66 70  1  8  6  5  2  4  7  3 13 11 10 15 16  9 14 12 24 18 21 22 20 17 19 23 32 30 28 31 27 25 26 29
 60 62 59 64 61 57 58 63 67 66 71 68 65 72 69 70  4  7  8  1  2  5  6  3 12 13  9 15 16 10 14 11 19 23 24 20 21 17 18 22 25 32 30 29 26 28 31 27 37 35 34 39 40 33 38 36 48 42 45 46 44 41 43 47 56 54 52 55 51 49 50 53
 52 54 51 56 53 49 50 55 59 58 63 60 57 64 61 62 68 71 72 65 66 69 70 67  4  5  1  7  8  2  6  3 11 15 16 12 13  9 10 14 17 24 22 21 18 20 23 19 29 27 26 31 32 25 30 28 40 34 37 38 36 33 35 39 48 46 44 47 43 41 42 45
 44 46 43 48 45 41 42 47 51 50 55 52 49 56 53 54 60 63 64 57 58 61 62 59 68 69 65 71 72 66 70 67  3  7  8  4  5  1  2  6  9 16 14 13 10 12 15 11 21 19 18 23 24 17 22 20 32 26 29 30 28 25 27 31 40 38 36 39 35 33 34 37
 68 70 67 72 69 65 66 71  3  2  7  4  1  8  5  6 12 15 16  9 10 13 14 11 20 21 17 23 24 18 22 19 27 31 32 28 29 25 26 30 33 40 38 37 34 36 39 35 45 43 42 47 48 41 46 44 56 50 53 54 52 49 51 55 64 62 60 63 59 57 58 61
 28 30 27 32 29 25 26 31 35 34 39 36 33 40 37 38 44 47 48 41 42 45 46 43 52 53 49 55 56 50 54 51 59 63 64 60 61 57 58 62 65 72 70 69 66 68 71 67  5  3  2  7  8  1  6  4 16 10 13 14 12  9 11 15 24 22 20 23 19 17 18 21
  4  6  3  8  5  1  2  7 11 10 15 12  9 16 13 14 20 23 24 17 18 21 22 19 28 29 25 31 32 26 30 27 35 39 40 36 37 33 34 38 41 48 46 45 42 44 47 43 53 51 50 55 56 49 54 52 64 58 61 62 60 57 59 63 72 70 68 71 67 65 66 69
 29 31 28 25 30 26 27 32 36 35 40 37 34 33 38 39 45 48 41 42 43 46 47 44 53 54 50 56 49 51 55 52 60 64 57 61 62 58 59 63 66 65 71 70 67 69 72 68  6  4  3  8  1  2  7  5  9 11 14 15 13 10 12 16 17 23 21 24 20 18 19 22
 37 39 36 33 38 34 35 40 44 43 48 45 42 41 46 47 53 56 49 50 51 54 55 52 61 62 58 64 57 59 63 60 68 72 65 69 70 66 67 71  2  1  7  6  3  5  8  4 14 12 11 16  9 10 15 13 17 19 22 23 21 18 20 24 25 31 29 32 28 26 27 30
 13 15 12  9 14 10 11 16 20 19 24 21 18 17 22 23 29 32 25 26 27 30 31 28 37 38 34 40 33 35 39 36 44 48 41 45 46 42 43 47 50 49 55 54 51 53 56 52 62 60 59 64 57 58 63 61 65 67 70 71 69 66 68 72  1  7  5  8  4  2  3  6
 45 47 44 41 46 42 43 48 52 51 56 53 50 49 54 55 61 64 57 58 59 62 63 60 69 70 66 72 65 67 71 68  4  8  1  5  6  2  3  7 10  9 15 14 11 13 16 12 22 20 19 24 17 18 23 21 25 27 30 31 29 26 28 32 33 39 37 40 36 34 35 38
 69 71 68 65 70 66 67 72  4  3  8  5  2  1  6  7 13 16  9 10 11 14 15 12 21 22 18 24 17 19 23 20 28 32 25 29 30 26 27 31 34 33 39 38 35 37 40 36 46 44 43 48 41 42 47 45 49 51 54 55 53 50 52 56 57 63 61 64 60 58 59 62
 61 63 60 57 62 58 59 64 68 67 72 69 66 65 70 71  5  8  1  2  3  6  7  4 13 14 10 16  9 11 15 12 20 24 17 21 22 18 19 23 26 25 31 30 27 29 32 28 38 36 35 40 33 34 39 37 41 43 46 47 45 42 44 48 49 55 53 56 52 50 51 54
  5  7  4  1  6  2  3  8 12 11 16 13 10  9 14 15 21 24 17 18 19 22 23 20 29 30 26 32 25 27 31 28 36 40 33 37 38 34 35 39 42 41 47 46 43 45 48 44 54 52 51 56 49 50 55 53 57 59 62 63 61 58 60 64 65 71 69 72 68 66 67 70
 53 55 52 49 54 50 51 56 60 59 64 61 58 57 62 63 69 72 65 66 67 70 71 68  5  6  2  8  1  3  7  4 12 16  9 13 14 10 11 15 18 17 23 22 19 21 24 20 30 28 27 32 25 26 31 29 33 35 38 39 37 34 36 40 41 47 45 48 44 42 43 46
 21 23 20 17 22 18 19 24 28 27 32 29 26 25 30 31 37 40 33 34 35 38 39 36 45 46 42 48 41 43 47 44 52 56 49 53 54 50 51 55 58 57 63 62 59 61 64 60 70 68 67 72 65 66 71 69  1  3  6  7  5  2  4  8  9 15 13 16 12 10 11 14
 70 72 69 66 71 67 68 65  5  4  1  6  3  2  7  8 14  9 10 11 12 15 16 13 22 23 19 17 18 20 24 21 29 25 26 30 31 27 28 32 35 34 40 39 36 38 33 37 47 45 44 41 42 43 48 46 50 52 55 56 54 51 53 49 58 64 62 57 61 59 60 63
 14 16 13 10 15 11 12  9 21 20 17 22 19 18 23 24 30 25 26 27 28 31 32 29 38 39 35 33 34 36 40 37 45 41 42 46 47 43 44 48 51 50 56 55 52 54 49 53 63 61 60 57 58 59 64 62 66 68 71 72 70 67 69 65  2  8  6  1  5  3  4  7
 62 64 61 58 63 59 60 57 69 68 65 70 67 66 71 72  6  1  2  3  4  7  8  5 14 15 11  9 10 12 16 13 21 17 18 22 23 19 20 24 27 26 32 31 28 30 25 29 39 37 36 33 34 35 40 38 42 44 47 48 46 43 45 41 50 56 54 49 53 51 52 55
 30 32 29 26 31 27 28 25 37 36 33 38 35 34 39 40 46 41 42 43 44 47 48 45 54 55 51 49 50 52 56 53 61 57 58 62 63 59 60 64 67 66 72 71 68 70 65 69  7  5  4  1  2  3  8  6 10 12 15 16 14 11 13  9 18 24 22 17 21 19 20 23
 22 24 21 18 23 19 20 17 29 28 25 30 27 26 31 32 38 33 34 35 36 39 40 37 46 47 43 41 42 44 48 45 53 49 50 54 55 51 52 56 59 58 64 63 60 62 57 61 71 69 68 65 66 67 72 70  2  4  7  8  6  3  5  1 10 16 14  9 13 11 12 15
 46 48 45 42 47 43 44 41 53 52 49 54 51 50 55 56 62 57 58 59 60 63 64 61 70 71 67 65 66 68 72 69  5  1  2  6  7  3  4  8 11 10 16 15 12 14  9 13 23 21 20 17 18 19 24 22 26 28 31 32 30 27 29 25 34 40 38 33 37 35 36 39
 38 40 37 34 39 35 36 33 45 44 41 46 43 42 47 48 54 49 50 51 52 55 56 53 62 63 59 57 58 60 64 61 69 65 66 70 71 67 68 72  3  2  8  7  4  6  1  5 15 13 12  9 10 11 16 14 18 20 23 24 22 19 21 17 26 32 30 25 29 27 28 31
 54 56 53 50 55 51 52 49 61 60 57 62 59 58 63 64 70 65 66 67 68 71 72 69  6  7  3  1  2  4  8  5 13  9 10 14 15 11 12 16 19 18 24 23 20 22 17 21 31 29 28 25 26 27 32 30 34 36 39 40 38 35 37 33 42 48 46 41 45 43 44 47
  6  8  5  2  7  3  4  1 13 12  9 14 11 10 15 16 22 17 18 19 20 23 24 21 30 31 27 25 26 28 32 29 37 33 34 38 39 35 36 40 43 42 48 47 44 46 41 45 55 53 52 49 50 51 56 54 58 60 63 64 62 59 61 57 66 72 70 65 69 67 68 71
 23 17 22 19 24 20 21 18 30 29 26 31 28 27 32 25 39 34 35 36 37 40 33 38 47 48 44 42 43 45 41 46 54 50 51 55 56 52 53 49 60 59 57 64 61 63 58 62 72 70 69 66 67 68 65 71  3  5  8  1  7  4  6  2 11  9 15 10 14 12 13 16
 63 57 62 59 64 60 61 58 70 69 66 71 68 67 72 65  7  2  3  4  5  8  1  6 15 16 12 10 11 13  9 14 22 18 19 23 24 20 21 17 28 27 25 32 29 31 26 30 40 38 37 34 35 36 33 39 43 45 48 41 47 44 46 42 51 49 55 50 54 52 53 56
 71 65 70 67 72 68 69 66  6  5  2  7  4  3  8  1 15 10 11 12 13 16  9 14 23 24 20 18 19 21 17 22 30 26 27 31 32 28 29 25 36 35 33 40 37 39 34 38 48 46 45 42 43 44 41 47 51 53 56 49 55 52 54 50 59 57 63 58 62 60 61 64
 55 49 54 51 56 52 53 50 62 61 58 63 60 59 64 57 71 66 67 68 69 72 65 70  7  8  4  2  3  5  1  6 14 10 11 15 16 12 13  9 20 19 17 24 21 23 18 22 32 30 29 26 27 28 25 31 35 37 40 33 39 36 38 34 43 41 47 42 46 44 45 48
 31 25 30 27 32 28 29 26 38 37 34 39 36 35 40 33 47 42 43 44 45 48 41 46 55 56 52 50 51 53 49 54 62 58 59 63 64 60 61 57 68 67 65 72 69 71 66 70  8  6  5  2  3  4  1  7 11 13 16  9 15 12 14 10 19 17 23 18 22 20 21 24
 15  9 14 11 16 12 13 10 22 21 18 23 20 19 24 17 31 26 27 28 29 32 25 30 39 40 36 34 35 37 33 38 46 42 43 47 48 44 45 41 52 51 49 56 53 55 50 54 64 62 61 58 59 60 57 63 67 69 72 65 71 68 70 66  3  1  7  2  6  4  5  8
 39 33 38 35 40 36 37 34 46 45 42 47 44 43 48 41 55 50 51 52 53 56 49 54 63 64 60 58 59 61 57 62 70 66 67 71 72 68 69 65  4  3  1  8  5  7  2  6 16 14 13 10 11 12  9 15 19 21 24 17 23 20 22 18 27 25 31 26 30 28 29 32
 47 41 46 43 48 44 45 42 54 53 50 55 52 51 56 49 63 58 59 60 61 64 57 62 71 72 68 66 67 69 65 70  6  2  3  7  8  4  5  1 12 11  9 16 13 15 10 14 24 22 21 18 19 20 17 23 27 29 32 25 31 28 30 26 35 33 39 34 38 36 37 40
  7  1  6  3  8  4  5  2 14 13 10 15 12 11 16  9 23 18 19 20 21 24 17 22 31 32 28 26 27 29 25 30 38 34 35 39 40 36 37 33 44 43 41 48 45 47 42 46 56 54 53 50 51 52 49 55 59 61 64 57 63 60 62 58 67 65 71 66 70 68 69 72
 40 34 39 36 33 37 38 35 47 46 43 48 45 44 41 42 56 51 52 53 54 49 50 55 64 57 61 59 60 62 58 63 71 67 68 72 65 69 70 66  5  4  2  1  6  8  3  7  9 15 14 11 12 13 10 16 20 22 17 18 24 21 23 19 28 26 32 27 31 29 30 25
 56 50 55 52 49 53 54 51 63 62 59 64 61 60 57 58 72 67 68 69 70 65 66 71  8  1  5  3  4  6  2  7 15 11 12 16  9 13 14 10 21 20 18 17 22 24 19 23 25 31 30 27 28 29 26 32 36 38 33 34 40 37 39 35 44 42 48 43 47 45 46 41
 48 42 47 44 41 45 46 43 55 54 51 56 53 52 49 50 64 59 60 61 62 57 58 63 72 65 69 67 68 70 66 71  7  3  4  8  1  5  6  2 13 12 10  9 14 16 11 15 17 23 22 19 20 21 18 24 28 30 25 26 32 29 31 27 36 34 40 35 39 37 38 33
 24 18 23 20 17 21 22 19 31 30 27 32 29 28 25 26 40 35 36 37 38 33 34 39 48 41 45 43 44 46 42 47 55 51 52 56 49 53 54 50 61 60 58 57 62 64 59 63 65 71 70 67 68 69 66 72  4  6  1  2  8  5  7  3 12 10 16 11 15 13 14  9
  8  2  7  4  1  5  6  3 15 14 11 16 13 12  9 10 24 19 20 21 22 17 18 23 32 25 29 27 28 30 26 31 39 35 36 40 33 37 38 34 45 44 42 41 46 48 43 47 49 55 54 51 52 53 50 56 60 62 57 58 64 61 63 59 68 66 72 67 71 69 70 65
 32 26 31 28 25 29 30 27 39 38 35 40 37 36 33 34 48 43 44 45 46 41 42 47 56 49 53 51 52 54 50 55 63 59 60 64 57 61 62 58 69 68 66 65 70 72 67 71  1  7  6  3  4  5  2  8 12 14  9 10 16 13 15 11 20 18 24 19 23 21 22 17
 64 58 63 60 57 61 62 59 71 70 67 72 69 68 65 66  8  3  4  5  6  1  2  7 16  9 13 11 12 14 10 15 23 19 20 24 17 21 22 18 29 28 26 25 30 32 27 31 33 39 38 35 36 37 34 40 44 46 41 42 48 45 47 43 52 50 56 51 55 53 54 49
 16 10 15 12  9 13 14 11 23 22 19 24 21 20 17 18 32 27 28 29 30 25 26 31 40 33 37 35 36 38 34 39 47 43 44 48 41 45 46 42 53 52 50 49 54 56 51 55 57 63 62 59 60 61 58 64 68 70 65 66 72 69 71 67  4  2  8  3  7  5  6  1
 72 66 71 68 65 69 70 67  7  6  3  8  5  4  1  2 16 11 12 13 14  9 10 15 24 17 21 19 20 22 18 23 31 27 28 32 25 29 30 26 37 36 34 33 38 40 35 39 41 47 46 43 44 45 42 48 52 54 49 50 56 53 55 51 60 58 64 59 63 61 62 57
 57 59 64 61 58 62 63 60 72 71 68 65 70 69 66 67  1  4  5  6  7  2  3  8  9 10 14 12 13 15 11 16 24 20 21 17 18 22 23 19 30 29 27 26 31 25 28 32 34 40 39 36 37 38 35 33 45 47 42 43 41 46 48 44 53 51 49 52 56 54 55 50
 41 43 48 45 42 46 47 44 56 55 52 49 54 53 50 51 57 60 61 62 63 58 59 64 65 66 70 68 69 71 67 72  8  4  5  1  2  6  7  3 14 13 11 10 15  9 12 16 18 24 23 20 21 22 19 17 29 31 26 27 25 30 32 28 37 35 33 36 40 38 39 34
 25 27 32 29 26 30 31 28 40 39 36 33 38 37 34 35 41 44 45 46 47 42 43 48 49 50 54 52 53 55 51 56 64 60 61 57 58 62 63 59 70 69 67 66 71 65 68 72  2  8  7  4  5  6  3  1 13 15 10 11  9 14 16 12 21 19 17 20 24 22 23 18
  1  3  8  5  2  6  7  4 16 15 12  9 14 13 10 11 17 20 21 22 23 18 19 24 25 26 30 28 29 31 27 32 40 36 37 33 34 38 39 35 46 45 43 42 47 41 44 48 50 56 55 52 53 54 51 49 61 63 58 59 57 62 64 60 69 67 65 68 72 70 71 66
 17 19 24 21 18 22 23 20 32 31 28 25 30 29 26 27 33 36 37 38 39 34 35 40 41 42 46 44 45 47 43 48 56 52 53 49 50 54 55 51 62 61 59 58 63 57 60 64 66 72 71 68 69 70 67 65  5  7  2  3  1  6  8  4 13 11  9 12 16 14 15 10
 33 35 40 37 34 38 39 36 48 47 44 41 46 45 42 43 49 52 53 54 55 50 51 56 57 58 62 60 61 63 59 64 72 68 69 65 66 70 71 67  6  5  3  2  7  1  4  8 10 16 15 12 13 14 11  9 21 23 18 19 17 22 24 20 29 27 25 28 32 30 31 26
 65 67 72 69 66 70 71 68  8  7  4  1  6  5  2  3  9 12 13 14 15 10 11 16 17 18 22 20 21 23 19 24 32 28 29 25 26 30 31 27 38 37 35 34 39 33 36 40 42 48 47 44 45 46 43 41 53 55 50 51 49 54 56 52 61 59 57 60 64 62 63 58
  9 11 16 13 10 14 15 12 24 23 20 17 22 21 18 19 25 28 29 30 31 26 27 32 33 34 38 36 37 39 35 40 48 44 45 41 42 46 47 43 54 53 51 50 55 49 52 56 58 64 63 60 61 62 59 57 69 71 66 67 65 70 72 68  5  3  1  4  8  6  7  2
 49 51 56 53 50 54 55 52 64 63 60 57 62 61 58 59 65 68 69 70 71 66 67 72  1  2  6  4  5  7  3  8 16 12 13  9 10 14 15 11 22 21 19 18 23 17 20 24 26 32 31 28 29 30 27 25 37 39 34 35 33 38 40 36 45 43 41 44 48 46 47 42
 18 20 17 22 19 23 24 21 25 32 29 26 31 30 27 28 34 37 38 39 40 35 36 33 42 43 47 45 46 48 44 41 49 53 54 50 51 55 56 52 63 62 60 59 64 58 61 57 67 65 72 69 70 71 68 66  6  8  3  4  2  7  1  5 14 12 10 13  9 15 16 11
 10 12  9 14 11 15 16 13 17 24 21 18 23 22 19 20 26 29 30 31 32 27 28 25 34 35 39 37 38 40 36 33 41 45 46 42 43 47 48 44 55 54 52 51 56 50 53 49 59 57 64 61 62 63 60 58 70 72 67 68 66 71 65 69  6  4  2  5  1  7  8  3
 66 68 65 70 67 71 72 69  1  8  5  2  7  6  3  4 10 13 14 15 16 11 12  9 18 19 23 21 22 24 20 17 25 29 30 26 27 31 32 28 39 38 36 35 40 34 37 33 43 41 48 45 46 47 44 42 54 56 51 52 50 55 49 53 62 60 58 61 57 63 64 59
 42 44 41 46 43 47 48 45 49 56 53 50 55 54 51 52 58 61 62 63 64 59 60 57 66 67 71 69 70 72 68 65  1  5  6  2  3  7  8  4 15 14 12 11 16 10 13  9 19 17 24 21 22 23 20 18 30 32 27 28 26 31 25 29 38 36 34 37 33 39 40 35
 50 52 49 54 51 55 56 53 57 64 61 58 63 62 59 60 66 69 70 71 72 67 68 65  2  3  7  5  6  8  4  1  9 13 14 10 11 15 16 12 23 22 20 19 24 18 21 17 27 25 32 29 30 31 28 26 38 40 35 36 34 39 33 37 46 44 42 45 41 47 48 43
 34 36 33 38 35 39 40 37 41 48 45 42 47 46 43 44 50 53 54 55 56 51 52 49 58 59 63 61 62 64 60 57 65 69 70 66 67 71 72 68  7  6  4  3  8  2  5  1 11  9 16 13 14 15 12 10 22 24 19 20 18 23 17 21 30 28 26 29 25 31 32 27
  2  4  1  6  3  7  8  5  9 16 13 10 15 14 11 12 18 21 22 23 24 19 20 17 26 27 31 29 30 32 28 25 33 37 38 34 35 39 40 36 47 46 44 43 48 42 45 41 51 49 56 53 54 55 52 50 62 64 59 60 58 63 57 61 70 68 66 69 65 71 72 67
 26 28 25 30 27 31 32 29 33 40 37 34 39 38 35 36 42 45 46 47 48 43 44 41 50 51 55 53 54 56 52 49 57 61 62 58 59 63 64 60 71 70 68 67 72 66 69 65  3  1  8  5  6  7  4  2 14 16 11 12 10 15  9 13 22 20 18 21 17 23 24 19
 58 60 57 62 59 63 64 61 65 72 69 66 71 70 67 68  2  5  6  7  8  3  4  1 10 11 15 13 14 16 12  9 17 21 22 18 19 23 24 20 31 30 28 27 32 26 29 25 35 33 40 37 38 39 36 34 46 48 43 44 42 47 41 45 54 52 50 53 49 55 56 51
 51 53 50 55 52 56 49 54 58 57 62 59 64 63 60 61 67 70 71 72 65 68 69 66  3  4  8  6  7  1  5  2 10 14 15 11 12 16  9 13 24 23 21 20 17 19 22 18 28 26 25 30 31 32 29 27 39 33 36 37 35 40 34 38 47 45 43 46 42 48 41 44
 35 37 34 39 36 40 33 38 42 41 46 43 48 47 44 45 51 54 55 56 49 52 53 50 59 60 64 62 63 57 61 58 66 70 71 67 68 72 65 69  8  7  5  4  1  3  6  2 12 10  9 14 15 16 13 11 23 17 20 21 19 24 18 22 31 29 27 30 26 32 25 28
 67 69 66 71 68 72 65 70  2  1  6  3  8  7  4  5 11 14 15 16  9 12 13 10 19 20 24 22 23 17 21 18 26 30 31 27 28 32 25 29 40 39 37 36 33 35 38 34 44 42 41 46 47 48 45 43 55 49 52 53 51 56 50 54 63 61 59 62 58 64 57 60
 27 29 26 31 28 32 25 30 34 33 38 35 40 39 36 37 43 46 47 48 41 44 45 42 51 52 56 54 55 49 53 50 58 62 63 59 60 64 57 61 72 71 69 68 65 67 70 66  4  2  1  6  7  8  5  3 15  9 12 13 11 16 10 14 23 21 19 22 18 24 17 20
 43 45 42 47 44 48 41 46 50 49 54 51 56 55 52 53 59 62 63 64 57 60 61 58 67 68 72 70 71 65 69 66  2  6  7  3  4  8  1  5 16 15 13 12  9 11 14 10 20 18 17 22 23 24 21 19 31 25 28 29 27 32 26 30 39 37 35 38 34 40 33 36
  3  5  2  7  4  8  1  6 10  9 14 11 16 15 12 13 19 22 23 24 17 20 21 18 27 28 32 30 31 25 29 26 34 38 39 35 36 40 33 37 48 47 45 44 41 43 46 42 52 50 49 54 55 56 53 51 63 57 60 61 59 64 58 62 71 69 67 70 66 72 65 68
 59 61 58 63 60 64 57 62 66 65 70 67 72 71 68 69  3  6  7  8  1  4  5  2 11 12 16 14 15  9 13 10 18 22 23 19 20 24 17 21 32 31 29 28 25 27 30 26 36 34 33 38 39 40 37 35 47 41 44 45 43 48 42 46 55 53 51 54 50 56 49 52
 19 21 18 23 20 24 17 22 26 25 30 27 32 31 28 29 35 38 39 40 33 36 37 34 43 44 48 46 47 41 45 42 50 54 55 51 52 56 49 53 64 63 61 60 57 59 62 58 68 66 65 70 71 72 69 67  7  1  4  5  3  8  2  6 15 13 11 14 10 16  9 12
 11 13 10 15 12 16  9 14 18 17 22 19 24 23 20 21 27 30 31 32 25 28 29 26 35 36 40 38 39 33 37 34 42 46 47 43 44 48 41 45 56 55 53 52 49 51 54 50 60 58 57 62 63 64 61 59 71 65 68 69 67 72 66 70  7  5  3  6  2  8  1  4
