 13 11 14 10 16 15  9 12 17 20 23 22 19 18 24 21 32 28 27 30 31 29 25 26 33 35 37 39 34 36 40 38 42 41 47 46 48 43 44 45 56 54 55 53 49 51 50 52 63 64 61 58 60 62 57 59 71 68 67 72 66 65 70 69  6  7  4  3  2  1  8  5
 21 19 22 18 24 23 17 20 25 28 31 30 27 26 32 29 40 36 35 38 39 37 33 34 41 43 45 47 42 44 48 46 50 49 55 54 56 51 52 53 64 62 63 61 57 59 58 60 71 72 69 66 68 70 65 67  7  4  3  8  2  1  6  5 14 15 12 11 10  9 16 13
 45 43 46 42 48 47 41 44 49 52 55 54 51 50 56 53 64 60 59 62 63 61 57 58 65 67 69 71 66 68 72 70  2  1  7  6  8  3  4  5 16 14 15 13  9 11 10 12 23 24 21 18 20 22 17 19 31 28 27 32 26 25 30 29 38 39 36 35 34 33 40 37
 53 51 54 50 56 55 49 52 57 60 63 62 59 58 64 61 72 68 67 70 71 69 65 66  1  3  5  7  2  4  8  6 10  9 15 14 16 11 12 13 24 22 23 21 17 19 18 20 31 32 29 26 28 30 25 27 39 36 35 40 34 33 38 37 46 47 44 43 42 41 48 45
 29 27 30 26 32 31 25 28 33 36 39 38 35 34 40 37 48 44 43 46 47 45 41 42 49 51 53 55 50 52 56 54 58 57 63 62 64 59 60 61 72 70 71 69 65 67 66 68  7  8  5  2  4  6  1  3 15 12 11 16 10  9 14 13 22 23 20 19 18 17 24 21
 37 35 38 34 40 39 33 36 41 44 47 46 43 42 48 45 56 52 51 54 55 53 49 50 57 59 61 63 58 60 64 62 66 65 71 70 72 67 68 69  8  6  7  5  1  3  2  4 15 16 13 10 12 14  9 11 23 20 19 24 18 17 22 21 30 31 28 27 26 25 32 29
 69 67 70 66 72 71 65 68  1  4  7  6  3  2  8  5 16 12 11 14 15 13  9 10 17 19 21 23 18 20 24 22 26 25 31 30 32 27 28 29 40 38 39 37 33 35 34 36 47 48 45 42 44 46 41 43 55 52 51 56 50 49 54 53 62 63 60 59 58 57 64 61
  5  3  6  2  8  7  1  4  9 12 15 14 11 10 16 13 24 20 19 22 23 21 17 18 25 27 29 31 26 28 32 30 34 33 39 38 40 35 36 37 48 46 47 45 41 43 42 44 55 56 53 50 52 54 49 51 63 60 59 64 58 57 62 61 70 71 68 67 66 65 72 69
 61 59 62 58 64 63 57 60 65 68 71 70 67 66 72 69  8  4  3  6  7  5  1  2  9 11 13 15 10 12 16 14 18 17 23 22 24 19 20 21 32 30 31 29 25 27 26 28 39 40 37 34 36 38 33 35 47 44 43 48 42 41 46 45 54 55 52 51 50 49 56 53
 14 12 15 11  9 16 10 13 18 21 24 23 20 19 17 22 25 29 28 31 32 30 26 27 34 36 38 40 35 37 33 39 43 42 48 47 41 44 45 46 49 55 56 54 50 52 51 53 64 57 62 59 61 63 58 60 72 69 68 65 67 66 71 70  7  8  5  4  3  2  1  6
 30 28 31 27 25 32 26 29 34 37 40 39 36 35 33 38 41 45 44 47 48 46 42 43 50 52 54 56 51 53 49 55 59 58 64 63 57 60 61 62 65 71 72 70 66 68 67 69  8  1  6  3  5  7  2  4 16 13 12  9 11 10 15 14 23 24 21 20 19 18 17 22
  6  4  7  3  1  8  2  5 10 13 16 15 12 11  9 14 17 21 20 23 24 22 18 19 26 28 30 32 27 29 25 31 35 34 40 39 33 36 37 38 41 47 48 46 42 44 43 45 56 49 54 51 53 55 50 52 64 61 60 57 59 58 63 62 71 72 69 68 67 66 65 70
 22 20 23 19 17 24 18 21 26 29 32 31 28 27 25 30 33 37 36 39 40 38 34 35 42 44 46 48 43 45 41 47 51 50 56 55 49 52 53 54 57 63 64 62 58 60 59 61 72 65 70 67 69 71 66 68  8  5  4  1  3  2  7  6 15 16 13 12 11 10  9 14
 38 36 39 35 33 40 34 37 42 45 48 47 44 43 41 46 49 53 52 55 56 54 50 51 58 60 62 64 59 61 57 63 67 66 72 71 65 68 69 70  1  7  8  6  2  4  3  5 16  9 14 11 13 15 10 12 24 21 20 17 19 18 23 22 31 32 29 28 27 26 25 30
 46 44 47 43 41 48 42 45 50 53 56 55 52 51 49 54 57 61 60 63 64 62 58 59 66 68 70 72 67 69 65 71  3  2  8  7  1  4  5  6  9 15 16 14 10 12 11 13 24 17 22 19 21 23 18 20 32 29 28 25 27 26 31 30 39 40 37 36 35 34 33 38
 54 52 55 51 49 56 50 53 58 61 64 63 60 59 57 62 65 69 68 71 72 70 66 67  2  4  6  8  3  5  1  7 11 10 16 15  9 12 13 14 17 23 24 22 18 20 19 21 32 25 30 27 29 31 26 28 40 37 36 33 35 34 39 38 47 48 45 44 43 42 41 46
 62 60 63 59 57 64 58 61 66 69 72 71 68 67 65 70  1  5  4  7  8  6  2  3 10 12 14 16 11 13  9 15 19 18 24 23 17 20 21 22 25 31 32 30 26 28 27 29 40 33 38 35 37 39 34 36 48 45 44 41 43 42 47 46 55 56 53 52 51 50 49 54
 70 68 71 67 65 72 66 69  2  5  8  7  4  3  1  6  9 13 12 15 16 14 10 11 18 20 22 24 19 21 17 23 27 26 32 31 25 28 29 30 33 39 40 38 34 36 35 37 48 41 46 43 45 47 42 44 56 53 52 49 51 50 55 54 63 64 61 60 59 58 57 62
 39 37 40 36 34 33 35 38 43 46 41 48 45 44 42 47 50 54 53 56 49 55 51 52 59 61 63 57 60 62 58 64 68 67 65 72 66 69 70 71  2  8  1  7  3  5  4  6  9 10 15 12 14 16 11 13 17 22 21 18 20 19 24 23 32 25 30 29 28 27 26 31
 31 29 32 28 26 25 27 30 35 38 33 40 37 36 34 39 42 46 45 48 41 47 43 44 51 53 55 49 52 54 50 56 60 59 57 64 58 61 62 63 66 72 65 71 67 69 68 70  1  2  7  4  6  8  3  5  9 14 13 10 12 11 16 15 24 17 22 21 20 19 18 23
 23 21 24 20 18 17 19 22 27 30 25 32 29 28 26 31 34 38 37 40 33 39 35 36 43 45 47 41 44 46 42 48 52 51 49 56 50 53 54 55 58 64 57 63 59 61 60 62 65 66 71 68 70 72 67 69  1  6  5  2  4  3  8  7 16  9 14 13 12 11 10 15
 71 69 72 68 66 65 67 70  3  6  1  8  5  4  2  7 10 14 13 16  9 15 11 12 19 21 23 17 20 22 18 24 28 27 25 32 26 29 30 31 34 40 33 39 35 37 36 38 41 42 47 44 46 48 43 45 49 54 53 50 52 51 56 55 64 57 62 61 60 59 58 63
 47 45 48 44 42 41 43 46 51 54 49 56 53 52 50 55 58 62 61 64 57 63 59 60 67 69 71 65 68 70 66 72  4  3  1  8  2  5  6  7 10 16  9 15 11 13 12 14 17 18 23 20 22 24 19 21 25 30 29 26 28 27 32 31 40 33 38 37 36 35 34 39
 55 53 56 52 50 49 51 54 59 62 57 64 61 60 58 63 66 70 69 72 65 71 67 68  3  5  7  1  4  6  2  8 12 11  9 16 10 13 14 15 18 24 17 23 19 21 20 22 25 26 31 28 30 32 27 29 33 38 37 34 36 35 40 39 48 41 46 45 44 43 42 47
  7  5  8  4  2  1  3  6 11 14  9 16 13 12 10 15 18 22 21 24 17 23 19 20 27 29 31 25 28 30 26 32 36 35 33 40 34 37 38 39 42 48 41 47 43 45 44 46 49 50 55 52 54 56 51 53 57 62 61 58 60 59 64 63 72 65 70 69 68 67 66 71
 15 13 16 12 10  9 11 14 19 22 17 24 21 20 18 23 26 30 29 32 25 31 27 28 35 37 39 33 36 38 34 40 44 43 41 48 42 45 46 47 50 56 49 55 51 53 52 54 57 58 63 60 62 64 59 61 65 70 69 66 68 67 72 71  8  1  6  5  4  3  2  7
 63 61 64 60 58 57 59 62 67 70 65 72 69 68 66 71  2  6  5  8  1  7  3  4 11 13 15  9 12 14 10 16 20 19 17 24 18 21 22 23 26 32 25 31 27 29 28 30 33 34 39 36 38 40 35 37 41 46 45 42 44 43 48 47 56 49 54 53 52 51 50 55
 24 22 17 21 19 18 20 23 28 31 26 25 30 29 27 32 35 39 38 33 34 40 36 37 44 46 48 42 45 47 43 41 53 52 50 49 51 54 55 56 59 57 58 64 60 62 61 63 66 67 72 69 71 65 68 70  2  7  6  3  5  4  1  8  9 10 15 14 13 12 11 16
 64 62 57 61 59 58 60 63 68 71 66 65 70 69 67 72  3  7  6  1  2  8  4  5 12 14 16 10 13 15 11  9 21 20 18 17 19 22 23 24 27 25 26 32 28 30 29 31 34 35 40 37 39 33 36 38 42 47 46 43 45 44 41 48 49 50 55 54 53 52 51 56
 72 70 65 69 67 66 68 71  4  7  2  1  6  5  3  8 11 15 14  9 10 16 12 13 20 22 24 18 21 23 19 17 29 28 26 25 27 30 31 32 35 33 34 40 36 38 37 39 42 43 48 45 47 41 44 46 50 55 54 51 53 52 49 56 57 58 63 62 61 60 59 64
 48 46 41 45 43 42 44 47 52 55 50 49 54 53 51 56 59 63 62 57 58 64 60 61 68 70 72 66 69 71 67 65  5  4  2  1  3  6  7  8 11  9 10 16 12 14 13 15 18 19 24 21 23 17 20 22 26 31 30 27 29 28 25 32 33 34 39 38 37 36 35 40
 56 54 49 53 51 50 52 55 60 63 58 57 62 61 59 64 67 71 70 65 66 72 68 69  4  6  8  2  5  7  3  1 13 12 10  9 11 14 15 16 19 17 18 24 20 22 21 23 26 27 32 29 31 25 28 30 34 39 38 35 37 36 33 40 41 42 47 46 45 44 43 48
 40 38 33 37 35 34 36 39 44 47 42 41 46 45 43 48 51 55 54 49 50 56 52 53 60 62 64 58 61 63 59 57 69 68 66 65 67 70 71 72  3  1  2  8  4  6  5  7 10 11 16 13 15  9 12 14 18 23 22 19 21 20 17 24 25 26 31 30 29 28 27 32
  8  6  1  5  3  2  4  7 12 15 10  9 14 13 11 16 19 23 22 17 18 24 20 21 28 30 32 26 29 31 27 25 37 36 34 33 35 38 39 40 43 41 42 48 44 46 45 47 50 51 56 53 55 49 52 54 58 63 62 59 61 60 57 64 65 66 71 70 69 68 67 72
 16 14  9 13 11 10 12 15 20 23 18 17 22 21 19 24 27 31 30 25 26 32 28 29 36 38 40 34 37 39 35 33 45 44 42 41 43 46 47 48 51 49 50 56 52 54 53 55 58 59 64 61 63 57 60 62 66 71 70 67 69 68 65 72  1  2  7  6  5  4  3  8
 32 30 25 29 27 26 28 31 36 39 34 33 38 37 35 40 43 47 46 41 42 48 44 45 52 54 56 50 53 55 51 49 61 60 58 57 59 62 63 64 67 65 66 72 68 70 69 71  2  3  8  5  7  1  4  6 10 15 14 11 13 12  9 16 17 18 23 22 21 20 19 24
 57 63 58 62 60 59 61 64 69 72 67 66 71 70 68 65  4  8  7  2  3  1  5  6 13 15  9 11 14 16 12 10 22 21 19 18 20 23 24 17 28 26 27 25 29 31 30 32 35 36 33 38 40 34 37 39 43 48 47 44 46 45 42 41 50 51 56 55 54 53 52 49
 49 55 50 54 52 51 53 56 61 64 59 58 63 62 60 57 68 72 71 66 67 65 69 70  5  7  1  3  6  8  4  2 14 13 11 10 12 15 16  9 20 18 19 17 21 23 22 24 27 28 25 30 32 26 29 31 35 40 39 36 38 37 34 33 42 43 48 47 46 45 44 41
  1  7  2  6  4  3  5  8 13 16 11 10 15 14 12  9 20 24 23 18 19 17 21 22 29 31 25 27 30 32 28 26 38 37 35 34 36 39 40 33 44 42 43 41 45 47 46 48 51 52 49 54 56 50 53 55 59 64 63 60 62 61 58 57 66 67 72 71 70 69 68 65
 41 47 42 46 44 43 45 48 53 56 51 50 55 54 52 49 60 64 63 58 59 57 61 62 69 71 65 67 70 72 68 66  6  5  3  2  4  7  8  1 12 10 11  9 13 15 14 16 19 20 17 22 24 18 21 23 27 32 31 28 30 29 26 25 34 35 40 39 38 37 36 33
  9 15 10 14 12 11 13 16 21 24 19 18 23 22 20 17 28 32 31 26 27 25 29 30 37 39 33 35 38 40 36 34 46 45 43 42 44 47 48 41 52 50 51 49 53 55 54 56 59 60 57 62 64 58 61 63 67 72 71 68 70 69 66 65  2  3  8  7  6  5  4  1
 33 39 34 38 36 35 37 40 45 48 43 42 47 46 44 41 52 56 55 50 51 49 53 54 61 63 57 59 62 64 60 58 70 69 67 66 68 71 72 65  4  2  3  1  5  7  6  8 11 12  9 14 16 10 13 15 19 24 23 20 22 21 18 17 26 27 32 31 30 29 28 25
 25 31 26 30 28 27 29 32 37 40 35 34 39 38 36 33 44 48 47 42 43 41 45 46 53 55 49 51 54 56 52 50 62 61 59 58 60 63 64 57 68 66 67 65 69 71 70 72  3  4  1  6  8  2  5  7 11 16 15 12 14 13 10  9 18 19 24 23 22 21 20 17
 65 71 66 70 68 67 69 72  5  8  3  2  7  6  4  1 12 16 15 10 11  9 13 14 21 23 17 19 22 24 20 18 30 29 27 26 28 31 32 25 36 34 35 33 37 39 38 40 43 44 41 46 48 42 45 47 51 56 55 52 54 53 50 49 58 59 64 63 62 61 60 57
 17 23 18 22 20 19 21 24 29 32 27 26 31 30 28 25 36 40 39 34 35 33 37 38 45 47 41 43 46 48 44 42 54 53 51 50 52 55 56 49 60 58 59 57 61 63 62 64 67 68 65 70 72 66 69 71  3  8  7  4  6  5  2  1 10 11 16 15 14 13 12  9
 66 72 67 71 69 68 70 65  6  1  4  3  8  7  5  2 13  9 16 11 12 10 14 15 22 24 18 20 23 17 21 19 31 30 28 27 29 32 25 26 37 35 36 34 38 40 39 33 44 45 42 47 41 43 46 48 52 49 56 53 55 54 51 50 59 60 57 64 63 62 61 58
 42 48 43 47 45 44 46 41 54 49 52 51 56 55 53 50 61 57 64 59 60 58 62 63 70 72 66 68 71 65 69 67  7  6  4  3  5  8  1  2 13 11 12 10 14 16 15  9 20 21 18 23 17 19 22 24 28 25 32 29 31 30 27 26 35 36 33 40 39 38 37 34
 18 24 19 23 21 20 22 17 30 25 28 27 32 31 29 26 37 33 40 35 36 34 38 39 46 48 42 44 47 41 45 43 55 54 52 51 53 56 49 50 61 59 60 58 62 64 63 57 68 69 66 71 65 67 70 72  4  1  8  5  7  6  3  2 11 12  9 16 15 14 13 10
 34 40 35 39 37 36 38 33 46 41 44 43 48 47 45 42 53 49 56 51 52 50 54 55 62 64 58 60 63 57 61 59 71 70 68 67 69 72 65 66  5  3  4  2  6  8  7  1 12 13 10 15  9 11 14 16 20 17 24 21 23 22 19 18 27 28 25 32 31 30 29 26
  2  8  3  7  5  4  6  1 14  9 12 11 16 15 13 10 21 17 24 19 20 18 22 23 30 32 26 28 31 25 29 27 39 38 36 35 37 40 33 34 45 43 44 42 46 48 47 41 52 53 50 55 49 51 54 56 60 57 64 61 63 62 59 58 67 68 65 72 71 70 69 66
 26 32 27 31 29 28 30 25 38 33 36 35 40 39 37 34 45 41 48 43 44 42 46 47 54 56 50 52 55 49 53 51 63 62 60 59 61 64 57 58 69 67 68 66 70 72 71 65  4  5  2  7  1  3  6  8 12  9 16 13 15 14 11 10 19 20 17 24 23 22 21 18
 50 56 51 55 53 52 54 49 62 57 60 59 64 63 61 58 69 65 72 67 68 66 70 71  6  8  2  4  7  1  5  3 15 14 12 11 13 16  9 10 21 19 20 18 22 24 23 17 28 29 26 31 25 27 30 32 36 33 40 37 39 38 35 34 43 44 41 48 47 46 45 42
 10 16 11 15 13 12 14  9 22 17 20 19 24 23 21 18 29 25 32 27 28 26 30 31 38 40 34 36 39 33 37 35 47 46 44 43 45 48 41 42 53 51 52 50 54 56 55 49 60 61 58 63 57 59 62 64 68 65 72 69 71 70 67 66  3  4  1  8  7  6  5  2
 58 64 59 63 61 60 62 57 70 65 68 67 72 71 69 66  5  1  8  3  4  2  6  7 14 16 10 12 15  9 13 11 23 22 20 19 21 24 17 18 29 27 28 26 30 32 31 25 36 37 34 39 33 35 38 40 44 41 48 45 47 46 43 42 51 52 49 56 55 54 53 50
 51 49 52 56 54 53 55 50 63 58 61 60 57 64 62 59 70 66 65 68 69 67 71 72  7  1  3  5  8  2  6  4 16 15 13 12 14  9 10 11 22 20 21 19 23 17 24 18 29 30 27 32 26 28 31 25 37 34 33 38 40 39 36 35 44 45 42 41 48 47 46 43
  3  1  4  8  6  5  7  2 15 10 13 12  9 16 14 11 22 18 17 20 21 19 23 24 31 25 27 29 32 26 30 28 40 39 37 36 38 33 34 35 46 44 45 43 47 41 48 42 53 54 51 56 50 52 55 49 61 58 57 62 64 63 60 59 68 69 66 65 72 71 70 67
 67 65 68 72 70 69 71 66  7  2  5  4  1  8  6  3 14 10  9 12 13 11 15 16 23 17 19 21 24 18 22 20 32 31 29 28 30 25 26 27 38 36 37 35 39 33 40 34 45 46 43 48 42 44 47 41 53 50 49 54 56 55 52 51 60 61 58 57 64 63 62 59
 19 17 20 24 22 21 23 18 31 26 29 28 25 32 30 27 38 34 33 36 37 35 39 40 47 41 43 45 48 42 46 44 56 55 53 52 54 49 50 51 62 60 61 59 63 57 64 58 69 70 67 72 66 68 71 65  5  2  1  6  8  7  4  3 12 13 10  9 16 15 14 11
 11  9 12 16 14 13 15 10 23 18 21 20 17 24 22 19 30 26 25 28 29 27 31 32 39 33 35 37 40 34 38 36 48 47 45 44 46 41 42 43 54 52 53 51 55 49 56 50 61 62 59 64 58 60 63 57 69 66 65 70 72 71 68 67  4  5  2  1  8  7  6  3
 59 57 60 64 62 61 63 58 71 66 69 68 65 72 70 67  6  2  1  4  5  3  7  8 15  9 11 13 16 10 14 12 24 23 21 20 22 17 18 19 30 28 29 27 31 25 32 26 37 38 35 40 34 36 39 33 45 42 41 46 48 47 44 43 52 53 50 49 56 55 54 51
 27 25 28 32 30 29 31 26 39 34 37 36 33 40 38 35 46 42 41 44 45 43 47 48 55 49 51 53 56 50 54 52 64 63 61 60 62 57 58 59 70 68 69 67 71 65 72 66  5  6  3  8  2  4  7  1 13 10  9 14 16 15 12 11 20 21 18 17 24 23 22 19
 35 33 36 40 38 37 39 34 47 42 45 44 41 48 46 43 54 50 49 52 53 51 55 56 63 57 59 61 64 58 62 60 72 71 69 68 70 65 66 67  6  4  5  3  7  1  8  2 13 14 11 16 10 12 15  9 21 18 17 22 24 23 20 19 28 29 26 25 32 31 30 27
 43 41 44 48 46 45 47 42 55 50 53 52 49 56 54 51 62 58 57 60 61 59 63 64 71 65 67 69 72 66 70 68  8  7  5  4  6  1  2  3 14 12 13 11 15  9 16 10 21 22 19 24 18 20 23 17 29 26 25 30 32 31 28 27 36 37 34 33 40 39 38 35
 20 18 21 17 23 22 24 19 32 27 30 29 26 25 31 28 39 35 34 37 38 36 40 33 48 42 44 46 41 43 47 45 49 56 54 53 55 50 51 52 63 61 62 60 64 58 57 59 70 71 68 65 67 69 72 66  6  3  2  7  1  8  5  4 13 14 11 10  9 16 15 12
 68 66 69 65 71 70 72 67  8  3  6  5  2  1  7  4 15 11 10 13 14 12 16  9 24 18 20 22 17 19 23 21 25 32 30 29 31 26 27 28 39 37 38 36 40 34 33 35 46 47 44 41 43 45 48 42 54 51 50 55 49 56 53 52 61 62 59 58 57 64 63 60
 60 58 61 57 63 62 64 59 72 67 70 69 66 65 71 68  7  3  2  5  6  4  8  1 16 10 12 14  9 11 15 13 17 24 22 21 23 18 19 20 31 29 30 28 32 26 25 27 38 39 36 33 35 37 40 34 46 43 42 47 41 48 45 44 53 54 51 50 49 56 55 52
 52 50 53 49 55 54 56 51 64 59 62 61 58 57 63 60 71 67 66 69 70 68 72 65  8  2  4  6  1  3  7  5  9 16 14 13 15 10 11 12 23 21 22 20 24 18 17 19 30 31 28 25 27 29 32 26 38 35 34 39 33 40 37 36 45 46 43 42 41 48 47 44
 12 10 13  9 15 14 16 11 24 19 22 21 18 17 23 20 31 27 26 29 30 28 32 25 40 34 36 38 33 35 39 37 41 48 46 45 47 42 43 44 55 53 54 52 56 50 49 51 62 63 60 57 59 61 64 58 70 67 66 71 65 72 69 68  5  6  3  2  1  8  7  4
 44 42 45 41 47 46 48 43 56 51 54 53 50 49 55 52 63 59 58 61 62 60 64 57 72 66 68 70 65 67 71 69  1  8  6  5  7  2  3  4 15 13 14 12 16 10  9 11 22 23 20 17 19 21 24 18 30 27 26 31 25 32 29 28 37 38 35 34 33 40 39 36
 28 26 29 25 31 30 32 27 40 35 38 37 34 33 39 36 47 43 42 45 46 44 48 41 56 50 52 54 49 51 55 53 57 64 62 61 63 58 59 60 71 69 70 68 72 66 65 67  6  7  4  1  3  5  8  2 14 11 10 15  9 16 13 12 21 22 19 18 17 24 23 20
 36 34 37 33 39 38 40 35 48 43 46 45 42 41 47 44 55 51 50 53 54 52 56 49 64 58 60 62 57 59 63 61 65 72 70 69 71 66 67 68  7  5  6  4  8  2  1  3 14 15 12  9 11 13 16 10 22 19 18 23 17 24 21 20 29 30 27 26 25 32 31 28
  4  2  5  1  7  6  8  3 16 11 14 13 10  9 15 12 23 19 18 21 22 20 24 17 32 26 28 30 25 27 31 29 33 40 38 37 39 34 35 36 47 45 46 44 48 42 41 43 54 55 52 49 51 53 56 50 62 59 58 63 57 64 61 60 69 70 67 66 65 72 71 68
