 12 14 13 16 11 15 10  9 17 20 23 24 21 22 18 19 27 28 31 30 32 29 25 26 37 33 40 39 34 35 36 38 43 41 46 45 48 44 47 42 50 54 51 56 49 55 53 52 61 59 63 60 62 58 57 64 66 70 65 68 69 67 72 71  4  1  5  7  2  8  3  6
 28 30 29 32 27 31 26 25 33 36 39 40 37 38 34 35 43 44 47 46 48 45 41 42 53 49 56 55 50 51 52 54 59 57 62 61 64 60 63 58 66 70 67 72 65 71 69 68  5  3  7  4  6  2  1  8 10 14  9 12 13 11 16 15 20 17 21 23 18 24 19 22
 68 70 69 72 67 71 66 65  1  4  7  8  5  6  2  3 11 12 15 14 16 13  9 10 21 17 24 23 18 19 20 22 27 25 30 29 32 28 31 26 34 38 35 40 33 39 37 36 45 43 47 44 46 42 41 48 50 54 49 52 53 51 56 55 60 57 61 63 58 64 59 62
 20 22 21 24 19 23 18 17 25 28 31 32 29 30 26 27 35 36 39 38 40 37 33 34 45 41 48 47 42 43 44 46 51 49 54 53 56 52 55 50 58 62 59 64 57 63 61 60 69 67 71 68 70 66 65 72  2  6  1  4  5  3  8  7 12  9 13 15 10 16 11 14
  4  6  5  8  3  7  2  1  9 12 15 16 13 14 10 11 19 20 23 22 24 21 17 18 29 25 32 31 26 27 28 30 35 33 38 37 40 36 39 34 42 46 43 48 41 47 45 44 53 51 55 52 54 50 49 56 58 62 57 60 61 59 64 63 68 65 69 71 66 72 67 70
 44 46 45 48 43 47 42 41 49 52 55 56 53 54 50 51 59 60 63 62 64 61 57 58 69 65 72 71 66 67 68 70  3  1  6  5  8  4  7  2 10 14 11 16  9 15 13 12 21 19 23 20 22 18 17 24 26 30 25 28 29 27 32 31 36 33 37 39 34 40 35 38
 60 62 61 64 59 63 58 57 65 68 71 72 69 70 66 67  3  4  7  6  8  5  1  2 13  9 16 15 10 11 12 14 19 17 22 21 24 20 23 18 26 30 27 32 25 31 29 28 37 35 39 36 38 34 33 40 42 46 41 44 45 43 48 47 52 49 53 55 50 56 51 54
 36 38 37 40 35 39 34 33 41 44 47 48 45 46 42 43 51 52 55 54 56 53 49 50 61 57 64 63 58 59 60 62 67 65 70 69 72 68 71 66  2  6  3  8  1  7  5  4 13 11 15 12 14 10  9 16 18 22 17 20 21 19 24 23 28 25 29 31 26 32 27 30
 52 54 53 56 51 55 50 49 57 60 63 64 61 62 58 59 67 68 71 70 72 69 65 66  5  1  8  7  2  3  4  6 11  9 14 13 16 12 15 10 18 22 19 24 17 23 21 20 29 27 31 28 30 26 25 32 34 38 33 36 37 35 40 39 44 41 45 47 42 48 43 46
 53 55 54 49 52 56 51 50 58 61 64 57 62 63 59 60 68 69 72 71 65 70 66 67  6  2  1  8  3  4  5  7 12 10 15 14  9 13 16 11 19 23 20 17 18 24 22 21 30 28 32 29 31 27 26 25 35 39 34 37 38 36 33 40 45 42 46 48 43 41 44 47
 69 71 70 65 68 72 67 66  2  5  8  1  6  7  3  4 12 13 16 15  9 14 10 11 22 18 17 24 19 20 21 23 28 26 31 30 25 29 32 27 35 39 36 33 34 40 38 37 46 44 48 45 47 43 42 41 51 55 50 53 54 52 49 56 61 58 62 64 59 57 60 63
 45 47 46 41 44 48 43 42 50 53 56 49 54 55 51 52 60 61 64 63 57 62 58 59 70 66 65 72 67 68 69 71  4  2  7  6  1  5  8  3 11 15 12  9 10 16 14 13 22 20 24 21 23 19 18 17 27 31 26 29 30 28 25 32 37 34 38 40 35 33 36 39
 21 23 22 17 20 24 19 18 26 29 32 25 30 31 27 28 36 37 40 39 33 38 34 35 46 42 41 48 43 44 45 47 52 50 55 54 49 53 56 51 59 63 60 57 58 64 62 61 70 68 72 69 71 67 66 65  3  7  2  5  6  4  1  8 13 10 14 16 11  9 12 15
  5  7  6  1  4  8  3  2 10 13 16  9 14 15 11 12 20 21 24 23 17 22 18 19 30 26 25 32 27 28 29 31 36 34 39 38 33 37 40 35 43 47 44 41 42 48 46 45 54 52 56 53 55 51 50 49 59 63 58 61 62 60 57 64 69 66 70 72 67 65 68 71
 13 15 14  9 12 16 11 10 18 21 24 17 22 23 19 20 28 29 32 31 25 30 26 27 38 34 33 40 35 36 37 39 44 42 47 46 41 45 48 43 51 55 52 49 50 56 54 53 62 60 64 61 63 59 58 57 67 71 66 69 70 68 65 72  5  2  6  8  3  1  4  7
 37 39 38 33 36 40 35 34 42 45 48 41 46 47 43 44 52 53 56 55 49 54 50 51 62 58 57 64 59 60 61 63 68 66 71 70 65 69 72 67  3  7  4  1  2  8  6  5 14 12 16 13 15 11 10  9 19 23 18 21 22 20 17 24 29 26 30 32 27 25 28 31
 61 63 62 57 60 64 59 58 66 69 72 65 70 71 67 68  4  5  8  7  1  6  2  3 14 10  9 16 11 12 13 15 20 18 23 22 17 21 24 19 27 31 28 25 26 32 30 29 38 36 40 37 39 35 34 33 43 47 42 45 46 44 41 48 53 50 54 56 51 49 52 55
 29 31 30 25 28 32 27 26 34 37 40 33 38 39 35 36 44 45 48 47 41 46 42 43 54 50 49 56 51 52 53 55 60 58 63 62 57 61 64 59 67 71 68 65 66 72 70 69  6  4  8  5  7  3  2  1 11 15 10 13 14 12  9 16 21 18 22 24 19 17 20 23
 30 32 31 26 29 25 28 27 35 38 33 34 39 40 36 37 45 46 41 48 42 47 43 44 55 51 50 49 52 53 54 56 61 59 64 63 58 62 57 60 68 72 69 66 67 65 71 70  7  5  1  6  8  4  3  2 12 16 11 14 15 13 10  9 22 19 23 17 20 18 21 24
 70 72 71 66 69 65 68 67  3  6  1  2  7  8  4  5 13 14  9 16 10 15 11 12 23 19 18 17 20 21 22 24 29 27 32 31 26 30 25 28 36 40 37 34 35 33 39 38 47 45 41 46 48 44 43 42 52 56 51 54 55 53 50 49 62 59 63 57 60 58 61 64
 38 40 39 34 37 33 36 35 43 46 41 42 47 48 44 45 53 54 49 56 50 55 51 52 63 59 58 57 60 61 62 64 69 67 72 71 66 70 65 68  4  8  5  2  3  1  7  6 15 13  9 14 16 12 11 10 20 24 19 22 23 21 18 17 30 27 31 25 28 26 29 32
  6  8  7  2  5  1  4  3 11 14  9 10 15 16 12 13 21 22 17 24 18 23 19 20 31 27 26 25 28 29 30 32 37 35 40 39 34 38 33 36 44 48 45 42 43 41 47 46 55 53 49 54 56 52 51 50 60 64 59 62 63 61 58 57 70 67 71 65 68 66 69 72
 22 24 23 18 21 17 20 19 27 30 25 26 31 32 28 29 37 38 33 40 34 39 35 36 47 43 42 41 44 45 46 48 53 51 56 55 50 54 49 52 60 64 61 58 59 57 63 62 71 69 65 70 72 68 67 66  4  8  3  6  7  5  2  1 14 11 15  9 12 10 13 16
 62 64 63 58 61 57 60 59 67 70 65 66 71 72 68 69  5  6  1  8  2  7  3  4 15 11 10  9 12 13 14 16 21 19 24 23 18 22 17 20 28 32 29 26 27 25 31 30 39 37 33 38 40 36 35 34 44 48 43 46 47 45 42 41 54 51 55 49 52 50 53 56
 54 56 55 50 53 49 52 51 59 62 57 58 63 64 60 61 69 70 65 72 66 71 67 68  7  3  2  1  4  5  6  8 13 11 16 15 10 14  9 12 20 24 21 18 19 17 23 22 31 29 25 30 32 28 27 26 36 40 35 38 39 37 34 33 46 43 47 41 44 42 45 48
 46 48 47 42 45 41 44 43 51 54 49 50 55 56 52 53 61 62 57 64 58 63 59 60 71 67 66 65 68 69 70 72  5  3  8  7  2  6  1  4 12 16 13 10 11  9 15 14 23 21 17 22 24 20 19 18 28 32 27 30 31 29 26 25 38 35 39 33 36 34 37 40
 14 16 15 10 13  9 12 11 19 22 17 18 23 24 20 21 29 30 25 32 26 31 27 28 39 35 34 33 36 37 38 40 45 43 48 47 42 46 41 44 52 56 53 50 51 49 55 54 63 61 57 62 64 60 59 58 68 72 67 70 71 69 66 65  6  3  7  1  4  2  5  8
 63 57 64 59 62 58 61 60 68 71 66 67 72 65 69 70  6  7  2  1  3  8  4  5 16 12 11 10 13 14 15  9 22 20 17 24 19 23 18 21 29 25 30 27 28 26 32 31 40 38 34 39 33 37 36 35 45 41 44 47 48 46 43 42 55 52 56 50 53 51 54 49
 47 41 48 43 46 42 45 44 52 55 50 51 56 49 53 54 62 63 58 57 59 64 60 61 72 68 67 66 69 70 71 65  6  4  1  8  3  7  2  5 13  9 14 11 12 10 16 15 24 22 18 23 17 21 20 19 29 25 28 31 32 30 27 26 39 36 40 34 37 35 38 33
 71 65 72 67 70 66 69 68  4  7  2  3  8  1  5  6 14 15 10  9 11 16 12 13 24 20 19 18 21 22 23 17 30 28 25 32 27 31 26 29 37 33 38 35 36 34 40 39 48 46 42 47 41 45 44 43 53 49 52 55 56 54 51 50 63 60 64 58 61 59 62 57
 23 17 24 19 22 18 21 20 28 31 26 27 32 25 29 30 38 39 34 33 35 40 36 37 48 44 43 42 45 46 47 41 54 52 49 56 51 55 50 53 61 57 62 59 60 58 64 63 72 70 66 71 65 69 68 67  5  1  4  7  8  6  3  2 15 12 16 10 13 11 14  9
 55 49 56 51 54 50 53 52 60 63 58 59 64 57 61 62 70 71 66 65 67 72 68 69  8  4  3  2  5  6  7  1 14 12  9 16 11 15 10 13 21 17 22 19 20 18 24 23 32 30 26 31 25 29 28 27 37 33 36 39 40 38 35 34 47 44 48 42 45 43 46 41
 15  9 16 11 14 10 13 12 20 23 18 19 24 17 21 22 30 31 26 25 27 32 28 29 40 36 35 34 37 38 39 33 46 44 41 48 43 47 42 45 53 49 54 51 52 50 56 55 64 62 58 63 57 61 60 59 69 65 68 71 72 70 67 66  7  4  8  2  5  3  6  1
 31 25 32 27 30 26 29 28 36 39 34 35 40 33 37 38 46 47 42 41 43 48 44 45 56 52 51 50 53 54 55 49 62 60 57 64 59 63 58 61 69 65 70 67 68 66 72 71  8  6  2  7  1  5  4  3 13  9 12 15 16 14 11 10 23 20 24 18 21 19 22 17
 39 33 40 35 38 34 37 36 44 47 42 43 48 41 45 46 54 55 50 49 51 56 52 53 64 60 59 58 61 62 63 57 70 68 65 72 67 71 66 69  5  1  6  3  4  2  8  7 16 14 10 15  9 13 12 11 21 17 20 23 24 22 19 18 31 28 32 26 29 27 30 25
  7  1  8  3  6  2  5  4 12 15 10 11 16  9 13 14 22 23 18 17 19 24 20 21 32 28 27 26 29 30 31 25 38 36 33 40 35 39 34 37 45 41 46 43 44 42 48 47 56 54 50 55 49 53 52 51 61 57 60 63 64 62 59 58 71 68 72 66 69 67 70 65
 56 50 49 52 55 51 54 53 61 64 59 60 57 58 62 63 71 72 67 66 68 65 69 70  1  5  4  3  6  7  8  2 15 13 10  9 12 16 11 14 22 18 23 20 21 19 17 24 25 31 27 32 26 30 29 28 38 34 37 40 33 39 36 35 48 45 41 43 46 44 47 42
 64 58 57 60 63 59 62 61 69 72 67 68 65 66 70 71  7  8  3  2  4  1  5  6  9 13 12 11 14 15 16 10 23 21 18 17 20 24 19 22 30 26 31 28 29 27 25 32 33 39 35 40 34 38 37 36 46 42 45 48 41 47 44 43 56 53 49 51 54 52 55 50
  8  2  1  4  7  3  6  5 13 16 11 12  9 10 14 15 23 24 19 18 20 17 21 22 25 29 28 27 30 31 32 26 39 37 34 33 36 40 35 38 46 42 47 44 45 43 41 48 49 55 51 56 50 54 53 52 62 58 61 64 57 63 60 59 72 69 65 67 70 68 71 66
 24 18 17 20 23 19 22 21 29 32 27 28 25 26 30 31 39 40 35 34 36 33 37 38 41 45 44 43 46 47 48 42 55 53 50 49 52 56 51 54 62 58 63 60 61 59 57 64 65 71 67 72 66 70 69 68  6  2  5  8  1  7  4  3 16 13  9 11 14 12 15 10
 40 34 33 36 39 35 38 37 45 48 43 44 41 42 46 47 55 56 51 50 52 49 53 54 57 61 60 59 62 63 64 58 71 69 66 65 68 72 67 70  6  2  7  4  5  3  1  8  9 15 11 16 10 14 13 12 22 18 21 24 17 23 20 19 32 29 25 27 30 28 31 26
 32 26 25 28 31 27 30 29 37 40 35 36 33 34 38 39 47 48 43 42 44 41 45 46 49 53 52 51 54 55 56 50 63 61 58 57 60 64 59 62 70 66 71 68 69 67 65 72  1  7  3  8  2  6  5  4 14 10 13 16  9 15 12 11 24 21 17 19 22 20 23 18
 48 42 41 44 47 43 46 45 53 56 51 52 49 50 54 55 63 64 59 58 60 57 61 62 65 69 68 67 70 71 72 66  7  5  2  1  4  8  3  6 14 10 15 12 13 11  9 16 17 23 19 24 18 22 21 20 30 26 29 32 25 31 28 27 40 37 33 35 38 36 39 34
 72 66 65 68 71 67 70 69  5  8  3  4  1  2  6  7 15 16 11 10 12  9 13 14 17 21 20 19 22 23 24 18 31 29 26 25 28 32 27 30 38 34 39 36 37 35 33 40 41 47 43 48 42 46 45 44 54 50 53 56 49 55 52 51 64 61 57 59 62 60 63 58
 16 10  9 12 15 11 14 13 21 24 19 20 17 18 22 23 31 32 27 26 28 25 29 30 33 37 36 35 38 39 40 34 47 45 42 41 44 48 43 46 54 50 55 52 53 51 49 56 57 63 59 64 58 62 61 60 70 66 69 72 65 71 68 67  8  5  1  3  6  4  7  2
 17 19 18 21 24 20 23 22 30 25 28 29 26 27 31 32 40 33 36 35 37 34 38 39 42 46 45 44 47 48 41 43 56 54 51 50 53 49 52 55 63 59 64 61 62 60 58 57 66 72 68 65 67 71 70 69  7  3  6  1  2  8  5  4  9 14 10 12 15 13 16 11
 65 67 66 69 72 68 71 70  6  1  4  5  2  3  7  8 16  9 12 11 13 10 14 15 18 22 21 20 23 24 17 19 32 30 27 26 29 25 28 31 39 35 40 37 38 36 34 33 42 48 44 41 43 47 46 45 55 51 54 49 50 56 53 52 57 62 58 60 63 61 64 59
 25 27 26 29 32 28 31 30 38 33 36 37 34 35 39 40 48 41 44 43 45 42 46 47 50 54 53 52 55 56 49 51 64 62 59 58 61 57 60 63 71 67 72 69 70 68 66 65  2  8  4  1  3  7  6  5 15 11 14  9 10 16 13 12 17 22 18 20 23 21 24 19
 57 59 58 61 64 60 63 62 70 65 68 69 66 67 71 72  8  1  4  3  5  2  6  7 10 14 13 12 15 16  9 11 24 22 19 18 21 17 20 23 31 27 32 29 30 28 26 25 34 40 36 33 35 39 38 37 47 43 46 41 42 48 45 44 49 54 50 52 55 53 56 51
 33 35 34 37 40 36 39 38 46 41 44 45 42 43 47 48 56 49 52 51 53 50 54 55 58 62 61 60 63 64 57 59 72 70 67 66 69 65 68 71  7  3  8  5  6  4  2  1 10 16 12  9 11 15 14 13 23 19 22 17 18 24 21 20 25 30 26 28 31 29 32 27
  9 11 10 13 16 12 15 14 22 17 20 21 18 19 23 24 32 25 28 27 29 26 30 31 34 38 37 36 39 40 33 35 48 46 43 42 45 41 44 47 55 51 56 53 54 52 50 49 58 64 60 57 59 63 62 61 71 67 70 65 66 72 69 68  1  6  2  4  7  5  8  3
  1  3  2  5  8  4  7  6 14  9 12 13 10 11 15 16 24 17 20 19 21 18 22 23 26 30 29 28 31 32 25 27 40 38 35 34 37 33 36 39 47 43 48 45 46 44 42 41 50 56 52 49 51 55 54 53 63 59 62 57 58 64 61 60 65 70 66 68 71 69 72 67
 49 51 50 53 56 52 55 54 62 57 60 61 58 59 63 64 72 65 68 67 69 66 70 71  2  6  5  4  7  8  1  3 16 14 11 10 13  9 12 15 23 19 24 21 22 20 18 17 26 32 28 25 27 31 30 29 39 35 38 33 34 40 37 36 41 46 42 44 47 45 48 43
 41 43 42 45 48 44 47 46 54 49 52 53 50 51 55 56 64 57 60 59 61 58 62 63 66 70 69 68 71 72 65 67  8  6  3  2  5  1  4  7 15 11 16 13 14 12 10  9 18 24 20 17 19 23 22 21 31 27 30 25 26 32 29 28 33 38 34 36 39 37 40 35
 10 12 11 14  9 13 16 15 23 18 21 22 19 20 24 17 25 26 29 28 30 27 31 32 35 39 38 37 40 33 34 36 41 47 44 43 46 42 45 48 56 52 49 54 55 53 51 50 59 57 61 58 60 64 63 62 72 68 71 66 67 65 70 69  2  7  3  5  8  6  1  4
 50 52 51 54 49 53 56 55 63 58 61 62 59 60 64 57 65 66 69 68 70 67 71 72  3  7  6  5  8  1  2  4  9 15 12 11 14 10 13 16 24 20 17 22 23 21 19 18 27 25 29 26 28 32 31 30 40 36 39 34 35 33 38 37 42 47 43 45 48 46 41 44
 58 60 59 62 57 61 64 63 71 66 69 70 67 68 72 65  1  2  5  4  6  3  7  8 11 15 14 13 16  9 10 12 17 23 20 19 22 18 21 24 32 28 25 30 31 29 27 26 35 33 37 34 36 40 39 38 48 44 47 42 43 41 46 45 50 55 51 53 56 54 49 52
 42 44 43 46 41 45 48 47 55 50 53 54 51 52 56 49 57 58 61 60 62 59 63 64 67 71 70 69 72 65 66 68  1  7  4  3  6  2  5  8 16 12  9 14 15 13 11 10 19 17 21 18 20 24 23 22 32 28 31 26 27 25 30 29 34 39 35 37 40 38 33 36
 34 36 35 38 33 37 40 39 47 42 45 46 43 44 48 41 49 50 53 52 54 51 55 56 59 63 62 61 64 57 58 60 65 71 68 67 70 66 69 72  8  4  1  6  7  5  3  2 11  9 13 10 12 16 15 14 24 20 23 18 19 17 22 21 26 31 27 29 32 30 25 28
 18 20 19 22 17 21 24 23 31 26 29 30 27 28 32 25 33 34 37 36 38 35 39 40 43 47 46 45 48 41 42 44 49 55 52 51 54 50 53 56 64 60 57 62 63 61 59 58 67 65 69 66 68 72 71 70  8  4  7  2  3  1  6  5 10 15 11 13 16 14  9 12
 66 68 67 70 65 69 72 71  7  2  5  6  3  4  8  1  9 10 13 12 14 11 15 16 19 23 22 21 24 17 18 20 25 31 28 27 30 26 29 32 40 36 33 38 39 37 35 34 43 41 45 42 44 48 47 46 56 52 55 50 51 49 54 53 58 63 59 61 64 62 57 60
  2  4  3  6  1  5  8  7 15 10 13 14 11 12 16  9 17 18 21 20 22 19 23 24 27 31 30 29 32 25 26 28 33 39 36 35 38 34 37 40 48 44 41 46 47 45 43 42 51 49 53 50 52 56 55 54 64 60 63 58 59 57 62 61 66 71 67 69 72 70 65 68
 26 28 27 30 25 29 32 31 39 34 37 38 35 36 40 33 41 42 45 44 46 43 47 48 51 55 54 53 56 49 50 52 57 63 60 59 62 58 61 64 72 68 65 70 71 69 67 66  3  1  5  2  4  8  7  6 16 12 15 10 11  9 14 13 18 23 19 21 24 22 17 20
 67 69 68 71 66 70 65 72  8  3  6  7  4  5  1  2 10 11 14 13 15 12 16  9 20 24 23 22 17 18 19 21 26 32 29 28 31 27 30 25 33 37 34 39 40 38 36 35 44 42 46 43 45 41 48 47 49 53 56 51 52 50 55 54 59 64 60 62 57 63 58 61
 59 61 60 63 58 62 57 64 72 67 70 71 68 69 65 66  2  3  6  5  7  4  8  1 12 16 15 14  9 10 11 13 18 24 21 20 23 19 22 17 25 29 26 31 32 30 28 27 36 34 38 35 37 33 40 39 41 45 48 43 44 42 47 46 51 56 52 54 49 55 50 53
 27 29 28 31 26 30 25 32 40 35 38 39 36 37 33 34 42 43 46 45 47 44 48 41 52 56 55 54 49 50 51 53 58 64 61 60 63 59 62 57 65 69 66 71 72 70 68 67  4  2  6  3  5  1  8  7  9 13 16 11 12 10 15 14 19 24 20 22 17 23 18 21
 35 37 36 39 34 38 33 40 48 43 46 47 44 45 41 42 50 51 54 53 55 52 56 49 60 64 63 62 57 58 59 61 66 72 69 68 71 67 70 65  1  5  2  7  8  6  4  3 12 10 14 11 13  9 16 15 17 21 24 19 20 18 23 22 27 32 28 30 25 31 26 29
 11 13 12 15 10 14  9 16 24 19 22 23 20 21 17 18 26 27 30 29 31 28 32 25 36 40 39 38 33 34 35 37 42 48 45 44 47 43 46 41 49 53 50 55 56 54 52 51 60 58 62 59 61 57 64 63 65 69 72 67 68 66 71 70  3  8  4  6  1  7  2  5
 19 21 20 23 18 22 17 24 32 27 30 31 28 29 25 26 34 35 38 37 39 36 40 33 44 48 47 46 41 42 43 45 50 56 53 52 55 51 54 49 57 61 58 63 64 62 60 59 68 66 70 67 69 65 72 71  1  5  8  3  4  2  7  6 11 16 12 14  9 15 10 13
 51 53 52 55 50 54 49 56 64 59 62 63 60 61 57 58 66 67 70 69 71 68 72 65  4  8  7  6  1  2  3  5 10 16 13 12 15 11 14  9 17 21 18 23 24 22 20 19 28 26 30 27 29 25 32 31 33 37 40 35 36 34 39 38 43 48 44 46 41 47 42 45
  3  5  4  7  2  6  1  8 16 11 14 15 12 13  9 10 18 19 22 21 23 20 24 17 28 32 31 30 25 26 27 29 34 40 37 36 39 35 38 33 41 45 42 47 48 46 44 43 52 50 54 51 53 49 56 55 57 61 64 59 60 58 63 62 67 72 68 70 65 71 66 69
 43 45 44 47 42 46 41 48 56 51 54 55 52 53 49 50 58 59 62 61 63 60 64 57 68 72 71 70 65 66 67 69  2  8  5  4  7  3  6  1  9 13 10 15 16 14 12 11 20 18 22 19 21 17 24 23 25 29 32 27 28 26 31 30 35 40 36 38 33 39 34 37
