 25 31 29 32 30 28 26 27 35 38 34 39 36 33 40 37 47 41 46 42 45 43 44 48 53 56 52 55 49 51 50 54 58 57 59 61 62 63 60 64 65 71 66 70 72 67 68 69  6  1  5  3  7  2  8  4 11 10 15 14 16 12 13  9 22 20 24 17 21 18 19 23
 17 23 21 24 22 20 18 19 27 30 26 31 28 25 32 29 39 33 38 34 37 35 36 40 45 48 44 47 41 43 42 46 50 49 51 53 54 55 52 56 57 63 58 62 64 59 60 61 70 65 69 67 71 66 72 68  3  2  7  6  8  4  5  1 14 12 16  9 13 10 11 15
 49 55 53 56 54 52 50 51 59 62 58 63 60 57 64 61 71 65 70 66 69 67 68 72  5  8  4  7  1  3  2  6 10  9 11 13 14 15 12 16 17 23 18 22 24 19 20 21 30 25 29 27 31 26 32 28 35 34 39 38 40 36 37 33 46 44 48 41 45 42 43 47
 41 47 45 48 46 44 42 43 51 54 50 55 52 49 56 53 63 57 62 58 61 59 60 64 69 72 68 71 65 67 66 70  2  1  3  5  6  7  4  8  9 15 10 14 16 11 12 13 22 17 21 19 23 18 24 20 27 26 31 30 32 28 29 25 38 36 40 33 37 34 35 39
 65 71 69 72 70 68 66 67  3  6  2  7  4  1  8  5 15  9 14 10 13 11 12 16 21 24 20 23 17 19 18 22 26 25 27 29 30 31 28 32 33 39 34 38 40 35 36 37 46 41 45 43 47 42 48 44 51 50 55 54 56 52 53 49 62 60 64 57 61 58 59 63
 33 39 37 40 38 36 34 35 43 46 42 47 44 41 48 45 55 49 54 50 53 51 52 56 61 64 60 63 57 59 58 62 66 65 67 69 70 71 68 72  1  7  2  6  8  3  4  5 14  9 13 11 15 10 16 12 19 18 23 22 24 20 21 17 30 28 32 25 29 26 27 31
  1  7  5  8  6  4  2  3 11 14 10 15 12  9 16 13 23 17 22 18 21 19 20 24 29 32 28 31 25 27 26 30 34 33 35 37 38 39 36 40 41 47 42 46 48 43 44 45 54 49 53 51 55 50 56 52 59 58 63 62 64 60 61 57 70 68 72 65 69 66 67 71
  9 15 13 16 14 12 10 11 19 22 18 23 20 17 24 21 31 25 30 26 29 27 28 32 37 40 36 39 33 35 34 38 42 41 43 45 46 47 44 48 49 55 50 54 56 51 52 53 62 57 61 59 63 58 64 60 67 66 71 70 72 68 69 65  6  4  8  1  5  2  3  7
 57 63 61 64 62 60 58 59 67 70 66 71 68 65 72 69  7  1  6  2  5  3  4  8 13 16 12 15  9 11 10 14 18 17 19 21 22 23 20 24 25 31 26 30 32 27 28 29 38 33 37 35 39 34 40 36 43 42 47 46 48 44 45 41 54 52 56 49 53 50 51 55
 50 56 54 49 55 53 51 52 60 63 59 64 61 58 57 62 72 66 71 67 70 68 69 65  6  1  5  8  2  4  3  7 11 10 12 14 15 16 13  9 18 24 19 23 17 20 21 22 31 26 30 28 32 27 25 29 36 35 40 39 33 37 38 34 47 45 41 42 46 43 44 48
 10 16 14  9 15 13 11 12 20 23 19 24 21 18 17 22 32 26 31 27 30 28 29 25 38 33 37 40 34 36 35 39 43 42 44 46 47 48 45 41 50 56 51 55 49 52 53 54 63 58 62 60 64 59 57 61 68 67 72 71 65 69 70 66  7  5  1  2  6  3  4  8
  2  8  6  1  7  5  3  4 12 15 11 16 13 10  9 14 24 18 23 19 22 20 21 17 30 25 29 32 26 28 27 31 35 34 36 38 39 40 37 33 42 48 43 47 41 44 45 46 55 50 54 52 56 51 49 53 60 59 64 63 57 61 62 58 71 69 65 66 70 67 68 72
 42 48 46 41 47 45 43 44 52 55 51 56 53 50 49 54 64 58 63 59 62 60 61 57 70 65 69 72 66 68 67 71  3  2  4  6  7  8  5  1 10 16 11 15  9 12 13 14 23 18 22 20 24 19 17 21 28 27 32 31 25 29 30 26 39 37 33 34 38 35 36 40
 34 40 38 33 39 37 35 36 44 47 43 48 45 42 41 46 56 50 55 51 54 52 53 49 62 57 61 64 58 60 59 63 67 66 68 70 71 72 69 65  2  8  3  7  1  4  5  6 15 10 14 12 16 11  9 13 20 19 24 23 17 21 22 18 31 29 25 26 30 27 28 32
 58 64 62 57 63 61 59 60 68 71 67 72 69 66 65 70  8  2  7  3  6  4  5  1 14  9 13 16 10 12 11 15 19 18 20 22 23 24 21 17 26 32 27 31 25 28 29 30 39 34 38 36 40 35 33 37 44 43 48 47 41 45 46 42 55 53 49 50 54 51 52 56
 66 72 70 65 71 69 67 68  4  7  3  8  5  2  1  6 16 10 15 11 14 12 13  9 22 17 21 24 18 20 19 23 27 26 28 30 31 32 29 25 34 40 35 39 33 36 37 38 47 42 46 44 48 43 41 45 52 51 56 55 49 53 54 50 63 61 57 58 62 59 60 64
 18 24 22 17 23 21 19 20 28 31 27 32 29 26 25 30 40 34 39 35 38 36 37 33 46 41 45 48 42 44 43 47 51 50 52 54 55 56 53 49 58 64 59 63 57 60 61 62 71 66 70 68 72 67 65 69  4  3  8  7  1  5  6  2 15 13  9 10 14 11 12 16
 26 32 30 25 31 29 27 28 36 39 35 40 37 34 33 38 48 42 47 43 46 44 45 41 54 49 53 56 50 52 51 55 59 58 60 62 63 64 61 57 66 72 67 71 65 68 69 70  7  2  6  4  8  3  1  5 12 11 16 15  9 13 14 10 23 21 17 18 22 19 20 24
  3  1  7  2  8  6  4  5 13 16 12  9 14 11 10 15 17 19 24 20 23 21 22 18 31 26 30 25 27 29 28 32 36 35 37 39 40 33 38 34 43 41 44 48 42 45 46 47 56 51 55 53 49 52 50 54 61 60 57 64 58 62 63 59 72 70 66 67 71 68 69 65
 67 65 71 66 72 70 68 69  5  8  4  1  6  3  2  7  9 11 16 12 15 13 14 10 23 18 22 17 19 21 20 24 28 27 29 31 32 25 30 26 35 33 36 40 34 37 38 39 48 43 47 45 41 44 42 46 53 52 49 56 50 54 55 51 64 62 58 59 63 60 61 57
 59 57 63 58 64 62 60 61 69 72 68 65 70 67 66 71  1  3  8  4  7  5  6  2 15 10 14  9 11 13 12 16 20 19 21 23 24 17 22 18 27 25 28 32 26 29 30 31 40 35 39 37 33 36 34 38 45 44 41 48 42 46 47 43 56 54 50 51 55 52 53 49
 27 25 31 26 32 30 28 29 37 40 36 33 38 35 34 39 41 43 48 44 47 45 46 42 55 50 54 49 51 53 52 56 60 59 61 63 64 57 62 58 67 65 68 72 66 69 70 71  8  3  7  5  1  4  2  6 13 12  9 16 10 14 15 11 24 22 18 19 23 20 21 17
 51 49 55 50 56 54 52 53 61 64 60 57 62 59 58 63 65 67 72 68 71 69 70 66  7  2  6  1  3  5  4  8 12 11 13 15 16  9 14 10 19 17 20 24 18 21 22 23 32 27 31 29 25 28 26 30 37 36 33 40 34 38 39 35 48 46 42 43 47 44 45 41
 35 33 39 34 40 38 36 37 45 48 44 41 46 43 42 47 49 51 56 52 55 53 54 50 63 58 62 57 59 61 60 64 68 67 69 71 72 65 70 66  3  1  4  8  2  5  6  7 16 11 15 13  9 12 10 14 21 20 17 24 18 22 23 19 32 30 26 27 31 28 29 25
 43 41 47 42 48 46 44 45 53 56 52 49 54 51 50 55 57 59 64 60 63 61 62 58 71 66 70 65 67 69 68 72  4  3  5  7  8  1  6  2 11  9 12 16 10 13 14 15 24 19 23 21 17 20 18 22 29 28 25 32 26 30 31 27 40 38 34 35 39 36 37 33
 11  9 15 10 16 14 12 13 21 24 20 17 22 19 18 23 25 27 32 28 31 29 30 26 39 34 38 33 35 37 36 40 44 43 45 47 48 41 46 42 51 49 52 56 50 53 54 55 64 59 63 61 57 60 58 62 69 68 65 72 66 70 71 67  8  6  2  3  7  4  5  1
 19 17 23 18 24 22 20 21 29 32 28 25 30 27 26 31 33 35 40 36 39 37 38 34 47 42 46 41 43 45 44 48 52 51 53 55 56 49 54 50 59 57 60 64 58 61 62 63 72 67 71 69 65 68 66 70  5  4  1  8  2  6  7  3 16 14 10 11 15 12 13  9
 12 10 16 11  9 15 13 14 22 17 21 18 23 20 19 24 26 28 25 29 32 30 31 27 40 35 39 34 36 38 37 33 45 44 46 48 41 42 47 43 52 50 53 49 51 54 55 56 57 60 64 62 58 61 59 63 70 69 66 65 67 71 72 68  1  7  3  4  8  5  6  2
  4  2  8  3  1  7  5  6 14  9 13 10 15 12 11 16 18 20 17 21 24 22 23 19 32 27 31 26 28 30 29 25 37 36 38 40 33 34 39 35 44 42 45 41 43 46 47 48 49 52 56 54 50 53 51 55 62 61 58 57 59 63 64 60 65 71 67 68 72 69 70 66
 60 58 64 59 57 63 61 62 70 65 69 66 71 68 67 72  2  4  1  5  8  6  7  3 16 11 15 10 12 14 13  9 21 20 22 24 17 18 23 19 28 26 29 25 27 30 31 32 33 36 40 38 34 37 35 39 46 45 42 41 43 47 48 44 49 55 51 52 56 53 54 50
 36 34 40 35 33 39 37 38 46 41 45 42 47 44 43 48 50 52 49 53 56 54 55 51 64 59 63 58 60 62 61 57 69 68 70 72 65 66 71 67  4  2  5  1  3  6  7  8  9 12 16 14 10 13 11 15 22 21 18 17 19 23 24 20 25 31 27 28 32 29 30 26
 44 42 48 43 41 47 45 46 54 49 53 50 55 52 51 56 58 60 57 61 64 62 63 59 72 67 71 66 68 70 69 65  5  4  6  8  1  2  7  3 12 10 13  9 11 14 15 16 17 20 24 22 18 21 19 23 30 29 26 25 27 31 32 28 33 39 35 36 40 37 38 34
 52 50 56 51 49 55 53 54 62 57 61 58 63 60 59 64 66 68 65 69 72 70 71 67  8  3  7  2  4  6  5  1 13 12 14 16  9 10 15 11 20 18 21 17 19 22 23 24 25 28 32 30 26 29 27 31 38 37 34 33 35 39 40 36 41 47 43 44 48 45 46 42
 28 26 32 27 25 31 29 30 38 33 37 34 39 36 35 40 42 44 41 45 48 46 47 43 56 51 55 50 52 54 53 49 61 60 62 64 57 58 63 59 68 66 69 65 67 70 71 72  1  4  8  6  2  5  3  7 14 13 10  9 11 15 16 12 17 23 19 20 24 21 22 18
 20 18 24 19 17 23 21 22 30 25 29 26 31 28 27 32 34 36 33 37 40 38 39 35 48 43 47 42 44 46 45 41 53 52 54 56 49 50 55 51 60 58 61 57 59 62 63 64 65 68 72 70 66 69 67 71  6  5  2  1  3  7  8  4  9 15 11 12 16 13 14 10
 68 66 72 67 65 71 69 70  6  1  5  2  7  4  3  8 10 12  9 13 16 14 15 11 24 19 23 18 20 22 21 17 29 28 30 32 25 26 31 27 36 34 37 33 35 38 39 40 41 44 48 46 42 45 43 47 54 53 50 49 51 55 56 52 57 63 59 60 64 61 62 58
 53 51 49 52 50 56 54 55 63 58 62 59 64 61 60 57 67 69 66 70 65 71 72 68  1  4  8  3  5  7  6  2 14 13 15  9 10 11 16 12 21 19 22 18 20 23 24 17 26 29 25 31 27 30 28 32 39 38 35 34 36 40 33 37 42 48 44 45 41 46 47 43
 21 19 17 20 18 24 22 23 31 26 30 27 32 29 28 25 35 37 34 38 33 39 40 36 41 44 48 43 45 47 46 42 54 53 55 49 50 51 56 52 61 59 62 58 60 63 64 57 66 69 65 71 67 70 68 72  7  6  3  2  4  8  1  5 10 16 12 13  9 14 15 11
 69 67 65 68 66 72 70 71  7  2  6  3  8  5  4  1 11 13 10 14  9 15 16 12 17 20 24 19 21 23 22 18 30 29 31 25 26 27 32 28 37 35 38 34 36 39 40 33 42 45 41 47 43 46 44 48 55 54 51 50 52 56 49 53 58 64 60 61 57 62 63 59
 13 11  9 12 10 16 14 15 23 18 22 19 24 21 20 17 27 29 26 30 25 31 32 28 33 36 40 35 37 39 38 34 46 45 47 41 42 43 48 44 53 51 54 50 52 55 56 49 58 61 57 63 59 62 60 64 71 70 67 66 68 72 65 69  2  8  4  5  1  6  7  3
 29 27 25 28 26 32 30 31 39 34 38 35 40 37 36 33 43 45 42 46 41 47 48 44 49 52 56 51 53 55 54 50 62 61 63 57 58 59 64 60 69 67 70 66 68 71 72 65  2  5  1  7  3  6  4  8 15 14 11 10 12 16  9 13 18 24 20 21 17 22 23 19
 37 35 33 36 34 40 38 39 47 42 46 43 48 45 44 41 51 53 50 54 49 55 56 52 57 60 64 59 61 63 62 58 70 69 71 65 66 67 72 68  5  3  6  2  4  7  8  1 10 13  9 15 11 14 12 16 23 22 19 18 20 24 17 21 26 32 28 29 25 30 31 27
 61 59 57 60 58 64 62 63 71 66 70 67 72 69 68 65  3  5  2  6  1  7  8  4  9 12 16 11 13 15 14 10 22 21 23 17 18 19 24 20 29 27 30 26 28 31 32 25 34 37 33 39 35 38 36 40 47 46 43 42 44 48 41 45 50 56 52 53 49 54 55 51
 45 43 41 44 42 48 46 47 55 50 54 51 56 53 52 49 59 61 58 62 57 63 64 60 65 68 72 67 69 71 70 66  6  5  7  1  2  3  8  4 13 11 14 10 12 15 16  9 18 21 17 23 19 22 20 24 31 30 27 26 28 32 25 29 34 40 36 37 33 38 39 35
  5  3  1  4  2  8  6  7 15 10 14 11 16 13 12  9 19 21 18 22 17 23 24 20 25 28 32 27 29 31 30 26 38 37 39 33 34 35 40 36 45 43 46 42 44 47 48 41 50 53 49 55 51 54 52 56 63 62 59 58 60 64 57 61 66 72 68 69 65 70 71 67
 46 44 42 45 43 41 47 48 56 51 55 52 49 54 53 50 60 62 59 63 58 64 57 61 66 69 65 68 70 72 71 67  7  6  8  2  3  4  1  5 14 12 15 11 13 16  9 10 19 22 18 24 20 23 21 17 32 31 28 27 29 25 26 30 35 33 37 38 34 39 40 36
 22 20 18 21 19 17 23 24 32 27 31 28 25 30 29 26 36 38 35 39 34 40 33 37 42 45 41 44 46 48 47 43 55 54 56 50 51 52 49 53 62 60 63 59 61 64 57 58 67 70 66 72 68 71 69 65  8  7  4  3  5  1  2  6 11  9 13 14 10 15 16 12
 38 36 34 37 35 33 39 40 48 43 47 44 41 46 45 42 52 54 51 55 50 56 49 53 58 61 57 60 62 64 63 59 71 70 72 66 67 68 65 69  6  4  7  3  5  8  1  2 11 14 10 16 12 15 13  9 24 23 20 19 21 17 18 22 27 25 29 30 26 31 32 28
 54 52 50 53 51 49 55 56 64 59 63 60 57 62 61 58 68 70 67 71 66 72 65 69  2  5  1  4  6  8  7  3 15 14 16 10 11 12  9 13 22 20 23 19 21 24 17 18 27 30 26 32 28 31 29 25 40 39 36 35 37 33 34 38 43 41 45 46 42 47 48 44
 70 68 66 69 67 65 71 72  8  3  7  4  1  6  5  2 12 14 11 15 10 16  9 13 18 21 17 20 22 24 23 19 31 30 32 26 27 28 25 29 38 36 39 35 37 40 33 34 43 46 42 48 44 47 45 41 56 55 52 51 53 49 50 54 59 57 61 62 58 63 64 60
  6  4  2  5  3  1  7  8 16 11 15 12  9 14 13 10 20 22 19 23 18 24 17 21 26 29 25 28 30 32 31 27 39 38 40 34 35 36 33 37 46 44 47 43 45 48 41 42 51 54 50 56 52 55 53 49 64 63 60 59 61 57 58 62 67 65 69 70 66 71 72 68
 14 12 10 13 11  9 15 16 24 19 23 20 17 22 21 18 28 30 27 31 26 32 25 29 34 37 33 36 38 40 39 35 47 46 48 42 43 44 41 45 54 52 55 51 53 56 49 50 59 62 58 64 60 63 61 57 72 71 68 67 69 65 66 70  3  1  5  6  2  7  8  4
 30 28 26 29 27 25 31 32 40 35 39 36 33 38 37 34 44 46 43 47 42 48 41 45 50 53 49 52 54 56 55 51 63 62 64 58 59 60 57 61 70 68 71 67 69 72 65 66  3  6  2  8  4  7  5  1 16 15 12 11 13  9 10 14 19 17 21 22 18 23 24 20
 62 60 58 61 59 57 63 64 72 67 71 68 65 70 69 66  4  6  3  7  2  8  1  5 10 13  9 12 14 16 15 11 23 22 24 18 19 20 17 21 30 28 31 27 29 32 25 26 35 38 34 40 36 39 37 33 48 47 44 43 45 41 42 46 51 49 53 54 50 55 56 52
 55 53 51 54 52 50 56 49 57 60 64 61 58 63 62 59 69 71 68 72 67 65 66 70  3  6  2  5  7  1  8  4 16 15  9 11 12 13 10 14 23 21 24 20 22 17 18 19 28 31 27 25 29 32 30 26 33 40 37 36 38 34 35 39 44 42 46 47 43 48 41 45
 39 37 35 38 36 34 40 33 41 44 48 45 42 47 46 43 53 55 52 56 51 49 50 54 59 62 58 61 63 57 64 60 72 71 65 67 68 69 66 70  7  5  8  4  6  1  2  3 12 15 11  9 13 16 14 10 17 24 21 20 22 18 19 23 28 26 30 31 27 32 25 29
 15 13 11 14 12 10 16  9 17 20 24 21 18 23 22 19 29 31 28 32 27 25 26 30 35 38 34 37 39 33 40 36 48 47 41 43 44 45 42 46 55 53 56 52 54 49 50 51 60 63 59 57 61 64 62 58 65 72 69 68 70 66 67 71  4  2  6  7  3  8  1  5
 63 61 59 62 60 58 64 57 65 68 72 69 66 71 70 67  5  7  4  8  3  1  2  6 11 14 10 13 15  9 16 12 24 23 17 19 20 21 18 22 31 29 32 28 30 25 26 27 36 39 35 33 37 40 38 34 41 48 45 44 46 42 43 47 52 50 54 55 51 56 49 53
  7  5  3  6  4  2  8  1  9 12 16 13 10 15 14 11 21 23 20 24 19 17 18 22 27 30 26 29 31 25 32 28 40 39 33 35 36 37 34 38 47 45 48 44 46 41 42 43 52 55 51 49 53 56 54 50 57 64 61 60 62 58 59 63 68 66 70 71 67 72 65 69
 31 29 27 30 28 26 32 25 33 36 40 37 34 39 38 35 45 47 44 48 43 41 42 46 51 54 50 53 55 49 56 52 64 63 57 59 60 61 58 62 71 69 72 68 70 65 66 67  4  7  3  1  5  8  6  2  9 16 13 12 14 10 11 15 20 18 22 23 19 24 17 21
 23 21 19 22 20 18 24 17 25 28 32 29 26 31 30 27 37 39 36 40 35 33 34 38 43 46 42 45 47 41 48 44 56 55 49 51 52 53 50 54 63 61 64 60 62 57 58 59 68 71 67 65 69 72 70 66  1  8  5  4  6  2  3  7 12 10 14 15 11 16  9 13
 47 45 43 46 44 42 48 41 49 52 56 53 50 55 54 51 61 63 60 64 59 57 58 62 67 70 66 69 71 65 72 68  8  7  1  3  4  5  2  6 15 13 16 12 14  9 10 11 20 23 19 17 21 24 22 18 25 32 29 28 30 26 27 31 36 34 38 39 35 40 33 37
 71 69 67 70 68 66 72 65  1  4  8  5  2  7  6  3 13 15 12 16 11  9 10 14 19 22 18 21 23 17 24 20 32 31 25 27 28 29 26 30 39 37 40 36 38 33 34 35 44 47 43 41 45 48 46 42 49 56 53 52 54 50 51 55 60 58 62 63 59 64 57 61
 32 30 28 31 29 27 25 26 34 37 33 38 35 40 39 36 46 48 45 41 44 42 43 47 52 55 51 54 56 50 49 53 57 64 58 60 61 62 59 63 72 70 65 69 71 66 67 68  5  8  4  2  6  1  7  3 10  9 14 13 15 11 12 16 21 19 23 24 20 17 18 22
 16 14 12 15 13 11  9 10 18 21 17 22 19 24 23 20 30 32 29 25 28 26 27 31 36 39 35 38 40 34 33 37 41 48 42 44 45 46 43 47 56 54 49 53 55 50 51 52 61 64 60 58 62 57 63 59 66 65 70 69 71 67 68 72  5  3  7  8  4  1  2  6
 72 70 68 71 69 67 65 66  2  5  1  6  3  8  7  4 14 16 13  9 12 10 11 15 20 23 19 22 24 18 17 21 25 32 26 28 29 30 27 31 40 38 33 37 39 34 35 36 45 48 44 42 46 41 47 43 50 49 54 53 55 51 52 56 61 59 63 64 60 57 58 62
 64 62 60 63 61 59 57 58 66 69 65 70 67 72 71 68  6  8  5  1  4  2  3  7 12 15 11 14 16 10  9 13 17 24 18 20 21 22 19 23 32 30 25 29 31 26 27 28 37 40 36 34 38 33 39 35 42 41 46 45 47 43 44 48 53 51 55 56 52 49 50 54
 56 54 52 55 53 51 49 50 58 61 57 62 59 64 63 60 70 72 69 65 68 66 67 71  4  7  3  6  8  2  1  5  9 16 10 12 13 14 11 15 24 22 17 21 23 18 19 20 29 32 28 26 30 25 31 27 34 33 38 37 39 35 36 40 45 43 47 48 44 41 42 46
  8  6  4  7  5  3  1  2 10 13  9 14 11 16 15 12 22 24 21 17 20 18 19 23 28 31 27 30 32 26 25 29 33 40 34 36 37 38 35 39 48 46 41 45 47 42 43 44 53 56 52 50 54 49 55 51 58 57 62 61 63 59 60 64 69 67 71 72 68 65 66 70
 24 22 20 23 21 19 17 18 26 29 25 30 27 32 31 28 38 40 37 33 36 34 35 39 44 47 43 46 48 42 41 45 49 56 50 52 53 54 51 55 64 62 57 61 63 58 59 60 69 72 68 66 70 65 71 67  2  1  6  5  7  3  4  8 13 11 15 16 12  9 10 14
 48 46 44 47 45 43 41 42 50 53 49 54 51 56 55 52 62 64 61 57 60 58 59 63 68 71 67 70 72 66 65 69  1  8  2  4  5  6  3  7 16 14  9 13 15 10 11 12 21 24 20 18 22 17 23 19 26 25 30 29 31 27 28 32 37 35 39 40 36 33 34 38
 40 38 36 39 37 35 33 34 42 45 41 46 43 48 47 44 54 56 53 49 52 50 51 55 60 63 59 62 64 58 57 61 65 72 66 68 69 70 67 71  8  6  1  5  7  2  3  4 13 16 12 10 14  9 15 11 18 17 22 21 23 19 20 24 29 27 31 32 28 25 26 30
