 27 31 25 26 28 30 29 32 39 33 36 37 35 40 34 38 44 43 46 41 45 47 42 48 52 49 53 50 54 56 51 55 57 63 62 58 60 61 59 64 67 72 69 66 68 65 71 70  8  5  1  6  7  2  3  4  9 11 12 10 15 16 13 14 18 20 22 17 24 19 23 21
 11 15  9 10 12 14 13 16 23 17 20 21 19 24 18 22 28 27 30 25 29 31 26 32 36 33 37 34 38 40 35 39 41 47 46 42 44 45 43 48 51 56 53 50 52 49 55 54 64 61 57 62 63 58 59 60 65 67 68 66 71 72 69 70  2  4  6  1  8  3  7  5
 67 71 65 66 68 70 69 72  7  1  4  5  3  8  2  6 12 11 14  9 13 15 10 16 20 17 21 18 22 24 19 23 25 31 30 26 28 29 27 32 35 40 37 34 36 33 39 38 48 45 41 46 47 42 43 44 49 51 52 50 55 56 53 54 58 60 62 57 64 59 63 61
 51 55 49 50 52 54 53 56 63 57 60 61 59 64 58 62 68 67 70 65 69 71 66 72  4  1  5  2  6  8  3  7  9 15 14 10 12 13 11 16 19 24 21 18 20 17 23 22 32 29 25 30 31 26 27 28 33 35 36 34 39 40 37 38 42 44 46 41 48 43 47 45
 35 39 33 34 36 38 37 40 47 41 44 45 43 48 42 46 52 51 54 49 53 55 50 56 60 57 61 58 62 64 59 63 65 71 70 66 68 69 67 72  3  8  5  2  4  1  7  6 16 13  9 14 15 10 11 12 17 19 20 18 23 24 21 22 26 28 30 25 32 27 31 29
  3  7  1  2  4  6  5  8 15  9 12 13 11 16 10 14 20 19 22 17 21 23 18 24 28 25 29 26 30 32 27 31 33 39 38 34 36 37 35 40 43 48 45 42 44 41 47 46 56 53 49 54 55 50 51 52 57 59 60 58 63 64 61 62 66 68 70 65 72 67 71 69
 43 47 41 42 44 46 45 48 55 49 52 53 51 56 50 54 60 59 62 57 61 63 58 64 68 65 69 66 70 72 67 71  1  7  6  2  4  5  3  8 11 16 13 10 12  9 15 14 24 21 17 22 23 18 19 20 25 27 28 26 31 32 29 30 34 36 38 33 40 35 39 37
 19 23 17 18 20 22 21 24 31 25 28 29 27 32 26 30 36 35 38 33 37 39 34 40 44 41 45 42 46 48 43 47 49 55 54 50 52 53 51 56 59 64 61 58 60 57 63 62 72 69 65 70 71 66 67 68  1  3  4  2  7  8  5  6 10 12 14  9 16 11 15 13
 59 63 57 58 60 62 61 64 71 65 68 69 67 72 66 70  4  3  6  1  5  7  2  8 12  9 13 10 14 16 11 15 17 23 22 18 20 21 19 24 27 32 29 26 28 25 31 30 40 37 33 38 39 34 35 36 41 43 44 42 47 48 45 46 50 52 54 49 56 51 55 53
 36 40 34 35 37 39 38 33 48 42 45 46 44 41 43 47 53 52 55 50 54 56 51 49 61 58 62 59 63 57 60 64 66 72 71 67 69 70 68 65  4  1  6  3  5  2  8  7  9 14 10 15 16 11 12 13 18 20 21 19 24 17 22 23 27 29 31 26 25 28 32 30
 20 24 18 19 21 23 22 17 32 26 29 30 28 25 27 31 37 36 39 34 38 40 35 33 45 42 46 43 47 41 44 48 50 56 55 51 53 54 52 49 60 57 62 59 61 58 64 63 65 70 66 71 72 67 68 69  2  4  5  3  8  1  6  7 11 13 15 10  9 12 16 14
 68 72 66 67 69 71 70 65  8  2  5  6  4  1  3  7 13 12 15 10 14 16 11  9 21 18 22 19 23 17 20 24 26 32 31 27 29 30 28 25 36 33 38 35 37 34 40 39 41 46 42 47 48 43 44 45 50 52 53 51 56 49 54 55 59 61 63 58 57 60 64 62
 44 48 42 43 45 47 46 41 56 50 53 54 52 49 51 55 61 60 63 58 62 64 59 57 69 66 70 67 71 65 68 72  2  8  7  3  5  6  4  1 12  9 14 11 13 10 16 15 17 22 18 23 24 19 20 21 26 28 29 27 32 25 30 31 35 37 39 34 33 36 40 38
  4  8  2  3  5  7  6  1 16 10 13 14 12  9 11 15 21 20 23 18 22 24 19 17 29 26 30 27 31 25 28 32 34 40 39 35 37 38 36 33 44 41 46 43 45 42 48 47 49 54 50 55 56 51 52 53 58 60 61 59 64 57 62 63 67 69 71 66 65 68 72 70
 12 16 10 11 13 15 14  9 24 18 21 22 20 17 19 23 29 28 31 26 30 32 27 25 37 34 38 35 39 33 36 40 42 48 47 43 45 46 44 41 52 49 54 51 53 50 56 55 57 62 58 63 64 59 60 61 66 68 69 67 72 65 70 71  3  5  7  2  1  4  8  6
 52 56 50 51 53 55 54 49 64 58 61 62 60 57 59 63 69 68 71 66 70 72 67 65  5  2  6  3  7  1  4  8 10 16 15 11 13 14 12  9 20 17 22 19 21 18 24 23 25 30 26 31 32 27 28 29 34 36 37 35 40 33 38 39 43 45 47 42 41 44 48 46
 60 64 58 59 61 63 62 57 72 66 69 70 68 65 67 71  5  4  7  2  6  8  3  1 13 10 14 11 15  9 12 16 18 24 23 19 21 22 20 17 28 25 30 27 29 26 32 31 33 38 34 39 40 35 36 37 42 44 45 43 48 41 46 47 51 53 55 50 49 52 56 54
 28 32 26 27 29 31 30 25 40 34 37 38 36 33 35 39 45 44 47 42 46 48 43 41 53 50 54 51 55 49 52 56 58 64 63 59 61 62 60 57 68 65 70 67 69 66 72 71  1  6  2  7  8  3  4  5 10 12 13 11 16  9 14 15 19 21 23 18 17 20 24 22
 13  9 11 12 14 16 15 10 17 19 22 23 21 18 20 24 30 29 32 27 31 25 28 26 38 35 39 36 40 34 37 33 43 41 48 44 46 47 45 42 53 50 55 52 54 51 49 56 58 63 59 64 57 60 61 62 67 69 70 68 65 66 71 72  4  6  8  3  2  5  1  7
 45 41 43 44 46 48 47 42 49 51 54 55 53 50 52 56 62 61 64 59 63 57 60 58 70 67 71 68 72 66 69 65  3  1  8  4  6  7  5  2 13 10 15 12 14 11  9 16 18 23 19 24 17 20 21 22 27 29 30 28 25 26 31 32 36 38 40 35 34 37 33 39
 61 57 59 60 62 64 63 58 65 67 70 71 69 66 68 72  6  5  8  3  7  1  4  2 14 11 15 12 16 10 13  9 19 17 24 20 22 23 21 18 29 26 31 28 30 27 25 32 34 39 35 40 33 36 37 38 43 45 46 44 41 42 47 48 52 54 56 51 50 53 49 55
 21 17 19 20 22 24 23 18 25 27 30 31 29 26 28 32 38 37 40 35 39 33 36 34 46 43 47 44 48 42 45 41 51 49 56 52 54 55 53 50 61 58 63 60 62 59 57 64 66 71 67 72 65 68 69 70  3  5  6  4  1  2  7  8 12 14 16 11 10 13  9 15
 29 25 27 28 30 32 31 26 33 35 38 39 37 34 36 40 46 45 48 43 47 41 44 42 54 51 55 52 56 50 53 49 59 57 64 60 62 63 61 58 69 66 71 68 70 67 65 72  2  7  3  8  1  4  5  6 11 13 14 12  9 10 15 16 20 22 24 19 18 21 17 23
 53 49 51 52 54 56 55 50 57 59 62 63 61 58 60 64 70 69 72 67 71 65 68 66  6  3  7  4  8  2  5  1 11  9 16 12 14 15 13 10 21 18 23 20 22 19 17 24 26 31 27 32 25 28 29 30 35 37 38 36 33 34 39 40 44 46 48 43 42 45 41 47
 37 33 35 36 38 40 39 34 41 43 46 47 45 42 44 48 54 53 56 51 55 49 52 50 62 59 63 60 64 58 61 57 67 65 72 68 70 71 69 66  5  2  7  4  6  3  1  8 10 15 11 16  9 12 13 14 19 21 22 20 17 18 23 24 28 30 32 27 26 29 25 31
  5  1  3  4  6  8  7  2  9 11 14 15 13 10 12 16 22 21 24 19 23 17 20 18 30 27 31 28 32 26 29 25 35 33 40 36 38 39 37 34 45 42 47 44 46 43 41 48 50 55 51 56 49 52 53 54 59 61 62 60 57 58 63 64 68 70 72 67 66 69 65 71
 69 65 67 68 70 72 71 66  1  3  6  7  5  2  4  8 14 13 16 11 15  9 12 10 22 19 23 20 24 18 21 17 27 25 32 28 30 31 29 26 37 34 39 36 38 35 33 40 42 47 43 48 41 44 45 46 51 53 54 52 49 50 55 56 60 62 64 59 58 61 57 63
  6  2  4  5  7  1  8  3 10 12 15 16 14 11 13  9 23 22 17 20 24 18 21 19 31 28 32 29 25 27 30 26 36 34 33 37 39 40 38 35 46 43 48 45 47 44 42 41 51 56 52 49 50 53 54 55 60 62 63 61 58 59 64 57 69 71 65 68 67 70 66 72
 22 18 20 21 23 17 24 19 26 28 31 32 30 27 29 25 39 38 33 36 40 34 37 35 47 44 48 45 41 43 46 42 52 50 49 53 55 56 54 51 62 59 64 61 63 60 58 57 67 72 68 65 66 69 70 71  4  6  7  5  2  3  8  1 13 15  9 12 11 14 10 16
 70 66 68 69 71 65 72 67  2  4  7  8  6  3  5  1 15 14  9 12 16 10 13 11 23 20 24 21 17 19 22 18 28 26 25 29 31 32 30 27 38 35 40 37 39 36 34 33 43 48 44 41 42 45 46 47 52 54 55 53 50 51 56 49 61 63 57 60 59 62 58 64
 14 10 12 13 15  9 16 11 18 20 23 24 22 19 21 17 31 30 25 28 32 26 29 27 39 36 40 37 33 35 38 34 44 42 41 45 47 48 46 43 54 51 56 53 55 52 50 49 59 64 60 57 58 61 62 63 68 70 71 69 66 67 72 65  5  7  1  4  3  6  2  8
 46 42 44 45 47 41 48 43 50 52 55 56 54 51 53 49 63 62 57 60 64 58 61 59 71 68 72 69 65 67 70 66  4  2  1  5  7  8  6  3 14 11 16 13 15 12 10  9 19 24 20 17 18 21 22 23 28 30 31 29 26 27 32 25 37 39 33 36 35 38 34 40
 38 34 36 37 39 33 40 35 42 44 47 48 46 43 45 41 55 54 49 52 56 50 53 51 63 60 64 61 57 59 62 58 68 66 65 69 71 72 70 67  6  3  8  5  7  4  2  1 11 16 12  9 10 13 14 15 20 22 23 21 18 19 24 17 29 31 25 28 27 30 26 32
 54 50 52 53 55 49 56 51 58 60 63 64 62 59 61 57 71 70 65 68 72 66 69 67  7  4  8  5  1  3  6  2 12 10  9 13 15 16 14 11 22 19 24 21 23 20 18 17 27 32 28 25 26 29 30 31 36 38 39 37 34 35 40 33 45 47 41 44 43 46 42 48
 30 26 28 29 31 25 32 27 34 36 39 40 38 35 37 33 47 46 41 44 48 42 45 43 55 52 56 53 49 51 54 50 60 58 57 61 63 64 62 59 70 67 72 69 71 68 66 65  3  8  4  1  2  5  6  7 12 14 15 13 10 11 16  9 21 23 17 20 19 22 18 24
 62 58 60 61 63 57 64 59 66 68 71 72 70 67 69 65  7  6  1  4  8  2  5  3 15 12 16 13  9 11 14 10 20 18 17 21 23 24 22 19 30 27 32 29 31 28 26 25 35 40 36 33 34 37 38 39 44 46 47 45 42 43 48 41 53 55 49 52 51 54 50 56
  7  3  5  6  8  2  1  4 11 13 16  9 15 12 14 10 24 23 18 21 17 19 22 20 32 29 25 30 26 28 31 27 37 35 34 38 40 33 39 36 47 44 41 46 48 45 43 42 52 49 53 50 51 54 55 56 61 63 64 62 59 60 57 58 70 72 66 69 68 71 67 65
 63 59 61 62 64 58 57 60 67 69 72 65 71 68 70 66  8  7  2  5  1  3  6  4 16 13  9 14 10 12 15 11 21 19 18 22 24 17 23 20 31 28 25 30 32 29 27 26 36 33 37 34 35 38 39 40 45 47 48 46 43 44 41 42 54 56 50 53 52 55 51 49
 71 67 69 70 72 66 65 68  3  5  8  1  7  4  6  2 16 15 10 13  9 11 14 12 24 21 17 22 18 20 23 19 29 27 26 30 32 25 31 28 39 36 33 38 40 37 35 34 44 41 45 42 43 46 47 48 53 55 56 54 51 52 49 50 62 64 58 61 60 63 59 57
 31 27 29 30 32 26 25 28 35 37 40 33 39 36 38 34 48 47 42 45 41 43 46 44 56 53 49 54 50 52 55 51 61 59 58 62 64 57 63 60 71 68 65 70 72 69 67 66  4  1  5  2  3  6  7  8 13 15 16 14 11 12  9 10 22 24 18 21 20 23 19 17
 15 11 13 14 16 10  9 12 19 21 24 17 23 20 22 18 32 31 26 29 25 27 30 28 40 37 33 38 34 36 39 35 45 43 42 46 48 41 47 44 55 52 49 54 56 53 51 50 60 57 61 58 59 62 63 64 69 71 72 70 67 68 65 66  6  8  2  5  4  7  3  1
 47 43 45 46 48 42 41 44 51 53 56 49 55 52 54 50 64 63 58 61 57 59 62 60 72 69 65 70 66 68 71 67  5  3  2  6  8  1  7  4 15 12  9 14 16 13 11 10 20 17 21 18 19 22 23 24 29 31 32 30 27 28 25 26 38 40 34 37 36 39 35 33
 55 51 53 54 56 50 49 52 59 61 64 57 63 60 62 58 72 71 66 69 65 67 70 68  8  5  1  6  2  4  7  3 13 11 10 14 16  9 15 12 23 20 17 22 24 21 19 18 28 25 29 26 27 30 31 32 37 39 40 38 35 36 33 34 46 48 42 45 44 47 43 41
 23 19 21 22 24 18 17 20 27 29 32 25 31 28 30 26 40 39 34 37 33 35 38 36 48 45 41 46 42 44 47 43 53 51 50 54 56 49 55 52 63 60 57 62 64 61 59 58 68 65 69 66 67 70 71 72  5  7  8  6  3  4  1  2 14 16 10 13 12 15 11  9
 39 35 37 38 40 34 33 36 43 45 48 41 47 44 46 42 56 55 50 53 49 51 54 52 64 61 57 62 58 60 63 59 69 67 66 70 72 65 71 68  7  4  1  6  8  5  3  2 12  9 13 10 11 14 15 16 21 23 24 22 19 20 17 18 30 32 26 29 28 31 27 25
 24 20 22 23 17 19 18 21 28 30 25 26 32 29 31 27 33 40 35 38 34 36 39 37 41 46 42 47 43 45 48 44 54 52 51 55 49 50 56 53 64 61 58 63 57 62 60 59 69 66 70 67 68 71 72 65  6  8  1  7  4  5  2  3 15  9 11 14 13 16 12 10
 64 60 62 63 57 59 58 61 68 70 65 66 72 69 71 67  1  8  3  6  2  4  7  5  9 14 10 15 11 13 16 12 22 20 19 23 17 18 24 21 32 29 26 31 25 30 28 27 37 34 38 35 36 39 40 33 46 48 41 47 44 45 42 43 55 49 51 54 53 56 52 50
  8  4  6  7  1  3  2  5 12 14  9 10 16 13 15 11 17 24 19 22 18 20 23 21 25 30 26 31 27 29 32 28 38 36 35 39 33 34 40 37 48 45 42 47 41 46 44 43 53 50 54 51 52 55 56 49 62 64 57 63 60 61 58 59 71 65 67 70 69 72 68 66
 32 28 30 31 25 27 26 29 36 38 33 34 40 37 39 35 41 48 43 46 42 44 47 45 49 54 50 55 51 53 56 52 62 60 59 63 57 58 64 61 72 69 66 71 65 70 68 67  5  2  6  3  4  7  8  1 14 16  9 15 12 13 10 11 23 17 19 22 21 24 20 18
 16 12 14 15  9 11 10 13 20 22 17 18 24 21 23 19 25 32 27 30 26 28 31 29 33 38 34 39 35 37 40 36 46 44 43 47 41 42 48 45 56 53 50 55 49 54 52 51 61 58 62 59 60 63 64 57 70 72 65 71 68 69 66 67  7  1  3  6  5  8  4  2
 48 44 46 47 41 43 42 45 52 54 49 50 56 53 55 51 57 64 59 62 58 60 63 61 65 70 66 71 67 69 72 68  6  4  3  7  1  2  8  5 16 13 10 15  9 14 12 11 21 18 22 19 20 23 24 17 30 32 25 31 28 29 26 27 39 33 35 38 37 40 36 34
 72 68 70 71 65 67 66 69  4  6  1  2  8  5  7  3  9 16 11 14 10 12 15 13 17 22 18 23 19 21 24 20 30 28 27 31 25 26 32 29 40 37 34 39 33 38 36 35 45 42 46 43 44 47 48 41 54 56 49 55 52 53 50 51 63 57 59 62 61 64 60 58
 40 36 38 39 33 35 34 37 44 46 41 42 48 45 47 43 49 56 51 54 50 52 55 53 57 62 58 63 59 61 64 60 70 68 67 71 65 66 72 69  8  5  2  7  1  6  4  3 13 10 14 11 12 15 16  9 22 24 17 23 20 21 18 19 31 25 27 30 29 32 28 26
 56 52 54 55 49 51 50 53 60 62 57 58 64 61 63 59 65 72 67 70 66 68 71 69  1  6  2  7  3  5  8  4 14 12 11 15  9 10 16 13 24 21 18 23 17 22 20 19 29 26 30 27 28 31 32 25 38 40 33 39 36 37 34 35 47 41 43 46 45 48 44 42
  1  5  7  8  2  4  3  6 13 15 10 11  9 14 16 12 18 17 20 23 19 21 24 22 26 31 27 32 28 30 25 29 39 37 36 40 34 35 33 38 41 46 43 48 42 47 45 44 54 51 55 52 53 56 49 50 63 57 58 64 61 62 59 60 72 66 68 71 70 65 69 67
 17 21 23 24 18 20 19 22 29 31 26 27 25 30 32 28 34 33 36 39 35 37 40 38 42 47 43 48 44 46 41 45 55 53 52 56 50 51 49 54 57 62 59 64 58 63 61 60 70 67 71 68 69 72 65 66  7  1  2  8  5  6  3  4 16 10 12 15 14  9 13 11
 65 69 71 72 66 68 67 70  5  7  2  3  1  6  8  4 10  9 12 15 11 13 16 14 18 23 19 24 20 22 17 21 31 29 28 32 26 27 25 30 33 38 35 40 34 39 37 36 46 43 47 44 45 48 41 42 55 49 50 56 53 54 51 52 64 58 60 63 62 57 61 59
 49 53 55 56 50 52 51 54 61 63 58 59 57 62 64 60 66 65 68 71 67 69 72 70  2  7  3  8  4  6  1  5 15 13 12 16 10 11  9 14 17 22 19 24 18 23 21 20 30 27 31 28 29 32 25 26 39 33 34 40 37 38 35 36 48 42 44 47 46 41 45 43
 33 37 39 40 34 36 35 38 45 47 42 43 41 46 48 44 50 49 52 55 51 53 56 54 58 63 59 64 60 62 57 61 71 69 68 72 66 67 65 70  1  6  3  8  2  7  5  4 14 11 15 12 13 16  9 10 23 17 18 24 21 22 19 20 32 26 28 31 30 25 29 27
 41 45 47 48 42 44 43 46 53 55 50 51 49 54 56 52 58 57 60 63 59 61 64 62 66 71 67 72 68 70 65 69  7  5  4  8  2  3  1  6  9 14 11 16 10 15 13 12 22 19 23 20 21 24 17 18 31 25 26 32 29 30 27 28 40 34 36 39 38 33 37 35
 57 61 63 64 58 60 59 62 69 71 66 67 65 70 72 68  2  1  4  7  3  5  8  6 10 15 11 16 12 14  9 13 23 21 20 24 18 19 17 22 25 30 27 32 26 31 29 28 38 35 39 36 37 40 33 34 47 41 42 48 45 46 43 44 56 50 52 55 54 49 53 51
 25 29 31 32 26 28 27 30 37 39 34 35 33 38 40 36 42 41 44 47 43 45 48 46 50 55 51 56 52 54 49 53 63 61 60 64 58 59 57 62 65 70 67 72 66 71 69 68  6  3  7  4  5  8  1  2 15  9 10 16 13 14 11 12 24 18 20 23 22 17 21 19
  9 13 15 16 10 12 11 14 21 23 18 19 17 22 24 20 26 25 28 31 27 29 32 30 34 39 35 40 36 38 33 37 47 45 44 48 42 43 41 46 49 54 51 56 50 55 53 52 62 59 63 60 61 64 57 58 71 65 66 72 69 70 67 68  8  2  4  7  6  1  5  3
 66 70 72 65 67 69 68 71  6  8  3  4  2  7  1  5 11 10 13 16 12 14  9 15 19 24 20 17 21 23 18 22 32 30 29 25 27 28 26 31 34 39 36 33 35 40 38 37 47 44 48 45 46 41 42 43 56 50 51 49 54 55 52 53 57 59 61 64 63 58 62 60
 18 22 24 17 19 21 20 23 30 32 27 28 26 31 25 29 35 34 37 40 36 38 33 39 43 48 44 41 45 47 42 46 56 54 53 49 51 52 50 55 58 63 60 57 59 64 62 61 71 68 72 69 70 65 66 67  8  2  3  1  6  7  4  5  9 11 13 16 15 10 14 12
 50 54 56 49 51 53 52 55 62 64 59 60 58 63 57 61 67 66 69 72 68 70 65 71  3  8  4  1  5  7  2  6 16 14 13  9 11 12 10 15 18 23 20 17 19 24 22 21 31 28 32 29 30 25 26 27 40 34 35 33 38 39 36 37 41 43 45 48 47 42 46 44
 26 30 32 25 27 29 28 31 38 40 35 36 34 39 33 37 43 42 45 48 44 46 41 47 51 56 52 49 53 55 50 54 64 62 61 57 59 60 58 63 66 71 68 65 67 72 70 69  7  4  8  5  6  1  2  3 16 10 11  9 14 15 12 13 17 19 21 24 23 18 22 20
 34 38 40 33 35 37 36 39 46 48 43 44 42 47 41 45 51 50 53 56 52 54 49 55 59 64 60 57 61 63 58 62 72 70 69 65 67 68 66 71  2  7  4  1  3  8  6  5 15 12 16 13 14  9 10 11 24 18 19 17 22 23 20 21 25 27 29 32 31 26 30 28
 42 46 48 41 43 45 44 47 54 56 51 52 50 55 49 53 59 58 61 64 60 62 57 63 67 72 68 65 69 71 66 70  8  6  5  1  3  4  2  7 10 15 12  9 11 16 14 13 23 20 24 21 22 17 18 19 32 26 27 25 30 31 28 29 33 35 37 40 39 34 38 36
  2  6  8  1  3  5  4  7 14 16 11 12 10 15  9 13 19 18 21 24 20 22 17 23 27 32 28 25 29 31 26 30 40 38 37 33 35 36 34 39 42 47 44 41 43 48 46 45 55 52 56 53 54 49 50 51 64 58 59 57 62 63 60 61 65 67 69 72 71 66 70 68
 58 62 64 57 59 61 60 63 70 72 67 68 66 71 65 69  3  2  5  8  4  6  1  7 11 16 12  9 13 15 10 14 24 22 21 17 19 20 18 23 26 31 28 25 27 32 30 29 39 36 40 37 38 33 34 35 48 42 43 41 46 47 44 45 49 51 53 56 55 50 54 52
 10 14 16  9 11 13 12 15 22 24 19 20 18 23 17 21 27 26 29 32 28 30 25 31 35 40 36 33 37 39 34 38 48 46 45 41 43 44 42 47 50 55 52 49 51 56 54 53 63 60 64 61 62 57 58 59 72 66 67 65 70 71 68 69  1  3  5  8  7  2  6  4
