 30 31 25 32 26 28 27 29 34 35 36 33 39 37 38 40 42 45 41 46 44 48 47 43 52 51 49 50 56 55 53 54 59 58 61 57 64 60 62 63 70 65 66 68 67 71 72 69  2  8  6  4  5  3  1  7 13 14 16 15 10  9 12 11 23 21 24 18 19 17 20 22
 46 47 41 48 42 44 43 45 50 51 52 49 55 53 54 56 58 61 57 62 60 64 63 59 68 67 65 66 72 71 69 70  3  2  5  1  8  4  6  7 14  9 10 12 11 15 16 13 18 24 22 20 21 19 17 23 29 30 32 31 26 25 28 27 39 37 40 34 35 33 36 38
 14 15  9 16 10 12 11 13 18 19 20 17 23 21 22 24 26 29 25 30 28 32 31 27 36 35 33 34 40 39 37 38 43 42 45 41 48 44 46 47 54 49 50 52 51 55 56 53 58 64 62 60 61 59 57 63 69 70 72 71 66 65 68 67  7  5  8  2  3  1  4  6
 38 39 33 40 34 36 35 37 42 43 44 41 47 45 46 48 50 53 49 54 52 56 55 51 60 59 57 58 64 63 61 62 67 66 69 65 72 68 70 71  6  1  2  4  3  7  8  5 10 16 14 12 13 11  9 15 21 22 24 23 18 17 20 19 31 29 32 26 27 25 28 30
 22 23 17 24 18 20 19 21 26 27 28 25 31 29 30 32 34 37 33 38 36 40 39 35 44 43 41 42 48 47 45 46 51 50 53 49 56 52 54 55 62 57 58 60 59 63 64 61 66 72 70 68 69 67 65 71  5  6  8  7  2  1  4  3 15 13 16 10 11  9 12 14
  6  7  1  8  2  4  3  5 10 11 12  9 15 13 14 16 18 21 17 22 20 24 23 19 28 27 25 26 32 31 29 30 35 34 37 33 40 36 38 39 46 41 42 44 43 47 48 45 50 56 54 52 53 51 49 55 61 62 64 63 58 57 60 59 71 69 72 66 67 65 68 70
 70 71 65 72 66 68 67 69  2  3  4  1  7  5  6  8 10 13  9 14 12 16 15 11 20 19 17 18 24 23 21 22 27 26 29 25 32 28 30 31 38 33 34 36 35 39 40 37 42 48 46 44 45 43 41 47 53 54 56 55 50 49 52 51 63 61 64 58 59 57 60 62
 62 63 57 64 58 60 59 61 66 67 68 65 71 69 70 72  2  5  1  6  4  8  7  3 12 11  9 10 16 15 13 14 19 18 21 17 24 20 22 23 30 25 26 28 27 31 32 29 34 40 38 36 37 35 33 39 45 46 48 47 42 41 44 43 55 53 56 50 51 49 52 54
 54 55 49 56 50 52 51 53 58 59 60 57 63 61 62 64 66 69 65 70 68 72 71 67  4  3  1  2  8  7  5  6 11 10 13  9 16 12 14 15 22 17 18 20 19 23 24 21 26 32 30 28 29 27 25 31 37 38 40 39 34 33 36 35 47 45 48 42 43 41 44 46
 23 24 18 17 19 21 20 22 27 28 29 26 32 30 31 25 35 38 34 39 37 33 40 36 45 44 42 43 41 48 46 47 52 51 54 50 49 53 55 56 63 58 59 61 60 64 57 62 67 65 71 69 70 68 66 72  6  7  1  8  3  2  5  4 16 14  9 11 12 10 13 15
 63 64 58 57 59 61 60 62 67 68 69 66 72 70 71 65  3  6  2  7  5  1  8  4 13 12 10 11  9 16 14 15 20 19 22 18 17 21 23 24 31 26 27 29 28 32 25 30 35 33 39 37 38 36 34 40 46 47 41 48 43 42 45 44 56 54 49 51 52 50 53 55
 39 40 34 33 35 37 36 38 43 44 45 42 48 46 47 41 51 54 50 55 53 49 56 52 61 60 58 59 57 64 62 63 68 67 70 66 65 69 71 72  7  2  3  5  4  8  1  6 11  9 15 13 14 12 10 16 22 23 17 24 19 18 21 20 32 30 25 27 28 26 29 31
  7  8  2  1  3  5  4  6 11 12 13 10 16 14 15  9 19 22 18 23 21 17 24 20 29 28 26 27 25 32 30 31 36 35 38 34 33 37 39 40 47 42 43 45 44 48 41 46 51 49 55 53 54 52 50 56 62 63 57 64 59 58 61 60 72 70 65 67 68 66 69 71
 71 72 66 65 67 69 68 70  3  4  5  2  8  6  7  1 11 14 10 15 13  9 16 12 21 20 18 19 17 24 22 23 28 27 30 26 25 29 31 32 39 34 35 37 36 40 33 38 43 41 47 45 46 44 42 48 54 55 49 56 51 50 53 52 64 62 57 59 60 58 61 63
 55 56 50 49 51 53 52 54 59 60 61 58 64 62 63 57 67 70 66 71 69 65 72 68  5  4  2  3  1  8  6  7 12 11 14 10  9 13 15 16 23 18 19 21 20 24 17 22 27 25 31 29 30 28 26 32 38 39 33 40 35 34 37 36 48 46 41 43 44 42 45 47
 47 48 42 41 43 45 44 46 51 52 53 50 56 54 55 49 59 62 58 63 61 57 64 60 69 68 66 67 65 72 70 71  4  3  6  2  1  5  7  8 15 10 11 13 12 16  9 14 19 17 23 21 22 20 18 24 30 31 25 32 27 26 29 28 40 38 33 35 36 34 37 39
 15 16 10  9 11 13 12 14 19 20 21 18 24 22 23 17 27 30 26 31 29 25 32 28 37 36 34 35 33 40 38 39 44 43 46 42 41 45 47 48 55 50 51 53 52 56 49 54 59 57 63 61 62 60 58 64 70 71 65 72 67 66 69 68  8  6  1  3  4  2  5  7
 31 32 26 25 27 29 28 30 35 36 37 34 40 38 39 33 43 46 42 47 45 41 48 44 53 52 50 51 49 56 54 55 60 59 62 58 57 61 63 64 71 66 67 69 68 72 65 70  3  1  7  5  6  4  2  8 14 15  9 16 11 10 13 12 24 22 17 19 20 18 21 23
  8  1  3  2  4  6  5  7 12 13 14 11  9 15 16 10 20 23 19 24 22 18 17 21 30 29 27 28 26 25 31 32 37 36 39 35 34 38 40 33 48 43 44 46 45 41 42 47 52 50 56 54 55 53 51 49 63 64 58 57 60 59 62 61 65 71 66 68 69 67 70 72
 40 33 35 34 36 38 37 39 44 45 46 43 41 47 48 42 52 55 51 56 54 50 49 53 62 61 59 60 58 57 63 64 69 68 71 67 66 70 72 65  8  3  4  6  5  1  2  7 12 10 16 14 15 13 11  9 23 24 18 17 20 19 22 21 25 31 26 28 29 27 30 32
 56 49 51 50 52 54 53 55 60 61 62 59 57 63 64 58 68 71 67 72 70 66 65 69  6  5  3  4  2  1  7  8 13 12 15 11 10 14 16  9 24 19 20 22 21 17 18 23 28 26 32 30 31 29 27 25 39 40 34 33 36 35 38 37 41 47 42 44 45 43 46 48
 32 25 27 26 28 30 29 31 36 37 38 35 33 39 40 34 44 47 43 48 46 42 41 45 54 53 51 52 50 49 55 56 61 60 63 59 58 62 64 57 72 67 68 70 69 65 66 71  4  2  8  6  7  5  3  1 15 16 10  9 12 11 14 13 17 23 18 20 21 19 22 24
 16  9 11 10 12 14 13 15 20 21 22 19 17 23 24 18 28 31 27 32 30 26 25 29 38 37 35 36 34 33 39 40 45 44 47 43 42 46 48 41 56 51 52 54 53 49 50 55 60 58 64 62 63 61 59 57 71 72 66 65 68 67 70 69  1  7  2  4  5  3  6  8
 72 65 67 66 68 70 69 71  4  5  6  3  1  7  8  2 12 15 11 16 14 10  9 13 22 21 19 20 18 17 23 24 29 28 31 27 26 30 32 25 40 35 36 38 37 33 34 39 44 42 48 46 47 45 43 41 55 56 50 49 52 51 54 53 57 63 58 60 61 59 62 64
 64 57 59 58 60 62 61 63 68 69 70 67 65 71 72 66  4  7  3  8  6  2  1  5 14 13 11 12 10  9 15 16 21 20 23 19 18 22 24 17 32 27 28 30 29 25 26 31 36 34 40 38 39 37 35 33 47 48 42 41 44 43 46 45 49 55 50 52 53 51 54 56
 48 41 43 42 44 46 45 47 52 53 54 51 49 55 56 50 60 63 59 64 62 58 57 61 70 69 67 68 66 65 71 72  5  4  7  3  2  6  8  1 16 11 12 14 13  9 10 15 20 18 24 22 23 21 19 17 31 32 26 25 28 27 30 29 33 39 34 36 37 35 38 40
 24 17 19 18 20 22 21 23 28 29 30 27 25 31 32 26 36 39 35 40 38 34 33 37 46 45 43 44 42 41 47 48 53 52 55 51 50 54 56 49 64 59 60 62 61 57 58 63 68 66 72 70 71 69 67 65  7  8  2  1  4  3  6  5  9 15 10 12 13 11 14 16
  1  2  4  3  5  7  6  8 13 14 15 12 10 16  9 11 21 24 20 17 23 19 18 22 31 30 28 29 27 26 32 25 38 37 40 36 35 39 33 34 41 44 45 47 46 42 43 48 53 51 49 55 56 54 52 50 64 57 59 58 61 60 63 62 66 72 67 69 70 68 71 65
 25 26 28 27 29 31 30 32 37 38 39 36 34 40 33 35 45 48 44 41 47 43 42 46 55 54 52 53 51 50 56 49 62 61 64 60 59 63 57 58 65 68 69 71 70 66 67 72  5  3  1  7  8  6  4  2 16  9 11 10 13 12 15 14 18 24 19 21 22 20 23 17
  9 10 12 11 13 15 14 16 21 22 23 20 18 24 17 19 29 32 28 25 31 27 26 30 39 38 36 37 35 34 40 33 46 45 48 44 43 47 41 42 49 52 53 55 54 50 51 56 61 59 57 63 64 62 60 58 72 65 67 66 69 68 71 70  2  8  3  5  6  4  7  1
 33 34 36 35 37 39 38 40 45 46 47 44 42 48 41 43 53 56 52 49 55 51 50 54 63 62 60 61 59 58 64 57 70 69 72 68 67 71 65 66  1  4  5  7  6  2  3  8 13 11  9 15 16 14 12 10 24 17 19 18 21 20 23 22 26 32 27 29 30 28 31 25
 41 42 44 43 45 47 46 48 53 54 55 52 50 56 49 51 61 64 60 57 63 59 58 62 71 70 68 69 67 66 72 65  6  5  8  4  3  7  1  2  9 12 13 15 14 10 11 16 21 19 17 23 24 22 20 18 32 25 27 26 29 28 31 30 34 40 35 37 38 36 39 33
 57 58 60 59 61 63 62 64 69 70 71 68 66 72 65 67  5  8  4  1  7  3  2  6 15 14 12 13 11 10 16  9 22 21 24 20 19 23 17 18 25 28 29 31 30 26 27 32 37 35 33 39 40 38 36 34 48 41 43 42 45 44 47 46 50 56 51 53 54 52 55 49
 17 18 20 19 21 23 22 24 29 30 31 28 26 32 25 27 37 40 36 33 39 35 34 38 47 46 44 45 43 42 48 41 54 53 56 52 51 55 49 50 57 60 61 63 62 58 59 64 69 67 65 71 72 70 68 66  8  1  3  2  5  4  7  6 10 16 11 13 14 12 15  9
 49 50 52 51 53 55 54 56 61 62 63 60 58 64 57 59 69 72 68 65 71 67 66 70  7  6  4  5  3  2  8  1 14 13 16 12 11 15  9 10 17 20 21 23 22 18 19 24 29 27 25 31 32 30 28 26 40 33 35 34 37 36 39 38 42 48 43 45 46 44 47 41
 65 66 68 67 69 71 70 72  5  6  7  4  2  8  1  3 13 16 12  9 15 11 10 14 23 22 20 21 19 18 24 17 30 29 32 28 27 31 25 26 33 36 37 39 38 34 35 40 45 43 41 47 48 46 44 42 56 49 51 50 53 52 55 54 58 64 59 61 62 60 63 57
 58 59 61 60 62 64 63 57 70 71 72 69 67 65 66 68  6  1  5  2  8  4  3  7 16 15 13 14 12 11  9 10 23 22 17 21 20 24 18 19 26 29 30 32 31 27 28 25 38 36 34 40 33 39 37 35 41 42 44 43 46 45 48 47 51 49 52 54 55 53 56 50
  2  3  5  4  6  8  7  1 14 15 16 13 11  9 10 12 22 17 21 18 24 20 19 23 32 31 29 30 28 27 25 26 39 38 33 37 36 40 34 35 42 45 46 48 47 43 44 41 54 52 50 56 49 55 53 51 57 58 60 59 62 61 64 63 67 65 68 70 71 69 72 66
 50 51 53 52 54 56 55 49 62 63 64 61 59 57 58 60 70 65 69 66 72 68 67 71  8  7  5  6  4  3  1  2 15 14  9 13 12 16 10 11 18 21 22 24 23 19 20 17 30 28 26 32 25 31 29 27 33 34 36 35 38 37 40 39 43 41 44 46 47 45 48 42
 34 35 37 36 38 40 39 33 46 47 48 45 43 41 42 44 54 49 53 50 56 52 51 55 64 63 61 62 60 59 57 58 71 70 65 69 68 72 66 67  2  5  6  8  7  3  4  1 14 12 10 16  9 15 13 11 17 18 20 19 22 21 24 23 27 25 28 30 31 29 32 26
 42 43 45 44 46 48 47 41 54 55 56 53 51 49 50 52 62 57 61 58 64 60 59 63 72 71 69 70 68 67 65 66  7  6  1  5  4  8  2  3 10 13 14 16 15 11 12  9 22 20 18 24 17 23 21 19 25 26 28 27 30 29 32 31 35 33 36 38 39 37 40 34
 10 11 13 12 14 16 15  9 22 23 24 21 19 17 18 20 30 25 29 26 32 28 27 31 40 39 37 38 36 35 33 34 47 46 41 45 44 48 42 43 50 53 54 56 55 51 52 49 62 60 58 64 57 63 61 59 65 66 68 67 70 69 72 71  3  1  4  6  7  5  8  2
 66 67 69 68 70 72 71 65  6  7  8  5  3  1  2  4 14  9 13 10 16 12 11 15 24 23 21 22 20 19 17 18 31 30 25 29 28 32 26 27 34 37 38 40 39 35 36 33 46 44 42 48 41 47 45 43 49 50 52 51 54 53 56 55 59 57 60 62 63 61 64 58
 26 27 29 28 30 32 31 25 38 39 40 37 35 33 34 36 46 41 45 42 48 44 43 47 56 55 53 54 52 51 49 50 63 62 57 61 60 64 58 59 66 69 70 72 71 67 68 65  6  4  2  8  1  7  5  3  9 10 12 11 14 13 16 15 19 17 20 22 23 21 24 18
 18 19 21 20 22 24 23 17 30 31 32 29 27 25 26 28 38 33 37 34 40 36 35 39 48 47 45 46 44 43 41 42 55 54 49 53 52 56 50 51 58 61 62 64 63 59 60 57 70 68 66 72 65 71 69 67  1  2  4  3  6  5  8  7 11  9 12 14 15 13 16 10
 51 52 54 53 55 49 56 50 63 64 57 62 60 58 59 61 71 66 70 67 65 69 68 72  1  8  6  7  5  4  2  3 16 15 10 14 13  9 11 12 19 22 23 17 24 20 21 18 31 29 27 25 26 32 30 28 34 35 37 36 39 38 33 40 44 42 45 47 48 46 41 43
 19 20 22 21 23 17 24 18 31 32 25 30 28 26 27 29 39 34 38 35 33 37 36 40 41 48 46 47 45 44 42 43 56 55 50 54 53 49 51 52 59 62 63 57 64 60 61 58 71 69 67 65 66 72 70 68  2  3  5  4  7  6  1  8 12 10 13 15 16 14  9 11
 11 12 14 13 15  9 16 10 23 24 17 22 20 18 19 21 31 26 30 27 25 29 28 32 33 40 38 39 37 36 34 35 48 47 42 46 45 41 43 44 51 54 55 49 56 52 53 50 63 61 59 57 58 64 62 60 66 67 69 68 71 70 65 72  4  2  5  7  8  6  1  3
  3  4  6  5  7  1  8  2 15 16  9 14 12 10 11 13 23 18 22 19 17 21 20 24 25 32 30 31 29 28 26 27 40 39 34 38 37 33 35 36 43 46 47 41 48 44 45 42 55 53 51 49 50 56 54 52 58 59 61 60 63 62 57 64 68 66 69 71 72 70 65 67
 27 28 30 29 31 25 32 26 39 40 33 38 36 34 35 37 47 42 46 43 41 45 44 48 49 56 54 55 53 52 50 51 64 63 58 62 61 57 59 60 67 70 71 65 72 68 69 66  7  5  3  1  2  8  6  4 10 11 13 12 15 14  9 16 20 18 21 23 24 22 17 19
 43 44 46 45 47 41 48 42 55 56 49 54 52 50 51 53 63 58 62 59 57 61 60 64 65 72 70 71 69 68 66 67  8  7  2  6  5  1  3  4 11 14 15  9 16 12 13 10 23 21 19 17 18 24 22 20 26 27 29 28 31 30 25 32 36 34 37 39 40 38 33 35
 67 68 70 69 71 65 72 66  7  8  1  6  4  2  3  5 15 10 14 11  9 13 12 16 17 24 22 23 21 20 18 19 32 31 26 30 29 25 27 28 35 38 39 33 40 36 37 34 47 45 43 41 42 48 46 44 50 51 53 52 55 54 49 56 60 58 61 63 64 62 57 59
 35 36 38 37 39 33 40 34 47 48 41 46 44 42 43 45 55 50 54 51 49 53 52 56 57 64 62 63 61 60 58 59 72 71 66 70 69 65 67 68  3  6  7  1  8  4  5  2 15 13 11  9 10 16 14 12 18 19 21 20 23 22 17 24 28 26 29 31 32 30 25 27
 59 60 62 61 63 57 64 58 71 72 65 70 68 66 67 69  7  2  6  3  1  5  4  8  9 16 14 15 13 12 10 11 24 23 18 22 21 17 19 20 27 30 31 25 32 28 29 26 39 37 35 33 34 40 38 36 42 43 45 44 47 46 41 48 52 50 53 55 56 54 49 51
 52 53 55 54 56 50 49 51 64 57 58 63 61 59 60 62 72 67 71 68 66 70 69 65  2  1  7  8  6  5  3  4  9 16 11 15 14 10 12 13 20 23 24 18 17 21 22 19 32 30 28 26 27 25 31 29 35 36 38 37 40 39 34 33 45 43 46 48 41 47 42 44
 36 37 39 38 40 34 33 35 48 41 42 47 45 43 44 46 56 51 55 52 50 54 53 49 58 57 63 64 62 61 59 60 65 72 67 71 70 66 68 69  4  7  8  2  1  5  6  3 16 14 12 10 11  9 15 13 19 20 22 21 24 23 18 17 29 27 30 32 25 31 26 28
 60 61 63 62 64 58 57 59 72 65 66 71 69 67 68 70  8  3  7  4  2  6  5  1 10  9 15 16 14 13 11 12 17 24 19 23 22 18 20 21 28 31 32 26 25 29 30 27 40 38 36 34 35 33 39 37 43 44 46 45 48 47 42 41 53 51 54 56 49 55 50 52
 44 45 47 46 48 42 41 43 56 49 50 55 53 51 52 54 64 59 63 60 58 62 61 57 66 65 71 72 70 69 67 68  1  8  3  7  6  2  4  5 12 15 16 10  9 13 14 11 24 22 20 18 19 17 23 21 27 28 30 29 32 31 26 25 37 35 38 40 33 39 34 36
 68 69 71 70 72 66 65 67  8  1  2  7  5  3  4  6 16 11 15 12 10 14 13  9 18 17 23 24 22 21 19 20 25 32 27 31 30 26 28 29 36 39 40 34 33 37 38 35 48 46 44 42 43 41 47 45 51 52 54 53 56 55 50 49 61 59 62 64 57 63 58 60
 28 29 31 30 32 26 25 27 40 33 34 39 37 35 36 38 48 43 47 44 42 46 45 41 50 49 55 56 54 53 51 52 57 64 59 63 62 58 60 61 68 71 72 66 65 69 70 67  8  6  4  2  3  1  7  5 11 12 14 13 16 15 10  9 21 19 22 24 17 23 18 20
 12 13 15 14 16 10  9 11 24 17 18 23 21 19 20 22 32 27 31 28 26 30 29 25 34 33 39 40 38 37 35 36 41 48 43 47 46 42 44 45 52 55 56 50 49 53 54 51 64 62 60 58 59 57 63 61 67 68 70 69 72 71 66 65  5  3  6  8  1  7  2  4
  4  5  7  6  8  2  1  3 16  9 10 15 13 11 12 14 24 19 23 20 18 22 21 17 26 25 31 32 30 29 27 28 33 40 35 39 38 34 36 37 44 47 48 42 41 45 46 43 56 54 52 50 51 49 55 53 59 60 62 61 64 63 58 57 69 67 70 72 65 71 66 68
 20 21 23 22 24 18 17 19 32 25 26 31 29 27 28 30 40 35 39 36 34 38 37 33 42 41 47 48 46 45 43 44 49 56 51 55 54 50 52 53 60 63 64 58 57 61 62 59 72 70 68 66 67 65 71 69  3  4  6  5  8  7  2  1 13 11 14 16  9 15 10 12
 61 62 64 63 57 59 58 60 65 66 67 72 70 68 69 71  1  4  8  5  3  7  6  2 11 10 16  9 15 14 12 13 18 17 20 24 23 19 21 22 29 32 25 27 26 30 31 28 33 39 37 35 36 34 40 38 44 45 47 46 41 48 43 42 54 52 55 49 50 56 51 53
 29 30 32 31 25 27 26 28 33 34 35 40 38 36 37 39 41 44 48 45 43 47 46 42 51 50 56 49 55 54 52 53 58 57 60 64 63 59 61 62 69 72 65 67 66 70 71 68  1  7  5  3  4  2  8  6 12 13 15 14  9 16 11 10 22 20 23 17 18 24 19 21
 37 38 40 39 33 35 34 36 41 42 43 48 46 44 45 47 49 52 56 53 51 55 54 50 59 58 64 57 63 62 60 61 66 65 68 72 71 67 69 70  5  8  1  3  2  6  7  4  9 15 13 11 12 10 16 14 20 21 23 22 17 24 19 18 30 28 31 25 26 32 27 29
 21 22 24 23 17 19 18 20 25 26 27 32 30 28 29 31 33 36 40 37 35 39 38 34 43 42 48 41 47 46 44 45 50 49 52 56 55 51 53 54 61 64 57 59 58 62 63 60 65 71 69 67 68 66 72 70  4  5  7  6  1  8  3  2 14 12 15  9 10 16 11 13
 45 46 48 47 41 43 42 44 49 50 51 56 54 52 53 55 57 60 64 61 59 63 62 58 67 66 72 65 71 70 68 69  2  1  4  8  7  3  5  6 13 16  9 11 10 14 15 12 17 23 21 19 20 18 24 22 28 29 31 30 25 32 27 26 38 36 39 33 34 40 35 37
 69 70 72 71 65 67 66 68  1  2  3  8  6  4  5  7  9 12 16 13 11 15 14 10 19 18 24 17 23 22 20 21 26 25 28 32 31 27 29 30 37 40 33 35 34 38 39 36 41 47 45 43 44 42 48 46 52 53 55 54 49 56 51 50 62 60 63 57 58 64 59 61
 13 14 16 15  9 11 10 12 17 18 19 24 22 20 21 23 25 28 32 29 27 31 30 26 35 34 40 33 39 38 36 37 42 41 44 48 47 43 45 46 53 56 49 51 50 54 55 52 57 63 61 59 60 58 64 62 68 69 71 70 65 72 67 66  6  4  7  1  2  8  3  5
  5  6  8  7  1  3  2  4  9 10 11 16 14 12 13 15 17 20 24 21 19 23 22 18 27 26 32 25 31 30 28 29 34 33 36 40 39 35 37 38 45 48 41 43 42 46 47 44 49 55 53 51 52 50 56 54 60 61 63 62 57 64 59 58 70 68 71 65 66 72 67 69
 53 54 56 55 49 51 50 52 57 58 59 64 62 60 61 63 65 68 72 69 67 71 70 66  3  2  8  1  7  6  4  5 10  9 12 16 15 11 13 14 21 24 17 19 18 22 23 20 25 31 29 27 28 26 32 30 36 37 39 38 33 40 35 34 46 44 47 41 42 48 43 45
