 21 16 20 15 19 17 18  1  4  5  6  7  2  3 12 14 11  8 10 13  9
  7  2  6  1  5  3  4  8 11 12 13 14  9 10 19 21 18 15 17 20 16
 14  9 13  8 12 10 11 15 18 19 20 21 16 17  5  7  4  1  3  6  2
  8 10 14  9 13 11 12 16 19 20 21 15 17 18  6  1  5  2  4  7  3
 15 17 21 16 20 18 19  2  5  6  7  1  3  4 13  8 12  9 11 14 10
  1  3  7  2  6  4  5  9 12 13 14  8 10 11 20 15 19 16 18 21 17
  9 11  8 10 14 12 13 17 20 21 15 16 18 19  7  2  6  3  5  1  4
  2  4  1  3  7  5  6 10 13 14  8  9 11 12 21 16 20 17 19 15 18
 16 18 15 17 21 19 20  3  6  7  1  2  4  5 14  9 13 10 12  8 11
 10 12  9 11  8 13 14 18 21 15 16 17 19 20  1  3  7  4  6  2  5
 17 19 16 18 15 20 21  4  7  1  2  3  5  6  8 10 14 11 13  9 12
  3  5  2  4  1  6  7 11 14  8  9 10 12 13 15 17 21 18 20 16 19
 18 20 17 19 16 21 15  5  1  2  3  4  6  7  9 11  8 12 14 10 13
  4  6  3  5  2  7  1 12  8  9 10 11 13 14 16 18 15 19 21 17 20
 11 13 10 12  9 14  8 19 15 16 17 18 20 21  2  4  1  5  7  3  6
 19 21 18 20 17 15 16  6  2  3  4  5  7  1 10 12  9 13  8 11 14
  5  7  4  6  3  1  2 13  9 10 11 12 14  8 17 19 16 20 15 18 21
 12 14 11 13 10  8  9 20 16 17 18 19 21 15  3  5  2  6  1  4  7
  6  1  5  7  4  2  3 14 10 11 12 13  8  9 18 20 17 21 16 19 15
 13  8 12 14 11  9 10 21 17 18 19 20 15 16  4  6  3  7  2  5  1
 20 15 19 21 18 16 17  7  3  4  5  6  1  2 11 13 10 14  9 12  8
