 12 13 10  8  9 11 14 15 19 21 18 20 17 16  7  5  4  6  1  3  2
 19 20 17 15 16 18 21  1  5  7  4  6  3  2 14 12 11 13  8 10  9
  5  6  3  1  2  4  7  8 12 14 11 13 10  9 21 19 18 20 15 17 16
 13 14 11  9 10 12  8 16 20 15 19 21 18 17  1  6  5  7  2  4  3
 20 21 18 16 17 19 15  2  6  1  5  7  4  3  8 13 12 14  9 11 10
  6  7  4  2  3  5  1  9 13  8 12 14 11 10 15 20 19 21 16 18 17
 14  8 12 10 11 13  9 17 21 16 20 15 19 18  2  7  6  1  3  5  4
 21 15 19 17 18 20 16  3  7  2  6  1  5  4  9 14 13  8 10 12 11
  7  1  5  3  4  6  2 10 14  9 13  8 12 11 16 21 20 15 17 19 18
 15 16 20 18 19 21 17  4  1  3  7  2  6  5 10  8 14  9 11 13 12
  1  2  6  4  5  7  3 11  8 10 14  9 13 12 17 15 21 16 18 20 19
  8  9 13 11 12 14 10 18 15 17 21 16 20 19  3  1  7  2  4  6  5
  9 10 14 12 13  8 11 19 16 18 15 17 21 20  4  2  1  3  5  7  6
  2  3  7  5  6  1  4 12  9 11  8 10 14 13 18 16 15 17 19 21 20
 16 17 21 19 20 15 18  5  2  4  1  3  7  6 11  9  8 10 12 14 13
 17 18 15 20 21 16 19  6  3  5  2  4  1  7 12 10  9 11 13  8 14
 10 11  8 13 14  9 12 20 17 19 16 18 15 21  5  3  2  4  6  1  7
  3  4  1  6  7  2  5 13 10 12  9 11  8 14 19 17 16 18 20 15 21
  4  5  2  7  1  3  6 14 11 13 10 12  9  8 20 18 17 19 21 16 15
 18 19 16 21 15 17 20  7  4  6  3  5  2  1 13 11 10 12 14  9  8
 11 12  9 14  8 10 13 21 18 20 17 19 16 15  6  4  3  5  7  2  1
