  9 12 14 11  8 10 13 17 21 18 19 20 15 16 27 22 26 23 24 25 28  4  5  1  6  7  3  2
  2  5  7  4  1  3  6 10 14 11 12 13  8  9 20 15 19 16 17 18 21 25 26 22 27 28 24 23
 16 19 21 18 15 17 20 24 28 25 26 27 22 23  6  1  5  2  3  4  7 11 12  8 13 14 10  9
 23 26 28 25 22 24 27  3  7  4  5  6  1  2 13  8 12  9 10 11 14 18 19 15 20 21 17 16
  3  6  1  5  2  4  7 11  8 12 13 14  9 10 21 16 20 17 18 19 15 26 27 23 28 22 25 24
 24 27 22 26 23 25 28  4  1  5  6  7  2  3 14  9 13 10 11 12  8 19 20 16 21 15 18 17
 10 13  8 12  9 11 14 18 15 19 20 21 16 17 28 23 27 24 25 26 22  5  6  2  7  1  4  3
 17 20 15 19 16 18 21 25 22 26 27 28 23 24  7  2  6  3  4  5  1 12 13  9 14  8 11 10
 18 21 16 20 17 19 15 26 23 27 28 22 24 25  1  3  7  4  5  6  2 13 14 10  8  9 12 11
  4  7  2  6  3  5  1 12  9 13 14  8 10 11 15 17 21 18 19 20 16 27 28 24 22 23 26 25
 25 28 23 27 24 26 22  5  2  6  7  1  3  4  8 10 14 11 12 13  9 20 21 17 15 16 19 18
 11 14  9 13 10 12  8 19 16 20 21 15 17 18 22 24 28 25 26 27 23  6  7  3  1  2  5  4
 19 15 17 21 18 20 16 27 24 28 22 23 25 26  2  4  1  5  6  7  3 14  8 11  9 10 13 12
  5  1  3  7  4  6  2 13 10 14  8  9 11 12 16 18 15 19 20 21 17 28 22 25 23 24 27 26
 12  8 10 14 11 13  9 20 17 21 15 16 18 19 23 25 22 26 27 28 24  7  1  4  2  3  6  5
 26 22 24 28 25 27 23  6  3  7  1  2  4  5  9 11  8 12 13 14 10 21 15 18 16 17 20 19
 13  9 11  8 12 14 10 21 18 15 16 17 19 20 24 26 23 27 28 22 25  1  2  5  3  4  7  6
  6  2  4  1  5  7  3 14 11  8  9 10 12 13 17 19 16 20 21 15 18 22 23 26 24 25 28 27
 20 16 18 15 19 21 17 28 25 22 23 24 26 27  3  5  2  6  7  1  4  8  9 12 10 11 14 13
 27 23 25 22 26 28 24  7  4  1  2  3  5  6 10 12  9 13 14  8 11 15 16 19 17 18 21 20
 21 17 19 16 20 15 18 22 26 23 24 25 27 28  4  6  3  7  1  2  5  9 10 13 11 12  8 14
 28 24 26 23 27 22 25  1  5  2  3  4  6  7 11 13 10 14  8  9 12 16 17 20 18 19 15 21
  7  3  5  2  6  1  4  8 12  9 10 11 13 14 18 20 17 21 15 16 19 23 24 27 25 26 22 28
 14 10 12  9 13  8 11 15 19 16 17 18 20 21 25 27 24 28 22 23 26  2  3  6  4  5  1  7
  8 11 13 10 14  9 12 16 20 17 18 19 21 15 26 28 25 22 23 24 27  3  4  7  5  6  2  1
 22 25 27 24 28 23 26  2  6  3  4  5  7  1 12 14 11  8  9 10 13 17 18 21 19 20 16 15
  1  4  6  3  7  2  5  9 13 10 11 12 14  8 19 21 18 15 16 17 20 24 25 28 26 27 23 22
 15 18 20 17 21 16 19 23 27 24 25 26 28 22  5  7  4  1  2  3  6 10 11 14 12 13  9  8
