  9 13 11  4 12 15  5  6  1 10  7  8  3 14  2
 12 11  6 10  4 13  9  8  2  5  3 14  1 15  7
  3  5 12 14  6  1 13  7 15  2  8 11 10  9  4
  2  4  3 13 14  7 10  9  8 11  1  5 15  6 12
  4  3  5  7  1  8 11 15  9  6  2 10 14 12 13
 10  9 13  3  5 11  8  1  7 12  6 15  2  4 14
  6  2  1  5 10 14 15  4 12  7  9  3  8 13 11
 13 10  4  2  3  9  1 14  5  8 15  7 12 11  6
  1  7  9  6 13  3 12  5 14 15 10  4 11  2  8
  8 12  2  1  9  4  3 13 10 14 11  6  7  5 15
 11  8 10 15  2  5  4  3 13  1 14 12  6  7  9
 14  6  7  9 15 10  2 12 11 13  5  1  4  8  3
  5 14 15 12  8  2  7 11  6  3  4  9 13  1 10
 15  1  8 11  7  6 14  2  3  4 12 13  9 10  5
  7 15 14  8 11 12  6 10  4  9 13  2  5  3  1
