 80 76 79 73 78 72 71 75 77 74  8  5  7  9  1 10  4  6  2  3 14 20 16 11 19 17 15 12 18 13 21 30 25 29 24 23 27 28 22 26 38 39 34 31 33 37 32 35 36 40 50 48 43 44 45 46 42 47 41 49 55 54 51 56 57 53 58 59 52 60 62 61 64 63 67 69 65 66 70 68
 10  6  9  3  8  2  1  5  7  4 18 15 17 19 11 20 14 16 12 13 24 30 26 21 29 27 25 22 28 23 31 40 35 39 34 33 37 38 32 36 48 49 44 41 43 47 42 45 46 50 60 58 53 54 55 56 52 57 51 59 65 64 61 66 67 63 68 69 62 70 72 71 74 73 77 79 75 76 80 78
 70 66 69 63 68 62 61 65 67 64 78 75 77 79 71 80 74 76 72 73  4 10  6  1  9  7  5  2  8  3 11 20 15 19 14 13 17 18 12 16 28 29 24 21 23 27 22 25 26 30 40 38 33 34 35 36 32 37 31 39 45 44 41 46 47 43 48 49 42 50 52 51 54 53 57 59 55 56 60 58
 50 46 49 43 48 42 41 45 47 44 58 55 57 59 51 60 54 56 52 53 64 70 66 61 69 67 65 62 68 63 71 80 75 79 74 73 77 78 72 76  8  9  4  1  3  7  2  5  6 10 20 18 13 14 15 16 12 17 11 19 25 24 21 26 27 23 28 29 22 30 32 31 34 33 37 39 35 36 40 38
 60 56 59 53 58 52 51 55 57 54 68 65 67 69 61 70 64 66 62 63 74 80 76 71 79 77 75 72 78 73  1 10  5  9  4  3  7  8  2  6 18 19 14 11 13 17 12 15 16 20 30 28 23 24 25 26 22 27 21 29 35 34 31 36 37 33 38 39 32 40 42 41 44 43 47 49 45 46 50 48
 40 36 39 33 38 32 31 35 37 34 48 45 47 49 41 50 44 46 42 43 54 60 56 51 59 57 55 52 58 53 61 70 65 69 64 63 67 68 62 66 78 79 74 71 73 77 72 75 76 80 10  8  3  4  5  6  2  7  1  9 15 14 11 16 17 13 18 19 12 20 22 21 24 23 27 29 25 26 30 28
 20 16 19 13 18 12 11 15 17 14 28 25 27 29 21 30 24 26 22 23 34 40 36 31 39 37 35 32 38 33 41 50 45 49 44 43 47 48 42 46 58 59 54 51 53 57 52 55 56 60 70 68 63 64 65 66 62 67 61 69 75 74 71 76 77 73 78 79 72 80  2  1  4  3  7  9  5  6 10  8
 30 26 29 23 28 22 21 25 27 24 38 35 37 39 31 40 34 36 32 33 44 50 46 41 49 47 45 42 48 43 51 60 55 59 54 53 57 58 52 56 68 69 64 61 63 67 62 65 66 70 80 78 73 74 75 76 72 77 71 79  5  4  1  6  7  3  8  9  2 10 12 11 14 13 17 19 15 16 20 18
 71 77 80 74 79 73 72 76 78 75  9  6  8 10  2  1  5  7  3  4 15 11 17 12 20 18 16 13 19 14 22 21 26 30 25 24 28 29 23 27 39 40 35 32 34 38 33 36 37 31 41 49 44 45 46 47 43 48 42 50 56 55 52 57 58 54 59 60 53 51 63 62 65 64 68 70 66 67 61 69
 61 67 70 64 69 63 62 66 68 65 79 76 78 80 72 71 75 77 73 74  5  1  7  2 10  8  6  3  9  4 12 11 16 20 15 14 18 19 13 17 29 30 25 22 24 28 23 26 27 21 31 39 34 35 36 37 33 38 32 40 46 45 42 47 48 44 49 50 43 41 53 52 55 54 58 60 56 57 51 59
 31 37 40 34 39 33 32 36 38 35 49 46 48 50 42 41 45 47 43 44 55 51 57 52 60 58 56 53 59 54 62 61 66 70 65 64 68 69 63 67 79 80 75 72 74 78 73 76 77 71  1  9  4  5  6  7  3  8  2 10 16 15 12 17 18 14 19 20 13 11 23 22 25 24 28 30 26 27 21 29
 21 27 30 24 29 23 22 26 28 25 39 36 38 40 32 31 35 37 33 34 45 41 47 42 50 48 46 43 49 44 52 51 56 60 55 54 58 59 53 57 69 70 65 62 64 68 63 66 67 61 71 79 74 75 76 77 73 78 72 80  6  5  2  7  8  4  9 10  3  1 13 12 15 14 18 20 16 17 11 19
 41 47 50 44 49 43 42 46 48 45 59 56 58 60 52 51 55 57 53 54 65 61 67 62 70 68 66 63 69 64 72 71 76 80 75 74 78 79 73 77  9 10  5  2  4  8  3  6  7  1 11 19 14 15 16 17 13 18 12 20 26 25 22 27 28 24 29 30 23 21 33 32 35 34 38 40 36 37 31 39
 51 57 60 54 59 53 52 56 58 55 69 66 68 70 62 61 65 67 63 64 75 71 77 72 80 78 76 73 79 74  2  1  6 10  5  4  8  9  3  7 19 20 15 12 14 18 13 16 17 11 21 29 24 25 26 27 23 28 22 30 36 35 32 37 38 34 39 40 33 31 43 42 45 44 48 50 46 47 41 49
 11 17 20 14 19 13 12 16 18 15 29 26 28 30 22 21 25 27 23 24 35 31 37 32 40 38 36 33 39 34 42 41 46 50 45 44 48 49 43 47 59 60 55 52 54 58 53 56 57 51 61 69 64 65 66 67 63 68 62 70 76 75 72 77 78 74 79 80 73 71  3  2  5  4  8 10  6  7  1  9
  1  7 10  4  9  3  2  6  8  5 19 16 18 20 12 11 15 17 13 14 25 21 27 22 30 28 26 23 29 24 32 31 36 40 35 34 38 39 33 37 49 50 45 42 44 48 43 46 47 41 51 59 54 55 56 57 53 58 52 60 66 65 62 67 68 64 69 70 63 61 73 72 75 74 78 80 76 77 71 79
 52 58 51 55 60 54 53 57 59 56 70 67 69 61 63 62 66 68 64 65 76 72 78 73 71 79 77 74 80 75  3  2  7  1  6  5  9 10  4  8 20 11 16 13 15 19 14 17 18 12 22 30 25 26 27 28 24 29 23 21 37 36 33 38 39 35 40 31 34 32 44 43 46 45 49 41 47 48 42 50
 12 18 11 15 20 14 13 17 19 16 30 27 29 21 23 22 26 28 24 25 36 32 38 33 31 39 37 34 40 35 43 42 47 41 46 45 49 50 44 48 60 51 56 53 55 59 54 57 58 52 62 70 65 66 67 68 64 69 63 61 77 76 73 78 79 75 80 71 74 72  4  3  6  5  9  1  7  8  2 10
 42 48 41 45 50 44 43 47 49 46 60 57 59 51 53 52 56 58 54 55 66 62 68 63 61 69 67 64 70 65 73 72 77 71 76 75 79 80 74 78 10  1  6  3  5  9  4  7  8  2 12 20 15 16 17 18 14 19 13 11 27 26 23 28 29 25 30 21 24 22 34 33 36 35 39 31 37 38 32 40
 62 68 61 65 70 64 63 67 69 66 80 77 79 71 73 72 76 78 74 75  6  2  8  3  1  9  7  4 10  5 13 12 17 11 16 15 19 20 14 18 30 21 26 23 25 29 24 27 28 22 32 40 35 36 37 38 34 39 33 31 47 46 43 48 49 45 50 41 44 42 54 53 56 55 59 51 57 58 52 60
 32 38 31 35 40 34 33 37 39 36 50 47 49 41 43 42 46 48 44 45 56 52 58 53 51 59 57 54 60 55 63 62 67 61 66 65 69 70 64 68 80 71 76 73 75 79 74 77 78 72  2 10  5  6  7  8  4  9  3  1 17 16 13 18 19 15 20 11 14 12 24 23 26 25 29 21 27 28 22 30
 72 78 71 75 80 74 73 77 79 76 10  7  9  1  3  2  6  8  4  5 16 12 18 13 11 19 17 14 20 15 23 22 27 21 26 25 29 30 24 28 40 31 36 33 35 39 34 37 38 32 42 50 45 46 47 48 44 49 43 41 57 56 53 58 59 55 60 51 54 52 64 63 66 65 69 61 67 68 62 70
  2  8  1  5 10  4  3  7  9  6 20 17 19 11 13 12 16 18 14 15 26 22 28 23 21 29 27 24 30 25 33 32 37 31 36 35 39 40 34 38 50 41 46 43 45 49 44 47 48 42 52 60 55 56 57 58 54 59 53 51 67 66 63 68 69 65 70 61 64 62 74 73 76 75 79 71 77 78 72 80
 22 28 21 25 30 24 23 27 29 26 40 37 39 31 33 32 36 38 34 35 46 42 48 43 41 49 47 44 50 45 53 52 57 51 56 55 59 60 54 58 70 61 66 63 65 69 64 67 68 62 72 80 75 76 77 78 74 79 73 71  7  6  3  8  9  5 10  1  4  2 14 13 16 15 19 11 17 18 12 20
 43 49 42 46 41 45 44 48 50 47 51 58 60 52 54 53 57 59 55 56 67 63 69 64 62 70 68 65 61 66 74 73 78 72 77 76 80 71 75 79  1  2  7  4  6 10  5  8  9  3 13 11 16 17 18 19 15 20 14 12 28 27 24 29 30 26 21 22 25 23 35 34 37 36 40 32 38 39 33 31
 53 59 52 56 51 55 54 58 60 57 61 68 70 62 64 63 67 69 65 66 77 73 79 74 72 80 78 75 71 76  4  3  8  2  7  6 10  1  5  9 11 12 17 14 16 20 15 18 19 13 23 21 26 27 28 29 25 30 24 22 38 37 34 39 40 36 31 32 35 33 45 44 47 46 50 42 48 49 43 41
 23 29 22 26 21 25 24 28 30 27 31 38 40 32 34 33 37 39 35 36 47 43 49 44 42 50 48 45 41 46 54 53 58 52 57 56 60 51 55 59 61 62 67 64 66 70 65 68 69 63 73 71 76 77 78 79 75 80 74 72  8  7  4  9 10  6  1  2  5  3 15 14 17 16 20 12 18 19 13 11
 63 69 62 66 61 65 64 68 70 67 71 78 80 72 74 73 77 79 75 76  7  3  9  4  2 10  8  5  1  6 14 13 18 12 17 16 20 11 15 19 21 22 27 24 26 30 25 28 29 23 33 31 36 37 38 39 35 40 34 32 48 47 44 49 50 46 41 42 45 43 55 54 57 56 60 52 58 59 53 51
  3  9  2  6  1  5  4  8 10  7 11 18 20 12 14 13 17 19 15 16 27 23 29 24 22 30 28 25 21 26 34 33 38 32 37 36 40 31 35 39 41 42 47 44 46 50 45 48 49 43 53 51 56 57 58 59 55 60 54 52 68 67 64 69 70 66 61 62 65 63 75 74 77 76 80 72 78 79 73 71
 33 39 32 36 31 35 34 38 40 37 41 48 50 42 44 43 47 49 45 46 57 53 59 54 52 60 58 55 51 56 64 63 68 62 67 66 70 61 65 69 71 72 77 74 76 80 75 78 79 73  3  1  6  7  8  9  5 10  4  2 18 17 14 19 20 16 11 12 15 13 25 24 27 26 30 22 28 29 23 21
 73 79 72 76 71 75 74 78 80 77  1  8 10  2  4  3  7  9  5  6 17 13 19 14 12 20 18 15 11 16 24 23 28 22 27 26 30 21 25 29 31 32 37 34 36 40 35 38 39 33 43 41 46 47 48 49 45 50 44 42 58 57 54 59 60 56 51 52 55 53 65 64 67 66 70 62 68 69 63 61
 13 19 12 16 11 15 14 18 20 17 21 28 30 22 24 23 27 29 25 26 37 33 39 34 32 40 38 35 31 36 44 43 48 42 47 46 50 41 45 49 51 52 57 54 56 60 55 58 59 53 63 61 66 67 68 69 65 70 64 62 78 77 74 79 80 76 71 72 75 73  5  4  7  6 10  2  8  9  3  1
 34 40 33 37 32 36 35 39 31 38 42 49 41 43 45 44 48 50 46 47 58 54 60 55 53 51 59 56 52 57 65 64 69 63 68 67 61 62 66 70 72 73 78 75 77 71 76 79 80 74  4  2  7  8  9 10  6  1  5  3 19 18 15 20 11 17 12 13 16 14 26 25 28 27 21 23 29 30 24 22
 14 20 13 17 12 16 15 19 11 18 22 29 21 23 25 24 28 30 26 27 38 34 40 35 33 31 39 36 32 37 45 44 49 43 48 47 41 42 46 50 52 53 58 55 57 51 56 59 60 54 64 62 67 68 69 70 66 61 65 63 79 78 75 80 71 77 72 73 76 74  6  5  8  7  1  3  9 10  4  2
 44 50 43 47 42 46 45 49 41 48 52 59 51 53 55 54 58 60 56 57 68 64 70 65 63 61 69 66 62 67 75 74 79 73 78 77 71 72 76 80  2  3  8  5  7  1  6  9 10  4 14 12 17 18 19 20 16 11 15 13 29 28 25 30 21 27 22 23 26 24 36 35 38 37 31 33 39 40 34 32
 64 70 63 67 62 66 65 69 61 68 72 79 71 73 75 74 78 80 76 77  8  4 10  5  3  1  9  6  2  7 15 14 19 13 18 17 11 12 16 20 22 23 28 25 27 21 26 29 30 24 34 32 37 38 39 40 36 31 35 33 49 48 45 50 41 47 42 43 46 44 56 55 58 57 51 53 59 60 54 52
 54 60 53 57 52 56 55 59 51 58 62 69 61 63 65 64 68 70 66 67 78 74 80 75 73 71 79 76 72 77  5  4  9  3  8  7  1  2  6 10 12 13 18 15 17 11 16 19 20 14 24 22 27 28 29 30 26 21 25 23 39 38 35 40 31 37 32 33 36 34 46 45 48 47 41 43 49 50 44 42
 74 80 73 77 72 76 75 79 71 78  2  9  1  3  5  4  8 10  6  7 18 14 20 15 13 11 19 16 12 17 25 24 29 23 28 27 21 22 26 30 32 33 38 35 37 31 36 39 40 34 44 42 47 48 49 50 46 41 45 43 59 58 55 60 51 57 52 53 56 54 66 65 68 67 61 63 69 70 64 62
  4 10  3  7  2  6  5  9  1  8 12 19 11 13 15 14 18 20 16 17 28 24 30 25 23 21 29 26 22 27 35 34 39 33 38 37 31 32 36 40 42 43 48 45 47 41 46 49 50 44 54 52 57 58 59 60 56 51 55 53 69 68 65 70 61 67 62 63 66 64 76 75 78 77 71 73 79 80 74 72
 24 30 23 27 22 26 25 29 21 28 32 39 31 33 35 34 38 40 36 37 48 44 50 45 43 41 49 46 42 47 55 54 59 53 58 57 51 52 56 60 62 63 68 65 67 61 66 69 70 64 74 72 77 78 79 80 76 71 75 73  9  8  5 10  1  7  2  3  6  4 16 15 18 17 11 13 19 20 14 12
 65 61 64 68 63 67 66 70 62 69 73 80 72 74 76 75 79 71 77 78  9  5  1  6  4  2 10  7  3  8 16 15 20 14 19 18 12 13 17 11 23 24 29 26 28 22 27 30 21 25 35 33 38 39 40 31 37 32 36 34 50 49 46 41 42 48 43 44 47 45 57 56 59 58 52 54 60 51 55 53
 25 21 24 28 23 27 26 30 22 29 33 40 32 34 36 35 39 31 37 38 49 45 41 46 44 42 50 47 43 48 56 55 60 54 59 58 52 53 57 51 63 64 69 66 68 62 67 70 61 65 75 73 78 79 80 71 77 72 76 74 10  9  6  1  2  8  3  4  7  5 17 16 19 18 12 14 20 11 15 13
 35 31 34 38 33 37 36 40 32 39 43 50 42 44 46 45 49 41 47 48 59 55 51 56 54 52 60 57 53 58 66 65 70 64 69 68 62 63 67 61 73 74 79 76 78 72 77 80 71 75  5  3  8  9 10  1  7  2  6  4 20 19 16 11 12 18 13 14 17 15 27 26 29 28 22 24 30 21 25 23
 45 41 44 48 43 47 46 50 42 49 53 60 52 54 56 55 59 51 57 58 69 65 61 66 64 62 70 67 63 68 76 75 80 74 79 78 72 73 77 71  3  4  9  6  8  2  7 10  1  5 15 13 18 19 20 11 17 12 16 14 30 29 26 21 22 28 23 24 27 25 37 36 39 38 32 34 40 31 35 33
  5  1  4  8  3  7  6 10  2  9 13 20 12 14 16 15 19 11 17 18 29 25 21 26 24 22 30 27 23 28 36 35 40 34 39 38 32 33 37 31 43 44 49 46 48 42 47 50 41 45 55 53 58 59 60 51 57 52 56 54 70 69 66 61 62 68 63 64 67 65 77 76 79 78 72 74 80 71 75 73
 15 11 14 18 13 17 16 20 12 19 23 30 22 24 26 25 29 21 27 28 39 35 31 36 34 32 40 37 33 38 46 45 50 44 49 48 42 43 47 41 53 54 59 56 58 52 57 60 51 55 65 63 68 69 70 61 67 62 66 64 80 79 76 71 72 78 73 74 77 75  7  6  9  8  2  4 10  1  5  3
 55 51 54 58 53 57 56 60 52 59 63 70 62 64 66 65 69 61 67 68 79 75 71 76 74 72 80 77 73 78  6  5 10  4  9  8  2  3  7  1 13 14 19 16 18 12 17 20 11 15 25 23 28 29 30 21 27 22 26 24 40 39 36 31 32 38 33 34 37 35 47 46 49 48 42 44 50 41 45 43
 75 71 74 78 73 77 76 80 72 79  3 10  2  4  6  5  9  1  7  8 19 15 11 16 14 12 20 17 13 18 26 25 30 24 29 28 22 23 27 21 33 34 39 36 38 32 37 40 31 35 45 43 48 49 50 41 47 42 46 44 60 59 56 51 52 58 53 54 57 55 67 66 69 68 62 64 70 61 65 63
 56 52 55 59 54 58 57 51 53 60 64 61 63 65 67 66 70 62 68 69 80 76 72 77 75 73 71 78 74 79  7  6  1  5 10  9  3  4  8  2 14 15 20 17 19 13 18 11 12 16 26 24 29 30 21 22 28 23 27 25 31 40 37 32 33 39 34 35 38 36 48 47 50 49 43 45 41 42 46 44
 36 32 35 39 34 38 37 31 33 40 44 41 43 45 47 46 50 42 48 49 60 56 52 57 55 53 51 58 54 59 67 66 61 65 70 69 63 64 68 62 74 75 80 77 79 73 78 71 72 76  6  4  9 10  1  2  8  3  7  5 11 20 17 12 13 19 14 15 18 16 28 27 30 29 23 25 21 22 26 24
 76 72 75 79 74 78 77 71 73 80  4  1  3  5  7  6 10  2  8  9 20 16 12 17 15 13 11 18 14 19 27 26 21 25 30 29 23 24 28 22 34 35 40 37 39 33 38 31 32 36 46 44 49 50 41 42 48 43 47 45 51 60 57 52 53 59 54 55 58 56 68 67 70 69 63 65 61 62 66 64
  6  2  5  9  4  8  7  1  3 10 14 11 13 15 17 16 20 12 18 19 30 26 22 27 25 23 21 28 24 29 37 36 31 35 40 39 33 34 38 32 44 45 50 47 49 43 48 41 42 46 56 54 59 60 51 52 58 53 57 55 61 70 67 62 63 69 64 65 68 66 78 77 80 79 73 75 71 72 76 74
 16 12 15 19 14 18 17 11 13 20 24 21 23 25 27 26 30 22 28 29 40 36 32 37 35 33 31 38 34 39 47 46 41 45 50 49 43 44 48 42 54 55 60 57 59 53 58 51 52 56 66 64 69 70 61 62 68 63 67 65 71 80 77 72 73 79 74 75 78 76  8  7 10  9  3  5  1  2  6  4
 26 22 25 29 24 28 27 21 23 30 34 31 33 35 37 36 40 32 38 39 50 46 42 47 45 43 41 48 44 49 57 56 51 55 60 59 53 54 58 52 64 65 70 67 69 63 68 61 62 66 76 74 79 80 71 72 78 73 77 75  1 10  7  2  3  9  4  5  8  6 18 17 20 19 13 15 11 12 16 14
 46 42 45 49 44 48 47 41 43 50 54 51 53 55 57 56 60 52 58 59 70 66 62 67 65 63 61 68 64 69 77 76 71 75 80 79 73 74 78 72  4  5 10  7  9  3  8  1  2  6 16 14 19 20 11 12 18 13 17 15 21 30 27 22 23 29 24 25 28 26 38 37 40 39 33 35 31 32 36 34
 66 62 65 69 64 68 67 61 63 70 74 71 73 75 77 76 80 72 78 79 10  6  2  7  5  3  1  8  4  9 17 16 11 15 20 19 13 14 18 12 24 25 30 27 29 23 28 21 22 26 36 34 39 40 31 32 38 33 37 35 41 50 47 42 43 49 44 45 48 46 58 57 60 59 53 55 51 52 56 54
 37 33 36 40 35 39 38 32 34 31 45 42 44 46 48 47 41 43 49 50 51 57 53 58 56 54 52 59 55 60 68 67 62 66 61 70 64 65 69 63 75 76 71 78 80 74 79 72 73 77  7  5 10  1  2  3  9  4  8  6 12 11 18 13 14 20 15 16 19 17 29 28 21 30 24 26 22 23 27 25
 47 43 46 50 45 49 48 42 44 41 55 52 54 56 58 57 51 53 59 60 61 67 63 68 66 64 62 69 65 70 78 77 72 76 71 80 74 75 79 73  5  6  1  8 10  4  9  2  3  7 17 15 20 11 12 13 19 14 18 16 22 21 28 23 24 30 25 26 29 27 39 38 31 40 34 36 32 33 37 35
  7  3  6 10  5  9  8  2  4  1 15 12 14 16 18 17 11 13 19 20 21 27 23 28 26 24 22 29 25 30 38 37 32 36 31 40 34 35 39 33 45 46 41 48 50 44 49 42 43 47 57 55 60 51 52 53 59 54 58 56 62 61 68 63 64 70 65 66 69 67 79 78 71 80 74 76 72 73 77 75
 67 63 66 70 65 69 68 62 64 61 75 72 74 76 78 77 71 73 79 80  1  7  3  8  6  4  2  9  5 10 18 17 12 16 11 20 14 15 19 13 25 26 21 28 30 24 29 22 23 27 37 35 40 31 32 33 39 34 38 36 42 41 48 43 44 50 45 46 49 47 59 58 51 60 54 56 52 53 57 55
 17 13 16 20 15 19 18 12 14 11 25 22 24 26 28 27 21 23 29 30 31 37 33 38 36 34 32 39 35 40 48 47 42 46 41 50 44 45 49 43 55 56 51 58 60 54 59 52 53 57 67 65 70 61 62 63 69 64 68 66 72 71 78 73 74 80 75 76 79 77  9  8  1 10  4  6  2  3  7  5
 57 53 56 60 55 59 58 52 54 51 65 62 64 66 68 67 61 63 69 70 71 77 73 78 76 74 72 79 75 80  8  7  2  6  1 10  4  5  9  3 15 16 11 18 20 14 19 12 13 17 27 25 30 21 22 23 29 24 28 26 32 31 38 33 34 40 35 36 39 37 49 48 41 50 44 46 42 43 47 45
 27 23 26 30 25 29 28 22 24 21 35 32 34 36 38 37 31 33 39 40 41 47 43 48 46 44 42 49 45 50 58 57 52 56 51 60 54 55 59 53 65 66 61 68 70 64 69 62 63 67 77 75 80 71 72 73 79 74 78 76  2  1  8  3  4 10  5  6  9  7 19 18 11 20 14 16 12 13 17 15
 77 73 76 80 75 79 78 72 74 71  5  2  4  6  8  7  1  3  9 10 11 17 13 18 16 14 12 19 15 20 28 27 22 26 21 30 24 25 29 23 35 36 31 38 40 34 39 32 33 37 47 45 50 41 42 43 49 44 48 46 52 51 58 53 54 60 55 56 59 57 69 68 61 70 64 66 62 63 67 65
 48 44 47 41 46 50 49 43 45 42 56 53 55 57 59 58 52 54 60 51 62 68 64 69 67 65 63 70 66 61 79 78 73 77 72 71 75 76 80 74  6  7  2  9  1  5 10  3  4  8 18 16 11 12 13 14 20 15 19 17 23 22 29 24 25 21 26 27 30 28 40 39 32 31 35 37 33 34 38 36
 38 34 37 31 36 40 39 33 35 32 46 43 45 47 49 48 42 44 50 41 52 58 54 59 57 55 53 60 56 51 69 68 63 67 62 61 65 66 70 64 76 77 72 79 71 75 80 73 74 78  8  6  1  2  3  4 10  5  9  7 13 12 19 14 15 11 16 17 20 18 30 29 22 21 25 27 23 24 28 26
 58 54 57 51 56 60 59 53 55 52 66 63 65 67 69 68 62 64 70 61 72 78 74 79 77 75 73 80 76 71  9  8  3  7  2  1  5  6 10  4 16 17 12 19 11 15 20 13 14 18 28 26 21 22 23 24 30 25 29 27 33 32 39 34 35 31 36 37 40 38 50 49 42 41 45 47 43 44 48 46
 28 24 27 21 26 30 29 23 25 22 36 33 35 37 39 38 32 34 40 31 42 48 44 49 47 45 43 50 46 41 59 58 53 57 52 51 55 56 60 54 66 67 62 69 61 65 70 63 64 68 78 76 71 72 73 74 80 75 79 77  3  2  9  4  5  1  6  7 10  8 20 19 12 11 15 17 13 14 18 16
  8  4  7  1  6 10  9  3  5  2 16 13 15 17 19 18 12 14 20 11 22 28 24 29 27 25 23 30 26 21 39 38 33 37 32 31 35 36 40 34 46 47 42 49 41 45 50 43 44 48 58 56 51 52 53 54 60 55 59 57 63 62 69 64 65 61 66 67 70 68 80 79 72 71 75 77 73 74 78 76
 78 74 77 71 76 80 79 73 75 72  6  3  5  7  9  8  2  4 10  1 12 18 14 19 17 15 13 20 16 11 29 28 23 27 22 21 25 26 30 24 36 37 32 39 31 35 40 33 34 38 48 46 41 42 43 44 50 45 49 47 53 52 59 54 55 51 56 57 60 58 70 69 62 61 65 67 63 64 68 66
 18 14 17 11 16 20 19 13 15 12 26 23 25 27 29 28 22 24 30 21 32 38 34 39 37 35 33 40 36 31 49 48 43 47 42 41 45 46 50 44 56 57 52 59 51 55 60 53 54 58 68 66 61 62 63 64 70 65 69 67 73 72 79 74 75 71 76 77 80 78 10  9  2  1  5  7  3  4  8  6
 68 64 67 61 66 70 69 63 65 62 76 73 75 77 79 78 72 74 80 71  2  8  4  9  7  5  3 10  6  1 19 18 13 17 12 11 15 16 20 14 26 27 22 29 21 25 30 23 24 28 38 36 31 32 33 34 40 35 39 37 43 42 49 44 45 41 46 47 50 48 60 59 52 51 55 57 53 54 58 56
 59 55 58 52 57 51 60 54 56 53 67 64 66 68 70 69 63 65 61 62 73 79 75 80 78 76 74 71 77 72 10  9  4  8  3  2  6  7  1  5 17 18 13 20 12 16 11 14 15 19 29 27 22 23 24 25 21 26 30 28 34 33 40 35 36 32 37 38 31 39 41 50 43 42 46 48 44 45 49 47
 69 65 68 62 67 61 70 64 66 63 77 74 76 78 80 79 73 75 71 72  3  9  5 10  8  6  4  1  7  2 20 19 14 18 13 12 16 17 11 15 27 28 23 30 22 26 21 24 25 29 39 37 32 33 34 35 31 36 40 38 44 43 50 45 46 42 47 48 41 49 51 60 53 52 56 58 54 55 59 57
  9  5  8  2  7  1 10  4  6  3 17 14 16 18 20 19 13 15 11 12 23 29 25 30 28 26 24 21 27 22 40 39 34 38 33 32 36 37 31 35 47 48 43 50 42 46 41 44 45 49 59 57 52 53 54 55 51 56 60 58 64 63 70 65 66 62 67 68 61 69 71 80 73 72 76 78 74 75 79 77
 79 75 78 72 77 71 80 74 76 73  7  4  6  8 10  9  3  5  1  2 13 19 15 20 18 16 14 11 17 12 30 29 24 28 23 22 26 27 21 25 37 38 33 40 32 36 31 34 35 39 49 47 42 43 44 45 41 46 50 48 54 53 60 55 56 52 57 58 51 59 61 70 63 62 66 68 64 65 69 67
 29 25 28 22 27 21 30 24 26 23 37 34 36 38 40 39 33 35 31 32 43 49 45 50 48 46 44 41 47 42 60 59 54 58 53 52 56 57 51 55 67 68 63 70 62 66 61 64 65 69 79 77 72 73 74 75 71 76 80 78  4  3 10  5  6  2  7  8  1  9 11 20 13 12 16 18 14 15 19 17
 49 45 48 42 47 41 50 44 46 43 57 54 56 58 60 59 53 55 51 52 63 69 65 70 68 66 64 61 67 62 80 79 74 78 73 72 76 77 71 75  7  8  3 10  2  6  1  4  5  9 19 17 12 13 14 15 11 16 20 18 24 23 30 25 26 22 27 28 21 29 31 40 33 32 36 38 34 35 39 37
 19 15 18 12 17 11 20 14 16 13 27 24 26 28 30 29 23 25 21 22 33 39 35 40 38 36 34 31 37 32 50 49 44 48 43 42 46 47 41 45 57 58 53 60 52 56 51 54 55 59 69 67 62 63 64 65 61 66 70 68 74 73 80 75 76 72 77 78 71 79  1 10  3  2  6  8  4  5  9  7
 39 35 38 32 37 31 40 34 36 33 47 44 46 48 50 49 43 45 41 42 53 59 55 60 58 56 54 51 57 52 70 69 64 68 63 62 66 67 61 65 77 78 73 80 72 76 71 74 75 79  9  7  2  3  4  5  1  6 10  8 14 13 20 15 16 12 17 18 11 19 21 30 23 22 26 28 24 25 29 27
