 35 33 34 36 40 38 39 37 32 31 45 43 44 50 46 41 42 49 47 48 56 55 59 51 52 57 58 54 53 60 62 63 61 68 66 64 67 69 65 70 75 76 72 79 71 74 78 80 73 77  4  3  5  7  8  2 10  9  6  1 13 15 11 18 19 16 17 12 14 20 23 24 26 25 28 21 27 30 22 29
 25 23 24 26 30 28 29 27 22 21 35 33 34 40 36 31 32 39 37 38 46 45 49 41 42 47 48 44 43 50 52 53 51 58 56 54 57 59 55 60 65 66 62 69 61 64 68 70 63 67 74 73 75 77 78 72 80 79 76 71  3  5  1  8  9  6  7  2  4 10 13 14 16 15 18 11 17 20 12 19
 15 13 14 16 20 18 19 17 12 11 25 23 24 30 26 21 22 29 27 28 36 35 39 31 32 37 38 34 33 40 42 43 41 48 46 44 47 49 45 50 55 56 52 59 51 54 58 60 53 57 64 63 65 67 68 62 70 69 66 61 73 75 71 78 79 76 77 72 74 80  3  4  6  5  8  1  7 10  2  9
 55 53 54 56 60 58 59 57 52 51 65 63 64 70 66 61 62 69 67 68 76 75 79 71 72 77 78 74 73 80  2  3  1  8  6  4  7  9  5 10 15 16 12 19 11 14 18 20 13 17 24 23 25 27 28 22 30 29 26 21 33 35 31 38 39 36 37 32 34 40 43 44 46 45 48 41 47 50 42 49
  5  3  4  6 10  8  9  7  2  1 15 13 14 20 16 11 12 19 17 18 26 25 29 21 22 27 28 24 23 30 32 33 31 38 36 34 37 39 35 40 45 46 42 49 41 44 48 50 43 47 54 53 55 57 58 52 60 59 56 51 63 65 61 68 69 66 67 62 64 70 73 74 76 75 78 71 77 80 72 79
 45 43 44 46 50 48 49 47 42 41 55 53 54 60 56 51 52 59 57 58 66 65 69 61 62 67 68 64 63 70 72 73 71 78 76 74 77 79 75 80  5  6  2  9  1  4  8 10  3  7 14 13 15 17 18 12 20 19 16 11 23 25 21 28 29 26 27 22 24 30 33 34 36 35 38 31 37 40 32 39
 65 63 64 66 70 68 69 67 62 61 75 73 74 80 76 71 72 79 77 78  6  5  9  1  2  7  8  4  3 10 12 13 11 18 16 14 17 19 15 20 25 26 22 29 21 24 28 30 23 27 34 33 35 37 38 32 40 39 36 31 43 45 41 48 49 46 47 42 44 50 53 54 56 55 58 51 57 60 52 59
 75 73 74 76 80 78 79 77 72 71  5  3  4 10  6  1  2  9  7  8 16 15 19 11 12 17 18 14 13 20 22 23 21 28 26 24 27 29 25 30 35 36 32 39 31 34 38 40 33 37 44 43 45 47 48 42 50 49 46 41 53 55 51 58 59 56 57 52 54 60 63 64 66 65 68 61 67 70 62 69
  6  4  5  7  1  9 10  8  3  2 16 14 15 11 17 12 13 20 18 19 27 26 30 22 23 28 29 25 24 21 33 34 32 39 37 35 38 40 36 31 46 47 43 50 42 45 49 41 44 48 55 54 56 58 59 53 51 60 57 52 64 66 62 69 70 67 68 63 65 61 74 75 77 76 79 72 78 71 73 80
 36 34 35 37 31 39 40 38 33 32 46 44 45 41 47 42 43 50 48 49 57 56 60 52 53 58 59 55 54 51 63 64 62 69 67 65 68 70 66 61 76 77 73 80 72 75 79 71 74 78  5  4  6  8  9  3  1 10  7  2 14 16 12 19 20 17 18 13 15 11 24 25 27 26 29 22 28 21 23 30
 46 44 45 47 41 49 50 48 43 42 56 54 55 51 57 52 53 60 58 59 67 66 70 62 63 68 69 65 64 61 73 74 72 79 77 75 78 80 76 71  6  7  3 10  2  5  9  1  4  8 15 14 16 18 19 13 11 20 17 12 24 26 22 29 30 27 28 23 25 21 34 35 37 36 39 32 38 31 33 40
 16 14 15 17 11 19 20 18 13 12 26 24 25 21 27 22 23 30 28 29 37 36 40 32 33 38 39 35 34 31 43 44 42 49 47 45 48 50 46 41 56 57 53 60 52 55 59 51 54 58 65 64 66 68 69 63 61 70 67 62 74 76 72 79 80 77 78 73 75 71  4  5  7  6  9  2  8  1  3 10
 26 24 25 27 21 29 30 28 23 22 36 34 35 31 37 32 33 40 38 39 47 46 50 42 43 48 49 45 44 41 53 54 52 59 57 55 58 60 56 51 66 67 63 70 62 65 69 61 64 68 75 74 76 78 79 73 71 80 77 72  4  6  2  9 10  7  8  3  5  1 14 15 17 16 19 12 18 11 13 20
 56 54 55 57 51 59 60 58 53 52 66 64 65 61 67 62 63 70 68 69 77 76 80 72 73 78 79 75 74 71  3  4  2  9  7  5  8 10  6  1 16 17 13 20 12 15 19 11 14 18 25 24 26 28 29 23 21 30 27 22 34 36 32 39 40 37 38 33 35 31 44 45 47 46 49 42 48 41 43 50
 66 64 65 67 61 69 70 68 63 62 76 74 75 71 77 72 73 80 78 79  7  6 10  2  3  8  9  5  4  1 13 14 12 19 17 15 18 20 16 11 26 27 23 30 22 25 29 21 24 28 35 34 36 38 39 33 31 40 37 32 44 46 42 49 50 47 48 43 45 41 54 55 57 56 59 52 58 51 53 60
 76 74 75 77 71 79 80 78 73 72  6  4  5  1  7  2  3 10  8  9 17 16 20 12 13 18 19 15 14 11 23 24 22 29 27 25 28 30 26 21 36 37 33 40 32 35 39 31 34 38 45 44 46 48 49 43 41 50 47 42 54 56 52 59 60 57 58 53 55 51 64 65 67 66 69 62 68 61 63 70
 57 55 56 58 52 60 51 59 54 53 67 65 66 62 68 63 64 61 69 70 78 77 71 73 74 79 80 76 75 72  4  5  3 10  8  6  9  1  7  2 17 18 14 11 13 16 20 12 15 19 26 25 27 29 30 24 22 21 28 23 35 37 33 40 31 38 39 34 36 32 45 46 48 47 50 43 49 42 44 41
 67 65 66 68 62 70 61 69 64 63 77 75 76 72 78 73 74 71 79 80  8  7  1  3  4  9 10  6  5  2 14 15 13 20 18 16 19 11 17 12 27 28 24 21 23 26 30 22 25 29 36 35 37 39 40 34 32 31 38 33 45 47 43 50 41 48 49 44 46 42 55 56 58 57 60 53 59 52 54 51
 27 25 26 28 22 30 21 29 24 23 37 35 36 32 38 33 34 31 39 40 48 47 41 43 44 49 50 46 45 42 54 55 53 60 58 56 59 51 57 52 67 68 64 61 63 66 70 62 65 69 76 75 77 79 80 74 72 71 78 73  5  7  3 10  1  8  9  4  6  2 15 16 18 17 20 13 19 12 14 11
 17 15 16 18 12 20 11 19 14 13 27 25 26 22 28 23 24 21 29 30 38 37 31 33 34 39 40 36 35 32 44 45 43 50 48 46 49 41 47 42 57 58 54 51 53 56 60 52 55 59 66 65 67 69 70 64 62 61 68 63 75 77 73 80 71 78 79 74 76 72  5  6  8  7 10  3  9  2  4  1
 37 35 36 38 32 40 31 39 34 33 47 45 46 42 48 43 44 41 49 50 58 57 51 53 54 59 60 56 55 52 64 65 63 70 68 66 69 61 67 62 77 78 74 71 73 76 80 72 75 79  6  5  7  9 10  4  2  1  8  3 15 17 13 20 11 18 19 14 16 12 25 26 28 27 30 23 29 22 24 21
 47 45 46 48 42 50 41 49 44 43 57 55 56 52 58 53 54 51 59 60 68 67 61 63 64 69 70 66 65 62 74 75 73 80 78 76 79 71 77 72  7  8  4  1  3  6 10  2  5  9 16 15 17 19 20 14 12 11 18 13 25 27 23 30 21 28 29 24 26 22 35 36 38 37 40 33 39 32 34 31
 77 75 76 78 72 80 71 79 74 73  7  5  6  2  8  3  4  1  9 10 18 17 11 13 14 19 20 16 15 12 24 25 23 30 28 26 29 21 27 22 37 38 34 31 33 36 40 32 35 39 46 45 47 49 50 44 42 41 48 43 55 57 53 60 51 58 59 54 56 52 65 66 68 67 70 63 69 62 64 61
  7  5  6  8  2 10  1  9  4  3 17 15 16 12 18 13 14 11 19 20 28 27 21 23 24 29 30 26 25 22 34 35 33 40 38 36 39 31 37 32 47 48 44 41 43 46 50 42 45 49 56 55 57 59 60 54 52 51 58 53 65 67 63 70 61 68 69 64 66 62 75 76 78 77 80 73 79 72 74 71
 48 46 47 49 43 41 42 50 45 44 58 56 57 53 59 54 55 52 60 51 69 68 62 64 65 70 61 67 66 63 75 76 74 71 79 77 80 72 78 73  8  9  5  2  4  7  1  3  6 10 17 16 18 20 11 15 13 12 19 14 26 28 24 21 22 29 30 25 27 23 36 37 39 38 31 34 40 33 35 32
 68 66 67 69 63 61 62 70 65 64 78 76 77 73 79 74 75 72 80 71  9  8  2  4  5 10  1  7  6  3 15 16 14 11 19 17 20 12 18 13 28 29 25 22 24 27 21 23 26 30 37 36 38 40 31 35 33 32 39 34 46 48 44 41 42 49 50 45 47 43 56 57 59 58 51 54 60 53 55 52
 18 16 17 19 13 11 12 20 15 14 28 26 27 23 29 24 25 22 30 21 39 38 32 34 35 40 31 37 36 33 45 46 44 41 49 47 50 42 48 43 58 59 55 52 54 57 51 53 56 60 67 66 68 70 61 65 63 62 69 64 76 78 74 71 72 79 80 75 77 73  6  7  9  8  1  4 10  3  5  2
 78 76 77 79 73 71 72 80 75 74  8  6  7  3  9  4  5  2 10  1 19 18 12 14 15 20 11 17 16 13 25 26 24 21 29 27 30 22 28 23 38 39 35 32 34 37 31 33 36 40 47 46 48 50 41 45 43 42 49 44 56 58 54 51 52 59 60 55 57 53 66 67 69 68 61 64 70 63 65 62
  8  6  7  9  3  1  2 10  5  4 18 16 17 13 19 14 15 12 20 11 29 28 22 24 25 30 21 27 26 23 35 36 34 31 39 37 40 32 38 33 48 49 45 42 44 47 41 43 46 50 57 56 58 60 51 55 53 52 59 54 66 68 64 61 62 69 70 65 67 63 76 77 79 78 71 74 80 73 75 72
 38 36 37 39 33 31 32 40 35 34 48 46 47 43 49 44 45 42 50 41 59 58 52 54 55 60 51 57 56 53 65 66 64 61 69 67 70 62 68 63 78 79 75 72 74 77 71 73 76 80  7  6  8 10  1  5  3  2  9  4 16 18 14 11 12 19 20 15 17 13 26 27 29 28 21 24 30 23 25 22
 58 56 57 59 53 51 52 60 55 54 68 66 67 63 69 64 65 62 70 61 79 78 72 74 75 80 71 77 76 73  5  6  4  1  9  7 10  2  8  3 18 19 15 12 14 17 11 13 16 20 27 26 28 30 21 25 23 22 29 24 36 38 34 31 32 39 40 35 37 33 46 47 49 48 41 44 50 43 45 42
 28 26 27 29 23 21 22 30 25 24 38 36 37 33 39 34 35 32 40 31 49 48 42 44 45 50 41 47 46 43 55 56 54 51 59 57 60 52 58 53 68 69 65 62 64 67 61 63 66 70 77 76 78 80 71 75 73 72 79 74  6  8  4  1  2  9 10  5  7  3 16 17 19 18 11 14 20 13 15 12
 39 37 38 40 34 32 33 31 36 35 49 47 48 44 50 45 46 43 41 42 60 59 53 55 56 51 52 58 57 54 66 67 65 62 70 68 61 63 69 64 79 80 76 73 75 78 72 74 77 71  8  7  9  1  2  6  4  3 10  5 17 19 15 12 13 20 11 16 18 14 27 28 30 29 22 25 21 24 26 23
 59 57 58 60 54 52 53 51 56 55 69 67 68 64 70 65 66 63 61 62 80 79 73 75 76 71 72 78 77 74  6  7  5  2 10  8  1  3  9  4 19 20 16 13 15 18 12 14 17 11 28 27 29 21 22 26 24 23 30 25 37 39 35 32 33 40 31 36 38 34 47 48 50 49 42 45 41 44 46 43
 69 67 68 70 64 62 63 61 66 65 79 77 78 74 80 75 76 73 71 72 10  9  3  5  6  1  2  8  7  4 16 17 15 12 20 18 11 13 19 14 29 30 26 23 25 28 22 24 27 21 38 37 39 31 32 36 34 33 40 35 47 49 45 42 43 50 41 46 48 44 57 58 60 59 52 55 51 54 56 53
 29 27 28 30 24 22 23 21 26 25 39 37 38 34 40 35 36 33 31 32 50 49 43 45 46 41 42 48 47 44 56 57 55 52 60 58 51 53 59 54 69 70 66 63 65 68 62 64 67 61 78 77 79 71 72 76 74 73 80 75  7  9  5  2  3 10  1  6  8  4 17 18 20 19 12 15 11 14 16 13
 19 17 18 20 14 12 13 11 16 15 29 27 28 24 30 25 26 23 21 22 40 39 33 35 36 31 32 38 37 34 46 47 45 42 50 48 41 43 49 44 59 60 56 53 55 58 52 54 57 51 68 67 69 61 62 66 64 63 70 65 77 79 75 72 73 80 71 76 78 74  7  8 10  9  2  5  1  4  6  3
 79 77 78 80 74 72 73 71 76 75  9  7  8  4 10  5  6  3  1  2 20 19 13 15 16 11 12 18 17 14 26 27 25 22 30 28 21 23 29 24 39 40 36 33 35 38 32 34 37 31 48 47 49 41 42 46 44 43 50 45 57 59 55 52 53 60 51 56 58 54 67 68 70 69 62 65 61 64 66 63
 49 47 48 50 44 42 43 41 46 45 59 57 58 54 60 55 56 53 51 52 70 69 63 65 66 61 62 68 67 64 76 77 75 72 80 78 71 73 79 74  9 10  6  3  5  8  2  4  7  1 18 17 19 11 12 16 14 13 20 15 27 29 25 22 23 30 21 26 28 24 37 38 40 39 32 35 31 34 36 33
  9  7  8 10  4  2  3  1  6  5 19 17 18 14 20 15 16 13 11 12 30 29 23 25 26 21 22 28 27 24 36 37 35 32 40 38 31 33 39 34 49 50 46 43 45 48 42 44 47 41 58 57 59 51 52 56 54 53 60 55 67 69 65 62 63 70 61 66 68 64 77 78 80 79 72 75 71 74 76 73
 80 78 79 71 75 73 74 72 77 76 10  8  9  5  1  6  7  4  2  3 11 20 14 16 17 12 13 19 18 15 27 28 26 23 21 29 22 24 30 25 40 31 37 34 36 39 33 35 38 32 49 48 50 42 43 47 45 44 41 46 58 60 56 53 54 51 52 57 59 55 68 69 61 70 63 66 62 65 67 64
 40 38 39 31 35 33 34 32 37 36 50 48 49 45 41 46 47 44 42 43 51 60 54 56 57 52 53 59 58 55 67 68 66 63 61 69 62 64 70 65 80 71 77 74 76 79 73 75 78 72  9  8 10  2  3  7  5  4  1  6 18 20 16 13 14 11 12 17 19 15 28 29 21 30 23 26 22 25 27 24
 70 68 69 61 65 63 64 62 67 66 80 78 79 75 71 76 77 74 72 73  1 10  4  6  7  2  3  9  8  5 17 18 16 13 11 19 12 14 20 15 30 21 27 24 26 29 23 25 28 22 39 38 40 32 33 37 35 34 31 36 48 50 46 43 44 41 42 47 49 45 58 59 51 60 53 56 52 55 57 54
 10  8  9  1  5  3  4  2  7  6 20 18 19 15 11 16 17 14 12 13 21 30 24 26 27 22 23 29 28 25 37 38 36 33 31 39 32 34 40 35 50 41 47 44 46 49 43 45 48 42 59 58 60 52 53 57 55 54 51 56 68 70 66 63 64 61 62 67 69 65 78 79 71 80 73 76 72 75 77 74
 20 18 19 11 15 13 14 12 17 16 30 28 29 25 21 26 27 24 22 23 31 40 34 36 37 32 33 39 38 35 47 48 46 43 41 49 42 44 50 45 60 51 57 54 56 59 53 55 58 52 69 68 70 62 63 67 65 64 61 66 78 80 76 73 74 71 72 77 79 75  8  9  1 10  3  6  2  5  7  4
 50 48 49 41 45 43 44 42 47 46 60 58 59 55 51 56 57 54 52 53 61 70 64 66 67 62 63 69 68 65 77 78 76 73 71 79 72 74 80 75 10  1  7  4  6  9  3  5  8  2 19 18 20 12 13 17 15 14 11 16 28 30 26 23 24 21 22 27 29 25 38 39 31 40 33 36 32 35 37 34
 60 58 59 51 55 53 54 52 57 56 70 68 69 65 61 66 67 64 62 63 71 80 74 76 77 72 73 79 78 75  7  8  6  3  1  9  2  4 10  5 20 11 17 14 16 19 13 15 18 12 29 28 30 22 23 27 25 24 21 26 38 40 36 33 34 31 32 37 39 35 48 49 41 50 43 46 42 45 47 44
 30 28 29 21 25 23 24 22 27 26 40 38 39 35 31 36 37 34 32 33 41 50 44 46 47 42 43 49 48 45 57 58 56 53 51 59 52 54 60 55 70 61 67 64 66 69 63 65 68 62 79 78 80 72 73 77 75 74 71 76  8 10  6  3  4  1  2  7  9  5 18 19 11 20 13 16 12 15 17 14
 61 69 70 62 66 64 65 63 68 67 71 79 80 76 72 77 78 75 73 74  2  1  5  7  8  3  4 10  9  6 18 19 17 14 12 20 13 15 11 16 21 22 28 25 27 30 24 26 29 23 40 39 31 33 34 38 36 35 32 37 49 41 47 44 45 42 43 48 50 46 59 60 52 51 54 57 53 56 58 55
 31 39 40 32 36 34 35 33 38 37 41 49 50 46 42 47 48 45 43 44 52 51 55 57 58 53 54 60 59 56 68 69 67 64 62 70 63 65 61 66 71 72 78 75 77 80 74 76 79 73 10  9  1  3  4  8  6  5  2  7 19 11 17 14 15 12 13 18 20 16 29 30 22 21 24 27 23 26 28 25
  1  9 10  2  6  4  5  3  8  7 11 19 20 16 12 17 18 15 13 14 22 21 25 27 28 23 24 30 29 26 38 39 37 34 32 40 33 35 31 36 41 42 48 45 47 50 44 46 49 43 60 59 51 53 54 58 56 55 52 57 69 61 67 64 65 62 63 68 70 66 79 80 72 71 74 77 73 76 78 75
 21 29 30 22 26 24 25 23 28 27 31 39 40 36 32 37 38 35 33 34 42 41 45 47 48 43 44 50 49 46 58 59 57 54 52 60 53 55 51 56 61 62 68 65 67 70 64 66 69 63 80 79 71 73 74 78 76 75 72 77  9  1  7  4  5  2  3  8 10  6 19 20 12 11 14 17 13 16 18 15
 41 49 50 42 46 44 45 43 48 47 51 59 60 56 52 57 58 55 53 54 62 61 65 67 68 63 64 70 69 66 78 79 77 74 72 80 73 75 71 76  1  2  8  5  7 10  4  6  9  3 20 19 11 13 14 18 16 15 12 17 29 21 27 24 25 22 23 28 30 26 39 40 32 31 34 37 33 36 38 35
 71 79 80 72 76 74 75 73 78 77  1  9 10  6  2  7  8  5  3  4 12 11 15 17 18 13 14 20 19 16 28 29 27 24 22 30 23 25 21 26 31 32 38 35 37 40 34 36 39 33 50 49 41 43 44 48 46 45 42 47 59 51 57 54 55 52 53 58 60 56 69 70 62 61 64 67 63 66 68 65
 51 59 60 52 56 54 55 53 58 57 61 69 70 66 62 67 68 65 63 64 72 71 75 77 78 73 74 80 79 76  8  9  7  4  2 10  3  5  1  6 11 12 18 15 17 20 14 16 19 13 30 29 21 23 24 28 26 25 22 27 39 31 37 34 35 32 33 38 40 36 49 50 42 41 44 47 43 46 48 45
 11 19 20 12 16 14 15 13 18 17 21 29 30 26 22 27 28 25 23 24 32 31 35 37 38 33 34 40 39 36 48 49 47 44 42 50 43 45 41 46 51 52 58 55 57 60 54 56 59 53 70 69 61 63 64 68 66 65 62 67 79 71 77 74 75 72 73 78 80 76  9 10  2  1  4  7  3  6  8  5
 42 50 41 43 47 45 46 44 49 48 52 60 51 57 53 58 59 56 54 55 63 62 66 68 69 64 65 61 70 67 79 80 78 75 73 71 74 76 72 77  2  3  9  6  8  1  5  7 10  4 11 20 12 14 15 19 17 16 13 18 30 22 28 25 26 23 24 29 21 27 40 31 33 32 35 38 34 37 39 36
 72 80 71 73 77 75 76 74 79 78  2 10  1  7  3  8  9  6  4  5 13 12 16 18 19 14 15 11 20 17 29 30 28 25 23 21 24 26 22 27 32 33 39 36 38 31 35 37 40 34 41 50 42 44 45 49 47 46 43 48 60 52 58 55 56 53 54 59 51 57 70 61 63 62 65 68 64 67 69 66
 22 30 21 23 27 25 26 24 29 28 32 40 31 37 33 38 39 36 34 35 43 42 46 48 49 44 45 41 50 47 59 60 58 55 53 51 54 56 52 57 62 63 69 66 68 61 65 67 70 64 71 80 72 74 75 79 77 76 73 78 10  2  8  5  6  3  4  9  1  7 20 11 13 12 15 18 14 17 19 16
 62 70 61 63 67 65 66 64 69 68 72 80 71 77 73 78 79 76 74 75  3  2  6  8  9  4  5  1 10  7 19 20 18 15 13 11 14 16 12 17 22 23 29 26 28 21 25 27 30 24 31 40 32 34 35 39 37 36 33 38 50 42 48 45 46 43 44 49 41 47 60 51 53 52 55 58 54 57 59 56
 12 20 11 13 17 15 16 14 19 18 22 30 21 27 23 28 29 26 24 25 33 32 36 38 39 34 35 31 40 37 49 50 48 45 43 41 44 46 42 47 52 53 59 56 58 51 55 57 60 54 61 70 62 64 65 69 67 66 63 68 80 72 78 75 76 73 74 79 71 77 10  1  3  2  5  8  4  7  9  6
 32 40 31 33 37 35 36 34 39 38 42 50 41 47 43 48 49 46 44 45 53 52 56 58 59 54 55 51 60 57 69 70 68 65 63 61 64 66 62 67 72 73 79 76 78 71 75 77 80 74  1 10  2  4  5  9  7  6  3  8 20 12 18 15 16 13 14 19 11 17 30 21 23 22 25 28 24 27 29 26
 52 60 51 53 57 55 56 54 59 58 62 70 61 67 63 68 69 66 64 65 73 72 76 78 79 74 75 71 80 77  9 10  8  5  3  1  4  6  2  7 12 13 19 16 18 11 15 17 20 14 21 30 22 24 25 29 27 26 23 28 40 32 38 35 36 33 34 39 31 37 50 41 43 42 45 48 44 47 49 46
  2 10  1  3  7  5  6  4  9  8 12 20 11 17 13 18 19 16 14 15 23 22 26 28 29 24 25 21 30 27 39 40 38 35 33 31 34 36 32 37 42 43 49 46 48 41 45 47 50 44 51 60 52 54 55 59 57 56 53 58 70 62 68 65 66 63 64 69 61 67 80 71 73 72 75 78 74 77 79 76
  3  1  2  4  8  6  7  5 10  9 13 11 12 18 14 19 20 17 15 16 24 23 27 29 30 25 26 22 21 28 40 31 39 36 34 32 35 37 33 38 43 44 50 47 49 42 46 48 41 45 52 51 53 55 56 60 58 57 54 59 61 63 69 66 67 64 65 70 62 68 71 72 74 73 76 79 75 78 80 77
 23 21 22 24 28 26 27 25 30 29 33 31 32 38 34 39 40 37 35 36 44 43 47 49 50 45 46 42 41 48 60 51 59 56 54 52 55 57 53 58 63 64 70 67 69 62 66 68 61 65 72 71 73 75 76 80 78 77 74 79  1  3  9  6  7  4  5 10  2  8 11 12 14 13 16 19 15 18 20 17
 63 61 62 64 68 66 67 65 70 69 73 71 72 78 74 79 80 77 75 76  4  3  7  9 10  5  6  2  1  8 20 11 19 16 14 12 15 17 13 18 23 24 30 27 29 22 26 28 21 25 32 31 33 35 36 40 38 37 34 39 41 43 49 46 47 44 45 50 42 48 51 52 54 53 56 59 55 58 60 57
 43 41 42 44 48 46 47 45 50 49 53 51 52 58 54 59 60 57 55 56 64 63 67 69 70 65 66 62 61 68 80 71 79 76 74 72 75 77 73 78  3  4 10  7  9  2  6  8  1  5 12 11 13 15 16 20 18 17 14 19 21 23 29 26 27 24 25 30 22 28 31 32 34 33 36 39 35 38 40 37
 13 11 12 14 18 16 17 15 20 19 23 21 22 28 24 29 30 27 25 26 34 33 37 39 40 35 36 32 31 38 50 41 49 46 44 42 45 47 43 48 53 54 60 57 59 52 56 58 51 55 62 61 63 65 66 70 68 67 64 69 71 73 79 76 77 74 75 80 72 78  1  2  4  3  6  9  5  8 10  7
 73 71 72 74 78 76 77 75 80 79  3  1  2  8  4  9 10  7  5  6 14 13 17 19 20 15 16 12 11 18 30 21 29 26 24 22 25 27 23 28 33 34 40 37 39 32 36 38 31 35 42 41 43 45 46 50 48 47 44 49 51 53 59 56 57 54 55 60 52 58 61 62 64 63 66 69 65 68 70 67
 33 31 32 34 38 36 37 35 40 39 43 41 42 48 44 49 50 47 45 46 54 53 57 59 60 55 56 52 51 58 70 61 69 66 64 62 65 67 63 68 73 74 80 77 79 72 76 78 71 75  2  1  3  5  6 10  8  7  4  9 11 13 19 16 17 14 15 20 12 18 21 22 24 23 26 29 25 28 30 27
 53 51 52 54 58 56 57 55 60 59 63 61 62 68 64 69 70 67 65 66 74 73 77 79 80 75 76 72 71 78 10  1  9  6  4  2  5  7  3  8 13 14 20 17 19 12 16 18 11 15 22 21 23 25 26 30 28 27 24 29 31 33 39 36 37 34 35 40 32 38 41 42 44 43 46 49 45 48 50 47
 74 72 73 75 79 77 78 76 71 80  4  2  3  9  5 10  1  8  6  7 15 14 18 20 11 16 17 13 12 19 21 22 30 27 25 23 26 28 24 29 34 35 31 38 40 33 37 39 32 36 43 42 44 46 47 41 49 48 45 50 52 54 60 57 58 55 56 51 53 59 62 63 65 64 67 70 66 69 61 68
 64 62 63 65 69 67 68 66 61 70 74 72 73 79 75 80 71 78 76 77  5  4  8 10  1  6  7  3  2  9 11 12 20 17 15 13 16 18 14 19 24 25 21 28 30 23 27 29 22 26 33 32 34 36 37 31 39 38 35 40 42 44 50 47 48 45 46 41 43 49 52 53 55 54 57 60 56 59 51 58
 34 32 33 35 39 37 38 36 31 40 44 42 43 49 45 50 41 48 46 47 55 54 58 60 51 56 57 53 52 59 61 62 70 67 65 63 66 68 64 69 74 75 71 78 80 73 77 79 72 76  3  2  4  6  7  1  9  8  5 10 12 14 20 17 18 15 16 11 13 19 22 23 25 24 27 30 26 29 21 28
 44 42 43 45 49 47 48 46 41 50 54 52 53 59 55 60 51 58 56 57 65 64 68 70 61 66 67 63 62 69 71 72 80 77 75 73 76 78 74 79  4  5  1  8 10  3  7  9  2  6 13 12 14 16 17 11 19 18 15 20 22 24 30 27 28 25 26 21 23 29 32 33 35 34 37 40 36 39 31 38
  4  2  3  5  9  7  8  6  1 10 14 12 13 19 15 20 11 18 16 17 25 24 28 30 21 26 27 23 22 29 31 32 40 37 35 33 36 38 34 39 44 45 41 48 50 43 47 49 42 46 53 52 54 56 57 51 59 58 55 60 62 64 70 67 68 65 66 61 63 69 72 73 75 74 77 80 76 79 71 78
 54 52 53 55 59 57 58 56 51 60 64 62 63 69 65 70 61 68 66 67 75 74 78 80 71 76 77 73 72 79  1  2 10  7  5  3  6  8  4  9 14 15 11 18 20 13 17 19 12 16 23 22 24 26 27 21 29 28 25 30 32 34 40 37 38 35 36 31 33 39 42 43 45 44 47 50 46 49 41 48
 24 22 23 25 29 27 28 26 21 30 34 32 33 39 35 40 31 38 36 37 45 44 48 50 41 46 47 43 42 49 51 52 60 57 55 53 56 58 54 59 64 65 61 68 70 63 67 69 62 66 73 72 74 76 77 71 79 78 75 80  2  4 10  7  8  5  6  1  3  9 12 13 15 14 17 20 16 19 11 18
 14 12 13 15 19 17 18 16 11 20 24 22 23 29 25 30 21 28 26 27 35 34 38 40 31 36 37 33 32 39 41 42 50 47 45 43 46 48 44 49 54 55 51 58 60 53 57 59 52 56 63 62 64 66 67 61 69 68 65 70 72 74 80 77 78 75 76 71 73 79  2  3  5  4  7 10  6  9  1  8
