 16 20 11 12 17 18 13 15 14 19 27 22 30 26 29 28 25 24 21 23 36 40 34 35 38 31 33 39 37 32 41 49 46 45 47 44 42 50 43 48 55 60 54 56 51 58 53 52 59 57 64 65 68 67 62 61 66 69 70 63 77 74 79 76 72 75 73 71 80 78  9  2  3  4  1  8  6  5  7 10
 46 50 41 42 47 48 43 45 44 49 57 52 60 56 59 58 55 54 51 53 66 70 64 65 68 61 63 69 67 62 71 79 76 75 77 74 72 80 73 78  5 10  4  6  1  8  3  2  9  7 14 15 18 17 12 11 16 19 20 13 27 24 29 26 22 25 23 21 30 28 39 32 33 34 31 38 36 35 37 40
 26 30 21 22 27 28 23 25 24 29 37 32 40 36 39 38 35 34 31 33 46 50 44 45 48 41 43 49 47 42 51 59 56 55 57 54 52 60 53 58 65 70 64 66 61 68 63 62 69 67 74 75 78 77 72 71 76 79 80 73  7  4  9  6  2  5  3  1 10  8 19 12 13 14 11 18 16 15 17 20
 76 80 71 72 77 78 73 75 74 79  7  2 10  6  9  8  5  4  1  3 16 20 14 15 18 11 13 19 17 12 21 29 26 25 27 24 22 30 23 28 35 40 34 36 31 38 33 32 39 37 44 45 48 47 42 41 46 49 50 43 57 54 59 56 52 55 53 51 60 58 69 62 63 64 61 68 66 65 67 70
 66 70 61 62 67 68 63 65 64 69 77 72 80 76 79 78 75 74 71 73  6 10  4  5  8  1  3  9  7  2 11 19 16 15 17 14 12 20 13 18 25 30 24 26 21 28 23 22 29 27 34 35 38 37 32 31 36 39 40 33 47 44 49 46 42 45 43 41 50 48 59 52 53 54 51 58 56 55 57 60
 36 40 31 32 37 38 33 35 34 39 47 42 50 46 49 48 45 44 41 43 56 60 54 55 58 51 53 59 57 52 61 69 66 65 67 64 62 70 63 68 75 80 74 76 71 78 73 72 79 77  4  5  8  7  2  1  6  9 10  3 17 14 19 16 12 15 13 11 20 18 29 22 23 24 21 28 26 25 27 30
  6 10  1  2  7  8  3  5  4  9 17 12 20 16 19 18 15 14 11 13 26 30 24 25 28 21 23 29 27 22 31 39 36 35 37 34 32 40 33 38 45 50 44 46 41 48 43 42 49 47 54 55 58 57 52 51 56 59 60 53 67 64 69 66 62 65 63 61 70 68 79 72 73 74 71 78 76 75 77 80
 56 60 51 52 57 58 53 55 54 59 67 62 70 66 69 68 65 64 61 63 76 80 74 75 78 71 73 79 77 72  1  9  6  5  7  4  2 10  3  8 15 20 14 16 11 18 13 12 19 17 24 25 28 27 22 21 26 29 30 23 37 34 39 36 32 35 33 31 40 38 49 42 43 44 41 48 46 45 47 50
 67 61 62 63 68 69 64 66 65 70 78 73 71 77 80 79 76 75 72 74  7  1  5  6  9  2  4 10  8  3 12 20 17 16 18 15 13 11 14 19 26 21 25 27 22 29 24 23 30 28 35 36 39 38 33 32 37 40 31 34 48 45 50 47 43 46 44 42 41 49 60 53 54 55 52 59 57 56 58 51
 37 31 32 33 38 39 34 36 35 40 48 43 41 47 50 49 46 45 42 44 57 51 55 56 59 52 54 60 58 53 62 70 67 66 68 65 63 61 64 69 76 71 75 77 72 79 74 73 80 78  5  6  9  8  3  2  7 10  1  4 18 15 20 17 13 16 14 12 11 19 30 23 24 25 22 29 27 26 28 21
 47 41 42 43 48 49 44 46 45 50 58 53 51 57 60 59 56 55 52 54 67 61 65 66 69 62 64 70 68 63 72 80 77 76 78 75 73 71 74 79  6  1  5  7  2  9  4  3 10  8 15 16 19 18 13 12 17 20 11 14 28 25 30 27 23 26 24 22 21 29 40 33 34 35 32 39 37 36 38 31
 77 71 72 73 78 79 74 76 75 80  8  3  1  7 10  9  6  5  2  4 17 11 15 16 19 12 14 20 18 13 22 30 27 26 28 25 23 21 24 29 36 31 35 37 32 39 34 33 40 38 45 46 49 48 43 42 47 50 41 44 58 55 60 57 53 56 54 52 51 59 70 63 64 65 62 69 67 66 68 61
  7  1  2  3  8  9  4  6  5 10 18 13 11 17 20 19 16 15 12 14 27 21 25 26 29 22 24 30 28 23 32 40 37 36 38 35 33 31 34 39 46 41 45 47 42 49 44 43 50 48 55 56 59 58 53 52 57 60 51 54 68 65 70 67 63 66 64 62 61 69 80 73 74 75 72 79 77 76 78 71
 57 51 52 53 58 59 54 56 55 60 68 63 61 67 70 69 66 65 62 64 77 71 75 76 79 72 74 80 78 73  2 10  7  6  8  5  3  1  4  9 16 11 15 17 12 19 14 13 20 18 25 26 29 28 23 22 27 30 21 24 38 35 40 37 33 36 34 32 31 39 50 43 44 45 42 49 47 46 48 41
 27 21 22 23 28 29 24 26 25 30 38 33 31 37 40 39 36 35 32 34 47 41 45 46 49 42 44 50 48 43 52 60 57 56 58 55 53 51 54 59 66 61 65 67 62 69 64 63 70 68 75 76 79 78 73 72 77 80 71 74  8  5 10  7  3  6  4  2  1  9 20 13 14 15 12 19 17 16 18 11
 17 11 12 13 18 19 14 16 15 20 28 23 21 27 30 29 26 25 22 24 37 31 35 36 39 32 34 40 38 33 42 50 47 46 48 45 43 41 44 49 56 51 55 57 52 59 54 53 60 58 65 66 69 68 63 62 67 70 61 64 78 75 80 77 73 76 74 72 71 79 10  3  4  5  2  9  7  6  8  1
 18 12 13 14 19 20 15 17 16 11 29 24 22 28 21 30 27 26 23 25 38 32 36 37 40 33 35 31 39 34 43 41 48 47 49 46 44 42 45 50 57 52 56 58 53 60 55 54 51 59 66 67 70 69 64 63 68 61 62 65 79 76 71 78 74 77 75 73 72 80  1  4  5  6  3 10  8  7  9  2
 68 62 63 64 69 70 65 67 66 61 79 74 72 78 71 80 77 76 73 75  8  2  6  7 10  3  5  1  9  4 13 11 18 17 19 16 14 12 15 20 27 22 26 28 23 30 25 24 21 29 36 37 40 39 34 33 38 31 32 35 49 46 41 48 44 47 45 43 42 50 51 54 55 56 53 60 58 57 59 52
 58 52 53 54 59 60 55 57 56 51 69 64 62 68 61 70 67 66 63 65 78 72 76 77 80 73 75 71 79 74  3  1  8  7  9  6  4  2  5 10 17 12 16 18 13 20 15 14 11 19 26 27 30 29 24 23 28 21 22 25 39 36 31 38 34 37 35 33 32 40 41 44 45 46 43 50 48 47 49 42
 78 72 73 74 79 80 75 77 76 71  9  4  2  8  1 10  7  6  3  5 18 12 16 17 20 13 15 11 19 14 23 21 28 27 29 26 24 22 25 30 37 32 36 38 33 40 35 34 31 39 46 47 50 49 44 43 48 41 42 45 59 56 51 58 54 57 55 53 52 60 61 64 65 66 63 70 68 67 69 62
 48 42 43 44 49 50 45 47 46 41 59 54 52 58 51 60 57 56 53 55 68 62 66 67 70 63 65 61 69 64 73 71 78 77 79 76 74 72 75 80  7  2  6  8  3 10  5  4  1  9 16 17 20 19 14 13 18 11 12 15 29 26 21 28 24 27 25 23 22 30 31 34 35 36 33 40 38 37 39 32
 28 22 23 24 29 30 25 27 26 21 39 34 32 38 31 40 37 36 33 35 48 42 46 47 50 43 45 41 49 44 53 51 58 57 59 56 54 52 55 60 67 62 66 68 63 70 65 64 61 69 76 77 80 79 74 73 78 71 72 75  9  6  1  8  4  7  5  3  2 10 11 14 15 16 13 20 18 17 19 12
  8  2  3  4  9 10  5  7  6  1 19 14 12 18 11 20 17 16 13 15 28 22 26 27 30 23 25 21 29 24 33 31 38 37 39 36 34 32 35 40 47 42 46 48 43 50 45 44 41 49 56 57 60 59 54 53 58 51 52 55 69 66 61 68 64 67 65 63 62 70 71 74 75 76 73 80 78 77 79 72
 38 32 33 34 39 40 35 37 36 31 49 44 42 48 41 50 47 46 43 45 58 52 56 57 60 53 55 51 59 54 63 61 68 67 69 66 64 62 65 70 77 72 76 78 73 80 75 74 71 79  6  7 10  9  4  3  8  1  2  5 19 16 11 18 14 17 15 13 12 20 21 24 25 26 23 30 28 27 29 22
 79 73 74 75 80 71 76 78 77 72 10  5  3  9  2  1  8  7  4  6 19 13 17 18 11 14 16 12 20 15 24 22 29 28 30 27 25 23 26 21 38 33 37 39 34 31 36 35 32 40 47 48 41 50 45 44 49 42 43 46 60 57 52 59 55 58 56 54 53 51 62 65 66 67 64 61 69 68 70 63
 59 53 54 55 60 51 56 58 57 52 70 65 63 69 62 61 68 67 64 66 79 73 77 78 71 74 76 72 80 75  4  2  9  8 10  7  5  3  6  1 18 13 17 19 14 11 16 15 12 20 27 28 21 30 25 24 29 22 23 26 40 37 32 39 35 38 36 34 33 31 42 45 46 47 44 41 49 48 50 43
 39 33 34 35 40 31 36 38 37 32 50 45 43 49 42 41 48 47 44 46 59 53 57 58 51 54 56 52 60 55 64 62 69 68 70 67 65 63 66 61 78 73 77 79 74 71 76 75 72 80  7  8  1 10  5  4  9  2  3  6 20 17 12 19 15 18 16 14 13 11 22 25 26 27 24 21 29 28 30 23
 49 43 44 45 50 41 46 48 47 42 60 55 53 59 52 51 58 57 54 56 69 63 67 68 61 64 66 62 70 65 74 72 79 78 80 77 75 73 76 71  8  3  7  9  4  1  6  5  2 10 17 18 11 20 15 14 19 12 13 16 30 27 22 29 25 28 26 24 23 21 32 35 36 37 34 31 39 38 40 33
 19 13 14 15 20 11 16 18 17 12 30 25 23 29 22 21 28 27 24 26 39 33 37 38 31 34 36 32 40 35 44 42 49 48 50 47 45 43 46 41 58 53 57 59 54 51 56 55 52 60 67 68 61 70 65 64 69 62 63 66 80 77 72 79 75 78 76 74 73 71  2  5  6  7  4  1  9  8 10  3
 29 23 24 25 30 21 26 28 27 22 40 35 33 39 32 31 38 37 34 36 49 43 47 48 41 44 46 42 50 45 54 52 59 58 60 57 55 53 56 51 68 63 67 69 64 61 66 65 62 70 77 78 71 80 75 74 79 72 73 76 10  7  2  9  5  8  6  4  3  1 12 15 16 17 14 11 19 18 20 13
 69 63 64 65 70 61 66 68 67 62 80 75 73 79 72 71 78 77 74 76  9  3  7  8  1  4  6  2 10  5 14 12 19 18 20 17 15 13 16 11 28 23 27 29 24 21 26 25 22 30 37 38 31 40 35 34 39 32 33 36 50 47 42 49 45 48 46 44 43 41 52 55 56 57 54 51 59 58 60 53
  9  3  4  5 10  1  6  8  7  2 20 15 13 19 12 11 18 17 14 16 29 23 27 28 21 24 26 22 30 25 34 32 39 38 40 37 35 33 36 31 48 43 47 49 44 41 46 45 42 50 57 58 51 60 55 54 59 52 53 56 70 67 62 69 65 68 66 64 63 61 72 75 76 77 74 71 79 78 80 73
 60 54 55 56 51 52 57 59 58 53 61 66 64 70 63 62 69 68 65 67 80 74 78 79 72 75 77 73 71 76  5  3 10  9  1  8  6  4  7  2 19 14 18 20 15 12 17 16 13 11 28 29 22 21 26 25 30 23 24 27 31 38 33 40 36 39 37 35 34 32 43 46 47 48 45 42 50 49 41 44
 80 74 75 76 71 72 77 79 78 73  1  6  4 10  3  2  9  8  5  7 20 14 18 19 12 15 17 13 11 16 25 23 30 29 21 28 26 24 27 22 39 34 38 40 35 32 37 36 33 31 48 49 42 41 46 45 50 43 44 47 51 58 53 60 56 59 57 55 54 52 63 66 67 68 65 62 70 69 61 64
 10  4  5  6  1  2  7  9  8  3 11 16 14 20 13 12 19 18 15 17 30 24 28 29 22 25 27 23 21 26 35 33 40 39 31 38 36 34 37 32 49 44 48 50 45 42 47 46 43 41 58 59 52 51 56 55 60 53 54 57 61 68 63 70 66 69 67 65 64 62 73 76 77 78 75 72 80 79 71 74
 70 64 65 66 61 62 67 69 68 63 71 76 74 80 73 72 79 78 75 77 10  4  8  9  2  5  7  3  1  6 15 13 20 19 11 18 16 14 17 12 29 24 28 30 25 22 27 26 23 21 38 39 32 31 36 35 40 33 34 37 41 48 43 50 46 49 47 45 44 42 53 56 57 58 55 52 60 59 51 54
 30 24 25 26 21 22 27 29 28 23 31 36 34 40 33 32 39 38 35 37 50 44 48 49 42 45 47 43 41 46 55 53 60 59 51 58 56 54 57 52 69 64 68 70 65 62 67 66 63 61 78 79 72 71 76 75 80 73 74 77  1  8  3 10  6  9  7  5  4  2 13 16 17 18 15 12 20 19 11 14
 50 44 45 46 41 42 47 49 48 43 51 56 54 60 53 52 59 58 55 57 70 64 68 69 62 65 67 63 61 66 75 73 80 79 71 78 76 74 77 72  9  4  8 10  5  2  7  6  3  1 18 19 12 11 16 15 20 13 14 17 21 28 23 30 26 29 27 25 24 22 33 36 37 38 35 32 40 39 31 34
 20 14 15 16 11 12 17 19 18 13 21 26 24 30 23 22 29 28 25 27 40 34 38 39 32 35 37 33 31 36 45 43 50 49 41 48 46 44 47 42 59 54 58 60 55 52 57 56 53 51 68 69 62 61 66 65 70 63 64 67 71 78 73 80 76 79 77 75 74 72  3  6  7  8  5  2 10  9  1  4
 40 34 35 36 31 32 37 39 38 33 41 46 44 50 43 42 49 48 45 47 60 54 58 59 52 55 57 53 51 56 65 63 70 69 61 68 66 64 67 62 79 74 78 80 75 72 77 76 73 71  8  9  2  1  6  5 10  3  4  7 11 18 13 20 16 19 17 15 14 12 23 26 27 28 25 22 30 29 21 24
 11 15 16 17 12 13 18 20 19 14 22 27 25 21 24 23 30 29 26 28 31 35 39 40 33 36 38 34 32 37 46 44 41 50 42 49 47 45 48 43 60 55 59 51 56 53 58 57 54 52 69 70 63 62 67 66 61 64 65 68 72 79 74 71 77 80 78 76 75 73  4  7  8  9  6  3  1 10  2  5
 31 35 36 37 32 33 38 40 39 34 42 47 45 41 44 43 50 49 46 48 51 55 59 60 53 56 58 54 52 57 66 64 61 70 62 69 67 65 68 63 80 75 79 71 76 73 78 77 74 72  9 10  3  2  7  6  1  4  5  8 12 19 14 11 17 20 18 16 15 13 24 27 28 29 26 23 21 30 22 25
 21 25 26 27 22 23 28 30 29 24 32 37 35 31 34 33 40 39 36 38 41 45 49 50 43 46 48 44 42 47 56 54 51 60 52 59 57 55 58 53 70 65 69 61 66 63 68 67 64 62 79 80 73 72 77 76 71 74 75 78  2  9  4  1  7 10  8  6  5  3 14 17 18 19 16 13 11 20 12 15
 61 65 66 67 62 63 68 70 69 64 72 77 75 71 74 73 80 79 76 78  1  5  9 10  3  6  8  4  2  7 16 14 11 20 12 19 17 15 18 13 30 25 29 21 26 23 28 27 24 22 39 40 33 32 37 36 31 34 35 38 42 49 44 41 47 50 48 46 45 43 54 57 58 59 56 53 51 60 52 55
 41 45 46 47 42 43 48 50 49 44 52 57 55 51 54 53 60 59 56 58 61 65 69 70 63 66 68 64 62 67 76 74 71 80 72 79 77 75 78 73 10  5  9  1  6  3  8  7  4  2 19 20 13 12 17 16 11 14 15 18 22 29 24 21 27 30 28 26 25 23 34 37 38 39 36 33 31 40 32 35
  1  5  6  7  2  3  8 10  9  4 12 17 15 11 14 13 20 19 16 18 21 25 29 30 23 26 28 24 22 27 36 34 31 40 32 39 37 35 38 33 50 45 49 41 46 43 48 47 44 42 59 60 53 52 57 56 51 54 55 58 62 69 64 61 67 70 68 66 65 63 74 77 78 79 76 73 71 80 72 75
 51 55 56 57 52 53 58 60 59 54 62 67 65 61 64 63 70 69 66 68 71 75 79 80 73 76 78 74 72 77  6  4  1 10  2  9  7  5  8  3 20 15 19 11 16 13 18 17 14 12 29 30 23 22 27 26 21 24 25 28 32 39 34 31 37 40 38 36 35 33 44 47 48 49 46 43 41 50 42 45
 71 75 76 77 72 73 78 80 79 74  2  7  5  1  4  3 10  9  6  8 11 15 19 20 13 16 18 14 12 17 26 24 21 30 22 29 27 25 28 23 40 35 39 31 36 33 38 37 34 32 49 50 43 42 47 46 41 44 45 48 52 59 54 51 57 60 58 56 55 53 64 67 68 69 66 63 61 70 62 65
 22 26 27 28 23 24 29 21 30 25 33 38 36 32 35 34 31 40 37 39 42 46 50 41 44 47 49 45 43 48 57 55 52 51 53 60 58 56 59 54 61 66 70 62 67 64 69 68 65 63 80 71 74 73 78 77 72 75 76 79  3 10  5  2  8  1  9  7  6  4 15 18 19 20 17 14 12 11 13 16
 52 56 57 58 53 54 59 51 60 55 63 68 66 62 65 64 61 70 67 69 72 76 80 71 74 77 79 75 73 78  7  5  2  1  3 10  8  6  9  4 11 16 20 12 17 14 19 18 15 13 30 21 24 23 28 27 22 25 26 29 33 40 35 32 38 31 39 37 36 34 45 48 49 50 47 44 42 41 43 46
 32 36 37 38 33 34 39 31 40 35 43 48 46 42 45 44 41 50 47 49 52 56 60 51 54 57 59 55 53 58 67 65 62 61 63 70 68 66 69 64 71 76 80 72 77 74 79 78 75 73 10  1  4  3  8  7  2  5  6  9 13 20 15 12 18 11 19 17 16 14 25 28 29 30 27 24 22 21 23 26
 42 46 47 48 43 44 49 41 50 45 53 58 56 52 55 54 51 60 57 59 62 66 70 61 64 67 69 65 63 68 77 75 72 71 73 80 78 76 79 74  1  6 10  2  7  4  9  8  5  3 20 11 14 13 18 17 12 15 16 19 23 30 25 22 28 21 29 27 26 24 35 38 39 40 37 34 32 31 33 36
 62 66 67 68 63 64 69 61 70 65 73 78 76 72 75 74 71 80 77 79  2  6 10  1  4  7  9  5  3  8 17 15 12 11 13 20 18 16 19 14 21 26 30 22 27 24 29 28 25 23 40 31 34 33 38 37 32 35 36 39 43 50 45 42 48 41 49 47 46 44 55 58 59 60 57 54 52 51 53 56
  2  6  7  8  3  4  9  1 10  5 13 18 16 12 15 14 11 20 17 19 22 26 30 21 24 27 29 25 23 28 37 35 32 31 33 40 38 36 39 34 41 46 50 42 47 44 49 48 45 43 60 51 54 53 58 57 52 55 56 59 63 70 65 62 68 61 69 67 66 64 75 78 79 80 77 74 72 71 73 76
 72 76 77 78 73 74 79 71 80 75  3  8  6  2  5  4  1 10  7  9 12 16 20 11 14 17 19 15 13 18 27 25 22 21 23 30 28 26 29 24 31 36 40 32 37 34 39 38 35 33 50 41 44 43 48 47 42 45 46 49 53 60 55 52 58 51 59 57 56 54 65 68 69 70 67 64 62 61 63 66
 12 16 17 18 13 14 19 11 20 15 23 28 26 22 25 24 21 30 27 29 32 36 40 31 34 37 39 35 33 38 47 45 42 41 43 50 48 46 49 44 51 56 60 52 57 54 59 58 55 53 70 61 64 63 68 67 62 65 66 69 73 80 75 72 78 71 79 77 76 74  5  8  9 10  7  4  2  1  3  6
 23 27 28 29 24 25 30 22 21 26 34 39 37 33 36 35 32 31 38 40 43 47 41 42 45 48 50 46 44 49 58 56 53 52 54 51 59 57 60 55 62 67 61 63 68 65 70 69 66 64 71 72 75 74 79 78 73 76 77 80  4  1  6  3  9  2 10  8  7  5 16 19 20 11 18 15 13 12 14 17
 73 77 78 79 74 75 80 72 71 76  4  9  7  3  6  5  2  1  8 10 13 17 11 12 15 18 20 16 14 19 28 26 23 22 24 21 29 27 30 25 32 37 31 33 38 35 40 39 36 34 41 42 45 44 49 48 43 46 47 50 54 51 56 53 59 52 60 58 57 55 66 69 70 61 68 65 63 62 64 67
 63 67 68 69 64 65 70 62 61 66 74 79 77 73 76 75 72 71 78 80  3  7  1  2  5  8 10  6  4  9 18 16 13 12 14 11 19 17 20 15 22 27 21 23 28 25 30 29 26 24 31 32 35 34 39 38 33 36 37 40 44 41 46 43 49 42 50 48 47 45 56 59 60 51 58 55 53 52 54 57
 43 47 48 49 44 45 50 42 41 46 54 59 57 53 56 55 52 51 58 60 63 67 61 62 65 68 70 66 64 69 78 76 73 72 74 71 79 77 80 75  2  7  1  3  8  5 10  9  6  4 11 12 15 14 19 18 13 16 17 20 24 21 26 23 29 22 30 28 27 25 36 39 40 31 38 35 33 32 34 37
  3  7  8  9  4  5 10  2  1  6 14 19 17 13 16 15 12 11 18 20 23 27 21 22 25 28 30 26 24 29 38 36 33 32 34 31 39 37 40 35 42 47 41 43 48 45 50 49 46 44 51 52 55 54 59 58 53 56 57 60 64 61 66 63 69 62 70 68 67 65 76 79 80 71 78 75 73 72 74 77
 13 17 18 19 14 15 20 12 11 16 24 29 27 23 26 25 22 21 28 30 33 37 31 32 35 38 40 36 34 39 48 46 43 42 44 41 49 47 50 45 52 57 51 53 58 55 60 59 56 54 61 62 65 64 69 68 63 66 67 70 74 71 76 73 79 72 80 78 77 75  6  9 10  1  8  5  3  2  4  7
 53 57 58 59 54 55 60 52 51 56 64 69 67 63 66 65 62 61 68 70 73 77 71 72 75 78 80 76 74 79  8  6  3  2  4  1  9  7 10  5 12 17 11 13 18 15 20 19 16 14 21 22 25 24 29 28 23 26 27 30 34 31 36 33 39 32 40 38 37 35 46 49 50 41 48 45 43 42 44 47
 33 37 38 39 34 35 40 32 31 36 44 49 47 43 46 45 42 41 48 50 53 57 51 52 55 58 60 56 54 59 68 66 63 62 64 61 69 67 70 65 72 77 71 73 78 75 80 79 76 74  1  2  5  4  9  8  3  6  7 10 14 11 16 13 19 12 20 18 17 15 26 29 30 21 28 25 23 22 24 27
 74 78 79 80 75 76 71 73 72 77  5 10  8  4  7  6  3  2  9  1 14 18 12 13 16 19 11 17 15 20 29 27 24 23 25 22 30 28 21 26 33 38 32 34 39 36 31 40 37 35 42 43 46 45 50 49 44 47 48 41 55 52 57 54 60 53 51 59 58 56 67 70 61 62 69 66 64 63 65 68
 64 68 69 70 65 66 61 63 62 67 75 80 78 74 77 76 73 72 79 71  4  8  2  3  6  9  1  7  5 10 19 17 14 13 15 12 20 18 11 16 23 28 22 24 29 26 21 30 27 25 32 33 36 35 40 39 34 37 38 31 45 42 47 44 50 43 41 49 48 46 57 60 51 52 59 56 54 53 55 58
 24 28 29 30 25 26 21 23 22 27 35 40 38 34 37 36 33 32 39 31 44 48 42 43 46 49 41 47 45 50 59 57 54 53 55 52 60 58 51 56 63 68 62 64 69 66 61 70 67 65 72 73 76 75 80 79 74 77 78 71  5  2  7  4 10  3  1  9  8  6 17 20 11 12 19 16 14 13 15 18
  4  8  9 10  5  6  1  3  2  7 15 20 18 14 17 16 13 12 19 11 24 28 22 23 26 29 21 27 25 30 39 37 34 33 35 32 40 38 31 36 43 48 42 44 49 46 41 50 47 45 52 53 56 55 60 59 54 57 58 51 65 62 67 64 70 63 61 69 68 66 77 80 71 72 79 76 74 73 75 78
 44 48 49 50 45 46 41 43 42 47 55 60 58 54 57 56 53 52 59 51 64 68 62 63 66 69 61 67 65 70 79 77 74 73 75 72 80 78 71 76  3  8  2  4  9  6  1 10  7  5 12 13 16 15 20 19 14 17 18 11 25 22 27 24 30 23 21 29 28 26 37 40 31 32 39 36 34 33 35 38
 54 58 59 60 55 56 51 53 52 57 65 70 68 64 67 66 63 62 69 61 74 78 72 73 76 79 71 77 75 80  9  7  4  3  5  2 10  8  1  6 13 18 12 14 19 16 11 20 17 15 22 23 26 25 30 29 24 27 28 21 35 32 37 34 40 33 31 39 38 36 47 50 41 42 49 46 44 43 45 48
 34 38 39 40 35 36 31 33 32 37 45 50 48 44 47 46 43 42 49 41 54 58 52 53 56 59 51 57 55 60 69 67 64 63 65 62 70 68 61 66 73 78 72 74 79 76 71 80 77 75  2  3  6  5 10  9  4  7  8  1 15 12 17 14 20 13 11 19 18 16 27 30 21 22 29 26 24 23 25 28
 14 18 19 20 15 16 11 13 12 17 25 30 28 24 27 26 23 22 29 21 34 38 32 33 36 39 31 37 35 40 49 47 44 43 45 42 50 48 41 46 53 58 52 54 59 56 51 60 57 55 62 63 66 65 70 69 64 67 68 61 75 72 77 74 80 73 71 79 78 76  7 10  1  2  9  6  4  3  5  8
 25 29 30 21 26 27 22 24 23 28 36 31 39 35 38 37 34 33 40 32 45 49 43 44 47 50 42 48 46 41 60 58 55 54 56 53 51 59 52 57 64 69 63 65 70 67 62 61 68 66 73 74 77 76 71 80 75 78 79 72  6  3  8  5  1  4  2 10  9  7 18 11 12 13 20 17 15 14 16 19
 65 69 70 61 66 67 62 64 63 68 76 71 79 75 78 77 74 73 80 72  5  9  3  4  7 10  2  8  6  1 20 18 15 14 16 13 11 19 12 17 24 29 23 25 30 27 22 21 28 26 33 34 37 36 31 40 35 38 39 32 46 43 48 45 41 44 42 50 49 47 58 51 52 53 60 57 55 54 56 59
 35 39 40 31 36 37 32 34 33 38 46 41 49 45 48 47 44 43 50 42 55 59 53 54 57 60 52 58 56 51 70 68 65 64 66 63 61 69 62 67 74 79 73 75 80 77 72 71 78 76  3  4  7  6  1 10  5  8  9  2 16 13 18 15 11 14 12 20 19 17 28 21 22 23 30 27 25 24 26 29
 15 19 20 11 16 17 12 14 13 18 26 21 29 25 28 27 24 23 30 22 35 39 33 34 37 40 32 38 36 31 50 48 45 44 46 43 41 49 42 47 54 59 53 55 60 57 52 51 58 56 63 64 67 66 61 70 65 68 69 62 76 73 78 75 71 74 72 80 79 77  8  1  2  3 10  7  5  4  6  9
 55 59 60 51 56 57 52 54 53 58 66 61 69 65 68 67 64 63 70 62 75 79 73 74 77 80 72 78 76 71 10  8  5  4  6  3  1  9  2  7 14 19 13 15 20 17 12 11 18 16 23 24 27 26 21 30 25 28 29 22 36 33 38 35 31 34 32 40 39 37 48 41 42 43 50 47 45 44 46 49
  5  9 10  1  6  7  2  4  3  8 16 11 19 15 18 17 14 13 20 12 25 29 23 24 27 30 22 28 26 21 40 38 35 34 36 33 31 39 32 37 44 49 43 45 50 47 42 41 48 46 53 54 57 56 51 60 55 58 59 52 66 63 68 65 61 64 62 70 69 67 78 71 72 73 80 77 75 74 76 79
 45 49 50 41 46 47 42 44 43 48 56 51 59 55 58 57 54 53 60 52 65 69 63 64 67 70 62 68 66 61 80 78 75 74 76 73 71 79 72 77  4  9  3  5 10  7  2  1  8  6 13 14 17 16 11 20 15 18 19 12 26 23 28 25 21 24 22 30 29 27 38 31 32 33 40 37 35 34 36 39
 75 79 80 71 76 77 72 74 73 78  6  1  9  5  8  7  4  3 10  2 15 19 13 14 17 20 12 18 16 11 30 28 25 24 26 23 21 29 22 27 34 39 33 35 40 37 32 31 38 36 43 44 47 46 41 50 45 48 49 42 56 53 58 55 51 54 52 60 59 57 68 61 62 63 70 67 65 64 66 69
