 49 44 42 43 50 47 41 46 48 45 52 54 56 57 55 60 53 51 59 58 65 63 61 66 68 67 64 70 69 62 73 80 78 75 76 72 74 77 71 79  8  6 10  3  9  1  5  2  7  4 19 13 15 20 18 12 17 14 16 11 24 30 27 22 21 23 28 29 25 26 33 32 37 36 35 34 40 38 31 39
 79 74 72 73 80 77 71 76 78 75  2  4  6  7  5 10  3  1  9  8 15 13 11 16 18 17 14 20 19 12 23 30 28 25 26 22 24 27 21 29 38 36 40 33 39 31 35 32 37 34 49 43 45 50 48 42 47 44 46 41 54 60 57 52 51 53 58 59 55 56 63 62 67 66 65 64 70 68 61 69
 39 34 32 33 40 37 31 36 38 35 42 44 46 47 45 50 43 41 49 48 55 53 51 56 58 57 54 60 59 52 63 70 68 65 66 62 64 67 61 69 78 76 80 73 79 71 75 72 77 74  9  3  5 10  8  2  7  4  6  1 14 20 17 12 11 13 18 19 15 16 23 22 27 26 25 24 30 28 21 29
 19 14 12 13 20 17 11 16 18 15 22 24 26 27 25 30 23 21 29 28 35 33 31 36 38 37 34 40 39 32 43 50 48 45 46 42 44 47 41 49 58 56 60 53 59 51 55 52 57 54 69 63 65 70 68 62 67 64 66 61 74 80 77 72 71 73 78 79 75 76  3  2  7  6  5  4 10  8  1  9
 29 24 22 23 30 27 21 26 28 25 32 34 36 37 35 40 33 31 39 38 45 43 41 46 48 47 44 50 49 42 53 60 58 55 56 52 54 57 51 59 68 66 70 63 69 61 65 62 67 64 79 73 75 80 78 72 77 74 76 71  4 10  7  2  1  3  8  9  5  6 13 12 17 16 15 14 20 18 11 19
  9  4  2  3 10  7  1  6  8  5 12 14 16 17 15 20 13 11 19 18 25 23 21 26 28 27 24 30 29 22 33 40 38 35 36 32 34 37 31 39 48 46 50 43 49 41 45 42 47 44 59 53 55 60 58 52 57 54 56 51 64 70 67 62 61 63 68 69 65 66 73 72 77 76 75 74 80 78 71 79
 69 64 62 63 70 67 61 66 68 65 72 74 76 77 75 80 73 71 79 78  5  3  1  6  8  7  4 10  9  2 13 20 18 15 16 12 14 17 11 19 28 26 30 23 29 21 25 22 27 24 39 33 35 40 38 32 37 34 36 31 44 50 47 42 41 43 48 49 45 46 53 52 57 56 55 54 60 58 51 59
 59 54 52 53 60 57 51 56 58 55 62 64 66 67 65 70 63 61 69 68 75 73 71 76 78 77 74 80 79 72  3 10  8  5  6  2  4  7  1  9 18 16 20 13 19 11 15 12 17 14 29 23 25 30 28 22 27 24 26 21 34 40 37 32 31 33 38 39 35 36 43 42 47 46 45 44 50 48 41 49
 30 25 23 24 21 28 22 27 29 26 33 35 37 38 36 31 34 32 40 39 46 44 42 47 49 48 45 41 50 43 54 51 59 56 57 53 55 58 52 60 69 67 61 64 70 62 66 63 68 65 80 74 76 71 79 73 78 75 77 72  5  1  8  3  2  4  9 10  6  7 14 13 18 17 16 15 11 19 12 20
 50 45 43 44 41 48 42 47 49 46 53 55 57 58 56 51 54 52 60 59 66 64 62 67 69 68 65 61 70 63 74 71 79 76 77 73 75 78 72 80  9  7  1  4 10  2  6  3  8  5 20 14 16 11 19 13 18 15 17 12 25 21 28 23 22 24 29 30 26 27 34 33 38 37 36 35 31 39 32 40
 40 35 33 34 31 38 32 37 39 36 43 45 47 48 46 41 44 42 50 49 56 54 52 57 59 58 55 51 60 53 64 61 69 66 67 63 65 68 62 70 79 77 71 74 80 72 76 73 78 75 10  4  6  1  9  3  8  5  7  2 15 11 18 13 12 14 19 20 16 17 24 23 28 27 26 25 21 29 22 30
 10  5  3  4  1  8  2  7  9  6 13 15 17 18 16 11 14 12 20 19 26 24 22 27 29 28 25 21 30 23 34 31 39 36 37 33 35 38 32 40 49 47 41 44 50 42 46 43 48 45 60 54 56 51 59 53 58 55 57 52 65 61 68 63 62 64 69 70 66 67 74 73 78 77 76 75 71 79 72 80
 70 65 63 64 61 68 62 67 69 66 73 75 77 78 76 71 74 72 80 79  6  4  2  7  9  8  5  1 10  3 14 11 19 16 17 13 15 18 12 20 29 27 21 24 30 22 26 23 28 25 40 34 36 31 39 33 38 35 37 32 45 41 48 43 42 44 49 50 46 47 54 53 58 57 56 55 51 59 52 60
 80 75 73 74 71 78 72 77 79 76  3  5  7  8  6  1  4  2 10  9 16 14 12 17 19 18 15 11 20 13 24 21 29 26 27 23 25 28 22 30 39 37 31 34 40 32 36 33 38 35 50 44 46 41 49 43 48 45 47 42 55 51 58 53 52 54 59 60 56 57 64 63 68 67 66 65 61 69 62 70
 20 15 13 14 11 18 12 17 19 16 23 25 27 28 26 21 24 22 30 29 36 34 32 37 39 38 35 31 40 33 44 41 49 46 47 43 45 48 42 50 59 57 51 54 60 52 56 53 58 55 70 64 66 61 69 63 68 65 67 62 75 71 78 73 72 74 79 80 76 77  4  3  8  7  6  5  1  9  2 10
 60 55 53 54 51 58 52 57 59 56 63 65 67 68 66 61 64 62 70 69 76 74 72 77 79 78 75 71 80 73  4  1  9  6  7  3  5  8  2 10 19 17 11 14 20 12 16 13 18 15 30 24 26 21 29 23 28 25 27 22 35 31 38 33 32 34 39 40 36 37 44 43 48 47 46 45 41 49 42 50
 61 66 64 65 62 69 63 68 70 67 74 76 78 79 77 72 75 73 71 80  7  5  3  8 10  9  6  2  1  4 15 12 20 17 18 14 16 19 13 11 30 28 22 25 21 23 27 24 29 26 31 35 37 32 40 34 39 36 38 33 46 42 49 44 43 45 50 41 47 48 55 54 59 58 57 56 52 60 53 51
  1  6  4  5  2  9  3  8 10  7 14 16 18 19 17 12 15 13 11 20 27 25 23 28 30 29 26 22 21 24 35 32 40 37 38 34 36 39 33 31 50 48 42 45 41 43 47 44 49 46 51 55 57 52 60 54 59 56 58 53 66 62 69 64 63 65 70 61 67 68 75 74 79 78 77 76 72 80 73 71
 21 26 24 25 22 29 23 28 30 27 34 36 38 39 37 32 35 33 31 40 47 45 43 48 50 49 46 42 41 44 55 52 60 57 58 54 56 59 53 51 70 68 62 65 61 63 67 64 69 66 71 75 77 72 80 74 79 76 78 73  6  2  9  4  3  5 10  1  7  8 15 14 19 18 17 16 12 20 13 11
 41 46 44 45 42 49 43 48 50 47 54 56 58 59 57 52 55 53 51 60 67 65 63 68 70 69 66 62 61 64 75 72 80 77 78 74 76 79 73 71 10  8  2  5  1  3  7  4  9  6 11 15 17 12 20 14 19 16 18 13 26 22 29 24 23 25 30 21 27 28 35 34 39 38 37 36 32 40 33 31
 71 76 74 75 72 79 73 78 80 77  4  6  8  9  7  2  5  3  1 10 17 15 13 18 20 19 16 12 11 14 25 22 30 27 28 24 26 29 23 21 40 38 32 35 31 33 37 34 39 36 41 45 47 42 50 44 49 46 48 43 56 52 59 54 53 55 60 51 57 58 65 64 69 68 67 66 62 70 63 61
 11 16 14 15 12 19 13 18 20 17 24 26 28 29 27 22 25 23 21 30 37 35 33 38 40 39 36 32 31 34 45 42 50 47 48 44 46 49 43 41 60 58 52 55 51 53 57 54 59 56 61 65 67 62 70 64 69 66 68 63 76 72 79 74 73 75 80 71 77 78  5  4  9  8  7  6  2 10  3  1
 51 56 54 55 52 59 53 58 60 57 64 66 68 69 67 62 65 63 61 70 77 75 73 78 80 79 76 72 71 74  5  2 10  7  8  4  6  9  3  1 20 18 12 15 11 13 17 14 19 16 21 25 27 22 30 24 29 26 28 23 36 32 39 34 33 35 40 31 37 38 45 44 49 48 47 46 42 50 43 41
 31 36 34 35 32 39 33 38 40 37 44 46 48 49 47 42 45 43 41 50 57 55 53 58 60 59 56 52 51 54 65 62 70 67 68 64 66 69 63 61 80 78 72 75 71 73 77 74 79 76  1  5  7  2 10  4  9  6  8  3 16 12 19 14 13 15 20 11 17 18 25 24 29 28 27 26 22 30 23 21
 32 37 35 36 33 40 34 39 31 38 45 47 49 50 48 43 46 44 42 41 58 56 54 59 51 60 57 53 52 55 66 63 61 68 69 65 67 70 64 62 71 79 73 76 72 74 78 75 80 77  2  6  8  3  1  5 10  7  9  4 17 13 20 15 14 16 11 12 18 19 26 25 30 29 28 27 23 21 24 22
 52 57 55 56 53 60 54 59 51 58 65 67 69 70 68 63 66 64 62 61 78 76 74 79 71 80 77 73 72 75  6  3  1  8  9  5  7 10  4  2 11 19 13 16 12 14 18 15 20 17 22 26 28 23 21 25 30 27 29 24 37 33 40 35 34 36 31 32 38 39 46 45 50 49 48 47 43 41 44 42
  2  7  5  6  3 10  4  9  1  8 15 17 19 20 18 13 16 14 12 11 28 26 24 29 21 30 27 23 22 25 36 33 31 38 39 35 37 40 34 32 41 49 43 46 42 44 48 45 50 47 52 56 58 53 51 55 60 57 59 54 67 63 70 65 64 66 61 62 68 69 76 75 80 79 78 77 73 71 74 72
 72 77 75 76 73 80 74 79 71 78  5  7  9 10  8  3  6  4  2  1 18 16 14 19 11 20 17 13 12 15 26 23 21 28 29 25 27 30 24 22 31 39 33 36 32 34 38 35 40 37 42 46 48 43 41 45 50 47 49 44 57 53 60 55 54 56 51 52 58 59 66 65 70 69 68 67 63 61 64 62
 22 27 25 26 23 30 24 29 21 28 35 37 39 40 38 33 36 34 32 31 48 46 44 49 41 50 47 43 42 45 56 53 51 58 59 55 57 60 54 52 61 69 63 66 62 64 68 65 70 67 72 76 78 73 71 75 80 77 79 74  7  3 10  5  4  6  1  2  8  9 16 15 20 19 18 17 13 11 14 12
 12 17 15 16 13 20 14 19 11 18 25 27 29 30 28 23 26 24 22 21 38 36 34 39 31 40 37 33 32 35 46 43 41 48 49 45 47 50 44 42 51 59 53 56 52 54 58 55 60 57 62 66 68 63 61 65 70 67 69 64 77 73 80 75 74 76 71 72 78 79  6  5 10  9  8  7  3  1  4  2
 42 47 45 46 43 50 44 49 41 48 55 57 59 60 58 53 56 54 52 51 68 66 64 69 61 70 67 63 62 65 76 73 71 78 79 75 77 80 74 72  1  9  3  6  2  4  8  5 10  7 12 16 18 13 11 15 20 17 19 14 27 23 30 25 24 26 21 22 28 29 36 35 40 39 38 37 33 31 34 32
 62 67 65 66 63 70 64 69 61 68 75 77 79 80 78 73 76 74 72 71  8  6  4  9  1 10  7  3  2  5 16 13 11 18 19 15 17 20 14 12 21 29 23 26 22 24 28 25 30 27 32 36 38 33 31 35 40 37 39 34 47 43 50 45 44 46 41 42 48 49 56 55 60 59 58 57 53 51 54 52
  3  8  6  7  4  1  5 10  2  9 16 18 20 11 19 14 17 15 13 12 29 27 25 30 22 21 28 24 23 26 37 34 32 39 40 36 38 31 35 33 42 50 44 47 43 45 49 46 41 48 53 57 59 54 52 56 51 58 60 55 68 64 61 66 65 67 62 63 69 70 77 76 71 80 79 78 74 72 75 73
 23 28 26 27 24 21 25 30 22 29 36 38 40 31 39 34 37 35 33 32 49 47 45 50 42 41 48 44 43 46 57 54 52 59 60 56 58 51 55 53 62 70 64 67 63 65 69 66 61 68 73 77 79 74 72 76 71 78 80 75  8  4  1  6  5  7  2  3  9 10 17 16 11 20 19 18 14 12 15 13
 43 48 46 47 44 41 45 50 42 49 56 58 60 51 59 54 57 55 53 52 69 67 65 70 62 61 68 64 63 66 77 74 72 79 80 76 78 71 75 73  2 10  4  7  3  5  9  6  1  8 13 17 19 14 12 16 11 18 20 15 28 24 21 26 25 27 22 23 29 30 37 36 31 40 39 38 34 32 35 33
 53 58 56 57 54 51 55 60 52 59 66 68 70 61 69 64 67 65 63 62 79 77 75 80 72 71 78 74 73 76  7  4  2  9 10  6  8  1  5  3 12 20 14 17 13 15 19 16 11 18 23 27 29 24 22 26 21 28 30 25 38 34 31 36 35 37 32 33 39 40 47 46 41 50 49 48 44 42 45 43
 33 38 36 37 34 31 35 40 32 39 46 48 50 41 49 44 47 45 43 42 59 57 55 60 52 51 58 54 53 56 67 64 62 69 70 66 68 61 65 63 72 80 74 77 73 75 79 76 71 78  3  7  9  4  2  6  1  8 10  5 18 14 11 16 15 17 12 13 19 20 27 26 21 30 29 28 24 22 25 23
 63 68 66 67 64 61 65 70 62 69 76 78 80 71 79 74 77 75 73 72  9  7  5 10  2  1  8  4  3  6 17 14 12 19 20 16 18 11 15 13 22 30 24 27 23 25 29 26 21 28 33 37 39 34 32 36 31 38 40 35 48 44 41 46 45 47 42 43 49 50 57 56 51 60 59 58 54 52 55 53
 73 78 76 77 74 71 75 80 72 79  6  8 10  1  9  4  7  5  3  2 19 17 15 20 12 11 18 14 13 16 27 24 22 29 30 26 28 21 25 23 32 40 34 37 33 35 39 36 31 38 43 47 49 44 42 46 41 48 50 45 58 54 51 56 55 57 52 53 59 60 67 66 61 70 69 68 64 62 65 63
 13 18 16 17 14 11 15 20 12 19 26 28 30 21 29 24 27 25 23 22 39 37 35 40 32 31 38 34 33 36 47 44 42 49 50 46 48 41 45 43 52 60 54 57 53 55 59 56 51 58 63 67 69 64 62 66 61 68 70 65 78 74 71 76 75 77 72 73 79 80  7  6  1 10  9  8  4  2  5  3
  4  9  7  8  5  2  6  1  3 10 17 19 11 12 20 15 18 16 14 13 30 28 26 21 23 22 29 25 24 27 38 35 33 40 31 37 39 32 36 34 43 41 45 48 44 46 50 47 42 49 54 58 60 55 53 57 52 59 51 56 69 65 62 67 66 68 63 64 70 61 78 77 72 71 80 79 75 73 76 74
 24 29 27 28 25 22 26 21 23 30 37 39 31 32 40 35 38 36 34 33 50 48 46 41 43 42 49 45 44 47 58 55 53 60 51 57 59 52 56 54 63 61 65 68 64 66 70 67 62 69 74 78 80 75 73 77 72 79 71 76  9  5  2  7  6  8  3  4 10  1 18 17 12 11 20 19 15 13 16 14
 64 69 67 68 65 62 66 61 63 70 77 79 71 72 80 75 78 76 74 73 10  8  6  1  3  2  9  5  4  7 18 15 13 20 11 17 19 12 16 14 23 21 25 28 24 26 30 27 22 29 34 38 40 35 33 37 32 39 31 36 49 45 42 47 46 48 43 44 50 41 58 57 52 51 60 59 55 53 56 54
 34 39 37 38 35 32 36 31 33 40 47 49 41 42 50 45 48 46 44 43 60 58 56 51 53 52 59 55 54 57 68 65 63 70 61 67 69 62 66 64 73 71 75 78 74 76 80 77 72 79  4  8 10  5  3  7  2  9  1  6 19 15 12 17 16 18 13 14 20 11 28 27 22 21 30 29 25 23 26 24
 74 79 77 78 75 72 76 71 73 80  7  9  1  2 10  5  8  6  4  3 20 18 16 11 13 12 19 15 14 17 28 25 23 30 21 27 29 22 26 24 33 31 35 38 34 36 40 37 32 39 44 48 50 45 43 47 42 49 41 46 59 55 52 57 56 58 53 54 60 51 68 67 62 61 70 69 65 63 66 64
 44 49 47 48 45 42 46 41 43 50 57 59 51 52 60 55 58 56 54 53 70 68 66 61 63 62 69 65 64 67 78 75 73 80 71 77 79 72 76 74  3  1  5  8  4  6 10  7  2  9 14 18 20 15 13 17 12 19 11 16 29 25 22 27 26 28 23 24 30 21 38 37 32 31 40 39 35 33 36 34
 14 19 17 18 15 12 16 11 13 20 27 29 21 22 30 25 28 26 24 23 40 38 36 31 33 32 39 35 34 37 48 45 43 50 41 47 49 42 46 44 53 51 55 58 54 56 60 57 52 59 64 68 70 65 63 67 62 69 61 66 79 75 72 77 76 78 73 74 80 71  8  7  2  1 10  9  5  3  6  4
 54 59 57 58 55 52 56 51 53 60 67 69 61 62 70 65 68 66 64 63 80 78 76 71 73 72 79 75 74 77  8  5  3 10  1  7  9  2  6  4 13 11 15 18 14 16 20 17 12 19 24 28 30 25 23 27 22 29 21 26 39 35 32 37 36 38 33 34 40 31 48 47 42 41 50 49 45 43 46 44
 55 60 58 59 56 53 57 52 54 51 68 70 62 63 61 66 69 67 65 64 71 79 77 72 74 73 80 76 75 78  9  6  4  1  2  8 10  3  7  5 14 12 16 19 15 17 11 18 13 20 25 29 21 26 24 28 23 30 22 27 40 36 33 38 37 39 34 35 31 32 49 48 43 42 41 50 46 44 47 45
 35 40 38 39 36 33 37 32 34 31 48 50 42 43 41 46 49 47 45 44 51 59 57 52 54 53 60 56 55 58 69 66 64 61 62 68 70 63 67 65 74 72 76 79 75 77 71 78 73 80  5  9  1  6  4  8  3 10  2  7 20 16 13 18 17 19 14 15 11 12 29 28 23 22 21 30 26 24 27 25
 25 30 28 29 26 23 27 22 24 21 38 40 32 33 31 36 39 37 35 34 41 49 47 42 44 43 50 46 45 48 59 56 54 51 52 58 60 53 57 55 64 62 66 69 65 67 61 68 63 70 75 79 71 76 74 78 73 80 72 77 10  6  3  8  7  9  4  5  1  2 19 18 13 12 11 20 16 14 17 15
 75 80 78 79 76 73 77 72 74 71  8 10  2  3  1  6  9  7  5  4 11 19 17 12 14 13 20 16 15 18 29 26 24 21 22 28 30 23 27 25 34 32 36 39 35 37 31 38 33 40 45 49 41 46 44 48 43 50 42 47 60 56 53 58 57 59 54 55 51 52 69 68 63 62 61 70 66 64 67 65
  5 10  8  9  6  3  7  2  4  1 18 20 12 13 11 16 19 17 15 14 21 29 27 22 24 23 30 26 25 28 39 36 34 31 32 38 40 33 37 35 44 42 46 49 45 47 41 48 43 50 55 59 51 56 54 58 53 60 52 57 70 66 63 68 67 69 64 65 61 62 79 78 73 72 71 80 76 74 77 75
 15 20 18 19 16 13 17 12 14 11 28 30 22 23 21 26 29 27 25 24 31 39 37 32 34 33 40 36 35 38 49 46 44 41 42 48 50 43 47 45 54 52 56 59 55 57 51 58 53 60 65 69 61 66 64 68 63 70 62 67 80 76 73 78 77 79 74 75 71 72  9  8  3  2  1 10  6  4  7  5
 65 70 68 69 66 63 67 62 64 61 78 80 72 73 71 76 79 77 75 74  1  9  7  2  4  3 10  6  5  8 19 16 14 11 12 18 20 13 17 15 24 22 26 29 25 27 21 28 23 30 35 39 31 36 34 38 33 40 32 37 50 46 43 48 47 49 44 45 41 42 59 58 53 52 51 60 56 54 57 55
 45 50 48 49 46 43 47 42 44 41 58 60 52 53 51 56 59 57 55 54 61 69 67 62 64 63 70 66 65 68 79 76 74 71 72 78 80 73 77 75  4  2  6  9  5  7  1  8  3 10 15 19 11 16 14 18 13 20 12 17 30 26 23 28 27 29 24 25 21 22 39 38 33 32 31 40 36 34 37 35
 76 71 79 80 77 74 78 73 75 72  9  1  3  4  2  7 10  8  6  5 12 20 18 13 15 14 11 17 16 19 30 27 25 22 23 29 21 24 28 26 35 33 37 40 36 38 32 39 34 31 46 50 42 47 45 49 44 41 43 48 51 57 54 59 58 60 55 56 52 53 70 69 64 63 62 61 67 65 68 66
 16 11 19 20 17 14 18 13 15 12 29 21 23 24 22 27 30 28 26 25 32 40 38 33 35 34 31 37 36 39 50 47 45 42 43 49 41 44 48 46 55 53 57 60 56 58 52 59 54 51 66 70 62 67 65 69 64 61 63 68 71 77 74 79 78 80 75 76 72 73 10  9  4  3  2  1  7  5  8  6
 36 31 39 40 37 34 38 33 35 32 49 41 43 44 42 47 50 48 46 45 52 60 58 53 55 54 51 57 56 59 70 67 65 62 63 69 61 64 68 66 75 73 77 80 76 78 72 79 74 71  6 10  2  7  5  9  4  1  3  8 11 17 14 19 18 20 15 16 12 13 30 29 24 23 22 21 27 25 28 26
  6  1  9 10  7  4  8  3  5  2 19 11 13 14 12 17 20 18 16 15 22 30 28 23 25 24 21 27 26 29 40 37 35 32 33 39 31 34 38 36 45 43 47 50 46 48 42 49 44 41 56 60 52 57 55 59 54 51 53 58 61 67 64 69 68 70 65 66 62 63 80 79 74 73 72 71 77 75 78 76
 26 21 29 30 27 24 28 23 25 22 39 31 33 34 32 37 40 38 36 35 42 50 48 43 45 44 41 47 46 49 60 57 55 52 53 59 51 54 58 56 65 63 67 70 66 68 62 69 64 61 76 80 72 77 75 79 74 71 73 78  1  7  4  9  8 10  5  6  2  3 20 19 14 13 12 11 17 15 18 16
 66 61 69 70 67 64 68 63 65 62 79 71 73 74 72 77 80 78 76 75  2 10  8  3  5  4  1  7  6  9 20 17 15 12 13 19 11 14 18 16 25 23 27 30 26 28 22 29 24 21 36 40 32 37 35 39 34 31 33 38 41 47 44 49 48 50 45 46 42 43 60 59 54 53 52 51 57 55 58 56
 56 51 59 60 57 54 58 53 55 52 69 61 63 64 62 67 70 68 66 65 72 80 78 73 75 74 71 77 76 79 10  7  5  2  3  9  1  4  8  6 15 13 17 20 16 18 12 19 14 11 26 30 22 27 25 29 24 21 23 28 31 37 34 39 38 40 35 36 32 33 50 49 44 43 42 41 47 45 48 46
 46 41 49 50 47 44 48 43 45 42 59 51 53 54 52 57 60 58 56 55 62 70 68 63 65 64 61 67 66 69 80 77 75 72 73 79 71 74 78 76  5  3  7 10  6  8  2  9  4  1 16 20 12 17 15 19 14 11 13 18 21 27 24 29 28 30 25 26 22 23 40 39 34 33 32 31 37 35 38 36
 37 32 40 31 38 35 39 34 36 33 50 42 44 45 43 48 41 49 47 46 53 51 59 54 56 55 52 58 57 60 61 68 66 63 64 70 62 65 69 67 76 74 78 71 77 79 73 80 75 72  7  1  3  8  6 10  5  2  4  9 12 18 15 20 19 11 16 17 13 14 21 30 25 24 23 22 28 26 29 27
  7  2 10  1  8  5  9  4  6  3 20 12 14 15 13 18 11 19 17 16 23 21 29 24 26 25 22 28 27 30 31 38 36 33 34 40 32 35 39 37 46 44 48 41 47 49 43 50 45 42 57 51 53 58 56 60 55 52 54 59 62 68 65 70 69 61 66 67 63 64 71 80 75 74 73 72 78 76 79 77
 27 22 30 21 28 25 29 24 26 23 40 32 34 35 33 38 31 39 37 36 43 41 49 44 46 45 42 48 47 50 51 58 56 53 54 60 52 55 59 57 66 64 68 61 67 69 63 70 65 62 77 71 73 78 76 80 75 72 74 79  2  8  5 10  9  1  6  7  3  4 11 20 15 14 13 12 18 16 19 17
 67 62 70 61 68 65 69 64 66 63 80 72 74 75 73 78 71 79 77 76  3  1  9  4  6  5  2  8  7 10 11 18 16 13 14 20 12 15 19 17 26 24 28 21 27 29 23 30 25 22 37 31 33 38 36 40 35 32 34 39 42 48 45 50 49 41 46 47 43 44 51 60 55 54 53 52 58 56 59 57
 17 12 20 11 18 15 19 14 16 13 30 22 24 25 23 28 21 29 27 26 33 31 39 34 36 35 32 38 37 40 41 48 46 43 44 50 42 45 49 47 56 54 58 51 57 59 53 60 55 52 67 61 63 68 66 70 65 62 64 69 72 78 75 80 79 71 76 77 73 74  1 10  5  4  3  2  8  6  9  7
 57 52 60 51 58 55 59 54 56 53 70 62 64 65 63 68 61 69 67 66 73 71 79 74 76 75 72 78 77 80  1  8  6  3  4 10  2  5  9  7 16 14 18 11 17 19 13 20 15 12 27 21 23 28 26 30 25 22 24 29 32 38 35 40 39 31 36 37 33 34 41 50 45 44 43 42 48 46 49 47
 77 72 80 71 78 75 79 74 76 73 10  2  4  5  3  8  1  9  7  6 13 11 19 14 16 15 12 18 17 20 21 28 26 23 24 30 22 25 29 27 36 34 38 31 37 39 33 40 35 32 47 41 43 48 46 50 45 42 44 49 52 58 55 60 59 51 56 57 53 54 61 70 65 64 63 62 68 66 69 67
 47 42 50 41 48 45 49 44 46 43 60 52 54 55 53 58 51 59 57 56 63 61 69 64 66 65 62 68 67 70 71 78 76 73 74 80 72 75 79 77  6  4  8  1  7  9  3 10  5  2 17 11 13 18 16 20 15 12 14 19 22 28 25 30 29 21 26 27 23 24 31 40 35 34 33 32 38 36 39 37
 38 33 31 32 39 36 40 35 37 34 41 43 45 46 44 49 42 50 48 47 54 52 60 55 57 56 53 59 58 51 62 69 67 64 65 61 63 66 70 68 77 75 79 72 78 80 74 71 76 73  8  2  4  9  7  1  6  3  5 10 13 19 16 11 20 12 17 18 14 15 22 21 26 25 24 23 29 27 30 28
 18 13 11 12 19 16 20 15 17 14 21 23 25 26 24 29 22 30 28 27 34 32 40 35 37 36 33 39 38 31 42 49 47 44 45 41 43 46 50 48 57 55 59 52 58 60 54 51 56 53 68 62 64 69 67 61 66 63 65 70 73 79 76 71 80 72 77 78 74 75  2  1  6  5  4  3  9  7 10  8
 48 43 41 42 49 46 50 45 47 44 51 53 55 56 54 59 52 60 58 57 64 62 70 65 67 66 63 69 68 61 72 79 77 74 75 71 73 76 80 78  7  5  9  2  8 10  4  1  6  3 18 12 14 19 17 11 16 13 15 20 23 29 26 21 30 22 27 28 24 25 32 31 36 35 34 33 39 37 40 38
 68 63 61 62 69 66 70 65 67 64 71 73 75 76 74 79 72 80 78 77  4  2 10  5  7  6  3  9  8  1 12 19 17 14 15 11 13 16 20 18 27 25 29 22 28 30 24 21 26 23 38 32 34 39 37 31 36 33 35 40 43 49 46 41 50 42 47 48 44 45 52 51 56 55 54 53 59 57 60 58
 58 53 51 52 59 56 60 55 57 54 61 63 65 66 64 69 62 70 68 67 74 72 80 75 77 76 73 79 78 71  2  9  7  4  5  1  3  6 10  8 17 15 19 12 18 20 14 11 16 13 28 22 24 29 27 21 26 23 25 30 33 39 36 31 40 32 37 38 34 35 42 41 46 45 44 43 49 47 50 48
  8  3  1  2  9  6 10  5  7  4 11 13 15 16 14 19 12 20 18 17 24 22 30 25 27 26 23 29 28 21 32 39 37 34 35 31 33 36 40 38 47 45 49 42 48 50 44 41 46 43 58 52 54 59 57 51 56 53 55 60 63 69 66 61 70 62 67 68 64 65 72 71 76 75 74 73 79 77 80 78
 28 23 21 22 29 26 30 25 27 24 31 33 35 36 34 39 32 40 38 37 44 42 50 45 47 46 43 49 48 41 52 59 57 54 55 51 53 56 60 58 67 65 69 62 68 70 64 61 66 63 78 72 74 79 77 71 76 73 75 80  3  9  6  1 10  2  7  8  4  5 12 11 16 15 14 13 19 17 20 18
 78 73 71 72 79 76 80 75 77 74  1  3  5  6  4  9  2 10  8  7 14 12 20 15 17 16 13 19 18 11 22 29 27 24 25 21 23 26 30 28 37 35 39 32 38 40 34 31 36 33 48 42 44 49 47 41 46 43 45 50 53 59 56 51 60 52 57 58 54 55 62 61 66 65 64 63 69 67 70 68
