 26 28 23 24 30 27 29 22 21 25 39 40 33 31 37 36 34 38 32 35 43 50 42 49 47 45 44 48 46 41 56 58 55 54 57 53 60 59 52 51 66 64 67 65 70 62 68 63 69 61 73 78 77 72 75 76 80 71 79 74  9  6  8 10  1  4  2  3  7  5 15 19 17 16 20 13 18 12 11 14
 36 38 33 34 40 37 39 32 31 35 49 50 43 41 47 46 44 48 42 45 53 60 52 59 57 55 54 58 56 51 66 68 65 64 67 63 70 69 62 61 76 74 77 75 80 72 78 73 79 71  3  8  7  2  5  6 10  1  9  4 19 16 18 20 11 14 12 13 17 15 25 29 27 26 30 23 28 22 21 24
 76 78 73 74 80 77 79 72 71 75  9 10  3  1  7  6  4  8  2  5 13 20 12 19 17 15 14 18 16 11 26 28 25 24 27 23 30 29 22 21 36 34 37 35 40 32 38 33 39 31 43 48 47 42 45 46 50 41 49 44 59 56 58 60 51 54 52 53 57 55 65 69 67 66 70 63 68 62 61 64
  6  8  3  4 10  7  9  2  1  5 19 20 13 11 17 16 14 18 12 15 23 30 22 29 27 25 24 28 26 21 36 38 35 34 37 33 40 39 32 31 46 44 47 45 50 42 48 43 49 41 53 58 57 52 55 56 60 51 59 54 69 66 68 70 61 64 62 63 67 65 75 79 77 76 80 73 78 72 71 74
 56 58 53 54 60 57 59 52 51 55 69 70 63 61 67 66 64 68 62 65 73 80 72 79 77 75 74 78 76 71  6  8  5  4  7  3 10  9  2  1 16 14 17 15 20 12 18 13 19 11 23 28 27 22 25 26 30 21 29 24 39 36 38 40 31 34 32 33 37 35 45 49 47 46 50 43 48 42 41 44
 46 48 43 44 50 47 49 42 41 45 59 60 53 51 57 56 54 58 52 55 63 70 62 69 67 65 64 68 66 61 76 78 75 74 77 73 80 79 72 71  6  4  7  5 10  2  8  3  9  1 13 18 17 12 15 16 20 11 19 14 29 26 28 30 21 24 22 23 27 25 35 39 37 36 40 33 38 32 31 34
 66 68 63 64 70 67 69 62 61 65 79 80 73 71 77 76 74 78 72 75  3 10  2  9  7  5  4  8  6  1 16 18 15 14 17 13 20 19 12 11 26 24 27 25 30 22 28 23 29 21 33 38 37 32 35 36 40 31 39 34 49 46 48 50 41 44 42 43 47 45 55 59 57 56 60 53 58 52 51 54
 16 18 13 14 20 17 19 12 11 15 29 30 23 21 27 26 24 28 22 25 33 40 32 39 37 35 34 38 36 31 46 48 45 44 47 43 50 49 42 41 56 54 57 55 60 52 58 53 59 51 63 68 67 62 65 66 70 61 69 64 79 76 78 80 71 74 72 73 77 75  5  9  7  6 10  3  8  2  1  4
 57 59 54 55 51 58 60 53 52 56 70 61 64 62 68 67 65 69 63 66 74 71 73 80 78 76 75 79 77 72  7  9  6  5  8  4  1 10  3  2 17 15 18 16 11 13 19 14 20 12 24 29 28 23 26 27 21 22 30 25 40 37 39 31 32 35 33 34 38 36 46 50 48 47 41 44 49 43 42 45
 77 79 74 75 71 78 80 73 72 76 10  1  4  2  8  7  5  9  3  6 14 11 13 20 18 16 15 19 17 12 27 29 26 25 28 24 21 30 23 22 37 35 38 36 31 33 39 34 40 32 44 49 48 43 46 47 41 42 50 45 60 57 59 51 52 55 53 54 58 56 66 70 68 67 61 64 69 63 62 65
 17 19 14 15 11 18 20 13 12 16 30 21 24 22 28 27 25 29 23 26 34 31 33 40 38 36 35 39 37 32 47 49 46 45 48 44 41 50 43 42 57 55 58 56 51 53 59 54 60 52 64 69 68 63 66 67 61 62 70 65 80 77 79 71 72 75 73 74 78 76  6 10  8  7  1  4  9  3  2  5
 47 49 44 45 41 48 50 43 42 46 60 51 54 52 58 57 55 59 53 56 64 61 63 70 68 66 65 69 67 62 77 79 76 75 78 74 71 80 73 72  7  5  8  6  1  3  9  4 10  2 14 19 18 13 16 17 11 12 20 15 30 27 29 21 22 25 23 24 28 26 36 40 38 37 31 34 39 33 32 35
 67 69 64 65 61 68 70 63 62 66 80 71 74 72 78 77 75 79 73 76  4  1  3 10  8  6  5  9  7  2 17 19 16 15 18 14 11 20 13 12 27 25 28 26 21 23 29 24 30 22 34 39 38 33 36 37 31 32 40 35 50 47 49 41 42 45 43 44 48 46 56 60 58 57 51 54 59 53 52 55
 27 29 24 25 21 28 30 23 22 26 40 31 34 32 38 37 35 39 33 36 44 41 43 50 48 46 45 49 47 42 57 59 56 55 58 54 51 60 53 52 67 65 68 66 61 63 69 64 70 62 74 79 78 73 76 77 71 72 80 75 10  7  9  1  2  5  3  4  8  6 16 20 18 17 11 14 19 13 12 15
  7  9  4  5  1  8 10  3  2  6 20 11 14 12 18 17 15 19 13 16 24 21 23 30 28 26 25 29 27 22 37 39 36 35 38 34 31 40 33 32 47 45 48 46 41 43 49 44 50 42 54 59 58 53 56 57 51 52 60 55 70 67 69 61 62 65 63 64 68 66 76 80 78 77 71 74 79 73 72 75
 37 39 34 35 31 38 40 33 32 36 50 41 44 42 48 47 45 49 43 46 54 51 53 60 58 56 55 59 57 52 67 69 66 65 68 64 61 70 63 62 77 75 78 76 71 73 79 74 80 72  4  9  8  3  6  7  1  2 10  5 20 17 19 11 12 15 13 14 18 16 26 30 28 27 21 24 29 23 22 25
 18 20 15 16 12 19 11 14 13 17 21 22 25 23 29 28 26 30 24 27 35 32 34 31 39 37 36 40 38 33 48 50 47 46 49 45 42 41 44 43 58 56 59 57 52 54 60 55 51 53 65 70 69 64 67 68 62 63 61 66 71 78 80 72 73 76 74 75 79 77  7  1  9  8  2  5 10  4  3  6
 38 40 35 36 32 39 31 34 33 37 41 42 45 43 49 48 46 50 44 47 55 52 54 51 59 57 56 60 58 53 68 70 67 66 69 65 62 61 64 63 78 76 79 77 72 74 80 75 71 73  5 10  9  4  7  8  2  3  1  6 11 18 20 12 13 16 14 15 19 17 27 21 29 28 22 25 30 24 23 26
 58 60 55 56 52 59 51 54 53 57 61 62 65 63 69 68 66 70 64 67 75 72 74 71 79 77 76 80 78 73  8 10  7  6  9  5  2  1  4  3 18 16 19 17 12 14 20 15 11 13 25 30 29 24 27 28 22 23 21 26 31 38 40 32 33 36 34 35 39 37 47 41 49 48 42 45 50 44 43 46
 68 70 65 66 62 69 61 64 63 67 71 72 75 73 79 78 76 80 74 77  5  2  4  1  9  7  6 10  8  3 18 20 17 16 19 15 12 11 14 13 28 26 29 27 22 24 30 25 21 23 35 40 39 34 37 38 32 33 31 36 41 48 50 42 43 46 44 45 49 47 57 51 59 58 52 55 60 54 53 56
  8 10  5  6  2  9  1  4  3  7 11 12 15 13 19 18 16 20 14 17 25 22 24 21 29 27 26 30 28 23 38 40 37 36 39 35 32 31 34 33 48 46 49 47 42 44 50 45 41 43 55 60 59 54 57 58 52 53 51 56 61 68 70 62 63 66 64 65 69 67 77 71 79 78 72 75 80 74 73 76
 28 30 25 26 22 29 21 24 23 27 31 32 35 33 39 38 36 40 34 37 45 42 44 41 49 47 46 50 48 43 58 60 57 56 59 55 52 51 54 53 68 66 69 67 62 64 70 65 61 63 75 80 79 74 77 78 72 73 71 76  1  8 10  2  3  6  4  5  9  7 17 11 19 18 12 15 20 14 13 16
 78 80 75 76 72 79 71 74 73 77  1  2  5  3  9  8  6 10  4  7 15 12 14 11 19 17 16 20 18 13 28 30 27 26 29 25 22 21 24 23 38 36 39 37 32 34 40 35 31 33 45 50 49 44 47 48 42 43 41 46 51 58 60 52 53 56 54 55 59 57 67 61 69 68 62 65 70 64 63 66
 48 50 45 46 42 49 41 44 43 47 51 52 55 53 59 58 56 60 54 57 65 62 64 61 69 67 66 70 68 63 78 80 77 76 79 75 72 71 74 73  8  6  9  7  2  4 10  5  1  3 15 20 19 14 17 18 12 13 11 16 21 28 30 22 23 26 24 25 29 27 37 31 39 38 32 35 40 34 33 36
 79 71 76 77 73 80 72 75 74 78  2  3  6  4 10  9  7  1  5  8 16 13 15 12 20 18 17 11 19 14 29 21 28 27 30 26 23 22 25 24 39 37 40 38 33 35 31 36 32 34 46 41 50 45 48 49 43 44 42 47 52 59 51 53 54 57 55 56 60 58 68 62 70 69 63 66 61 65 64 67
 29 21 26 27 23 30 22 25 24 28 32 33 36 34 40 39 37 31 35 38 46 43 45 42 50 48 47 41 49 44 59 51 58 57 60 56 53 52 55 54 69 67 70 68 63 65 61 66 62 64 76 71 80 75 78 79 73 74 72 77  2  9  1  3  4  7  5  6 10  8 18 12 20 19 13 16 11 15 14 17
  9  1  6  7  3 10  2  5  4  8 12 13 16 14 20 19 17 11 15 18 26 23 25 22 30 28 27 21 29 24 39 31 38 37 40 36 33 32 35 34 49 47 50 48 43 45 41 46 42 44 56 51 60 55 58 59 53 54 52 57 62 69 61 63 64 67 65 66 70 68 78 72 80 79 73 76 71 75 74 77
 39 31 36 37 33 40 32 35 34 38 42 43 46 44 50 49 47 41 45 48 56 53 55 52 60 58 57 51 59 54 69 61 68 67 70 66 63 62 65 64 79 77 80 78 73 75 71 76 72 74  6  1 10  5  8  9  3  4  2  7 12 19 11 13 14 17 15 16 20 18 28 22 30 29 23 26 21 25 24 27
 19 11 16 17 13 20 12 15 14 18 22 23 26 24 30 29 27 21 25 28 36 33 35 32 40 38 37 31 39 34 49 41 48 47 50 46 43 42 45 44 59 57 60 58 53 55 51 56 52 54 66 61 70 65 68 69 63 64 62 67 72 79 71 73 74 77 75 76 80 78  8  2 10  9  3  6  1  5  4  7
 59 51 56 57 53 60 52 55 54 58 62 63 66 64 70 69 67 61 65 68 76 73 75 72 80 78 77 71 79 74  9  1  8  7 10  6  3  2  5  4 19 17 20 18 13 15 11 16 12 14 26 21 30 25 28 29 23 24 22 27 32 39 31 33 34 37 35 36 40 38 48 42 50 49 43 46 41 45 44 47
 69 61 66 67 63 70 62 65 64 68 72 73 76 74 80 79 77 71 75 78  6  3  5  2 10  8  7  1  9  4 19 11 18 17 20 16 13 12 15 14 29 27 30 28 23 25 21 26 22 24 36 31 40 35 38 39 33 34 32 37 42 49 41 43 44 47 45 46 50 48 58 52 60 59 53 56 51 55 54 57
 49 41 46 47 43 50 42 45 44 48 52 53 56 54 60 59 57 51 55 58 66 63 65 62 70 68 67 61 69 64 79 71 78 77 80 76 73 72 75 74  9  7 10  8  3  5  1  6  2  4 16 11 20 15 18 19 13 14 12 17 22 29 21 23 24 27 25 26 30 28 38 32 40 39 33 36 31 35 34 37
 80 72 77 78 74 71 73 76 75 79  3  4  7  5  1 10  8  2  6  9 17 14 16 13 11 19 18 12 20 15 30 22 29 28 21 27 24 23 26 25 40 38 31 39 34 36 32 37 33 35 47 42 41 46 49 50 44 45 43 48 53 60 52 54 55 58 56 57 51 59 69 63 61 70 64 67 62 66 65 68
 20 12 17 18 14 11 13 16 15 19 23 24 27 25 21 30 28 22 26 29 37 34 36 33 31 39 38 32 40 35 50 42 49 48 41 47 44 43 46 45 60 58 51 59 54 56 52 57 53 55 67 62 61 66 69 70 64 65 63 68 73 80 72 74 75 78 76 77 71 79  9  3  1 10  4  7  2  6  5  8
 10  2  7  8  4  1  3  6  5  9 13 14 17 15 11 20 18 12 16 19 27 24 26 23 21 29 28 22 30 25 40 32 39 38 31 37 34 33 36 35 50 48 41 49 44 46 42 47 43 45 57 52 51 56 59 60 54 55 53 58 63 70 62 64 65 68 66 67 61 69 79 73 71 80 74 77 72 76 75 78
 50 42 47 48 44 41 43 46 45 49 53 54 57 55 51 60 58 52 56 59 67 64 66 63 61 69 68 62 70 65 80 72 79 78 71 77 74 73 76 75 10  8  1  9  4  6  2  7  3  5 17 12 11 16 19 20 14 15 13 18 23 30 22 24 25 28 26 27 21 29 39 33 31 40 34 37 32 36 35 38
 60 52 57 58 54 51 53 56 55 59 63 64 67 65 61 70 68 62 66 69 77 74 76 73 71 79 78 72 80 75 10  2  9  8  1  7  4  3  6  5 20 18 11 19 14 16 12 17 13 15 27 22 21 26 29 30 24 25 23 28 33 40 32 34 35 38 36 37 31 39 49 43 41 50 44 47 42 46 45 48
 40 32 37 38 34 31 33 36 35 39 43 44 47 45 41 50 48 42 46 49 57 54 56 53 51 59 58 52 60 55 70 62 69 68 61 67 64 63 66 65 80 78 71 79 74 76 72 77 73 75  7  2  1  6  9 10  4  5  3  8 13 20 12 14 15 18 16 17 11 19 29 23 21 30 24 27 22 26 25 28
 70 62 67 68 64 61 63 66 65 69 73 74 77 75 71 80 78 72 76 79  7  4  6  3  1  9  8  2 10  5 20 12 19 18 11 17 14 13 16 15 30 28 21 29 24 26 22 27 23 25 37 32 31 36 39 40 34 35 33 38 43 50 42 44 45 48 46 47 41 49 59 53 51 60 54 57 52 56 55 58
 30 22 27 28 24 21 23 26 25 29 33 34 37 35 31 40 38 32 36 39 47 44 46 43 41 49 48 42 50 45 60 52 59 58 51 57 54 53 56 55 70 68 61 69 64 66 62 67 63 65 77 72 71 76 79 80 74 75 73 78  3 10  2  4  5  8  6  7  1  9 19 13 11 20 14 17 12 16 15 18
 11 13 18 19 15 12 14 17 16 20 24 25 28 26 22 21 29 23 27 30 38 35 37 34 32 40 39 33 31 36 41 43 50 49 42 48 45 44 47 46 51 59 52 60 55 57 53 58 54 56 68 63 62 67 70 61 65 66 64 69 74 71 73 75 76 79 77 78 72 80 10  4  2  1  5  8  3  7  6  9
 61 63 68 69 65 62 64 67 66 70 74 75 78 76 72 71 79 73 77 80  8  5  7  4  2 10  9  3  1  6 11 13 20 19 12 18 15 14 17 16 21 29 22 30 25 27 23 28 24 26 38 33 32 37 40 31 35 36 34 39 44 41 43 45 46 49 47 48 42 50 60 54 52 51 55 58 53 57 56 59
  1  3  8  9  5  2  4  7  6 10 14 15 18 16 12 11 19 13 17 20 28 25 27 24 22 30 29 23 21 26 31 33 40 39 32 38 35 34 37 36 41 49 42 50 45 47 43 48 44 46 58 53 52 57 60 51 55 56 54 59 64 61 63 65 66 69 67 68 62 70 80 74 72 71 75 78 73 77 76 79
 21 23 28 29 25 22 24 27 26 30 34 35 38 36 32 31 39 33 37 40 48 45 47 44 42 50 49 43 41 46 51 53 60 59 52 58 55 54 57 56 61 69 62 70 65 67 63 68 64 66 78 73 72 77 80 71 75 76 74 79  4  1  3  5  6  9  7  8  2 10 20 14 12 11 15 18 13 17 16 19
 31 33 38 39 35 32 34 37 36 40 44 45 48 46 42 41 49 43 47 50 58 55 57 54 52 60 59 53 51 56 61 63 70 69 62 68 65 64 67 66 71 79 72 80 75 77 73 78 74 76  8  3  2  7 10  1  5  6  4  9 14 11 13 15 16 19 17 18 12 20 30 24 22 21 25 28 23 27 26 29
 41 43 48 49 45 42 44 47 46 50 54 55 58 56 52 51 59 53 57 60 68 65 67 64 62 70 69 63 61 66 71 73 80 79 72 78 75 74 77 76  1  9  2 10  5  7  3  8  4  6 18 13 12 17 20 11 15 16 14 19 24 21 23 25 26 29 27 28 22 30 40 34 32 31 35 38 33 37 36 39
 51 53 58 59 55 52 54 57 56 60 64 65 68 66 62 61 69 63 67 70 78 75 77 74 72 80 79 73 71 76  1  3 10  9  2  8  5  4  7  6 11 19 12 20 15 17 13 18 14 16 28 23 22 27 30 21 25 26 24 29 34 31 33 35 36 39 37 38 32 40 50 44 42 41 45 48 43 47 46 49
 71 73 78 79 75 72 74 77 76 80  4  5  8  6  2  1  9  3  7 10 18 15 17 14 12 20 19 13 11 16 21 23 30 29 22 28 25 24 27 26 31 39 32 40 35 37 33 38 34 36 48 43 42 47 50 41 45 46 44 49 54 51 53 55 56 59 57 58 52 60 70 64 62 61 65 68 63 67 66 69
 32 34 39 40 36 33 35 38 37 31 45 46 49 47 43 42 50 44 48 41 59 56 58 55 53 51 60 54 52 57 62 64 61 70 63 69 66 65 68 67 72 80 73 71 76 78 74 79 75 77  9  4  3  8  1  2  6  7  5 10 15 12 14 16 17 20 18 19 13 11 21 25 23 22 26 29 24 28 27 30
 12 14 19 20 16 13 15 18 17 11 25 26 29 27 23 22 30 24 28 21 39 36 38 35 33 31 40 34 32 37 42 44 41 50 43 49 46 45 48 47 52 60 53 51 56 58 54 59 55 57 69 64 63 68 61 62 66 67 65 70 75 72 74 76 77 80 78 79 73 71  1  5  3  2  6  9  4  8  7 10
 72 74 79 80 76 73 75 78 77 71  5  6  9  7  3  2 10  4  8  1 19 16 18 15 13 11 20 14 12 17 22 24 21 30 23 29 26 25 28 27 32 40 33 31 36 38 34 39 35 37 49 44 43 48 41 42 46 47 45 50 55 52 54 56 57 60 58 59 53 51 61 65 63 62 66 69 64 68 67 70
 22 24 29 30 26 23 25 28 27 21 35 36 39 37 33 32 40 34 38 31 49 46 48 45 43 41 50 44 42 47 52 54 51 60 53 59 56 55 58 57 62 70 63 61 66 68 64 69 65 67 79 74 73 78 71 72 76 77 75 80  5  2  4  6  7 10  8  9  3  1 11 15 13 12 16 19 14 18 17 20
  2  4  9 10  6  3  5  8  7  1 15 16 19 17 13 12 20 14 18 11 29 26 28 25 23 21 30 24 22 27 32 34 31 40 33 39 36 35 38 37 42 50 43 41 46 48 44 49 45 47 59 54 53 58 51 52 56 57 55 60 65 62 64 66 67 70 68 69 63 61 71 75 73 72 76 79 74 78 77 80
 52 54 59 60 56 53 55 58 57 51 65 66 69 67 63 62 70 64 68 61 79 76 78 75 73 71 80 74 72 77  2  4  1 10  3  9  6  5  8  7 12 20 13 11 16 18 14 19 15 17 29 24 23 28 21 22 26 27 25 30 35 32 34 36 37 40 38 39 33 31 41 45 43 42 46 49 44 48 47 50
 42 44 49 50 46 43 45 48 47 41 55 56 59 57 53 52 60 54 58 51 69 66 68 65 63 61 70 64 62 67 72 74 71 80 73 79 76 75 78 77  2 10  3  1  6  8  4  9  5  7 19 14 13 18 11 12 16 17 15 20 25 22 24 26 27 30 28 29 23 21 31 35 33 32 36 39 34 38 37 40
 62 64 69 70 66 63 65 68 67 61 75 76 79 77 73 72 80 74 78 71  9  6  8  5  3  1 10  4  2  7 12 14 11 20 13 19 16 15 18 17 22 30 23 21 26 28 24 29 25 27 39 34 33 38 31 32 36 37 35 40 45 42 44 46 47 50 48 49 43 41 51 55 53 52 56 59 54 58 57 60
 23 25 30 21 27 24 26 29 28 22 36 37 40 38 34 33 31 35 39 32 50 47 49 46 44 42 41 45 43 48 53 55 52 51 54 60 57 56 59 58 63 61 64 62 67 69 65 70 66 68 80 75 74 79 72 73 77 78 76 71  6  3  5  7  8  1  9 10  4  2 12 16 14 13 17 20 15 19 18 11
 63 65 70 61 67 64 66 69 68 62 76 77 80 78 74 73 71 75 79 72 10  7  9  6  4  2  1  5  3  8 13 15 12 11 14 20 17 16 19 18 23 21 24 22 27 29 25 30 26 28 40 35 34 39 32 33 37 38 36 31 46 43 45 47 48 41 49 50 44 42 52 56 54 53 57 60 55 59 58 51
 43 45 50 41 47 44 46 49 48 42 56 57 60 58 54 53 51 55 59 52 70 67 69 66 64 62 61 65 63 68 73 75 72 71 74 80 77 76 79 78  3  1  4  2  7  9  5 10  6  8 20 15 14 19 12 13 17 18 16 11 26 23 25 27 28 21 29 30 24 22 32 36 34 33 37 40 35 39 38 31
 33 35 40 31 37 34 36 39 38 32 46 47 50 48 44 43 41 45 49 42 60 57 59 56 54 52 51 55 53 58 63 65 62 61 64 70 67 66 69 68 73 71 74 72 77 79 75 80 76 78 10  5  4  9  2  3  7  8  6  1 16 13 15 17 18 11 19 20 14 12 22 26 24 23 27 30 25 29 28 21
  3  5 10  1  7  4  6  9  8  2 16 17 20 18 14 13 11 15 19 12 30 27 29 26 24 22 21 25 23 28 33 35 32 31 34 40 37 36 39 38 43 41 44 42 47 49 45 50 46 48 60 55 54 59 52 53 57 58 56 51 66 63 65 67 68 61 69 70 64 62 72 76 74 73 77 80 75 79 78 71
 53 55 60 51 57 54 56 59 58 52 66 67 70 68 64 63 61 65 69 62 80 77 79 76 74 72 71 75 73 78  3  5  2  1  4 10  7  6  9  8 13 11 14 12 17 19 15 20 16 18 30 25 24 29 22 23 27 28 26 21 36 33 35 37 38 31 39 40 34 32 42 46 44 43 47 50 45 49 48 41
 13 15 20 11 17 14 16 19 18 12 26 27 30 28 24 23 21 25 29 22 40 37 39 36 34 32 31 35 33 38 43 45 42 41 44 50 47 46 49 48 53 51 54 52 57 59 55 60 56 58 70 65 64 69 62 63 67 68 66 61 76 73 75 77 78 71 79 80 74 72  2  6  4  3  7 10  5  9  8  1
 73 75 80 71 77 74 76 79 78 72  6  7 10  8  4  3  1  5  9  2 20 17 19 16 14 12 11 15 13 18 23 25 22 21 24 30 27 26 29 28 33 31 34 32 37 39 35 40 36 38 50 45 44 49 42 43 47 48 46 41 56 53 55 57 58 51 59 60 54 52 62 66 64 63 67 70 65 69 68 61
 14 16 11 12 18 15 17 20 19 13 27 28 21 29 25 24 22 26 30 23 31 38 40 37 35 33 32 36 34 39 44 46 43 42 45 41 48 47 50 49 54 52 55 53 58 60 56 51 57 59 61 66 65 70 63 64 68 69 67 62 77 74 76 78 79 72 80 71 75 73  3  7  5  4  8  1  6 10  9  2
 64 66 61 62 68 65 67 70 69 63 77 78 71 79 75 74 72 76 80 73  1  8 10  7  5  3  2  6  4  9 14 16 13 12 15 11 18 17 20 19 24 22 25 23 28 30 26 21 27 29 31 36 35 40 33 34 38 39 37 32 47 44 46 48 49 42 50 41 45 43 53 57 55 54 58 51 56 60 59 52
 34 36 31 32 38 35 37 40 39 33 47 48 41 49 45 44 42 46 50 43 51 58 60 57 55 53 52 56 54 59 64 66 63 62 65 61 68 67 70 69 74 72 75 73 78 80 76 71 77 79  1  6  5 10  3  4  8  9  7  2 17 14 16 18 19 12 20 11 15 13 23 27 25 24 28 21 26 30 29 22
 24 26 21 22 28 25 27 30 29 23 37 38 31 39 35 34 32 36 40 33 41 48 50 47 45 43 42 46 44 49 54 56 53 52 55 51 58 57 60 59 64 62 65 63 68 70 66 61 67 69 71 76 75 80 73 74 78 79 77 72  7  4  6  8  9  2 10  1  5  3 13 17 15 14 18 11 16 20 19 12
  4  6  1  2  8  5  7 10  9  3 17 18 11 19 15 14 12 16 20 13 21 28 30 27 25 23 22 26 24 29 34 36 33 32 35 31 38 37 40 39 44 42 45 43 48 50 46 41 47 49 51 56 55 60 53 54 58 59 57 52 67 64 66 68 69 62 70 61 65 63 73 77 75 74 78 71 76 80 79 72
 44 46 41 42 48 45 47 50 49 43 57 58 51 59 55 54 52 56 60 53 61 68 70 67 65 63 62 66 64 69 74 76 73 72 75 71 78 77 80 79  4  2  5  3  8 10  6  1  7  9 11 16 15 20 13 14 18 19 17 12 27 24 26 28 29 22 30 21 25 23 33 37 35 34 38 31 36 40 39 32
 54 56 51 52 58 55 57 60 59 53 67 68 61 69 65 64 62 66 70 63 71 78 80 77 75 73 72 76 74 79  4  6  3  2  5  1  8  7 10  9 14 12 15 13 18 20 16 11 17 19 21 26 25 30 23 24 28 29 27 22 37 34 36 38 39 32 40 31 35 33 43 47 45 44 48 41 46 50 49 42
 74 76 71 72 78 75 77 80 79 73  7  8  1  9  5  4  2  6 10  3 11 18 20 17 15 13 12 16 14 19 24 26 23 22 25 21 28 27 30 29 34 32 35 33 38 40 36 31 37 39 41 46 45 50 43 44 48 49 47 42 57 54 56 58 59 52 60 51 55 53 63 67 65 64 68 61 66 70 69 62
 35 37 32 33 39 36 38 31 40 34 48 49 42 50 46 45 43 47 41 44 52 59 51 58 56 54 53 57 55 60 65 67 64 63 66 62 69 68 61 70 75 73 76 74 79 71 77 72 78 80  2  7  6  1  4  5  9 10  8  3 18 15 17 19 20 13 11 12 16 14 24 28 26 25 29 22 27 21 30 23
 75 77 72 73 79 76 78 71 80 74  8  9  2 10  6  5  3  7  1  4 12 19 11 18 16 14 13 17 15 20 25 27 24 23 26 22 29 28 21 30 35 33 36 34 39 31 37 32 38 40 42 47 46 41 44 45 49 50 48 43 58 55 57 59 60 53 51 52 56 54 64 68 66 65 69 62 67 61 70 63
 45 47 42 43 49 46 48 41 50 44 58 59 52 60 56 55 53 57 51 54 62 69 61 68 66 64 63 67 65 70 75 77 74 73 76 72 79 78 71 80  5  3  6  4  9  1  7  2  8 10 12 17 16 11 14 15 19 20 18 13 28 25 27 29 30 23 21 22 26 24 34 38 36 35 39 32 37 31 40 33
  5  7  2  3  9  6  8  1 10  4 18 19 12 20 16 15 13 17 11 14 22 29 21 28 26 24 23 27 25 30 35 37 34 33 36 32 39 38 31 40 45 43 46 44 49 41 47 42 48 50 52 57 56 51 54 55 59 60 58 53 68 65 67 69 70 63 61 62 66 64 74 78 76 75 79 72 77 71 80 73
 25 27 22 23 29 26 28 21 30 24 38 39 32 40 36 35 33 37 31 34 42 49 41 48 46 44 43 47 45 50 55 57 54 53 56 52 59 58 51 60 65 63 66 64 69 61 67 62 68 70 72 77 76 71 74 75 79 80 78 73  8  5  7  9 10  3  1  2  6  4 14 18 16 15 19 12 17 11 20 13
 55 57 52 53 59 56 58 51 60 54 68 69 62 70 66 65 63 67 61 64 72 79 71 78 76 74 73 77 75 80  5  7  4  3  6  2  9  8  1 10 15 13 16 14 19 11 17 12 18 20 22 27 26 21 24 25 29 30 28 23 38 35 37 39 40 33 31 32 36 34 44 48 46 45 49 42 47 41 50 43
 15 17 12 13 19 16 18 11 20 14 28 29 22 30 26 25 23 27 21 24 32 39 31 38 36 34 33 37 35 40 45 47 44 43 46 42 49 48 41 50 55 53 56 54 59 51 57 52 58 60 62 67 66 61 64 65 69 70 68 63 78 75 77 79 80 73 71 72 76 74  4  8  6  5  9  2  7  1 10  3
 65 67 62 63 69 66 68 61 70 64 78 79 72 80 76 75 73 77 71 74  2  9  1  8  6  4  3  7  5 10 15 17 14 13 16 12 19 18 11 20 25 23 26 24 29 21 27 22 28 30 32 37 36 31 34 35 39 40 38 33 48 45 47 49 50 43 41 42 46 44 54 58 56 55 59 52 57 51 60 53
