 34 31 37 32 33 39 35 40 38 36 43 42 50 46 48 47 41 49 44 45 59 57 55 58 56 51 53 60 54 52 61 62 67 68 64 69 63 70 65 66 80 75 74 73 79 71 77 78 72 76  8  7  4  2  5  1  3 10  9  6 15 18 11 19 14 20 16 17 12 13 22 29 25 23 26 30 27 28 24 21
 54 51 57 52 53 59 55 60 58 56 63 62 70 66 68 67 61 69 64 65 79 77 75 78 76 71 73 80 74 72  1  2  7  8  4  9  3 10  5  6 20 15 14 13 19 11 17 18 12 16 28 27 24 22 25 21 23 30 29 26 35 38 31 39 34 40 36 37 32 33 42 49 45 43 46 50 47 48 44 41
 44 41 47 42 43 49 45 50 48 46 53 52 60 56 58 57 51 59 54 55 69 67 65 68 66 61 63 70 64 62 71 72 77 78 74 79 73 80 75 76 10  5  4  3  9  1  7  8  2  6 18 17 14 12 15 11 13 20 19 16 25 28 21 29 24 30 26 27 22 23 32 39 35 33 36 40 37 38 34 31
  4  1  7  2  3  9  5 10  8  6 13 12 20 16 18 17 11 19 14 15 29 27 25 28 26 21 23 30 24 22 31 32 37 38 34 39 33 40 35 36 50 45 44 43 49 41 47 48 42 46 58 57 54 52 55 51 53 60 59 56 65 68 61 69 64 70 66 67 62 63 72 79 75 73 76 80 77 78 74 71
 64 61 67 62 63 69 65 70 68 66 73 72 80 76 78 77 71 79 74 75  9  7  5  8  6  1  3 10  4  2 11 12 17 18 14 19 13 20 15 16 30 25 24 23 29 21 27 28 22 26 38 37 34 32 35 31 33 40 39 36 45 48 41 49 44 50 46 47 42 43 52 59 55 53 56 60 57 58 54 51
 24 21 27 22 23 29 25 30 28 26 33 32 40 36 38 37 31 39 34 35 49 47 45 48 46 41 43 50 44 42 51 52 57 58 54 59 53 60 55 56 70 65 64 63 69 61 67 68 62 66 78 77 74 72 75 71 73 80 79 76  5  8  1  9  4 10  6  7  2  3 12 19 15 13 16 20 17 18 14 11
 74 71 77 72 73 79 75 80 78 76  3  2 10  6  8  7  1  9  4  5 19 17 15 18 16 11 13 20 14 12 21 22 27 28 24 29 23 30 25 26 40 35 34 33 39 31 37 38 32 36 48 47 44 42 45 41 43 50 49 46 55 58 51 59 54 60 56 57 52 53 62 69 65 63 66 70 67 68 64 61
 14 11 17 12 13 19 15 20 18 16 23 22 30 26 28 27 21 29 24 25 39 37 35 38 36 31 33 40 34 32 41 42 47 48 44 49 43 50 45 46 60 55 54 53 59 51 57 58 52 56 68 67 64 62 65 61 63 70 69 66 75 78 71 79 74 80 76 77 72 73  2  9  5  3  6 10  7  8  4  1
 25 22 28 23 24 30 26 21 29 27 34 33 31 37 39 38 32 40 35 36 50 48 46 49 47 42 44 41 45 43 52 53 58 59 55 60 54 51 56 57 61 66 65 64 70 62 68 69 63 67 79 78 75 73 76 72 74 71 80 77  6  9  2 10  5  1  7  8  3  4 13 20 16 14 17 11 18 19 15 12
 75 72 78 73 74 80 76 71 79 77  4  3  1  7  9  8  2 10  5  6 20 18 16 19 17 12 14 11 15 13 22 23 28 29 25 30 24 21 26 27 31 36 35 34 40 32 38 39 33 37 49 48 45 43 46 42 44 41 50 47 56 59 52 60 55 51 57 58 53 54 63 70 66 64 67 61 68 69 65 62
 65 62 68 63 64 70 66 61 69 67 74 73 71 77 79 78 72 80 75 76 10  8  6  9  7  2  4  1  5  3 12 13 18 19 15 20 14 11 16 17 21 26 25 24 30 22 28 29 23 27 39 38 35 33 36 32 34 31 40 37 46 49 42 50 45 41 47 48 43 44 53 60 56 54 57 51 58 59 55 52
 45 42 48 43 44 50 46 41 49 47 54 53 51 57 59 58 52 60 55 56 70 68 66 69 67 62 64 61 65 63 72 73 78 79 75 80 74 71 76 77  1  6  5  4 10  2  8  9  3  7 19 18 15 13 16 12 14 11 20 17 26 29 22 30 25 21 27 28 23 24 33 40 36 34 37 31 38 39 35 32
  5  2  8  3  4 10  6  1  9  7 14 13 11 17 19 18 12 20 15 16 30 28 26 29 27 22 24 21 25 23 32 33 38 39 35 40 34 31 36 37 41 46 45 44 50 42 48 49 43 47 59 58 55 53 56 52 54 51 60 57 66 69 62 70 65 61 67 68 63 64 73 80 76 74 77 71 78 79 75 72
 35 32 38 33 34 40 36 31 39 37 44 43 41 47 49 48 42 50 45 46 60 58 56 59 57 52 54 51 55 53 62 63 68 69 65 70 64 61 66 67 71 76 75 74 80 72 78 79 73 77  9  8  5  3  6  2  4  1 10  7 16 19 12 20 15 11 17 18 13 14 23 30 26 24 27 21 28 29 25 22
 55 52 58 53 54 60 56 51 59 57 64 63 61 67 69 68 62 70 65 66 80 78 76 79 77 72 74 71 75 73  2  3  8  9  5 10  4  1  6  7 11 16 15 14 20 12 18 19 13 17 29 28 25 23 26 22 24 21 30 27 36 39 32 40 35 31 37 38 33 34 43 50 46 44 47 41 48 49 45 42
 15 12 18 13 14 20 16 11 19 17 24 23 21 27 29 28 22 30 25 26 40 38 36 39 37 32 34 31 35 33 42 43 48 49 45 50 44 41 46 47 51 56 55 54 60 52 58 59 53 57 69 68 65 63 66 62 64 61 70 67 76 79 72 80 75 71 77 78 73 74  3 10  6  4  7  1  8  9  5  2
 16 13 19 14 15 11 17 12 20 18 25 24 22 28 30 29 23 21 26 27 31 39 37 40 38 33 35 32 36 34 43 44 49 50 46 41 45 42 47 48 52 57 56 55 51 53 59 60 54 58 70 69 66 64 67 63 65 62 61 68 77 80 73 71 76 72 78 79 74 75  4  1  7  5  8  2  9 10  6  3
 56 53 59 54 55 51 57 52 60 58 65 64 62 68 70 69 63 61 66 67 71 79 77 80 78 73 75 72 76 74  3  4  9 10  6  1  5  2  7  8 12 17 16 15 11 13 19 20 14 18 30 29 26 24 27 23 25 22 21 28 37 40 33 31 36 32 38 39 34 35 44 41 47 45 48 42 49 50 46 43
 26 23 29 24 25 21 27 22 30 28 35 34 32 38 40 39 33 31 36 37 41 49 47 50 48 43 45 42 46 44 53 54 59 60 56 51 55 52 57 58 62 67 66 65 61 63 69 70 64 68 80 79 76 74 77 73 75 72 71 78  7 10  3  1  6  2  8  9  4  5 14 11 17 15 18 12 19 20 16 13
 36 33 39 34 35 31 37 32 40 38 45 44 42 48 50 49 43 41 46 47 51 59 57 60 58 53 55 52 56 54 63 64 69 70 66 61 65 62 67 68 72 77 76 75 71 73 79 80 74 78 10  9  6  4  7  3  5  2  1  8 17 20 13 11 16 12 18 19 14 15 24 21 27 25 28 22 29 30 26 23
 66 63 69 64 65 61 67 62 70 68 75 74 72 78 80 79 73 71 76 77  1  9  7 10  8  3  5  2  6  4 13 14 19 20 16 11 15 12 17 18 22 27 26 25 21 23 29 30 24 28 40 39 36 34 37 33 35 32 31 38 47 50 43 41 46 42 48 49 44 45 54 51 57 55 58 52 59 60 56 53
 76 73 79 74 75 71 77 72 80 78  5  4  2  8 10  9  3  1  6  7 11 19 17 20 18 13 15 12 16 14 23 24 29 30 26 21 25 22 27 28 32 37 36 35 31 33 39 40 34 38 50 49 46 44 47 43 45 42 41 48 57 60 53 51 56 52 58 59 54 55 64 61 67 65 68 62 69 70 66 63
  6  3  9  4  5  1  7  2 10  8 15 14 12 18 20 19 13 11 16 17 21 29 27 30 28 23 25 22 26 24 33 34 39 40 36 31 35 32 37 38 42 47 46 45 41 43 49 50 44 48 60 59 56 54 57 53 55 52 51 58 67 70 63 61 66 62 68 69 64 65 74 71 77 75 78 72 79 80 76 73
 46 43 49 44 45 41 47 42 50 48 55 54 52 58 60 59 53 51 56 57 61 69 67 70 68 63 65 62 66 64 73 74 79 80 76 71 75 72 77 78  2  7  6  5  1  3  9 10  4  8 20 19 16 14 17 13 15 12 11 18 27 30 23 21 26 22 28 29 24 25 34 31 37 35 38 32 39 40 36 33
 67 64 70 65 66 62 68 63 61 69 76 75 73 79 71 80 74 72 77 78  2 10  8  1  9  4  6  3  7  5 14 15 20 11 17 12 16 13 18 19 23 28 27 26 22 24 30 21 25 29 31 40 37 35 38 34 36 33 32 39 48 41 44 42 47 43 49 50 45 46 55 52 58 56 59 53 60 51 57 54
 17 14 20 15 16 12 18 13 11 19 26 25 23 29 21 30 24 22 27 28 32 40 38 31 39 34 36 33 37 35 44 45 50 41 47 42 46 43 48 49 53 58 57 56 52 54 60 51 55 59 61 70 67 65 68 64 66 63 62 69 78 71 74 72 77 73 79 80 75 76  5  2  8  6  9  3 10  1  7  4
 57 54 60 55 56 52 58 53 51 59 66 65 63 69 61 70 64 62 67 68 72 80 78 71 79 74 76 73 77 75  4  5 10  1  7  2  6  3  8  9 13 18 17 16 12 14 20 11 15 19 21 30 27 25 28 24 26 23 22 29 38 31 34 32 37 33 39 40 35 36 45 42 48 46 49 43 50 41 47 44
 37 34 40 35 36 32 38 33 31 39 46 45 43 49 41 50 44 42 47 48 52 60 58 51 59 54 56 53 57 55 64 65 70 61 67 62 66 63 68 69 73 78 77 76 72 74 80 71 75 79  1 10  7  5  8  4  6  3  2  9 18 11 14 12 17 13 19 20 15 16 25 22 28 26 29 23 30 21 27 24
 27 24 30 25 26 22 28 23 21 29 36 35 33 39 31 40 34 32 37 38 42 50 48 41 49 44 46 43 47 45 54 55 60 51 57 52 56 53 58 59 63 68 67 66 62 64 70 61 65 69 71 80 77 75 78 74 76 73 72 79  8  1  4  2  7  3  9 10  5  6 15 12 18 16 19 13 20 11 17 14
 77 74 80 75 76 72 78 73 71 79  6  5  3  9  1 10  4  2  7  8 12 20 18 11 19 14 16 13 17 15 24 25 30 21 27 22 26 23 28 29 33 38 37 36 32 34 40 31 35 39 41 50 47 45 48 44 46 43 42 49 58 51 54 52 57 53 59 60 55 56 65 62 68 66 69 63 70 61 67 64
  7  4 10  5  6  2  8  3  1  9 16 15 13 19 11 20 14 12 17 18 22 30 28 21 29 24 26 23 27 25 34 35 40 31 37 32 36 33 38 39 43 48 47 46 42 44 50 41 45 49 51 60 57 55 58 54 56 53 52 59 68 61 64 62 67 63 69 70 65 66 75 72 78 76 79 73 80 71 77 74
 47 44 50 45 46 42 48 43 41 49 56 55 53 59 51 60 54 52 57 58 62 70 68 61 69 64 66 63 67 65 74 75 80 71 77 72 76 73 78 79  3  8  7  6  2  4 10  1  5  9 11 20 17 15 18 14 16 13 12 19 28 21 24 22 27 23 29 30 25 26 35 32 38 36 39 33 40 31 37 34
 68 65 61 66 67 63 69 64 62 70 77 76 74 80 72 71 75 73 78 79  3  1  9  2 10  5  7  4  8  6 15 16 11 12 18 13 17 14 19 20 24 29 28 27 23 25 21 22 26 30 32 31 38 36 39 35 37 34 33 40 49 42 45 43 48 44 50 41 46 47 56 53 59 57 60 54 51 52 58 55
 78 75 71 76 77 73 79 74 72 80  7  6  4 10  2  1  5  3  8  9 13 11 19 12 20 15 17 14 18 16 25 26 21 22 28 23 27 24 29 30 34 39 38 37 33 35 31 32 36 40 42 41 48 46 49 45 47 44 43 50 59 52 55 53 58 54 60 51 56 57 66 63 69 67 70 64 61 62 68 65
 28 25 21 26 27 23 29 24 22 30 37 36 34 40 32 31 35 33 38 39 43 41 49 42 50 45 47 44 48 46 55 56 51 52 58 53 57 54 59 60 64 69 68 67 63 65 61 62 66 70 72 71 78 76 79 75 77 74 73 80  9  2  5  3  8  4 10  1  6  7 16 13 19 17 20 14 11 12 18 15
  8  5  1  6  7  3  9  4  2 10 17 16 14 20 12 11 15 13 18 19 23 21 29 22 30 25 27 24 28 26 35 36 31 32 38 33 37 34 39 40 44 49 48 47 43 45 41 42 46 50 52 51 58 56 59 55 57 54 53 60 69 62 65 63 68 64 70 61 66 67 76 73 79 77 80 74 71 72 78 75
 38 35 31 36 37 33 39 34 32 40 47 46 44 50 42 41 45 43 48 49 53 51 59 52 60 55 57 54 58 56 65 66 61 62 68 63 67 64 69 70 74 79 78 77 73 75 71 72 76 80  2  1  8  6  9  5  7  4  3 10 19 12 15 13 18 14 20 11 16 17 26 23 29 27 30 24 21 22 28 25
 58 55 51 56 57 53 59 54 52 60 67 66 64 70 62 61 65 63 68 69 73 71 79 72 80 75 77 74 78 76  5  6  1  2  8  3  7  4  9 10 14 19 18 17 13 15 11 12 16 20 22 21 28 26 29 25 27 24 23 30 39 32 35 33 38 34 40 31 36 37 46 43 49 47 50 44 41 42 48 45
 18 15 11 16 17 13 19 14 12 20 27 26 24 30 22 21 25 23 28 29 33 31 39 32 40 35 37 34 38 36 45 46 41 42 48 43 47 44 49 50 54 59 58 57 53 55 51 52 56 60 62 61 68 66 69 65 67 64 63 70 79 72 75 73 78 74 80 71 76 77  6  3  9  7 10  4  1  2  8  5
 48 45 41 46 47 43 49 44 42 50 57 56 54 60 52 51 55 53 58 59 63 61 69 62 70 65 67 64 68 66 75 76 71 72 78 73 77 74 79 80  4  9  8  7  3  5  1  2  6 10 12 11 18 16 19 15 17 14 13 20 29 22 25 23 28 24 30 21 26 27 36 33 39 37 40 34 31 32 38 35
 49 46 42 47 48 44 50 45 43 41 58 57 55 51 53 52 56 54 59 60 64 62 70 63 61 66 68 65 69 67 76 77 72 73 79 74 78 75 80 71  5 10  9  8  4  6  2  3  7  1 13 12 19 17 20 16 18 15 14 11 30 23 26 24 29 25 21 22 27 28 37 34 40 38 31 35 32 33 39 36
 79 76 72 77 78 74 80 75 73 71  8  7  5  1  3  2  6  4  9 10 14 12 20 13 11 16 18 15 19 17 26 27 22 23 29 24 28 25 30 21 35 40 39 38 34 36 32 33 37 31 43 42 49 47 50 46 48 45 44 41 60 53 56 54 59 55 51 52 57 58 67 64 70 68 61 65 62 63 69 66
 39 36 32 37 38 34 40 35 33 31 48 47 45 41 43 42 46 44 49 50 54 52 60 53 51 56 58 55 59 57 66 67 62 63 69 64 68 65 70 61 75 80 79 78 74 76 72 73 77 71  3  2  9  7 10  6  8  5  4  1 20 13 16 14 19 15 11 12 17 18 27 24 30 28 21 25 22 23 29 26
 59 56 52 57 58 54 60 55 53 51 68 67 65 61 63 62 66 64 69 70 74 72 80 73 71 76 78 75 79 77  6  7  2  3  9  4  8  5 10  1 15 20 19 18 14 16 12 13 17 11 23 22 29 27 30 26 28 25 24 21 40 33 36 34 39 35 31 32 37 38 47 44 50 48 41 45 42 43 49 46
 19 16 12 17 18 14 20 15 13 11 28 27 25 21 23 22 26 24 29 30 34 32 40 33 31 36 38 35 39 37 46 47 42 43 49 44 48 45 50 41 55 60 59 58 54 56 52 53 57 51 63 62 69 67 70 66 68 65 64 61 80 73 76 74 79 75 71 72 77 78  7  4 10  8  1  5  2  3  9  6
  9  6  2  7  8  4 10  5  3  1 18 17 15 11 13 12 16 14 19 20 24 22 30 23 21 26 28 25 29 27 36 37 32 33 39 34 38 35 40 31 45 50 49 48 44 46 42 43 47 41 53 52 59 57 60 56 58 55 54 51 70 63 66 64 69 65 61 62 67 68 77 74 80 78 71 75 72 73 79 76
 69 66 62 67 68 64 70 65 63 61 78 77 75 71 73 72 76 74 79 80  4  2 10  3  1  6  8  5  9  7 16 17 12 13 19 14 18 15 20 11 25 30 29 28 24 26 22 23 27 21 33 32 39 37 40 36 38 35 34 31 50 43 46 44 49 45 41 42 47 48 57 54 60 58 51 55 52 53 59 56
 29 26 22 27 28 24 30 25 23 21 38 37 35 31 33 32 36 34 39 40 44 42 50 43 41 46 48 45 49 47 56 57 52 53 59 54 58 55 60 51 65 70 69 68 64 66 62 63 67 61 73 72 79 77 80 76 78 75 74 71 10  3  6  4  9  5  1  2  7  8 17 14 20 18 11 15 12 13 19 16
 50 47 43 48 49 45 41 46 44 42 59 58 56 52 54 53 57 55 60 51 65 63 61 64 62 67 69 66 70 68 77 78 73 74 80 75 79 76 71 72  6  1 10  9  5  7  3  4  8  2 14 13 20 18 11 17 19 16 15 12 21 24 27 25 30 26 22 23 28 29 38 35 31 39 32 36 33 34 40 37
 60 57 53 58 59 55 51 56 54 52 69 68 66 62 64 63 67 65 70 61 75 73 71 74 72 77 79 76 80 78  7  8  3  4 10  5  9  6  1  2 16 11 20 19 15 17 13 14 18 12 24 23 30 28 21 27 29 26 25 22 31 34 37 35 40 36 32 33 38 39 48 45 41 49 42 46 43 44 50 47
 70 67 63 68 69 65 61 66 64 62 79 78 76 72 74 73 77 75 80 71  5  3  1  4  2  7  9  6 10  8 17 18 13 14 20 15 19 16 11 12 26 21 30 29 25 27 23 24 28 22 34 33 40 38 31 37 39 36 35 32 41 44 47 45 50 46 42 43 48 49 58 55 51 59 52 56 53 54 60 57
 30 27 23 28 29 25 21 26 24 22 39 38 36 32 34 33 37 35 40 31 45 43 41 44 42 47 49 46 50 48 57 58 53 54 60 55 59 56 51 52 66 61 70 69 65 67 63 64 68 62 74 73 80 78 71 77 79 76 75 72  1  4  7  5 10  6  2  3  8  9 18 15 11 19 12 16 13 14 20 17
 20 17 13 18 19 15 11 16 14 12 29 28 26 22 24 23 27 25 30 21 35 33 31 34 32 37 39 36 40 38 47 48 43 44 50 45 49 46 41 42 56 51 60 59 55 57 53 54 58 52 64 63 70 68 61 67 69 66 65 62 71 74 77 75 80 76 72 73 78 79  8  5  1  9  2  6  3  4 10  7
 40 37 33 38 39 35 31 36 34 32 49 48 46 42 44 43 47 45 50 41 55 53 51 54 52 57 59 56 60 58 67 68 63 64 70 65 69 66 61 62 76 71 80 79 75 77 73 74 78 72  4  3 10  8  1  7  9  6  5  2 11 14 17 15 20 16 12 13 18 19 28 25 21 29 22 26 23 24 30 27
 80 77 73 78 79 75 71 76 74 72  9  8  6  2  4  3  7  5 10  1 15 13 11 14 12 17 19 16 20 18 27 28 23 24 30 25 29 26 21 22 36 31 40 39 35 37 33 34 38 32 44 43 50 48 41 47 49 46 45 42 51 54 57 55 60 56 52 53 58 59 68 65 61 69 62 66 63 64 70 67
 10  7  3  8  9  5  1  6  4  2 19 18 16 12 14 13 17 15 20 11 25 23 21 24 22 27 29 26 30 28 37 38 33 34 40 35 39 36 31 32 46 41 50 49 45 47 43 44 48 42 54 53 60 58 51 57 59 56 55 52 61 64 67 65 70 66 62 63 68 69 78 75 71 79 72 76 73 74 80 77
 71 78 74 79 80 76 72 77 75 73 10  9  7  3  5  4  8  6  1  2 16 14 12 15 13 18 20 17 11 19 28 29 24 25 21 26 30 27 22 23 37 32 31 40 36 38 34 35 39 33 45 44 41 49 42 48 50 47 46 43 52 55 58 56 51 57 53 54 59 60 69 66 62 70 63 67 64 65 61 68
 31 38 34 39 40 36 32 37 35 33 50 49 47 43 45 44 48 46 41 42 56 54 52 55 53 58 60 57 51 59 68 69 64 65 61 66 70 67 62 63 77 72 71 80 76 78 74 75 79 73  5  4  1  9  2  8 10  7  6  3 12 15 18 16 11 17 13 14 19 20 29 26 22 30 23 27 24 25 21 28
 11 18 14 19 20 16 12 17 15 13 30 29 27 23 25 24 28 26 21 22 36 34 32 35 33 38 40 37 31 39 48 49 44 45 41 46 50 47 42 43 57 52 51 60 56 58 54 55 59 53 65 64 61 69 62 68 70 67 66 63 72 75 78 76 71 77 73 74 79 80  9  6  2 10  3  7  4  5  1  8
  1  8  4  9 10  6  2  7  5  3 20 19 17 13 15 14 18 16 11 12 26 24 22 25 23 28 30 27 21 29 38 39 34 35 31 36 40 37 32 33 47 42 41 50 46 48 44 45 49 43 55 54 51 59 52 58 60 57 56 53 62 65 68 66 61 67 63 64 69 70 79 76 72 80 73 77 74 75 71 78
 41 48 44 49 50 46 42 47 45 43 60 59 57 53 55 54 58 56 51 52 66 64 62 65 63 68 70 67 61 69 78 79 74 75 71 76 80 77 72 73  7  2  1 10  6  8  4  5  9  3 15 14 11 19 12 18 20 17 16 13 22 25 28 26 21 27 23 24 29 30 39 36 32 40 33 37 34 35 31 38
 51 58 54 59 60 56 52 57 55 53 70 69 67 63 65 64 68 66 61 62 76 74 72 75 73 78 80 77 71 79  8  9  4  5  1  6 10  7  2  3 17 12 11 20 16 18 14 15 19 13 25 24 21 29 22 28 30 27 26 23 32 35 38 36 31 37 33 34 39 40 49 46 42 50 43 47 44 45 41 48
 21 28 24 29 30 26 22 27 25 23 40 39 37 33 35 34 38 36 31 32 46 44 42 45 43 48 50 47 41 49 58 59 54 55 51 56 60 57 52 53 67 62 61 70 66 68 64 65 69 63 75 74 71 79 72 78 80 77 76 73  2  5  8  6  1  7  3  4  9 10 19 16 12 20 13 17 14 15 11 18
 61 68 64 69 70 66 62 67 65 63 80 79 77 73 75 74 78 76 71 72  6  4  2  5  3  8 10  7  1  9 18 19 14 15 11 16 20 17 12 13 27 22 21 30 26 28 24 25 29 23 35 34 31 39 32 38 40 37 36 33 42 45 48 46 41 47 43 44 49 50 59 56 52 60 53 57 54 55 51 58
 22 29 25 30 21 27 23 28 26 24 31 40 38 34 36 35 39 37 32 33 47 45 43 46 44 49 41 48 42 50 59 60 55 56 52 57 51 58 53 54 68 63 62 61 67 69 65 66 70 64 76 75 72 80 73 79 71 78 77 74  3  6  9  7  2  8  4  5 10  1 20 17 13 11 14 18 15 16 12 19
 72 79 75 80 71 77 73 78 76 74  1 10  8  4  6  5  9  7  2  3 17 15 13 16 14 19 11 18 12 20 29 30 25 26 22 27 21 28 23 24 38 33 32 31 37 39 35 36 40 34 46 45 42 50 43 49 41 48 47 44 53 56 59 57 52 58 54 55 60 51 70 67 63 61 64 68 65 66 62 69
 62 69 65 70 61 67 63 68 66 64 71 80 78 74 76 75 79 77 72 73  7  5  3  6  4  9  1  8  2 10 19 20 15 16 12 17 11 18 13 14 28 23 22 21 27 29 25 26 30 24 36 35 32 40 33 39 31 38 37 34 43 46 49 47 42 48 44 45 50 41 60 57 53 51 54 58 55 56 52 59
 32 39 35 40 31 37 33 38 36 34 41 50 48 44 46 45 49 47 42 43 57 55 53 56 54 59 51 58 52 60 69 70 65 66 62 67 61 68 63 64 78 73 72 71 77 79 75 76 80 74  6  5  2 10  3  9  1  8  7  4 13 16 19 17 12 18 14 15 20 11 30 27 23 21 24 28 25 26 22 29
 42 49 45 50 41 47 43 48 46 44 51 60 58 54 56 55 59 57 52 53 67 65 63 66 64 69 61 68 62 70 79 80 75 76 72 77 71 78 73 74  8  3  2  1  7  9  5  6 10  4 16 15 12 20 13 19 11 18 17 14 23 26 29 27 22 28 24 25 30 21 40 37 33 31 34 38 35 36 32 39
 52 59 55 60 51 57 53 58 56 54 61 70 68 64 66 65 69 67 62 63 77 75 73 76 74 79 71 78 72 80  9 10  5  6  2  7  1  8  3  4 18 13 12 11 17 19 15 16 20 14 26 25 22 30 23 29 21 28 27 24 33 36 39 37 32 38 34 35 40 31 50 47 43 41 44 48 45 46 42 49
  2  9  5 10  1  7  3  8  6  4 11 20 18 14 16 15 19 17 12 13 27 25 23 26 24 29 21 28 22 30 39 40 35 36 32 37 31 38 33 34 48 43 42 41 47 49 45 46 50 44 56 55 52 60 53 59 51 58 57 54 63 66 69 67 62 68 64 65 70 61 80 77 73 71 74 78 75 76 72 79
 12 19 15 20 11 17 13 18 16 14 21 30 28 24 26 25 29 27 22 23 37 35 33 36 34 39 31 38 32 40 49 50 45 46 42 47 41 48 43 44 58 53 52 51 57 59 55 56 60 54 66 65 62 70 63 69 61 68 67 64 73 76 79 77 72 78 74 75 80 71 10  7  3  1  4  8  5  6  2  9
 33 40 36 31 32 38 34 39 37 35 42 41 49 45 47 46 50 48 43 44 58 56 54 57 55 60 52 59 53 51 70 61 66 67 63 68 62 69 64 65 79 74 73 72 78 80 76 77 71 75  7  6  3  1  4 10  2  9  8  5 14 17 20 18 13 19 15 16 11 12 21 28 24 22 25 29 26 27 23 30
 13 20 16 11 12 18 14 19 17 15 22 21 29 25 27 26 30 28 23 24 38 36 34 37 35 40 32 39 33 31 50 41 46 47 43 48 42 49 44 45 59 54 53 52 58 60 56 57 51 55 67 66 63 61 64 70 62 69 68 65 74 77 80 78 73 79 75 76 71 72  1  8  4  2  5  9  6  7  3 10
 63 70 66 61 62 68 64 69 67 65 72 71 79 75 77 76 80 78 73 74  8  6  4  7  5 10  2  9  3  1 20 11 16 17 13 18 12 19 14 15 29 24 23 22 28 30 26 27 21 25 37 36 33 31 34 40 32 39 38 35 44 47 50 48 43 49 45 46 41 42 51 58 54 52 55 59 56 57 53 60
 23 30 26 21 22 28 24 29 27 25 32 31 39 35 37 36 40 38 33 34 48 46 44 47 45 50 42 49 43 41 60 51 56 57 53 58 52 59 54 55 69 64 63 62 68 70 66 67 61 65 77 76 73 71 74 80 72 79 78 75  4  7 10  8  3  9  5  6  1  2 11 18 14 12 15 19 16 17 13 20
  3 10  6  1  2  8  4  9  7  5 12 11 19 15 17 16 20 18 13 14 28 26 24 27 25 30 22 29 23 21 40 31 36 37 33 38 32 39 34 35 49 44 43 42 48 50 46 47 41 45 57 56 53 51 54 60 52 59 58 55 64 67 70 68 63 69 65 66 61 62 71 78 74 72 75 79 76 77 73 80
 53 60 56 51 52 58 54 59 57 55 62 61 69 65 67 66 70 68 63 64 78 76 74 77 75 80 72 79 73 71 10  1  6  7  3  8  2  9  4  5 19 14 13 12 18 20 16 17 11 15 27 26 23 21 24 30 22 29 28 25 34 37 40 38 33 39 35 36 31 32 41 48 44 42 45 49 46 47 43 50
 73 80 76 71 72 78 74 79 77 75  2  1  9  5  7  6 10  8  3  4 18 16 14 17 15 20 12 19 13 11 30 21 26 27 23 28 22 29 24 25 39 34 33 32 38 40 36 37 31 35 47 46 43 41 44 50 42 49 48 45 54 57 60 58 53 59 55 56 51 52 61 68 64 62 65 69 66 67 63 70
 43 50 46 41 42 48 44 49 47 45 52 51 59 55 57 56 60 58 53 54 68 66 64 67 65 70 62 69 63 61 80 71 76 77 73 78 72 79 74 75  9  4  3  2  8 10  6  7  1  5 17 16 13 11 14 20 12 19 18 15 24 27 30 28 23 29 25 26 21 22 31 38 34 32 35 39 36 37 33 40
