 29 27 26 28 30  5  2  1  3  4  6 10  8  7  9 13 15 12 11 14 19 16 17 18 20 23 24 22 25 21
 24 22 21 23 25 30 27 26 28 29  1  5  3  2  4  8 10  7  6  9 14 11 12 13 15 18 19 17 20 16
  4  2  1  3  5 10  7  6  8  9 11 15 13 12 14 18 20 17 16 19 24 21 22 23 25 28 29 27 30 26
 19 17 16 18 20 25 22 21 23 24 26 30 28 27 29  3  5  2  1  4  9  6  7  8 10 13 14 12 15 11
 14 12 11 13 15 20 17 16 18 19 21 25 23 22 24 28 30 27 26 29  4  1  2  3  5  8  9  7 10  6
  9  7  6  8 10 15 12 11 13 14 16 20 18 17 19 23 25 22 21 24 29 26 27 28 30  3  4  2  5  1
 20 18 17 19 16 21 23 22 24 25 27 26 29 28 30  4  1  3  2  5 10  7  8  9  6 14 15 13 11 12
 10  8  7  9  6 11 13 12 14 15 17 16 19 18 20 24 21 23 22 25 30 27 28 29 26  4  5  3  1  2
  5  3  2  4  1  6  8  7  9 10 12 11 14 13 15 19 16 18 17 20 25 22 23 24 21 29 30 28 26 27
 25 23 22 24 21 26 28 27 29 30  2  1  4  3  5  9  6  8  7 10 15 12 13 14 11 19 20 18 16 17
 15 13 12 14 11 16 18 17 19 20 22 21 24 23 25 29 26 28 27 30  5  2  3  4  1  9 10  8  6  7
 30 28 27 29 26  1  3  2  4  5  7  6  9  8 10 14 11 13 12 15 20 17 18 19 16 24 25 23 21 22
  6  9  8 10  7 12 14 13 15 11 18 17 20 19 16 25 22 24 23 21 26 28 29 30 27  5  1  4  2  3
 21 24 23 25 22 27 29 28 30 26  3  2  5  4  1 10  7  9  8  6 11 13 14 15 12 20 16 19 17 18
 11 14 13 15 12 17 19 18 20 16 23 22 25 24 21 30 27 29 28 26  1  3  4  5  2 10  6  9  7  8
 26 29 28 30 27  2  4  3  5  1  8  7 10  9  6 15 12 14 13 11 16 18 19 20 17 25 21 24 22 23
 16 19 18 20 17 22 24 23 25 21 28 27 30 29 26  5  2  4  3  1  6  8  9 10  7 15 11 14 12 13
  1  4  3  5  2  7  9  8 10  6 13 12 15 14 11 20 17 19 18 16 21 23 24 25 22 30 26 29 27 28
  7 10  9  6  8 13 15 14 11 12 19 18 16 20 17 21 23 25 24 22 27 29 30 26 28  1  2  5  3  4
 17 20 19 16 18 23 25 24 21 22 29 28 26 30 27  1  3  5  4  2  7  9 10  6  8 11 12 15 13 14
 12 15 14 11 13 18 20 19 16 17 24 23 21 25 22 26 28 30 29 27  2  4  5  1  3  6  7 10  8  9
 22 25 24 21 23 28 30 29 26 27  4  3  1  5  2  6  8 10  9  7 12 14 15 11 13 16 17 20 18 19
 27 30 29 26 28  3  5  4  1  2  9  8  6 10  7 11 13 15 14 12 17 19 20 16 18 21 22 25 23 24
  2  5  4  1  3  8 10  9  6  7 14 13 11 15 12 16 18 20 19 17 22 24 25 21 23 26 27 30 28 29
  3  1  5  2  4  9  6 10  7  8 15 14 12 11 13 17 19 16 20 18 23 25 21 22 24 27 28 26 29 30
  8  6 10  7  9 14 11 15 12 13 20 19 17 16 18 22 24 21 25 23 28 30 26 27 29  2  3  1  4  5
 23 21 25 22 24 29 26 30 27 28  5  4  2  1  3  7  9  6 10  8 13 15 11 12 14 17 18 16 19 20
 18 16 20 17 19 24 21 25 22 23 30 29 27 26 28  2  4  1  5  3  8 10  6  7  9 12 13 11 14 15
 28 26 30 27 29  4  1  5  2  3 10  9  7  6  8 12 14 11 15 13 18 20 16 17 19 22 23 21 24 25
 13 11 15 12 14 19 16 20 17 18 25 24 22 21 23 27 29 26 30 28  3  5  1  2  4  7  8  6  9 10
