-------------------------------------------------------------------------------
| 17  2 16  |  8  7 11  |  5 18  6  | 14  1  4  | 13  3  9  | 12 10 15  |
| 18 13 15  | 16 12  1  |  4 11  2  |  5  3  9  |  6 14 10  | 17  8  7  |
| 14  6 11  | 18 10  5  | 16  1 12  | 17  8 15  |  4  7  2  |  9 13  3  |
|  7  4  3  | 14 15 13  | 10 17  9  | 16  6 11  | 18 12  8  |  2  5  1  |
|  5  8  9  |  3  6 17  | 15  7 13  | 12 10  2  | 16  1 11  |  4 18 14  |
| 10  1 12  |  9  2  4  |  3  8 14  | 18  7 13  | 17 15  5  | 16 11  6  |
-------------------------------------------------------------------------------
|  3 18  4  |  7  9 14  |  2 13  8  | 10 17  1  | 12  5 16  |  6 15 11  |
|  6 17  1  |  4 13  8  |  7  9 11  | 15 18  5  |  3  2 14  | 10 16 12  |
|  8 11  7  |  1  3 18  |  6 14  5  |  2 16 12  | 15 10  4  | 13  9 17  |
|  9  5 14  | 11 17 10  | 12 15 16  |  3 13  6  |  7 18  1  |  8  2  4  |
|  2 12 13  | 15 16  6  | 18 10  1  |  7  4  8  |  9 11 17  |  3 14  5  |
| 16 15 10  |  2  5 12  | 17  4  3  |  9 11 14  |  8  6 13  |  1  7 18  |
-------------------------------------------------------------------------------
| 11  9 18  | 12  4 15  |  8  6 10  |  1  5  3  |  2 16  7  | 14 17 13  |
| 15 10  8  | 13  1 16  | 11 12  7  |  6  9 17  | 14  4 18  |  5  3  2  |
| 13  3  6  | 10 11  9  | 14  2 17  |  4 15  7  |  5  8 12  | 18  1 16  |
|  4 16 17  |  6 18  2  |  9  5 15  | 11 14 10  |  1 13  3  |  7 12  8  |
|  1  7  2  |  5 14  3  | 13 16  4  |  8 12 18  | 10 17 15  | 11  6  9  |
| 12 14  5  | 17  8  7  |  1  3 18  | 13  2 16  | 11  9  6  | 15  4 10  |
-------------------------------------------------------------------------------
