 19 10  4 16  3 15 12  1  7  6 18  5 20  8 13  2 17  9 14 11
 14 15 19  6 13 17  3  7  9 16  8 11 18  2  5 10  1 20  4 12
 12 13  8  5 18  6 17  4 10 11  7  3 14  1 20 16 15  2  9 19
  5  7 10  9 19  4  6 18  1  3  2 15 17 12 14  8 13 11 20 16
 20 16 17 13  5 11 15 19  4 18  6 12  7  3  1  9  8 14  2 10
  8 18 14 11 16  7  5 20 19  2  1  9 13 15 12  3  4 10 17  6
  9  2 18  3 10 14 13  8 17 15 16 20  5 11  4  6 12 19  1  7
 17  1 12 15  9  8 14  2 20  5 19 10  6  4 11  7  3 16 13 18
  4 11  2  1 20 12  9 10 14  8 17 13 19 16 15 18  6  7  3  5
  6  3  7 20  1  2 11 16 13 12 14  4 10  9 19 17 18  5  8 15
 11 19  6  8 15 16  2 12  3 20 10 18  1 17  9 14  5  4  7 13
 10 14  9  7  6 18 16  5 12 13 20 17 15 19  8  1  2  3 11  4
  3  6  5 14  8  1  4 11 16  7 13  2 12 10 17 19  9 15 18 20
  1  8  3  2 11 13  7  6 18 10 12 19  4 20 16 15 14 17  5  9
  2  5  1 12 17  9 18 15  6  4 11  7 16 13  3 20 19  8 10 14
 18  9 11 19 14 10  1  3 15 17  4 16  8  6  7  5 20 13 12  2
 16  4 13 10 12 19 20 17  2  1  3 14  9  5  6 11  7 18 15  8
  7 17 16 18  2 20 19 13  5  9 15  8  3 14 10  4 11 12  6  1
 15 12 20  4  7  3 10  9  8 14  5  1 11 18  2 13 16  6 19 17
 13 20 15 17  4  5  8 14 11 19  9  6  2  7 18 12 10  1 16  3
