 39 42 40 36 38 37 41 48 43 45 49 47 46 44 55 53 54 51 50 52 56  7  5  6  4  3  2  1  8 13 12 14 11  9 10 19 20 15 16 17 18 21 26 27 28 25 23 22 24 29 31 33 32 30 35 34
 18 21 19 15 17 16 20 27 22 24 28 26 25 23 34 32 33 30 29 31 35 42 40 41 39 38 37 36 43 48 47 49 46 44 45 54 55 50 51 52 53 56  5  6  7  4  2  1  3  8 10 12 11  9 14 13
 46 49 47 43 45 44 48 55 50 52 56 54 53 51  6  4  5  2  1  3  7 14 12 13 11 10  9  8 15 20 19 21 18 16 17 26 27 22 23 24 25 28 33 34 35 32 30 29 31 36 38 40 39 37 42 41
 53 56 54 50 52 51 55  6  1  3  7  5  4  2 13 11 12  9  8 10 14 21 19 20 18 17 16 15 22 27 26 28 25 23 24 33 34 29 30 31 32 35 40 41 42 39 37 36 38 43 45 47 46 44 49 48
  4  7  5  1  3  2  6 13  8 10 14 12 11  9 20 18 19 16 15 17 21 28 26 27 25 24 23 22 29 34 33 35 32 30 31 40 41 36 37 38 39 42 47 48 49 46 44 43 45 50 52 54 53 51 56 55
 25 28 26 22 24 23 27 34 29 31 35 33 32 30 41 39 40 37 36 38 42 49 47 48 46 45 44 43 50 55 54 56 53 51 52  5  6  1  2  3  4  7 12 13 14 11  9  8 10 15 17 19 18 16 21 20
 32 35 33 29 31 30 34 41 36 38 42 40 39 37 48 46 47 44 43 45 49 56 54 55 53 52 51 50  1  6  5  7  4  2  3 12 13  8  9 10 11 14 19 20 21 18 16 15 17 22 24 26 25 23 28 27
 11 14 12  8 10  9 13 20 15 17 21 19 18 16 27 25 26 23 22 24 28 35 33 34 32 31 30 29 36 41 40 42 39 37 38 47 48 43 44 45 46 49 54 55 56 53 51 50 52  1  3  5  4  2  7  6
 26 22 27 23 25 24 28 35 30 32 29 34 33 31 42 40 41 38 37 39 36 43 48 49 47 46 45 44 51 56 55 50 54 52 53  6  7  2  3  4  5  1 13 14  8 12 10  9 11 16 18 20 19 17 15 21
 54 50 55 51 53 52 56  7  2  4  1  6  5  3 14 12 13 10  9 11  8 15 20 21 19 18 17 16 23 28 27 22 26 24 25 34 35 30 31 32 33 29 41 42 36 40 38 37 39 44 46 48 47 45 43 49
 47 43 48 44 46 45 49 56 51 53 50 55 54 52  7  5  6  3  2  4  1  8 13 14 12 11 10  9 16 21 20 15 19 17 18 27 28 23 24 25 26 22 34 35 29 33 31 30 32 37 39 41 40 38 36 42
 33 29 34 30 32 31 35 42 37 39 36 41 40 38 49 47 48 45 44 46 43 50 55 56 54 53 52 51  2  7  6  1  5  3  4 13 14  9 10 11 12  8 20 21 15 19 17 16 18 23 25 27 26 24 22 28
  5  1  6  2  4  3  7 14  9 11  8 13 12 10 21 19 20 17 16 18 15 22 27 28 26 25 24 23 30 35 34 29 33 31 32 41 42 37 38 39 40 36 48 49 43 47 45 44 46 51 53 55 54 52 50 56
 40 36 41 37 39 38 42 49 44 46 43 48 47 45 56 54 55 52 51 53 50  1  6  7  5  4  3  2  9 14 13  8 12 10 11 20 21 16 17 18 19 15 27 28 22 26 24 23 25 30 32 34 33 31 29 35
 12  8 13  9 11 10 14 21 16 18 15 20 19 17 28 26 27 24 23 25 22 29 34 35 33 32 31 30 37 42 41 36 40 38 39 48 49 44 45 46 47 43 55 56 50 54 52 51 53  2  4  6  5  3  1  7
 19 15 20 16 18 17 21 28 23 25 22 27 26 24 35 33 34 31 30 32 29 36 41 42 40 39 38 37 44 49 48 43 47 45 46 55 56 51 52 53 54 50  6  7  1  5  3  2  4  9 11 13 12 10  8 14
 55 51 56 52 54 53 50  1  3  5  2  7  6  4  8 13 14 11 10 12  9 16 21 15 20 19 18 17 24 22 28 23 27 25 26 35 29 31 32 33 34 30 42 36 37 41 39 38 40 45 47 49 48 46 44 43
  6  2  7  3  5  4  1  8 10 12  9 14 13 11 15 20 21 18 17 19 16 23 28 22 27 26 25 24 31 29 35 30 34 32 33 42 36 38 39 40 41 37 49 43 44 48 46 45 47 52 54 56 55 53 51 50
 27 23 28 24 26 25 22 29 31 33 30 35 34 32 36 41 42 39 38 40 37 44 49 43 48 47 46 45 52 50 56 51 55 53 54  7  1  3  4  5  6  2 14  8  9 13 11 10 12 17 19 21 20 18 16 15
 34 30 35 31 33 32 29 36 38 40 37 42 41 39 43 48 49 46 45 47 44 51 56 50 55 54 53 52  3  1  7  2  6  4  5 14  8 10 11 12 13  9 21 15 16 20 18 17 19 24 26 28 27 25 23 22
 41 37 42 38 40 39 36 43 45 47 44 49 48 46 50 55 56 53 52 54 51  2  7  1  6  5  4  3 10  8 14  9 13 11 12 21 15 17 18 19 20 16 28 22 23 27 25 24 26 31 33 35 34 32 30 29
 48 44 49 45 47 46 43 50 52 54 51 56 55 53  1  6  7  4  3  5  2  9 14  8 13 12 11 10 17 15 21 16 20 18 19 28 22 24 25 26 27 23 35 29 30 34 32 31 33 38 40 42 41 39 37 36
 20 16 21 17 19 18 15 22 24 26 23 28 27 25 29 34 35 32 31 33 30 37 42 36 41 40 39 38 45 43 49 44 48 46 47 56 50 52 53 54 55 51  7  1  2  6  4  3  5 10 12 14 13 11  9  8
 13  9 14 10 12 11  8 15 17 19 16 21 20 18 22 27 28 25 24 26 23 30 35 29 34 33 32 31 38 36 42 37 41 39 40 49 43 45 46 47 48 44 56 50 51 55 53 52 54  3  5  7  6  4  2  1
 14 10  8 11 13 12  9 16 18 20 17 15 21 19 23 28 22 26 25 27 24 31 29 30 35 34 33 32 39 37 36 38 42 40 41 43 44 46 47 48 49 45 50 51 52 56 54 53 55  4  6  1  7  5  3  2
 28 24 22 25 27 26 23 30 32 34 31 29 35 33 37 42 36 40 39 41 38 45 43 44 49 48 47 46 53 51 50 52 56 54 55  1  2  4  5  6  7  3  8  9 10 14 12 11 13 18 20 15 21 19 17 16
 56 52 50 53 55 54 51  2  4  6  3  1  7  5  9 14  8 12 11 13 10 17 15 16 21 20 19 18 25 23 22 24 28 26 27 29 30 32 33 34 35 31 36 37 38 42 40 39 41 46 48 43 49 47 45 44
 42 38 36 39 41 40 37 44 46 48 45 43 49 47 51 56 50 54 53 55 52  3  1  2  7  6  5  4 11  9  8 10 14 12 13 15 16 18 19 20 21 17 22 23 24 28 26 25 27 32 34 29 35 33 31 30
  7  3  1  4  6  5  2  9 11 13 10  8 14 12 16 21 15 19 18 20 17 24 22 23 28 27 26 25 32 30 29 31 35 33 34 36 37 39 40 41 42 38 43 44 45 49 47 46 48 53 55 50 56 54 52 51
 49 45 43 46 48 47 44 51 53 55 52 50 56 54  2  7  1  5  4  6  3 10  8  9 14 13 12 11 18 16 15 17 21 19 20 22 23 25 26 27 28 24 29 30 31 35 33 32 34 39 41 36 42 40 38 37
 35 31 29 32 34 33 30 37 39 41 38 36 42 40 44 49 43 47 46 48 45 52 50 51 56 55 54 53  4  2  1  3  7  5  6  8  9 11 12 13 14 10 15 16 17 21 19 18 20 25 27 22 28 26 24 23
 21 17 15 18 20 19 16 23 25 27 24 22 28 26 30 35 29 33 32 34 31 38 36 37 42 41 40 39 46 44 43 45 49 47 48 50 51 53 54 55 56 52  1  2  3  7  5  4  6 11 13  8 14 12 10  9
  1  4  2  5  7  6  3 10 12 14 11  9  8 13 17 15 16 20 19 21 18 25 23 24 22 28 27 26 33 31 30 32 29 34 35 37 38 40 41 42 36 39 44 45 46 43 48 47 49 54 56 51 50 55 53 52
 29 32 30 33 35 34 31 38 40 42 39 37 36 41 45 43 44 48 47 49 46 53 51 52 50 56 55 54  5  3  2  4  1  6  7  9 10 12 13 14  8 11 16 17 18 15 20 19 21 26 28 23 22 27 25 24
 36 39 37 40 42 41 38 45 47 49 46 44 43 48 52 50 51 55 54 56 53  4  2  3  1  7  6  5 12 10  9 11  8 13 14 16 17 19 20 21 15 18 23 24 25 22 27 26 28 33 35 30 29 34 32 31
 43 46 44 47 49 48 45 52 54 56 53 51 50 55  3  1  2  6  5  7  4 11  9 10  8 14 13 12 19 17 16 18 15 20 21 23 24 26 27 28 22 25 30 31 32 29 34 33 35 40 42 37 36 41 39 38
 22 25 23 26 28 27 24 31 33 35 32 30 29 34 38 36 37 41 40 42 39 46 44 45 43 49 48 47 54 52 51 53 50 55 56  2  3  5  6  7  1  4  9 10 11  8 13 12 14 19 21 16 15 20 18 17
 50 53 51 54 56 55 52  3  5  7  4  2  1  6 10  8  9 13 12 14 11 18 16 17 15 21 20 19 26 24 23 25 22 27 28 30 31 33 34 35 29 32 37 38 39 36 41 40 42 47 49 44 43 48 46 45
  8 11  9 12 14 13 10 17 19 21 18 16 15 20 24 22 23 27 26 28 25 32 30 31 29 35 34 33 40 38 37 39 36 41 42 44 45 47 48 49 43 46 51 52 53 50 55 54 56  5  7  2  1  6  4  3
 15 18 16 19 21 20 17 24 26 28 25 23 22 27 31 29 30 34 33 35 32 39 37 38 36 42 41 40 47 45 44 46 43 48 49 51 52 54 55 56 50 53  2  3  4  1  6  5  7 12 14  9  8 13 11 10
  9 12 10 13  8 14 11 18 20 15 19 17 16 21 25 23 24 28 27 22 26 33 31 32 30 29 35 34 41 39 38 40 37 42 36 45 46 48 49 43 44 47 52 53 54 51 56 55 50  6  1  3  2  7  5  4
 23 26 24 27 22 28 25 32 34 29 33 31 30 35 39 37 38 42 41 36 40 47 45 46 44 43 49 48 55 53 52 54 51 56 50  3  4  6  7  1  2  5 10 11 12  9 14 13  8 20 15 17 16 21 19 18
 30 33 31 34 29 35 32 39 41 36 40 38 37 42 46 44 45 49 48 43 47 54 52 53 51 50 56 55  6  4  3  5  2  7  1 10 11 13 14  8  9 12 17 18 19 16 21 20 15 27 22 24 23 28 26 25
 37 40 38 41 36 42 39 46 48 43 47 45 44 49 53 51 52 56 55 50 54  5  3  4  2  1  7  6 13 11 10 12  9 14  8 17 18 20 21 15 16 19 24 25 26 23 28 27 22 34 29 31 30 35 33 32
 51 54 52 55 50 56 53  4  6  1  5  3  2  7 11  9 10 14 13  8 12 19 17 18 16 15 21 20 27 25 24 26 23 28 22 31 32 34 35 29 30 33 38 39 40 37 42 41 36 48 43 45 44 49 47 46
  2  5  3  6  1  7  4 11 13  8 12 10  9 14 18 16 17 21 20 15 19 26 24 25 23 22 28 27 34 32 31 33 30 35 29 38 39 41 42 36 37 40 45 46 47 44 49 48 43 55 50 52 51 56 54 53
 44 47 45 48 43 49 46 53 55 50 54 52 51 56  4  2  3  7  6  1  5 12 10 11  9  8 14 13 20 18 17 19 16 21 15 24 25 27 28 22 23 26 31 32 33 30 35 34 29 41 36 38 37 42 40 39
 16 19 17 20 15 21 18 25 27 22 26 24 23 28 32 30 31 35 34 29 33 40 38 39 37 36 42 41 48 46 45 47 44 49 43 52 53 55 56 50 51 54  3  4  5  2  7  6  1 13  8 10  9 14 12 11
 38 41 39 42 37 36 40 47 49 44 48 46 45 43 54 52 53 50 56 51 55  6  4  5  3  2  1  7 14 12 11 13 10  8  9 18 19 21 15 16 17 20 25 26 27 24 22 28 23 35 30 32 31 29 34 33
 24 27 25 28 23 22 26 33 35 30 34 32 31 29 40 38 39 36 42 37 41 48 46 47 45 44 43 49 56 54 53 55 52 50 51  4  5  7  1  2  3  6 11 12 13 10  8 14  9 21 16 18 17 15 20 19
 17 20 18 21 16 15 19 26 28 23 27 25 24 22 33 31 32 29 35 30 34 41 39 40 38 37 36 42 49 47 46 48 45 43 44 53 54 56 50 51 52 55  4  5  6  3  1  7  2 14  9 11 10  8 13 12
 31 34 32 35 30 29 33 40 42 37 41 39 38 36 47 45 46 43 49 44 48 55 53 54 52 51 50 56  7  5  4  6  3  1  2 11 12 14  8  9 10 13 18 19 20 17 15 21 16 28 23 25 24 22 27 26
 52 55 53 56 51 50 54  5  7  2  6  4  3  1 12 10 11  8 14  9 13 20 18 19 17 16 15 21 28 26 25 27 24 22 23 32 33 35 29 30 31 34 39 40 41 38 36 42 37 49 44 46 45 43 48 47
  3  6  4  7  2  1  5 12 14  9 13 11 10  8 19 17 18 15 21 16 20 27 25 26 24 23 22 28 35 33 32 34 31 29 30 39 40 42 36 37 38 41 46 47 48 45 43 49 44 56 51 53 52 50 55 54
 10 13 11 14  9  8 12 19 21 16 20 18 17 15 26 24 25 22 28 23 27 34 32 33 31 30 29 35 42 40 39 41 38 36 37 46 47 49 43 44 45 48 53 54 55 52 50 56 51  7  2  4  3  1  6  5
 45 48 46 49 44 43 47 54 56 51 55 53 52 50  5  3  4  1  7  2  6 13 11 12 10  9  8 14 21 19 18 20 17 15 16 25 26 28 22 23 24 27 32 33 34 31 29 35 30 42 37 39 38 36 41 40
