  4 12  5  6  8 13  7  1 11 10 14  2  3  9
 13 10 14  2  3 11  5  7  9  6  4 12  8  1
 12 11 10  8  6  3  2  9  1  5 13  4  7 14
  8 14 11  7  4 12 13 10  6  3  5  9  1  2
  2  9  6 12  5  1  3  4 10 11  7  8 14 13
 10  2  4 11  7  6  8  3 13 12  1 14  9  5
  7  4 12 14 11 10  9  8  3  1  2  5 13  6
 14  5 13 10  2  8  6 12  4  9  3  1 11  7
  3  1  9  4 14  2 10 13  8  7 12  6  5 11
  5  6  8  3 10  7  1 11 12 14  9 13  2  4
  9  8  1  5 13 14  4  6  7  2 10 11 12  3
 11  3  2  1  9  4 12  5 14 13  6  7 10  8
  1 13  7  9 12  5 11 14  2  4  8  3  6 10
  6  7  3 13  1  9 14  2  5  8 11 10  4 12
