  9  8  7 12 11 10 13 15 14  1  2  3  5  6  4
  3  2  1  6  5  4  7  9  8 10 11 12 14 15 13
 15 14 13  3  2  1  4  6  5  7  8  9 11 12 10
  6  5  4  9  8  7 10 12 11 13 14 15  2  3  1
 12 11 10 15 14 13  1  3  2  4  5  6  8  9  7
 10 12 11 13 15 14  2  1  3  5  6  4  9  7  8
  1  3  2  4  6  5  8  7  9 11 12 10 15 13 14
  7  9  8 10 12 11 14 13 15  2  3  1  6  4  5
  4  6  5  7  9  8 11 10 12 14 15 13  3  1  2
 13 15 14  1  3  2  5  4  6  8  9  7 12 10 11
  8  7  9 11 10 12 15 14 13  3  1  2  4  5  6
  2  1  3  5  4  6  9  8  7 12 10 11 13 14 15
 14 13 15  2  1  3  6  5  4  9  7  8 10 11 12
  5  4  6  8  7  9 12 11 10 15 13 14  1  2  3
 11 10 12 14 13 15  3  2  1  6  4  5  7  8  9
