  1  3  2  6  4  5  7  9  8 12 11 10 14 15 13
  4  6  5  9  7  8 10 12 11 15 14 13  2  3  1
 13 15 14  3  1  2  4  6  5  9  8  7 11 12 10
  7  9  8 12 10 11 13 15 14  3  2  1  5  6  4
 10 12 11 15 13 14  1  3  2  6  5  4  8  9  7
 11 10 12 13 14 15  2  1  3  4  6  5  9  7  8
 14 13 15  1  2  3  5  4  6  7  9  8 12 10 11
  5  4  6  7  8  9 11 10 12 13 15 14  3  1  2
  8  7  9 10 11 12 14 13 15  1  3  2  6  4  5
  2  1  3  4  5  6  8  7  9 10 12 11 15 13 14
 12 11 10 14 15 13  3  2  1  5  4  6  7  8  9
  6  5  4  8  9  7 12 11 10 14 13 15  1  2  3
 15 14 13  2  3  1  6  5  4  8  7  9 10 11 12
  9  8  7 11 12 10 15 14 13  2  1  3  4  5  6
  3  2  1  5  6  4  9  8  7 11 10 12 13 14 15
