 23 26 28 25 24 27 22 29 32 34 35 31 33 30 36 37 39 42 38 41 40 43 49 48 46 47 45 44 52 55 53 56 50 54 51  7  6  1  2  5  3  4 14 11 12  8 10  9 13 17 18 19 20 16 15 21
  9 12 14 11 10 13  8 15 18 20 21 17 19 16 22 23 25 28 24 27 26 29 35 34 32 33 31 30 38 41 39 42 36 40 37 49 48 43 44 47 45 46 56 53 54 50 52 51 55  3  4  5  6  2  1  7
 51 54 56 53 52 55 50  1  4  6  7  3  5  2  8  9 11 14 10 13 12 15 21 20 18 19 17 16 24 27 25 28 22 26 23 35 34 29 30 33 31 32 42 39 40 36 38 37 41 45 46 47 48 44 43 49
 37 40 42 39 38 41 36 43 46 48 49 45 47 44 50 51 53 56 52 55 54  1  7  6  4  5  3  2 10 13 11 14  8 12  9 21 20 15 16 19 17 18 28 25 26 22 24 23 27 31 32 33 34 30 29 35
  2  5  7  4  3  6  1  8 11 13 14 10 12  9 15 16 18 21 17 20 19 22 28 27 25 26 24 23 31 34 32 35 29 33 30 42 41 36 37 40 38 39 49 46 47 43 45 44 48 52 53 54 55 51 50 56
 44 47 49 46 45 48 43 50 53 55 56 52 54 51  1  2  4  7  3  6  5  8 14 13 11 12 10  9 17 20 18 21 15 19 16 28 27 22 23 26 24 25 35 32 33 29 31 30 34 38 39 40 41 37 36 42
 30 33 35 32 31 34 29 36 39 41 42 38 40 37 43 44 46 49 45 48 47 50 56 55 53 54 52 51  3  6  4  7  1  5  2 14 13  8  9 12 10 11 21 18 19 15 17 16 20 24 25 26 27 23 22 28
 16 19 21 18 17 20 15 22 25 27 28 24 26 23 29 30 32 35 31 34 33 36 42 41 39 40 38 37 45 48 46 49 43 47 44 56 55 50 51 54 52 53  7  4  5  1  3  2  6 10 11 12 13  9  8 14
  3  6  1  5  4  7  2  9 12 14  8 11 13 10 16 17 19 15 18 21 20 23 22 28 26 27 25 24 32 35 33 29 30 34 31 36 42 37 38 41 39 40 43 47 48 44 46 45 49 53 54 55 56 52 51 50
 17 20 15 19 18 21 16 23 26 28 22 25 27 24 30 31 33 29 32 35 34 37 36 42 40 41 39 38 46 49 47 43 44 48 45 50 56 51 52 55 53 54  1  5  6  2  4  3  7 11 12 13 14 10  9  8
 38 41 36 40 39 42 37 44 47 49 43 46 48 45 51 52 54 50 53 56 55  2  1  7  5  6  4  3 11 14 12  8  9 13 10 15 21 16 17 20 18 19 22 26 27 23 25 24 28 32 33 34 35 31 30 29
 31 34 29 33 32 35 30 37 40 42 36 39 41 38 44 45 47 43 46 49 48 51 50 56 54 55 53 52  4  7  5  1  2  6  3  8 14  9 10 13 11 12 15 19 20 16 18 17 21 25 26 27 28 24 23 22
 10 13  8 12 11 14  9 16 19 21 15 18 20 17 23 24 26 22 25 28 27 30 29 35 33 34 32 31 39 42 40 36 37 41 38 43 49 44 45 48 46 47 50 54 55 51 53 52 56  4  5  6  7  3  2  1
 52 55 50 54 53 56 51  2  5  7  1  4  6  3  9 10 12  8 11 14 13 16 15 21 19 20 18 17 25 28 26 22 23 27 24 29 35 30 31 34 32 33 36 40 41 37 39 38 42 46 47 48 49 45 44 43
 45 48 43 47 46 49 44 51 54 56 50 53 55 52  2  3  5  1  4  7  6  9  8 14 12 13 11 10 18 21 19 15 16 20 17 22 28 23 24 27 25 26 29 33 34 30 32 31 35 39 40 41 42 38 37 36
 24 27 22 26 25 28 23 30 33 35 29 32 34 31 37 38 40 36 39 42 41 44 43 49 47 48 46 45 53 56 54 50 51 55 52  1  7  2  3  6  4  5  8 12 13  9 11 10 14 18 19 20 21 17 16 15
  4  7  2  6  5  1  3 10 13  8  9 12 14 11 17 18 20 16 19 15 21 24 23 22 27 28 26 25 33 29 34 30 31 35 32 37 36 38 39 42 40 41 44 48 49 45 47 46 43 54 55 56 50 53 52 51
 53 56 51 55 54 50 52  3  6  1  2  5  7  4 10 11 13  9 12  8 14 17 16 15 20 21 19 18 26 22 27 23 24 28 25 30 29 31 32 35 33 34 37 41 42 38 40 39 36 47 48 49 43 46 45 44
 32 35 30 34 33 29 31 38 41 36 37 40 42 39 45 46 48 44 47 43 49 52 51 50 55 56 54 53  5  1  6  2  3  7  4  9  8 10 11 14 12 13 16 20 21 17 19 18 15 26 27 28 22 25 24 23
 46 49 44 48 47 43 45 52 55 50 51 54 56 53  3  4  6  2  5  1  7 10  9  8 13 14 12 11 19 15 20 16 17 21 18 23 22 24 25 28 26 27 30 34 35 31 33 32 29 40 41 42 36 39 38 37
 25 28 23 27 26 22 24 31 34 29 30 33 35 32 38 39 41 37 40 36 42 45 44 43 48 49 47 46 54 50 55 51 52 56 53  2  1  3  4  7  5  6  9 13 14 10 12 11  8 19 20 21 15 18 17 16
 39 42 37 41 40 36 38 45 48 43 44 47 49 46 52 53 55 51 54 50 56  3  2  1  6  7  5  4 12  8 13  9 10 14 11 16 15 17 18 21 19 20 23 27 28 24 26 25 22 33 34 35 29 32 31 30
 11 14  9 13 12  8 10 17 20 15 16 19 21 18 24 25 27 23 26 22 28 31 30 29 34 35 33 32 40 36 41 37 38 42 39 44 43 45 46 49 47 48 51 55 56 52 54 53 50  5  6  7  1  4  3  2
 18 21 16 20 19 15 17 24 27 22 23 26 28 25 31 32 34 30 33 29 35 38 37 36 41 42 40 39 47 43 48 44 45 49 46 51 50 52 53 56 54 55  2  6  7  3  5  4  1 12 13 14  8 11 10  9
 19 15 17 21 20 16 18 25 28 23 24 27 22 26 32 33 35 31 34 30 29 39 38 37 42 36 41 40 48 44 49 45 46 43 47 52 51 53 54 50 55 56  3  7  1  4  6  5  2 13 14  8  9 12 11 10
 40 36 38 42 41 37 39 46 49 44 45 48 43 47 53 54 56 52 55 51 50  4  3  2  7  1  6  5 13  9 14 10 11  8 12 17 16 18 19 15 20 21 24 28 22 25 27 26 23 34 35 29 30 33 32 31
 26 22 24 28 27 23 25 32 35 30 31 34 29 33 39 40 42 38 41 37 36 46 45 44 49 43 48 47 55 51 56 52 53 50 54  3  2  4  5  1  6  7 10 14  8 11 13 12  9 20 21 15 16 19 18 17
 54 50 52 56 55 51 53  4  7  2  3  6  1  5 11 12 14 10 13  9  8 18 17 16 21 15 20 19 27 23 28 24 25 22 26 31 30 32 33 29 34 35 38 42 36 39 41 40 37 48 49 43 44 47 46 45
 33 29 31 35 34 30 32 39 42 37 38 41 36 40 46 47 49 45 48 44 43 53 52 51 56 50 55 54  6  2  7  3  4  1  5 10  9 11 12  8 13 14 17 21 15 18 20 19 16 27 28 22 23 26 25 24
  5  1  3  7  6  2  4 11 14  9 10 13  8 12 18 19 21 17 20 16 15 25 24 23 28 22 27 26 34 30 35 31 32 29 33 38 37 39 40 36 41 42 45 49 43 46 48 47 44 55 56 50 51 54 53 52
 47 43 45 49 48 44 46 53 56 51 52 55 50 54  4  5  7  3  6  2  1 11 10  9 14  8 13 12 20 16 21 17 18 15 19 24 23 25 26 22 27 28 31 35 29 32 34 33 30 41 42 36 37 40 39 38
 12  8 10 14 13  9 11 18 21 16 17 20 15 19 25 26 28 24 27 23 22 32 31 30 35 29 34 33 41 37 42 38 39 36 40 45 44 46 47 43 48 49 52 56 50 53 55 54 51  6  7  1  2  5  4  3
 48 44 46 43 49 45 47 54 50 52 53 56 51 55  5  6  1  4  7  3  2 12 11 10  8  9 14 13 21 17 15 18 19 16 20 25 24 26 27 23 28 22 32 29 30 33 35 34 31 42 36 37 38 41 40 39
 34 30 32 29 35 31 33 40 36 38 39 42 37 41 47 48 43 46 49 45 44 54 53 52 50 51 56 55  7  3  1  4  5  2  6 11 10 12 13  9 14  8 18 15 16 19 21 20 17 28 22 23 24 27 26 25
 55 51 53 50 56 52 54  5  1  3  4  7  2  6 12 13  8 11 14 10  9 19 18 17 15 16 21 20 28 24 22 25 26 23 27 32 31 33 34 30 35 29 39 36 37 40 42 41 38 49 43 44 45 48 47 46
 41 37 39 36 42 38 40 47 43 45 46 49 44 48 54 55 50 53 56 52 51  5  4  3  1  2  7  6 14 10  8 11 12  9 13 18 17 19 20 16 21 15 25 22 23 26 28 27 24 35 29 30 31 34 33 32
 20 16 18 15 21 17 19 26 22 24 25 28 23 27 33 34 29 32 35 31 30 40 39 38 36 37 42 41 49 45 43 46 47 44 48 53 52 54 55 51 56 50  4  1  2  5  7  6  3 14  8  9 10 13 12 11
  6  2  4  1  7  3  5 12  8 10 11 14  9 13 19 20 15 18 21 17 16 26 25 24 22 23 28 27 35 31 29 32 33 30 34 39 38 40 41 37 42 36 46 43 44 47 49 48 45 56 50 51 52 55 54 53
 27 23 25 22 28 24 26 33 29 31 32 35 30 34 40 41 36 39 42 38 37 47 46 45 43 44 49 48 56 52 50 53 54 51 55  4  3  5  6  2  7  1 11  8  9 12 14 13 10 21 15 16 17 20 19 18
 13  9 11  8 14 10 12 19 15 17 18 21 16 20 26 27 22 25 28 24 23 33 32 31 29 30 35 34 42 38 36 39 40 37 41 46 45 47 48 44 49 43 53 50 51 54 56 55 52  7  1  2  3  6  5  4
 21 17 19 16 15 18 20 27 23 25 26 22 24 28 34 35 30 33 29 32 31 41 40 39 37 38 36 42 43 46 44 47 48 45 49 54 53 55 56 52 50 51  5  2  3  6  1  7  4  8  9 10 11 14 13 12
 42 38 40 37 36 39 41 48 44 46 47 43 45 49 55 56 51 54 50 53 52  6  5  4  2  3  1  7  8 11  9 12 13 10 14 19 18 20 21 17 15 16 26 23 24 27 22 28 25 29 30 31 32 35 34 33
 14 10 12  9  8 11 13 20 16 18 19 15 17 21 27 28 23 26 22 25 24 34 33 32 30 31 29 35 36 39 37 40 41 38 42 47 46 48 49 45 43 44 54 51 52 55 50 56 53  1  2  3  4  7  6  5
 56 52 54 51 50 53 55  6  2  4  5  1  3  7 13 14  9 12  8 11 10 20 19 18 16 17 15 21 22 25 23 26 27 24 28 33 32 34 35 31 29 30 40 37 38 41 36 42 39 43 44 45 46 49 48 47
 35 31 33 30 29 32 34 41 37 39 40 36 38 42 48 49 44 47 43 46 45 55 54 53 51 52 50 56  1  4  2  5  6  3  7 12 11 13 14 10  8  9 19 16 17 20 15 21 18 22 23 24 25 28 27 26
  7  3  5  2  1  4  6 13  9 11 12  8 10 14 20 21 16 19 15 18 17 27 26 25 23 24 22 28 29 32 30 33 34 31 35 40 39 41 42 38 36 37 47 44 45 48 43 49 46 50 51 52 53 56 55 54
 28 24 26 23 22 25 27 34 30 32 33 29 31 35 41 42 37 40 36 39 38 48 47 46 44 45 43 49 50 53 51 54 55 52 56  5  4  6  7  3  1  2 12  9 10 13  8 14 11 15 16 17 18 21 20 19
 49 45 47 44 43 46 48 55 51 53 54 50 52 56  6  7  2  5  1  4  3 13 12 11  9 10  8 14 15 18 16 19 20 17 21 26 25 27 28 24 22 23 33 30 31 34 29 35 32 36 37 38 39 42 41 40
  8 11 13 10  9 12 14 21 17 19 20 16 18 15 28 22 24 27 23 26 25 35 34 33 31 32 30 29 37 40 38 41 42 39 36 48 47 49 43 46 44 45 55 52 53 56 51 50 54  2  3  4  5  1  7  6
 43 46 48 45 44 47 49 56 52 54 55 51 53 50  7  1  3  6  2  5  4 14 13 12 10 11  9  8 16 19 17 20 21 18 15 27 26 28 22 25 23 24 34 31 32 35 30 29 33 37 38 39 40 36 42 41
 29 32 34 31 30 33 35 42 38 40 41 37 39 36 49 43 45 48 44 47 46 56 55 54 52 53 51 50  2  5  3  6  7  4  1 13 12 14  8 11  9 10 20 17 18 21 16 15 19 23 24 25 26 22 28 27
 22 25 27 24 23 26 28 35 31 33 34 30 32 29 42 36 38 41 37 40 39 49 48 47 45 46 44 43 51 54 52 55 56 53 50  6  5  7  1  4  2  3 13 10 11 14  9  8 12 16 17 18 19 15 21 20
 36 39 41 38 37 40 42 49 45 47 48 44 46 43 56 50 52 55 51 54 53  7  6  5  3  4  2  1  9 12 10 13 14 11  8 20 19 21 15 18 16 17 27 24 25 28 23 22 26 30 31 32 33 29 35 34
 50 53 55 52 51 54 56  7  3  5  6  2  4  1 14  8 10 13  9 12 11 21 20 19 17 18 16 15 23 26 24 27 28 25 22 34 33 35 29 32 30 31 41 38 39 42 37 36 40 44 45 46 47 43 49 48
 15 18 20 17 16 19 21 28 24 26 27 23 25 22 35 29 31 34 30 33 32 42 41 40 38 39 37 36 44 47 45 48 49 46 43 55 54 56 50 53 51 52  6  3  4  7  2  1  5  9 10 11 12  8 14 13
  1  4  6  3  2  5  7 14 10 12 13  9 11  8 21 15 17 20 16 19 18 28 27 26 24 25 23 22 30 33 31 34 35 32 29 41 40 42 36 39 37 38 48 45 46 49 44 43 47 51 52 53 54 50 56 55
