  6  7  4  1  2  5  3  8 13 12 10 14 11  9 15 16 21 19 18 20 17 23 22 24 26 28 27 25 30 32 31 29 35 33 34 38 39 41 36 37 40 42 49 43 44 47 46 48 45 52 53 51 56 50 55 54
 20 21 18 15 16 19 17 22 27 26 24 28 25 23 29 30 35 33 32 34 31 37 36 38 40 42 41 39 44 46 45 43 49 47 48 52 53 55 50 51 54 56  7  1  2  5  4  6  3 10 11  9 14  8 13 12
 27 28 25 22 23 26 24 29 34 33 31 35 32 30 36 37 42 40 39 41 38 44 43 45 47 49 48 46 51 53 52 50 56 54 55  3  4  6  1  2  5  7 14  8  9 12 11 13 10 17 18 16 21 15 20 19
 34 35 32 29 30 33 31 36 41 40 38 42 39 37 43 44 49 47 46 48 45 51 50 52 54 56 55 53  2  4  3  1  7  5  6 10 11 13  8  9 12 14 21 15 16 19 18 20 17 24 25 23 28 22 27 26
 48 49 46 43 44 47 45 50 55 54 52 56 53 51  1  2  7  5  4  6  3  9  8 10 12 14 13 11 16 18 17 15 21 19 20 24 25 27 22 23 26 28 35 29 30 33 32 34 31 38 39 37 42 36 41 40
 13 14 11  8  9 12 10 15 20 19 17 21 18 16 22 23 28 26 25 27 24 30 29 31 33 35 34 32 37 39 38 36 42 40 41 45 46 48 43 44 47 49 56 50 51 54 53 55 52  3  4  2  7  1  6  5
 41 42 39 36 37 40 38 43 48 47 45 49 46 44 50 51 56 54 53 55 52  2  1  3  5  7  6  4  9 11 10  8 14 12 13 17 18 20 15 16 19 21 28 22 23 26 25 27 24 31 32 30 35 29 34 33
 55 56 53 50 51 54 52  1  6  5  3  7  4  2  8  9 14 12 11 13 10 16 15 17 19 21 20 18 23 25 24 22 28 26 27 31 32 34 29 30 33 35 42 36 37 40 39 41 38 45 46 44 49 43 48 47
 42 36 40 37 38 41 39 44 49 48 46 43 47 45 51 52 50 55 54 56 53  3  2  4  6  1  7  5 10 12 11  9  8 13 14 18 19 21 16 17 20 15 22 23 24 27 26 28 25 32 33 31 29 30 35 34
 35 29 33 30 31 34 32 37 42 41 39 36 40 38 44 45 43 48 47 49 46 52 51 53 55 50 56 54  3  5  4  2  1  6  7 11 12 14  9 10 13  8 15 16 17 20 19 21 18 25 26 24 22 23 28 27
 21 15 19 16 17 20 18 23 28 27 25 22 26 24 30 31 29 34 33 35 32 38 37 39 41 36 42 40 45 47 46 44 43 48 49 53 54 56 51 52 55 50  1  2  3  6  5  7  4 11 12 10  8  9 14 13
 49 43 47 44 45 48 46 51 56 55 53 50 54 52  2  3  1  6  5  7  4 10  9 11 13  8 14 12 17 19 18 16 15 20 21 25 26 28 23 24 27 22 29 30 31 34 33 35 32 39 40 38 36 37 42 41
  7  1  5  2  3  6  4  9 14 13 11  8 12 10 16 17 15 20 19 21 18 24 23 25 27 22 28 26 31 33 32 30 29 34 35 39 40 42 37 38 41 36 43 44 45 48 47 49 46 53 54 52 50 51 56 55
 28 22 26 23 24 27 25 30 35 34 32 29 33 31 37 38 36 41 40 42 39 45 44 46 48 43 49 47 52 54 53 51 50 55 56  4  5  7  2  3  6  1  8  9 10 13 12 14 11 18 19 17 15 16 21 20
 14  8 12  9 10 13 11 16 21 20 18 15 19 17 23 24 22 27 26 28 25 31 30 32 34 29 35 33 38 40 39 37 36 41 42 46 47 49 44 45 48 43 50 51 52 55 54 56 53  4  5  3  1  2  7  6
 56 50 54 51 52 55 53  2  7  6  4  1  5  3  9 10  8 13 12 14 11 17 16 18 20 15 21 19 24 26 25 23 22 27 28 32 33 35 30 31 34 29 36 37 38 41 40 42 39 46 47 45 43 44 49 48
 43 44 48 45 46 49 47 52 50 56 54 51 55 53  3  4  2  7  6  1  5 11 10 12 14  9  8 13 18 20 19 17 16 21 15 26 27 22 24 25 28 23 30 31 32 35 34 29 33 40 41 39 37 38 36 42
  8  9 13 10 11 14 12 17 15 21 19 16 20 18 24 25 23 28 27 22 26 32 31 33 35 30 29 34 39 41 40 38 37 42 36 47 48 43 45 46 49 44 51 52 53 56 55 50 54  5  6  4  2  3  1  7
  1  2  6  3  4  7  5 10  8 14 12  9 13 11 17 18 16 21 20 15 19 25 24 26 28 23 22 27 32 34 33 31 30 35 29 40 41 36 38 39 42 37 44 45 46 49 48 43 47 54 55 53 51 52 50 56
 36 37 41 38 39 42 40 45 43 49 47 44 48 46 52 53 51 56 55 50 54  4  3  5  7  2  1  6 11 13 12 10  9 14  8 19 20 15 17 18 21 16 23 24 25 28 27 22 26 33 34 32 30 31 29 35
 15 16 20 17 18 21 19 24 22 28 26 23 27 25 31 32 30 35 34 29 33 39 38 40 42 37 36 41 46 48 47 45 44 49 43 54 55 50 52 53 56 51  2  3  4  7  6  1  5 12 13 11  9 10  8 14
 50 51 55 52 53 56 54  3  1  7  5  2  6  4 10 11  9 14 13  8 12 18 17 19 21 16 15 20 25 27 26 24 23 28 22 33 34 29 31 32 35 30 37 38 39 42 41 36 40 47 48 46 44 45 43 49
 22 23 27 24 25 28 26 31 29 35 33 30 34 32 38 39 37 42 41 36 40 46 45 47 49 44 43 48 53 55 54 52 51 56 50  5  6  1  3  4  7  2  9 10 11 14 13  8 12 19 20 18 16 17 15 21
 29 30 34 31 32 35 33 38 36 42 40 37 41 39 45 46 44 49 48 43 47 53 52 54 56 51 50 55  4  6  5  3  2  7  1 12 13  8 10 11 14  9 16 17 18 21 20 15 19 26 27 25 23 24 22 28
  2  3  7  4  5  1  6 11  9  8 13 10 14 12 18 19 17 15 21 16 20 26 25 27 22 24 23 28 33 35 34 32 31 29 30 41 42 37 39 40 36 38 45 46 47 43 49 44 48 55 56 54 52 53 51 50
 23 24 28 25 26 22 27 32 30 29 34 31 35 33 39 40 38 36 42 37 41 47 46 48 43 45 44 49 54 56 55 53 52 50 51  6  7  2  4  5  1  3 10 11 12  8 14  9 13 20 21 19 17 18 16 15
 51 52 56 53 54 50 55  4  2  1  6  3  7  5 11 12 10  8 14  9 13 19 18 20 15 17 16 21 26 28 27 25 24 22 23 34 35 30 32 33 29 31 38 39 40 36 42 37 41 48 49 47 45 46 44 43
 30 31 35 32 33 29 34 39 37 36 41 38 42 40 46 47 45 43 49 44 48 54 53 55 50 52 51 56  5  7  6  4  3  1  2 13 14  9 11 12  8 10 17 18 19 15 21 16 20 27 28 26 24 25 23 22
  9 10 14 11 12  8 13 18 16 15 20 17 21 19 25 26 24 22 28 23 27 33 32 34 29 31 30 35 40 42 41 39 38 36 37 48 49 44 46 47 43 45 52 53 54 50 56 51 55  6  7  5  3  4  2  1
 16 17 21 18 19 15 20 25 23 22 27 24 28 26 32 33 31 29 35 30 34 40 39 41 36 38 37 42 47 49 48 46 45 43 44 55 56 51 53 54 50 52  3  4  5  1  7  2  6 13 14 12 10 11  9  8
 44 45 49 46 47 43 48 53 51 50 55 52 56 54  4  5  3  1  7  2  6 12 11 13  8 10  9 14 19 21 20 18 17 15 16 27 28 23 25 26 22 24 31 32 33 29 35 30 34 41 42 40 38 39 37 36
 37 38 42 39 40 36 41 46 44 43 48 45 49 47 53 54 52 50 56 51 55  5  4  6  1  3  2  7 12 14 13 11 10  8  9 20 21 16 18 19 15 17 24 25 26 22 28 23 27 34 35 33 31 32 30 29
 38 39 36 40 41 37 42 47 45 44 49 46 43 48 54 55 53 51 50 52 56  6  5  7  2  4  3  1 13  8 14 12 11  9 10 21 15 17 19 20 16 18 25 26 27 23 22 24 28 35 29 34 32 33 31 30
 24 25 22 26 27 23 28 33 31 30 35 32 29 34 40 41 39 37 36 38 42 48 47 49 44 46 45 43 55 50 56 54 53 51 52  7  1  3  5  6  2  4 11 12 13  9  8 10 14 21 15 20 18 19 17 16
 31 32 29 33 34 30 35 40 38 37 42 39 36 41 47 48 46 44 43 45 49 55 54 56 51 53 52 50  6  1  7  5  4  2  3 14  8 10 12 13  9 11 18 19 20 16 15 17 21 28 22 27 25 26 24 23
  3  4  1  5  6  2  7 12 10  9 14 11  8 13 19 20 18 16 15 17 21 27 26 28 23 25 24 22 34 29 35 33 32 30 31 42 36 38 40 41 37 39 46 47 48 44 43 45 49 56 50 55 53 54 52 51
 52 53 50 54 55 51 56  5  3  2  7  4  1  6 12 13 11  9  8 10 14 20 19 21 16 18 17 15 27 22 28 26 25 23 24 35 29 31 33 34 30 32 39 40 41 37 36 38 42 49 43 48 46 47 45 44
 10 11  8 12 13  9 14 19 17 16 21 18 15 20 26 27 25 23 22 24 28 34 33 35 30 32 31 29 41 36 42 40 39 37 38 49 43 45 47 48 44 46 53 54 55 51 50 52 56  7  1  6  4  5  3  2
 45 46 43 47 48 44 49 54 52 51 56 53 50 55  5  6  4  2  1  3  7 13 12 14  9 11 10  8 20 15 21 19 18 16 17 28 22 24 26 27 23 25 32 33 34 30 29 31 35 42 36 41 39 40 38 37
 17 18 15 19 20 16 21 26 24 23 28 25 22 27 33 34 32 30 29 31 35 41 40 42 37 39 38 36 48 43 49 47 46 44 45 56 50 52 54 55 51 53  4  5  6  2  1  3  7 14  8 13 11 12 10  9
 25 26 23 27 28 24 22 34 32 31 29 33 30 35 41 42 40 38 37 39 36 49 48 43 45 47 46 44 56 51 50 55 54 52 53  1  2  4  6  7  3  5 12 13 14 10  9 11  8 15 16 21 19 20 18 17
 39 40 37 41 42 38 36 48 46 45 43 47 44 49 55 56 54 52 51 53 50  7  6  1  3  5  4  2 14  9  8 13 12 10 11 15 16 18 20 21 17 19 26 27 28 24 23 25 22 29 30 35 33 34 32 31
  4  5  2  6  7  3  1 13 11 10  8 12  9 14 20 21 19 17 16 18 15 28 27 22 24 26 25 23 35 30 29 34 33 31 32 36 37 39 41 42 38 40 47 48 49 45 44 46 43 50 51 56 54 55 53 52
 11 12  9 13 14 10  8 20 18 17 15 19 16 21 27 28 26 24 23 25 22 35 34 29 31 33 32 30 42 37 36 41 40 38 39 43 44 46 48 49 45 47 54 55 56 52 51 53 50  1  2  7  5  6  4  3
 53 54 51 55 56 52 50  6  4  3  1  5  2  7 13 14 12 10  9 11  8 21 20 15 17 19 18 16 28 23 22 27 26 24 25 29 30 32 34 35 31 33 40 41 42 38 37 39 36 43 44 49 47 48 46 45
 18 19 16 20 21 17 15 27 25 24 22 26 23 28 34 35 33 31 30 32 29 42 41 36 38 40 39 37 49 44 43 48 47 45 46 50 51 53 55 56 52 54  5  6  7  3  2  4  1  8  9 14 12 13 11 10
 46 47 44 48 49 45 43 55 53 52 50 54 51 56  6  7  5  3  2  4  1 14 13  8 10 12 11  9 21 16 15 20 19 17 18 22 23 25 27 28 24 26 33 34 35 31 30 32 29 36 37 42 40 41 39 38
 32 33 30 34 35 31 29 41 39 38 36 40 37 42 48 49 47 45 44 46 43 56 55 50 52 54 53 51  7  2  1  6  5  3  4  8  9 11 13 14 10 12 19 20 21 17 16 18 15 22 23 28 26 27 25 24
 26 27 24 28 22 25 23 35 33 32 30 34 31 29 42 36 41 39 38 40 37 43 49 44 46 48 47 45 50 52 51 56 55 53 54  2  3  5  7  1  4  6 13 14  8 11 10 12  9 16 17 15 20 21 19 18
 54 55 52 56 50 53 51  7  5  4  2  6  3  1 14  8 13 11 10 12  9 15 21 16 18 20 19 17 22 24 23 28 27 25 26 30 31 33 35 29 32 34 41 42 36 39 38 40 37 44 45 43 48 49 47 46
 33 34 31 35 29 32 30 42 40 39 37 41 38 36 49 43 48 46 45 47 44 50 56 51 53 55 54 52  1  3  2  7  6  4  5  9 10 12 14  8 11 13 20 21 15 18 17 19 16 23 24 22 27 28 26 25
 47 48 45 49 43 46 44 56 54 53 51 55 52 50  7  1  6  4  3  5  2  8 14  9 11 13 12 10 15 17 16 21 20 18 19 23 24 26 28 22 25 27 34 35 29 32 31 33 30 37 38 36 41 42 40 39
 12 13 10 14  8 11  9 21 19 18 16 20 17 15 28 22 27 25 24 26 23 29 35 30 32 34 33 31 36 38 37 42 41 39 40 44 45 47 49 43 46 48 55 56 50 53 52 54 51  2  3  1  6  7  5  4
 40 41 38 42 36 39 37 49 47 46 44 48 45 43 56 50 55 53 52 54 51  1  7  2  4  6  5  3  8 10  9 14 13 11 12 16 17 19 21 15 18 20 27 28 22 25 24 26 23 30 31 29 34 35 33 32
 19 20 17 21 15 18 16 28 26 25 23 27 24 22 35 29 34 32 31 33 30 36 42 37 39 41 40 38 43 45 44 49 48 46 47 51 52 54 56 50 53 55  6  7  1  4  3  5  2  9 10  8 13 14 12 11
  5  6  3  7  1  4  2 14 12 11  9 13 10  8 21 15 20 18 17 19 16 22 28 23 25 27 26 24 29 31 30 35 34 32 33 37 38 40 42 36 39 41 48 49 43 46 45 47 44 51 52 50 55 56 54 53
