  3  5 19  8 18 13 20  1  2 15 14 16  9 12  4  6 10 11  7 17
  4 14 16 11  6 12  9 10 17  7 18  3 13 15  1  5  8 20  2 19
 11 16 14 20  1 17 12 18 13  9  7  2  5 19 15 10  6  3  8  4
  2  3  4  6  5  7 19  8 15 10  9 18 12 13 11 16 20 14 17  1
 19  9 13  4  2 10 18 15 11 17  6  7  1 20 14 12  3  8  5 16
 14  6  3  1  7  5 16 12 20  8  2 10 18  4  9 15 11 17 19 13
  8 19  9  3  4 15 13 11 12  5 17 14  6  7 20 18 16 10  1  2
 18  1 20  2 17  6 14  7 10 16 12 19 15  5 13 11  9  4  3  8
 10 15  8 19 16 20  4 13 18  6  3  9 14  2  7 17 12  1 11  5
 17  2  5 12  3  1  7  9 14 11  8  4 19 18  6 13 15 16 20 10
 12 18 17  9  8  3  2 14  7 19 15  1 10  6  5 20  4 13 16 11
  5 11 15 10 20  4  6 16  1 13 19 12  7  9  2  8 17 18 14  3
 15  4 12 14  9  8  1 20  3 18 10  5 11 17 16  7  2 19 13  6
  7 10 11 16 13 19  5 17  6  2  1  8  4 14 12  3 18 15  9 20
  9  8  2  7 11 18  3 19 16 20  5  6 17  1 10  4 13 12 15 14
 13 17  1  5 15 14 10  6  4 12 16 20  8 11  3  9 19  2 18  7
  1 12  6 17 19 11  8  4  5  3 13 15 20 16 18  2 14  7 10  9
 20 13  7 18 10 16 15  2  9 14  4 11  3  8 17 19  1  5  6 12
 16 20 10 15 14  9 17  5 19  4 11 13  2  3  8  1  7  6 12 18
  6  7 18 13 12  2 11  3  8  1 20 17 16 10 19 14  5  9  4 15
