 16 19 20 18 17 23 24 25 21 22 30 29 26 28 27 33 32 35 34 31 40 37 38 39 36  2  4  3  1  5  8  7  6  9 10 12 15 11 14 13
 11 14 15 13 12 18 19 20 16 17 25 24 21 23 22 28 27 30 29 26 35 32 33 34 31 37 39 38 36 40  3  2  1  4  5  7 10  6  9  8
 21 24 25 23 22 28 29 30 26 27 35 34 31 33 32 38 37 40 39 36  5  2  3  4  1  7  9  8  6 10 13 12 11 14 15 17 20 16 19 18
  1  4  5  3  2  8  9 10  6  7 15 14 11 13 12 18 17 20 19 16 25 22 23 24 21 27 29 28 26 30 33 32 31 34 35 37 40 36 39 38
  6  9 10  8  7 13 14 15 11 12 20 19 16 18 17 23 22 25 24 21 30 27 28 29 26 32 34 33 31 35 38 37 36 39 40  2  5  1  4  3
 31 34 35 33 32 38 39 40 36 37  5  4  1  3  2  8  7 10  9  6 15 12 13 14 11 17 19 18 16 20 23 22 21 24 25 27 30 26 29 28
 36 39 40 38 37  3  4  5  1  2 10  9  6  8  7 13 12 15 14 11 20 17 18 19 16 22 24 23 21 25 28 27 26 29 30 32 35 31 34 33
 26 29 30 28 27 33 34 35 31 32 40 39 36 38 37  3  2  5  4  1 10  7  8  9  6 12 14 13 11 15 18 17 16 19 20 22 25 21 24 23
 12 15 11 14 13 19 20 16 17 18 21 25 22 24 23 29 28 26 30 27 31 33 34 35 32 38 40 39 37 36  4  3  2  5  1  8  6  7 10  9
 22 25 21 24 23 29 30 26 27 28 31 35 32 34 33 39 38 36 40 37  1  3  4  5  2  8 10  9  7  6 14 13 12 15 11 18 16 17 20 19
 27 30 26 29 28 34 35 31 32 33 36 40 37 39 38  4  3  1  5  2  6  8  9 10  7 13 15 14 12 11 19 18 17 20 16 23 21 22 25 24
  2  5  1  4  3  9 10  6  7  8 11 15 12 14 13 19 18 16 20 17 21 23 24 25 22 28 30 29 27 26 34 33 32 35 31 38 36 37 40 39
  7 10  6  9  8 14 15 11 12 13 16 20 17 19 18 24 23 21 25 22 26 28 29 30 27 33 35 34 32 31 39 38 37 40 36  3  1  2  5  4
 37 40 36 39 38  4  5  1  2  3  6 10  7  9  8 14 13 11 15 12 16 18 19 20 17 23 25 24 22 21 29 28 27 30 26 33 31 32 35 34
 17 20 16 19 18 24 25 21 22 23 26 30 27 29 28 34 33 31 35 32 36 38 39 40 37  3  5  4  2  1  9  8  7 10  6 13 11 12 15 14
 32 35 31 34 33 39 40 36 37 38  1  5  2  4  3  9  8  6 10  7 11 13 14 15 12 18 20 19 17 16 24 23 22 25 21 28 26 27 30 29
  3  1  2  5  4 10  6  7  8  9 12 11 13 15 14 20 19 17 16 18 22 24 25 21 23 29 26 30 28 27 35 34 33 31 32 39 37 38 36 40
 13 11 12 15 14 20 16 17 18 19 22 21 23 25 24 30 29 27 26 28 32 34 35 31 33 39 36 40 38 37  5  4  3  1  2  9  7  8  6 10
  8  6  7 10  9 15 11 12 13 14 17 16 18 20 19 25 24 22 21 23 27 29 30 26 28 34 31 35 33 32 40 39 38 36 37  4  2  3  1  5
 28 26 27 30 29 35 31 32 33 34 37 36 38 40 39  5  4  2  1  3  7  9 10  6  8 14 11 15 13 12 20 19 18 16 17 24 22 23 21 25
 33 31 32 35 34 40 36 37 38 39  2  1  3  5  4 10  9  7  6  8 12 14 15 11 13 19 16 20 18 17 25 24 23 21 22 29 27 28 26 30
 38 36 37 40 39  5  1  2  3  4  7  6  8 10  9 15 14 12 11 13 17 19 20 16 18 24 21 25 23 22 30 29 28 26 27 34 32 33 31 35
 18 16 17 20 19 25 21 22 23 24 27 26 28 30 29 35 34 32 31 33 37 39 40 36 38  4  1  5  3  2 10  9  8  6  7 14 12 13 11 15
 23 21 22 25 24 30 26 27 28 29 32 31 33 35 34 40 39 37 36 38  2  4  5  1  3  9  6 10  8  7 15 14 13 11 12 19 17 18 16 20
 29 27 28 26 30 31 32 33 34 35 38 37 39 36 40  1  5  3  2  4  8 10  6  7  9 15 12 11 14 13 16 20 19 17 18 25 23 24 22 21
 24 22 23 21 25 26 27 28 29 30 33 32 34 31 35 36 40 38 37 39  3  5  1  2  4 10  7  6  9  8 11 15 14 12 13 20 18 19 17 16
 34 32 33 31 35 36 37 38 39 40  3  2  4  1  5  6 10  8  7  9 13 15 11 12 14 20 17 16 19 18 21 25 24 22 23 30 28 29 27 26
 39 37 38 36 40  1  2  3  4  5  8  7  9  6 10 11 15 13 12 14 18 20 16 17 19 25 22 21 24 23 26 30 29 27 28 35 33 34 32 31
  9  7  8  6 10 11 12 13 14 15 18 17 19 16 20 21 25 23 22 24 28 30 26 27 29 35 32 31 34 33 36 40 39 37 38  5  3  4  2  1
 19 17 18 16 20 21 22 23 24 25 28 27 29 26 30 31 35 33 32 34 38 40 36 37 39  5  2  1  4  3  6 10  9  7  8 15 13 14 12 11
  4  2  3  1  5  6  7  8  9 10 13 12 14 11 15 16 20 18 17 19 23 25 21 22 24 30 27 26 29 28 31 35 34 32 33 40 38 39 37 36
 14 12 13 11 15 16 17 18 19 20 23 22 24 21 25 26 30 28 27 29 33 35 31 32 34 40 37 36 39 38  1  5  4  2  3 10  8  9  7  6
 40 38 39 37 36  2  3  4  5  1  9  8 10  7  6 12 11 14 13 15 19 16 17 18 20 21 23 22 25 24 27 26 30 28 29 31 34 35 33 32
 35 33 34 32 31 37 38 39 40 36  4  3  5  2  1  7  6  9  8 10 14 11 12 13 15 16 18 17 20 19 22 21 25 23 24 26 29 30 28 27
  5  3  4  2  1  7  8  9 10  6 14 13 15 12 11 17 16 19 18 20 24 21 22 23 25 26 28 27 30 29 32 31 35 33 34 36 39 40 38 37
 15 13 14 12 11 17 18 19 20 16 24 23 25 22 21 27 26 29 28 30 34 31 32 33 35 36 38 37 40 39  2  1  5  3  4  6  9 10  8  7
 20 18 19 17 16 22 23 24 25 21 29 28 30 27 26 32 31 34 33 35 39 36 37 38 40  1  3  2  5  4  7  6 10  8  9 11 14 15 13 12
 30 28 29 27 26 32 33 34 35 31 39 38 40 37 36  2  1  4  3  5  9  6  7  8 10 11 13 12 15 14 17 16 20 18 19 21 24 25 23 22
 25 23 24 22 21 27 28 29 30 26 34 33 35 32 31 37 36 39 38 40  4  1  2  3  5  6  8  7 10  9 12 11 15 13 14 16 19 20 18 17
 10  8  9  7  6 12 13 14 15 11 19 18 20 17 16 22 21 24 23 25 29 26 27 28 30 31 33 32 35 34 37 36 40 38 39  1  4  5  3  2
