 14  8  7  5 13  6  9 15 10  1  4  2 12 11  3
  4  3  1 12 15  5  7  8 11  2 10  9  6 13 14
  2  9 11  6 10  4 14 13  3 12 15  5  1  7  8
 12  2  8  4  7 10 13  1 14  6  9 15  5  3 11
  1 15  9 14 11 12  8  7  5  3  6 10 13  2  4
 10  5 13  3  6 15  4  2  9 11  7 14  8  1 12
 11 14 12  9  5  7 15  6 13 10  1  4  3  8  2
  7  4 15  1  3 11 12 14  2  8 13  6 10  5  9
  6 13 10  8  2  3  1  9  4  5 12  7 11 14 15
 15  6 14 11  9  1  5  4 12 13  3  8  2 10  7
  5  7  4 10 12  8  2  3 15 14 11 13  9  6  1
  3  1  2 13  8  9 10 11  6  7 14 12  4 15  5
 13 12  5  7  1 14  3 10  8  4  2 11 15  9  6
  9 11  3  2  4 13  6  5  7 15  8  1 14 12 10
  8 10  6 15 14  2 11 12  1  9  5  3  7  4 13
