  8  9  5 11  7  6 15  4 13 12 10 14  1  3  2
 14 10  6  2  3  5  7  1  8  9 15 13 12 11  4
 13  4 12  1 15 14 10 11  2  3  9  7  5  6  8
  7 13 15 12  1  3 14  2 11  8  5 10  6  4  9
  6 14 11  8  9 12  1  5 10  4  7 15  3  2 13
  3  5  4 10  2 13  6 15  9  7  1 12 14  8 11
  9  3 13 14 11  8  4  6  1  2 12  5 15  7 10
  2 15 10  4 12 11 13 14  7  5  6  1  8  9  3
  5  8  1  7  6 15 12  9  3 10  4 11  2 13 14
  4 11 14  5  8  2  3 10 12  1 13  9  7 15  6
 12  2  7  6 10  9  5  8 15 13 11  3  4 14  1
 15  1  9  3 13  4 11  7 14  6  2  8 10  5 12
 11 12  3 15  5  1  2 13  6 14  8  4  9 10  7
 10  6  8 13 14  7  9 12  4 15  3  2 11  1  5
  1  7  2  9  4 10  8  3  5 11 14  6 13 12 15
