 16 18 20 17 19 23 24 25 21 22 30 26 28 27 29 34 32 35 33 31  5  1  2  3  4 10  9  6  7  8 12 14 11 13 15
 26 28 30 27 29 33 34 35 31 32  5  1  3  2  4  9  7 10  8  6 15 11 12 13 14 20 19 16 17 18 22 24 21 23 25
 21 23 25 22 24 28 29 30 26 27 35 31 33 32 34  4  2  5  3  1 10  6  7  8  9 15 14 11 12 13 17 19 16 18 20
 11 13 15 12 14 18 19 20 16 17 25 21 23 22 24 29 27 30 28 26 35 31 32 33 34  5  4  1  2  3  7  9  6  8 10
 31 33 35 32 34  3  4  5  1  2 10  6  8  7  9 14 12 15 13 11 20 16 17 18 19 25 24 21 22 23 27 29 26 28 30
  6  8 10  7  9 13 14 15 11 12 20 16 18 17 19 24 22 25 23 21 30 26 27 28 29 35 34 31 32 33  2  4  1  3  5
  1  3  5  2  4  8  9 10  6  7 15 11 13 12 14 19 17 20 18 16 25 21 22 23 24 30 29 26 27 28 32 34 31 33 35
 17 19 16 18 20 24 25 21 22 23 26 27 29 28 30 35 33 31 34 32  1  2  3  4  5  6 10  7  8  9 13 15 12 14 11
  7  9  6  8 10 14 15 11 12 13 16 17 19 18 20 25 23 21 24 22 26 27 28 29 30 31 35 32 33 34  3  5  2  4  1
 22 24 21 23 25 29 30 26 27 28 31 32 34 33 35  5  3  1  4  2  6  7  8  9 10 11 15 12 13 14 18 20 17 19 16
 32 34 31 33 35  4  5  1  2  3  6  7  9  8 10 15 13 11 14 12 16 17 18 19 20 21 25 22 23 24 28 30 27 29 26
  2  4  1  3  5  9 10  6  7  8 11 12 14 13 15 20 18 16 19 17 21 22 23 24 25 26 30 27 28 29 33 35 32 34 31
 27 29 26 28 30 34 35 31 32 33  1  2  4  3  5 10  8  6  9  7 11 12 13 14 15 16 20 17 18 19 23 25 22 24 21
 12 14 11 13 15 19 20 16 17 18 21 22 24 23 25 30 28 26 29 27 31 32 33 34 35  1  5  2  3  4  8 10  7  9  6
 23 25 22 24 21 30 26 27 28 29 32 33 35 34 31  1  4  2  5  3  7  8  9 10  6 12 11 13 14 15 19 16 18 20 17
 33 35 32 34 31  5  1  2  3  4  7  8 10  9  6 11 14 12 15 13 17 18 19 20 16 22 21 23 24 25 29 26 28 30 27
 18 20 17 19 16 25 21 22 23 24 27 28 30 29 26 31 34 32 35 33  2  3  4  5  1  7  6  8  9 10 14 11 13 15 12
  8 10  7  9  6 15 11 12 13 14 17 18 20 19 16 21 24 22 25 23 27 28 29 30 26 32 31 33 34 35  4  1  3  5  2
  3  5  2  4  1 10  6  7  8  9 12 13 15 14 11 16 19 17 20 18 22 23 24 25 21 27 26 28 29 30 34 31 33 35 32
 28 30 27 29 26 35 31 32 33 34  2  3  5  4  1  6  9  7 10  8 12 13 14 15 11 17 16 18 19 20 24 21 23 25 22
 13 15 12 14 11 20 16 17 18 19 22 23 25 24 21 26 29 27 30 28 32 33 34 35 31  2  1  3  4  5  9  6  8 10  7
 34 31 33 35 32  1  2  3  4  5  8  9  6 10  7 12 15 13 11 14 18 19 20 16 17 23 22 24 25 21 30 27 29 26 28
 24 21 23 25 22 26 27 28 29 30 33 34 31 35 32  2  5  3  1  4  8  9 10  6  7 13 12 14 15 11 20 17 19 16 18
  4  1  3  5  2  6  7  8  9 10 13 14 11 15 12 17 20 18 16 19 23 24 25 21 22 28 27 29 30 26 35 32 34 31 33
 14 11 13 15 12 16 17 18 19 20 23 24 21 25 22 27 30 28 26 29 33 34 35 31 32  3  2  4  5  1 10  7  9  6  8
 29 26 28 30 27 31 32 33 34 35  3  4  1  5  2  7 10  8  6  9 13 14 15 11 12 18 17 19 20 16 25 22 24 21 23
  9  6  8 10  7 11 12 13 14 15 18 19 16 20 17 22 25 23 21 24 28 29 30 26 27 33 32 34 35 31  5  2  4  1  3
 19 16 18 20 17 21 22 23 24 25 28 29 26 30 27 32 35 33 31 34  3  4  5  1  2  8  7  9 10  6 15 12 14 11 13
 30 27 29 26 28 32 33 34 35 31  4  5  2  1  3  8  6  9  7 10 14 15 11 12 13 19 18 20 16 17 21 23 25 22 24
  5  2  4  1  3  7  8  9 10  6 14 15 12 11 13 18 16 19 17 20 24 25 21 22 23 29 28 30 26 27 31 33 35 32 34
 15 12 14 11 13 17 18 19 20 16 24 25 22 21 23 28 26 29 27 30 34 35 31 32 33  4  3  5  1  2  6  8 10  7  9
 25 22 24 21 23 27 28 29 30 26 34 35 32 31 33  3  1  4  2  5  9 10  6  7  8 14 13 15 11 12 16 18 20 17 19
 10  7  9  6  8 12 13 14 15 11 19 20 17 16 18 23 21 24 22 25 29 30 26 27 28 34 33 35 31 32  1  3  5  2  4
 20 17 19 16 18 22 23 24 25 21 29 30 27 26 28 33 31 34 32 35  4  5  1  2  3  9  8 10  6  7 11 13 15 12 14
 35 32 34 31 33  2  3  4  5  1  9 10  7  6  8 13 11 14 12 15 19 20 16 17 18 24 23 25 21 22 26 28 30 27 29
