 34 35 32 33 31  3  1  5  4  2  9  7 10  8  6 15 13 14 11 12 16 19 18 20 17 24 25 21 22 23 26 28 27 29 30
  4  5  2  3  1  8  6 10  9  7 14 12 15 13 11 20 18 19 16 17 21 24 23 25 22 29 30 26 27 28 31 33 32 34 35
 19 20 17 18 16 23 21 25 24 22 29 27 30 28 26 35 33 34 31 32  1  4  3  5  2  9 10  6  7  8 11 13 12 14 15
 14 15 12 13 11 18 16 20 19 17 24 22 25 23 21 30 28 29 26 27 31 34 33 35 32  4  5  1  2  3  6  8  7  9 10
 29 30 27 28 26 33 31 35 34 32  4  2  5  3  1 10  8  9  6  7 11 14 13 15 12 19 20 16 17 18 21 23 22 24 25
 24 25 22 23 21 28 26 30 29 27 34 32 35 33 31  5  3  4  1  2  6  9  8 10  7 14 15 11 12 13 16 18 17 19 20
  9 10  7  8  6 13 11 15 14 12 19 17 20 18 16 25 23 24 21 22 26 29 28 30 27 34 35 31 32 33  1  3  2  4  5
 25 21 23 24 22 29 27 26 30 28 35 33 31 34 32  1  4  5  2  3  7 10  9  6  8 15 11 12 13 14 17 19 18 20 16
 10  6  8  9  7 14 12 11 15 13 20 18 16 19 17 21 24 25 22 23 27 30 29 26 28 35 31 32 33 34  2  4  3  5  1
 20 16 18 19 17 24 22 21 25 23 30 28 26 29 27 31 34 35 32 33  2  5  4  1  3 10  6  7  8  9 12 14 13 15 11
 15 11 13 14 12 19 17 16 20 18 25 23 21 24 22 26 29 30 27 28 32 35 34 31 33  5  1  2  3  4  7  9  8 10  6
  5  1  3  4  2  9  7  6 10  8 15 13 11 14 12 16 19 20 17 18 22 25 24 21 23 30 26 27 28 29 32 34 33 35 31
 35 31 33 34 32  4  2  1  5  3 10  8  6  9  7 11 14 15 12 13 17 20 19 16 18 25 21 22 23 24 27 29 28 30 26
 30 26 28 29 27 34 32 31 35 33  5  3  1  4  2  6  9 10  7  8 12 15 14 11 13 20 16 17 18 19 22 24 23 25 21
 26 27 29 30 28 35 33 32 31 34  1  4  2  5  3  7 10  6  8  9 13 11 15 12 14 16 17 18 19 20 23 25 24 21 22
  1  2  4  5  3 10  8  7  6  9 11 14 12 15 13 17 20 16 18 19 23 21 25 22 24 26 27 28 29 30 33 35 34 31 32
 16 17 19 20 18 25 23 22 21 24 26 29 27 30 28 32 35 31 33 34  3  1  5  2  4  6  7  8  9 10 13 15 14 11 12
 11 12 14 15 13 20 18 17 16 19 21 24 22 25 23 27 30 26 28 29 33 31 35 32 34  1  2  3  4  5  8 10  9  6  7
 21 22 24 25 23 30 28 27 26 29 31 34 32 35 33  2  5  1  3  4  8  6 10  7  9 11 12 13 14 15 18 20 19 16 17
  6  7  9 10  8 15 13 12 11 14 16 19 17 20 18 22 25 21 23 24 28 26 30 27 29 31 32 33 34 35  3  5  4  1  2
 31 32 34 35 33  5  3  2  1  4  6  9  7 10  8 12 15 11 13 14 18 16 20 17 19 21 22 23 24 25 28 30 29 26 27
 12 13 15 11 14 16 19 18 17 20 22 25 23 21 24 28 26 27 29 30 34 32 31 33 35  2  3  4  5  1  9  6 10  7  8
  7  8 10  6  9 11 14 13 12 15 17 20 18 16 19 23 21 22 24 25 29 27 26 28 30 32 33 34 35 31  4  1  5  2  3
 22 23 25 21 24 26 29 28 27 30 32 35 33 31 34  3  1  2  4  5  9  7  6  8 10 12 13 14 15 11 19 16 20 17 18
 17 18 20 16 19 21 24 23 22 25 27 30 28 26 29 33 31 32 34 35  4  2  1  3  5  7  8  9 10  6 14 11 15 12 13
 27 28 30 26 29 31 34 33 32 35  2  5  3  1  4  8  6  7  9 10 14 12 11 13 15 17 18 19 20 16 24 21 25 22 23
  2  3  5  1  4  6  9  8  7 10 12 15 13 11 14 18 16 17 19 20 24 22 21 23 25 27 28 29 30 26 34 31 35 32 33
 32 33 35 31 34  1  4  3  2  5  7 10  8  6  9 13 11 12 14 15 19 17 16 18 20 22 23 24 25 21 29 26 30 27 28
  3  4  1  2  5  7 10  9  8  6 13 11 14 12 15 19 17 18 20 16 25 23 22 24 21 28 29 30 26 27 35 32 31 33 34
 28 29 26 27 30 32 35 34 33 31  3  1  4  2  5  9  7  8 10  6 15 13 12 14 11 18 19 20 16 17 25 22 21 23 24
  8  9  6  7 10 12 15 14 13 11 18 16 19 17 20 24 22 23 25 21 30 28 27 29 26 33 34 35 31 32  5  2  1  3  4
 13 14 11 12 15 17 20 19 18 16 23 21 24 22 25 29 27 28 30 26 35 33 32 34 31  3  4  5  1  2 10  7  6  8  9
 23 24 21 22 25 27 30 29 28 26 33 31 34 32 35  4  2  3  5  1 10  8  7  9  6 13 14 15 11 12 20 17 16 18 19
 33 34 31 32 35  2  5  4  3  1  8  6  9  7 10 14 12 13 15 11 20 18 17 19 16 23 24 25 21 22 30 27 26 28 29
 18 19 16 17 20 22 25 24 23 21 28 26 29 27 30 34 32 33 35 31  5  3  2  4  1  8  9 10  6  7 15 12 11 13 14
