 32 33 35 34 31  1  3  5  4  2  6  9  8  7 10 12 11 15 13 14 16 19 18 17 20 25 23 22 21 24 26 27 28 29 30
  2  3  5  4  1  6  8 10  9  7 11 14 13 12 15 17 16 20 18 19 21 24 23 22 25 30 28 27 26 29 31 32 33 34 35
 17 18 20 19 16 21 23 25 24 22 26 29 28 27 30 32 31 35 33 34  1  4  3  2  5 10  8  7  6  9 11 12 13 14 15
 27 28 30 29 26 31 33 35 34 32  1  4  3  2  5  7  6 10  8  9 11 14 13 12 15 20 18 17 16 19 21 22 23 24 25
 22 23 25 24 21 26 28 30 29 27 31 34 33 32 35  2  1  5  3  4  6  9  8  7 10 15 13 12 11 14 16 17 18 19 20
 12 13 15 14 11 16 18 20 19 17 21 24 23 22 25 27 26 30 28 29 31 34 33 32 35  5  3  2  1  4  6  7  8  9 10
  7  8 10  9  6 11 13 15 14 12 16 19 18 17 20 22 21 25 23 24 26 29 28 27 30 35 33 32 31 34  1  2  3  4  5
 18 19 16 20 17 22 24 21 25 23 27 30 29 28 26 33 32 31 34 35  2  5  4  3  1  6  9  8  7 10 12 13 14 15 11
 13 14 11 15 12 17 19 16 20 18 22 25 24 23 21 28 27 26 29 30 32 35 34 33 31  1  4  3  2  5  7  8  9 10  6
 28 29 26 30 27 32 34 31 35 33  2  5  4  3  1  8  7  6  9 10 12 15 14 13 11 16 19 18 17 20 22 23 24 25 21
 33 34 31 35 32  2  4  1  5  3  7 10  9  8  6 13 12 11 14 15 17 20 19 18 16 21 24 23 22 25 27 28 29 30 26
  8  9  6 10  7 12 14 11 15 13 17 20 19 18 16 23 22 21 24 25 27 30 29 28 26 31 34 33 32 35  2  3  4  5  1
  3  4  1  5  2  7  9  6 10  8 12 15 14 13 11 18 17 16 19 20 22 25 24 23 21 26 29 28 27 30 32 33 34 35 31
 23 24 21 25 22 27 29 26 30 28 32 35 34 33 31  3  2  1  4  5  7 10  9  8  6 11 14 13 12 15 17 18 19 20 16
 14 15 12 11 13 18 20 17 16 19 23 21 25 24 22 29 28 27 30 26 33 31 35 34 32  2  5  4  3  1  8  9 10  6  7
 34 35 32 31 33  3  5  2  1  4  8  6 10  9  7 14 13 12 15 11 18 16 20 19 17 22 25 24 23 21 28 29 30 26 27
 24 25 22 21 23 28 30 27 26 29 33 31 35 34 32  4  3  2  5  1  8  6 10  9  7 12 15 14 13 11 18 19 20 16 17
 19 20 17 16 18 23 25 22 21 24 28 26 30 29 27 34 33 32 35 31  3  1  5  4  2  7 10  9  8  6 13 14 15 11 12
  9 10  7  6  8 13 15 12 11 14 18 16 20 19 17 24 23 22 25 21 28 26 30 29 27 32 35 34 33 31  3  4  5  1  2
  4  5  2  1  3  8 10  7  6  9 13 11 15 14 12 19 18 17 20 16 23 21 25 24 22 27 30 29 28 26 33 34 35 31 32
 29 30 27 26 28 33 35 32 31 34  3  1  5  4  2  9  8  7 10  6 13 11 15 14 12 17 20 19 18 16 23 24 25 21 22
 30 26 28 27 29 34 31 33 32 35  4  2  1  5  3 10  9  8  6  7 14 12 11 15 13 18 16 20 19 17 24 25 21 22 23
 15 11 13 12 14 19 16 18 17 20 24 22 21 25 23 30 29 28 26 27 34 32 31 35 33  3  1  5  4  2  9 10  6  7  8
  5  1  3  2  4  9  6  8  7 10 14 12 11 15 13 20 19 18 16 17 24 22 21 25 23 28 26 30 29 27 34 35 31 32 33
 35 31 33 32 34  4  1  3  2  5  9  7  6 10  8 15 14 13 11 12 19 17 16 20 18 23 21 25 24 22 29 30 26 27 28
 20 16 18 17 19 24 21 23 22 25 29 27 26 30 28 35 34 33 31 32  4  2  1  5  3  8  6 10  9  7 14 15 11 12 13
 25 21 23 22 24 29 26 28 27 30 34 32 31 35 33  5  4  3  1  2  9  7  6 10  8 13 11 15 14 12 19 20 16 17 18
 10  6  8  7  9 14 11 13 12 15 19 17 16 20 18 25 24 23 21 22 29 27 26 30 28 33 31 35 34 32  4  5  1  2  3
 21 22 24 23 25 30 27 29 28 26 35 33 32 31 34  1  5  4  2  3 10  8  7  6  9 14 12 11 15 13 20 16 17 18 19
 26 27 29 28 30 35 32 34 33 31  5  3  2  1  4  6 10  9  7  8 15 13 12 11 14 19 17 16 20 18 25 21 22 23 24
  6  7  9  8 10 15 12 14 13 11 20 18 17 16 19 21 25 24 22 23 30 28 27 26 29 34 32 31 35 33  5  1  2  3  4
 11 12 14 13 15 20 17 19 18 16 25 23 22 21 24 26 30 29 27 28 35 33 32 31 34  4  2  1  5  3 10  6  7  8  9
  1  2  4  3  5 10  7  9  8  6 15 13 12 11 14 16 20 19 17 18 25 23 22 21 24 29 27 26 30 28 35 31 32 33 34
 16 17 19 18 20 25 22 24 23 21 30 28 27 26 29 31 35 34 32 33  5  3  2  1  4  9  7  6 10  8 15 11 12 13 14
 31 32 34 33 35  5  2  4  3  1 10  8  7  6  9 11 15 14 12 13 20 18 17 16 19 24 22 21 25 23 30 26 27 28 29
