  9  7  8 10  6 14 15 12 11 13 20 18 17 16 19 25 24 21 23 22 29 28 30 27 26 32 31 35 34 33  5  1  2  3  4
 29 27 28 30 26 34 35 32 31 33  5  3  2  1  4 10  9  6  8  7 14 13 15 12 11 17 16 20 19 18 25 21 22 23 24
  4  2  3  5  1  9 10  7  6  8 15 13 12 11 14 20 19 16 18 17 24 23 25 22 21 27 26 30 29 28 35 31 32 33 34
 14 12 13 15 11 19 20 17 16 18 25 23 22 21 24 30 29 26 28 27 34 33 35 32 31  2  1  5  4  3 10  6  7  8  9
 34 32 33 35 31  4  5  2  1  3 10  8  7  6  9 15 14 11 13 12 19 18 20 17 16 22 21 25 24 23 30 26 27 28 29
 19 17 18 20 16 24 25 22 21 23 30 28 27 26 29 35 34 31 33 32  4  3  5  2  1  7  6 10  9  8 15 11 12 13 14
 24 22 23 25 21 29 30 27 26 28 35 33 32 31 34  5  4  1  3  2  9  8 10  7  6 12 11 15 14 13 20 16 17 18 19
 20 18 19 16 17 25 21 23 22 24 26 29 28 27 30 31 35 32 34 33  5  4  1  3  2  8  7  6 10  9 11 12 13 14 15
 15 13 14 11 12 20 16 18 17 19 21 24 23 22 25 26 30 27 29 28 35 34 31 33 32  3  2  1  5  4  6  7  8  9 10
 35 33 34 31 32  5  1  3  2  4  6  9  8  7 10 11 15 12 14 13 20 19 16 18 17 23 22 21 25 24 26 27 28 29 30
 10  8  9  6  7 15 11 13 12 14 16 19 18 17 20 21 25 22 24 23 30 29 26 28 27 33 32 31 35 34  1  2  3  4  5
 25 23 24 21 22 30 26 28 27 29 31 34 33 32 35  1  5  2  4  3 10  9  6  8  7 13 12 11 15 14 16 17 18 19 20
 30 28 29 26 27 35 31 33 32 34  1  4  3  2  5  6 10  7  9  8 15 14 11 13 12 18 17 16 20 19 21 22 23 24 25
  5  3  4  1  2 10  6  8  7  9 11 14 13 12 15 16 20 17 19 18 25 24 21 23 22 28 27 26 30 29 31 32 33 34 35
 31 34 35 32 33  1  2  4  3  5  7 10  9  8  6 12 11 13 15 14 16 20 17 19 18 24 23 22 21 25 27 28 29 30 26
  1  4  5  2  3  6  7  9  8 10 12 15 14 13 11 17 16 18 20 19 21 25 22 24 23 29 28 27 26 30 32 33 34 35 31
 11 14 15 12 13 16 17 19 18 20 22 25 24 23 21 27 26 28 30 29 31 35 32 34 33  4  3  2  1  5  7  8  9 10  6
 26 29 30 27 28 31 32 34 33 35  2  5  4  3  1  7  6  8 10  9 11 15 12 14 13 19 18 17 16 20 22 23 24 25 21
 21 24 25 22 23 26 27 29 28 30 32 35 34 33 31  2  1  3  5  4  6 10  7  9  8 14 13 12 11 15 17 18 19 20 16
  6  9 10  7  8 11 12 14 13 15 17 20 19 18 16 22 21 23 25 24 26 30 27 29 28 34 33 32 31 35  2  3  4  5  1
 16 19 20 17 18 21 22 24 23 25 27 30 29 28 26 32 31 33 35 34  1  5  2  4  3  9  8  7  6 10 12 13 14 15 11
 27 30 26 28 29 32 33 35 34 31  3  1  5  4  2  8  7  9  6 10 12 11 13 15 14 20 19 18 17 16 23 24 25 21 22
 17 20 16 18 19 22 23 25 24 21 28 26 30 29 27 33 32 34 31 35  2  1  3  5  4 10  9  8  7  6 13 14 15 11 12
 22 25 21 23 24 27 28 30 29 26 33 31 35 34 32  3  2  4  1  5  7  6  8 10  9 15 14 13 12 11 18 19 20 16 17
  2  5  1  3  4  7  8 10  9  6 13 11 15 14 12 18 17 19 16 20 22 21 23 25 24 30 29 28 27 26 33 34 35 31 32
  7 10  6  8  9 12 13 15 14 11 18 16 20 19 17 23 22 24 21 25 27 26 28 30 29 35 34 33 32 31  3  4  5  1  2
 12 15 11 13 14 17 18 20 19 16 23 21 25 24 22 28 27 29 26 30 32 31 33 35 34  5  4  3  2  1  8  9 10  6  7
 32 35 31 33 34  2  3  5  4  1  8  6 10  9  7 13 12 14 11 15 17 16 18 20 19 25 24 23 22 21 28 29 30 26 27
  3  1  2  4  5  8  9  6 10  7 14 12 11 15 13 19 18 20 17 16 23 22 24 21 25 26 30 29 28 27 34 35 31 32 33
 13 11 12 14 15 18 19 16 20 17 24 22 21 25 23 29 28 30 27 26 33 32 34 31 35  1  5  4  3  2  9 10  6  7  8
 18 16 17 19 20 23 24 21 25 22 29 27 26 30 28 34 33 35 32 31  3  2  4  1  5  6 10  9  8  7 14 15 11 12 13
  8  6  7  9 10 13 14 11 15 12 19 17 16 20 18 24 23 25 22 21 28 27 29 26 30 31 35 34 33 32  4  5  1  2  3
 23 21 22 24 25 28 29 26 30 27 34 32 31 35 33  4  3  5  2  1  8  7  9  6 10 11 15 14 13 12 19 20 16 17 18
 28 26 27 29 30 33 34 31 35 32  4  2  1  5  3  9  8 10  7  6 13 12 14 11 15 16 20 19 18 17 24 25 21 22 23
 33 31 32 34 35  3  4  1  5  2  9  7  6 10  8 14 13 15 12 11 18 17 19 16 20 21 25 24 23 22 29 30 26 27 28
