-----------------------------------------------------
| 10 11  9  |  4  5  2  |  3  6  1  |  7 12  8  |
|  4  2  1  |  6 11  9  |  8  7 12  |  3  5 10  |
|  8  6 12  | 10  3  7  |  5  4  2  |  9 11  1  |
|  5  7  3  |  8 12  1  | 10  9 11  |  2  4  6  |
-----------------------------------------------------
|  6  1  7  | 12  8 11  |  9  5 10  |  4  3  2  |
|  9  5 10  |  2  4  3  |  1 11  7  |  8  6 12  |
| 12  3 11  |  7  9  6  |  4  2  8  |  1 10  5  |
|  2  8  4  |  1 10  5  |  6 12  3  | 11  7  9  |
-----------------------------------------------------
| 11  9  5  |  3  2 10  | 12  1  4  |  6  8  7  |
|  1 10  6  |  5  7  4  | 11  8  9  | 12  2  3  |
|  7  4  8  |  9  6 12  |  2  3  5  | 10  1 11  |
|  3 12  2  | 11  1  8  |  7 10  6  |  5  9  4  |
-----------------------------------------------------
