-----------------------------------------------------
| 12  4  1  |  9  2  5  | 10 11  3  |  6  7  8  |
|  8 11  7  |  6  1 12  |  9  5  2  | 10  4  3  |
|  5  2  3  |  8 11 10  |  6  7  4  |  9 12  1  |
| 10  9  6  |  3  7  4  |  1  8 12  |  5 11  2  |
-----------------------------------------------------
|  1  6  8  | 10  9 11  | 12  4  7  |  2  3  5  |
| 11 12  5  |  1  6  7  |  3  2 10  |  4  8  9  |
|  9 10  2  | 12  4  3  |  5  6  8  |  7  1 11  |
|  7  3  4  |  2  5  8  | 11  9  1  | 12  6 10  |
-----------------------------------------------------
|  2  8  9  |  5 12  1  |  4  3  6  | 11 10  7  |
|  3  1 11  |  7 10  6  |  2 12  5  |  8  9  4  |
|  4  7 12  | 11  3  2  |  8 10  9  |  1  5  6  |
|  6  5 10  |  4  8  9  |  7  1 11  |  3  2 12  |
-----------------------------------------------------
