-----------------------------------------------------
|  1  4  5  | 12  2  9  | 10 11  3  |  7  8  6  |
|  2 11  3  |  1 10  4  |  8  7  6  |  9  5 12  |
|  9  7  8  | 11  6  3  |  1  5 12  | 10  4  2  |
| 10  6 12  |  5  7  8  |  4  2  9  |  1 11  3  |
-----------------------------------------------------
|  7  8  2  |  9 11 10  |  3  1  4  |  6 12  5  |
| 12  9 11  |  7  5  1  |  6 10  8  |  3  2  4  |
|  5  3  1  |  8  4  6  |  7 12  2  | 11 10  9  |
|  4 10  6  |  3 12  2  | 11  9  5  |  8  7  1  |
-----------------------------------------------------
| 11  2  9  |  4  8  7  | 12  3  1  |  5  6 10  |
|  8  5  7  |  6  1 12  |  9  4 10  |  2  3 11  |
|  6  1  4  | 10  3  5  |  2  8 11  | 12  9  7  |
|  3 12 10  |  2  9 11  |  5  6  7  |  4  1  8  |
-----------------------------------------------------
