-----------------------------------------------------
|  9  4  1  |  7  2  5  |  3 12  6  |  8 10 11  |
|  8 11 10  |  4  6  9  |  7  2  1  | 12  5  3  |
|  3  6  5  | 10 11 12  |  9  4  8  |  2  7  1  |
|  7 12  2  |  1  3  8  |  5 11 10  |  6  4  9  |
-----------------------------------------------------
|  2  8 12  |  3  1  4  |  6  9  5  | 10 11  7  |
|  5  9  3  | 11  7 10  |  1  8 12  |  4  6  2  |
|  4  1  6  |  8  9  2  | 10  7 11  |  3 12  5  |
| 11 10  7  | 12  5  6  |  4  3  2  |  1  9  8  |
-----------------------------------------------------
|  6  3  9  |  2 12  1  | 11  5  4  |  7  8 10  |
| 10  2  8  |  9  4 11  | 12  1  7  |  5  3  6  |
|  1  7  4  |  5 10  3  |  8  6  9  | 11  2 12  |
| 12  5 11  |  6  8  7  |  2 10  3  |  9  1  4  |
-----------------------------------------------------
