-----------------------------------------------------
|  6  7 11  |  5  2  4  | 12 10  3  |  9  8  1  |
|  3  9  1  |  7  6 10  |  2 11  8  | 12  5  4  |
|  2 10  5  | 11  8 12  |  4  9  1  |  3  6  7  |
|  8  4 12  |  1  3  9  |  6  5  7  | 11 10  2  |
-----------------------------------------------------
|  5  2  9  | 12  1  6  |  7  4 11  |  8  3 10  |
|  1 12  7  | 10  4  8  |  3  6  2  |  5 11  9  |
| 10  6  4  |  2 11  3  |  9  8  5  |  7  1 12  |
| 11  8  3  |  9  5  7  | 10  1 12  |  2  4  6  |
-----------------------------------------------------
|  7 11  2  |  4 12  1  |  8  3 10  |  6  9  5  |
|  4  5 10  |  8  9  2  | 11 12  6  |  1  7  3  |
| 12  1  6  |  3 10 11  |  5  7  9  |  4  2  8  |
|  9  3  8  |  6  7  5  |  1  2  4  | 10 12 11  |
-----------------------------------------------------
