-----------------------------------------------------
|  8  7 11  | 12  2  3  |  5  4  6  |  9  1 10  |
|  2  4  5  |  8 10  6  |  3  1  9  | 12  7 11  |
|  9 12  6  |  4  7  1  |  8 10 11  |  5  3  2  |
|  1  3 10  |  9  5 11  |  2  7 12  |  8  6  4  |
-----------------------------------------------------
|  7  9  4  | 11 12  5  |  6  2  1  |  3 10  8  |
| 12  6  3  |  7  4  2  | 10  8  5  |  1 11  9  |
| 11  1  8  |  6  9 10  |  4 12  3  |  2  5  7  |
| 10  5  2  |  3  1  8  | 11  9  7  |  4 12  6  |
-----------------------------------------------------
|  6 11  7  |  1  8  4  | 12  5  2  | 10  9  3  |
|  5 10 12  |  2 11  7  |  9  3  8  |  6  4  1  |
|  3  8  9  | 10  6 12  |  1 11  4  |  7  2  5  |
|  4  2  1  |  5  3  9  |  7  6 10  | 11  8 12  |
-----------------------------------------------------
