-----------------------------------------------------
|  4  8  3  |  9 12  1  | 10  6 11  |  7  2  5  |
| 12  5  6  |  4  3  8  |  9  2  7  | 10 11  1  |
| 11  9  2  |  5 10  7  |  3  1  8  |  6  4 12  |
|  1  7 10  |  2 11  6  | 12  4  5  |  9  3  8  |
-----------------------------------------------------
|  9  6 11  |  7  4 12  |  8  5  1  |  2 10  3  |
|  8 12  4  | 10  5 11  |  6  3  2  |  1  7  9  |
|  3  1  7  |  6  2  9  |  4 12 10  |  5  8 11  |
|  2 10  5  |  1  8  3  |  7 11  9  | 12  6  4  |
-----------------------------------------------------
|  6 11  8  |  3  7  5  |  2  9 12  |  4  1 10  |
|  5  3  1  | 12  6  2  | 11 10  4  |  8  9  7  |
|  7  4 12  | 11  9 10  |  1  8  6  |  3  5  2  |
| 10  2  9  |  8  1  4  |  5  7  3  | 11 12  6  |
-----------------------------------------------------
