-----------------------------------------------------
|  3  9 10  |  2  5  8  |  6 12 11  |  1  7  4  |
|  8  7  4  | 10 11  9  |  1  5  3  | 12  2  6  |
|  2  1  5  |  4 12  6  |  8 10  7  | 11  3  9  |
| 11  6 12  |  1  3  7  |  9  2  4  |  5 10  8  |
-----------------------------------------------------
|  1 11  9  |  8  2 10  |  3  7 12  |  4  6  5  |
| 10  5  2  | 11  6 12  |  4  9  8  |  7  1  3  |
|  4 12  8  |  5  7  3  |  2  6  1  |  9 11 10  |
|  6  3  7  |  9  1  4  |  5 11 10  |  8 12  2  |
-----------------------------------------------------
|  7  2 11  | 12  4  5  | 10  3  9  |  6  8  1  |
|  9  8  1  |  7 10  2  | 12  4  6  |  3  5 11  |
|  5  4  3  |  6  8 11  |  7  1  2  | 10  9 12  |
| 12 10  6  |  3  9  1  | 11  8  5  |  2  4  7  |
-----------------------------------------------------
