-----------------------------------------------------
|  9  5 10  | 11  7  6  |  3  8  4  | 12  1  2  |
|  6  3  4  |  2 10  8  |  7 12  1  |  9 11  5  |
|  8  1  2  |  3  5 12  | 10 11  9  |  4  7  6  |
| 11 12  7  |  9  4  1  |  2  5  6  | 10  8  3  |
-----------------------------------------------------
|  5  6  1  |  7  9 10  |  4  2 12  |  8  3 11  |
|  7 11  8  |  1  6  3  |  5  9 10  |  2  4 12  |
|  3  4 12  |  5 11  2  |  1  6  8  |  7 10  9  |
| 10  2  9  | 12  8  4  | 11  3  7  |  5  6  1  |
-----------------------------------------------------
|  2  8  5  |  6  3  7  |  9 10 11  |  1 12  4  |
|  1  9  3  | 10 12 11  |  8  4  5  |  6  2  7  |
|  4  7  6  |  8  2  9  | 12  1  3  | 11  5 10  |
| 12 10 11  |  4  1  5  |  6  7  2  |  3  9  8  |
-----------------------------------------------------
