-----------------------------------------------------
|  8 11  3  |  9  5 10  |  7  6  4  |  1  2 12  |
|  6  1  7  | 11  4 12  |  9 10  2  |  3  5  8  |
|  2  5  4  |  8  3  7  | 12 11  1  | 10  6  9  |
| 10 12  9  |  1  6  2  |  8  3  5  | 11  7  4  |
-----------------------------------------------------
| 11 10  6  |  4  9  1  |  2  7  8  | 12  3  5  |
|  7  8 12  | 10 11  5  |  3  9  6  |  2  4  1  |
|  9  3  5  |  7  2  6  |  1  4 12  |  8 11 10  |
|  1  4  2  |  3 12  8  | 11  5 10  |  7  9  6  |
-----------------------------------------------------
| 12  6  1  |  2  7 11  |  5  8  9  |  4 10  3  |
|  4  2 10  |  5  1  3  |  6 12 11  |  9  8  7  |
|  3  9 11  |  6  8  4  | 10  1  7  |  5 12  2  |
|  5  7  8  | 12 10  9  |  4  2  3  |  6  1 11  |
-----------------------------------------------------
