-----------------------------------------------------
|  1  7 12  |  2  5  6  |  8  3 11  |  9  4 10  |
|  8  5  3  | 11 10  1  |  6  4  9  | 12  7  2  |
| 10 11  4  |  9  3  8  |  2  7 12  |  6  5  1  |
|  9  6  2  |  4 12  7  |  1  5 10  | 11  3  8  |
-----------------------------------------------------
| 11  4  5  |  6  2 10  | 12  8  7  |  1  9  3  |
|  6  1  9  |  8  4 12  | 10  2  3  |  7 11  5  |
| 12  8 10  |  5  7  3  |  9 11  1  |  2  6  4  |
|  2  3  7  |  1 11  9  |  5  6  4  | 10  8 12  |
-----------------------------------------------------
|  7 12  8  | 10  9 11  |  4  1  5  |  3  2  6  |
|  4 10  1  |  7  6  2  |  3  9  8  |  5 12 11  |
|  3  2 11  | 12  8  5  |  7 10  6  |  4  1  9  |
|  5  9  6  |  3  1  4  | 11 12  2  |  8 10  7  |
-----------------------------------------------------
