 54 51 52 53 56 55 50 60 62 57 58 59 63 61 69 65 67 64 66 68 70  3  6  4  2  5  1  7 13 14  8 10 11  9 12 20 18 19 15 17 16 21 27 28 22 24 25 26 23 35 30 33 34 32 29 31 36 37 40 38 42 39 41 43 47 49 46 48 44 45
 19 16 17 18 21 20 15 25 27 22 23 24 28 26 34 30 32 29 31 33 35 38 41 39 37 40 36 42 48 49 43 45 46 44 47 55 53 54 50 52 51 56 62 63 57 59 60 61 58 70 65 68 69 67 64 66  1  2  5  3  7  4  6  8 12 14 11 13  9 10
 33 30 31 32 35 34 29 39 41 36 37 38 42 40 48 44 46 43 45 47 49 52 55 53 51 54 50 56 62 63 57 59 60 58 61 69 67 68 64 66 65 70  6  7  1  3  4  5  2 14  9 12 13 11  8 10 15 16 19 17 21 18 20 22 26 28 25 27 23 24
 47 44 45 46 49 48 43 53 55 50 51 52 56 54 62 58 60 57 59 61 63 66 69 67 65 68 64 70  6  7  1  3  4  2  5 13 11 12  8 10  9 14 20 21 15 17 18 19 16 28 23 26 27 25 22 24 29 30 33 31 35 32 34 36 40 42 39 41 37 38
 26 23 24 25 28 27 22 32 34 29 30 31 35 33 41 37 39 36 38 40 42 45 48 46 44 47 43 49 55 56 50 52 53 51 54 62 60 61 57 59 58 63 69 70 64 66 67 68 65  7  2  5  6  4  1  3  8  9 12 10 14 11 13 15 19 21 18 20 16 17
 68 65 66 67 70 69 64  4  6  1  2  3  7  5 13  9 11  8 10 12 14 17 20 18 16 19 15 21 27 28 22 24 25 23 26 34 32 33 29 31 30 35 41 42 36 38 39 40 37 49 44 47 48 46 43 45 50 51 54 52 56 53 55 57 61 63 60 62 58 59
 61 58 59 60 63 62 57 67 69 64 65 66 70 68  6  2  4  1  3  5  7 10 13 11  9 12  8 14 20 21 15 17 18 16 19 27 25 26 22 24 23 28 34 35 29 31 32 33 30 42 37 40 41 39 36 38 43 44 47 45 49 46 48 50 54 56 53 55 51 52
 12  9 10 11 14 13  8 18 20 15 16 17 21 19 27 23 25 22 24 26 28 31 34 32 30 33 29 35 41 42 36 38 39 37 40 48 46 47 43 45 44 49 55 56 50 52 53 54 51 63 58 61 62 60 57 59 64 65 68 66 70 67 69  1  5  7  4  6  2  3
  5  2  3  4  7  6  1 11 13  8  9 10 14 12 20 16 18 15 17 19 21 24 27 25 23 26 22 28 34 35 29 31 32 30 33 41 39 40 36 38 37 42 48 49 43 45 46 47 44 56 51 54 55 53 50 52 57 58 61 59 63 60 62 64 68 70 67 69 65 66
 40 37 38 39 42 41 36 46 48 43 44 45 49 47 55 51 53 50 52 54 56 59 62 60 58 61 57 63 69 70 64 66 67 65 68  6  4  5  1  3  2  7 13 14  8 10 11 12  9 21 16 19 20 18 15 17 22 23 26 24 28 25 27 29 33 35 32 34 30 31
 41 38 39 40 36 42 37 47 49 44 45 46 43 48 56 52 54 51 53 55 50 60 63 61 59 62 58 57 70 64 65 67 68 66 69  7  5  6  2  4  3  1 14  8  9 11 12 13 10 15 17 20 21 19 16 18 23 24 27 25 22 26 28 30 34 29 33 35 31 32
 55 52 53 54 50 56 51 61 63 58 59 60 57 62 70 66 68 65 67 69 64  4  7  5  3  6  2  1 14  8  9 11 12 10 13 21 19 20 16 18 17 15 28 22 23 25 26 27 24 29 31 34 35 33 30 32 37 38 41 39 36 40 42 44 48 43 47 49 45 46
 69 66 67 68 64 70 65  5  7  2  3  4  1  6 14 10 12  9 11 13  8 18 21 19 17 20 16 15 28 22 23 25 26 24 27 35 33 34 30 32 31 29 42 36 37 39 40 41 38 43 45 48 49 47 44 46 51 52 55 53 50 54 56 58 62 57 61 63 59 60
 48 45 46 47 43 49 44 54 56 51 52 53 50 55 63 59 61 58 60 62 57 67 70 68 66 69 65 64  7  1  2  4  5  3  6 14 12 13  9 11 10  8 21 15 16 18 19 20 17 22 24 27 28 26 23 25 30 31 34 32 29 33 35 37 41 36 40 42 38 39
 27 24 25 26 22 28 23 33 35 30 31 32 29 34 42 38 40 37 39 41 36 46 49 47 45 48 44 43 56 50 51 53 54 52 55 63 61 62 58 60 59 57 70 64 65 67 68 69 66  1  3  6  7  5  2  4  9 10 13 11  8 12 14 16 20 15 19 21 17 18
 20 17 18 19 15 21 16 26 28 23 24 25 22 27 35 31 33 30 32 34 29 39 42 40 38 41 37 36 49 43 44 46 47 45 48 56 54 55 51 53 52 50 63 57 58 60 61 62 59 64 66 69 70 68 65 67  2  3  6  4  1  5  7  9 13  8 12 14 10 11
 62 59 60 61 57 63 58 68 70 65 66 67 64 69  7  3  5  2  4  6  1 11 14 12 10 13  9  8 21 15 16 18 19 17 20 28 26 27 23 25 24 22 35 29 30 32 33 34 31 36 38 41 42 40 37 39 44 45 48 46 43 47 49 51 55 50 54 56 52 53
  6  3  4  5  1  7  2 12 14  9 10 11  8 13 21 17 19 16 18 20 15 25 28 26 24 27 23 22 35 29 30 32 33 31 34 42 40 41 37 39 38 36 49 43 44 46 47 48 45 50 52 55 56 54 51 53 58 59 62 60 57 61 63 65 69 64 68 70 66 67
 13 10 11 12  8 14  9 19 21 16 17 18 15 20 28 24 26 23 25 27 22 32 35 33 31 34 30 29 42 36 37 39 40 38 41 49 47 48 44 46 45 43 56 50 51 53 54 55 52 57 59 62 63 61 58 60 65 66 69 67 64 68 70  2  6  1  5  7  3  4
 34 31 32 33 29 35 30 40 42 37 38 39 36 41 49 45 47 44 46 48 43 53 56 54 52 55 51 50 63 57 58 60 61 59 62 70 68 69 65 67 66 64  7  1  2  4  5  6  3  8 10 13 14 12  9 11 16 17 20 18 15 19 21 23 27 22 26 28 24 25
 14 11 12 13  9  8 10 20 15 17 18 19 16 21 22 25 27 24 26 28 23 33 29 34 32 35 31 30 36 37 38 40 41 39 42 43 48 49 45 47 46 44 50 51 52 54 55 56 53 58 60 63 57 62 59 61 66 67 70 68 65 69 64  3  7  2  6  1  4  5
 28 25 26 27 23 22 24 34 29 31 32 33 30 35 36 39 41 38 40 42 37 47 43 48 46 49 45 44 50 51 52 54 55 53 56 57 62 63 59 61 60 58 64 65 66 68 69 70 67  2  4  7  1  6  3  5 10 11 14 12  9 13  8 17 21 16 20 15 18 19
  7  4  5  6  2  1  3 13  8 10 11 12  9 14 15 18 20 17 19 21 16 26 22 27 25 28 24 23 29 30 31 33 34 32 35 36 41 42 38 40 39 37 43 44 45 47 48 49 46 51 53 56 50 55 52 54 59 60 63 61 58 62 57 66 70 65 69 64 67 68
 21 18 19 20 16 15 17 27 22 24 25 26 23 28 29 32 34 31 33 35 30 40 36 41 39 42 38 37 43 44 45 47 48 46 49 50 55 56 52 54 53 51 57 58 59 61 62 63 60 65 67 70 64 69 66 68  3  4  7  5  2  6  1 10 14  9 13  8 11 12
 63 60 61 62 58 57 59 69 64 66 67 68 65 70  1  4  6  3  5  7  2 12  8 13 11 14 10  9 15 16 17 19 20 18 21 22 27 28 24 26 25 23 29 30 31 33 34 35 32 37 39 42 36 41 38 40 45 46 49 47 44 48 43 52 56 51 55 50 53 54
 49 46 47 48 44 43 45 55 50 52 53 54 51 56 57 60 62 59 61 63 58 68 64 69 67 70 66 65  1  2  3  5  6  4  7  8 13 14 10 12 11  9 15 16 17 19 20 21 18 23 25 28 22 27 24 26 31 32 35 33 30 34 29 38 42 37 41 36 39 40
 56 53 54 55 51 50 52 62 57 59 60 61 58 63 64 67 69 66 68 70 65  5  1  6  4  7  3  2  8  9 10 12 13 11 14 15 20 21 17 19 18 16 22 23 24 26 27 28 25 30 32 35 29 34 31 33 38 39 42 40 37 41 36 45 49 44 48 43 46 47
 35 32 33 34 30 29 31 41 36 38 39 40 37 42 43 46 48 45 47 49 44 54 50 55 53 56 52 51 57 58 59 61 62 60 63 64 69 70 66 68 67 65  1  2  3  5  6  7  4  9 11 14  8 13 10 12 17 18 21 19 16 20 15 24 28 23 27 22 25 26
 42 39 40 41 37 36 38 48 43 45 46 47 44 49 50 53 55 52 54 56 51 61 57 62 60 63 59 58 64 65 66 68 69 67 70  1  6  7  3  5  4  2  8  9 10 12 13 14 11 16 18 21 15 20 17 19 24 25 28 26 23 27 22 31 35 30 34 29 32 33
 70 67 68 69 65 64 66  6  1  3  4  5  2  7  8 11 13 10 12 14  9 19 15 20 18 21 17 16 22 23 24 26 27 25 28 29 34 35 31 33 32 30 36 37 38 40 41 42 39 44 46 49 43 48 45 47 52 53 56 54 51 55 50 59 63 58 62 57 60 61
 57 61 62 63 59 58 60 70 65 67 68 69 66 64  2  5  7  4  6  1  3 13  9 14 12  8 11 10 16 17 18 20 21 19 15 23 28 22 25 27 26 24 30 31 32 34 35 29 33 38 40 36 37 42 39 41 46 47 43 48 45 49 44 53 50 52 56 51 54 55
 15 19 20 21 17 16 18 28 23 25 26 27 24 22 30 33 35 32 34 29 31 41 37 42 40 36 39 38 44 45 46 48 49 47 43 51 56 50 53 55 54 52 58 59 60 62 63 57 61 66 68 64 65 70 67 69  4  5  1  6  3  7  2 11  8 10 14  9 12 13
 43 47 48 49 45 44 46 56 51 53 54 55 52 50 58 61 63 60 62 57 59 69 65 70 68 64 67 66  2  3  4  6  7  5  1  9 14  8 11 13 12 10 16 17 18 20 21 15 19 24 26 22 23 28 25 27 32 33 29 34 31 35 30 39 36 38 42 37 40 41
  8 12 13 14 10  9 11 21 16 18 19 20 17 15 23 26 28 25 27 22 24 34 30 35 33 29 32 31 37 38 39 41 42 40 36 44 49 43 46 48 47 45 51 52 53 55 56 50 54 59 61 57 58 63 60 62 67 68 64 69 66 70 65  4  1  3  7  2  5  6
 64 68 69 70 66 65 67  7  2  4  5  6  3  1  9 12 14 11 13  8 10 20 16 21 19 15 18 17 23 24 25 27 28 26 22 30 35 29 32 34 33 31 37 38 39 41 42 36 40 45 47 43 44 49 46 48 53 54 50 55 52 56 51 60 57 59 63 58 61 62
 50 54 55 56 52 51 53 63 58 60 61 62 59 57 65 68 70 67 69 64 66  6  2  7  5  1  4  3  9 10 11 13 14 12  8 16 21 15 18 20 19 17 23 24 25 27 28 22 26 31 33 29 30 35 32 34 39 40 36 41 38 42 37 46 43 45 49 44 47 48
 36 40 41 42 38 37 39 49 44 46 47 48 45 43 51 54 56 53 55 50 52 62 58 63 61 57 60 59 65 66 67 69 70 68 64  2  7  1  4  6  5  3  9 10 11 13 14  8 12 17 19 15 16 21 18 20 25 26 22 27 24 28 23 32 29 31 35 30 33 34
 29 33 34 35 31 30 32 42 37 39 40 41 38 36 44 47 49 46 48 43 45 55 51 56 54 50 53 52 58 59 60 62 63 61 57 65 70 64 67 69 68 66  2  3  4  6  7  1  5 10 12  8  9 14 11 13 18 19 15 20 17 21 16 25 22 24 28 23 26 27
  1  5  6  7  3  2  4 14  9 11 12 13 10  8 16 19 21 18 20 15 17 27 23 28 26 22 25 24 30 31 32 34 35 33 29 37 42 36 39 41 40 38 44 45 46 48 49 43 47 52 54 50 51 56 53 55 60 61 57 62 59 63 58 67 64 66 70 65 68 69
 22 26 27 28 24 23 25 35 30 32 33 34 31 29 37 40 42 39 41 36 38 48 44 49 47 43 46 45 51 52 53 55 56 54 50 58 63 57 60 62 61 59 65 66 67 69 70 64 68  3  5  1  2  7  4  6 11 12  8 13 10 14  9 18 15 17 21 16 19 20
 58 62 63 57 60 59 61 64 66 68 69 70 67 65  3  6  1  5  7  2  4 14 10  8 13  9 12 11 17 18 19 21 15 20 16 24 22 23 26 28 27 25 31 32 33 35 29 30 34 39 41 37 38 36 40 42 47 48 44 49 46 43 45 54 51 53 50 52 55 56
  9 13 14  8 11 10 12 15 17 19 20 21 18 16 24 27 22 26 28 23 25 35 31 29 34 30 33 32 38 39 40 42 36 41 37 45 43 44 47 49 48 46 52 53 54 56 50 51 55 60 62 58 59 57 61 63 68 69 65 70 67 64 66  5  2  4  1  3  6  7
 16 20 21 15 18 17 19 22 24 26 27 28 25 23 31 34 29 33 35 30 32 42 38 36 41 37 40 39 45 46 47 49 43 48 44 52 50 51 54 56 55 53 59 60 61 63 57 58 62 67 69 65 66 64 68 70  5  6  2  7  4  1  3 12  9 11  8 10 13 14
 23 27 28 22 25 24 26 29 31 33 34 35 32 30 38 41 36 40 42 37 39 49 45 43 48 44 47 46 52 53 54 56 50 55 51 59 57 58 61 63 62 60 66 67 68 70 64 65 69  4  6  2  3  1  5  7 12 13  9 14 11  8 10 19 16 18 15 17 20 21
 37 41 42 36 39 38 40 43 45 47 48 49 46 44 52 55 50 54 56 51 53 63 59 57 62 58 61 60 66 67 68 70 64 69 65  3  1  2  5  7  6  4 10 11 12 14  8  9 13 18 20 16 17 15 19 21 26 27 23 28 25 22 24 33 30 32 29 31 34 35
  2  6  7  1  4  3  5  8 10 12 13 14 11  9 17 20 15 19 21 16 18 28 24 22 27 23 26 25 31 32 33 35 29 34 30 38 36 37 40 42 41 39 45 46 47 49 43 44 48 53 55 51 52 50 54 56 61 62 58 63 60 57 59 68 65 67 64 66 69 70
 44 48 49 43 46 45 47 50 52 54 55 56 53 51 59 62 57 61 63 58 60 70 66 64 69 65 68 67  3  4  5  7  1  6  2 10  8  9 12 14 13 11 17 18 19 21 15 16 20 25 27 23 24 22 26 28 33 34 30 35 32 29 31 40 37 39 36 38 41 42
 65 69 70 64 67 66 68  1  3  5  6  7  4  2 10 13  8 12 14  9 11 21 17 15 20 16 19 18 24 25 26 28 22 27 23 31 29 30 33 35 34 32 38 39 40 42 36 37 41 46 48 44 45 43 47 49 54 55 51 56 53 50 52 61 58 60 57 59 62 63
 51 55 56 50 53 52 54 57 59 61 62 63 60 58 66 69 64 68 70 65 67  7  3  1  6  2  5  4 10 11 12 14  8 13  9 17 15 16 19 21 20 18 24 25 26 28 22 23 27 32 34 30 31 29 33 35 40 41 37 42 39 36 38 47 44 46 43 45 48 49
 30 34 35 29 32 31 33 36 38 40 41 42 39 37 45 48 43 47 49 44 46 56 52 50 55 51 54 53 59 60 61 63 57 62 58 66 64 65 68 70 69 67  3  4  5  7  1  2  6 11 13  9 10  8 12 14 19 20 16 21 18 15 17 26 23 25 22 24 27 28
 17 21 15 16 19 18 20 23 25 27 28 22 26 24 32 35 30 34 29 31 33 36 39 37 42 38 41 40 46 47 48 43 44 49 45 53 51 52 55 50 56 54 60 61 62 57 58 59 63 68 70 66 67 65 69 64  6  7  3  1  5  2  4 13 10 12  9 11 14  8
 59 63 57 58 61 60 62 65 67 69 70 64 68 66  4  7  2  6  1  3  5  8 11  9 14 10 13 12 18 19 20 15 16 21 17 25 23 24 27 22 28 26 32 33 34 29 30 31 35 40 42 38 39 37 41 36 48 49 45 43 47 44 46 55 52 54 51 53 56 50
 24 28 22 23 26 25 27 30 32 34 35 29 33 31 39 42 37 41 36 38 40 43 46 44 49 45 48 47 53 54 55 50 51 56 52 60 58 59 62 57 63 61 67 68 69 64 65 66 70  5  7  3  4  2  6  1 13 14 10  8 12  9 11 20 17 19 16 18 21 15
 10 14  8  9 12 11 13 16 18 20 21 15 19 17 25 28 23 27 22 24 26 29 32 30 35 31 34 33 39 40 41 36 37 42 38 46 44 45 48 43 49 47 53 54 55 50 51 52 56 61 63 59 60 58 62 57 69 70 66 64 68 65 67  6  3  5  2  4  7  1
  3  7  1  2  5  4  6  9 11 13 14  8 12 10 18 21 16 20 15 17 19 22 25 23 28 24 27 26 32 33 34 29 30 35 31 39 37 38 41 36 42 40 46 47 48 43 44 45 49 54 56 52 53 51 55 50 62 63 59 57 61 58 60 69 66 68 65 67 70 64
 45 49 43 44 47 46 48 51 53 55 56 50 54 52 60 63 58 62 57 59 61 64 67 65 70 66 69 68  4  5  6  1  2  7  3 11  9 10 13  8 14 12 18 19 20 15 16 17 21 26 28 24 25 23 27 22 34 35 31 29 33 30 32 41 38 40 37 39 42 36
 38 42 36 37 40 39 41 44 46 48 49 43 47 45 53 56 51 55 50 52 54 57 60 58 63 59 62 61 67 68 69 64 65 70 66  4  2  3  6  1  7  5 11 12 13  8  9 10 14 19 21 17 18 16 20 15 27 28 24 22 26 23 25 34 31 33 30 32 35 29
 66 70 64 65 68 67 69  2  4  6  7  1  5  3 11 14  9 13  8 10 12 15 18 16 21 17 20 19 25 26 27 22 23 28 24 32 30 31 34 29 35 33 39 40 41 36 37 38 42 47 49 45 46 44 48 43 55 56 52 50 54 51 53 62 59 61 58 60 63 57
 31 35 29 30 33 32 34 37 39 41 42 36 40 38 46 49 44 48 43 45 47 50 53 51 56 52 55 54 60 61 62 57 58 63 59 67 65 66 69 64 70 68  4  5  6  1  2  3  7 12 14 10 11  9 13  8 20 21 17 15 19 16 18 27 24 26 23 25 28 22
 52 56 50 51 54 53 55 58 60 62 63 57 61 59 67 70 65 69 64 66 68  1  4  2  7  3  6  5 11 12 13  8  9 14 10 18 16 17 20 15 21 19 25 26 27 22 23 24 28 33 35 31 32 30 34 29 41 42 38 36 40 37 39 48 45 47 44 46 49 43
 67 64 65 66 69 68 70  3  5  7  1  2  6  4 12  8 10 14  9 11 13 16 19 17 15 18 21 20 26 27 28 23 24 22 25 33 31 32 35 30 29 34 40 41 42 37 38 39 36 48 43 46 47 45 49 44 56 50 53 51 55 52 54 63 60 62 59 61 57 58
 25 22 23 24 27 26 28 31 33 35 29 30 34 32 40 36 38 42 37 39 41 44 47 45 43 46 49 48 54 55 56 51 52 50 53 61 59 60 63 58 57 62 68 69 70 65 66 67 64  6  1  4  5  3  7  2 14  8 11  9 13 10 12 21 18 20 17 19 15 16
 18 15 16 17 20 19 21 24 26 28 22 23 27 25 33 29 31 35 30 32 34 37 40 38 36 39 42 41 47 48 49 44 45 43 46 54 52 53 56 51 50 55 61 62 63 58 59 60 57 69 64 67 68 66 70 65  7  1  4  2  6  3  5 14 11 13 10 12  8  9
 11  8  9 10 13 12 14 17 19 21 15 16 20 18 26 22 24 28 23 25 27 30 33 31 29 32 35 34 40 41 42 37 38 36 39 47 45 46 49 44 43 48 54 55 56 51 52 53 50 62 57 60 61 59 63 58 70 64 67 65 69 66 68  7  4  6  3  5  1  2
 46 43 44 45 48 47 49 52 54 56 50 51 55 53 61 57 59 63 58 60 62 65 68 66 64 67 70 69  5  6  7  2  3  1  4 12 10 11 14  9  8 13 19 20 21 16 17 18 15 27 22 25 26 24 28 23 35 29 32 30 34 31 33 42 39 41 38 40 36 37
 60 57 58 59 62 61 63 66 68 70 64 65 69 67  5  1  3  7  2  4  6  9 12 10  8 11 14 13 19 20 21 16 17 15 18 26 24 25 28 23 22 27 33 34 35 30 31 32 29 41 36 39 40 38 42 37 49 43 46 44 48 45 47 56 53 55 52 54 50 51
 39 36 37 38 41 40 42 45 47 49 43 44 48 46 54 50 52 56 51 53 55 58 61 59 57 60 63 62 68 69 70 65 66 64 67  5  3  4  7  2  1  6 12 13 14  9 10 11  8 20 15 18 19 17 21 16 28 22 25 23 27 24 26 35 32 34 31 33 29 30
 32 29 30 31 34 33 35 38 40 42 36 37 41 39 47 43 45 49 44 46 48 51 54 52 50 53 56 55 61 62 63 58 59 57 60 68 66 67 70 65 64 69  5  6  7  2  3  4  1 13  8 11 12 10 14  9 21 15 18 16 20 17 19 28 25 27 24 26 22 23
  4  1  2  3  6  5  7 10 12 14  8  9 13 11 19 15 17 21 16 18 20 23 26 24 22 25 28 27 33 34 35 30 31 29 32 40 38 39 42 37 36 41 47 48 49 44 45 46 43 55 50 53 54 52 56 51 63 57 60 58 62 59 61 70 67 69 66 68 64 65
 53 50 51 52 55 54 56 59 61 63 57 58 62 60 68 64 66 70 65 67 69  2  5  3  1  4  7  6 12 13 14  9 10  8 11 19 17 18 21 16 15 20 26 27 28 23 24 25 22 34 29 32 33 31 35 30 42 36 39 37 41 38 40 49 46 48 45 47 43 44
