 12 11  7  9 10  8 18 15 13 14 17 16 21 20 19 22 23 24 26 25 28 29 30 27 35 31 32 34 36 33  3  5  2  6  4  1
  6  5  1  3  4  2 12  9  7  8 11 10 15 14 13 16 17 18 20 19 22 23 24 21 29 25 26 28 30 27 33 35 32 36 34 31
 24 23 19 21 22 20 30 27 25 26 29 28 33 32 31 34 35 36  2  1  4  5  6  3 11  7  8 10 12  9 15 17 14 18 16 13
 18 17 13 15 16 14 24 21 19 20 23 22 27 26 25 28 29 30 32 31 34 35 36 33  5  1  2  4  6  3  9 11  8 12 10  7
 36 35 31 33 34 32  6  3  1  2  5  4  9  8  7 10 11 12 14 13 16 17 18 15 23 19 20 22 24 21 27 29 26 30 28 25
 30 29 25 27 28 26 36 33 31 32 35 34  3  2  1  4  5  6  8  7 10 11 12  9 17 13 14 16 18 15 21 23 20 24 22 19
 25 30 26 28 29 27 31 34 32 33 36 35  4  3  2  5  6  1  9  8 11 12  7 10 18 14 15 17 13 16 22 24 21 19 23 20
 13 18 14 16 17 15 19 22 20 21 24 23 28 27 26 29 30 25 33 32 35 36 31 34  6  2  3  5  1  4 10 12  9  7 11  8
 31 36 32 34 35 33  1  4  2  3  6  5 10  9  8 11 12  7 15 14 17 18 13 16 24 20 21 23 19 22 28 30 27 25 29 26
  1  6  2  4  5  3  7 10  8  9 12 11 16 15 14 17 18 13 21 20 23 24 19 22 30 26 27 29 25 28 34 36 33 31 35 32
  7 12  8 10 11  9 13 16 14 15 18 17 22 21 20 23 24 19 27 26 29 30 25 28 36 32 33 35 31 34  4  6  3  1  5  2
 19 24 20 22 23 21 25 28 26 27 30 29 34 33 32 35 36 31  3  2  5  6  1  4 12  8  9 11  7 10 16 18 15 13 17 14
 20 19 21 23 24 22 26 29 27 28 25 30 35 34 33 36 31 32  4  3  6  1  2  5  7  9 10 12  8 11 17 13 16 14 18 15
 14 13 15 17 18 16 20 23 21 22 19 24 29 28 27 30 25 26 34 33 36 31 32 35  1  3  4  6  2  5 11  7 10  8 12  9
  2  1  3  5  6  4  8 11  9 10  7 12 17 16 15 18 13 14 22 21 24 19 20 23 25 27 28 30 26 29 35 31 34 32 36 33
 26 25 27 29 30 28 32 35 33 34 31 36  5  4  3  6  1  2 10  9 12  7  8 11 13 15 16 18 14 17 23 19 22 20 24 21
  8  7  9 11 12 10 14 17 15 16 13 18 23 22 21 24 19 20 28 27 30 25 26 29 31 33 34 36 32 35  5  1  4  2  6  3
 32 31 33 35 36 34  2  5  3  4  1  6 11 10  9 12  7  8 16 15 18 13 14 17 19 21 22 24 20 23 29 25 28 26 30 27
 15 14 16 18 13 17 21 24 22 23 20 19 30 29 28 25 26 27 35 34 31 32 33 36  2  4  5  1  3  6 12  8 11  9  7 10
 33 32 34 36 31 35  3  6  4  5  2  1 12 11 10  7  8  9 17 16 13 14 15 18 20 22 23 19 21 24 30 26 29 27 25 28
  3  2  4  6  1  5  9 12 10 11  8  7 18 17 16 13 14 15 23 22 19 20 21 24 26 28 29 25 27 30 36 32 35 33 31 34
  9  8 10 12  7 11 15 18 16 17 14 13 24 23 22 19 20 21 29 28 25 26 27 30 32 34 35 31 33 36  6  2  5  3  1  4
 27 26 28 30 25 29 33 36 34 35 32 31  6  5  4  1  2  3 11 10  7  8  9 12 14 16 17 13 15 18 24 20 23 21 19 22
 21 20 22 24 19 23 27 30 28 29 26 25 36 35 34 31 32 33  5  4  1  2  3  6  8 10 11  7  9 12 18 14 17 15 13 16
  4  3  5  1  2  6 10  7 11 12  9  8 13 18 17 14 15 16 24 23 20 21 22 19 27 29 30 26 28 25 31 33 36 34 32 35
 22 21 23 19 20 24 28 25 29 30 27 26 31 36 35 32 33 34  6  5  2  3  4  1  9 11 12  8 10  7 13 15 18 16 14 17
 34 33 35 31 32 36  4  1  5  6  3  2  7 12 11  8  9 10 18 17 14 15 16 13 21 23 24 20 22 19 25 27 30 28 26 29
 16 15 17 13 14 18 22 19 23 24 21 20 25 30 29 26 27 28 36 35 32 33 34 31  3  5  6  2  4  1  7  9 12 10  8 11
 28 27 29 25 26 30 34 31 35 36 33 32  1  6  5  2  3  4 12 11  8  9 10  7 15 17 18 14 16 13 19 21 24 22 20 23
 10  9 11  7  8 12 16 13 17 18 15 14 19 24 23 20 21 22 30 29 26 27 28 25 33 35 36 32 34 31  1  3  6  4  2  5
 11 10 12  8  9  7 17 14 18 13 16 15 20 19 24 21 22 23 25 30 27 28 29 26 34 36 31 33 35 32  2  4  1  5  3  6
 17 16 18 14 15 13 23 20 24 19 22 21 26 25 30 27 28 29 31 36 33 34 35 32  4  6  1  3  5  2  8 10  7 11  9 12
 35 34 36 32 33 31  5  2  6  1  4  3  8  7 12  9 10 11 13 18 15 16 17 14 22 24 19 21 23 20 26 28 25 29 27 30
  5  4  6  2  3  1 11  8 12  7 10  9 14 13 18 15 16 17 19 24 21 22 23 20 28 30 25 27 29 26 32 34 31 35 33 36
 29 28 30 26 27 25 35 32 36 31 34 33  2  1  6  3  4  5  7 12  9 10 11  8 16 18 13 15 17 14 20 22 19 23 21 24
 23 22 24 20 21 19 29 26 30 25 28 27 32 31 36 33 34 35  1  6  3  4  5  2 10 12  7  9 11  8 14 16 13 17 15 18
