 25 27 29 30 26 28 34 35 31 36 33 32  3  6  1  2  4  5 11 10  8  9 12  7 13 17 14 16 15 18 20 22 23 19 21 24
  1  3  5  6  2  4 10 11  7 12  9  8 15 18 13 14 16 17 23 22 20 21 24 19 25 29 26 28 27 30 32 34 35 31 33 36
  7  9 11 12  8 10 16 17 13 18 15 14 21 24 19 20 22 23 29 28 26 27 30 25 31 35 32 34 33 36  2  4  5  1  3  6
 31 33 35 36 32 34  4  5  1  6  3  2  9 12  7  8 10 11 17 16 14 15 18 13 19 23 20 22 21 24 26 28 29 25 27 30
 13 15 17 18 14 16 22 23 19 24 21 20 27 30 25 26 28 29 35 34 32 33 36 31  1  5  2  4  3  6  8 10 11  7  9 12
 19 21 23 24 20 22 28 29 25 30 27 26 33 36 31 32 34 35  5  4  2  3  6  1  7 11  8 10  9 12 14 16 17 13 15 18
  8 10 12  7  9 11 17 18 14 13 16 15 22 19 20 21 23 24 30 29 27 28 25 26 32 36 33 35 34 31  3  5  6  2  4  1
  2  4  6  1  3  5 11 12  8  7 10  9 16 13 14 15 17 18 24 23 21 22 19 20 26 30 27 29 28 25 33 35 36 32 34 31
 20 22 24 19 21 23 29 30 26 25 28 27 34 31 32 33 35 36  6  5  3  4  1  2  8 12  9 11 10  7 15 17 18 14 16 13
 32 34 36 31 33 35  5  6  2  1  4  3 10  7  8  9 11 12 18 17 15 16 13 14 20 24 21 23 22 19 27 29 30 26 28 25
 26 28 30 25 27 29 35 36 32 31 34 33  4  1  2  3  5  6 12 11  9 10  7  8 14 18 15 17 16 13 21 23 24 20 22 19
 14 16 18 13 15 17 23 24 20 19 22 21 28 25 26 27 29 30 36 35 33 34 31 32  2  6  3  5  4  1  9 11 12  8 10  7
 33 35 31 32 34 36  6  1  3  2  5  4 11  8  9 10 12  7 13 18 16 17 14 15 21 19 22 24 23 20 28 30 25 27 29 26
  9 11  7  8 10 12 18 13 15 14 17 16 23 20 21 22 24 19 25 30 28 29 26 27 33 31 34 36 35 32  4  6  1  3  5  2
  3  5  1  2  4  6 12  7  9  8 11 10 17 14 15 16 18 13 19 24 22 23 20 21 27 25 28 30 29 26 34 36 31 33 35 32
 21 23 19 20 22 24 30 25 27 26 29 28 35 32 33 34 36 31  1  6  4  5  2  3  9  7 10 12 11  8 16 18 13 15 17 14
 15 17 13 14 16 18 24 19 21 20 23 22 29 26 27 28 30 25 31 36 34 35 32 33  3  1  4  6  5  2 10 12  7  9 11  8
 27 29 25 26 28 30 36 31 33 32 35 34  5  2  3  4  6  1  7 12 10 11  8  9 15 13 16 18 17 14 22 24 19 21 23 20
 10 12  8  9 11  7 13 14 16 15 18 17 24 21 22 23 19 20 26 25 29 30 27 28 34 32 35 31 36 33  5  1  2  4  6  3
 22 24 20 21 23 19 25 26 28 27 30 29 36 33 34 35 31 32  2  1  5  6  3  4 10  8 11  7 12  9 17 13 14 16 18 15
 16 18 14 15 17 13 19 20 22 21 24 23 30 27 28 29 25 26 32 31 35 36 33 34  4  2  5  1  6  3 11  7  8 10 12  9
 28 30 26 27 29 25 31 32 34 33 36 35  6  3  4  5  1  2  8  7 11 12  9 10 16 14 17 13 18 15 23 19 20 22 24 21
  4  6  2  3  5  1  7  8 10  9 12 11 18 15 16 17 13 14 20 19 23 24 21 22 28 26 29 25 30 27 35 31 32 34 36 33
 34 36 32 33 35 31  1  2  4  3  6  5 12  9 10 11  7  8 14 13 17 18 15 16 22 20 23 19 24 21 29 25 26 28 30 27
 35 31 33 34 36 32  2  3  5  4  1  6  7 10 11 12  8  9 15 14 18 13 16 17 23 21 24 20 19 22 30 26 27 29 25 28
  5  1  3  4  6  2  8  9 11 10  7 12 13 16 17 18 14 15 21 20 24 19 22 23 29 27 30 26 25 28 36 32 33 35 31 34
 23 19 21 22 24 20 26 27 29 28 25 30 31 34 35 36 32 33  3  2  6  1  4  5 11  9 12  8  7 10 18 14 15 17 13 16
 11  7  9 10 12  8 14 15 17 16 13 18 19 22 23 24 20 21 27 26 30 25 28 29 35 33 36 32 31 34  6  2  3  5  1  4
 17 13 15 16 18 14 20 21 23 22 19 24 25 28 29 30 26 27 33 32 36 31 34 35  5  3  6  2  1  4 12  8  9 11  7 10
 29 25 27 28 30 26 32 33 35 34 31 36  1  4  5  6  2  3  9  8 12  7 10 11 17 15 18 14 13 16 24 20 21 23 19 22
 30 26 28 29 25 27 33 34 36 35 32 31  2  5  6  1  3  4 10  9  7  8 11 12 18 16 13 15 14 17 19 21 22 24 20 23
 24 20 22 23 19 21 27 28 30 29 26 25 32 35 36 31 33 34  4  3  1  2  5  6 12 10  7  9  8 11 13 15 16 18 14 17
 36 32 34 35 31 33  3  4  6  5  2  1  8 11 12  7  9 10 16 15 13 14 17 18 24 22 19 21 20 23 25 27 28 30 26 29
  6  2  4  5  1  3  9 10 12 11  8  7 14 17 18 13 15 16 22 21 19 20 23 24 30 28 25 27 26 29 31 33 34 36 32 35
 18 14 16 17 13 15 21 22 24 23 20 19 26 29 30 25 27 28 34 33 31 32 35 36  6  4  1  3  2  5  7  9 10 12  8 11
 12  8 10 11  7  9 15 16 18 17 14 13 20 23 24 19 21 22 28 27 25 26 29 30 36 34 31 33 32 35  1  3  4  6  2  5
