 36 32 35 34 33 31  6  1  3  2  4  5  7 10  9 12  8 11 16 17 13 15 14 18 21 19 23 24 22 20 30 28 27 29 26 25
 12  8 11 10  9  7 18 13 15 14 16 17 19 22 21 24 20 23 28 29 25 27 26 30 33 31 35 36 34 32  6  4  3  5  2  1
  6  2  5  4  3  1 12  7  9  8 10 11 13 16 15 18 14 17 22 23 19 21 20 24 27 25 29 30 28 26 36 34 33 35 32 31
 24 20 23 22 21 19 30 25 27 26 28 29 31 34 33 36 32 35  4  5  1  3  2  6  9  7 11 12 10  8 18 16 15 17 14 13
 18 14 17 16 15 13 24 19 21 20 22 23 25 28 27 30 26 29 34 35 31 33 32 36  3  1  5  6  4  2 12 10  9 11  8  7
 30 26 29 28 27 25 36 31 33 32 34 35  1  4  3  6  2  5 10 11  7  9  8 12 15 13 17 18 16 14 24 22 21 23 20 19
  1  3  6  5  4  2  7  8 10  9 11 12 14 17 16 13 15 18 23 24 20 22 21 19 28 26 30 25 29 27 31 35 34 36 33 32
 25 27 30 29 28 26 31 32 34 33 35 36  2  5  4  1  3  6 11 12  8 10  9  7 16 14 18 13 17 15 19 23 22 24 21 20
 13 15 18 17 16 14 19 20 22 21 23 24 26 29 28 25 27 30 35 36 32 34 33 31  4  2  6  1  5  3  7 11 10 12  9  8
 19 21 24 23 22 20 25 26 28 27 29 30 32 35 34 31 33 36  5  6  2  4  3  1 10  8 12  7 11  9 13 17 16 18 15 14
  7  9 12 11 10  8 13 14 16 15 17 18 20 23 22 19 21 24 29 30 26 28 27 25 34 32 36 31 35 33  1  5  4  6  3  2
 31 33 36 35 34 32  1  2  4  3  5  6  8 11 10  7  9 12 17 18 14 16 15 13 22 20 24 19 23 21 25 29 28 30 27 26
 26 28 25 30 29 27 32 33 35 34 36 31  3  6  5  2  4  1 12  7  9 11 10  8 17 15 13 14 18 16 20 24 23 19 22 21
 20 22 19 24 23 21 26 27 29 28 30 25 33 36 35 32 34 31  6  1  3  5  4  2 11  9  7  8 12 10 14 18 17 13 16 15
 32 34 31 36 35 33  2  3  5  4  6  1  9 12 11  8 10  7 18 13 15 17 16 14 23 21 19 20 24 22 26 30 29 25 28 27
 14 16 13 18 17 15 20 21 23 22 24 19 27 30 29 26 28 25 36 31 33 35 34 32  5  3  1  2  6  4  8 12 11  7 10  9
  8 10  7 12 11  9 14 15 17 16 18 13 21 24 23 20 22 19 30 25 27 29 28 26 35 33 31 32 36 34  2  6  5  1  4  3
  2  4  1  6  5  3  8  9 11 10 12  7 15 18 17 14 16 13 24 19 21 23 22 20 29 27 25 26 30 28 32 36 35 31 34 33
 15 17 14 13 18 16 21 22 24 23 19 20 28 25 30 27 29 26 31 32 34 36 35 33  6  4  2  3  1  5  9  7 12  8 11 10
  9 11  8  7 12 10 15 16 18 17 13 14 22 19 24 21 23 20 25 26 28 30 29 27 36 34 32 33 31 35  3  1  6  2  5  4
  3  5  2  1  6  4  9 10 12 11  7  8 16 13 18 15 17 14 19 20 22 24 23 21 30 28 26 27 25 29 33 31 36 32 35 34
 33 35 32 31 36 34  3  4  6  5  1  2 10  7 12  9 11  8 13 14 16 18 17 15 24 22 20 21 19 23 27 25 30 26 29 28
 27 29 26 25 30 28 33 34 36 35 31 32  4  1  6  3  5  2  7  8 10 12 11  9 18 16 14 15 13 17 21 19 24 20 23 22
 21 23 20 19 24 22 27 28 30 29 25 26 34 31 36 33 35 32  1  2  4  6  5  3 12 10  8  9  7 11 15 13 18 14 17 16
 10 12  9  8  7 11 16 17 13 18 14 15 23 20 19 22 24 21 26 27 29 25 30 28 31 35 33 34 32 36  4  2  1  3  6  5
 16 18 15 14 13 17 22 23 19 24 20 21 29 26 25 28 30 27 32 33 35 31 36 34  1  5  3  4  2  6 10  8  7  9 12 11
 22 24 21 20 19 23 28 29 25 30 26 27 35 32 31 34 36 33  2  3  5  1  6  4  7 11  9 10  8 12 16 14 13 15 18 17
 28 30 27 26 25 29 34 35 31 36 32 33  5  2  1  4  6  3  8  9 11  7 12 10 13 17 15 16 14 18 22 20 19 21 24 23
 34 36 33 32 31 35  4  5  1  6  2  3 11  8  7 10 12  9 14 15 17 13 18 16 19 23 21 22 20 24 28 26 25 27 30 29
  4  6  3  2  1  5 10 11  7 12  8  9 17 14 13 16 18 15 20 21 23 19 24 22 25 29 27 28 26 30 34 32 31 33 36 35
 11  7 10  9  8 12 17 18 14 13 15 16 24 21 20 23 19 22 27 28 30 26 25 29 32 36 34 35 33 31  5  3  2  4  1  6
 35 31 34 33 32 36  5  6  2  1  3  4 12  9  8 11  7 10 15 16 18 14 13 17 20 24 22 23 21 19 29 27 26 28 25 30
 17 13 16 15 14 18 23 24 20 19 21 22 30 27 26 29 25 28 33 34 36 32 31 35  2  6  4  5  3  1 11  9  8 10  7 12
  5  1  4  3  2  6 11 12  8  7  9 10 18 15 14 17 13 16 21 22 24 20 19 23 26 30 28 29 27 25 35 33 32 34 31 36
 29 25 28 27 26 30 35 36 32 31 33 34  6  3  2  5  1  4  9 10 12  8  7 11 14 18 16 17 15 13 23 21 20 22 19 24
 23 19 22 21 20 24 29 30 26 25 27 28 36 33 32 35 31 34  3  4  6  2  1  5  8 12 10 11  9  7 17 15 14 16 13 18
