 15 17 16 18 13 14 20 21 24 23 22 19 28 27 30 25 29 26 31 32 35 33 34 36  6  5  3  4  2  1  9  7 12  8 10 11
  9 11 10 12  7  8 14 15 18 17 16 13 22 21 24 19 23 20 25 26 29 27 28 30 36 35 33 34 32 31  3  1  6  2  4  5
 27 29 28 30 25 26 32 33 36 35 34 31  4  3  6  1  5  2  7  8 11  9 10 12 18 17 15 16 14 13 21 19 24 20 22 23
  3  5  4  6  1  2  8  9 12 11 10  7 16 15 18 13 17 14 19 20 23 21 22 24 30 29 27 28 26 25 33 31 36 32 34 35
 33 35 34 36 31 32  2  3  6  5  4  1 10  9 12  7 11  8 13 14 17 15 16 18 24 23 21 22 20 19 27 25 30 26 28 29
 21 23 22 24 19 20 26 27 30 29 28 25 34 33 36 31 35 32  1  2  5  3  4  6 12 11  9 10  8  7 15 13 18 14 16 17
 10 12 11  7  8  9 15 16 13 18 17 14 23 22 19 20 24 21 26 27 30 28 29 25 31 36 34 35 33 32  4  2  1  3  5  6
 28 30 29 25 26 27 33 34 31 36 35 32  5  4  1  2  6  3  8  9 12 10 11  7 13 18 16 17 15 14 22 20 19 21 23 24
 16 18 17 13 14 15 21 22 19 24 23 20 29 28 25 26 30 27 32 33 36 34 35 31  1  6  4  5  3  2 10  8  7  9 11 12
 22 24 23 19 20 21 27 28 25 30 29 26 35 34 31 32 36 33  2  3  6  4  5  1  7 12 10 11  9  8 16 14 13 15 17 18
 34 36 35 31 32 33  3  4  1  6  5  2 11 10  7  8 12  9 14 15 18 16 17 13 19 24 22 23 21 20 28 26 25 27 29 30
  4  6  5  1  2  3  9 10  7 12 11  8 17 16 13 14 18 15 20 21 24 22 23 19 25 30 28 29 27 26 34 32 31 33 35 36
 23 19 24 20 21 22 28 29 26 25 30 27 36 35 32 33 31 34  3  4  1  5  6  2  8  7 11 12 10  9 17 15 14 16 18 13
 35 31 36 32 33 34  4  5  2  1  6  3 12 11  8  9  7 10 15 16 13 17 18 14 20 19 23 24 22 21 29 27 26 28 30 25
 29 25 30 26 27 28 34 35 32 31 36 33  6  5  2  3  1  4  9 10  7 11 12  8 14 13 17 18 16 15 23 21 20 22 24 19
 11  7 12  8  9 10 16 17 14 13 18 15 24 23 20 21 19 22 27 28 25 29 30 26 32 31 35 36 34 33  5  3  2  4  6  1
  5  1  6  2  3  4 10 11  8  7 12  9 18 17 14 15 13 16 21 22 19 23 24 20 26 25 29 30 28 27 35 33 32 34 36 31
 17 13 18 14 15 16 22 23 20 19 24 21 30 29 26 27 25 28 33 34 31 35 36 32  2  1  5  6  4  3 11  9  8 10 12  7
 30 26 25 27 28 29 35 36 33 32 31 34  1  6  3  4  2  5 10 11  8 12  7  9 15 14 18 13 17 16 24 22 21 23 19 20
 12  8  7  9 10 11 17 18 15 14 13 16 19 24 21 22 20 23 28 29 26 30 25 27 33 32 36 31 35 34  6  4  3  5  1  2
 18 14 13 15 16 17 23 24 21 20 19 22 25 30 27 28 26 29 34 35 32 36 31 33  3  2  6  1  5  4 12 10  9 11  7  8
 24 20 19 21 22 23 29 30 27 26 25 28 31 36 33 34 32 35  4  5  2  6  1  3  9  8 12  7 11 10 18 16 15 17 13 14
  6  2  1  3  4  5 11 12  9  8  7 10 13 18 15 16 14 17 22 23 20 24 19 21 27 26 30 25 29 28 36 34 33 35 31 32
 36 32 31 33 34 35  5  6  3  2  1  4  7 12  9 10  8 11 16 17 14 18 13 15 21 20 24 19 23 22 30 28 27 29 25 26
 25 27 26 28 29 30 36 31 34 33 32 35  2  1  4  5  3  6 11 12  9  7  8 10 16 15 13 14 18 17 19 23 22 24 20 21
  1  3  2  4  5  6 12  7 10  9  8 11 14 13 16 17 15 18 23 24 21 19 20 22 28 27 25 26 30 29 31 35 34 36 32 33
  7  9  8 10 11 12 18 13 16 15 14 17 20 19 22 23 21 24 29 30 27 25 26 28 34 33 31 32 36 35  1  5  4  6  2  3
 13 15 14 16 17 18 24 19 22 21 20 23 26 25 28 29 27 30 35 36 33 31 32 34  4  3  1  2  6  5  7 11 10 12  8  9
 19 21 20 22 23 24 30 25 28 27 26 29 32 31 34 35 33 36  5  6  3  1  2  4 10  9  7  8 12 11 13 17 16 18 14 15
 31 33 32 34 35 36  6  1  4  3  2  5  8  7 10 11  9 12 17 18 15 13 14 16 22 21 19 20 24 23 25 29 28 30 26 27
 26 28 27 29 30 25 31 32 35 34 33 36  3  2  5  6  4  1 12  7 10  8  9 11 17 16 14 15 13 18 20 24 23 19 21 22
 32 34 33 35 36 31  1  2  5  4  3  6  9  8 11 12 10  7 18 13 16 14 15 17 23 22 20 21 19 24 26 30 29 25 27 28
 20 22 21 23 24 19 25 26 29 28 27 30 33 32 35 36 34 31  6  1  4  2  3  5 11 10  8  9  7 12 14 18 17 13 15 16
 14 16 15 17 18 13 19 20 23 22 21 24 27 26 29 30 28 25 36 31 34 32 33 35  5  4  2  3  1  6  8 12 11  7  9 10
  8 10  9 11 12  7 13 14 17 16 15 18 21 20 23 24 22 19 30 25 28 26 27 29 35 34 32 33 31 36  2  6  5  1  3  4
  2  4  3  5  6  1  7  8 11 10  9 12 15 14 17 18 16 13 24 19 22 20 21 23 29 28 26 27 25 30 32 36 35 31 33 34
