 14 15 17 13 18 16 19 21 20 22 23 24 25 28 30 26 29 27 34 31 33 35 32 36  6  2  3  1  4  5 12 10  8  7  9 11
  8  9 11  7 12 10 13 15 14 16 17 18 19 22 24 20 23 21 28 25 27 29 26 30 36 32 33 31 34 35  6  4  2  1  3  5
 26 27 29 25 30 28 31 33 32 34 35 36  1  4  6  2  5  3 10  7  9 11  8 12 18 14 15 13 16 17 24 22 20 19 21 23
 32 33 35 31 36 34  1  3  2  4  5  6  7 10 12  8 11  9 16 13 15 17 14 18 24 20 21 19 22 23 30 28 26 25 27 29
 20 21 23 19 24 22 25 27 26 28 29 30 31 34 36 32 35 33  4  1  3  5  2  6 12  8  9  7 10 11 18 16 14 13 15 17
  2  3  5  1  6  4  7  9  8 10 11 12 13 16 18 14 17 15 22 19 21 23 20 24 30 26 27 25 28 29 36 34 32 31 33 35
 27 28 30 26 25 29 32 34 33 35 36 31  2  5  1  3  6  4 11  8 10 12  9  7 13 15 16 14 17 18 19 23 21 20 22 24
 33 34 36 32 31 35  2  4  3  5  6  1  8 11  7  9 12 10 17 14 16 18 15 13 19 21 22 20 23 24 25 29 27 26 28 30
  3  4  6  2  1  5  8 10  9 11 12  7 14 17 13 15 18 16 23 20 22 24 21 19 25 27 28 26 29 30 31 35 33 32 34 36
 15 16 18 14 13 17 20 22 21 23 24 19 26 29 25 27 30 28 35 32 34 36 33 31  1  3  4  2  5  6  7 11  9  8 10 12
  9 10 12  8  7 11 14 16 15 17 18 13 20 23 19 21 24 22 29 26 28 30 27 25 31 33 34 32 35 36  1  5  3  2  4  6
 21 22 24 20 19 23 26 28 27 29 30 25 32 35 31 33 36 34  5  2  4  6  3  1  7  9 10  8 11 12 13 17 15 14 16 18
  4  5  1  3  2  6  9 11 10 12  7  8 15 18 14 16 13 17 24 21 23 19 22 20 26 28 29 27 30 25 32 36 34 33 35 31
 16 17 13 15 14 18 21 23 22 24 19 20 27 30 26 28 25 29 36 33 35 31 34 32  2  4  5  3  6  1  8 12 10  9 11  7
 10 11  7  9  8 12 15 17 16 18 13 14 21 24 20 22 19 23 30 27 29 25 28 26 32 34 35 33 36 31  2  6  4  3  5  1
 22 23 19 21 20 24 27 29 28 30 25 26 33 36 32 34 31 35  6  3  5  1  4  2  8 10 11  9 12  7 14 18 16 15 17 13
 28 29 25 27 26 30 33 35 34 36 31 32  3  6  2  4  1  5 12  9 11  7 10  8 14 16 17 15 18 13 20 24 22 21 23 19
 34 35 31 33 32 36  3  5  4  6  1  2  9 12  8 10  7 11 18 15 17 13 16 14 20 22 23 21 24 19 26 30 28 27 29 25
 35 36 32 34 33 31  4  6  5  1  2  3 10  7  9 11  8 12 13 16 18 14 17 15 21 23 24 22 19 20 27 25 29 28 30 26
 17 18 14 16 15 13 22 24 23 19 20 21 28 25 27 29 26 30 31 34 36 32 35 33  3  5  6  4  1  2  9  7 11 10 12  8
 23 24 20 22 21 19 28 30 29 25 26 27 34 31 33 35 32 36  1  4  6  2  5  3  9 11 12 10  7  8 15 13 17 16 18 14
 11 12  8 10  9  7 16 18 17 13 14 15 22 19 21 23 20 24 25 28 30 26 29 27 33 35 36 34 31 32  3  1  5  4  6  2
 29 30 26 28 27 25 34 36 35 31 32 33  4  1  3  5  2  6  7 10 12  8 11  9 15 17 18 16 13 14 21 19 23 22 24 20
  5  6  2  4  3  1 10 12 11  7  8  9 16 13 15 17 14 18 19 22 24 20 23 21 27 29 30 28 25 26 33 31 35 34 36 32
 36 31 33 35 34 32  5  1  6  2  3  4 11  8 10 12  9  7 14 17 13 15 18 16 22 24 19 23 20 21 28 26 30 29 25 27
 24 19 21 23 22 20 29 25 30 26 27 28 35 32 34 36 33 31  2  5  1  3  6  4 10 12  7 11  8  9 16 14 18 17 13 15
  6  1  3  5  4  2 11  7 12  8  9 10 17 14 16 18 15 13 20 23 19 21 24 22 28 30 25 29 26 27 34 32 36 35 31 33
 12  7  9 11 10  8 17 13 18 14 15 16 23 20 22 24 21 19 26 29 25 27 30 28 34 36 31 35 32 33  4  2  6  5  1  3
 18 13 15 17 16 14 23 19 24 20 21 22 29 26 28 30 27 25 32 35 31 33 36 34  4  6  1  5  2  3 10  8 12 11  7  9
 30 25 27 29 28 26 35 31 36 32 33 34  5  2  4  6  3  1  8 11  7  9 12 10 16 18 13 17 14 15 22 20 24 23 19 21
 13 14 16 18 17 15 24 20 19 21 22 23 30 27 29 25 28 26 33 36 32 34 31 35  5  1  2  6  3  4 11  9  7 12  8 10
 25 26 28 30 29 27 36 32 31 33 34 35  6  3  5  1  4  2  9 12  8 10  7 11 17 13 14 18 15 16 23 21 19 24 20 22
 19 20 22 24 23 21 30 26 25 27 28 29 36 33 35 31 34 32  3  6  2  4  1  5 11  7  8 12  9 10 17 15 13 18 14 16
 31 32 34 36 35 33  6  2  1  3  4  5 12  9 11  7 10  8 15 18 14 16 13 17 23 19 20 24 21 22 29 27 25 30 26 28
  7  8 10 12 11  9 18 14 13 15 16 17 24 21 23 19 22 20 27 30 26 28 25 29 35 31 32 36 33 34  5  3  1  6  2  4
  1  2  4  6  5  3 12  8  7  9 10 11 18 15 17 13 16 14 21 24 20 22 19 23 29 25 26 30 27 28 35 33 31 36 32 34
