 11 12 13 14 15 16 18 17 20 19  1  2  3  4  6  5  7  8 10  9
  7  8  9 10 11 12 14 13 16 15 17 18 19 20  2  1  3  4  6  5
 15 16 17 18 19 20  2  1  4  3  5  6  7  8 10  9 11 12 14 13
  9 10 11 12 13 14 16 15 18 17 19 20  1  2  4  3  5  6  8  7
 13 14 15 16 17 18 20 19  2  1  3  4  5  6  8  7  9 10 12 11
  5  6  7  8  9 10 12 11 14 13 15 16 17 18 20 19  1  2  4  3
  1  2  3  4  5  6  8  7 10  9 11 12 13 14 16 15 17 18 20 19
 17 18 19 20  1  2  4  3  6  5  7  8  9 10 12 11 13 14 16 15
  3  4  5  6  7  8 10  9 12 11 13 14 15 16 18 17 19 20  2  1
 19 20  1  2  3  4  6  5  8  7  9 10 11 12 14 13 15 16 18 17
 14 13 16 15 18 17 19 20  1  2  4  3  6  5  7  8 10  9 11 12
 20 19  2  1  4  3  5  6  7  8 10  9 12 11 13 14 16 15 17 18
 12 11 14 13 16 15 17 18 19 20  2  1  4  3  5  6  8  7  9 10
  2  1  4  3  6  5  7  8  9 10 12 11 14 13 15 16 18 17 19 20
  8  7 10  9 12 11 13 14 15 16 18 17 20 19  1  2  4  3  5  6
 16 15 18 17 20 19  1  2  3  4  6  5  8  7  9 10 12 11 13 14
  6  5  8  7 10  9 11 12 13 14 16 15 18 17 19 20  2  1  3  4
 10  9 12 11 14 13 15 16 17 18 20 19  2  1  3  4  6  5  7  8
  4  3  6  5  8  7  9 10 11 12 14 13 16 15 17 18 20 19  1  2
 18 17 20 19  2  1  3  4  5  6  8  7 10  9 11 12 14 13 15 16
