 34 32 36 31 33 29 30 28 35  4  5  6  8  3  9  2  1  7 16 11 10 12 13 18 17 15 14 27 25 22 21 24 19 20 26 23
 16 14 18 13 15 11 12 10 17 22 23 24 26 21 27 20 19 25 34 29 28 30 31 36 35 33 32  9  7  4  3  6  1  2  8  5
 25 23 27 22 24 20 21 19 26 31 32 33 35 30 36 29 28 34  7  2  1  3  4  9  8  6  5 18 16 13 12 15 10 11 17 14
  7  5  9  4  6  2  3  1  8 13 14 15 17 12 18 11 10 16 25 20 19 21 22 27 26 24 23 36 34 31 30 33 28 29 35 32
 26 24 19 23 25 21 22 20 27 32 33 34 36 31 28 30 29 35  8  3  2  4  5  1  9  7  6 10 17 14 13 16 11 12 18 15
  8  6  1  5  7  3  4  2  9 14 15 16 18 13 10 12 11 17 26 21 20 22 23 19 27 25 24 28 35 32 31 34 29 30 36 33
 17 15 10 14 16 12 13 11 18 23 24 25 27 22 19 21 20 26 35 30 29 31 32 28 36 34 33  1  8  5  4  7  2  3  9  6
 35 33 28 32 34 30 31 29 36  5  6  7  9  4  1  3  2  8 17 12 11 13 14 10 18 16 15 19 26 23 22 25 20 21 27 24
  9  7  2  6  8  4  5  3  1 15 16 17 10 14 11 13 12 18 27 22 21 23 24 20 19 26 25 29 36 33 32 35 30 31 28 34
 27 25 20 24 26 22 23 21 19 33 34 35 28 32 29 31 30 36  9  4  3  5  6  2  1  8  7 11 18 15 14 17 12 13 10 16
 36 34 29 33 35 31 32 30 28  6  7  8  1  5  2  4  3  9 18 13 12 14 15 11 10 17 16 20 27 24 23 26 21 22 19 25
 18 16 11 15 17 13 14 12 10 24 25 26 19 23 20 22 21 27 36 31 30 32 33 29 28 35 34  2  9  6  5  8  3  4  1  7
 10 17 12 16 18 14 15 13 11 25 26 27 20 24 21 23 22 19 28 32 31 33 34 30 29 36 35  3  1  7  6  9  4  5  2  8
 28 35 30 34 36 32 33 31 29  7  8  9  2  6  3  5  4  1 10 14 13 15 16 12 11 18 17 21 19 25 24 27 22 23 20 26
  1  8  3  7  9  5  6  4  2 16 17 18 11 15 12 14 13 10 19 23 22 24 25 21 20 27 26 30 28 34 33 36 31 32 29 35
 19 26 21 25 27 23 24 22 20 34 35 36 29 33 30 32 31 28  1  5  4  6  7  3  2  9  8 12 10 16 15 18 13 14 11 17
 11 18 13 17 10 15 16 14 12 26 27 19 21 25 22 24 23 20 29 33 32 34 35 31 30 28 36  4  2  8  7  1  5  6  3  9
 20 27 22 26 19 24 25 23 21 35 36 28 30 34 31 33 32 29  2  6  5  7  8  4  3  1  9 13 11 17 16 10 14 15 12 18
  2  9  4  8  1  6  7  5  3 17 18 10 12 16 13 15 14 11 20 24 23 25 26 22 21 19 27 31 29 35 34 28 32 33 30 36
 29 36 31 35 28 33 34 32 30  8  9  1  3  7  4  6  5  2 11 15 14 16 17 13 12 10 18 22 20 26 25 19 23 24 21 27
 12 10 14 18 11 16 17 15 13 27 19 20 22 26 23 25 24 21 30 34 33 35 36 32 31 29 28  5  3  9  8  2  6  7  4  1
 21 19 23 27 20 25 26 24 22 36 28 29 31 35 32 34 33 30  3  7  6  8  9  5  4  2  1 14 12 18 17 11 15 16 13 10
 30 28 32 36 29 34 35 33 31  9  1  2  4  8  5  7  6  3 12 16 15 17 18 14 13 11 10 23 21 27 26 20 24 25 22 19
  3  1  5  9  2  7  8  6  4 18 10 11 13 17 14 16 15 12 21 25 24 26 27 23 22 20 19 32 30 36 35 29 33 34 31 28
  4  2  6  1  3  8  9  7  5 10 11 12 14 18 15 17 16 13 22 26 25 27 19 24 23 21 20 33 31 28 36 30 34 35 32 29
 31 29 33 28 30 35 36 34 32  1  2  3  5  9  6  8  7  4 13 17 16 18 10 15 14 12 11 24 22 19 27 21 25 26 23 20
 22 20 24 19 21 26 27 25 23 28 29 30 32 36 33 35 34 31  4  8  7  9  1  6  5  3  2 15 13 10 18 12 16 17 14 11
 13 11 15 10 12 17 18 16 14 19 20 21 23 27 24 26 25 22 31 35 34 36 28 33 32 30 29  6  4  1  9  3  7  8  5  2
 23 21 25 20 22 27 19 26 24 29 30 31 33 28 34 36 35 32  5  9  8  1  2  7  6  4  3 16 14 11 10 13 17 18 15 12
 32 30 34 29 31 36 28 35 33  2  3  4  6  1  7  9  8  5 14 18 17 10 11 16 15 13 12 25 23 20 19 22 26 27 24 21
 14 12 16 11 13 18 10 17 15 20 21 22 24 19 25 27 26 23 32 36 35 28 29 34 33 31 30  7  5  2  1  4  8  9  6  3
  5  3  7  2  4  9  1  8  6 11 12 13 15 10 16 18 17 14 23 27 26 19 20 25 24 22 21 34 32 29 28 31 35 36 33 30
 24 22 26 21 23 19 20 27 25 30 31 32 34 29 35 28 36 33  6  1  9  2  3  8  7  5  4 17 15 12 11 14 18 10 16 13
 15 13 17 12 14 10 11 18 16 21 22 23 25 20 26 19 27 24 33 28 36 29 30 35 34 32 31  8  6  3  2  5  9  1  7  4
  6  4  8  3  5  1  2  9  7 12 13 14 16 11 17 10 18 15 24 19 27 20 21 26 25 23 22 35 33 30 29 32 36 28 34 31
 33 31 35 30 32 28 29 36 34  3  4  5  7  2  8  1  9  6 15 10 18 11 12 17 16 14 13 26 24 21 20 23 27 19 25 22
