 28 26 25 27 29 30  6  4  5  3  1  2 10 12  7 11  9  8 13 18 16 17 15 14 24 21 19 20 23 22
 16 14 13 15 17 18 24 22 23 21 19 20 28 30 25 29 27 26  1  6  4  5  3  2 12  9  7  8 11 10
 10  8  7  9 11 12 18 16 17 15 13 14 22 24 19 23 21 20 25 30 28 29 27 26  6  3  1  2  5  4
 22 20 19 21 23 24 30 28 29 27 25 26  4  6  1  5  3  2  7 12 10 11  9  8 18 15 13 14 17 16
  4  2  1  3  5  6 12 10 11  9  7  8 16 18 13 17 15 14 19 24 22 23 21 20 30 27 25 26 29 28
  5  3  2  4  6  1  7 11 12 10  8  9 17 13 14 18 16 15 20 19 23 24 22 21 25 28 26 27 30 29
 23 21 20 22 24 19 25 29 30 28 26 27  5  1  2  6  4  3  8  7 11 12 10  9 13 16 14 15 18 17
 17 15 14 16 18 13 19 23 24 22 20 21 29 25 26 30 28 27  2  1  5  6  4  3  7 10  8  9 12 11
 29 27 26 28 30 25  1  5  6  4  2  3 11  7  8 12 10  9 14 13 17 18 16 15 19 22 20 21 24 23
 11  9  8 10 12  7 13 17 18 16 14 15 23 19 20 24 22 21 26 25 29 30 28 27  1  4  2  3  6  5
 24 22 21 23 19 20 26 30 25 29 27 28  6  2  3  1  5  4  9  8 12  7 11 10 14 17 15 16 13 18
 30 28 27 29 25 26  2  6  1  5  3  4 12  8  9  7 11 10 15 14 18 13 17 16 20 23 21 22 19 24
 18 16 15 17 13 14 20 24 19 23 21 22 30 26 27 25 29 28  3  2  6  1  5  4  8 11  9 10  7 12
  6  4  3  5  1  2  8 12  7 11  9 10 18 14 15 13 17 16 21 20 24 19 23 22 26 29 27 28 25 30
 12 10  9 11  7  8 14 18 13 17 15 16 24 20 21 19 23 22 27 26 30 25 29 28  2  5  3  4  1  6
  7 11 10 12  8  9 15 13 14 18 16 17 19 21 22 20 24 23 28 27 25 26 30 29  3  6  4  5  2  1
 13 17 16 18 14 15 21 19 20 24 22 23 25 27 28 26 30 29  4  3  1  2  6  5  9 12 10 11  8  7
 25 29 28 30 26 27  3  1  2  6  4  5  7  9 10  8 12 11 16 15 13 14 18 17 21 24 22 23 20 19
  1  5  4  6  2  3  9  7  8 12 10 11 13 15 16 14 18 17 22 21 19 20 24 23 27 30 28 29 26 25
 19 23 22 24 20 21 27 25 26 30 28 29  1  3  4  2  6  5 10  9  7  8 12 11 15 18 16 17 14 13
 20 24 23 19 21 22 28 26 27 25 29 30  2  4  5  3  1  6 11 10  8  9  7 12 16 13 17 18 15 14
  2  6  5  1  3  4 10  8  9  7 11 12 14 16 17 15 13 18 23 22 20 21 19 24 28 25 29 30 27 26
  8 12 11  7  9 10 16 14 15 13 17 18 20 22 23 21 19 24 29 28 26 27 25 30  4  1  5  6  3  2
 14 18 17 13 15 16 22 20 21 19 23 24 26 28 29 27 25 30  5  4  2  3  1  6 10  7 11 12  9  8
 26 30 29 25 27 28  4  2  3  1  5  6  8 10 11  9  7 12 17 16 14 15 13 18 22 19 23 24 21 20
 15 13 18 14 16 17 23 21 22 20 24 19 27 29 30 28 26 25  6  5  3  4  2  1 11  8 12  7 10  9
 21 19 24 20 22 23 29 27 28 26 30 25  3  5  6  4  2  1 12 11  9 10  8  7 17 14 18 13 16 15
  3  1  6  2  4  5 11  9 10  8 12  7 15 17 18 16 14 13 24 23 21 22 20 19 29 26 30 25 28 27
 27 25 30 26 28 29  5  3  4  2  6  1  9 11 12 10  8  7 18 17 15 16 14 13 23 20 24 19 22 21
  9  7 12  8 10 11 17 15 16 14 18 13 21 23 24 22 20 19 30 29 27 28 26 25  5  2  6  1  4  3
