 24 21 22 19 23 20 29 25 30 26 27 28  6  5  2  1  3  4  9 11 12  8 10  7 15 18 17 14 16 13
 30 27 28 25 29 26  5  1  6  2  3  4 12 11  8  7  9 10 15 17 18 14 16 13 21 24 23 20 22 19
  6  3  4  1  5  2 11  7 12  8  9 10 18 17 14 13 15 16 21 23 24 20 22 19 27 30 29 26 28 25
 12  9 10  7 11  8 17 13 18 14 15 16 24 23 20 19 21 22 27 29 30 26 28 25  3  6  5  2  4  1
 18 15 16 13 17 14 23 19 24 20 21 22 30 29 26 25 27 28  3  5  6  2  4  1  9 12 11  8 10  7
  7 10 11  8 12  9 18 14 13 15 16 17 19 24 21 20 22 23 28 30 25 27 29 26  4  1  6  3  5  2
 19 22 23 20 24 21 30 26 25 27 28 29  1  6  3  2  4  5 10 12  7  9 11  8 16 13 18 15 17 14
 13 16 17 14 18 15 24 20 19 21 22 23 25 30 27 26 28 29  4  6  1  3  5  2 10  7 12  9 11  8
 25 28 29 26 30 27  6  2  1  3  4  5  7 12  9  8 10 11 16 18 13 15 17 14 22 19 24 21 23 20
  1  4  5  2  6  3 12  8  7  9 10 11 13 18 15 14 16 17 22 24 19 21 23 20 28 25 30 27 29 26
 14 17 18 15 13 16 19 21 20 22 23 24 26 25 28 27 29 30  5  1  2  4  6  3 11  8  7 10 12  9
  2  5  6  3  1  4  7  9  8 10 11 12 14 13 16 15 17 18 23 19 20 22 24 21 29 26 25 28 30 27
 26 29 30 27 25 28  1  3  2  4  5  6  8  7 10  9 11 12 17 13 14 16 18 15 23 20 19 22 24 21
 20 23 24 21 19 22 25 27 26 28 29 30  2  1  4  3  5  6 11  7  8 10 12  9 17 14 13 16 18 15
  8 11 12  9  7 10 13 15 14 16 17 18 20 19 22 21 23 24 29 25 26 28 30 27  5  2  1  4  6  3
 27 30 25 28 26 29  2  4  3  5  6  1  9  8 11 10 12  7 18 14 15 17 13 16 24 21 20 23 19 22
 15 18 13 16 14 17 20 22 21 23 24 19 27 26 29 28 30 25  6  2  3  5  1  4 12  9  8 11  7 10
  9 12  7 10  8 11 14 16 15 17 18 13 21 20 23 22 24 19 30 26 27 29 25 28  6  3  2  5  1  4
 21 24 19 22 20 23 26 28 27 29 30 25  3  2  5  4  6  1 12  8  9 11  7 10 18 15 14 17 13 16
  3  6  1  4  2  5  8 10  9 11 12  7 15 14 17 16 18 13 24 20 21 23 19 22 30 27 26 29 25 28
 16 13 14 17 15 18 21 23 22 24 19 20 28 27 30 29 25 26  1  3  4  6  2  5  7 10  9 12  8 11
 22 19 20 23 21 24 27 29 28 30 25 26  4  3  6  5  1  2  7  9 10 12  8 11 13 16 15 18 14 17
 10  7  8 11  9 12 15 17 16 18 13 14 22 21 24 23 19 20 25 27 28 30 26 29  1  4  3  6  2  5
 28 25 26 29 27 30  3  5  4  6  1  2 10  9 12 11  7  8 13 15 16 18 14 17 19 22 21 24 20 23
  4  1  2  5  3  6  9 11 10 12  7  8 16 15 18 17 13 14 19 21 22 24 20 23 25 28 27 30 26 29
 29 26 27 30 28 25  4  6  5  1  2  3 11 10  7 12  8  9 14 16 17 13 15 18 20 23 22 19 21 24
 11  8  9 12 10  7 16 18 17 13 14 15 23 22 19 24 20 21 26 28 29 25 27 30  2  5  4  1  3  6
 23 20 21 24 22 19 28 30 29 25 26 27  5  4  1  6  2  3  8 10 11  7  9 12 14 17 16 13 15 18
  5  2  3  6  4  1 10 12 11  7  8  9 17 16 13 18 14 15 20 22 23 19 21 24 26 29 28 25 27 30
 17 14 15 18 16 13 22 24 23 19 20 21 29 28 25 30 26 27  2  4  5  1  3  6  8 11 10  7  9 12
