 43 41 42 48 45 46 44 47 50 49 55 54 52 56 53 51 58 62 60 61 63 59 57 64 70 67 72 71 65 69 68 66 76 78 75 79 80 74 77 73  7  4  8  2  1  6  3  5 15 16 12 11  9 10 13 14 17 19 20 22 18 21 24 23 30 25 27 31 32 28 26 29 34 35 33 36 37 38 39 40
 19 17 18 24 21 22 20 23 26 25 31 30 28 32 29 27 34 38 36 37 39 35 33 40 46 43 48 47 41 45 44 42 52 54 51 55 56 50 53 49 63 60 64 58 57 62 59 61 71 72 68 67 65 66 69 70 73 75 76 78 74 77 80 79  6  1  3  7  8  4  2  5 10 11  9 12 13 14 15 16
 75 73 74 80 77 78 76 79  2  1  7  6  4  8  5  3 10 14 12 13 15 11  9 16 22 19 24 23 17 21 20 18 28 30 27 31 32 26 29 25 39 36 40 34 33 38 35 37 47 48 44 43 41 42 45 46 49 51 52 54 50 53 56 55 62 57 59 63 64 60 58 61 66 67 65 68 69 70 71 72
  3  1  2  8  5  6  4  7 10  9 15 14 12 16 13 11 18 22 20 21 23 19 17 24 30 27 32 31 25 29 28 26 36 38 35 39 40 34 37 33 47 44 48 42 41 46 43 45 55 56 52 51 49 50 53 54 57 59 60 62 58 61 64 63 70 65 67 71 72 68 66 69 74 75 73 76 77 78 79 80
 51 49 50 56 53 54 52 55 58 57 63 62 60 64 61 59 66 70 68 69 71 67 65 72 78 75 80 79 73 77 76 74  4  6  3  7  8  2  5  1 15 12 16 10  9 14 11 13 23 24 20 19 17 18 21 22 25 27 28 30 26 29 32 31 38 33 35 39 40 36 34 37 42 43 41 44 45 46 47 48
 67 65 66 72 69 70 68 71 74 73 79 78 76 80 77 75  2  6  4  5  7  3  1  8 14 11 16 15  9 13 12 10 20 22 19 23 24 18 21 17 31 28 32 26 25 30 27 29 39 40 36 35 33 34 37 38 41 43 44 46 42 45 48 47 54 49 51 55 56 52 50 53 58 59 57 60 61 62 63 64
 11  9 10 16 13 14 12 15 18 17 23 22 20 24 21 19 26 30 28 29 31 27 25 32 38 35 40 39 33 37 36 34 44 46 43 47 48 42 45 41 55 52 56 50 49 54 51 53 63 64 60 59 57 58 61 62 65 67 68 70 66 69 72 71 78 73 75 79 80 76 74 77  2  3  1  4  5  6  7  8
 59 57 58 64 61 62 60 63 66 65 71 70 68 72 69 67 74 78 76 77 79 75 73 80  6  3  8  7  1  5  4  2 12 14 11 15 16 10 13  9 23 20 24 18 17 22 19 21 31 32 28 27 25 26 29 30 33 35 36 38 34 37 40 39 46 41 43 47 48 44 42 45 50 51 49 52 53 54 55 56
 35 33 34 40 37 38 36 39 42 41 47 46 44 48 45 43 50 54 52 53 55 51 49 56 62 59 64 63 57 61 60 58 68 70 67 71 72 66 69 65 79 76 80 74 73 78 75 77  7  8  4  3  1  2  5  6  9 11 12 14 10 13 16 15 22 17 19 23 24 20 18 21 26 27 25 28 29 30 31 32
 27 25 26 32 29 30 28 31 34 33 39 38 36 40 37 35 42 46 44 45 47 43 41 48 54 51 56 55 49 53 52 50 60 62 59 63 64 58 61 57 71 68 72 66 65 70 67 69 79 80 76 75 73 74 77 78  1  3  4  6  2  5  8  7 14  9 11 15 16 12 10 13 18 19 17 20 21 22 23 24
 12 10 11  9 14 15 13 16 19 18 24 23 21 17 22 20 27 31 29 30 32 28 26 25 39 36 33 40 34 38 37 35 45 47 44 48 41 43 46 42 56 53 49 51 50 55 52 54 64 57 61 60 58 59 62 63 66 68 69 71 67 70 65 72 79 74 76 80 73 77 75 78  3  4  2  5  6  7  8  1
 20 18 19 17 22 23 21 24 27 26 32 31 29 25 30 28 35 39 37 38 40 36 34 33 47 44 41 48 42 46 45 43 53 55 52 56 49 51 54 50 64 61 57 59 58 63 60 62 72 65 69 68 66 67 70 71 74 76 77 79 75 78 73 80  7  2  4  8  1  5  3  6 11 12 10 13 14 15 16  9
 52 50 51 49 54 55 53 56 59 58 64 63 61 57 62 60 67 71 69 70 72 68 66 65 79 76 73 80 74 78 77 75  5  7  4  8  1  3  6  2 16 13  9 11 10 15 12 14 24 17 21 20 18 19 22 23 26 28 29 31 27 30 25 32 39 34 36 40 33 37 35 38 43 44 42 45 46 47 48 41
 76 74 75 73 78 79 77 80  3  2  8  7  5  1  6  4 11 15 13 14 16 12 10  9 23 20 17 24 18 22 21 19 29 31 28 32 25 27 30 26 40 37 33 35 34 39 36 38 48 41 45 44 42 43 46 47 50 52 53 55 51 54 49 56 63 58 60 64 57 61 59 62 67 68 66 69 70 71 72 65
 60 58 59 57 62 63 61 64 67 66 72 71 69 65 70 68 75 79 77 78 80 76 74 73  7  4  1  8  2  6  5  3 13 15 12 16  9 11 14 10 24 21 17 19 18 23 20 22 32 25 29 28 26 27 30 31 34 36 37 39 35 38 33 40 47 42 44 48 41 45 43 46 51 52 50 53 54 55 56 49
 44 42 43 41 46 47 45 48 51 50 56 55 53 49 54 52 59 63 61 62 64 60 58 57 71 68 65 72 66 70 69 67 77 79 76 80 73 75 78 74  8  5  1  3  2  7  4  6 16  9 13 12 10 11 14 15 18 20 21 23 19 22 17 24 31 26 28 32 25 29 27 30 35 36 34 37 38 39 40 33
 28 26 27 25 30 31 29 32 35 34 40 39 37 33 38 36 43 47 45 46 48 44 42 41 55 52 49 56 50 54 53 51 61 63 60 64 57 59 62 58 72 69 65 67 66 71 68 70 80 73 77 76 74 75 78 79  2  4  5  7  3  6  1  8 15 10 12 16  9 13 11 14 19 20 18 21 22 23 24 17
 36 34 35 33 38 39 37 40 43 42 48 47 45 41 46 44 51 55 53 54 56 52 50 49 63 60 57 64 58 62 61 59 69 71 68 72 65 67 70 66 80 77 73 75 74 79 76 78  8  1  5  4  2  3  6  7 10 12 13 15 11 14  9 16 23 18 20 24 17 21 19 22 27 28 26 29 30 31 32 25
  4  2  3  1  6  7  5  8 11 10 16 15 13  9 14 12 19 23 21 22 24 20 18 17 31 28 25 32 26 30 29 27 37 39 36 40 33 35 38 34 48 45 41 43 42 47 44 46 56 49 53 52 50 51 54 55 58 60 61 63 59 62 57 64 71 66 68 72 65 69 67 70 75 76 74 77 78 79 80 73
 68 66 67 65 70 71 69 72 75 74 80 79 77 73 78 76  3  7  5  6  8  4  2  1 15 12  9 16 10 14 13 11 21 23 20 24 17 19 22 18 32 29 25 27 26 31 28 30 40 33 37 36 34 35 38 39 42 44 45 47 43 46 41 48 55 50 52 56 49 53 51 54 59 60 58 61 62 63 64 57
 77 75 76 74 79 80 78 73  4  3  1  8  6  2  7  5 12 16 14 15  9 13 11 10 24 21 18 17 19 23 22 20 30 32 29 25 26 28 31 27 33 38 34 36 35 40 37 39 41 42 46 45 43 44 47 48 51 53 54 56 52 55 50 49 64 59 61 57 58 62 60 63 68 69 67 70 71 72 65 66
 13 11 12 10 15 16 14  9 20 19 17 24 22 18 23 21 28 32 30 31 25 29 27 26 40 37 34 33 35 39 38 36 46 48 45 41 42 44 47 43 49 54 50 52 51 56 53 55 57 58 62 61 59 60 63 64 67 69 70 72 68 71 66 65 80 75 77 73 74 78 76 79  4  5  3  6  7  8  1  2
 37 35 36 34 39 40 38 33 44 43 41 48 46 42 47 45 52 56 54 55 49 53 51 50 64 61 58 57 59 63 62 60 70 72 69 65 66 68 71 67 73 78 74 76 75 80 77 79  1  2  6  5  3  4  7  8 11 13 14 16 12 15 10  9 24 19 21 17 18 22 20 23 28 29 27 30 31 32 25 26
  5  3  4  2  7  8  6  1 12 11  9 16 14 10 15 13 20 24 22 23 17 21 19 18 32 29 26 25 27 31 30 28 38 40 37 33 34 36 39 35 41 46 42 44 43 48 45 47 49 50 54 53 51 52 55 56 59 61 62 64 60 63 58 57 72 67 69 65 66 70 68 71 76 77 75 78 79 80 73 74
 45 43 44 42 47 48 46 41 52 51 49 56 54 50 55 53 60 64 62 63 57 61 59 58 72 69 66 65 67 71 70 68 78 80 77 73 74 76 79 75  1  6  2  4  3  8  5  7  9 10 14 13 11 12 15 16 19 21 22 24 20 23 18 17 32 27 29 25 26 30 28 31 36 37 35 38 39 40 33 34
 69 67 68 66 71 72 70 65 76 75 73 80 78 74 79 77  4  8  6  7  1  5  3  2 16 13 10  9 11 15 14 12 22 24 21 17 18 20 23 19 25 30 26 28 27 32 29 31 33 34 38 37 35 36 39 40 43 45 46 48 44 47 42 41 56 51 53 49 50 54 52 55 60 61 59 62 63 64 57 58
 61 59 60 58 63 64 62 57 68 67 65 72 70 66 71 69 76 80 78 79 73 77 75 74  8  5  2  1  3  7  6  4 14 16 13  9 10 12 15 11 17 22 18 20 19 24 21 23 25 26 30 29 27 28 31 32 35 37 38 40 36 39 34 33 48 43 45 41 42 46 44 47 52 53 51 54 55 56 49 50
 21 19 20 18 23 24 22 17 28 27 25 32 30 26 31 29 36 40 38 39 33 37 35 34 48 45 42 41 43 47 46 44 54 56 53 49 50 52 55 51 57 62 58 60 59 64 61 63 65 66 70 69 67 68 71 72 75 77 78 80 76 79 74 73  8  3  5  1  2  6  4  7 12 13 11 14 15 16  9 10
 53 51 52 50 55 56 54 49 60 59 57 64 62 58 63 61 68 72 70 71 65 69 67 66 80 77 74 73 75 79 78 76  6  8  5  1  2  4  7  3  9 14 10 12 11 16 13 15 17 18 22 21 19 20 23 24 27 29 30 32 28 31 26 25 40 35 37 33 34 38 36 39 44 45 43 46 47 48 41 42
 29 27 28 26 31 32 30 25 36 35 33 40 38 34 39 37 44 48 46 47 41 45 43 42 56 53 50 49 51 55 54 52 62 64 61 57 58 60 63 59 65 70 66 68 67 72 69 71 73 74 78 77 75 76 79 80  3  5  6  8  4  7  2  1 16 11 13  9 10 14 12 15 20 21 19 22 23 24 17 18
  6  4  5  3  8  1  7  2 13 12 10  9 15 11 16 14 21 17 23 24 18 22 20 19 25 30 27 26 28 32 31 29 39 33 38 34 35 37 40 36 42 47 43 45 44 41 46 48 50 51 55 54 52 53 56 49 60 62 63 57 61 64 59 58 65 68 70 66 67 71 69 72 77 78 76 79 80 73 74 75
 78 76 77 75 80 73 79 74  5  4  2  1  7  3  8  6 13  9 15 16 10 14 12 11 17 22 19 18 20 24 23 21 31 25 30 26 27 29 32 28 34 39 35 37 36 33 38 40 42 43 47 46 44 45 48 41 52 54 55 49 53 56 51 50 57 60 62 58 59 63 61 64 69 70 68 71 72 65 66 67
 54 52 53 51 56 49 55 50 61 60 58 57 63 59 64 62 69 65 71 72 66 70 68 67 73 78 75 74 76 80 79 77  7  1  6  2  3  5  8  4 10 15 11 13 12  9 14 16 18 19 23 22 20 21 24 17 28 30 31 25 29 32 27 26 33 36 38 34 35 39 37 40 45 46 44 47 48 41 42 43
 30 28 29 27 32 25 31 26 37 36 34 33 39 35 40 38 45 41 47 48 42 46 44 43 49 54 51 50 52 56 55 53 63 57 62 58 59 61 64 60 66 71 67 69 68 65 70 72 74 75 79 78 76 77 80 73  4  6  7  1  5  8  3  2  9 12 14 10 11 15 13 16 21 22 20 23 24 17 18 19
 38 36 37 35 40 33 39 34 45 44 42 41 47 43 48 46 53 49 55 56 50 54 52 51 57 62 59 58 60 64 63 61 71 65 70 66 67 69 72 68 74 79 75 77 76 73 78 80  2  3  7  6  4  5  8  1 12 14 15  9 13 16 11 10 17 20 22 18 19 23 21 24 29 30 28 31 32 25 26 27
 22 20 21 19 24 17 23 18 29 28 26 25 31 27 32 30 37 33 39 40 34 38 36 35 41 46 43 42 44 48 47 45 55 49 54 50 51 53 56 52 58 63 59 61 60 57 62 64 66 67 71 70 68 69 72 65 76 78 79 73 77 80 75 74  1  4  6  2  3  7  5  8 13 14 12 15 16  9 10 11
 62 60 61 59 64 57 63 58 69 68 66 65 71 67 72 70 77 73 79 80 74 78 76 75  1  6  3  2  4  8  7  5 15  9 14 10 11 13 16 12 18 23 19 21 20 17 22 24 26 27 31 30 28 29 32 25 36 38 39 33 37 40 35 34 41 44 46 42 43 47 45 48 53 54 52 55 56 49 50 51
 46 44 45 43 48 41 47 42 53 52 50 49 55 51 56 54 61 57 63 64 58 62 60 59 65 70 67 66 68 72 71 69 79 73 78 74 75 77 80 76  2  7  3  5  4  1  6  8 10 11 15 14 12 13 16  9 20 22 23 17 21 24 19 18 25 28 30 26 27 31 29 32 37 38 36 39 40 33 34 35
 14 12 13 11 16  9 15 10 21 20 18 17 23 19 24 22 29 25 31 32 26 30 28 27 33 38 35 34 36 40 39 37 47 41 46 42 43 45 48 44 50 55 51 53 52 49 54 56 58 59 63 62 60 61 64 57 68 70 71 65 69 72 67 66 73 76 78 74 75 79 77 80  5  6  4  7  8  1  2  3
 70 68 69 67 72 65 71 66 77 76 74 73 79 75 80 78  5  1  7  8  2  6  4  3  9 14 11 10 12 16 15 13 23 17 22 18 19 21 24 20 26 31 27 29 28 25 30 32 34 35 39 38 36 37 40 33 44 46 47 41 45 48 43 42 49 52 54 50 51 55 53 56 61 62 60 63 64 57 58 59
 47 45 46 44 41 42 48 43 54 53 51 50 56 52 49 55 62 58 64 57 59 63 61 60 66 71 68 67 69 65 72 70 80 74 79 75 76 78 73 77  3  8  4  6  5  2  7  1 11 12 16 15 13 14  9 10 21 23 24 18 22 17 20 19 26 29 31 27 28 32 30 25 38 39 37 40 33 34 35 36
 39 37 38 36 33 34 40 35 46 45 43 42 48 44 41 47 54 50 56 49 51 55 53 52 58 63 60 59 61 57 64 62 72 66 71 67 68 70 65 69 75 80 76 78 77 74 79 73  3  4  8  7  5  6  1  2 13 15 16 10 14  9 12 11 18 21 23 19 20 24 22 17 30 31 29 32 25 26 27 28
  7  5  6  4  1  2  8  3 14 13 11 10 16 12  9 15 22 18 24 17 19 23 21 20 26 31 28 27 29 25 32 30 40 34 39 35 36 38 33 37 43 48 44 46 45 42 47 41 51 52 56 55 53 54 49 50 61 63 64 58 62 57 60 59 66 69 71 67 68 72 70 65 78 79 77 80 73 74 75 76
 23 21 22 20 17 18 24 19 30 29 27 26 32 28 25 31 38 34 40 33 35 39 37 36 42 47 44 43 45 41 48 46 56 50 55 51 52 54 49 53 59 64 60 62 61 58 63 57 67 68 72 71 69 70 65 66 77 79 80 74 78 73 76 75  2  5  7  3  4  8  6  1 14 15 13 16  9 10 11 12
 15 13 14 12  9 10 16 11 22 21 19 18 24 20 17 23 30 26 32 25 27 31 29 28 34 39 36 35 37 33 40 38 48 42 47 43 44 46 41 45 51 56 52 54 53 50 55 49 59 60 64 63 61 62 57 58 69 71 72 66 70 65 68 67 74 77 79 75 76 80 78 73  6  7  5  8  1  2  3  4
 55 53 54 52 49 50 56 51 62 61 59 58 64 60 57 63 70 66 72 65 67 71 69 68 74 79 76 75 77 73 80 78  8  2  7  3  4  6  1  5 11 16 12 14 13 10 15  9 19 20 24 23 21 22 17 18 29 31 32 26 30 25 28 27 34 37 39 35 36 40 38 33 46 47 45 48 41 42 43 44
 79 77 78 76 73 74 80 75  6  5  3  2  8  4  1  7 14 10 16  9 11 15 13 12 18 23 20 19 21 17 24 22 32 26 31 27 28 30 25 29 35 40 36 38 37 34 39 33 43 44 48 47 45 46 41 42 53 55 56 50 54 49 52 51 58 61 63 59 60 64 62 57 70 71 69 72 65 66 67 68
 63 61 62 60 57 58 64 59 70 69 67 66 72 68 65 71 78 74 80 73 75 79 77 76  2  7  4  3  5  1  8  6 16 10 15 11 12 14  9 13 19 24 20 22 21 18 23 17 27 28 32 31 29 30 25 26 37 39 40 34 38 33 36 35 42 45 47 43 44 48 46 41 54 55 53 56 49 50 51 52
 31 29 30 28 25 26 32 27 38 37 35 34 40 36 33 39 46 42 48 41 43 47 45 44 50 55 52 51 53 49 56 54 64 58 63 59 60 62 57 61 67 72 68 70 69 66 71 65 75 76 80 79 77 78 73 74  5  7  8  2  6  1  4  3 10 13 15 11 12 16 14  9 22 23 21 24 17 18 19 20
 71 69 70 68 65 66 72 67 78 77 75 74 80 76 73 79  6  2  8  1  3  7  5  4 10 15 12 11 13  9 16 14 24 18 23 19 20 22 17 21 27 32 28 30 29 26 31 25 35 36 40 39 37 38 33 34 45 47 48 42 46 41 44 43 50 53 55 51 52 56 54 49 62 63 61 64 57 58 59 60
 40 38 39 37 34 35 33 36 47 46 44 43 41 45 42 48 55 51 49 50 52 56 54 53 59 64 61 60 62 58 57 63 65 67 72 68 69 71 66 70 76 73 77 79 78 75 80 74  4  5  1  8  6  7  2  3 14 16  9 11 15 10 13 12 19 22 24 20 21 17 23 18 31 32 30 25 26 27 28 29
 80 78 79 77 74 75 73 76  7  6  4  3  1  5  2  8 15 11  9 10 12 16 14 13 19 24 21 20 22 18 17 23 25 27 32 28 29 31 26 30 36 33 37 39 38 35 40 34 44 45 41 48 46 47 42 43 54 56 49 51 55 50 53 52 59 62 64 60 61 57 63 58 71 72 70 65 66 67 68 69
 48 46 47 45 42 43 41 44 55 54 52 51 49 53 50 56 63 59 57 58 60 64 62 61 67 72 69 68 70 66 65 71 73 75 80 76 77 79 74 78  4  1  5  7  6  3  8  2 12 13  9 16 14 15 10 11 22 24 17 19 23 18 21 20 27 30 32 28 29 25 31 26 39 40 38 33 34 35 36 37
 56 54 55 53 50 51 49 52 63 62 60 59 57 61 58 64 71 67 65 66 68 72 70 69 75 80 77 76 78 74 73 79  1  3  8  4  5  7  2  6 12  9 13 15 14 11 16 10 20 21 17 24 22 23 18 19 30 32 25 27 31 26 29 28 35 38 40 36 37 33 39 34 47 48 46 41 42 43 44 45
  8  6  7  5  2  3  1  4 15 14 12 11  9 13 10 16 23 19 17 18 20 24 22 21 27 32 29 28 30 26 25 31 33 35 40 36 37 39 34 38 44 41 45 47 46 43 48 42 52 53 49 56 54 55 50 51 62 64 57 59 63 58 61 60 67 70 72 68 69 65 71 66 79 80 78 73 74 75 76 77
 16 14 15 13 10 11  9 12 23 22 20 19 17 21 18 24 31 27 25 26 28 32 30 29 35 40 37 36 38 34 33 39 41 43 48 44 45 47 42 46 52 49 53 55 54 51 56 50 60 61 57 64 62 63 58 59 70 72 65 67 71 66 69 68 75 78 80 76 77 73 79 74  7  8  6  1  2  3  4  5
 72 70 71 69 66 67 65 68 79 78 76 75 73 77 74 80  7  3  1  2  4  8  6  5 11 16 13 12 14 10  9 15 17 19 24 20 21 23 18 22 28 25 29 31 30 27 32 26 36 37 33 40 38 39 34 35 46 48 41 43 47 42 45 44 51 54 56 52 53 49 55 50 63 64 62 57 58 59 60 61
 32 30 31 29 26 27 25 28 39 38 36 35 33 37 34 40 47 43 41 42 44 48 46 45 51 56 53 52 54 50 49 55 57 59 64 60 61 63 58 62 68 65 69 71 70 67 72 66 76 77 73 80 78 79 74 75  6  8  1  3  7  2  5  4 11 14 16 12 13  9 15 10 23 24 22 17 18 19 20 21
 64 62 63 61 58 59 57 60 71 70 68 67 65 69 66 72 79 75 73 74 76 80 78 77  3  8  5  4  6  2  1  7  9 11 16 12 13 15 10 14 20 17 21 23 22 19 24 18 28 29 25 32 30 31 26 27 38 40 33 35 39 34 37 36 43 46 48 44 45 41 47 42 55 56 54 49 50 51 52 53
 24 22 23 21 18 19 17 20 31 30 28 27 25 29 26 32 39 35 33 34 36 40 38 37 43 48 45 44 46 42 41 47 49 51 56 52 53 55 50 54 60 57 61 63 62 59 64 58 68 69 65 72 70 71 66 67 78 80 73 75 79 74 77 76  3  6  8  4  5  1  7  2 15 16 14  9 10 11 12 13
 57 63 64 62 59 60 58 61 72 71 69 68 66 70 67 65 80 76 74 75 77 73 79 78  4  1  6  5  7  3  2  8 10 12  9 13 14 16 11 15 21 18 22 24 23 20 17 19 29 30 26 25 31 32 27 28 39 33 34 36 40 35 38 37 44 47 41 45 46 42 48 43 56 49 55 50 51 52 53 54
 17 23 24 22 19 20 18 21 32 31 29 28 26 30 27 25 40 36 34 35 37 33 39 38 44 41 46 45 47 43 42 48 50 52 49 53 54 56 51 55 61 58 62 64 63 60 57 59 69 70 66 65 71 72 67 68 79 73 74 76 80 75 78 77  4  7  1  5  6  2  8  3 16  9 15 10 11 12 13 14
  9 15 16 14 11 12 10 13 24 23 21 20 18 22 19 17 32 28 26 27 29 25 31 30 36 33 38 37 39 35 34 40 42 44 41 45 46 48 43 47 53 50 54 56 55 52 49 51 61 62 58 57 63 64 59 60 71 65 66 68 72 67 70 69 76 79 73 77 78 74 80 75  8  1  7  2  3  4  5  6
  1  7  8  6  3  4  2  5 16 15 13 12 10 14 11  9 24 20 18 19 21 17 23 22 28 25 30 29 31 27 26 32 34 36 33 37 38 40 35 39 45 42 46 48 47 44 41 43 53 54 50 49 55 56 51 52 63 57 58 60 64 59 62 61 68 71 65 69 70 66 72 67 80 73 79 74 75 76 77 78
 49 55 56 54 51 52 50 53 64 63 61 60 58 62 59 57 72 68 66 67 69 65 71 70 76 73 78 77 79 75 74 80  2  4  1  5  6  8  3  7 13 10 14 16 15 12  9 11 21 22 18 17 23 24 19 20 31 25 26 28 32 27 30 29 36 39 33 37 38 34 40 35 48 41 47 42 43 44 45 46
 33 39 40 38 35 36 34 37 48 47 45 44 42 46 43 41 56 52 50 51 53 49 55 54 60 57 62 61 63 59 58 64 66 68 65 69 70 72 67 71 77 74 78 80 79 76 73 75  5  6  2  1  7  8  3  4 15  9 10 12 16 11 14 13 20 23 17 21 22 18 24 19 32 25 31 26 27 28 29 30
 73 79 80 78 75 76 74 77  8  7  5  4  2  6  3  1 16 12 10 11 13  9 15 14 20 17 22 21 23 19 18 24 26 28 25 29 30 32 27 31 37 34 38 40 39 36 33 35 45 46 42 41 47 48 43 44 55 49 50 52 56 51 54 53 60 63 57 61 62 58 64 59 72 65 71 66 67 68 69 70
 65 71 72 70 67 68 66 69 80 79 77 76 74 78 75 73  8  4  2  3  5  1  7  6 12  9 14 13 15 11 10 16 18 20 17 21 22 24 19 23 29 26 30 32 31 28 25 27 37 38 34 33 39 40 35 36 47 41 42 44 48 43 46 45 52 55 49 53 54 50 56 51 64 57 63 58 59 60 61 62
 25 31 32 30 27 28 26 29 40 39 37 36 34 38 35 33 48 44 42 43 45 41 47 46 52 49 54 53 55 51 50 56 58 60 57 61 62 64 59 63 69 66 70 72 71 68 65 67 77 78 74 73 79 80 75 76  7  1  2  4  8  3  6  5 12 15  9 13 14 10 16 11 24 17 23 18 19 20 21 22
 41 47 48 46 43 44 42 45 56 55 53 52 50 54 51 49 64 60 58 59 61 57 63 62 68 65 70 69 71 67 66 72 74 76 73 77 78 80 75 79  5  2  6  8  7  4  1  3 13 14 10  9 15 16 11 12 23 17 18 20 24 19 22 21 28 31 25 29 30 26 32 27 40 33 39 34 35 36 37 38
  2  8  1  7  4  5  3  6  9 16 14 13 11 15 12 10 17 21 19 20 22 18 24 23 29 26 31 30 32 28 27 25 35 37 34 38 39 33 36 40 46 43 47 41 48 45 42 44 54 55 51 50 56 49 52 53 64 58 59 61 57 60 63 62 69 72 66 70 71 67 65 68 73 74 80 75 76 77 78 79
 18 24 17 23 20 21 19 22 25 32 30 29 27 31 28 26 33 37 35 36 38 34 40 39 45 42 47 46 48 44 43 41 51 53 50 54 55 49 52 56 62 59 63 57 64 61 58 60 70 71 67 66 72 65 68 69 80 74 75 77 73 76 79 78  5  8  2  6  7  3  1  4  9 10 16 11 12 13 14 15
 50 56 49 55 52 53 51 54 57 64 62 61 59 63 60 58 65 69 67 68 70 66 72 71 77 74 79 78 80 76 75 73  3  5  2  6  7  1  4  8 14 11 15  9 16 13 10 12 22 23 19 18 24 17 20 21 32 26 27 29 25 28 31 30 37 40 34 38 39 35 33 36 41 42 48 43 44 45 46 47
 66 72 65 71 68 69 67 70 73 80 78 77 75 79 76 74  1  5  3  4  6  2  8  7 13 10 15 14 16 12 11  9 19 21 18 22 23 17 20 24 30 27 31 25 32 29 26 28 38 39 35 34 40 33 36 37 48 42 43 45 41 44 47 46 53 56 50 54 55 51 49 52 57 58 64 59 60 61 62 63
 34 40 33 39 36 37 35 38 41 48 46 45 43 47 44 42 49 53 51 52 54 50 56 55 61 58 63 62 64 60 59 57 67 69 66 70 71 65 68 72 78 75 79 73 80 77 74 76  6  7  3  2  8  1  4  5 16 10 11 13  9 12 15 14 21 24 18 22 23 19 17 20 25 26 32 27 28 29 30 31
 26 32 25 31 28 29 27 30 33 40 38 37 35 39 36 34 41 45 43 44 46 42 48 47 53 50 55 54 56 52 51 49 59 61 58 62 63 57 60 64 70 67 71 65 72 69 66 68 78 79 75 74 80 73 76 77  8  2  3  5  1  4  7  6 13 16 10 14 15 11  9 12 17 18 24 19 20 21 22 23
 74 80 73 79 76 77 75 78  1  8  6  5  3  7  4  2  9 13 11 12 14 10 16 15 21 18 23 22 24 20 19 17 27 29 26 30 31 25 28 32 38 35 39 33 40 37 34 36 46 47 43 42 48 41 44 45 56 50 51 53 49 52 55 54 61 64 58 62 63 59 57 60 65 66 72 67 68 69 70 71
 10 16  9 15 12 13 11 14 17 24 22 21 19 23 20 18 25 29 27 28 30 26 32 31 37 34 39 38 40 36 35 33 43 45 42 46 47 41 44 48 54 51 55 49 56 53 50 52 62 63 59 58 64 57 60 61 72 66 67 69 65 68 71 70 77 80 74 78 79 75 73 76  1  2  8  3  4  5  6  7
 42 48 41 47 44 45 43 46 49 56 54 53 51 55 52 50 57 61 59 60 62 58 64 63 69 66 71 70 72 68 67 65 75 77 74 78 79 73 76 80  6  3  7  1  8  5  2  4 14 15 11 10 16  9 12 13 24 18 19 21 17 20 23 22 29 32 26 30 31 27 25 28 33 34 40 35 36 37 38 39
 58 64 57 63 60 61 59 62 65 72 70 69 67 71 68 66 73 77 75 76 78 74 80 79  5  2  7  6  8  4  3  1 11 13 10 14 15  9 12 16 22 19 23 17 24 21 18 20 30 31 27 26 32 25 28 29 40 34 35 37 33 36 39 38 45 48 42 46 47 43 41 44 49 50 56 51 52 53 54 55
