 19 21 23 24 22 20 25 28 30 26 27 29 34 32 36 31 33 35  5  6  3  2  1  4 10  7 12  9 11  8 16 14 13 17 18 15
 13 15 17 18 16 14 19 22 24 20 21 23 28 26 30 25 27 29 35 36 33 32 31 34  4  1  6  3  5  2 10  8  7 11 12  9
 25 27 29 30 28 26 31 34 36 32 33 35  4  2  6  1  3  5 11 12  9  8  7 10 16 13 18 15 17 14 22 20 19 23 24 21
  7  9 11 12 10  8 13 16 18 14 15 17 22 20 24 19 21 23 29 30 27 26 25 28 34 31 36 33 35 32  4  2  1  5  6  3
 31 33 35 36 34 32  1  4  6  2  3  5 10  8 12  7  9 11 17 18 15 14 13 16 22 19 24 21 23 20 28 26 25 29 30 27
  1  3  5  6  4  2  7 10 12  8  9 11 16 14 18 13 15 17 23 24 21 20 19 22 28 25 30 27 29 26 34 32 31 35 36 33
 14 16 18 13 17 15 20 23 19 21 22 24 29 27 25 26 28 30 36 31 34 33 32 35  5  2  1  4  6  3 11  9  8 12  7 10
 20 22 24 19 23 21 26 29 25 27 28 30 35 33 31 32 34 36  6  1  4  3  2  5 11  8  7 10 12  9 17 15 14 18 13 16
 26 28 30 25 29 27 32 35 31 33 34 36  5  3  1  2  4  6 12  7 10  9  8 11 17 14 13 16 18 15 23 21 20 24 19 22
  8 10 12  7 11  9 14 17 13 15 16 18 23 21 19 20 22 24 30 25 28 27 26 29 35 32 31 34 36 33  5  3  2  6  1  4
  2  4  6  1  5  3  8 11  7  9 10 12 17 15 13 14 16 18 24 19 22 21 20 23 29 26 25 28 30 27 35 33 32 36 31 34
 32 34 36 31 35 33  2  5  1  3  4  6 11  9  7  8 10 12 18 13 16 15 14 17 23 20 19 22 24 21 29 27 26 30 25 28
 33 35 31 32 36 34  3  6  2  4  5  1 12 10  8  9 11  7 13 14 17 16 15 18 24 21 20 23 19 22 30 28 27 25 26 29
  3  5  1  2  6  4  9 12  8 10 11  7 18 16 14 15 17 13 19 20 23 22 21 24 30 27 26 29 25 28 36 34 33 31 32 35
 27 29 25 26 30 28 33 36 32 34 35 31  6  4  2  3  5  1  7  8 11 10  9 12 18 15 14 17 13 16 24 22 21 19 20 23
 15 17 13 14 18 16 21 24 20 22 23 19 30 28 26 27 29 25 31 32 35 34 33 36  6  3  2  5  1  4 12 10  9  7  8 11
  9 11  7  8 12 10 15 18 14 16 17 13 24 22 20 21 23 19 25 26 29 28 27 30 36 33 32 35 31 34  6  4  3  1  2  5
 21 23 19 20 24 22 27 30 26 28 29 25 36 34 32 33 35 31  1  2  5  4  3  6 12  9  8 11  7 10 18 16 15 13 14 17
 28 30 26 27 25 29 34 31 33 35 36 32  1  5  3  4  6  2  8  9 12 11 10  7 13 16 15 18 14 17 19 23 22 20 21 24
 10 12  8  9  7 11 16 13 15 17 18 14 19 23 21 22 24 20 26 27 30 29 28 25 31 34 33 36 32 35  1  5  4  2  3  6
 16 18 14 15 13 17 22 19 21 23 24 20 25 29 27 28 30 26 32 33 36 35 34 31  1  4  3  6  2  5  7 11 10  8  9 12
 34 36 32 33 31 35  4  1  3  5  6  2  7 11  9 10 12  8 14 15 18 17 16 13 19 22 21 24 20 23 25 29 28 26 27 30
  4  6  2  3  1  5 10  7  9 11 12  8 13 17 15 16 18 14 20 21 24 23 22 19 25 28 27 30 26 29 31 35 34 32 33 36
 22 24 20 21 19 23 28 25 27 29 30 26 31 35 33 34 36 32  2  3  6  5  4  1  7 10  9 12  8 11 13 17 16 14 15 18
 29 25 27 28 26 30 35 32 34 36 31 33  2  6  4  5  1  3  9 10  7 12 11  8 14 17 16 13 15 18 20 24 23 21 22 19
 35 31 33 34 32 36  5  2  4  6  1  3  8 12 10 11  7  9 15 16 13 18 17 14 20 23 22 19 21 24 26 30 29 27 28 25
  5  1  3  4  2  6 11  8 10 12  7  9 14 18 16 17 13 15 21 22 19 24 23 20 26 29 28 25 27 30 32 36 35 33 34 31
 11  7  9 10  8 12 17 14 16 18 13 15 20 24 22 23 19 21 27 28 25 30 29 26 32 35 34 31 33 36  2  6  5  3  4  1
 17 13 15 16 14 18 23 20 22 24 19 21 26 30 28 29 25 27 33 34 31 36 35 32  2  5  4  1  3  6  8 12 11  9 10  7
 23 19 21 22 20 24 29 26 28 30 25 27 32 36 34 35 31 33  3  4  1  6  5  2  8 11 10  7  9 12 14 18 17 15 16 13
 30 26 28 29 27 25 36 33 35 31 32 34  3  1  5  6  2  4 10 11  8  7 12  9 15 18 17 14 16 13 21 19 24 22 23 20
 18 14 16 17 15 13 24 21 23 19 20 22 27 25 29 30 26 28 34 35 32 31 36 33  3  6  5  2  4  1  9  7 12 10 11  8
 36 32 34 35 33 31  6  3  5  1  2  4  9  7 11 12  8 10 16 17 14 13 18 15 21 24 23 20 22 19 27 25 30 28 29 26
 12  8 10 11  9  7 18 15 17 13 14 16 21 19 23 24 20 22 28 29 26 25 30 27 33 36 35 32 34 31  3  1  6  4  5  2
  6  2  4  5  3  1 12  9 11  7  8 10 15 13 17 18 14 16 22 23 20 19 24 21 27 30 29 26 28 25 33 31 36 34 35 32
 24 20 22 23 21 19 30 27 29 25 26 28 33 31 35 36 32 34  4  5  2  1  6  3  9 12 11  8 10  7 15 13 18 16 17 14
