  7  2 17  4 16 15  9 12  5 13 10  3 11 14  8  1  6
  2  6  1 17  9  4 16  5 14 11  8 13  3  7 12 10 15
 13 14 16  9  6 10  5  2 17 12  7 11 15  8  3  4  1
 15  4 14 16 17  9 12  3  7  5 11  1 13  6  2  8 10
  9 16  4 12  3 17  6 10  2 14  5  8  7 11  1 15 13
 11 15  9  8  4 16 17  1 12  2  6  5 14  3 10 13  7
  1 11  2  3  8  5  4 16  9 10 14 12  6 13 15  7 17
  5  1  7 15  2 14  3  4 11  8 16  6  9 10 13 17 12
  4 13  8 14  7  1 15 17  3  6  9 10  5 12 16  2 11
 16 10  5 13 11  8  1  9  4 15 17 14 12  2  7  6  3
 12 17  6  1 10  7  8 11 13  3  2  4 16 15 14  9  5
 17 12 11  6  5  3  7  8 16  9 13 15 10  1  4 14  2
  6  7 13 11 14  2 10 15  8 16  3  9  1  5 17 12  4
 10  9  3  2 13  6 11  7 15  1 12 17  8  4  5 16 14
 14  5 12 10 15 13  2  6  1  7  4 16 17  9 11  3  8
  8  3 15  7 12 11 14 13 10 17  1  2  4 16  6  5  9
  3  8 10  5  1 12 13 14  6  4 15  7  2 17  9 11 16
