  6 12 13  2 14  1 17 11 15  4  5  3 16  7  9  8 10
  9  6  7 13 16 11  1 17  8  3 14 10 12  2  5 15  4
  5 17 12  7 13  9 11  1 16 10  4  2 15  8 14  6  3
 13 11 16 12  4 10  2 15  5 14  3 17  8  9  6  1  7
  1 15  6 11 10  4 16  3 12  7 13  5  2 14  8  9 17
 15  3 11 14  1  2  4 16 13  5  7  8 10  6 12 17  9
 17  5  9  4 12 13 14  6  7  8  2  1  3 10 15 16 11
  8  2  5 15 11  6 13  9  3 16 17 12  7  4 10 14  1
  3  9 14 16 17 12 10  5 11  1 15  7  6 13  2  4  8
 16  8 17  6  3 14  5 13 10  2  1  4  9 12  7 11 15
 14  1  2  8  6  7 12  4  9 13 16 11 17 15  3 10  5
 12 13  8 17  9  3  6 14  4 11 10 15  5  1 16  7  2
 10  4  1  9  8 16 15  7  2 17 11  6 14  3 13  5 12
  7 10  4  5  2 17  9  8 14 15 12 13  1 16 11  3  6
  2  7 15 10  5  8  3 12 17  6  9 14  4 11  1 13 16
 11 16  3  1 15  5  7 10  6 12  8  9 13 17  4  2 14
  4 14 10  3  7 15  8  2  1  9  6 16 11  5 17 12 13
