  9  6  3  1 14 16 13 17  8 10  2  4  7  5 12 11 15
 14  8  7  2 15  9  6 10 17 16 12  5 13 11  1  4  3
 12  9  4 11  5 13  7 14 15 17  8 16 10  6  2  3  1
  1  7  6 17 12 14 11  9  2 13 15  8 16  3  5 10  4
 16 14  2  9 11 17 10 12  4 15  6  3  1 13  7  8  5
 17  2  9 13  8  3 16  1 10  5  7 15  6 14  4 12 11
  2 13 16  8  1 11 12  6  5  9 10 17 14  4  3 15  7
  6  1 12  3  2  4  9 13 16  8 17 10  5 15 11  7 14
 10 16  5  7 17  1  3 11 13 14  9  2  4 12 15  6  8
  3 17 13  6  7  8 14 16  9  4  5 11 15  1 10  2 12
  4 11  1 15 10 12  8  2  3  7 16 13 17  9 14  5  6
  7  4 14  5  9  2 17 15  6 12 11  1  3 10  8 16 13
 11 15 17  4  6  7  1  5 14  3 13 12  2  8 16  9 10
 15  5 11 14  4 10  2  8 12  1  3  7  9 17  6 13 16
  8  3 10 16 13 15  5  7  1 11  4  6 12  2 17 14  9
 13 10  8 12  3  5 15  4  7  6  1 14 11 16  9 17  2
  5 12 15 10 16  6  4  3 11  2 14  9  8  7 13  1 17
