 44 39 42 43 38 40 45 41 37 48 54 51 50 46 53 52 49 47  2  1  6  5  4  9  3  8  7 15 10 13 17 16 11 12 14 18 20 22 26 23 19 25 27 21 24 34 28 31 36 33 30 35 32 29
 53 48 51 52 47 49 54 50 46  3  9  6  5  1  8  7  4  2 11 10 15 14 13 18 12 17 16 24 19 22 26 25 20 21 23 27 29 31 35 32 28 34 36 30 33 43 37 40 45 42 39 44 41 38
  8  3  6  7  2  4  9  5  1 12 18 15 14 10 17 16 13 11 20 19 24 23 22 27 21 26 25 33 28 31 35 34 29 30 32 36 38 40 44 41 37 43 45 39 42 52 46 49 54 51 48 53 50 47
 35 30 33 34 29 31 36 32 28 39 45 42 41 37 44 43 40 38 47 46 51 50 49 54 48 53 52  6  1  4  8  7  2  3  5  9 11 13 17 14 10 16 18 12 15 25 19 22 27 24 21 26 23 20
 17 12 15 16 11 13 18 14 10 21 27 24 23 19 26 25 22 20 29 28 33 32 31 36 30 35 34 42 37 40 44 43 38 39 41 45 47 49 53 50 46 52 54 48 51  7  1  4  9  6  3  8  5  2
 26 21 24 25 20 22 27 23 19 30 36 33 32 28 35 34 31 29 38 37 42 41 40 45 39 44 43 51 46 49 53 52 47 48 50 54  2  4  8  5  1  7  9  3  6 16 10 13 18 15 12 17 14 11
  9  4  7  8  3  5  1  6  2 13 10 16 15 11 18 17 14 12 21 20 25 24 23 19 22 27 26 34 29 32 36 35 30 31 33 28 39 41 45 42 38 44 37 40 43 53 47 50 46 52 49 54 51 48
 18 13 16 17 12 14 10 15 11 22 19 25 24 20 27 26 23 21 30 29 34 33 32 28 31 36 35 43 38 41 45 44 39 40 42 37 48 50 54 51 47 53 46 49 52  8  2  5  1  7  4  9  6  3
 27 22 25 26 21 23 19 24 20 31 28 34 33 29 36 35 32 30 39 38 43 42 41 37 40 45 44 52 47 50 54 53 48 49 51 46  3  5  9  6  2  8  1  4  7 17 11 14 10 16 13 18 15 12
 54 49 52 53 48 50 46 51 47  4  1  7  6  2  9  8  5  3 12 11 16 15 14 10 13 18 17 25 20 23 27 26 21 22 24 19 30 32 36 33 29 35 28 31 34 44 38 41 37 43 40 45 42 39
 45 40 43 44 39 41 37 42 38 49 46 52 51 47 54 53 50 48  3  2  7  6  5  1  4  9  8 16 11 14 18 17 12 13 15 10 21 23 27 24 20 26 19 22 25 35 29 32 28 34 31 36 33 30
 36 31 34 35 30 32 28 33 29 40 37 43 42 38 45 44 41 39 48 47 52 51 50 46 49 54 53  7  2  5  9  8  3  4  6  1 12 14 18 15 11 17 10 13 16 26 20 23 19 25 22 27 24 21
  1  5  8  9  4  6  2  7  3 14 11 17 16 12 10 18 15 13 22 21 26 25 24 20 23 19 27 35 30 33 28 36 31 32 34 29 40 42 37 43 39 45 38 41 44 54 48 51 47 53 50 46 52 49
 46 50 53 54 49 51 47 52 48  5  2  8  7  3  1  9  6  4 13 12 17 16 15 11 14 10 18 26 21 24 19 27 22 23 25 20 31 33 28 34 30 36 29 32 35 45 39 42 38 44 41 37 43 40
 10 14 17 18 13 15 11 16 12 23 20 26 25 21 19 27 24 22 31 30 35 34 33 29 32 28 36 44 39 42 37 45 40 41 43 38 49 51 46 52 48 54 47 50 53  9  3  6  2  8  5  1  7  4
 37 41 44 45 40 42 38 43 39 50 47 53 52 48 46 54 51 49  4  3  8  7  6  2  5  1  9 17 12 15 10 18 13 14 16 11 22 24 19 25 21 27 20 23 26 36 30 33 29 35 32 28 34 31
 28 32 35 36 31 33 29 34 30 41 38 44 43 39 37 45 42 40 49 48 53 52 51 47 50 46 54  8  3  6  1  9  4  5  7  2 13 15 10 16 12 18 11 14 17 27 21 24 20 26 23 19 25 22
 19 23 26 27 22 24 20 25 21 32 29 35 34 30 28 36 33 31 40 39 44 43 42 38 41 37 45 53 48 51 46 54 49 50 52 47  4  6  1  7  3  9  2  5  8 18 12 15 11 17 14 10 16 13
 38 42 45 37 41 43 39 44 40 51 48 54 53 49 47 46 52 50  5  4  9  8  7  3  6  2  1 18 13 16 11 10 14 15 17 12 23 25 20 26 22 19 21 24 27 28 31 34 30 36 33 29 35 32
 29 33 36 28 32 34 30 35 31 42 39 45 44 40 38 37 43 41 50 49 54 53 52 48 51 47 46  9  4  7  2  1  5  6  8  3 14 16 11 17 13 10 12 15 18 19 22 25 21 27 24 20 26 23
 47 51 54 46 50 52 48 53 49  6  3  9  8  4  2  1  7  5 14 13 18 17 16 12 15 11 10 27 22 25 20 19 23 24 26 21 32 34 29 35 31 28 30 33 36 37 40 43 39 45 42 38 44 41
 20 24 27 19 23 25 21 26 22 33 30 36 35 31 29 28 34 32 41 40 45 44 43 39 42 38 37 54 49 52 47 46 50 51 53 48  5  7  2  8  4  1  3  6  9 10 13 16 12 18 15 11 17 14
  2  6  9  1  5  7  3  8  4 15 12 18 17 13 11 10 16 14 23 22 27 26 25 21 24 20 19 36 31 34 29 28 32 33 35 30 41 43 38 44 40 37 39 42 45 46 49 52 48 54 51 47 53 50
 11 15 18 10 14 16 12 17 13 24 21 27 26 22 20 19 25 23 32 31 36 35 34 30 33 29 28 45 40 43 38 37 41 42 44 39 50 52 47 53 49 46 48 51 54  1  4  7  3  9  6  2  8  5
 39 43 37 38 42 44 40 45 41 52 49 46 54 50 48 47 53 51  6  5  1  9  8  4  7  3  2 10 14 17 12 11 15 16 18 13 24 26 21 27 23 20 22 25 19 29 32 35 31 28 34 30 36 33
 48 52 46 47 51 53 49 54 50  7  4  1  9  5  3  2  8  6 15 14 10 18 17 13 16 12 11 19 23 26 21 20 24 25 27 22 33 35 30 36 32 29 31 34 28 38 41 44 40 37 43 39 45 42
  3  7  1  2  6  8  4  9  5 16 13 10 18 14 12 11 17 15 24 23 19 27 26 22 25 21 20 28 32 35 30 29 33 34 36 31 42 44 39 45 41 38 40 43 37 47 50 53 49 46 52 48 54 51
 12 16 10 11 15 17 13 18 14 25 22 19 27 23 21 20 26 24 33 32 28 36 35 31 34 30 29 37 41 44 39 38 42 43 45 40 51 53 48 54 50 47 49 52 46  2  5  8  4  1  7  3  9  6
 30 34 28 29 33 35 31 36 32 43 40 37 45 41 39 38 44 42 51 50 46 54 53 49 52 48 47  1  5  8  3  2  6  7  9  4 15 17 12 18 14 11 13 16 10 20 23 26 22 19 25 21 27 24
 21 25 19 20 24 26 22 27 23 34 31 28 36 32 30 29 35 33 42 41 37 45 44 40 43 39 38 46 50 53 48 47 51 52 54 49  6  8  3  9  5  2  4  7  1 11 14 17 13 10 16 12 18 15
 22 26 20 21 25 27 23 19 24 35 32 29 28 33 31 30 36 34 43 42 38 37 45 41 44 40 39 47 51 54 49 48 52 53 46 50  7  9  4  1  6  3  5  8  2 12 15 18 14 11 17 13 10 16
 40 44 38 39 43 45 41 37 42 53 50 47 46 51 49 48 54 52  7  6  2  1  9  5  8  4  3 11 15 18 13 12 16 17 10 14 25 27 22 19 24 21 23 26 20 30 33 36 32 29 35 31 28 34
 13 17 11 12 16 18 14 10 15 26 23 20 19 24 22 21 27 25 34 33 29 28 36 32 35 31 30 38 42 45 40 39 43 44 37 41 52 54 49 46 51 48 50 53 47  3  6  9  5  2  8  4  1  7
  4  8  2  3  7  9  5  1  6 17 14 11 10 15 13 12 18 16 25 24 20 19 27 23 26 22 21 29 33 36 31 30 34 35 28 32 43 45 40 37 42 39 41 44 38 48 51 54 50 47 53 49 46 52
 49 53 47 48 52 54 50 46 51  8  5  2  1  6  4  3  9  7 16 15 11 10 18 14 17 13 12 20 24 27 22 21 25 26 19 23 34 36 31 28 33 30 32 35 29 39 42 45 41 38 44 40 37 43
 31 35 29 30 34 36 32 28 33 44 41 38 37 42 40 39 45 43 52 51 47 46 54 50 53 49 48  2  6  9  4  3  7  8  1  5 16 18 13 10 15 12 14 17 11 21 24 27 23 20 26 22 19 25
 41 45 39 40 44 37 42 38 43 54 51 48 47 52 50 49 46 53  8  7  3  2  1  6  9  5  4 12 16 10 14 13 17 18 11 15 26 19 23 20 25 22 24 27 21 31 34 28 33 30 36 32 29 35
  5  9  3  4  8  1  6  2  7 18 15 12 11 16 14 13 10 17 26 25 21 20 19 24 27 23 22 30 34 28 32 31 35 36 29 33 44 37 41 38 43 40 42 45 39 49 52 46 51 48 54 50 47 53
 50 54 48 49 53 46 51 47 52  9  6  3  2  7  5  4  1  8 17 16 12 11 10 15 18 14 13 21 25 19 23 22 26 27 20 24 35 28 32 29 34 31 33 36 30 40 43 37 42 39 45 41 38 44
 32 36 30 31 35 28 33 29 34 45 42 39 38 43 41 40 37 44 53 52 48 47 46 51 54 50 49  3  7  1  5  4  8  9  2  6 17 10 14 11 16 13 15 18 12 22 25 19 24 21 27 23 20 26
 23 27 21 22 26 19 24 20 25 36 33 30 29 34 32 31 28 35 44 43 39 38 37 42 45 41 40 48 52 46 50 49 53 54 47 51  8  1  5  2  7  4  6  9  3 13 16 10 15 12 18 14 11 17
 14 18 12 13 17 10 15 11 16 27 24 21 20 25 23 22 19 26 35 34 30 29 28 33 36 32 31 39 43 37 41 40 44 45 38 42 53 46 50 47 52 49 51 54 48  4  7  1  6  3  9  5  2  8
 33 28 31 32 36 29 34 30 35 37 43 40 39 44 42 41 38 45 54 53 49 48 47 52 46 51 50  4  8  2  6  5  9  1  3  7 18 11 15 12 17 14 16 10 13 23 26 20 25 22 19 24 21 27
  6  1  4  5  9  2  7  3  8 10 16 13 12 17 15 14 11 18 27 26 22 21 20 25 19 24 23 31 35 29 33 32 36 28 30 34 45 38 42 39 44 41 43 37 40 50 53 47 52 49 46 51 48 54
 24 19 22 23 27 20 25 21 26 28 34 31 30 35 33 32 29 36 45 44 40 39 38 43 37 42 41 49 53 47 51 50 54 46 48 52  9  2  6  3  8  5  7  1  4 14 17 11 16 13 10 15 12 18
 51 46 49 50 54 47 52 48 53  1  7  4  3  8  6  5  2  9 18 17 13 12 11 16 10 15 14 22 26 20 24 23 27 19 21 25 36 29 33 30 35 32 34 28 31 41 44 38 43 40 37 42 39 45
 15 10 13 14 18 11 16 12 17 19 25 22 21 26 24 23 20 27 36 35 31 30 29 34 28 33 32 40 44 38 42 41 45 37 39 43 54 47 51 48 53 50 52 46 49  5  8  2  7  4  1  6  3  9
 42 37 40 41 45 38 43 39 44 46 52 49 48 53 51 50 47 54  9  8  4  3  2  7  1  6  5 13 17 11 15 14 18 10 12 16 27 20 24 21 26 23 25 19 22 32 35 29 34 31 28 33 30 36
 43 38 41 42 37 39 44 40 45 47 53 50 49 54 52 51 48 46  1  9  5  4  3  8  2  7  6 14 18 12 16 15 10 11 13 17 19 21 25 22 27 24 26 20 23 33 36 30 35 32 29 34 31 28
  7  2  5  6  1  3  8  4  9 11 17 14 13 18 16 15 12 10 19 27 23 22 21 26 20 25 24 32 36 30 34 33 28 29 31 35 37 39 43 40 45 42 44 38 41 51 54 48 53 50 47 52 49 46
 16 11 14 15 10 12 17 13 18 20 26 23 22 27 25 24 21 19 28 36 32 31 30 35 29 34 33 41 45 39 43 42 37 38 40 44 46 48 52 49 54 51 53 47 50  6  9  3  8  5  2  7  4  1
 25 20 23 24 19 21 26 22 27 29 35 32 31 36 34 33 30 28 37 45 41 40 39 44 38 43 42 50 54 48 52 51 46 47 49 53  1  3  7  4  9  6  8  2  5 15 18 12 17 14 11 16 13 10
 52 47 50 51 46 48 53 49 54  2  8  5  4  9  7  6  3  1 10 18 14 13 12 17 11 16 15 23 27 21 25 24 19 20 22 26 28 30 34 31 36 33 35 29 32 42 45 39 44 41 38 43 40 37
 34 29 32 33 28 30 35 31 36 38 44 41 40 45 43 42 39 37 46 54 50 49 48 53 47 52 51  5  9  3  7  6  1  2  4  8 10 12 16 13 18 15 17 11 14 24 27 21 26 23 20 25 22 19
