 38 42 41 44 45 37 40 39 43 50 51 54 47 49 46 52 48 53  5  8  4  3  9  7  2  1  6 14 10 13 18 15 17 12 16 11 19 23 27 24 22 25 26 20 21 32 31 29 35 36 34 33 28 30
 29 33 32 35 36 28 31 30 34 41 42 45 38 40 37 43 39 44 50 53 49 48 54 52 47 46 51  5  1  4  9  6  8  3  7  2 10 14 18 15 13 16 17 11 12 23 22 20 26 27 25 24 19 21
 20 24 23 26 27 19 22 21 25 32 33 36 29 31 28 34 30 35 41 44 40 39 45 43 38 37 42 50 46 49 54 51 53 48 52 47  1  5  9  6  4  7  8  2  3 14 13 11 17 18 16 15 10 12
 11 15 14 17 18 10 13 12 16 23 24 27 20 22 19 25 21 26 32 35 31 30 36 34 29 28 33 41 37 40 45 42 44 39 43 38 46 50 54 51 49 52 53 47 48  5  4  2  8  9  7  6  1  3
  2  6  5  8  9  1  4  3  7 14 15 18 11 13 10 16 12 17 23 26 22 21 27 25 20 19 24 32 28 31 36 33 35 30 34 29 37 41 45 42 40 43 44 38 39 50 49 47 53 54 52 51 46 48
 47 51 50 53 54 46 49 48 52  5  6  9  2  4  1  7  3  8 14 17 13 12 18 16 11 10 15 23 19 22 27 24 26 21 25 20 28 32 36 33 31 34 35 29 30 41 40 38 44 45 43 42 37 39
 30 34 33 36 28 29 32 31 35 42 43 37 39 41 38 44 40 45 51 54 50 49 46 53 48 47 52  6  2  5  1  7  9  4  8  3 11 15 10 16 14 17 18 12 13 24 23 21 27 19 26 25 20 22
 39 43 42 45 37 38 41 40 44 51 52 46 48 50 47 53 49 54  6  9  5  4  1  8  3  2  7 15 11 14 10 16 18 13 17 12 20 24 19 25 23 26 27 21 22 33 32 30 36 28 35 34 29 31
 21 25 24 27 19 20 23 22 26 33 34 28 30 32 29 35 31 36 42 45 41 40 37 44 39 38 43 51 47 50 46 52 54 49 53 48  2  6  1  7  5  8  9  3  4 15 14 12 18 10 17 16 11 13
 48 52 51 54 46 47 50 49 53  6  7  1  3  5  2  8  4  9 15 18 14 13 10 17 12 11 16 24 20 23 19 25 27 22 26 21 29 33 28 34 32 35 36 30 31 42 41 39 45 37 44 43 38 40
 12 16 15 18 10 11 14 13 17 24 25 19 21 23 20 26 22 27 33 36 32 31 28 35 30 29 34 42 38 41 37 43 45 40 44 39 47 51 46 52 50 53 54 48 49  6  5  3  9  1  8  7  2  4
  3  7  6  9  1  2  5  4  8 15 16 10 12 14 11 17 13 18 24 27 23 22 19 26 21 20 25 33 29 32 28 34 36 31 35 30 38 42 37 43 41 44 45 39 40 51 50 48 54 46 53 52 47 49
 22 26 25 19 20 21 24 23 27 34 35 29 31 33 30 36 32 28 43 37 42 41 38 45 40 39 44 52 48 51 47 53 46 50 54 49  3  7  2  8  6  9  1  4  5 16 15 13 10 11 18 17 12 14
  4  8  7  1  2  3  6  5  9 16 17 11 13 15 12 18 14 10 25 19 24 23 20 27 22 21 26 34 30 33 29 35 28 32 36 31 39 43 38 44 42 45 37 40 41 52 51 49 46 47 54 53 48 50
 13 17 16 10 11 12 15 14 18 25 26 20 22 24 21 27 23 19 34 28 33 32 29 36 31 30 35 43 39 42 38 44 37 41 45 40 48 52 47 53 51 54 46 49 50  7  6  4  1  2  9  8  3  5
 49 53 52 46 47 48 51 50 54  7  8  2  4  6  3  9  5  1 16 10 15 14 11 18 13 12 17 25 21 24 20 26 19 23 27 22 30 34 29 35 33 36 28 31 32 43 42 40 37 38 45 44 39 41
 40 44 43 37 38 39 42 41 45 52 53 47 49 51 48 54 50 46  7  1  6  5  2  9  4  3  8 16 12 15 11 17 10 14 18 13 21 25 20 26 24 27 19 22 23 34 33 31 28 29 36 35 30 32
 31 35 34 28 29 30 33 32 36 43 44 38 40 42 39 45 41 37 52 46 51 50 47 54 49 48 53  7  3  6  2  8  1  5  9  4 12 16 11 17 15 18 10 13 14 25 24 22 19 20 27 26 21 23
  5  9  8  2  3  4  7  6  1 17 18 12 14 16 13 10 15 11 26 20 25 24 21 19 23 22 27 35 31 34 30 36 29 33 28 32 40 44 39 45 43 37 38 41 42 53 52 50 47 48 46 54 49 51
 50 54 53 47 48 49 52 51 46  8  9  3  5  7  4  1  6  2 17 11 16 15 12 10 14 13 18 26 22 25 21 27 20 24 19 23 31 35 30 36 34 28 29 32 33 44 43 41 38 39 37 45 40 42
 41 45 44 38 39 40 43 42 37 53 54 48 50 52 49 46 51 47  8  2  7  6  3  1  5  4  9 17 13 16 12 18 11 15 10 14 22 26 21 27 25 19 20 23 24 35 34 32 29 30 28 36 31 33
 14 18 17 11 12 13 16 15 10 26 27 21 23 25 22 19 24 20 35 29 34 33 30 28 32 31 36 44 40 43 39 45 38 42 37 41 49 53 48 54 52 46 47 50 51  8  7  5  2  3  1  9  4  6
 32 36 35 29 30 31 34 33 28 44 45 39 41 43 40 37 42 38 53 47 52 51 48 46 50 49 54  8  4  7  3  9  2  6  1  5 13 17 12 18 16 10 11 14 15 26 25 23 20 21 19 27 22 24
 23 27 26 20 21 22 25 24 19 35 36 30 32 34 31 28 33 29 44 38 43 42 39 37 41 40 45 53 49 52 48 54 47 51 46 50  4  8  3  9  7  1  2  5  6 17 16 14 11 12 10 18 13 15
 33 28 36 30 31 32 35 34 29 45 37 40 42 44 41 38 43 39 54 48 53 52 49 47 51 50 46  9  5  8  4  1  3  7  2  6 14 18 13 10 17 11 12 15 16 27 26 24 21 22 20 19 23 25
  6  1  9  3  4  5  8  7  2 18 10 13 15 17 14 11 16 12 27 21 26 25 22 20 24 23 19 36 32 35 31 28 30 34 29 33 41 45 40 37 44 38 39 42 43 54 53 51 48 49 47 46 50 52
 15 10 18 12 13 14 17 16 11 27 19 22 24 26 23 20 25 21 36 30 35 34 31 29 33 32 28 45 41 44 40 37 39 43 38 42 50 54 49 46 53 47 48 51 52  9  8  6  3  4  2  1  5  7
 24 19 27 21 22 23 26 25 20 36 28 31 33 35 32 29 34 30 45 39 44 43 40 38 42 41 37 54 50 53 49 46 48 52 47 51  5  9  4  1  8  2  3  6  7 18 17 15 12 13 11 10 14 16
 51 46 54 48 49 50 53 52 47  9  1  4  6  8  5  2  7  3 18 12 17 16 13 11 15 14 10 27 23 26 22 19 21 25 20 24 32 36 31 28 35 29 30 33 34 45 44 42 39 40 38 37 41 43
 42 37 45 39 40 41 44 43 38 54 46 49 51 53 50 47 52 48  9  3  8  7  4  2  6  5  1 18 14 17 13 10 12 16 11 15 23 27 22 19 26 20 21 24 25 36 35 33 30 31 29 28 32 34
 43 38 37 40 41 42 45 44 39 46 47 50 52 54 51 48 53 49  1  4  9  8  5  3  7  6  2 10 15 18 14 11 13 17 12 16 24 19 23 20 27 21 22 25 26 28 36 34 31 32 30 29 33 35
 25 20 19 22 23 24 27 26 21 28 29 32 34 36 33 30 35 31 37 40 45 44 41 39 43 42 38 46 51 54 50 47 49 53 48 52  6  1  5  2  9  3  4  7  8 10 18 16 13 14 12 11 15 17
 16 11 10 13 14 15 18 17 12 19 20 23 25 27 24 21 26 22 28 31 36 35 32 30 34 33 29 37 42 45 41 38 40 44 39 43 51 46 50 47 54 48 49 52 53  1  9  7  4  5  3  2  6  8
 52 47 46 49 50 51 54 53 48  1  2  5  7  9  6  3  8  4 10 13 18 17 14 12 16 15 11 19 24 27 23 20 22 26 21 25 33 28 32 29 36 30 31 34 35 37 45 43 40 41 39 38 42 44
 34 29 28 31 32 33 36 35 30 37 38 41 43 45 42 39 44 40 46 49 54 53 50 48 52 51 47  1  6  9  5  2  4  8  3  7 15 10 14 11 18 12 13 16 17 19 27 25 22 23 21 20 24 26
  7  2  1  4  5  6  9  8  3 10 11 14 16 18 15 12 17 13 19 22 27 26 23 21 25 24 20 28 33 36 32 29 31 35 30 34 42 37 41 38 45 39 40 43 44 46 54 52 49 50 48 47 51 53
 17 12 11 14 15 16 10 18 13 20 21 24 26 19 25 22 27 23 29 32 28 36 33 31 35 34 30 38 43 37 42 39 41 45 40 44 52 47 51 48 46 49 50 53 54  2  1  8  5  6  4  3  7  9
 44 39 38 41 42 43 37 45 40 47 48 51 53 46 52 49 54 50  2  5  1  9  6  4  8  7  3 11 16 10 15 12 14 18 13 17 25 20 24 21 19 22 23 26 27 29 28 35 32 33 31 30 34 36
  8  3  2  5  6  7  1  9  4 11 12 15 17 10 16 13 18 14 20 23 19 27 24 22 26 25 21 29 34 28 33 30 32 36 31 35 43 38 42 39 37 40 41 44 45 47 46 53 50 51 49 48 52 54
 26 21 20 23 24 25 19 27 22 29 30 33 35 28 34 31 36 32 38 41 37 45 42 40 44 43 39 47 52 46 51 48 50 54 49 53  7  2  6  3  1  4  5  8  9 11 10 17 14 15 13 12 16 18
 53 48 47 50 51 52 46 54 49  2  3  6  8  1  7  4  9  5 11 14 10 18 15 13 17 16 12 20 25 19 24 21 23 27 22 26 34 29 33 30 28 31 32 35 36 38 37 44 41 42 40 39 43 45
 35 30 29 32 33 34 28 36 31 38 39 42 44 37 43 40 45 41 47 50 46 54 51 49 53 52 48  2  7  1  6  3  5  9  4  8 16 11 15 12 10 13 14 17 18 20 19 26 23 24 22 21 25 27
 36 31 30 33 34 35 29 28 32 39 40 43 45 38 44 41 37 42 48 51 47 46 52 50 54 53 49  3  8  2  7  4  6  1  5  9 17 12 16 13 11 14 15 18 10 21 20 27 24 25 23 22 26 19
 54 49 48 51 52 53 47 46 50  3  4  7  9  2  8  5  1  6 12 15 11 10 16 14 18 17 13 21 26 20 25 22 24 19 23 27 35 30 34 31 29 32 33 36 28 39 38 45 42 43 41 40 44 37
 18 13 12 15 16 17 11 10 14 21 22 25 27 20 26 23 19 24 30 33 29 28 34 32 36 35 31 39 44 38 43 40 42 37 41 45 53 48 52 49 47 50 51 54 46  3  2  9  6  7  5  4  8  1
 27 22 21 24 25 26 20 19 23 30 31 34 36 29 35 32 28 33 39 42 38 37 43 41 45 44 40 48 53 47 52 49 51 46 50 54  8  3  7  4  2  5  6  9  1 12 11 18 15 16 14 13 17 10
 45 40 39 42 43 44 38 37 41 48 49 52 54 47 53 50 46 51  3  6  2  1  7  5  9  8  4 12 17 11 16 13 15 10 14 18 26 21 25 22 20 23 24 27 19 30 29 36 33 34 32 31 35 28
  9  4  3  6  7  8  2  1  5 12 13 16 18 11 17 14 10 15 21 24 20 19 25 23 27 26 22 30 35 29 34 31 33 28 32 36 44 39 43 40 38 41 42 45 37 48 47 54 51 52 50 49 53 46
  1  5  4  7  8  9  3  2  6 13 14 17 10 12 18 15 11 16 22 25 21 20 26 24 19 27 23 31 36 30 35 32 34 29 33 28 45 40 44 41 39 42 43 37 38 49 48 46 52 53 51 50 54 47
 37 41 40 43 44 45 39 38 42 49 50 53 46 48 54 51 47 52  4  7  3  2  8  6  1  9  5 13 18 12 17 14 16 11 15 10 27 22 26 23 21 24 25 19 20 31 30 28 34 35 33 32 36 29
 19 23 22 25 26 27 21 20 24 31 32 35 28 30 36 33 29 34 40 43 39 38 44 42 37 45 41 49 54 48 53 50 52 47 51 46  9  4  8  5  3  6  7  1  2 13 12 10 16 17 15 14 18 11
 28 32 31 34 35 36 30 29 33 40 41 44 37 39 45 42 38 43 49 52 48 47 53 51 46 54 50  4  9  3  8  5  7  2  6  1 18 13 17 14 12 15 16 10 11 22 21 19 25 26 24 23 27 20
 10 14 13 16 17 18 12 11 15 22 23 26 19 21 27 24 20 25 31 34 30 29 35 33 28 36 32 40 45 39 44 41 43 38 42 37 54 49 53 50 48 51 52 46 47  4  3  1  7  8  6  5  9  2
 46 50 49 52 53 54 48 47 51  4  5  8  1  3  9  6  2  7 13 16 12 11 17 15 10 18 14 22 27 21 26 23 25 20 24 19 36 31 35 32 30 33 34 28 29 40 39 37 43 44 42 41 45 38
