  1  6  2  9  7  3  8  4  5 17 18 11 12 13 10 14 16 15 21 22 25 20 26 19 24 23 27 30 35 36 34 29 33 31 32 28 43 42 37 45 41 40 39 38 44 48 54 49 51 50 46 52 53 47
 46 51 47 54 52 48 53 49 50  8  9  2  3  4  1  5  7  6 12 13 16 11 17 10 15 14 18 21 26 27 25 20 24 22 23 19 34 33 28 36 32 31 30 29 35 39 45 40 42 41 37 43 44 38
 28 33 29 36 34 30 35 31 32 44 45 38 39 40 37 41 43 42 48 49 52 47 53 46 51 50 54  3  8  9  7  2  6  4  5  1 16 15 10 18 14 13 12 11 17 21 27 22 24 23 19 25 26 20
 37 42 38 45 43 39 44 40 41 53 54 47 48 49 46 50 52 51  3  4  7  2  8  1  6  5  9 12 17 18 16 11 15 13 14 10 25 24 19 27 23 22 21 20 26 30 36 31 33 32 28 34 35 29
 10 15 11 18 16 12 17 13 14 26 27 20 21 22 19 23 25 24 30 31 34 29 35 28 33 32 36 39 44 45 43 38 42 40 41 37 52 51 46 54 50 49 48 47 53  3  9  4  6  5  1  7  8  2
 19 24 20 27 25 21 26 22 23 35 36 29 30 31 28 32 34 33 39 40 43 38 44 37 42 41 45 48 53 54 52 47 51 49 50 46  7  6  1  9  5  4  3  2  8 12 18 13 15 14 10 16 17 11
 47 52 48 46 53 49 54 50 51  9  1  3  4  5  2  6  8  7 13 14 17 12 18 11 16 15 10 22 27 19 26 21 25 23 24 20 35 34 29 28 33 32 31 30 36 40 37 41 43 42 38 44 45 39
 11 16 12 10 17 13 18 14 15 27 19 21 22 23 20 24 26 25 31 32 35 30 36 29 34 33 28 40 45 37 44 39 43 41 42 38 53 52 47 46 51 50 49 48 54  4  1  5  7  6  2  8  9  3
 20 25 21 19 26 22 27 23 24 36 28 30 31 32 29 33 35 34 40 41 44 39 45 38 43 42 37 49 54 46 53 48 52 50 51 47  8  7  2  1  6  5  4  3  9 13 10 14 16 15 11 17 18 12
  2  7  3  1  8  4  9  5  6 18 10 12 13 14 11 15 17 16 22 23 26 21 27 20 25 24 19 31 36 28 35 30 34 32 33 29 44 43 38 37 42 41 40 39 45 49 46 50 52 51 47 53 54 48
 29 34 30 28 35 31 36 32 33 45 37 39 40 41 38 42 44 43 49 50 53 48 54 47 52 51 46  4  9  1  8  3  7  5  6  2 17 16 11 10 15 14 13 12 18 22 19 23 25 24 20 26 27 21
 38 43 39 37 44 40 45 41 42 54 46 48 49 50 47 51 53 52  4  5  8  3  9  2  7  6  1 13 18 10 17 12 16 14 15 11 26 25 20 19 24 23 22 21 27 31 28 32 34 33 29 35 36 30
 30 35 31 29 36 32 28 33 34 37 38 40 41 42 39 43 45 44 50 51 54 49 46 48 53 52 47  5  1  2  9  4  8  6  7  3 18 17 12 11 16 15 14 13 10 23 20 24 26 25 21 27 19 22
 21 26 22 20 27 23 19 24 25 28 29 31 32 33 30 34 36 35 41 42 45 40 37 39 44 43 38 50 46 47 54 49 53 51 52 48  9  8  3  2  7  6  5  4  1 14 11 15 17 16 12 18 10 13
 48 53 49 47 54 50 46 51 52  1  2  4  5  6  3  7  9  8 14 15 18 13 10 12 17 16 11 23 19 20 27 22 26 24 25 21 36 35 30 29 34 33 32 31 28 41 38 42 44 43 39 45 37 40
 39 44 40 38 45 41 37 42 43 46 47 49 50 51 48 52 54 53  5  6  9  4  1  3  8  7  2 14 10 11 18 13 17 15 16 12 27 26 21 20 25 24 23 22 19 32 29 33 35 34 30 36 28 31
  3  8  4  2  9  5  1  6  7 10 11 13 14 15 12 16 18 17 23 24 27 22 19 21 26 25 20 32 28 29 36 31 35 33 34 30 45 44 39 38 43 42 41 40 37 50 47 51 53 52 48 54 46 49
 12 17 13 11 18 14 10 15 16 19 20 22 23 24 21 25 27 26 32 33 36 31 28 30 35 34 29 41 37 38 45 40 44 42 43 39 54 53 48 47 52 51 50 49 46  5  2  6  8  7  3  9  1  4
 22 27 23 21 19 24 20 25 26 29 30 32 33 34 31 35 28 36 42 43 37 41 38 40 45 44 39 51 47 48 46 50 54 52 53 49  1  9  4  3  8  7  6  5  2 15 12 16 18 17 13 10 11 14
 31 36 32 30 28 33 29 34 35 38 39 41 42 43 40 44 37 45 51 52 46 50 47 49 54 53 48  6  2  3  1  5  9  7  8  4 10 18 13 12 17 16 15 14 11 24 21 25 27 26 22 19 20 23
 13 18 14 12 10 15 11 16 17 20 21 23 24 25 22 26 19 27 33 34 28 32 29 31 36 35 30 42 38 39 37 41 45 43 44 40 46 54 49 48 53 52 51 50 47  6  3  7  9  8  4  1  2  5
 40 45 41 39 37 42 38 43 44 47 48 50 51 52 49 53 46 54  6  7  1  5  2  4  9  8  3 15 11 12 10 14 18 16 17 13 19 27 22 21 26 25 24 23 20 33 30 34 36 35 31 28 29 32
 49 54 50 48 46 51 47 52 53  2  3  5  6  7  4  8  1  9 15 16 10 14 11 13 18 17 12 24 20 21 19 23 27 25 26 22 28 36 31 30 35 34 33 32 29 42 39 43 45 44 40 37 38 41
  4  9  5  3  1  6  2  7  8 11 12 14 15 16 13 17 10 18 24 25 19 23 20 22 27 26 21 33 29 30 28 32 36 34 35 31 37 45 40 39 44 43 42 41 38 51 48 52 54 53 49 46 47 50
  5  1  6  4  2  7  3  8  9 12 13 15 16 17 14 18 11 10 25 26 20 24 21 23 19 27 22 34 30 31 29 33 28 35 36 32 38 37 41 40 45 44 43 42 39 52 49 53 46 54 50 47 48 51
 41 37 42 40 38 43 39 44 45 48 49 51 52 53 50 54 47 46  7  8  2  6  3  5  1  9  4 16 12 13 11 15 10 17 18 14 20 19 23 22 27 26 25 24 21 34 31 35 28 36 32 29 30 33
 14 10 15 13 11 16 12 17 18 21 22 24 25 26 23 27 20 19 34 35 29 33 30 32 28 36 31 43 39 40 38 42 37 44 45 41 47 46 50 49 54 53 52 51 48  7  4  8  1  9  5  2  3  6
 32 28 33 31 29 34 30 35 36 39 40 42 43 44 41 45 38 37 52 53 47 51 48 50 46 54 49  7  3  4  2  6  1  8  9  5 11 10 14 13 18 17 16 15 12 25 22 26 19 27 23 20 21 24
 23 19 24 22 20 25 21 26 27 30 31 33 34 35 32 36 29 28 43 44 38 42 39 41 37 45 40 52 48 49 47 51 46 53 54 50  2  1  5  4  9  8  7  6  3 16 13 17 10 18 14 11 12 15
 50 46 51 49 47 52 48 53 54  3  4  6  7  8  5  9  2  1 16 17 11 15 12 14 10 18 13 25 21 22 20 24 19 26 27 23 29 28 32 31 36 35 34 33 30 43 40 44 37 45 41 38 39 42
 51 47 52 50 48 53 49 54 46  4  5  7  8  9  6  1  3  2 17 18 12 16 13 15 11 10 14 26 22 23 21 25 20 27 19 24 30 29 33 32 28 36 35 34 31 44 41 45 38 37 42 39 40 43
 33 29 34 32 30 35 31 36 28 40 41 43 44 45 42 37 39 38 53 54 48 52 49 51 47 46 50  8  4  5  3  7  2  9  1  6 12 11 15 14 10 18 17 16 13 26 23 27 20 19 24 21 22 25
 42 38 43 41 39 44 40 45 37 49 50 52 53 54 51 46 48 47  8  9  3  7  4  6  2  1  5 17 13 14 12 16 11 18 10 15 21 20 24 23 19 27 26 25 22 35 32 36 29 28 33 30 31 34
 15 11 16 14 12 17 13 18 10 22 23 25 26 27 24 19 21 20 35 36 30 34 31 33 29 28 32 44 40 41 39 43 38 45 37 42 48 47 51 50 46 54 53 52 49  8  5  9  2  1  6  3  4  7
 24 20 25 23 21 26 22 27 19 31 32 34 35 36 33 28 30 29 44 45 39 43 40 42 38 37 41 53 49 50 48 52 47 54 46 51  3  2  6  5  1  9  8  7  4 17 14 18 11 10 15 12 13 16
  6  2  7  5  3  8  4  9  1 13 14 16 17 18 15 10 12 11 26 27 21 25 22 24 20 19 23 35 31 32 30 34 29 36 28 33 39 38 42 41 37 45 44 43 40 53 50 54 47 46 51 48 49 52
 52 48 53 51 49 54 50 46 47  5  6  8  9  1  7  2  4  3 18 10 13 17 14 16 12 11 15 27 23 24 22 26 21 19 20 25 31 30 34 33 29 28 36 35 32 45 42 37 39 38 43 40 41 44
 43 39 44 42 40 45 41 37 38 50 51 53 54 46 52 47 49 48  9  1  4  8  5  7  3  2  6 18 14 15 13 17 12 10 11 16 22 21 25 24 20 19 27 26 23 36 33 28 30 29 34 31 32 35
 34 30 35 33 31 36 32 28 29 41 42 44 45 37 43 38 40 39 54 46 49 53 50 52 48 47 51  9  5  6  4  8  3  1  2  7 13 12 16 15 11 10 18 17 14 27 24 19 21 20 25 22 23 26
  7  3  8  6  4  9  5  1  2 14 15 17 18 10 16 11 13 12 27 19 22 26 23 25 21 20 24 36 32 33 31 35 30 28 29 34 40 39 43 42 38 37 45 44 41 54 51 46 48 47 52 49 50 53
 25 21 26 24 22 27 23 19 20 32 33 35 36 28 34 29 31 30 45 37 40 44 41 43 39 38 42 54 50 51 49 53 48 46 47 52  4  3  7  6  2  1  9  8  5 18 15 10 12 11 16 13 14 17
 16 12 17 15 13 18 14 10 11 23 24 26 27 19 25 20 22 21 36 28 31 35 32 34 30 29 33 45 41 42 40 44 39 37 38 43 49 48 52 51 47 46 54 53 50  9  6  1  3  2  7  4  5  8
 17 13 18 16 14 10 15 11 12 24 25 27 19 20 26 21 23 22 28 29 32 36 33 35 31 30 34 37 42 43 41 45 40 38 39 44 50 49 53 52 48 47 46 54 51  1  7  2  4  3  8  5  6  9
 35 31 36 34 32 28 33 29 30 42 43 45 37 38 44 39 41 40 46 47 50 54 51 53 49 48 52  1  6  7  5  9  4  2  3  8 14 13 17 16 12 11 10 18 15 19 25 20 22 21 26 23 24 27
 53 49 54 52 50 46 51 47 48  6  7  9  1  2  8  3  5  4 10 11 14 18 15 17 13 12 16 19 24 25 23 27 22 20 21 26 32 31 35 34 30 29 28 36 33 37 43 38 40 39 44 41 42 45
  8  4  9  7  5  1  6  2  3 15 16 18 10 11 17 12 14 13 19 20 23 27 24 26 22 21 25 28 33 34 32 36 31 29 30 35 41 40 44 43 39 38 37 45 42 46 52 47 49 48 53 50 51 54
 26 22 27 25 23 19 24 20 21 33 34 36 28 29 35 30 32 31 37 38 41 45 42 44 40 39 43 46 51 52 50 54 49 47 48 53  5  4  8  7  3  2  1  9  6 10 16 11 13 12 17 14 15 18
 44 40 45 43 41 37 42 38 39 51 52 54 46 47 53 48 50 49  1  2  5  9  6  8  4  3  7 10 15 16 14 18 13 11 12 17 23 22 26 25 21 20 19 27 24 28 34 29 31 30 35 32 33 36
 45 41 37 44 42 38 43 39 40 52 53 46 47 48 54 49 51 50  2  3  6  1  7  9  5  4  8 11 16 17 15 10 14 12 13 18 24 23 27 26 22 21 20 19 25 29 35 30 32 31 36 33 34 28
  9  5  1  8  6  2  7  3  4 16 17 10 11 12 18 13 15 14 20 21 24 19 25 27 23 22 26 29 34 35 33 28 32 30 31 36 42 41 45 44 40 39 38 37 43 47 53 48 50 49 54 51 52 46
 18 14 10 17 15 11 16 12 13 25 26 19 20 21 27 22 24 23 29 30 33 28 34 36 32 31 35 38 43 44 42 37 41 39 40 45 51 50 54 53 49 48 47 46 52  2  8  3  5  4  9  6  7  1
 27 23 19 26 24 20 25 21 22 34 35 28 29 30 36 31 33 32 38 39 42 37 43 45 41 40 44 47 52 53 51 46 50 48 49 54  6  5  9  8  4  3  2  1  7 11 17 12 14 13 18 15 16 10
 54 50 46 53 51 47 52 48 49  7  8  1  2  3  9  4  6  5 11 12 15 10 16 18 14 13 17 20 25 26 24 19 23 21 22 27 33 32 36 35 31 30 29 28 34 38 44 39 41 40 45 42 43 37
 36 32 28 35 33 29 34 30 31 43 44 37 38 39 45 40 42 41 47 48 51 46 52 54 50 49 53  2  7  8  6  1  5  3  4  9 15 14 18 17 13 12 11 10 16 20 26 21 23 22 27 24 25 19
