 43 45 41 37 39 44 38 42 40 50 54 49 51 48 47 52 46 53  1  7  6  8  9  5  4  2  3 14 10 16 17 15 13 12 11 18 22 24 20 23 21 27 19 25 26 28 36 30 29 34 32 33 31 35
  7  9  5  1  3  8  2  6  4 14 18 13 15 12 11 16 10 17 19 25 24 26 27 23 22 20 21 32 28 34 35 33 31 30 29 36 40 42 38 41 39 45 37 43 44 46 54 48 47 52 50 51 49 53
 52 54 50 46 48 53 47 51 49  5  9  4  6  3  2  7  1  8 10 16 15 17 18 14 13 11 12 23 19 25 26 24 22 21 20 27 31 33 29 32 30 36 28 34 35 37 45 39 38 43 41 42 40 44
 16 18 14 10 12 17 11 15 13 23 27 22 24 21 20 25 19 26 28 34 33 35 36 32 31 29 30 41 37 43 44 42 40 39 38 45 49 51 47 50 48 54 46 52 53  1  9  3  2  7  5  6  4  8
 34 36 32 28 30 35 29 33 31 41 45 40 42 39 38 43 37 44 46 52 51 53 54 50 49 47 48  5  1  7  8  6  4  3  2  9 13 15 11 14 12 18 10 16 17 19 27 21 20 25 23 24 22 26
 25 27 23 19 21 26 20 24 22 32 36 31 33 30 29 34 28 35 37 43 42 44 45 41 40 38 39 50 46 52 53 51 49 48 47 54  4  6  2  5  3  9  1  7  8 10 18 12 11 16 14 15 13 17
 17 10 15 11 13 18 12 16 14 24 19 23 25 22 21 26 20 27 29 35 34 36 28 33 32 30 31 42 38 44 45 43 41 40 39 37 50 52 48 51 49 46 47 53 54  2  1  4  3  8  6  7  5  9
 53 46 51 47 49 54 48 52 50  6  1  5  7  4  3  8  2  9 11 17 16 18 10 15 14 12 13 24 20 26 27 25 23 22 21 19 32 34 30 33 31 28 29 35 36 38 37 40 39 44 42 43 41 45
 44 37 42 38 40 45 39 43 41 51 46 50 52 49 48 53 47 54  2  8  7  9  1  6  5  3  4 15 11 17 18 16 14 13 12 10 23 25 21 24 22 19 20 26 27 29 28 31 30 35 33 34 32 36
  8  1  6  2  4  9  3  7  5 15 10 14 16 13 12 17 11 18 20 26 25 27 19 24 23 21 22 33 29 35 36 34 32 31 30 28 41 43 39 42 40 37 38 44 45 47 46 49 48 53 51 52 50 54
 26 19 24 20 22 27 21 25 23 33 28 32 34 31 30 35 29 36 38 44 43 45 37 42 41 39 40 51 47 53 54 52 50 49 48 46  5  7  3  6  4  1  2  8  9 11 10 13 12 17 15 16 14 18
 35 28 33 29 31 36 30 34 32 42 37 41 43 40 39 44 38 45 47 53 52 54 46 51 50 48 49  6  2  8  9  7  5  4  3  1 14 16 12 15 13 10 11 17 18 20 19 22 21 26 24 25 23 27
 36 29 34 30 32 28 31 35 33 43 38 42 44 41 40 45 39 37 48 54 53 46 47 52 51 49 50  7  3  9  1  8  6  5  4  2 15 17 13 16 14 11 12 18 10 21 20 23 22 27 25 26 24 19
  9  2  7  3  5  1  4  8  6 16 11 15 17 14 13 18 12 10 21 27 26 19 20 25 24 22 23 34 30 36 28 35 33 32 31 29 42 44 40 43 41 38 39 45 37 48 47 50 49 54 52 53 51 46
 18 11 16 12 14 10 13 17 15 25 20 24 26 23 22 27 21 19 30 36 35 28 29 34 33 31 32 43 39 45 37 44 42 41 40 38 51 53 49 52 50 47 48 54 46  3  2  5  4  9  7  8  6  1
 54 47 52 48 50 46 49 53 51  7  2  6  8  5  4  9  3  1 12 18 17 10 11 16 15 13 14 25 21 27 19 26 24 23 22 20 33 35 31 34 32 29 30 36 28 39 38 41 40 45 43 44 42 37
 27 20 25 21 23 19 22 26 24 34 29 33 35 32 31 36 30 28 39 45 44 37 38 43 42 40 41 52 48 54 46 53 51 50 49 47  6  8  4  7  5  2  3  9  1 12 11 14 13 18 16 17 15 10
 45 38 43 39 41 37 40 44 42 52 47 51 53 50 49 54 48 46  3  9  8  1  2  7  6  4  5 16 12 18 10 17 15 14 13 11 24 26 22 25 23 20 21 27 19 30 29 32 31 36 34 35 33 28
 28 30 35 31 33 29 32 36 34 44 39 43 45 42 41 37 40 38 49 46 54 47 48 53 52 50 51  8  4  1  2  9  7  6  5  3 16 18 14 17 15 12 13 10 11 22 21 24 23 19 26 27 25 20
 46 48 53 49 51 47 50 54 52  8  3  7  9  6  5  1  4  2 13 10 18 11 12 17 16 14 15 26 22 19 20 27 25 24 23 21 34 36 32 35 33 30 31 28 29 40 39 42 41 37 44 45 43 38
  1  3  8  4  6  2  5  9  7 17 12 16 18 15 14 10 13 11 22 19 27 20 21 26 25 23 24 35 31 28 29 36 34 33 32 30 43 45 41 44 42 39 40 37 38 49 48 51 50 46 53 54 52 47
 37 39 44 40 42 38 41 45 43 53 48 52 54 51 50 46 49 47  4  1  9  2  3  8  7  5  6 17 13 10 11 18 16 15 14 12 25 27 23 26 24 21 22 19 20 31 30 33 32 28 35 36 34 29
 19 21 26 22 24 20 23 27 25 35 30 34 36 33 32 28 31 29 40 37 45 38 39 44 43 41 42 53 49 46 47 54 52 51 50 48  7  9  5  8  6  3  4  1  2 13 12 15 14 10 17 18 16 11
 10 12 17 13 15 11 14 18 16 26 21 25 27 24 23 19 22 20 31 28 36 29 30 35 34 32 33 44 40 37 38 45 43 42 41 39 52 54 50 53 51 48 49 46 47  4  3  6  5  1  8  9  7  2
 47 49 54 50 52 48 51 46 53  9  4  8  1  7  6  2  5  3 14 11 10 12 13 18 17 15 16 27 23 20 21 19 26 25 24 22 35 28 33 36 34 31 32 29 30 41 40 43 42 38 45 37 44 39
  2  4  9  5  7  3  6  1  8 18 13 17 10 16 15 11 14 12 23 20 19 21 22 27 26 24 25 36 32 29 30 28 35 34 33 31 44 37 42 45 43 40 41 38 39 50 49 52 51 47 54 46 53 48
 20 22 27 23 25 21 24 19 26 36 31 35 28 34 33 29 32 30 41 38 37 39 40 45 44 42 43 54 50 47 48 46 53 52 51 49  8  1  6  9  7  4  5  2  3 14 13 16 15 11 18 10 17 12
 29 31 36 32 34 30 33 28 35 45 40 44 37 43 42 38 41 39 50 47 46 48 49 54 53 51 52  9  5  2  3  1  8  7  6  4 17 10 15 18 16 13 14 11 12 23 22 25 24 20 27 19 26 21
 38 40 45 41 43 39 42 37 44 54 49 53 46 52 51 47 50 48  5  2  1  3  4  9  8  6  7 18 14 11 12 10 17 16 15 13 26 19 24 27 25 22 23 20 21 32 31 34 33 29 36 28 35 30
 11 13 18 14 16 12 15 10 17 27 22 26 19 25 24 20 23 21 32 29 28 30 31 36 35 33 34 45 41 38 39 37 44 43 42 40 53 46 51 54 52 49 50 47 48  5  4  7  6  2  9  1  8  3
  3  5  1  6  8  4  7  2  9 10 14 18 11 17 16 12 15 13 24 21 20 22 23 19 27 25 26 28 33 30 31 29 36 35 34 32 45 38 43 37 44 41 42 39 40 51 50 53 52 48 46 47 54 49
 21 23 19 24 26 22 25 20 27 28 32 36 29 35 34 30 33 31 42 39 38 40 41 37 45 43 44 46 51 48 49 47 54 53 52 50  9  2  7  1  8  5  6  3  4 15 14 17 16 12 10 11 18 13
 12 14 10 15 17 13 16 11 18 19 23 27 20 26 25 21 24 22 33 30 29 31 32 28 36 34 35 37 42 39 40 38 45 44 43 41 54 47 52 46 53 50 51 48 49  6  5  8  7  3  1  2  9  4
 30 32 28 33 35 31 34 29 36 37 41 45 38 44 43 39 42 40 51 48 47 49 50 46 54 52 53  1  6  3  4  2  9  8  7  5 18 11 16 10 17 14 15 12 13 24 23 26 25 21 19 20 27 22
 48 50 46 51 53 49 52 47 54  1  5  9  2  8  7  3  6  4 15 12 11 13 14 10 18 16 17 19 24 21 22 20 27 26 25 23 36 29 34 28 35 32 33 30 31 42 41 44 43 39 37 38 45 40
 39 41 37 42 44 40 43 38 45 46 50 54 47 53 52 48 51 49  6  3  2  4  5  1  9  7  8 10 15 12 13 11 18 17 16 14 27 20 25 19 26 23 24 21 22 33 32 35 34 30 28 29 36 31
 31 33 29 34 36 32 35 30 28 38 42 37 39 45 44 40 43 41 52 49 48 50 51 47 46 53 54  2  7  4  5  3  1  9  8  6 10 12 17 11 18 15 16 13 14 25 24 27 26 22 20 21 19 23
 49 51 47 52 54 50 53 48 46  2  6  1  3  9  8  4  7  5 16 13 12 14 15 11 10 17 18 20 25 22 23 21 19 27 26 24 28 30 35 29 36 33 34 31 32 43 42 45 44 40 38 39 37 41
  4  6  2  7  9  5  8  3  1 11 15 10 12 18 17 13 16 14 25 22 21 23 24 20 19 26 27 29 34 31 32 30 28 36 35 33 37 39 44 38 45 42 43 40 41 52 51 54 53 49 47 48 46 50
 22 24 20 25 27 23 26 21 19 29 33 28 30 36 35 31 34 32 43 40 39 41 42 38 37 44 45 47 52 49 50 48 46 54 53 51  1  3  8  2  9  6  7  4  5 16 15 18 17 13 11 12 10 14
 13 15 11 16 18 14 17 12 10 20 24 19 21 27 26 22 25 23 34 31 30 32 33 29 28 35 36 38 43 40 41 39 37 45 44 42 46 48 53 47 54 51 52 49 50  7  6  9  8  4  2  3  1  5
 40 42 38 43 45 41 44 39 37 47 51 46 48 54 53 49 52 50  7  4  3  5  6  2  1  8  9 11 16 13 14 12 10 18 17 15 19 21 26 20 27 24 25 22 23 34 33 36 35 31 29 30 28 32
 32 34 30 35 28 33 36 31 29 39 43 38 40 37 45 41 44 42 53 50 49 51 52 48 47 54 46  3  8  5  6  4  2  1  9  7 11 13 18 12 10 16 17 14 15 26 25 19 27 23 21 22 20 24
 50 52 48 53 46 51 54 49 47  3  7  2  4  1  9  5  8  6 17 14 13 15 16 12 11 18 10 21 26 23 24 22 20 19 27 25 29 31 36 30 28 34 35 32 33 44 43 37 45 41 39 40 38 42
 23 25 21 26 19 24 27 22 20 30 34 29 31 28 36 32 35 33 44 41 40 42 43 39 38 45 37 48 53 50 51 49 47 46 54 52  2  4  9  3  1  7  8  5  6 17 16 10 18 14 12 13 11 15
 14 16 12 17 10 15 18 13 11 21 25 20 22 19 27 23 26 24 35 32 31 33 34 30 29 36 28 39 44 41 42 40 38 37 45 43 47 49 54 48 46 52 53 50 51  8  7  1  9  5  3  4  2  6
 41 43 39 44 37 42 45 40 38 48 52 47 49 46 54 50 53 51  8  5  4  6  7  3  2  9  1 12 17 14 15 13 11 10 18 16 20 22 27 21 19 25 26 23 24 35 34 28 36 32 30 31 29 33
  5  7  3  8  1  6  9  4  2 12 16 11 13 10 18 14 17 15 26 23 22 24 25 21 20 27 19 30 35 32 33 31 29 28 36 34 38 40 45 39 37 43 44 41 42 53 52 46 54 50 48 49 47 51
 15 17 13 18 11 16 10 14 12 22 26 21 23 20 19 24 27 25 36 33 32 34 35 31 30 28 29 40 45 42 43 41 39 38 37 44 48 50 46 49 47 53 54 51 52  9  8  2  1  6  4  5  3  7
 51 53 49 54 47 52 46 50 48  4  8  3  5  2  1  6  9  7 18 15 14 16 17 13 12 10 11 22 27 24 25 23 21 20 19 26 30 32 28 31 29 35 36 33 34 45 44 38 37 42 40 41 39 43
 33 35 31 36 29 34 28 32 30 40 44 39 41 38 37 42 45 43 54 51 50 52 53 49 48 46 47  4  9  6  7  5  3  2  1  8 12 14 10 13 11 17 18 15 16 27 26 20 19 24 22 23 21 25
 42 44 40 45 38 43 37 41 39 49 53 48 50 47 46 51 54 52  9  6  5  7  8  4  3  1  2 13 18 15 16 14 12 11 10 17 21 23 19 22 20 26 27 24 25 36 35 29 28 33 31 32 30 34
 24 26 22 27 20 25 19 23 21 31 35 30 32 29 28 33 36 34 45 42 41 43 44 40 39 37 38 49 54 51 52 50 48 47 46 53  3  5  1  4  2  8  9  6  7 18 17 11 10 15 13 14 12 16
  6  8  4  9  2  7  1  5  3 13 17 12 14 11 10 15 18 16 27 24 23 25 26 22 21 19 20 31 36 33 34 32 30 29 28 35 39 41 37 40 38 44 45 42 43 54 53 47 46 51 49 50 48 52
