 30 29 35 36 34 32 28 33 31 40 45 44 38 42 39 37 41 43 48 47 52 50 54 51 53 46 49  4  9  1  8  5  6  3  2  7 10 14 11 15 12 13 18 17 16 26 20 23 19 27 22 21 25 24
 39 38 44 45 43 41 37 42 40 49 54 53 47 51 48 46 50 52  3  2  7  5  9  6  8  1  4 13 18 10 17 14 15 12 11 16 19 23 20 24 21 22 27 26 25 35 29 32 28 36 31 30 34 33
 21 20 26 27 25 23 19 24 22 31 36 35 29 33 30 28 32 34 39 38 43 41 45 42 44 37 40 49 54 46 53 50 51 48 47 52  1  5  2  6  3  4  9  8  7 17 11 14 10 18 13 12 16 15
 48 47 53 54 52 50 46 51 49  4  9  8  2  6  3  1  5  7 12 11 16 14 18 15 17 10 13 22 27 19 26 23 24 21 20 25 28 32 29 33 30 31 36 35 34 44 38 41 37 45 40 39 43 42
  3  2  8  9  7  5  1  6  4 13 18 17 11 15 12 10 14 16 21 20 25 23 27 24 26 19 22 31 36 28 35 32 33 30 29 34 37 41 38 42 39 40 45 44 43 53 47 50 46 54 49 48 52 51
 12 11 17 18 16 14 10 15 13 22 27 26 20 24 21 19 23 25 30 29 34 32 36 33 35 28 31 40 45 37 44 41 42 39 38 43 46 50 47 51 48 49 54 53 52  8  2  5  1  9  4  3  7  6
 49 48 54 46 53 51 47 52 50  5  1  9  3  7  4  2  6  8 13 12 17 15 10 16 18 11 14 23 19 20 27 24 25 22 21 26 29 33 30 34 31 32 28 36 35 45 39 42 38 37 41 40 44 43
  4  3  9  1  8  6  2  7  5 14 10 18 12 16 13 11 15 17 22 21 26 24 19 25 27 20 23 32 28 29 36 33 34 31 30 35 38 42 39 43 40 41 37 45 44 54 48 51 47 46 50 49 53 52
 40 39 45 37 44 42 38 43 41 50 46 54 48 52 49 47 51 53  4  3  8  6  1  7  9  2  5 14 10 11 18 15 16 13 12 17 20 24 21 25 22 23 19 27 26 36 30 33 29 28 32 31 35 34
 31 30 36 28 35 33 29 34 32 41 37 45 39 43 40 38 42 44 49 48 53 51 46 52 54 47 50  5  1  2  9  6  7  4  3  8 11 15 12 16 13 14 10 18 17 27 21 24 20 19 23 22 26 25
 22 21 27 19 26 24 20 25 23 32 28 36 30 34 31 29 33 35 40 39 44 42 37 43 45 38 41 50 46 47 54 51 52 49 48 53  2  6  3  7  4  5  1  9  8 18 12 15 11 10 14 13 17 16
 13 12 18 10 17 15 11 16 14 23 19 27 21 25 22 20 24 26 31 30 35 33 28 34 36 29 32 41 37 38 45 42 43 40 39 44 47 51 48 52 49 50 46 54 53  9  3  6  2  1  5  4  8  7
  5  4  1  2  9  7  3  8  6 15 11 10 13 17 14 12 16 18 23 22 27 25 20 26 19 21 24 33 29 30 28 34 35 32 31 36 39 43 40 44 41 42 38 37 45 46 49 52 48 47 51 50 54 53
 14 13 10 11 18 16 12 17 15 24 20 19 22 26 23 21 25 27 32 31 36 34 29 35 28 30 33 42 38 39 37 43 44 41 40 45 48 52 49 53 50 51 47 46 54  1  4  7  3  2  6  5  9  8
 50 49 46 47 54 52 48 53 51  6  2  1  4  8  5  3  7  9 14 13 18 16 11 17 10 12 15 24 20 21 19 25 26 23 22 27 30 34 31 35 32 33 29 28 36 37 40 43 39 38 42 41 45 44
 41 40 37 38 45 43 39 44 42 51 47 46 49 53 50 48 52 54  5  4  9  7  2  8  1  3  6 15 11 12 10 16 17 14 13 18 21 25 22 26 23 24 20 19 27 28 31 34 30 29 33 32 36 35
 23 22 19 20 27 25 21 26 24 33 29 28 31 35 32 30 34 36 41 40 45 43 38 44 37 39 42 51 47 48 46 52 53 50 49 54  3  7  4  8  5  6  2  1  9 10 13 16 12 11 15 14 18 17
 32 31 28 29 36 34 30 35 33 42 38 37 40 44 41 39 43 45 50 49 54 52 47 53 46 48 51  6  2  3  1  7  8  5  4  9 12 16 13 17 14 15 11 10 18 19 22 25 21 20 24 23 27 26
  6  5  2  3  1  8  4  9  7 16 12 11 14 18 15 13 17 10 24 23 19 26 21 27 20 22 25 34 30 31 29 35 36 33 32 28 40 44 41 45 42 43 39 38 37 47 50 53 49 48 52 51 46 54
 33 32 29 30 28 35 31 36 34 43 39 38 41 45 42 40 44 37 51 50 46 53 48 54 47 49 52  7  3  4  2  8  9  6  5  1 13 17 14 18 15 16 12 11 10 20 23 26 22 21 25 24 19 27
 15 14 11 12 10 17 13 18 16 25 21 20 23 27 24 22 26 19 33 32 28 35 30 36 29 31 34 43 39 40 38 44 45 42 41 37 49 53 50 54 51 52 48 47 46  2  5  8  4  3  7  6  1  9
 51 50 47 48 46 53 49 54 52  7  3  2  5  9  6  4  8  1 15 14 10 17 12 18 11 13 16 25 21 22 20 26 27 24 23 19 31 35 32 36 33 34 30 29 28 38 41 44 40 39 43 42 37 45
 42 41 38 39 37 44 40 45 43 52 48 47 50 54 51 49 53 46  6  5  1  8  3  9  2  4  7 16 12 13 11 17 18 15 14 10 22 26 23 27 24 25 21 20 19 29 32 35 31 30 34 33 28 36
 24 23 20 21 19 26 22 27 25 34 30 29 32 36 33 31 35 28 42 41 37 44 39 45 38 40 43 52 48 49 47 53 54 51 50 46  4  8  5  9  6  7  3  2  1 11 14 17 13 12 16 15 10 18
 34 33 30 31 29 36 32 28 35 44 40 39 42 37 43 41 45 38 52 51 47 54 49 46 48 50 53  8  4  5  3  9  1  7  6  2 14 18 15 10 16 17 13 12 11 21 24 27 23 22 26 25 20 19
 52 51 48 49 47 54 50 46 53  8  4  3  6  1  7  5  9  2 16 15 11 18 13 10 12 14 17 26 22 23 21 27 19 25 24 20 32 36 33 28 34 35 31 30 29 39 42 45 41 40 44 43 38 37
 43 42 39 40 38 45 41 37 44 53 49 48 51 46 52 50 54 47  7  6  2  9  4  1  3  5  8 17 13 14 12 18 10 16 15 11 23 27 24 19 25 26 22 21 20 30 33 36 32 31 35 34 29 28
 16 15 12 13 11 18 14 10 17 26 22 21 24 19 25 23 27 20 34 33 29 36 31 28 30 32 35 44 40 41 39 45 37 43 42 38 50 54 51 46 52 53 49 48 47  3  6  9  5  4  8  7  2  1
  7  6  3  4  2  9  5  1  8 17 13 12 15 10 16 14 18 11 25 24 20 27 22 19 21 23 26 35 31 32 30 36 28 34 33 29 41 45 42 37 43 44 40 39 38 48 51 54 50 49 53 52 47 46
 25 24 21 22 20 27 23 19 26 35 31 30 33 28 34 32 36 29 43 42 38 45 40 37 39 41 44 53 49 50 48 54 46 52 51 47  5  9  6  1  7  8  4  3  2 12 15 18 14 13 17 16 11 10
 53 52 49 50 48 46 51 47 54  9  5  4  7  2  8  6  1  3 17 16 12 10 14 11 13 15 18 27 23 24 22 19 20 26 25 21 33 28 34 29 35 36 32 31 30 40 43 37 42 41 45 44 39 38
  8  7  4  5  3  1  6  2  9 18 14 13 16 11 17 15 10 12 26 25 21 19 23 20 22 24 27 36 32 33 31 28 29 35 34 30 42 37 43 38 44 45 41 40 39 49 52 46 51 50 54 53 48 47
 35 34 31 32 30 28 33 29 36 45 41 40 43 38 44 42 37 39 53 52 48 46 50 47 49 51 54  9  5  6  4  1  2  8  7  3 15 10 16 11 17 18 14 13 12 22 25 19 24 23 27 26 21 20
 44 43 40 41 39 37 42 38 45 54 50 49 52 47 53 51 46 48  8  7  3  1  5  2  4  6  9 18 14 15 13 10 11 17 16 12 24 19 25 20 26 27 23 22 21 31 34 28 33 32 36 35 30 29
 17 16 13 14 12 10 15 11 18 27 23 22 25 20 26 24 19 21 35 34 30 28 32 29 31 33 36 45 41 42 40 37 38 44 43 39 51 46 52 47 53 54 50 49 48  4  7  1  6  5  9  8  3  2
 26 25 22 23 21 19 24 20 27 36 32 31 34 29 35 33 28 30 44 43 39 37 41 38 40 42 45 54 50 51 49 46 47 53 52 48  6  1  7  2  8  9  5  4  3 13 16 10 15 14 18 17 12 11
 27 26 23 24 22 20 25 21 19 28 33 32 35 30 36 34 29 31 45 44 40 38 42 39 41 43 37 46 51 52 50 47 48 54 53 49  7  2  8  3  9  1  6  5  4 14 17 11 16 15 10 18 13 12
 45 44 41 42 40 38 43 39 37 46 51 50 53 48 54 52 47 49  9  8  4  2  6  3  5  7  1 10 15 16 14 11 12 18 17 13 25 20 26 21 27 19 24 23 22 32 35 29 34 33 28 36 31 30
  9  8  5  6  4  2  7  3  1 10 15 14 17 12 18 16 11 13 27 26 22 20 24 21 23 25 19 28 33 34 32 29 30 36 35 31 43 38 44 39 45 37 42 41 40 50 53 47 52 51 46 54 49 48
 18 17 14 15 13 11 16 12 10 19 24 23 26 21 27 25 20 22 36 35 31 29 33 30 32 34 28 37 42 43 41 38 39 45 44 40 52 47 53 48 54 46 51 50 49  5  8  2  7  6  1  9  4  3
 36 35 32 33 31 29 34 30 28 37 42 41 44 39 45 43 38 40 54 53 49 47 51 48 50 52 46  1  6  7  5  2  3  9  8  4 16 11 17 12 18 10 15 14 13 23 26 20 25 24 19 27 22 21
 54 53 50 51 49 47 52 48 46  1  6  5  8  3  9  7  2  4 18 17 13 11 15 12 14 16 10 19 24 25 23 20 21 27 26 22 34 29 35 30 36 28 33 32 31 41 44 38 43 42 37 45 40 39
 37 45 42 43 41 39 44 40 38 47 52 51 54 49 46 53 48 50  1  9  5  3  7  4  6  8  2 11 16 17 15 12 13 10 18 14 26 21 27 22 19 20 25 24 23 33 36 30 35 34 29 28 32 31
 10 18 15 16 14 12 17 13 11 20 25 24 27 22 19 26 21 23 28 36 32 30 34 31 33 35 29 38 43 44 42 39 40 37 45 41 53 48 54 49 46 47 52 51 50  6  9  3  8  7  2  1  5  4
  1  9  6  7  5  3  8  4  2 11 16 15 18 13 10 17 12 14 19 27 23 21 25 22 24 26 20 29 34 35 33 30 31 28 36 32 44 39 45 40 37 38 43 42 41 51 54 48 53 52 47 46 50 49
 19 27 24 25 23 21 26 22 20 29 34 33 36 31 28 35 30 32 37 45 41 39 43 40 42 44 38 47 52 53 51 48 49 46 54 50  8  3  9  4  1  2  7  6  5 15 18 12 17 16 11 10 14 13
 46 54 51 52 50 48 53 49 47  2  7  6  9  4  1  8  3  5 10 18 14 12 16 13 15 17 11 20 25 26 24 21 22 19 27 23 35 30 36 31 28 29 34 33 32 42 45 39 44 43 38 37 41 40
 28 36 33 34 32 30 35 31 29 38 43 42 45 40 37 44 39 41 46 54 50 48 52 49 51 53 47  2  7  8  6  3  4  1  9  5 17 12 18 13 10 11 16 15 14 24 27 21 26 25 20 19 23 22
  2  1  7  8  6  4  9  5  3 12 17 16 10 14 11 18 13 15 20 19 24 22 26 23 25 27 21 30 35 36 34 31 32 29 28 33 45 40 37 41 38 39 44 43 42 52 46 49 54 53 48 47 51 50
 11 10 16 17 15 13 18 14 12 21 26 25 19 23 20 27 22 24 29 28 33 31 35 32 34 36 30 39 44 45 43 40 41 38 37 42 54 49 46 50 47 48 53 52 51  7  1  4  9  8  3  2  6  5
 29 28 34 35 33 31 36 32 30 39 44 43 37 41 38 45 40 42 47 46 51 49 53 50 52 54 48  3  8  9  7  4  5  2  1  6 18 13 10 14 11 12 17 16 15 25 19 22 27 26 21 20 24 23
 47 46 52 53 51 49 54 50 48  3  8  7  1  5  2  9  4  6 11 10 15 13 17 14 16 18 12 21 26 27 25 22 23 20 19 24 36 31 28 32 29 30 35 34 33 43 37 40 45 44 39 38 42 41
 20 19 25 26 24 22 27 23 21 30 35 34 28 32 29 36 31 33 38 37 42 40 44 41 43 45 39 48 53 54 52 49 50 47 46 51  9  4  1  5  2  3  8  7  6 16 10 13 18 17 12 11 15 14
 38 37 43 44 42 40 45 41 39 48 53 52 46 50 47 54 49 51  2  1  6  4  8  5  7  9  3 12 17 18 16 13 14 11 10 15 27 22 19 23 20 21 26 25 24 34 28 31 36 35 30 29 33 32
