  9  5  7  8  1  6  2  4  3 17 16 15 13 11 10 12 14 18 25 27 21 19 26 22 23 20 24 33 36 32 28 34 30 29 35 31 38 45 40 39 44 42 37 43 41 46 54 50 49 51 48 52 47 53
 45 41 43 44 37 42 38 40 39 53 52 51 49 47 46 48 50 54  7  9  3  1  8  4  5  2  6 15 18 14 10 16 12 11 17 13 20 27 22 21 26 24 19 25 23 28 36 32 31 33 30 34 29 35
 54 50 52 53 46 51 47 49 48  8  7  6  4  2  1  3  5  9 16 18 12 10 17 13 14 11 15 24 27 23 19 25 21 20 26 22 29 36 31 30 35 33 28 34 32 37 45 41 40 42 39 43 38 44
 36 32 34 35 28 33 29 31 30 44 43 42 40 38 37 39 41 45 52 54 48 46 53 49 50 47 51  6  9  5  1  7  3  2  8  4 11 18 13 12 17 15 10 16 14 19 27 23 22 24 21 25 20 26
 18 14 16 17 10 15 11 13 12 26 25 24 22 20 19 21 23 27 34 36 30 28 35 31 32 29 33 42 45 41 37 43 39 38 44 40 47 54 49 48 53 51 46 52 50  1  9  5  4  6  3  7  2  8
 27 23 25 26 19 24 20 22 21 35 34 33 31 29 28 30 32 36 43 45 39 37 44 40 41 38 42 51 54 50 46 52 48 47 53 49  2  9  4  3  8  6  1  7  5 10 18 14 13 15 12 16 11 17
 19 24 26 27 20 25 21 23 22 36 35 34 32 30 29 31 33 28 44 37 40 38 45 41 42 39 43 52 46 51 47 53 49 48 54 50  3  1  5  4  9  7  2  8  6 11 10 15 14 16 13 17 12 18
 10 15 17 18 11 16 12 14 13 27 26 25 23 21 20 22 24 19 35 28 31 29 36 32 33 30 34 43 37 42 38 44 40 39 45 41 48 46 50 49 54 52 47 53 51  2  1  6  5  7  4  8  3  9
 37 42 44 45 38 43 39 41 40 54 53 52 50 48 47 49 51 46  8  1  4  2  9  5  6  3  7 16 10 15 11 17 13 12 18 14 21 19 23 22 27 25 20 26 24 29 28 33 32 34 31 35 30 36
 46 51 53 54 47 52 48 50 49  9  8  7  5  3  2  4  6  1 17 10 13 11 18 14 15 12 16 25 19 24 20 26 22 21 27 23 30 28 32 31 36 34 29 35 33 38 37 42 41 43 40 44 39 45
  1  6  8  9  2  7  3  5  4 18 17 16 14 12 11 13 15 10 26 19 22 20 27 23 24 21 25 34 28 33 29 35 31 30 36 32 39 37 41 40 45 43 38 44 42 47 46 51 50 52 49 53 48 54
 28 33 35 36 29 34 30 32 31 45 44 43 41 39 38 40 42 37 53 46 49 47 54 50 51 48 52  7  1  6  2  8  4  3  9  5 12 10 14 13 18 16 11 17 15 20 19 24 23 25 22 26 21 27
 20 25 27 19 21 26 22 24 23 28 36 35 33 31 30 32 34 29 45 38 41 39 37 42 43 40 44 53 47 52 48 54 50 49 46 51  4  2  6  5  1  8  3  9  7 12 11 16 15 17 14 18 13 10
 29 34 36 28 30 35 31 33 32 37 45 44 42 40 39 41 43 38 54 47 50 48 46 51 52 49 53  8  2  7  3  9  5  4  1  6 13 11 15 14 10 17 12 18 16 21 20 25 24 26 23 27 22 19
  2  7  9  1  3  8  4  6  5 10 18 17 15 13 12 14 16 11 27 20 23 21 19 24 25 22 26 35 29 34 30 36 32 31 28 33 40 38 42 41 37 44 39 45 43 48 47 52 51 53 50 54 49 46
 47 52 54 46 48 53 49 51 50  1  9  8  6  4  3  5  7  2 18 11 14 12 10 15 16 13 17 26 20 25 21 27 23 22 19 24 31 29 33 32 28 35 30 36 34 39 38 43 42 44 41 45 40 37
 38 43 45 37 39 44 40 42 41 46 54 53 51 49 48 50 52 47  9  2  5  3  1  6  7  4  8 17 11 16 12 18 14 13 10 15 22 20 24 23 19 26 21 27 25 30 29 34 33 35 32 36 31 28
 11 16 18 10 12 17 13 15 14 19 27 26 24 22 21 23 25 20 36 29 32 30 28 33 34 31 35 44 38 43 39 45 41 40 37 42 49 47 51 50 46 53 48 54 52  3  2  7  6  8  5  9  4  1
 12 17 10 11 13 18 14 16 15 20 19 27 25 23 22 24 26 21 28 30 33 31 29 34 35 32 36 45 39 44 40 37 42 41 38 43 50 48 52 51 47 54 49 46 53  4  3  8  7  9  6  1  5  2
 48 53 46 47 49 54 50 52 51  2  1  9  7  5  4  6  8  3 10 12 15 13 11 16 17 14 18 27 21 26 22 19 24 23 20 25 32 30 34 33 29 36 31 28 35 40 39 44 43 45 42 37 41 38
 21 26 19 20 22 27 23 25 24 29 28 36 34 32 31 33 35 30 37 39 42 40 38 43 44 41 45 54 48 53 49 46 51 50 47 52  5  3  7  6  2  9  4  1  8 13 12 17 16 18 15 10 14 11
 30 35 28 29 31 36 32 34 33 38 37 45 43 41 40 42 44 39 46 48 51 49 47 52 53 50 54  9  3  8  4  1  6  5  2  7 14 12 16 15 11 18 13 10 17 22 21 26 25 27 24 19 23 20
  3  8  1  2  4  9  5  7  6 11 10 18 16 14 13 15 17 12 19 21 24 22 20 25 26 23 27 36 30 35 31 28 33 32 29 34 41 39 43 42 38 45 40 37 44 49 48 53 52 54 51 46 50 47
 39 44 37 38 40 45 41 43 42 47 46 54 52 50 49 51 53 48  1  3  6  4  2  7  8  5  9 18 12 17 13 10 15 14 11 16 23 21 25 24 20 27 22 19 26 31 30 35 34 36 33 28 32 29
  4  9  2  3  5  1  6  8  7 12 11 10 17 15 14 16 18 13 20 22 25 23 21 26 27 24 19 28 31 36 32 29 34 33 30 35 42 40 44 43 39 37 41 38 45 50 49 54 53 46 52 47 51 48
 31 36 29 30 32 28 33 35 34 39 38 37 44 42 41 43 45 40 47 49 52 50 48 53 54 51 46  1  4  9  5  2  7  6  3  8 15 13 17 16 12 10 14 11 18 23 22 27 26 19 25 20 24 21
 40 45 38 39 41 37 42 44 43 48 47 46 53 51 50 52 54 49  2  4  7  5  3  8  9  6  1 10 13 18 14 11 16 15 12 17 24 22 26 25 21 19 23 20 27 32 31 36 35 28 34 29 33 30
 49 54 47 48 50 46 51 53 52  3  2  1  8  6  5  7  9  4 11 13 16 14 12 17 18 15 10 19 22 27 23 20 25 24 21 26 33 31 35 34 30 28 32 29 36 41 40 45 44 37 43 38 42 39
 22 27 20 21 23 19 24 26 25 30 29 28 35 33 32 34 36 31 38 40 43 41 39 44 45 42 37 46 49 54 50 47 52 51 48 53  6  4  8  7  3  1  5  2  9 14 13 18 17 10 16 11 15 12
 13 18 11 12 14 10 15 17 16 21 20 19 26 24 23 25 27 22 29 31 34 32 30 35 36 33 28 37 40 45 41 38 43 42 39 44 51 49 53 52 48 46 50 47 54  5  4  9  8  1  7  2  6  3
 23 19 21 22 24 20 25 27 26 31 30 29 36 34 33 35 28 32 39 41 44 42 40 45 37 43 38 47 50 46 51 48 53 52 49 54  7  5  9  8  4  2  6  3  1 15 14 10 18 11 17 12 16 13
 32 28 30 31 33 29 34 36 35 40 39 38 45 43 42 44 37 41 48 50 53 51 49 54 46 52 47  2  5  1  6  3  8  7  4  9 16 14 18 17 13 11 15 12 10 24 23 19 27 20 26 21 25 22
 41 37 39 40 42 38 43 45 44 49 48 47 54 52 51 53 46 50  3  5  8  6  4  9  1  7  2 11 14 10 15 12 17 16 13 18 25 23 27 26 22 20 24 21 19 33 32 28 36 29 35 30 34 31
  5  1  3  4  6  2  7  9  8 13 12 11 18 16 15 17 10 14 21 23 26 24 22 27 19 25 20 29 32 28 33 30 35 34 31 36 43 41 45 44 40 38 42 39 37 51 50 46 54 47 53 48 52 49
 50 46 48 49 51 47 52 54 53  4  3  2  9  7  6  8  1  5 12 14 17 15 13 18 10 16 11 20 23 19 24 21 26 25 22 27 34 32 36 35 31 29 33 30 28 42 41 37 45 38 44 39 43 40
 14 10 12 13 15 11 16 18 17 22 21 20 27 25 24 26 19 23 30 32 35 33 31 36 28 34 29 38 41 37 42 39 44 43 40 45 52 50 54 53 49 47 51 48 46  6  5  1  9  2  8  3  7  4
 24 20 22 23 25 21 26 19 27 32 31 30 28 35 34 36 29 33 40 42 45 43 41 37 38 44 39 48 51 47 52 49 54 53 50 46  8  6  1  9  5  3  7  4  2 16 15 11 10 12 18 13 17 14
 15 11 13 14 16 12 17 10 18 23 22 21 19 26 25 27 20 24 31 33 36 34 32 28 29 35 30 39 42 38 43 40 45 44 41 37 53 51 46 54 50 48 52 49 47  7  6  2  1  3  9  4  8  5
 33 29 31 32 34 30 35 28 36 41 40 39 37 44 43 45 38 42 49 51 54 52 50 46 47 53 48  3  6  2  7  4  9  8  5  1 17 15 10 18 14 12 16 13 11 25 24 20 19 21 27 22 26 23
 51 47 49 50 52 48 53 46 54  5  4  3  1  8  7  9  2  6 13 15 18 16 14 10 11 17 12 21 24 20 25 22 27 26 23 19 35 33 28 36 32 30 34 31 29 43 42 38 37 39 45 40 44 41
 42 38 40 41 43 39 44 37 45 50 49 48 46 53 52 54 47 51  4  6  9  7  5  1  2  8  3 12 15 11 16 13 18 17 14 10 26 24 19 27 23 21 25 22 20 34 33 29 28 30 36 31 35 32
  6  2  4  5  7  3  8  1  9 14 13 12 10 17 16 18 11 15 22 24 27 25 23 19 20 26 21 30 33 29 34 31 36 35 32 28 44 42 37 45 41 39 43 40 38 52 51 47 46 48 54 49 53 50
 52 48 50 51 53 49 54 47 46  6  5  4  2  9  8  1  3  7 14 16 10 17 15 11 12 18 13 22 25 21 26 23 19 27 24 20 36 34 29 28 33 31 35 32 30 44 43 39 38 40 37 41 45 42
  7  3  5  6  8  4  9  2  1 15 14 13 11 18 17 10 12 16 23 25 19 26 24 20 21 27 22 31 34 30 35 32 28 36 33 29 45 43 38 37 42 40 44 41 39 53 52 48 47 49 46 50 54 51
 34 30 32 33 35 31 36 29 28 42 41 40 38 45 44 37 39 43 50 52 46 53 51 47 48 54 49  4  7  3  8  5  1  9  6  2 18 16 11 10 15 13 17 14 12 26 25 21 20 22 19 23 27 24
 25 21 23 24 26 22 27 20 19 33 32 31 29 36 35 28 30 34 41 43 37 44 42 38 39 45 40 49 52 48 53 50 46 54 51 47  9  7  2  1  6  4  8  5  3 17 16 12 11 13 10 14 18 15
 16 12 14 15 17 13 18 11 10 24 23 22 20 27 26 19 21 25 32 34 28 35 33 29 30 36 31 40 43 39 44 41 37 45 42 38 54 52 47 46 51 49 53 50 48  8  7  3  2  4  1  5  9  6
 43 39 41 42 44 40 45 38 37 51 50 49 47 54 53 46 48 52  5  7  1  8  6  2  3  9  4 13 16 12 17 14 10 18 15 11 27 25 20 19 24 22 26 23 21 35 34 30 29 31 28 32 36 33
 17 13 15 16 18 14 10 12 11 25 24 23 21 19 27 20 22 26 33 35 29 36 34 30 31 28 32 41 44 40 45 42 38 37 43 39 46 53 48 47 52 50 54 51 49  9  8  4  3  5  2  6  1  7
 53 49 51 52 54 50 46 48 47  7  6  5  3  1  9  2  4  8 15 17 11 18 16 12 13 10 14 23 26 22 27 24 20 19 25 21 28 35 30 29 34 32 36 33 31 45 44 40 39 41 38 42 37 43
 35 31 33 34 36 32 28 30 29 43 42 41 39 37 45 38 40 44 51 53 47 54 52 48 49 46 50  5  8  4  9  6  2  1  7  3 10 17 12 11 16 14 18 15 13 27 26 22 21 23 20 24 19 25
  8  4  6  7  9  5  1  3  2 16 15 14 12 10 18 11 13 17 24 26 20 27 25 21 22 19 23 32 35 31 36 33 29 28 34 30 37 44 39 38 43 41 45 42 40 54 53 49 48 50 47 51 46 52
 26 22 24 25 27 23 19 21 20 34 33 32 30 28 36 29 31 35 42 44 38 45 43 39 40 37 41 50 53 49 54 51 47 46 52 48  1  8  3  2  7  5  9  6  4 18 17 13 12 14 11 15 10 16
 44 40 42 43 45 41 37 39 38 52 51 50 48 46 54 47 49 53  6  8  2  9  7  3  4  1  5 14 17 13 18 15 11 10 16 12 19 26 21 20 25 23 27 24 22 36 35 31 30 32 29 33 28 34
