 17 15 18 14 11 10 12 13 16 27 19 24 22 21 25 23 20 26 35 30 34 29 36 33 32 31 28 38 43 37 39 42 40 45 44 41 49 48 46 54 50 47 51 52 53  7  3  5  2  9  6  4  8  1
 26 24 27 23 20 19 21 22 25 36 28 33 31 30 34 32 29 35 44 39 43 38 45 42 41 40 37 47 52 46 48 51 49 54 53 50  4  3  1  9  5  2  6  7  8 16 12 14 11 18 15 13 17 10
 44 42 45 41 38 37 39 40 43 54 46 51 49 48 52 50 47 53  8  3  7  2  9  6  5  4  1 11 16 10 12 15 13 18 17 14 22 21 19 27 23 20 24 25 26 34 30 32 29 36 33 31 35 28
 35 33 36 32 29 28 30 31 34 45 37 42 40 39 43 41 38 44 53 48 52 47 54 51 50 49 46  2  7  1  3  6  4  9  8  5 13 12 10 18 14 11 15 16 17 25 21 23 20 27 24 22 26 19
  8  6  9  5  2  1  3  4  7 18 10 15 13 12 16 14 11 17 26 21 25 20 27 24 23 22 19 29 34 28 30 33 31 36 35 32 40 39 37 45 41 38 42 43 44 52 48 50 47 54 51 49 53 46
 53 51 54 50 47 46 48 49 52  9  1  6  4  3  7  5  2  8 17 12 16 11 18 15 14 13 10 20 25 19 21 24 22 27 26 23 31 30 28 36 32 29 33 34 35 43 39 41 38 45 42 40 44 37
 45 43 37 42 39 38 40 41 44 46 47 52 50 49 53 51 48 54  9  4  8  3  1  7  6  5  2 12 17 11 13 16 14 10 18 15 23 22 20 19 24 21 25 26 27 35 31 33 30 28 34 32 36 29
 54 52 46 51 48 47 49 50 53  1  2  7  5  4  8  6  3  9 18 13 17 12 10 16 15 14 11 21 26 20 22 25 23 19 27 24 32 31 29 28 33 30 34 35 36 44 40 42 39 37 43 41 45 38
 36 34 28 33 30 29 31 32 35 37 38 43 41 40 44 42 39 45 54 49 53 48 46 52 51 50 47  3  8  2  4  7  5  1  9  6 14 13 11 10 15 12 16 17 18 26 22 24 21 19 25 23 27 20
 18 16 10 15 12 11 13 14 17 19 20 25 23 22 26 24 21 27 36 31 35 30 28 34 33 32 29 39 44 38 40 43 41 37 45 42 50 49 47 46 51 48 52 53 54  8  4  6  3  1  7  5  9  2
 27 25 19 24 21 20 22 23 26 28 29 34 32 31 35 33 30 36 45 40 44 39 37 43 42 41 38 48 53 47 49 52 50 46 54 51  5  4  2  1  6  3  7  8  9 17 13 15 12 10 16 14 18 11
  9  7  1  6  3  2  4  5  8 10 11 16 14 13 17 15 12 18 27 22 26 21 19 25 24 23 20 30 35 29 31 34 32 28 36 33 41 40 38 37 42 39 43 44 45 53 49 51 48 46 52 50 54 47
 10 17 11 16 13 12 14 15 18 20 21 26 24 23 27 25 22 19 28 32 36 31 29 35 34 33 30 40 45 39 41 44 42 38 37 43 51 50 48 47 52 49 53 54 46  9  5  7  4  2  8  6  1  3
 19 26 20 25 22 21 23 24 27 29 30 35 33 32 36 34 31 28 37 41 45 40 38 44 43 42 39 49 54 48 50 53 51 47 46 52  6  5  3  2  7  4  8  9  1 18 14 16 13 11 17 15 10 12
 37 44 38 43 40 39 41 42 45 47 48 53 51 50 54 52 49 46  1  5  9  4  2  8  7  6  3 13 18 12 14 17 15 11 10 16 24 23 21 20 25 22 26 27 19 36 32 34 31 29 35 33 28 30
 46 53 47 52 49 48 50 51 54  2  3  8  6  5  9  7  4  1 10 14 18 13 11 17 16 15 12 22 27 21 23 26 24 20 19 25 33 32 30 29 34 31 35 36 28 45 41 43 40 38 44 42 37 39
  1  8  2  7  4  3  5  6  9 11 12 17 15 14 18 16 13 10 19 23 27 22 20 26 25 24 21 31 36 30 32 35 33 29 28 34 42 41 39 38 43 40 44 45 37 54 50 52 49 47 53 51 46 48
 28 35 29 34 31 30 32 33 36 38 39 44 42 41 45 43 40 37 46 50 54 49 47 53 52 51 48  4  9  3  5  8  6  2  1  7 15 14 12 11 16 13 17 18 10 27 23 25 22 20 26 24 19 21
  2  9  3  8  5  4  6  7  1 12 13 18 16 15 10 17 14 11 20 24 19 23 21 27 26 25 22 32 28 31 33 36 34 30 29 35 43 42 40 39 44 41 45 37 38 46 51 53 50 48 54 52 47 49
 47 54 48 53 50 49 51 52 46  3  4  9  7  6  1  8  5  2 11 15 10 14 12 18 17 16 13 23 19 22 24 27 25 21 20 26 34 33 31 30 35 32 36 28 29 37 42 44 41 39 45 43 38 40
 20 27 21 26 23 22 24 25 19 30 31 36 34 33 28 35 32 29 38 42 37 41 39 45 44 43 40 50 46 49 51 54 52 48 47 53  7  6  4  3  8  5  9  1  2 10 15 17 14 12 18 16 11 13
 38 45 39 44 41 40 42 43 37 48 49 54 52 51 46 53 50 47  2  6  1  5  3  9  8  7  4 14 10 13 15 18 16 12 11 17 25 24 22 21 26 23 27 19 20 28 33 35 32 30 36 34 29 31
 11 18 12 17 14 13 15 16 10 21 22 27 25 24 19 26 23 20 29 33 28 32 30 36 35 34 31 41 37 40 42 45 43 39 38 44 52 51 49 48 53 50 54 46 47  1  6  8  5  3  9  7  2  4
 29 36 30 35 32 31 33 34 28 39 40 45 43 42 37 44 41 38 47 51 46 50 48 54 53 52 49  5  1  4  6  9  7  3  2  8 16 15 13 12 17 14 18 10 11 19 24 26 23 21 27 25 20 22
 30 28 31 36 33 32 34 35 29 40 41 37 44 43 38 45 42 39 48 52 47 51 49 46 54 53 50  6  2  5  7  1  8  4  3  9 17 16 14 13 18 15 10 11 12 20 25 27 24 22 19 26 21 23
 21 19 22 27 24 23 25 26 20 31 32 28 35 34 29 36 33 30 39 43 38 42 40 37 45 44 41 51 47 50 52 46 53 49 48 54  8  7  5  4  9  6  1  2  3 11 16 18 15 13 10 17 12 14
 48 46 49 54 51 50 52 53 47  4  5  1  8  7  2  9  6  3 12 16 11 15 13 10 18 17 14 24 20 23 25 19 26 22 21 27 35 34 32 31 36 33 28 29 30 38 43 45 42 40 37 44 39 41
 39 37 40 45 42 41 43 44 38 49 50 46 53 52 47 54 51 48  3  7  2  6  4  1  9  8  5 15 11 14 16 10 17 13 12 18 26 25 23 22 27 24 19 20 21 29 34 36 33 31 28 35 30 32
  3  1  4  9  6  5  7  8  2 13 14 10 17 16 11 18 15 12 21 25 20 24 22 19 27 26 23 33 29 32 34 28 35 31 30 36 44 43 41 40 45 42 37 38 39 47 52 54 51 49 46 53 48 50
 12 10 13 18 15 14 16 17 11 22 23 19 26 25 20 27 24 21 30 34 29 33 31 28 36 35 32 42 38 41 43 37 44 40 39 45 53 52 50 49 54 51 46 47 48  2  7  9  6  4  1  8  3  5
 13 11 14 10 16 15 17 18 12 23 24 20 27 26 21 19 25 22 31 35 30 34 32 29 28 36 33 43 39 42 44 38 45 41 40 37 54 53 51 50 46 52 47 48 49  3  8  1  7  5  2  9  4  6
 31 29 32 28 34 33 35 36 30 41 42 38 45 44 39 37 43 40 49 53 48 52 50 47 46 54 51  7  3  6  8  2  9  5  4  1 18 17 15 14 10 16 11 12 13 21 26 19 25 23 20 27 22 24
 22 20 23 19 25 24 26 27 21 32 33 29 36 35 30 28 34 31 40 44 39 43 41 38 37 45 42 52 48 51 53 47 54 50 49 46  9  8  6  5  1  7  2  3  4 12 17 10 16 14 11 18 13 15
  4  2  5  1  7  6  8  9  3 14 15 11 18 17 12 10 16 13 22 26 21 25 23 20 19 27 24 34 30 33 35 29 36 32 31 28 45 44 42 41 37 43 38 39 40 48 53 46 52 50 47 54 49 51
 40 38 41 37 43 42 44 45 39 50 51 47 54 53 48 46 52 49  4  8  3  7  5  2  1  9  6 16 12 15 17 11 18 14 13 10 27 26 24 23 19 25 20 21 22 30 35 28 34 32 29 36 31 33
 49 47 50 46 52 51 53 54 48  5  6  2  9  8  3  1  7  4 13 17 12 16 14 11 10 18 15 25 21 24 26 20 27 23 22 19 36 35 33 32 28 34 29 30 31 39 44 37 43 41 38 45 40 42
 32 30 33 29 35 34 36 28 31 42 43 39 37 45 40 38 44 41 50 54 49 53 51 48 47 46 52  8  4  7  9  3  1  6  5  2 10 18 16 15 11 17 12 13 14 22 27 20 26 24 21 19 23 25
  5  3  6  2  8  7  9  1  4 15 16 12 10 18 13 11 17 14 23 27 22 26 24 21 20 19 25 35 31 34 36 30 28 33 32 29 37 45 43 42 38 44 39 40 41 49 54 47 53 51 48 46 50 52
 41 39 42 38 44 43 45 37 40 51 52 48 46 54 49 47 53 50  5  9  4  8  6  3  2  1  7 17 13 16 18 12 10 15 14 11 19 27 25 24 20 26 21 22 23 31 36 29 35 33 30 28 32 34
 14 12 15 11 17 16 18 10 13 24 25 21 19 27 22 20 26 23 32 36 31 35 33 30 29 28 34 44 40 43 45 39 37 42 41 38 46 54 52 51 47 53 48 49 50  4  9  2  8  6  3  1  5  7
 23 21 24 20 26 25 27 19 22 33 34 30 28 36 31 29 35 32 41 45 40 44 42 39 38 37 43 53 49 52 54 48 46 51 50 47  1  9  7  6  2  8  3  4  5 13 18 11 17 15 12 10 14 16
 50 48 51 47 53 52 54 46 49  6  7  3  1  9  4  2  8  5 14 18 13 17 15 12 11 10 16 26 22 25 27 21 19 24 23 20 28 36 34 33 29 35 30 31 32 40 45 38 44 42 39 37 41 43
 15 13 16 12 18 17 10 11 14 25 26 22 20 19 23 21 27 24 33 28 32 36 34 31 30 29 35 45 41 44 37 40 38 43 42 39 47 46 53 52 48 54 49 50 51  5  1  3  9  7  4  2  6  8
 51 49 52 48 54 53 46 47 50  7  8  4  2  1  5  3  9  6 15 10 14 18 16 13 12 11 17 27 23 26 19 22 20 25 24 21 29 28 35 34 30 36 31 32 33 41 37 39 45 43 40 38 42 44
 24 22 25 21 27 26 19 20 23 34 35 31 29 28 32 30 36 33 42 37 41 45 43 40 39 38 44 54 50 53 46 49 47 52 51 48  2  1  8  7  3  9  4  5  6 14 10 12 18 16 13 11 15 17
 42 40 43 39 45 44 37 38 41 52 53 49 47 46 50 48 54 51  6  1  5  9  7  4  3  2  8 18 14 17 10 13 11 16 15 12 20 19 26 25 21 27 22 23 24 32 28 30 36 34 31 29 33 35
 33 31 34 30 36 35 28 29 32 43 44 40 38 37 41 39 45 42 51 46 50 54 52 49 48 47 53  9  5  8  1  4  2  7  6  3 11 10 17 16 12 18 13 14 15 23 19 21 27 25 22 20 24 26
  6  4  7  3  9  8  1  2  5 16 17 13 11 10 14 12 18 15 24 19 23 27 25 22 21 20 26 36 32 35 28 31 29 34 33 30 38 37 44 43 39 45 40 41 42 50 46 48 54 52 49 47 51 53
  7  5  8  4  1  9  2  3  6 17 18 14 12 11 15 13 10 16 25 20 24 19 26 23 22 21 27 28 33 36 29 32 30 35 34 31 39 38 45 44 40 37 41 42 43 51 47 49 46 53 50 48 52 54
 52 50 53 49 46 54 47 48 51  8  9  5  3  2  6  4  1  7 16 11 15 10 17 14 13 12 18 19 24 27 20 23 21 26 25 22 30 29 36 35 31 28 32 33 34 42 38 40 37 44 41 39 43 45
 43 41 44 40 37 45 38 39 42 53 54 50 48 47 51 49 46 52  7  2  6  1  8  5  4  3  9 10 15 18 11 14 12 17 16 13 21 20 27 26 22 19 23 24 25 33 29 31 28 35 32 30 34 36
 34 32 35 31 28 36 29 30 33 44 45 41 39 38 42 40 37 43 52 47 51 46 53 50 49 48 54  1  6  9  2  5  3  8  7  4 12 11 18 17 13 10 14 15 16 24 20 22 19 26 23 21 25 27
 25 23 26 22 19 27 20 21 24 35 36 32 30 29 33 31 28 34 43 38 42 37 44 41 40 39 45 46 51 54 47 50 48 53 52 49  3  2  9  8  4  1  5  6  7 15 11 13 10 17 14 12 16 18
 16 14 17 13 10 18 11 12 15 26 27 23 21 20 24 22 19 25 34 29 33 28 35 32 31 30 36 37 42 45 38 41 39 44 43 40 48 47 54 53 49 46 50 51 52  6  2  4  1  8  5  3  7  9
