 26 21 25 20 24 27 23 19 22 34 35 36 33 32 28 31 29 30 45 38 39 43 41 44 42 37 40 47 51 54 48 52 53 46 49 50  5  8  6  1  7  2  3  9  4 12 18 16 17 14 11 13 15 10
 35 30 34 29 33 36 32 28 31 43 44 45 42 41 37 40 38 39 54 47 48 52 50 53 51 46 49  2  6  9  3  7  8  1  4  5 14 17 15 10 16 11 12 18 13 21 27 25 26 23 20 22 24 19
 44 39 43 38 42 45 41 37 40 52 53 54 51 50 46 49 47 48  9  2  3  7  5  8  6  1  4 11 15 18 12 16 17 10 13 14 23 26 24 19 25 20 21 27 22 30 36 34 35 32 29 31 33 28
 17 12 16 11 15 18 14 10 13 25 26 27 24 23 19 22 20 21 36 29 30 34 32 35 33 28 31 38 42 45 39 43 44 37 40 41 50 53 51 46 52 47 48 54 49  3  9  7  8  5  2  4  6  1
 53 48 52 47 51 54 50 46 49  7  8  9  6  5  1  4  2  3 18 11 12 16 14 17 15 10 13 20 24 27 21 25 26 19 22 23 32 35 33 28 34 29 30 36 31 39 45 43 44 41 38 40 42 37
  8  3  7  2  6  9  5  1  4 16 17 18 15 14 10 13 11 12 27 20 21 25 23 26 24 19 22 29 33 36 30 34 35 28 31 32 41 44 42 37 43 38 39 45 40 48 54 52 53 50 47 49 51 46
  9  4  8  3  7  1  6  2  5 17 18 10 16 15 11 14 12 13 19 21 22 26 24 27 25 20 23 30 34 28 31 35 36 29 32 33 42 45 43 38 44 39 40 37 41 49 46 53 54 51 48 50 52 47
 18 13 17 12 16 10 15 11 14 26 27 19 25 24 20 23 21 22 28 30 31 35 33 36 34 29 32 39 43 37 40 44 45 38 41 42 51 54 52 47 53 48 49 46 50  4  1  8  9  6  3  5  7  2
 36 31 35 30 34 28 33 29 32 44 45 37 43 42 38 41 39 40 46 48 49 53 51 54 52 47 50  3  7  1  4  8  9  2  5  6 15 18 16 11 17 12 13 10 14 22 19 26 27 24 21 23 25 20
 54 49 53 48 52 46 51 47 50  8  9  1  7  6  2  5  3  4 10 12 13 17 15 18 16 11 14 21 25 19 22 26 27 20 23 24 33 36 34 29 35 30 31 28 32 40 37 44 45 42 39 41 43 38
 45 40 44 39 43 37 42 38 41 53 54 46 52 51 47 50 48 49  1  3  4  8  6  9  7  2  5 12 16 10 13 17 18 11 14 15 24 27 25 20 26 21 22 19 23 31 28 35 36 33 30 32 34 29
 27 22 26 21 25 19 24 20 23 35 36 28 34 33 29 32 30 31 37 39 40 44 42 45 43 38 41 48 52 46 49 53 54 47 50 51  6  9  7  2  8  3  4  1  5 13 10 17 18 15 12 14 16 11
 10 14 18 13 17 11 16 12 15 27 19 20 26 25 21 24 22 23 29 31 32 36 34 28 35 30 33 40 44 38 41 45 37 39 42 43 52 46 53 48 54 49 50 47 51  5  2  9  1  7  4  6  8  3
 28 32 36 31 35 29 34 30 33 45 37 38 44 43 39 42 40 41 47 49 50 54 52 46 53 48 51  4  8  2  5  9  1  3  6  7 16 10 17 12 18 13 14 11 15 23 20 27 19 25 22 24 26 21
 46 50 54 49 53 47 52 48 51  9  1  2  8  7  3  6  4  5 11 13 14 18 16 10 17 12 15 22 26 20 23 27 19 21 24 25 34 28 35 30 36 31 32 29 33 41 38 45 37 43 40 42 44 39
  1  5  9  4  8  2  7  3  6 18 10 11 17 16 12 15 13 14 20 22 23 27 25 19 26 21 24 31 35 29 32 36 28 30 33 34 43 37 44 39 45 40 41 38 42 50 47 54 46 52 49 51 53 48
 37 41 45 40 44 38 43 39 42 54 46 47 53 52 48 51 49 50  2  4  5  9  7  1  8  3  6 13 17 11 14 18 10 12 15 16 25 19 26 21 27 22 23 20 24 32 29 36 28 34 31 33 35 30
 19 23 27 22 26 20 25 21 24 36 28 29 35 34 30 33 31 32 38 40 41 45 43 37 44 39 42 49 53 47 50 54 46 48 51 52  7  1  8  3  9  4  5  2  6 14 11 18 10 16 13 15 17 12
 29 33 28 32 36 30 35 31 34 37 38 39 45 44 40 43 41 42 48 50 51 46 53 47 54 49 52  5  9  3  6  1  2  4  7  8 17 11 18 13 10 14 15 12 16 24 21 19 20 26 23 25 27 22
 38 42 37 41 45 39 44 40 43 46 47 48 54 53 49 52 50 51  3  5  6  1  8  2  9  4  7 14 18 12 15 10 11 13 16 17 26 20 27 22 19 23 24 21 25 33 30 28 29 35 32 34 36 31
 11 15 10 14 18 12 17 13 16 19 20 21 27 26 22 25 23 24 30 32 33 28 35 29 36 31 34 41 45 39 42 37 38 40 43 44 53 47 54 49 46 50 51 48 52  6  3  1  2  8  5  7  9  4
 47 51 46 50 54 48 53 49 52  1  2  3  9  8  4  7  5  6 12 14 15 10 17 11 18 13 16 23 27 21 24 19 20 22 25 26 35 29 36 31 28 32 33 30 34 42 39 37 38 44 41 43 45 40
  2  6  1  5  9  3  8  4  7 10 11 12 18 17 13 16 14 15 21 23 24 19 26 20 27 22 25 32 36 30 33 28 29 31 34 35 44 38 45 40 37 41 42 39 43 51 48 46 47 53 50 52 54 49
 20 24 19 23 27 21 26 22 25 28 29 30 36 35 31 34 32 33 39 41 42 37 44 38 45 40 43 50 54 48 51 46 47 49 52 53  8  2  9  4  1  5  6  3  7 15 12 10 11 17 14 16 18 13
 12 16 11 15 10 13 18 14 17 20 21 22 19 27 23 26 24 25 31 33 34 29 36 30 28 32 35 42 37 40 43 38 39 41 44 45 54 48 46 50 47 51 52 49 53  7  4  2  3  9  6  8  1  5
  3  7  2  6  1  4  9  5  8 11 12 13 10 18 14 17 15 16 22 24 25 20 27 21 19 23 26 33 28 31 34 29 30 32 35 36 45 39 37 41 38 42 43 40 44 52 49 47 48 54 51 53 46 50
 21 25 20 24 19 22 27 23 26 29 30 31 28 36 32 35 33 34 40 42 43 38 45 39 37 41 44 51 46 49 52 47 48 50 53 54  9  3  1  5  2  6  7  4  8 16 13 11 12 18 15 17 10 14
 39 43 38 42 37 40 45 41 44 47 48 49 46 54 50 53 51 52  4  6  7  2  9  3  1  5  8 15 10 13 16 11 12 14 17 18 27 21 19 23 20 24 25 22 26 34 31 29 30 36 33 35 28 32
 30 34 29 33 28 31 36 32 35 38 39 40 37 45 41 44 42 43 49 51 52 47 54 48 46 50 53  6  1  4  7  2  3  5  8  9 18 12 10 14 11 15 16 13 17 25 22 20 21 27 24 26 19 23
 48 52 47 51 46 49 54 50 53  2  3  4  1  9  5  8  6  7 13 15 16 11 18 12 10 14 17 24 19 22 25 20 21 23 26 27 36 30 28 32 29 33 34 31 35 43 40 38 39 45 42 44 37 41
  4  8  3  7  2  5  1  6  9 12 13 14 11 10 15 18 16 17 23 25 26 21 19 22 20 24 27 34 29 32 35 30 31 33 36 28 37 40 38 42 39 43 44 41 45 53 50 48 49 46 52 54 47 51
 40 44 39 43 38 41 37 42 45 48 49 50 47 46 51 54 52 53  5  7  8  3  1  4  2  6  9 16 11 14 17 12 13 15 18 10 19 22 20 24 21 25 26 23 27 35 32 30 31 28 34 36 29 33
 31 35 30 34 29 32 28 33 36 39 40 41 38 37 42 45 43 44 50 52 53 48 46 49 47 51 54  7  2  5  8  3  4  6  9  1 10 13 11 15 12 16 17 14 18 26 23 21 22 19 25 27 20 24
 13 17 12 16 11 14 10 15 18 21 22 23 20 19 24 27 25 26 32 34 35 30 28 31 29 33 36 43 38 41 44 39 40 42 45 37 46 49 47 51 48 52 53 50 54  8  5  3  4  1  7  9  2  6
 22 26 21 25 20 23 19 24 27 30 31 32 29 28 33 36 34 35 41 43 44 39 37 40 38 42 45 52 47 50 53 48 49 51 54 46  1  4  2  6  3  7  8  5  9 17 14 12 13 10 16 18 11 15
 49 53 48 52 47 50 46 51 54  3  4  5  2  1  6  9  7  8 14 16 17 12 10 13 11 15 18 25 20 23 26 21 22 24 27 19 28 31 29 33 30 34 35 32 36 44 41 39 40 37 43 45 38 42
 14 18 13 17 12 15 11 16 10 22 23 24 21 20 25 19 26 27 33 35 36 31 29 32 30 34 28 44 39 42 45 40 41 43 37 38 47 50 48 52 49 53 54 51 46  9  6  4  5  2  8  1  3  7
  5  9  4  8  3  6  2  7  1 13 14 15 12 11 16 10 17 18 24 26 27 22 20 23 21 25 19 35 30 33 36 31 32 34 28 29 38 41 39 43 40 44 45 42 37 54 51 49 50 47 53 46 48 52
 32 36 31 35 30 33 29 34 28 40 41 42 39 38 43 37 44 45 51 53 54 49 47 50 48 52 46  8  3  6  9  4  5  7  1  2 11 14 12 16 13 17 18 15 10 27 24 22 23 20 26 19 21 25
 23 27 22 26 21 24 20 25 19 31 32 33 30 29 34 28 35 36 42 44 45 40 38 41 39 43 37 53 48 51 54 49 50 52 46 47  2  5  3  7  4  8  9  6  1 18 15 13 14 11 17 10 12 16
 41 45 40 44 39 42 38 43 37 49 50 51 48 47 52 46 53 54  6  8  9  4  2  5  3  7  1 17 12 15 18 13 14 16 10 11 20 23 21 25 22 26 27 24 19 36 33 31 32 29 35 28 30 34
 50 54 49 53 48 51 47 52 46  4  5  6  3  2  7  1  8  9 15 17 18 13 11 14 12 16 10 26 21 24 27 22 23 25 19 20 29 32 30 34 31 35 36 33 28 45 42 40 41 38 44 37 39 43
 15 10 14 18 13 16 12 17 11 23 24 25 22 21 26 20 27 19 34 36 28 32 30 33 31 35 29 45 40 43 37 41 42 44 38 39 48 51 49 53 50 54 46 52 47  1  7  5  6  3  9  2  4  8
  6  1  5  9  4  7  3  8  2 14 15 16 13 12 17 11 18 10 25 27 19 23 21 24 22 26 20 36 31 34 28 32 33 35 29 30 39 42 40 44 41 45 37 43 38 46 52 50 51 48 54 47 49 53
 42 37 41 45 40 43 39 44 38 50 51 52 49 48 53 47 54 46  7  9  1  5  3  6  4  8  2 18 13 16 10 14 15 17 11 12 21 24 22 26 23 27 19 25 20 28 34 32 33 30 36 29 31 35
 33 28 32 36 31 34 30 35 29 41 42 43 40 39 44 38 45 37 52 54 46 50 48 51 49 53 47  9  4  7  1  5  6  8  2  3 12 15 13 17 14 18 10 16 11 19 25 23 24 21 27 20 22 26
 51 46 50 54 49 52 48 53 47  5  6  7  4  3  8  2  9  1 16 18 10 14 12 15 13 17 11 27 22 25 19 23 24 26 20 21 30 33 31 35 32 36 28 34 29 37 43 41 42 39 45 38 40 44
 24 19 23 27 22 25 21 26 20 32 33 34 31 30 35 29 36 28 43 45 37 41 39 42 40 44 38 54 49 52 46 50 51 53 47 48  3  6  4  8  5  9  1  7  2 10 16 14 15 12 18 11 13 17
 52 47 51 46 50 53 49 54 48  6  7  8  5  4  9  3  1  2 17 10 11 15 13 16 14 18 12 19 23 26 20 24 25 27 21 22 31 34 32 36 33 28 29 35 30 38 44 42 43 40 37 39 41 45
 25 20 24 19 23 26 22 27 21 33 34 35 32 31 36 30 28 29 44 37 38 42 40 43 41 45 39 46 50 53 47 51 52 54 48 49  4  7  5  9  6  1  2  8  3 11 17 15 16 13 10 12 14 18
 16 11 15 10 14 17 13 18 12 24 25 26 23 22 27 21 19 20 35 28 29 33 31 34 32 36 30 37 41 44 38 42 43 45 39 40 49 52 50 54 51 46 47 53 48  2  8  6  7  4  1  3  5  9
 43 38 42 37 41 44 40 45 39 51 52 53 50 49 54 48 46 47  8  1  2  6  4  7  5  9  3 10 14 17 11 15 16 18 12 13 22 25 23 27 24 19 20 26 21 29 35 33 34 31 28 30 32 36
 34 29 33 28 32 35 31 36 30 42 43 44 41 40 45 39 37 38 53 46 47 51 49 52 50 54 48  1  5  8  2  6  7  9  3  4 13 16 14 18 15 10 11 17 12 20 26 24 25 22 19 21 23 27
  7  2  6  1  5  8  4  9  3 15 16 17 14 13 18 12 10 11 26 19 20 24 22 25 23 27 21 28 32 35 29 33 34 36 30 31 40 43 41 45 42 37 38 44 39 47 53 51 52 49 46 48 50 54
