------------------------------------------------------------------
|  1  7 10  |  5  9 14  | 13  3  4  | 11 12  8  | 15  2  6  |
|  9  6  2  |  4 15  3  | 11  7 12  | 10 13  5  |  8 14  1  |
|  3 11  4  |  2  6 12  | 10  8 14  |  9 15  1  | 13  5  7  |
| 14  8 12  | 11  1 13  |  9  5 15  |  7  2  6  | 10  4  3  |
| 13 15  5  |  7  8 10  |  2  1  6  | 14  4  3  | 11 12  9  |
------------------------------------------------------------------
|  8 12 11  |  1  7  2  | 15  6  5  |  4  9 14  |  3 13 10  |
| 15  2  7  | 12 10  8  |  4 14  3  |  6  5 13  |  1  9 11  |
|  4  3  9  |  6 14 11  | 12  2 13  |  1  7 10  |  5 15  8  |
|  5  1 14  |  9 13 15  |  7 11 10  |  3  8 12  |  4  6  2  |
|  6 10 13  |  3  4  5  |  8  9  1  | 15 11  2  | 14  7 12  |
------------------------------------------------------------------
| 12  4  1  | 14  5  7  |  3 13  9  |  2 10 11  |  6  8 15  |
|  7  5  3  | 15 12  4  |  6 10  8  | 13  1  9  |  2 11 14  |
| 11 14  8  | 10  2  1  |  5  4  7  | 12  6 15  |  9  3 13  |
| 10 13  6  |  8 11  9  | 14 15  2  |  5  3  7  | 12  1  4  |
|  2  9 15  | 13  3  6  |  1 12 11  |  8 14  4  |  7 10  5  |
------------------------------------------------------------------
