------------------------------------------------------------------
| 14 11 10  |  8 13  2  | 12  3  7  |  9  1  4  |  6  5 15  |
|  7  5  9  | 10 11  6  |  8  2  4  |  3 14 15  |  1 12 13  |
|  3 15  4  |  7 12  9  | 10 13  1  |  8  6  5  | 14  2 11  |
| 13  6 12  |  3 15  1  |  9  5 14  |  2 10 11  |  8  4  7  |
|  8  2  1  | 14  5  4  | 11  6 15  | 13  7 12  |  9  3 10  |
------------------------------------------------------------------
|  2 10 14  | 15  3  8  |  6  1  9  |  4 11  7  | 12 13  5  |
| 15 12  5  |  2  1 13  |  3  8 11  |  6  9 14  |  7 10  4  |
| 11  1  6  | 12 14  7  | 15  4  5  | 10  8 13  |  3  9  2  |
|  9 13  8  | 11  4  5  | 14  7 10  | 12  3  2  | 15  6  1  |
|  4  3  7  |  6  9 10  |  2 12 13  | 15  5  1  | 11  8 14  |
------------------------------------------------------------------
| 10  9 13  |  4  8 15  |  1 14 12  |  7  2  6  |  5 11  3  |
|  5 14  3  | 13 10 12  |  4 11  6  |  1 15  8  |  2  7  9  |
|  6  4  2  |  5  7 11  | 13 15  3  | 14 12  9  | 10  1  8  |
|  1  8 11  |  9  6 14  |  7 10  2  |  5 13  3  |  4 15 12  |
| 12  7 15  |  1  2  3  |  5  9  8  | 11  4 10  | 13 14  6  |
------------------------------------------------------------------
