------------------------------------------------------------------
|  2  5 14  |  1  6  7  | 13 10 11  |  9  3  4  | 12  8 15  |
| 15 13  4  | 14 12  5  |  1  8  3  | 11 10  6  |  9  7  2  |
|  6  1  3  |  2 13 15  | 12  5  9  |  8 14  7  | 11 10  4  |
| 10 11  9  |  4  3  8  | 15 14  7  |  1 12  2  |  6 13  5  |
| 12  7  8  |  9 11 10  |  6  2  4  | 13 15  5  | 14  3  1  |
------------------------------------------------------------------
| 11  2  1  | 12  7  9  | 10 15 13  |  5  8 14  |  3  4  6  |
|  4 10  7  |  8  1  6  |  5  3 14  | 15 11 12  |  2  9 13  |
| 14  8  5  | 10  2  4  |  9  1  6  |  7 13  3  | 15 12 11  |
|  3 15  6  | 11 14 13  |  4 12  8  | 10  2  9  |  5  1  7  |
| 13  9 12  |  5 15  3  | 11  7  2  |  6  4  1  |  8 14 10  |
------------------------------------------------------------------
|  9 14 15  |  7  8  2  |  3 13  5  |  4  6 10  |  1 11 12  |
|  1  4 13  |  6  5 12  |  7 11 15  | 14  9  8  | 10  2  3  |
|  8 12 10  |  3  4 11  | 14  6  1  |  2  7 15  | 13  5  9  |
|  5  3 11  | 15  9 14  |  2  4 10  | 12  1 13  |  7  6  8  |
|  7  6  2  | 13 10  1  |  8  9 12  |  3  5 11  |  4 15 14  |
------------------------------------------------------------------
