------------------------------------------------------------------
|  4  7 12  |  3  2  9  | 15 10  8  | 13  1  5  | 14  6 11  |
| 11 13  1  | 12  4 14  |  2  3  9  |  8 15  6  |  5  7 10  |
|  8  6  5  | 10  7 13  | 12  4  1  |  3 11 14  | 15  2  9  |
| 10  3  9  |  1 15  6  | 14  5 11  |  4  2  7  |  8 13 12  |
| 15 14  2  | 11  8  5  |  6 13  7  |  9 12 10  |  4  3  1  |
------------------------------------------------------------------
|  6 11 15  | 14  1 12  | 13  7 10  |  5  4  9  |  3  8  2  |
|  2  4 10  | 15  3  7  |  9 14 12  |  6 13  8  | 11  1  5  |
|  5 12 13  |  9 10  4  |  3  8  2  | 11 14  1  |  7 15  6  |
|  3  1 14  |  6 11  8  |  4 15  5  | 12  7  2  |  9 10 13  |
|  7  9  8  |  5 13  2  |  1 11  6  | 15 10  3  | 12  4 14  |
------------------------------------------------------------------
| 12  5  7  |  2  9 10  | 11  6  3  |  1  8  4  | 13 14 15  |
| 14  8 11  | 13 12  3  |  5  1  4  | 10  6 15  |  2  9  7  |
|  9 10  3  |  8  6 15  |  7 12 14  |  2  5 13  |  1 11  4  |
|  1 15  6  |  4 14 11  |  8  2 13  |  7  9 12  | 10  5  3  |
| 13  2  4  |  7  5  1  | 10  9 15  | 14  3 11  |  6 12  8  |
------------------------------------------------------------------
