------------------------------------------------------------------
|  2 13  3  |  4  9  8  | 15 11 12  |  6 14 10  |  1  7  5  |
|  5 12  1  |  2  7  6  |  9  4 10  | 11 15  8  | 14  3 13  |
|  9 15 10  | 12 11  5  |  7  8 14  |  1  3 13  |  6  2  4  |
| 14  6 11  | 13 10 15  |  2  3  1  |  7  4  5  |  8 12  9  |
|  4  8  7  | 14  1  3  |  5  6 13  | 12  9  2  | 15 11 10  |
------------------------------------------------------------------
|  1  5 14  | 11 13  7  |  8  2  9  | 10  6  3  | 12  4 15  |
| 13  2  9  |  5  3  1  | 11  7  4  |  8 12 15  | 10  6 14  |
| 10  4 15  |  9  2 12  |  1 13  6  | 14  7 11  |  3  5  8  |
|  8 11  6  | 10 15  4  | 12 14  3  |  9  5  1  |  7 13  2  |
|  3  7 12  |  6  8 14  | 10  5 15  |  2 13  4  |  9  1 11  |
------------------------------------------------------------------
| 11 14  2  | 15  6  9  |  4 10  5  |  3  1 12  | 13  8  7  |
|  6  1  5  |  7 14 10  | 13 12  2  |  4  8  9  | 11 15  3  |
| 12 10  4  |  1  5 13  |  3  9  8  | 15 11  7  |  2 14  6  |
|  7  3 13  |  8 12  2  |  6 15 11  |  5 10 14  |  4  9  1  |
| 15  9  8  |  3  4 11  | 14  1  7  | 13  2  6  |  5 10 12  |
------------------------------------------------------------------
