 12  7 11 15  2  4 14 10  6 13  1  8  9  3  5
 13 14  2  3  1  9  7 11 12 15  6  5  8 10  4
 15 10  8 12  5  6  1  9  2 14  4  3 13 11  7
  4  6  1 14 13  7  8  3  5 11 10  9 15  2 12
  9  5  3  8 11 10 15  4 13 12  7  2 14  6  1
  1  9  6  2 12 14 10  5  3  8 15 13  7  4 11
 14 13  7 10  3 11  2  1  9  5 12  4  6  8 15
  3  2 15 13  7  8 11  6  4 10  9  1  5 12 14
 11 12  4  6 15  5 13  7  8  3  2 14 10  1  9
 10  8  5  9  4  1 12 14 15  6 11  7  3 13  2
  2 15 10  4  9 13  6 12 14  7  8 11  1  5  3
  7  4 12  5 10 15  9 13 11  1  3  6  2 14  8
  5 11 13  7  6 12  3  8  1  2 14 15  4  9 10
  8  1  9 11 14  3  5  2  7  4 13 10 12 15  6
  6  3 14  1  8  2  4 15 10  9  5 12 11  7 13
