------------------------------------------------------------------
|  1  5 12  |  3  4 10  | 11 14 15  |  9  8 13  |  6  2  7  |
| 15 10  6  | 14  2 12  | 13  8  9  | 11  3  7  |  1  4  5  |
|  8  2  4  | 15  6 13  | 10  3  7  | 12  5  1  |  9 11 14  |
| 13  7 11  |  1  8  9  |  2 12  5  | 14  6  4  |  3 15 10  |
|  3  9 14  |  5  7 11  |  6  4  1  | 10 15  2  | 12 13  8  |
------------------------------------------------------------------
| 10 14  1  |  6 15  2  | 12 11  8  |  5  7  9  |  4  3 13  |
| 11 12  3  | 10  5  4  |  9  6  2  |  8 13 15  |  7 14  1  |
|  6 15 13  | 12 14  7  |  1  5  4  |  2 11  3  |  8 10  9  |
|  5  8  7  | 11  9  3  | 15 10 13  |  4  1 14  |  2  6 12  |
|  2  4  9  | 13  1  8  | 14  7  3  |  6 12 10  | 11  5 15  |
------------------------------------------------------------------
|  4  1  5  |  9 13 14  |  7  2  6  |  3 10  8  | 15 12 11  |
| 12  6  8  |  4  3  1  |  5 13 14  | 15  9 11  | 10  7  2  |
|  7 11  2  |  8 12  6  |  4 15 10  |  1 14  5  | 13  9  3  |
| 14  3 10  |  7 11 15  |  8  9 12  | 13  2  6  |  5  1  4  |
|  9 13 15  |  2 10  5  |  3  1 11  |  7  4 12  | 14  8  6  |
------------------------------------------------------------------
