------------------------------------------------------------------
|  8  3  1  | 15  9  2  |  4  7 14  | 12 11  5  |  6 13 10  |
|  6  7  2  |  1 12 13  |  8 11 15  | 14 10  4  |  5  3  9  |
|  5 14 11  |  3  8  7  |  9 12 10  | 15  6 13  |  4  2  1  |
|  4 10 12  | 14  5 11  |  2 13  6  |  9  1  3  | 15  8  7  |
| 13 15  9  |  6  4 10  |  1  3  5  |  8  7  2  | 11 12 14  |
------------------------------------------------------------------
| 10 11 15  | 13  1  4  |  6  8 12  |  7 14  9  |  3  5  2  |
|  3 12  8  | 11 10  9  | 15  2  1  |  5 13  6  | 14  7  4  |
|  1  4  7  | 12  3 15  |  5 14 13  |  2  8 10  |  9  6 11  |
|  2 13 14  |  5  7  6  | 10  9  3  |  1  4 11  |  8 15 12  |
|  9  6  5  |  2 14  8  |  7  4 11  |  3 15 12  | 10  1 13  |
------------------------------------------------------------------
| 14  5  4  |  7  6  3  | 13  1  9  | 11 12 15  |  2 10  8  |
| 15  1 13  |  4  2 14  |  3  5  7  | 10  9  8  | 12 11  6  |
| 12  8  3  |  9 13  5  | 11 10  4  |  6  2  1  |  7 14 15  |
| 11  9 10  |  8 15 12  | 14  6  2  | 13  3  7  |  1  4  5  |
|  7  2  6  | 10 11  1  | 12 15  8  |  4  5 14  | 13  9  3  |
------------------------------------------------------------------
