------------------------------------------------------------------
| 14  8  3  |  1 10  4  |  2  7 12  |  5 13 11  |  9 15  6  |
|  6  5  9  |  3 15 11  | 13  8 14  |  7  1 12  |  2  4 10  |
|  7  1 13  | 14  9  6  |  3 10 15  |  4  8  2  | 12  5 11  |
| 10 15  2  |  5  8 12  |  1 11  4  |  3  9  6  | 13  7 14  |
| 12  4 11  |  7  2 13  |  6  9  5  | 14 15 10  |  8  3  1  |
------------------------------------------------------------------
|  5 10  7  | 12  4 14  |  8  2  1  | 13  3  9  |  6 11 15  |
| 15  3  4  |  8  1  9  | 12 14 13  |  6 11  5  | 10  2  7  |
|  8 12  1  | 13  3 15  |  4  6 11  |  2 10  7  |  5 14  9  |
|  9 11  6  | 10  5  2  | 15  3  7  |  8  4 14  |  1 13 12  |
|  2 13 14  | 11  6  7  |  9  5 10  | 15 12  1  |  4  8  3  |
------------------------------------------------------------------
| 11 14 12  |  6 13  8  | 10  4  3  |  9  5 15  |  7  1  2  |
|  3  6  8  |  9 11  5  |  7  1  2  | 10 14 13  | 15 12  4  |
| 13  2  5  |  4 12 10  | 11 15  9  |  1  7  3  | 14  6  8  |
|  1  9 15  |  2  7  3  | 14 13  8  | 12  6  4  | 11 10  5  |
|  4  7 10  | 15 14  1  |  5 12  6  | 11  2  8  |  3  9 13  |
------------------------------------------------------------------
