------------------------------------------------------------------
| 11  6  1  |  4 12  7  |  9  2 14  | 10 15  3  |  5 13  8  |
| 10 14 13  | 11  6 15  | 12  3  4  |  2  8  5  |  1  9  7  |
|  4 12  5  |  9 13 14  | 11  8 15  |  6  1  7  |  2  3 10  |
|  9  3  7  |  1  8  2  |  6  5 10  | 14  4 13  | 15 11 12  |
|  2 15  8  | 10  5  3  | 13  7  1  | 11  9 12  |  6  4 14  |
------------------------------------------------------------------
| 15  5  2  |  3 10  8  | 14  1  7  |  4  6  9  | 13 12 11  |
|  7  8 12  | 15  2  9  |  4  6 13  |  1 11 14  | 10  5  3  |
|  1 11  9  |  5  4  6  |  2 10  3  | 12 13  8  | 14  7 15  |
| 14 13  3  | 12 11  1  | 15  9  5  |  7  2 10  |  8  6  4  |
|  6  4 10  |  7 14 13  |  8 11 12  |  3  5 15  |  9  2  1  |
------------------------------------------------------------------
|  8  2  6  | 14  7 12  | 10 15  9  | 13  3  4  | 11  1  5  |
|  3  9 15  |  8  1 10  |  7 13  2  |  5 12 11  |  4 14  6  |
| 12 10  4  | 13  9  5  |  1 14 11  | 15  7  6  |  3  8  2  |
| 13  7 14  |  2  3 11  |  5  4  6  |  8 10  1  | 12 15  9  |
|  5  1 11  |  6 15  4  |  3 12  8  |  9 14  2  |  7 10 13  |
------------------------------------------------------------------
