 10  9 12 11  8 14 13 21 18 17 19 16 15 20 23 27 22 28 26 24 25 29 33 32 31 35 34 30  5  2  7  6  3  4  1
 31 30 33 32 29 35 34  7  4  3  5  2  1  6  9 13  8 14 12 10 11 15 19 18 17 21 20 16 26 23 28 27 24 25 22
 24 23 26 25 22 28 27 35 32 31 33 30 29 34  2  6  1  7  5  3  4  8 12 11 10 14 13  9 19 16 21 20 17 18 15
 17 16 19 18 15 21 20 28 25 24 26 23 22 27 30 34 29 35 33 31 32  1  5  4  3  7  6  2 12  9 14 13 10 11  8
  3  2  5  4  1  7  6 14 11 10 12  9  8 13 16 20 15 21 19 17 18 22 26 25 24 28 27 23 33 30 35 34 31 32 29
 18 17 20 19 16 15 21 22 26 25 27 24 23 28 31 35 30 29 34 32 33  2  6  5  4  1  7  3 13 10  8 14 11 12  9
 32 31 34 33 30 29 35  1  5  4  6  3  2  7 10 14  9  8 13 11 12 16 20 19 18 15 21 17 27 24 22 28 25 26 23
  4  3  6  5  2  1  7  8 12 11 13 10  9 14 17 21 16 15 20 18 19 23 27 26 25 22 28 24 34 31 29 35 32 33 30
 25 24 27 26 23 22 28 29 33 32 34 31 30 35  3  7  2  1  6  4  5  9 13 12 11  8 14 10 20 17 15 21 18 19 16
 11 10 13 12  9  8 14 15 19 18 20 17 16 21 24 28 23 22 27 25 26 30 34 33 32 29 35 31  6  3  1  7  4  5  2
  5  4  7  6  3  2  1  9 13 12 14 11 10  8 18 15 17 16 21 19 20 24 28 27 26 23 22 25 35 32 30 29 33 34 31
 33 32 35 34 31 30 29  2  6  5  7  4  3  1 11  8 10  9 14 12 13 17 21 20 19 16 15 18 28 25 23 22 26 27 24
 12 11 14 13 10  9  8 16 20 19 21 18 17 15 25 22 24 23 28 26 27 31 35 34 33 30 29 32  7  4  2  1  5  6  3
 19 18 21 20 17 16 15 23 27 26 28 25 24 22 32 29 31 30 35 33 34  3  7  6  5  2  1  4 14 11  9  8 12 13 10
 26 25 28 27 24 23 22 30 34 33 35 32 31 29  4  1  3  2  7  5  6 10 14 13 12  9  8 11 21 18 16 15 19 20 17
 20 19 15 21 18 17 16 24 28 27 22 26 25 23 33 30 32 31 29 34 35  4  1  7  6  3  2  5  8 12 10  9 13 14 11
 34 33 29 35 32 31 30  3  7  6  1  5  4  2 12  9 11 10  8 13 14 18 15 21 20 17 16 19 22 26 24 23 27 28 25
 13 12  8 14 11 10  9 17 21 20 15 19 18 16 26 23 25 24 22 27 28 32 29 35 34 31 30 33  1  5  3  2  6  7  4
 27 26 22 28 25 24 23 31 35 34 29 33 32 30  5  2  4  3  1  6  7 11  8 14 13 10  9 12 15 19 17 16 20 21 18
  6  5  1  7  4  3  2 10 14 13  8 12 11  9 19 16 18 17 15 20 21 25 22 28 27 24 23 26 29 33 31 30 34 35 32
 28 27 23 22 26 25 24 32 29 35 30 34 33 31  6  3  5  4  2  7  1 12  9  8 14 11 10 13 16 20 18 17 21 15 19
 35 34 30 29 33 32 31  4  1  7  2  6  5  3 13 10 12 11  9 14  8 19 16 15 21 18 17 20 23 27 25 24 28 22 26
 14 13  9  8 12 11 10 18 15 21 16 20 19 17 27 24 26 25 23 28 22 33 30 29 35 32 31 34  2  6  4  3  7  1  5
 21 20 16 15 19 18 17 25 22 28 23 27 26 24 34 31 33 32 30 35 29  5  2  1  7  4  3  6  9 13 11 10 14  8 12
  7  6  2  1  5  4  3 11  8 14  9 13 12 10 20 17 19 18 16 21 15 26 23 22 28 25 24 27 30 34 32 31 35 29 33
  8 14 10  9 13 12 11 19 16 15 17 21 20 18 28 25 27 26 24 22 23 34 31 30 29 33 32 35  3  7  5  4  1  2  6
 22 28 24 23 27 26 25 33 30 29 31 35 34 32  7  4  6  5  3  1  2 13 10  9  8 12 11 14 17 21 19 18 15 16 20
 15 21 17 16 20 19 18 26 23 22 24 28 27 25 35 32 34 33 31 29 30  6  3  2  1  5  4  7 10 14 12 11  8  9 13
  1  7  3  2  6  5  4 12  9  8 10 14 13 11 21 18 20 19 17 15 16 27 24 23 22 26 25 28 31 35 33 32 29 30 34
 29 35 31 30 34 33 32  5  2  1  3  7  6  4 14 11 13 12 10  8  9 20 17 16 15 19 18 21 24 28 26 25 22 23 27
 30 29 32 31 35 34 33  6  3  2  4  1  7  5  8 12 14 13 11  9 10 21 18 17 16 20 19 15 25 22 27 26 23 24 28
 16 15 18 17 21 20 19 27 24 23 25 22 28 26 29 33 35 34 32 30 31  7  4  3  2  6  5  1 11  8 13 12  9 10 14
  9  8 11 10 14 13 12 20 17 16 18 15 21 19 22 26 28 27 25 23 24 35 32 31 30 34 33 29  4  1  6  5  2  3  7
  2  1  4  3  7  6  5 13 10  9 11  8 14 12 15 19 21 20 18 16 17 28 25 24 23 27 26 22 32 29 34 33 30 31 35
 23 22 25 24 28 27 26 34 31 30 32 29 35 33  1  5  7  6  4  2  3 14 11 10  9 13 12  8 18 15 20 19 16 17 21
