 31 29 25 32 30 26 27 28 34 35 38 36 39 33 37 40 41 42 44 48 47 46 43 45 56 50 53 49 51 54 52 55  4  2  7  8  5  6  1  3 13 15 14 11 12 16  9 10 20 19 17 24 23 21 18 22
 55 53 49 56 54 50 51 52  2  3  6  4  7  1  5  8  9 10 12 16 15 14 11 13 24 18 21 17 19 22 20 23 28 26 31 32 29 30 25 27 37 39 38 35 36 40 33 34 44 43 41 48 47 45 42 46
  7  5  1  8  6  2  3  4 10 11 14 12 15  9 13 16 17 18 20 24 23 22 19 21 32 26 29 25 27 30 28 31 36 34 39 40 37 38 33 35 45 47 46 43 44 48 41 42 52 51 49 56 55 53 50 54
 47 45 41 48 46 42 43 44 50 51 54 52 55 49 53 56  1  2  4  8  7  6  3  5 16 10 13  9 11 14 12 15 20 18 23 24 21 22 17 19 29 31 30 27 28 32 25 26 36 35 33 40 39 37 34 38
 23 21 17 24 22 18 19 20 26 27 30 28 31 25 29 32 33 34 36 40 39 38 35 37 48 42 45 41 43 46 44 47 52 50 55 56 53 54 49 51  5  7  6  3  4  8  1  2 12 11  9 16 15 13 10 14
 39 37 33 40 38 34 35 36 42 43 46 44 47 41 45 48 49 50 52 56 55 54 51 53  8  2  5  1  3  6  4  7 12 10 15 16 13 14  9 11 21 23 22 19 20 24 17 18 28 27 25 32 31 29 26 30
 15 13  9 16 14 10 11 12 18 19 22 20 23 17 21 24 25 26 28 32 31 30 27 29 40 34 37 33 35 38 36 39 44 42 47 48 45 46 41 43 53 55 54 51 52 56 49 50  4  3  1  8  7  5  2  6
 24 22 18 17 23 19 20 21 27 28 31 29 32 26 30 25 34 35 37 33 40 39 36 38 41 43 46 42 44 47 45 48 53 51 56 49 54 55 50 52  6  8  7  4  5  1  2  3 13 12 10  9 16 14 11 15
 16 14 10  9 15 11 12 13 19 20 23 21 24 18 22 17 26 27 29 25 32 31 28 30 33 35 38 34 36 39 37 40 45 43 48 41 46 47 42 44 54 56 55 52 53 49 50 51  5  4  2  1  8  6  3  7
 32 30 26 25 31 27 28 29 35 36 39 37 40 34 38 33 42 43 45 41 48 47 44 46 49 51 54 50 52 55 53 56  5  3  8  1  6  7  2  4 14 16 15 12 13  9 10 11 21 20 18 17 24 22 19 23
 56 54 50 49 55 51 52 53  3  4  7  5  8  2  6  1 10 11 13  9 16 15 12 14 17 19 22 18 20 23 21 24 29 27 32 25 30 31 26 28 38 40 39 36 37 33 34 35 45 44 42 41 48 46 43 47
  8  6  2  1  7  3  4  5 11 12 15 13 16 10 14  9 18 19 21 17 24 23 20 22 25 27 30 26 28 31 29 32 37 35 40 33 38 39 34 36 46 48 47 44 45 41 42 43 53 52 50 49 56 54 51 55
 40 38 34 33 39 35 36 37 43 44 47 45 48 42 46 41 50 51 53 49 56 55 52 54  1  3  6  2  4  7  5  8 13 11 16  9 14 15 10 12 22 24 23 20 21 17 18 19 29 28 26 25 32 30 27 31
 48 46 42 41 47 43 44 45 51 52 55 53 56 50 54 49  2  3  5  1  8  7  4  6  9 11 14 10 12 15 13 16 21 19 24 17 22 23 18 20 30 32 31 28 29 25 26 27 37 36 34 33 40 38 35 39
  9 15 11 10 16 12 13 14 20 21 24 22 17 19 23 18 27 28 30 26 25 32 29 31 34 36 39 35 37 40 38 33 46 44 41 42 47 48 43 45 55 49 56 53 54 50 51 52  6  5  3  2  1  7  4  8
 33 39 35 34 40 36 37 38 44 45 48 46 41 43 47 42 51 52 54 50 49 56 53 55  2  4  7  3  5  8  6  1 14 12  9 10 15 16 11 13 23 17 24 21 22 18 19 20 30 29 27 26 25 31 28 32
 17 23 19 18 24 20 21 22 28 29 32 30 25 27 31 26 35 36 38 34 33 40 37 39 42 44 47 43 45 48 46 41 54 52 49 50 55 56 51 53  7  1  8  5  6  2  3  4 14 13 11 10  9 15 12 16
  1  7  3  2  8  4  5  6 12 13 16 14  9 11 15 10 19 20 22 18 17 24 21 23 26 28 31 27 29 32 30 25 38 36 33 34 39 40 35 37 47 41 48 45 46 42 43 44 54 53 51 50 49 55 52 56
 25 31 27 26 32 28 29 30 36 37 40 38 33 35 39 34 43 44 46 42 41 48 45 47 50 52 55 51 53 56 54 49  6  4  1  2  7  8  3  5 15  9 16 13 14 10 11 12 22 21 19 18 17 23 20 24
 49 55 51 50 56 52 53 54  4  5  8  6  1  3  7  2 11 12 14 10  9 16 13 15 18 20 23 19 21 24 22 17 30 28 25 26 31 32 27 29 39 33 40 37 38 34 35 36 46 45 43 42 41 47 44 48
 41 47 43 42 48 44 45 46 52 53 56 54 49 51 55 50  3  4  6  2  1  8  5  7 10 12 15 11 13 16 14  9 22 20 17 18 23 24 19 21 31 25 32 29 30 26 27 28 38 37 35 34 33 39 36 40
 10 16 12 11  9 13 14 15 21 22 17 23 18 20 24 19 28 29 31 27 26 25 30 32 35 37 40 36 38 33 39 34 47 45 42 43 48 41 44 46 56 50 49 54 55 51 52 53  7  6  4  3  2  8  5  1
 50 56 52 51 49 53 54 55  5  6  1  7  2  4  8  3 12 13 15 11 10  9 14 16 19 21 24 20 22 17 23 18 31 29 26 27 32 25 28 30 40 34 33 38 39 35 36 37 47 46 44 43 42 48 45 41
 18 24 20 19 17 21 22 23 29 30 25 31 26 28 32 27 36 37 39 35 34 33 38 40 43 45 48 44 46 41 47 42 55 53 50 51 56 49 52 54  8  2  1  6  7  3  4  5 15 14 12 11 10 16 13  9
 34 40 36 35 33 37 38 39 45 46 41 47 42 44 48 43 52 53 55 51 50 49 54 56  3  5  8  4  6  1  7  2 15 13 10 11 16  9 12 14 24 18 17 22 23 19 20 21 31 30 28 27 26 32 29 25
 26 32 28 27 25 29 30 31 37 38 33 39 34 36 40 35 44 45 47 43 42 41 46 48 51 53 56 52 54 49 55 50  7  5  2  3  8  1  4  6 16 10  9 14 15 11 12 13 23 22 20 19 18 24 21 17
  2  8  4  3  1  5  6  7 13 14  9 15 10 12 16 11 20 21 23 19 18 17 22 24 27 29 32 28 30 25 31 26 39 37 34 35 40 33 36 38 48 42 41 46 47 43 44 45 55 54 52 51 50 56 53 49
 42 48 44 43 41 45 46 47 53 54 49 55 50 52 56 51  4  5  7  3  2  1  6  8 11 13 16 12 14  9 15 10 23 21 18 19 24 17 20 22 32 26 25 30 31 27 28 29 39 38 36 35 34 40 37 33
  3  1  5  4  2  6  7  8 14 15 10 16 11 13  9 12 21 22 24 20 19 18 23 17 28 30 25 29 31 26 32 27 40 38 35 36 33 34 37 39 41 43 42 47 48 44 45 46 56 55 53 52 51 49 54 50
 43 41 45 44 42 46 47 48 54 55 50 56 51 53 49 52  5  6  8  4  3  2  7  1 12 14  9 13 15 10 16 11 24 22 19 20 17 18 21 23 25 27 26 31 32 28 29 30 40 39 37 36 35 33 38 34
 19 17 21 20 18 22 23 24 30 31 26 32 27 29 25 28 37 38 40 36 35 34 39 33 44 46 41 45 47 42 48 43 56 54 51 52 49 50 53 55  1  3  2  7  8  4  5  6 16 15 13 12 11  9 14 10
 11  9 13 12 10 14 15 16 22 23 18 24 19 21 17 20 29 30 32 28 27 26 31 25 36 38 33 37 39 34 40 35 48 46 43 44 41 42 45 47 49 51 50 55 56 52 53 54  8  7  5  4  3  1  6  2
 35 33 37 36 34 38 39 40 46 47 42 48 43 45 41 44 53 54 56 52 51 50 55 49  4  6  1  5  7  2  8  3 16 14 11 12  9 10 13 15 17 19 18 23 24 20 21 22 32 31 29 28 27 25 30 26
 27 25 29 28 26 30 31 32 38 39 34 40 35 37 33 36 45 46 48 44 43 42 47 41 52 54 49 53 55 50 56 51  8  6  3  4  1  2  5  7  9 11 10 15 16 12 13 14 24 23 21 20 19 17 22 18
 51 49 53 52 50 54 55 56  6  7  2  8  3  5  1  4 13 14 16 12 11 10 15  9 20 22 17 21 23 18 24 19 32 30 27 28 25 26 29 31 33 35 34 39 40 36 37 38 48 47 45 44 43 41 46 42
 44 42 46 45 43 47 48 41 55 56 51 49 52 54 50 53  6  7  1  5  4  3  8  2 13 15 10 14 16 11  9 12 17 23 20 21 18 19 22 24 26 28 27 32 25 29 30 31 33 40 38 37 36 34 39 35
  4  2  6  5  3  7  8  1 15 16 11  9 12 14 10 13 22 23 17 21 20 19 24 18 29 31 26 30 32 27 25 28 33 39 36 37 34 35 38 40 42 44 43 48 41 45 46 47 49 56 54 53 52 50 55 51
 36 34 38 37 35 39 40 33 47 48 43 41 44 46 42 45 54 55 49 53 52 51 56 50  5  7  2  6  8  3  1  4  9 15 12 13 10 11 14 16 18 20 19 24 17 21 22 23 25 32 30 29 28 26 31 27
 12 10 14 13 11 15 16  9 23 24 19 17 20 22 18 21 30 31 25 29 28 27 32 26 37 39 34 38 40 35 33 36 41 47 44 45 42 43 46 48 50 52 51 56 49 53 54 55  1  8  6  5  4  2  7  3
 28 26 30 29 27 31 32 25 39 40 35 33 36 38 34 37 46 47 41 45 44 43 48 42 53 55 50 54 56 51 49 52  1  7  4  5  2  3  6  8 10 12 11 16  9 13 14 15 17 24 22 21 20 18 23 19
 20 18 22 21 19 23 24 17 31 32 27 25 28 30 26 29 38 39 33 37 36 35 40 34 45 47 42 46 48 43 41 44 49 55 52 53 50 51 54 56  2  4  3  8  1  5  6  7  9 16 14 13 12 10 15 11
 52 50 54 53 51 55 56 49  7  8  3  1  4  6  2  5 14 15  9 13 12 11 16 10 21 23 18 22 24 19 17 20 25 31 28 29 26 27 30 32 34 36 35 40 33 37 38 39 41 48 46 45 44 42 47 43
 53 51 55 54 52 56 49 50  8  1  4  2  5  7  3  6 15 16 10 14 13 12  9 11 22 24 19 23 17 20 18 21 26 32 29 30 27 28 31 25 35 37 36 33 34 38 39 40 42 41 47 46 45 43 48 44
 13 11 15 14 12 16  9 10 24 17 20 18 21 23 19 22 31 32 26 30 29 28 25 27 38 40 35 39 33 36 34 37 42 48 45 46 43 44 47 41 51 53 52 49 50 54 55 56  2  1  7  6  5  3  8  4
 37 35 39 38 36 40 33 34 48 41 44 42 45 47 43 46 55 56 50 54 53 52 49 51  6  8  3  7  1  4  2  5 10 16 13 14 11 12 15  9 19 21 20 17 18 22 23 24 26 25 31 30 29 27 32 28
 21 19 23 22 20 24 17 18 32 25 28 26 29 31 27 30 39 40 34 38 37 36 33 35 46 48 43 47 41 44 42 45 50 56 53 54 51 52 55 49  3  5  4  1  2  6  7  8 10  9 15 14 13 11 16 12
  5  3  7  6  4  8  1  2 16  9 12 10 13 15 11 14 23 24 18 22 21 20 17 19 30 32 27 31 25 28 26 29 34 40 37 38 35 36 39 33 43 45 44 41 42 46 47 48 50 49 55 54 53 51 56 52
 29 27 31 30 28 32 25 26 40 33 36 34 37 39 35 38 47 48 42 46 45 44 41 43 54 56 51 55 49 52 50 53  2  8  5  6  3  4  7  1 11 13 12  9 10 14 15 16 18 17 23 22 21 19 24 20
 45 43 47 46 44 48 41 42 56 49 52 50 53 55 51 54  7  8  2  6  5  4  1  3 14 16 11 15  9 12 10 13 18 24 21 22 19 20 23 17 27 29 28 25 26 30 31 32 34 33 39 38 37 35 40 36
 22 20 24 23 21 17 18 19 25 26 29 27 30 32 28 31 40 33 35 39 38 37 34 36 47 41 44 48 42 45 43 46 51 49 54 55 52 53 56 50  4  6  5  2  3  7  8  1 11 10 16 15 14 12  9 13
 46 44 48 47 45 41 42 43 49 50 53 51 54 56 52 55  8  1  3  7  6  5  2  4 15  9 12 16 10 13 11 14 19 17 22 23 20 21 24 18 28 30 29 26 27 31 32 25 35 34 40 39 38 36 33 37
 54 52 56 55 53 49 50 51  1  2  5  3  6  8  4  7 16  9 11 15 14 13 10 12 23 17 20 24 18 21 19 22 27 25 30 31 28 29 32 26 36 38 37 34 35 39 40 33 43 42 48 47 46 44 41 45
  6  4  8  7  5  1  2  3  9 10 13 11 14 16 12 15 24 17 19 23 22 21 18 20 31 25 28 32 26 29 27 30 35 33 38 39 36 37 40 34 44 46 45 42 43 47 48 41 51 50 56 55 54 52 49 53
 38 36 40 39 37 33 34 35 41 42 45 43 46 48 44 47 56 49 51 55 54 53 50 52  7  1  4  8  2  5  3  6 11  9 14 15 12 13 16 10 20 22 21 18 19 23 24 17 27 26 32 31 30 28 25 29
 30 28 32 31 29 25 26 27 33 34 37 35 38 40 36 39 48 41 43 47 46 45 42 44 55 49 52 56 50 53 51 54  3  1  6  7  4  5  8  2 12 14 13 10 11 15 16  9 19 18 24 23 22 20 17 21
 14 12 16 15 13  9 10 11 17 18 21 19 22 24 20 23 32 25 27 31 30 29 26 28 39 33 36 40 34 37 35 38 43 41 46 47 44 45 48 42 52 54 53 50 51 55 56 49  3  2  8  7  6  4  1  5
