 30 25 26 28 32 31 29 27 33 35 34 39 38 37 40 36 41 46 48 47 43 45 44 42 55 56 53 50 49 51 54 52  4  1  2  8  5  7  6  3 16 10 13 14  9 12 15 11 22 23 20 24 21 17 18 19
 14  9 10 12 16 15 13 11 17 19 18 23 22 21 24 20 25 30 32 31 27 29 28 26 39 40 37 34 33 35 38 36 44 41 42 48 45 47 46 43 56 50 53 54 49 52 55 51  6  7  4  8  5  1  2  3
  6  1  2  4  8  7  5  3  9 11 10 15 14 13 16 12 17 22 24 23 19 21 20 18 31 32 29 26 25 27 30 28 36 33 34 40 37 39 38 35 48 42 45 46 41 44 47 43 54 55 52 56 53 49 50 51
 54 49 50 52 56 55 53 51  1  3  2  7  6  5  8  4  9 14 16 15 11 13 12 10 23 24 21 18 17 19 22 20 28 25 26 32 29 31 30 27 40 34 37 38 33 36 39 35 46 47 44 48 45 41 42 43
 22 17 18 20 24 23 21 19 25 27 26 31 30 29 32 28 33 38 40 39 35 37 36 34 47 48 45 42 41 43 46 44 52 49 50 56 53 55 54 51  8  2  5  6  1  4  7  3 14 15 12 16 13  9 10 11
 38 33 34 36 40 39 37 35 41 43 42 47 46 45 48 44 49 54 56 55 51 53 52 50  7  8  5  2  1  3  6  4 12  9 10 16 13 15 14 11 24 18 21 22 17 20 23 19 30 31 28 32 29 25 26 27
 46 41 42 44 48 47 45 43 49 51 50 55 54 53 56 52  1  6  8  7  3  5  4  2 15 16 13 10  9 11 14 12 20 17 18 24 21 23 22 19 32 26 29 30 25 28 31 27 38 39 36 40 37 33 34 35
 39 34 35 37 33 40 38 36 42 44 43 48 47 46 41 45 50 55 49 56 52 54 53 51  8  1  6  3  2  4  7  5 13 10 11  9 14 16 15 12 17 19 22 23 18 21 24 20 31 32 29 25 30 26 27 28
 23 18 19 21 17 24 22 20 26 28 27 32 31 30 25 29 34 39 33 40 36 38 37 35 48 41 46 43 42 44 47 45 53 50 51 49 54 56 55 52  1  3  6  7  2  5  8  4 15 16 13  9 14 10 11 12
  7  2  3  5  1  8  6  4 10 12 11 16 15 14  9 13 18 23 17 24 20 22 21 19 32 25 30 27 26 28 31 29 37 34 35 33 38 40 39 36 41 43 46 47 42 45 48 44 55 56 53 49 54 50 51 52
 55 50 51 53 49 56 54 52  2  4  3  8  7  6  1  5 10 15  9 16 12 14 13 11 24 17 22 19 18 20 23 21 29 26 27 25 30 32 31 28 33 35 38 39 34 37 40 36 47 48 45 41 46 42 43 44
 15 10 11 13  9 16 14 12 18 20 19 24 23 22 17 21 26 31 25 32 28 30 29 27 40 33 38 35 34 36 39 37 45 42 43 41 46 48 47 44 49 51 54 55 50 53 56 52  7  8  5  1  6  2  3  4
 47 42 43 45 41 48 46 44 50 52 51 56 55 54 49 53  2  7  1  8  4  6  5  3 16  9 14 11 10 12 15 13 21 18 19 17 22 24 23 20 25 27 30 31 26 29 32 28 39 40 37 33 38 34 35 36
 31 26 27 29 25 32 30 28 34 36 35 40 39 38 33 37 42 47 41 48 44 46 45 43 56 49 54 51 50 52 55 53  5  2  3  1  6  8  7  4  9 11 14 15 10 13 16 12 23 24 21 17 22 18 19 20
 32 27 28 30 26 25 31 29 35 37 36 33 40 39 34 38 43 48 42 41 45 47 46 44 49 50 55 52 51 53 56 54  6  3  4  2  7  1  8  5 10 12 15 16 11 14  9 13 24 17 22 18 23 19 20 21
  8  3  4  6  2  1  7  5 11 13 12  9 16 15 10 14 19 24 18 17 21 23 22 20 25 26 31 28 27 29 32 30 38 35 36 34 39 33 40 37 42 44 47 48 43 46 41 45 56 49 54 50 55 51 52 53
 40 35 36 38 34 33 39 37 43 45 44 41 48 47 42 46 51 56 50 49 53 55 54 52  1  2  7  4  3  5  8  6 14 11 12 10 15  9 16 13 18 20 23 24 19 22 17 21 32 25 30 26 31 27 28 29
 16 11 12 14 10  9 15 13 19 21 20 17 24 23 18 22 27 32 26 25 29 31 30 28 33 34 39 36 35 37 40 38 46 43 44 42 47 41 48 45 50 52 55 56 51 54 49 53  8  1  6  2  7  3  4  5
 24 19 20 22 18 17 23 21 27 29 28 25 32 31 26 30 35 40 34 33 37 39 38 36 41 42 47 44 43 45 48 46 54 51 52 50 55 49 56 53  2  4  7  8  3  6  1  5 16  9 14 10 15 11 12 13
 56 51 52 54 50 49 55 53  3  5  4  1  8  7  2  6 11 16 10  9 13 15 14 12 17 18 23 20 19 21 24 22 30 27 28 26 31 25 32 29 34 36 39 40 35 38 33 37 48 41 46 42 47 43 44 45
 48 43 44 46 42 41 47 45 51 53 52 49 56 55 50 54  3  8  2  1  5  7  6  4  9 10 15 12 11 13 16 14 22 19 20 18 23 17 24 21 26 28 31 32 27 30 25 29 40 33 38 34 39 35 36 37
 17 20 21 23 19 18 24 22 28 30 29 26 25 32 27 31 36 33 35 34 38 40 39 37 42 43 48 45 44 46 41 47 55 52 53 51 56 50 49 54  3  5  8  1  4  7  2  6  9 10 15 11 16 12 13 14
 33 36 37 39 35 34 40 38 44 46 45 42 41 48 43 47 52 49 51 50 54 56 55 53  2  3  8  5  4  6  1  7 15 12 13 11 16 10  9 14 19 21 24 17 20 23 18 22 25 26 31 27 32 28 29 30
  1  4  5  7  3  2  8  6 12 14 13 10  9 16 11 15 20 17 19 18 22 24 23 21 26 27 32 29 28 30 25 31 39 36 37 35 40 34 33 38 43 45 48 41 44 47 42 46 49 50 55 51 56 52 53 54
 49 52 53 55 51 50 56 54  4  6  5  2  1  8  3  7 12  9 11 10 14 16 15 13 18 19 24 21 20 22 17 23 31 28 29 27 32 26 25 30 35 37 40 33 36 39 34 38 41 42 47 43 48 44 45 46
 25 28 29 31 27 26 32 30 36 38 37 34 33 40 35 39 44 41 43 42 46 48 47 45 50 51 56 53 52 54 49 55  7  4  5  3  8  2  1  6 11 13 16  9 12 15 10 14 17 18 23 19 24 20 21 22
  9 12 13 15 11 10 16 14 20 22 21 18 17 24 19 23 28 25 27 26 30 32 31 29 34 35 40 37 36 38 33 39 47 44 45 43 48 42 41 46 51 53 56 49 52 55 50 54  1  2  7  3  8  4  5  6
 41 44 45 47 43 42 48 46 52 54 53 50 49 56 51 55  4  1  3  2  6  8  7  5 10 11 16 13 12 14  9 15 23 20 21 19 24 18 17 22 27 29 32 25 28 31 26 30 33 34 39 35 40 36 37 38
 42 45 46 48 44 43 41 47 53 55 54 51 50 49 52 56  5  2  4  3  7  1  8  6 11 12  9 14 13 15 10 16 24 21 22 20 17 19 18 23 28 30 25 26 29 32 27 31 34 35 40 36 33 37 38 39
  2  5  6  8  4  3  1  7 13 15 14 11 10  9 12 16 21 18 20 19 23 17 24 22 27 28 25 30 29 31 26 32 40 37 38 36 33 35 34 39 44 46 41 42 45 48 43 47 50 51 56 52 49 53 54 55
 10 13 14 16 12 11  9 15 21 23 22 19 18 17 20 24 29 26 28 27 31 25 32 30 35 36 33 38 37 39 34 40 48 45 46 44 41 43 42 47 52 54 49 50 53 56 51 55  2  3  8  4  1  5  6  7
 18 21 22 24 20 19 17 23 29 31 30 27 26 25 28 32 37 34 36 35 39 33 40 38 43 44 41 46 45 47 42 48 56 53 54 52 49 51 50 55  4  6  1  2  5  8  3  7 10 11 16 12  9 13 14 15
 34 37 38 40 36 35 33 39 45 47 46 43 42 41 44 48 53 50 52 51 55 49 56 54  3  4  1  6  5  7  2  8 16 13 14 12  9 11 10 15 20 22 17 18 21 24 19 23 26 27 32 28 25 29 30 31
 26 29 30 32 28 27 25 31 37 39 38 35 34 33 36 40 45 42 44 43 47 41 48 46 51 52 49 54 53 55 50 56  8  5  6  4  1  3  2  7 12 14  9 10 13 16 11 15 18 19 24 20 17 21 22 23
 50 53 54 56 52 51 49 55  5  7  6  3  2  1  4  8 13 10 12 11 15  9 16 14 19 20 17 22 21 23 18 24 32 29 30 28 25 27 26 31 36 38 33 34 37 40 35 39 42 43 48 44 41 45 46 47
  3  6  7  1  5  4  2  8 14 16 15 12 11 10 13  9 22 19 21 20 24 18 17 23 28 29 26 31 30 32 27 25 33 38 39 37 34 36 35 40 45 47 42 43 46 41 44 48 51 52 49 53 50 54 55 56
 43 46 47 41 45 44 42 48 54 56 55 52 51 50 53 49  6  3  5  4  8  2  1  7 12 13 10 15 14 16 11  9 17 22 23 21 18 20 19 24 29 31 26 27 30 25 28 32 35 36 33 37 34 38 39 40
 11 14 15  9 13 12 10 16 22 24 23 20 19 18 21 17 30 27 29 28 32 26 25 31 36 37 34 39 38 40 35 33 41 46 47 45 42 44 43 48 53 55 50 51 54 49 52 56  3  4  1  5  2  6  7  8
 35 38 39 33 37 36 34 40 46 48 47 44 43 42 45 41 54 51 53 52 56 50 49 55  4  5  2  7  6  8  3  1  9 14 15 13 10 12 11 16 21 23 18 19 22 17 20 24 27 28 25 29 26 30 31 32
 51 54 55 49 53 52 50 56  6  8  7  4  3  2  5  1 14 11 13 12 16 10  9 15 20 21 18 23 22 24 19 17 25 30 31 29 26 28 27 32 37 39 34 35 38 33 36 40 43 44 41 45 42 46 47 48
 27 30 31 25 29 28 26 32 38 40 39 36 35 34 37 33 46 43 45 44 48 42 41 47 52 53 50 55 54 56 51 49  1  6  7  5  2  4  3  8 13 15 10 11 14  9 12 16 19 20 17 21 18 22 23 24
 19 22 23 17 21 20 18 24 30 32 31 28 27 26 29 25 38 35 37 36 40 34 33 39 44 45 42 47 46 48 43 41 49 54 55 53 50 52 51 56  5  7  2  3  6  1  4  8 11 12  9 13 10 14 15 16
  4  7  8  2  6  5  3  1 15  9 16 13 12 11 14 10 23 20 22 21 17 19 18 24 29 30 27 32 31 25 28 26 34 39 40 38 35 37 36 33 46 48 43 44 47 42 45 41 52 53 50 54 51 55 56 49
 52 55 56 50 54 53 51 49  7  1  8  5  4  3  6  2 15 12 14 13  9 11 10 16 21 22 19 24 23 17 20 18 26 31 32 30 27 29 28 25 38 40 35 36 39 34 37 33 44 45 42 46 43 47 48 41
 20 23 24 18 22 21 19 17 31 25 32 29 28 27 30 26 39 36 38 37 33 35 34 40 45 46 43 48 47 41 44 42 50 55 56 54 51 53 52 49  6  8  3  4  7  2  5  1 12 13 10 14 11 15 16  9
 12 15 16 10 14 13 11  9 23 17 24 21 20 19 22 18 31 28 30 29 25 27 26 32 37 38 35 40 39 33 36 34 42 47 48 46 43 45 44 41 54 56 51 52 55 50 53 49  4  5  2  6  3  7  8  1
 28 31 32 26 30 29 27 25 39 33 40 37 36 35 38 34 47 44 46 45 41 43 42 48 53 54 51 56 55 49 52 50  2  7  8  6  3  5  4  1 14 16 11 12 15 10 13  9 20 21 18 22 19 23 24 17
 44 47 48 42 46 45 43 41 55 49 56 53 52 51 54 50  7  4  6  5  1  3  2  8 13 14 11 16 15  9 12 10 18 23 24 22 19 21 20 17 30 32 27 28 31 26 29 25 36 37 34 38 35 39 40 33
 36 39 40 34 38 37 35 33 47 41 48 45 44 43 46 42 55 52 54 53 49 51 50 56  5  6  3  8  7  1  4  2 10 15 16 14 11 13 12  9 22 24 19 20 23 18 21 17 28 29 26 30 27 31 32 25
 45 48 41 43 47 46 44 42 56 50 49 54 53 52 55 51  8  5  7  6  2  4  3  1 14 15 12  9 16 10 13 11 19 24 17 23 20 22 21 18 31 25 28 29 32 27 30 26 37 38 35 39 36 40 33 34
  5  8  1  3  7  6  4  2 16 10  9 14 13 12 15 11 24 21 23 22 18 20 19 17 30 31 28 25 32 26 29 27 35 40 33 39 36 38 37 34 47 41 44 45 48 43 46 42 53 54 51 55 52 56 49 50
 53 56 49 51 55 54 52 50  8  2  1  6  5  4  7  3 16 13 15 14 10 12 11  9 22 23 20 17 24 18 21 19 27 32 25 31 28 30 29 26 39 33 36 37 40 35 38 34 45 46 43 47 44 48 41 42
 21 24 17 19 23 22 20 18 32 26 25 30 29 28 31 27 40 37 39 38 34 36 35 33 46 47 44 41 48 42 45 43 51 56 49 55 52 54 53 50  7  1  4  5  8  3  6  2 13 14 11 15 12 16  9 10
 37 40 33 35 39 38 36 34 48 42 41 46 45 44 47 43 56 53 55 54 50 52 51 49  6  7  4  1  8  2  5  3 11 16  9 15 12 14 13 10 23 17 20 21 24 19 22 18 29 30 27 31 28 32 25 26
 29 32 25 27 31 30 28 26 40 34 33 38 37 36 39 35 48 45 47 46 42 44 43 41 54 55 52 49 56 50 53 51  3  8  1  7  4  6  5  2 15  9 12 13 16 11 14 10 21 22 19 23 20 24 17 18
 13 16  9 11 15 14 12 10 24 18 17 22 21 20 23 19 32 29 31 30 26 28 27 25 38 39 36 33 40 34 37 35 43 48 41 47 44 46 45 42 55 49 52 53 56 51 54 50  5  6  3  7  4  8  1  2
