  5  4  8  6  7  2  1  3 11 14 13 12 16 15  9 10 21 23 22 20 18 24 19 17 28 25 32 26 30 29 31 27 34 40 36 38 37 39 33 35 48 44 42 45 41 46 47 43 51 56 50 53 54 52 55 49
 37 36 40 38 39 34 33 35 43 46 45 44 48 47 41 42 53 55 54 52 50 56 51 49  4  1  8  2  6  5  7  3 10 16 12 14 13 15  9 11 24 20 18 21 17 22 23 19 27 32 26 29 30 28 31 25
 53 52 56 54 55 50 49 51  3  6  5  4  8  7  1  2 13 15 14 12 10 16 11  9 20 17 24 18 22 21 23 19 26 32 28 30 29 31 25 27 40 36 34 37 33 38 39 35 43 48 42 45 46 44 47 41
 13 12 16 14 15 10  9 11 19 22 21 20 24 23 17 18 29 31 30 28 26 32 27 25 36 33 40 34 38 37 39 35 42 48 44 46 45 47 41 43 56 52 50 53 49 54 55 51  3  8  2  5  6  4  7  1
 21 20 24 22 23 18 17 19 27 30 29 28 32 31 25 26 37 39 38 36 34 40 35 33 44 41 48 42 46 45 47 43 50 56 52 54 53 55 49 51  8  4  2  5  1  6  7  3 11 16 10 13 14 12 15  9
 29 28 32 30 31 26 25 27 35 38 37 36 40 39 33 34 45 47 46 44 42 48 43 41 52 49 56 50 54 53 55 51  2  8  4  6  5  7  1  3 16 12 10 13  9 14 15 11 19 24 18 21 22 20 23 17
 45 44 48 46 47 42 41 43 51 54 53 52 56 55 49 50  5  7  6  4  2  8  3  1 12  9 16 10 14 13 15 11 18 24 20 22 21 23 17 19 32 28 26 29 25 30 31 27 35 40 34 37 38 36 39 33
  6  5  1  7  8  3  2  4 12 15 14 13  9 16 10 11 22 24 23 21 19 17 20 18 29 26 25 27 31 30 32 28 35 33 37 39 38 40 34 36 41 45 43 46 42 47 48 44 52 49 51 54 55 53 56 50
 22 21 17 23 24 19 18 20 28 31 30 29 25 32 26 27 38 40 39 37 35 33 36 34 45 42 41 43 47 46 48 44 51 49 53 55 54 56 50 52  1  5  3  6  2  7  8  4 12  9 11 14 15 13 16 10
 54 53 49 55 56 51 50 52  4  7  6  5  1  8  2  3 14 16 15 13 11  9 12 10 21 18 17 19 23 22 24 20 27 25 29 31 30 32 26 28 33 37 35 38 34 39 40 36 44 41 43 46 47 45 48 42
 30 29 25 31 32 27 26 28 36 39 38 37 33 40 34 35 46 48 47 45 43 41 44 42 53 50 49 51 55 54 56 52  3  1  5  7  6  8  2  4  9 13 11 14 10 15 16 12 20 17 19 22 23 21 24 18
 46 45 41 47 48 43 42 44 52 55 54 53 49 56 50 51  6  8  7  5  3  1  4  2 13 10  9 11 15 14 16 12 19 17 21 23 22 24 18 20 25 29 27 30 26 31 32 28 36 33 35 38 39 37 40 34
 38 37 33 39 40 35 34 36 44 47 46 45 41 48 42 43 54 56 55 53 51 49 52 50  5  2  1  3  7  6  8  4 11  9 13 15 14 16 10 12 17 21 19 22 18 23 24 20 28 25 27 30 31 29 32 26
 14 13  9 15 16 11 10 12 20 23 22 21 17 24 18 19 30 32 31 29 27 25 28 26 37 34 33 35 39 38 40 36 43 41 45 47 46 48 42 44 49 53 51 54 50 55 56 52  4  1  3  6  7  5  8  2
 47 46 42 48 41 44 43 45 53 56 55 54 50 49 51 52  7  1  8  6  4  2  5  3 14 11 10 12 16 15  9 13 20 18 22 24 23 17 19 21 26 30 28 31 27 32 25 29 37 34 36 39 40 38 33 35
 23 22 18 24 17 20 19 21 29 32 31 30 26 25 27 28 39 33 40 38 36 34 37 35 46 43 42 44 48 47 41 45 52 50 54 56 55 49 51 53  2  6  4  7  3  8  1  5 13 10 12 15 16 14  9 11
 31 30 26 32 25 28 27 29 37 40 39 38 34 33 35 36 47 41 48 46 44 42 45 43 54 51 50 52 56 55 49 53  4  2  6  8  7  1  3  5 10 14 12 15 11 16  9 13 21 18 20 23 24 22 17 19
 15 14 10 16  9 12 11 13 21 24 23 22 18 17 19 20 31 25 32 30 28 26 29 27 38 35 34 36 40 39 33 37 44 42 46 48 47 41 43 45 50 54 52 55 51 56 49 53  5  2  4  7  8  6  1  3
 55 54 50 56 49 52 51 53  5  8  7  6  2  1  3  4 15  9 16 14 12 10 13 11 22 19 18 20 24 23 17 21 28 26 30 32 31 25 27 29 34 38 36 39 35 40 33 37 45 42 44 47 48 46 41 43
 39 38 34 40 33 36 35 37 45 48 47 46 42 41 43 44 55 49 56 54 52 50 53 51  6  3  2  4  8  7  1  5 12 10 14 16 15  9 11 13 18 22 20 23 19 24 17 21 29 26 28 31 32 30 25 27
  7  6  2  8  1  4  3  5 13 16 15 14 10  9 11 12 23 17 24 22 20 18 21 19 30 27 26 28 32 31 25 29 36 34 38 40 39 33 35 37 42 46 44 47 43 48 41 45 53 50 52 55 56 54 49 51
 48 47 43 41 42 45 44 46 54 49 56 55 51 50 52 53  8  2  1  7  5  3  6  4 15 12 11 13  9 16 10 14 21 19 23 17 24 18 20 22 27 31 29 32 28 25 26 30 38 35 37 40 33 39 34 36
 56 55 51 49 50 53 52 54  6  1  8  7  3  2  4  5 16 10  9 15 13 11 14 12 23 20 19 21 17 24 18 22 29 27 31 25 32 26 28 30 35 39 37 40 36 33 34 38 46 43 45 48 41 47 42 44
 40 39 35 33 34 37 36 38 46 41 48 47 43 42 44 45 56 50 49 55 53 51 54 52  7  4  3  5  1  8  2  6 13 11 15  9 16 10 12 14 19 23 21 24 20 17 18 22 30 27 29 32 25 31 26 28
 24 23 19 17 18 21 20 22 30 25 32 31 27 26 28 29 40 34 33 39 37 35 38 36 47 44 43 45 41 48 42 46 53 51 55 49 56 50 52 54  3  7  5  8  4  1  2  6 14 11 13 16  9 15 10 12
 16 15 11  9 10 13 12 14 22 17 24 23 19 18 20 21 32 26 25 31 29 27 30 28 39 36 35 37 33 40 34 38 45 43 47 41 48 42 44 46 51 55 53 56 52 49 50 54  6  3  5  8  1  7  2  4
  8  7  3  1  2  5  4  6 14  9 16 15 11 10 12 13 24 18 17 23 21 19 22 20 31 28 27 29 25 32 26 30 37 35 39 33 40 34 36 38 43 47 45 48 44 41 42 46 54 51 53 56 49 55 50 52
 32 31 27 25 26 29 28 30 38 33 40 39 35 34 36 37 48 42 41 47 45 43 46 44 55 52 51 53 49 56 50 54  5  3  7  1  8  2  4  6 11 15 13 16 12  9 10 14 22 19 21 24 17 23 18 20
 49 56 52 50 51 54 53 55  7  2  1  8  4  3  5  6  9 11 10 16 14 12 15 13 24 21 20 22 18 17 19 23 30 28 32 26 25 27 29 31 36 40 38 33 37 34 35 39 47 44 46 41 42 48 43 45
 33 40 36 34 35 38 37 39 47 42 41 48 44 43 45 46 49 51 50 56 54 52 55 53  8  5  4  6  2  1  3  7 14 12 16 10  9 11 13 15 20 24 22 17 21 18 19 23 31 28 30 25 26 32 27 29
 25 32 28 26 27 30 29 31 39 34 33 40 36 35 37 38 41 43 42 48 46 44 47 45 56 53 52 54 50 49 51 55  6  4  8  2  1  3  5  7 12 16 14  9 13 10 11 15 23 20 22 17 18 24 19 21
  9 16 12 10 11 14 13 15 23 18 17 24 20 19 21 22 25 27 26 32 30 28 31 29 40 37 36 38 34 33 35 39 46 44 48 42 41 43 45 47 52 56 54 49 53 50 51 55  7  4  6  1  2  8  3  5
  1  8  4  2  3  6  5  7 15 10  9 16 12 11 13 14 17 19 18 24 22 20 23 21 32 29 28 30 26 25 27 31 38 36 40 34 33 35 37 39 44 48 46 41 45 42 43 47 55 52 54 49 50 56 51 53
 17 24 20 18 19 22 21 23 31 26 25 32 28 27 29 30 33 35 34 40 38 36 39 37 48 45 44 46 42 41 43 47 54 52 56 50 49 51 53 55  4  8  6  1  5  2  3  7 15 12 14  9 10 16 11 13
 41 48 44 42 43 46 45 47 55 50 49 56 52 51 53 54  1  3  2  8  6  4  7  5 16 13 12 14 10  9 11 15 22 20 24 18 17 19 21 23 28 32 30 25 29 26 27 31 39 36 38 33 34 40 35 37
  2  1  5  3  4  7  6  8 16 11 10  9 13 12 14 15 18 20 19 17 23 21 24 22 25 30 29 31 27 26 28 32 39 37 33 35 34 36 38 40 45 41 47 42 46 43 44 48 56 53 55 50 51 49 52 54
 42 41 45 43 44 47 46 48 56 51 50 49 53 52 54 55  2  4  3  1  7  5  8  6  9 14 13 15 11 10 12 16 23 21 17 19 18 20 22 24 29 25 31 26 30 27 28 32 40 37 39 34 35 33 36 38
 50 49 53 51 52 55 54 56  8  3  2  1  5  4  6  7 10 12 11  9 15 13 16 14 17 22 21 23 19 18 20 24 31 29 25 27 26 28 30 32 37 33 39 34 38 35 36 40 48 45 47 42 43 41 44 46
 10  9 13 11 12 15 14 16 24 19 18 17 21 20 22 23 26 28 27 25 31 29 32 30 33 38 37 39 35 34 36 40 47 45 41 43 42 44 46 48 53 49 55 50 54 51 52 56  8  5  7  2  3  1  4  6
 34 33 37 35 36 39 38 40 48 43 42 41 45 44 46 47 50 52 51 49 55 53 56 54  1  6  5  7  3  2  4  8 15 13  9 11 10 12 14 16 21 17 23 18 22 19 20 24 32 29 31 26 27 25 28 30
 18 17 21 19 20 23 22 24 32 27 26 25 29 28 30 31 34 36 35 33 39 37 40 38 41 46 45 47 43 42 44 48 55 53 49 51 50 52 54 56  5  1  7  2  6  3  4  8 16 13 15 10 11  9 12 14
 26 25 29 27 28 31 30 32 40 35 34 33 37 36 38 39 42 44 43 41 47 45 48 46 49 54 53 55 51 50 52 56  7  5  1  3  2  4  6  8 13  9 15 10 14 11 12 16 24 21 23 18 19 17 20 22
 11 10 14 12 13 16 15  9 17 20 19 18 22 21 23 24 27 29 28 26 32 30 25 31 34 39 38 40 36 35 37 33 48 46 42 44 43 45 47 41 54 50 56 51 55 52 53 49  1  6  8  3  4  2  5  7
 35 34 38 36 37 40 39 33 41 44 43 42 46 45 47 48 51 53 52 50 56 54 49 55  2  7  6  8  4  3  5  1 16 14 10 12 11 13 15  9 22 18 24 19 23 20 21 17 25 30 32 27 28 26 29 31
 27 26 30 28 29 32 31 25 33 36 35 34 38 37 39 40 43 45 44 42 48 46 41 47 50 55 54 56 52 51 53 49  8  6  2  4  3  5  7  1 14 10 16 11 15 12 13  9 17 22 24 19 20 18 21 23
 19 18 22 20 21 24 23 17 25 28 27 26 30 29 31 32 35 37 36 34 40 38 33 39 42 47 46 48 44 43 45 41 56 54 50 52 51 53 55 49  6  2  8  3  7  4  5  1  9 14 16 11 12 10 13 15
 43 42 46 44 45 48 47 41 49 52 51 50 54 53 55 56  3  5  4  2  8  6  1  7 10 15 14 16 12 11 13  9 24 22 18 20 19 21 23 17 30 26 32 27 31 28 29 25 33 38 40 35 36 34 37 39
  3  2  6  4  5  8  7  1  9 12 11 10 14 13 15 16 19 21 20 18 24 22 17 23 26 31 30 32 28 27 29 25 40 38 34 36 35 37 39 33 46 42 48 43 47 44 45 41 49 54 56 51 52 50 53 55
 51 50 54 52 53 56 55 49  1  4  3  2  6  5  7  8 11 13 12 10 16 14  9 15 18 23 22 24 20 19 21 17 32 30 26 28 27 29 31 25 38 34 40 35 39 36 37 33 41 46 48 43 44 42 45 47
 20 19 23 21 22 17 24 18 26 29 28 27 31 30 32 25 36 38 37 35 33 39 34 40 43 48 47 41 45 44 46 42 49 55 51 53 52 54 56 50  7  3  1  4  8  5  6  2 10 15  9 12 13 11 14 16
 28 27 31 29 30 25 32 26 34 37 36 35 39 38 40 33 44 46 45 43 41 47 42 48 51 56 55 49 53 52 54 50  1  7  3  5  4  6  8  2 15 11  9 12 16 13 14 10 18 23 17 20 21 19 22 24
 12 11 15 13 14  9 16 10 18 21 20 19 23 22 24 17 28 30 29 27 25 31 26 32 35 40 39 33 37 36 38 34 41 47 43 45 44 46 48 42 55 51 49 52 56 53 54 50  2  7  1  4  5  3  6  8
  4  3  7  5  6  1  8  2 10 13 12 11 15 14 16  9 20 22 21 19 17 23 18 24 27 32 31 25 29 28 30 26 33 39 35 37 36 38 40 34 47 43 41 44 48 45 46 42 50 55 49 52 53 51 54 56
 52 51 55 53 54 49 56 50  2  5  4  3  7  6  8  1 12 14 13 11  9 15 10 16 19 24 23 17 21 20 22 18 25 31 27 29 28 30 32 26 39 35 33 36 40 37 38 34 42 47 41 44 45 43 46 48
 44 43 47 45 46 41 48 42 50 53 52 51 55 54 56 49  4  6  5  3  1  7  2  8 11 16 15  9 13 12 14 10 17 23 19 21 20 22 24 18 31 27 25 28 32 29 30 26 34 39 33 36 37 35 38 40
 36 35 39 37 38 33 40 34 42 45 44 43 47 46 48 41 52 54 53 51 49 55 50 56  3  8  7  1  5  4  6  2  9 15 11 13 12 14 16 10 23 19 17 20 24 21 22 18 26 31 25 28 29 27 30 32
