  8  5  2  6  4  1  7  3  9 13 15 12 10 14 11 16 18 21 20 19 22 17 24 23 26 29 28 32 27 31 30 25 36 40 37 38 39 33 35 34 46 45 43 48 41 47 42 44 53 49 51 55 54 52 56 50
 32 29 26 30 28 25 31 27 33 37 39 36 34 38 35 40 42 45 44 43 46 41 48 47 50 53 52 56 51 55 54 49  4  8  5  6  7  1  3  2 14 13 11 16  9 15 10 12 21 17 19 23 22 20 24 18
 56 53 50 54 52 49 55 51  1  5  7  4  2  6  3  8 10 13 12 11 14  9 16 15 18 21 20 24 19 23 22 17 28 32 29 30 31 25 27 26 38 37 35 40 33 39 34 36 45 41 43 47 46 44 48 42
 16 13 10 14 12  9 15 11 17 21 23 20 18 22 19 24 26 29 28 27 30 25 32 31 34 37 36 40 35 39 38 33 44 48 45 46 47 41 43 42 54 53 51 56 49 55 50 52  5  1  3  7  6  4  8  2
 48 45 42 46 44 41 47 43 49 53 55 52 50 54 51 56  2  5  4  3  6  1  8  7 10 13 12 16 11 15 14  9 20 24 21 22 23 17 19 18 30 29 27 32 25 31 26 28 37 33 35 39 38 36 40 34
 40 37 34 38 36 33 39 35 41 45 47 44 42 46 43 48 50 53 52 51 54 49 56 55  2  5  4  8  3  7  6  1 12 16 13 14 15  9 11 10 22 21 19 24 17 23 18 20 29 25 27 31 30 28 32 26
 24 21 18 22 20 17 23 19 25 29 31 28 26 30 27 32 34 37 36 35 38 33 40 39 42 45 44 48 43 47 46 41 52 56 53 54 55 49 51 50  6  5  3  8  1  7  2  4 13  9 11 15 14 12 16 10
 41 46 43 47 45 42 48 44 50 54 56 53 51 55 52 49  3  6  5  4  7  2  1  8 11 14 13  9 12 16 15 10 21 17 22 23 24 18 20 19 31 30 28 25 26 32 27 29 38 34 36 40 39 37 33 35
 33 38 35 39 37 34 40 36 42 46 48 45 43 47 44 41 51 54 53 52 55 50 49 56  3  6  5  1  4  8  7  2 13  9 14 15 16 10 12 11 23 22 20 17 18 24 19 21 30 26 28 32 31 29 25 27
  9 14 11 15 13 10 16 12 18 22 24 21 19 23 20 17 27 30 29 28 31 26 25 32 35 38 37 33 36 40 39 34 45 41 46 47 48 42 44 43 55 54 52 49 50 56 51 53  6  2  4  8  7  5  1  3
 17 22 19 23 21 18 24 20 26 30 32 29 27 31 28 25 35 38 37 36 39 34 33 40 43 46 45 41 44 48 47 42 53 49 54 55 56 50 52 51  7  6  4  1  2  8  3  5 14 10 12 16 15 13  9 11
 49 54 51 55 53 50 56 52  2  6  8  5  3  7  4  1 11 14 13 12 15 10  9 16 19 22 21 17 20 24 23 18 29 25 30 31 32 26 28 27 39 38 36 33 34 40 35 37 46 42 44 48 47 45 41 43
  1  6  3  7  5  2  8  4 10 14 16 13 11 15 12  9 19 22 21 20 23 18 17 24 27 30 29 25 28 32 31 26 37 33 38 39 40 34 36 35 47 46 44 41 42 48 43 45 54 50 52 56 55 53 49 51
 25 30 27 31 29 26 32 28 34 38 40 37 35 39 36 33 43 46 45 44 47 42 41 48 51 54 53 49 52 56 55 50  5  1  6  7  8  2  4  3 15 14 12  9 10 16 11 13 22 18 20 24 23 21 17 19
 26 31 28 32 30 27 25 29 35 39 33 38 36 40 37 34 44 47 46 45 48 43 42 41 52 55 54 50 53 49 56 51  6  2  7  8  1  3  5  4 16 15 13 10 11  9 12 14 23 19 21 17 24 22 18 20
  2  7  4  8  6  3  1  5 11 15  9 14 12 16 13 10 20 23 22 21 24 19 18 17 28 31 30 26 29 25 32 27 38 34 39 40 33 35 37 36 48 47 45 42 43 41 44 46 55 51 53 49 56 54 50 52
 18 23 20 24 22 19 17 21 27 31 25 30 28 32 29 26 36 39 38 37 40 35 34 33 44 47 46 42 45 41 48 43 54 50 55 56 49 51 53 52  8  7  5  2  3  1  4  6 15 11 13  9 16 14 10 12
 10 15 12 16 14 11  9 13 19 23 17 22 20 24 21 18 28 31 30 29 32 27 26 25 36 39 38 34 37 33 40 35 46 42 47 48 41 43 45 44 56 55 53 50 51 49 52 54  7  3  5  1  8  6  2  4
 42 47 44 48 46 43 41 45 51 55 49 54 52 56 53 50  4  7  6  5  8  3  2  1 12 15 14 10 13  9 16 11 22 18 23 24 17 19 21 20 32 31 29 26 27 25 28 30 39 35 37 33 40 38 34 36
 34 39 36 40 38 35 33 37 43 47 41 46 44 48 45 42 52 55 54 53 56 51 50 49  4  7  6  2  5  1  8  3 14 10 15 16  9 11 13 12 24 23 21 18 19 17 20 22 31 27 29 25 32 30 26 28
 50 55 52 56 54 51 49 53  3  7  1  6  4  8  5  2 12 15 14 13 16 11 10  9 20 23 22 18 21 17 24 19 30 26 31 32 25 27 29 28 40 39 37 34 35 33 36 38 47 43 45 41 48 46 42 44
 35 40 37 33 39 36 34 38 44 48 42 47 45 41 46 43 53 56 55 54 49 52 51 50  5  8  7  3  6  2  1  4 15 11 16  9 10 12 14 13 17 24 22 19 20 18 21 23 32 28 30 26 25 31 27 29
  3  8  5  1  7  4  2  6 12 16 10 15 13  9 14 11 21 24 23 22 17 20 19 18 29 32 31 27 30 26 25 28 39 35 40 33 34 36 38 37 41 48 46 43 44 42 45 47 56 52 54 50 49 55 51 53
 11 16 13  9 15 12 10 14 20 24 18 23 21 17 22 19 29 32 31 30 25 28 27 26 37 40 39 35 38 34 33 36 47 43 48 41 42 44 46 45 49 56 54 51 52 50 53 55  8  4  6  2  1  7  3  5
 43 48 45 41 47 44 42 46 52 56 50 55 53 49 54 51  5  8  7  6  1  4  3  2 13 16 15 11 14 10  9 12 23 19 24 17 18 20 22 21 25 32 30 27 28 26 29 31 40 36 38 34 33 39 35 37
 51 56 53 49 55 52 50 54  4  8  2  7  5  1  6  3 13 16 15 14  9 12 11 10 21 24 23 19 22 18 17 20 31 27 32 25 26 28 30 29 33 40 38 35 36 34 37 39 48 44 46 42 41 47 43 45
 27 32 29 25 31 28 26 30 36 40 34 39 37 33 38 35 45 48 47 46 41 44 43 42 53 56 55 51 54 50 49 52  7  3  8  1  2  4  6  5  9 16 14 11 12 10 13 15 24 20 22 18 17 23 19 21
 19 24 21 17 23 20 18 22 28 32 26 31 29 25 30 27 37 40 39 38 33 36 35 34 45 48 47 43 46 42 41 44 55 51 56 49 50 52 54 53  1  8  6  3  4  2  5  7 16 12 14 10  9 15 11 13
 52 49 54 50 56 53 51 55  5  1  3  8  6  2  7  4 14  9 16 15 10 13 12 11 22 17 24 20 23 19 18 21 32 28 25 26 27 29 31 30 34 33 39 36 37 35 38 40 41 45 47 43 42 48 44 46
 12  9 14 10 16 13 11 15 21 17 19 24 22 18 23 20 30 25 32 31 26 29 28 27 38 33 40 36 39 35 34 37 48 44 41 42 43 45 47 46 50 49 55 52 53 51 54 56  1  5  7  3  2  8  4  6
  4  1  6  2  8  5  3  7 13  9 11 16 14 10 15 12 22 17 24 23 18 21 20 19 30 25 32 28 31 27 26 29 40 36 33 34 35 37 39 38 42 41 47 44 45 43 46 48 49 53 55 51 50 56 52 54
 20 17 22 18 24 21 19 23 29 25 27 32 30 26 31 28 38 33 40 39 34 37 36 35 46 41 48 44 47 43 42 45 56 52 49 50 51 53 55 54  2  1  7  4  5  3  6  8  9 13 15 11 10 16 12 14
 44 41 46 42 48 45 43 47 53 49 51 56 54 50 55 52  6  1  8  7  2  5  4  3 14  9 16 12 15 11 10 13 24 20 17 18 19 21 23 22 26 25 31 28 29 27 30 32 33 37 39 35 34 40 36 38
 36 33 38 34 40 37 35 39 45 41 43 48 46 42 47 44 54 49 56 55 50 53 52 51  6  1  8  4  7  3  2  5 16 12  9 10 11 13 15 14 18 17 23 20 21 19 22 24 25 29 31 27 26 32 28 30
 28 25 30 26 32 29 27 31 37 33 35 40 38 34 39 36 46 41 48 47 42 45 44 43 54 49 56 52 55 51 50 53  8  4  1  2  3  5  7  6 10  9 15 12 13 11 14 16 17 21 23 19 18 24 20 22
 29 26 31 27 25 30 28 32 38 34 36 33 39 35 40 37 47 42 41 48 43 46 45 44 55 50 49 53 56 52 51 54  1  5  2  3  4  6  8  7 11 10 16 13 14 12 15  9 18 22 24 20 19 17 21 23
 37 34 39 35 33 38 36 40 46 42 44 41 47 43 48 45 55 50 49 56 51 54 53 52  7  2  1  5  8  4  3  6  9 13 10 11 12 14 16 15 19 18 24 21 22 20 23 17 26 30 32 28 27 25 29 31
  5  2  7  3  1  6  4  8 14 10 12  9 15 11 16 13 23 18 17 24 19 22 21 20 31 26 25 29 32 28 27 30 33 37 34 35 36 38 40 39 43 42 48 45 46 44 47 41 50 54 56 52 51 49 53 55
 21 18 23 19 17 22 20 24 30 26 28 25 31 27 32 29 39 34 33 40 35 38 37 36 47 42 41 45 48 44 43 46 49 53 50 51 52 54 56 55  3  2  8  5  6  4  7  1 10 14 16 12 11  9 13 15
 45 42 47 43 41 46 44 48 54 50 52 49 55 51 56 53  7  2  1  8  3  6  5  4 15 10  9 13 16 12 11 14 17 21 18 19 20 22 24 23 27 26 32 29 30 28 31 25 34 38 40 36 35 33 37 39
 13 10 15 11  9 14 12 16 22 18 20 17 23 19 24 21 31 26 25 32 27 30 29 28 39 34 33 37 40 36 35 38 41 45 42 43 44 46 48 47 51 50 56 53 54 52 55 49  2  6  8  4  3  1  5  7
 53 50 55 51 49 54 52 56  6  2  4  1  7  3  8  5 15 10  9 16 11 14 13 12 23 18 17 21 24 20 19 22 25 29 26 27 28 30 32 31 35 34 40 37 38 36 39 33 42 46 48 44 43 41 45 47
 30 27 32 28 26 31 29 25 39 35 37 34 40 36 33 38 48 43 42 41 44 47 46 45 56 51 50 54 49 53 52 55  2  6  3  4  5  7  1  8 12 11  9 14 15 13 16 10 19 23 17 21 20 18 22 24
 14 11 16 12 10 15 13  9 23 19 21 18 24 20 17 22 32 27 26 25 28 31 30 29 40 35 34 38 33 37 36 39 42 46 43 44 45 47 41 48 52 51 49 54 55 53 56 50  3  7  1  5  4  2  6  8
 46 43 48 44 42 47 45 41 55 51 53 50 56 52 49 54  8  3  2  1  4  7  6  5 16 11 10 14  9 13 12 15 18 22 19 20 21 23 17 24 28 27 25 30 31 29 32 26 35 39 33 37 36 34 38 40
 54 51 56 52 50 55 53 49  7  3  5  2  8  4  1  6 16 11 10  9 12 15 14 13 24 19 18 22 17 21 20 23 26 30 27 28 29 31 25 32 36 35 33 38 39 37 40 34 43 47 41 45 44 42 46 48
  6  3  8  4  2  7  5  1 15 11 13 10 16 12  9 14 24 19 18 17 20 23 22 21 32 27 26 30 25 29 28 31 34 38 35 36 37 39 33 40 44 43 41 46 47 45 48 42 51 55 49 53 52 50 54 56
 22 19 24 20 18 23 21 17 31 27 29 26 32 28 25 30 40 35 34 33 36 39 38 37 48 43 42 46 41 45 44 47 50 54 51 52 53 55 49 56  4  3  1  6  7  5  8  2 11 15  9 13 12 10 14 16
 38 35 40 36 34 39 37 33 47 43 45 42 48 44 41 46 56 51 50 49 52 55 54 53  8  3  2  6  1  5  4  7 10 14 11 12 13 15  9 16 20 19 17 22 23 21 24 18 27 31 25 29 28 26 30 32
 31 28 25 29 27 32 30 26 40 36 38 35 33 37 34 39 41 44 43 42 45 48 47 46 49 52 51 55 50 54 53 56  3  7  4  5  6  8  2  1 13 12 10 15 16 14  9 11 20 24 18 22 21 19 23 17
 55 52 49 53 51 56 54 50  8  4  6  3  1  5  2  7  9 12 11 10 13 16 15 14 17 20 19 23 18 22 21 24 27 31 28 29 30 32 26 25 37 36 34 39 40 38 33 35 44 48 42 46 45 43 47 41
 23 20 17 21 19 24 22 18 32 28 30 27 25 29 26 31 33 36 35 34 37 40 39 38 41 44 43 47 42 46 45 48 51 55 52 53 54 56 50 49  5  4  2  7  8  6  1  3 12 16 10 14 13 11 15  9
 15 12  9 13 11 16 14 10 24 20 22 19 17 21 18 23 25 28 27 26 29 32 31 30 33 36 35 39 34 38 37 40 43 47 44 45 46 48 42 41 53 52 50 55 56 54 49 51  4  8  2  6  5  3  7  1
 47 44 41 45 43 48 46 42 56 52 54 51 49 53 50 55  1  4  3  2  5  8  7  6  9 12 11 15 10 14 13 16 19 23 20 21 22 24 18 17 29 28 26 31 32 30 25 27 36 40 34 38 37 35 39 33
 39 36 33 37 35 40 38 34 48 44 46 43 41 45 42 47 49 52 51 50 53 56 55 54  1  4  3  7  2  6  5  8 11 15 12 13 14 16 10  9 21 20 18 23 24 22 17 19 28 32 26 30 29 27 31 25
  7  4  1  5  3  8  6  2 16 12 14 11  9 13 10 15 17 20 19 18 21 24 23 22 25 28 27 31 26 30 29 32 35 39 36 37 38 40 34 33 45 44 42 47 48 46 41 43 52 56 50 54 53 51 55 49
