 18 20 24 19 23 17 21 22 26 31 32 25 29 30 27 28 34 40 36 37 38 35 39 33 42 46 43 45 44 47 48 41 52 54 56 49 50 55 53 51  7  1  8  6  2  5  4  3  9 11 16 14 12 13 15 10
 42 44 48 43 47 41 45 46 50 55 56 49 53 54 51 52  2  8  4  5  6  3  7  1 10 14 11 13 12 15 16  9 20 22 24 17 18 23 21 19 31 25 32 30 26 29 28 27 33 35 40 38 36 37 39 34
  2  4  8  3  7  1  5  6 10 15 16  9 13 14 11 12 18 24 20 21 22 19 23 17 26 30 27 29 28 31 32 25 36 38 40 33 34 39 37 35 47 41 48 46 42 45 44 43 49 51 56 54 52 53 55 50
 34 36 40 35 39 33 37 38 42 47 48 41 45 46 43 44 50 56 52 53 54 51 55 49  2  6  3  5  4  7  8  1 12 14 16  9 10 15 13 11 23 17 24 22 18 21 20 19 25 27 32 30 28 29 31 26
 10 12 16 11 15  9 13 14 18 23 24 17 21 22 19 20 26 32 28 29 30 27 31 25 34 38 35 37 36 39 40 33 44 46 48 41 42 47 45 43 55 49 56 54 50 53 52 51  1  3  8  6  4  5  7  2
 26 28 32 27 31 25 29 30 34 39 40 33 37 38 35 36 42 48 44 45 46 43 47 41 50 54 51 53 52 55 56 49  4  6  8  1  2  7  5  3 15  9 16 14 10 13 12 11 17 19 24 22 20 21 23 18
 50 52 56 51 55 49 53 54  2  7  8  1  5  6  3  4 10 16 12 13 14 11 15  9 18 22 19 21 20 23 24 17 28 30 32 25 26 31 29 27 39 33 40 38 34 37 36 35 41 43 48 46 44 45 47 42
 43 45 41 44 48 42 46 47 51 56 49 50 54 55 52 53  3  1  5  6  7  4  8  2 11 15 12 14 13 16  9 10 21 23 17 18 19 24 22 20 32 26 25 31 27 30 29 28 34 36 33 39 37 38 40 35
 11 13  9 12 16 10 14 15 19 24 17 18 22 23 20 21 27 25 29 30 31 28 32 26 35 39 36 38 37 40 33 34 45 47 41 42 43 48 46 44 56 50 49 55 51 54 53 52  2  4  1  7  5  6  8  3
 27 29 25 28 32 26 30 31 35 40 33 34 38 39 36 37 43 41 45 46 47 44 48 42 51 55 52 54 53 56 49 50  5  7  1  2  3  8  6  4 16 10  9 15 11 14 13 12 18 20 17 23 21 22 24 19
  3  5  1  4  8  2  6  7 11 16  9 10 14 15 12 13 19 17 21 22 23 20 24 18 27 31 28 30 29 32 25 26 37 39 33 34 35 40 38 36 48 42 41 47 43 46 45 44 50 52 49 55 53 54 56 51
 51 53 49 52 56 50 54 55  3  8  1  2  6  7  4  5 11  9 13 14 15 12 16 10 19 23 20 22 21 24 17 18 29 31 25 26 27 32 30 28 40 34 33 39 35 38 37 36 42 44 41 47 45 46 48 43
 35 37 33 36 40 34 38 39 43 48 41 42 46 47 44 45 51 49 53 54 55 52 56 50  3  7  4  6  5  8  1  2 13 15  9 10 11 16 14 12 24 18 17 23 19 22 21 20 26 28 25 31 29 30 32 27
 19 21 17 20 24 18 22 23 27 32 25 26 30 31 28 29 35 33 37 38 39 36 40 34 43 47 44 46 45 48 41 42 53 55 49 50 51 56 54 52  8  2  1  7  3  6  5  4 10 12  9 15 13 14 16 11
 52 54 50 53 49 51 55 56  4  1  2  3  7  8  5  6 12 10 14 15 16 13  9 11 20 24 21 23 22 17 18 19 30 32 26 27 28 25 31 29 33 35 34 40 36 39 38 37 43 45 42 48 46 47 41 44
 12 14 10 13  9 11 15 16 20 17 18 19 23 24 21 22 28 26 30 31 32 29 25 27 36 40 37 39 38 33 34 35 46 48 42 43 44 41 47 45 49 51 50 56 52 55 54 53  3  5  2  8  6  7  1  4
 44 46 42 45 41 43 47 48 52 49 50 51 55 56 53 54  4  2  6  7  8  5  1  3 12 16 13 15 14  9 10 11 22 24 18 19 20 17 23 21 25 27 26 32 28 31 30 29 35 37 34 40 38 39 33 36
 28 30 26 29 25 27 31 32 36 33 34 35 39 40 37 38 44 42 46 47 48 45 41 43 52 56 53 55 54 49 50 51  6  8  2  3  4  1  7  5  9 11 10 16 12 15 14 13 19 21 18 24 22 23 17 20
 36 38 34 37 33 35 39 40 44 41 42 43 47 48 45 46 52 50 54 55 56 53 49 51  4  8  5  7  6  1  2  3 14 16 10 11 12  9 15 13 17 19 18 24 20 23 22 21 27 29 26 32 30 31 25 28
 20 22 18 21 17 19 23 24 28 25 26 27 31 32 29 30 36 34 38 39 40 37 33 35 44 48 45 47 46 41 42 43 54 56 50 51 52 49 55 53  1  3  2  8  4  7  6  5 11 13 10 16 14 15  9 12
  4  6  2  5  1  3  7  8 12  9 10 11 15 16 13 14 20 18 22 23 24 21 17 19 28 32 29 31 30 25 26 27 38 40 34 35 36 33 39 37 41 43 42 48 44 47 46 45 51 53 50 56 54 55 49 52
 53 55 51 54 50 52 56 49  5  2  3  4  8  1  6  7 13 11 15 16  9 14 10 12 21 17 22 24 23 18 19 20 31 25 27 28 29 26 32 30 34 36 35 33 37 40 39 38 44 46 43 41 47 48 42 45
 37 39 35 38 34 36 40 33 45 42 43 44 48 41 46 47 53 51 55 56 49 54 50 52  5  1  6  8  7  2  3  4 15  9 11 12 13 10 16 14 18 20 19 17 21 24 23 22 28 30 27 25 31 32 26 29
  5  7  3  6  2  4  8  1 13 10 11 12 16  9 14 15 21 19 23 24 17 22 18 20 29 25 30 32 31 26 27 28 39 33 35 36 37 34 40 38 42 44 43 41 45 48 47 46 52 54 51 49 55 56 50 53
 13 15 11 14 10 12 16  9 21 18 19 20 24 17 22 23 29 27 31 32 25 30 26 28 37 33 38 40 39 34 35 36 47 41 43 44 45 42 48 46 50 52 51 49 53 56 55 54  4  6  3  1  7  8  2  5
 21 23 19 22 18 20 24 17 29 26 27 28 32 25 30 31 37 35 39 40 33 38 34 36 45 41 46 48 47 42 43 44 55 49 51 52 53 50 56 54  2  4  3  1  5  8  7  6 12 14 11  9 15 16 10 13
 45 47 43 46 42 44 48 41 53 50 51 52 56 49 54 55  5  3  7  8  1  6  2  4 13  9 14 16 15 10 11 12 23 17 19 20 21 18 24 22 26 28 27 25 29 32 31 30 36 38 35 33 39 40 34 37
 29 31 27 30 26 28 32 25 37 34 35 36 40 33 38 39 45 43 47 48 41 46 42 44 53 49 54 56 55 50 51 52  7  1  3  4  5  2  8  6 10 12 11  9 13 16 15 14 20 22 19 17 23 24 18 21
 22 24 20 23 19 21 17 18 30 27 28 29 25 26 31 32 38 36 40 33 34 39 35 37 46 42 47 41 48 43 44 45 56 50 52 53 54 51 49 55  3  5  4  2  6  1  8  7 13 15 12 10 16  9 11 14
 46 48 44 47 43 45 41 42 54 51 52 53 49 50 55 56  6  4  8  1  2  7  3  5 14 10 15  9 16 11 12 13 24 18 20 21 22 19 17 23 27 29 28 26 30 25 32 31 37 39 36 34 40 33 35 38
 30 32 28 31 27 29 25 26 38 35 36 37 33 34 39 40 46 44 48 41 42 47 43 45 54 50 55 49 56 51 52 53  8  2  4  5  6  3  1  7 11 13 12 10 14  9 16 15 21 23 20 18 24 17 19 22
 54 56 52 55 51 53 49 50  6  3  4  5  1  2  7  8 14 12 16  9 10 15 11 13 22 18 23 17 24 19 20 21 32 26 28 29 30 27 25 31 35 37 36 34 38 33 40 39 45 47 44 42 48 41 43 46
  6  8  4  7  3  5  1  2 14 11 12 13  9 10 15 16 22 20 24 17 18 23 19 21 30 26 31 25 32 27 28 29 40 34 36 37 38 35 33 39 43 45 44 42 46 41 48 47 53 55 52 50 56 49 51 54
 38 40 36 39 35 37 33 34 46 43 44 45 41 42 47 48 54 52 56 49 50 55 51 53  6  2  7  1  8  3  4  5 16 10 12 13 14 11  9 15 19 21 20 18 22 17 24 23 29 31 28 26 32 25 27 30
 14 16 12 15 11 13  9 10 22 19 20 21 17 18 23 24 30 28 32 25 26 31 27 29 38 34 39 33 40 35 36 37 48 42 44 45 46 43 41 47 51 53 52 50 54 49 56 55  5  7  4  2  8  1  3  6
 23 17 21 24 20 22 18 19 31 28 29 30 26 27 32 25 39 37 33 34 35 40 36 38 47 43 48 42 41 44 45 46 49 51 53 54 55 52 50 56  4  6  5  3  7  2  1  8 14 16 13 11  9 10 12 15
 15  9 13 16 12 14 10 11 23 20 21 22 18 19 24 17 31 29 25 26 27 32 28 30 39 35 40 34 33 36 37 38 41 43 45 46 47 44 42 48 52 54 53 51 55 50 49 56  6  8  5  3  1  2  4  7
 31 25 29 32 28 30 26 27 39 36 37 38 34 35 40 33 47 45 41 42 43 48 44 46 55 51 56 50 49 52 53 54  1  3  5  6  7  4  2  8 12 14 13 11 15 10  9 16 22 24 21 19 17 18 20 23
 39 33 37 40 36 38 34 35 47 44 45 46 42 43 48 41 55 53 49 50 51 56 52 54  7  3  8  2  1  4  5  6  9 11 13 14 15 12 10 16 20 22 21 19 23 18 17 24 30 32 29 27 25 26 28 31
 47 41 45 48 44 46 42 43 55 52 53 54 50 51 56 49  7  5  1  2  3  8  4  6 15 11 16 10  9 12 13 14 17 19 21 22 23 20 18 24 28 30 29 27 31 26 25 32 38 40 37 35 33 34 36 39
 55 49 53 56 52 54 50 51  7  4  5  6  2  3  8  1 15 13  9 10 11 16 12 14 23 19 24 18 17 20 21 22 25 27 29 30 31 28 26 32 36 38 37 35 39 34 33 40 46 48 45 43 41 42 44 47
  7  1  5  8  4  6  2  3 15 12 13 14 10 11 16  9 23 21 17 18 19 24 20 22 31 27 32 26 25 28 29 30 33 35 37 38 39 36 34 40 44 46 45 43 47 42 41 48 54 56 53 51 49 50 52 55
 40 34 38 33 37 39 35 36 48 45 46 47 43 44 41 42 56 54 50 51 52 49 53 55  8  4  1  3  2  5  6  7 10 12 14 15 16 13 11  9 21 23 22 20 24 19 18 17 31 25 30 28 26 27 29 32
 56 50 54 49 53 55 51 52  8  5  6  7  3  4  1  2 16 14 10 11 12  9 13 15 24 20 17 19 18 21 22 23 26 28 30 31 32 29 27 25 37 39 38 36 40 35 34 33 47 41 46 44 42 43 45 48
 48 42 46 41 45 47 43 44 56 53 54 55 51 52 49 50  8  6  2  3  4  1  5  7 16 12  9 11 10 13 14 15 18 20 22 23 24 21 19 17 29 31 30 28 32 27 26 25 39 33 38 36 34 35 37 40
 32 26 30 25 29 31 27 28 40 37 38 39 35 36 33 34 48 46 42 43 44 41 45 47 56 52 49 51 50 53 54 55  2  4  6  7  8  5  3  1 13 15 14 12 16 11 10  9 23 17 22 20 18 19 21 24
  8  2  6  1  5  7  3  4 16 13 14 15 11 12  9 10 24 22 18 19 20 17 21 23 32 28 25 27 26 29 30 31 34 36 38 39 40 37 35 33 45 47 46 44 48 43 42 41 55 49 54 52 50 51 53 56
 24 18 22 17 21 23 19 20 32 29 30 31 27 28 25 26 40 38 34 35 36 33 37 39 48 44 41 43 42 45 46 47 50 52 54 55 56 53 51 49  5  7  6  4  8  3  2  1 15  9 14 12 10 11 13 16
 16 10 14  9 13 15 11 12 24 21 22 23 19 20 17 18 32 30 26 27 28 25 29 31 40 36 33 35 34 37 38 39 42 44 46 47 48 45 43 41 53 55 54 52 56 51 50 49  7  1  6  4  2  3  5  8
 17 19 23 18 22 24 20 21 25 30 31 32 28 29 26 27 33 39 35 36 37 34 38 40 41 45 42 44 43 46 47 48 51 53 55 56 49 54 52 50  6  8  7  5  1  4  3  2 16 10 15 13 11 12 14  9
  9 11 15 10 14 16 12 13 17 22 23 24 20 21 18 19 25 31 27 28 29 26 30 32 33 37 34 36 35 38 39 40 43 45 47 48 41 46 44 42 54 56 55 53 49 52 51 50  8  2  7  5  3  4  6  1
  1  3  7  2  6  8  4  5  9 14 15 16 12 13 10 11 17 23 19 20 21 18 22 24 25 29 26 28 27 30 31 32 35 37 39 40 33 38 36 34 46 48 47 45 41 44 43 42 56 50 55 53 51 52 54 49
 33 35 39 34 38 40 36 37 41 46 47 48 44 45 42 43 49 55 51 52 53 50 54 56  1  5  2  4  3  6  7  8 11 13 15 16  9 14 12 10 22 24 23 21 17 20 19 18 32 26 31 29 27 28 30 25
 49 51 55 50 54 56 52 53  1  6  7  8  4  5  2  3  9 15 11 12 13 10 14 16 17 21 18 20 19 22 23 24 27 29 31 32 25 30 28 26 38 40 39 37 33 36 35 34 48 42 47 45 43 44 46 41
 25 27 31 26 30 32 28 29 33 38 39 40 36 37 34 35 41 47 43 44 45 42 46 48 49 53 50 52 51 54 55 56  3  5  7  8  1  6  4  2 14 16 15 13  9 12 11 10 24 18 23 21 19 20 22 17
 41 43 47 42 46 48 44 45 49 54 55 56 52 53 50 51  1  7  3  4  5  2  6  8  9 13 10 12 11 14 15 16 19 21 23 24 17 22 20 18 30 32 31 29 25 28 27 26 40 34 39 37 35 36 38 33
