  2  1  3  5  7  4  6  8 13 15  9 12 14 11 10 16 17 19 23 18 22 24 21 20 26 28 30 27 32 25 29 31 39 40 36 38 37 35 34 33 45 47 43 44 42 46 41 48 56 52 53 50 49 55 51 54
 42 41 43 45 47 44 46 48 53 55 49 52 54 51 50 56  1  3  7  2  6  8  5  4 10 12 14 11 16  9 13 15 23 24 20 22 21 19 18 17 29 31 27 28 26 30 25 32 40 36 37 34 33 39 35 38
 10  9 11 13 15 12 14 16 21 23 17 20 22 19 18 24 25 27 31 26 30 32 29 28 34 36 38 35 40 33 37 39 47 48 44 46 45 43 42 41 53 55 51 52 50 54 49 56  8  4  5  2  1  7  3  6
 34 33 35 37 39 36 38 40 45 47 41 44 46 43 42 48 49 51 55 50 54 56 53 52  2  4  6  3  8  1  5  7 15 16 12 14 13 11 10  9 21 23 19 20 18 22 17 24 32 28 29 26 25 31 27 30
 50 49 51 53 55 52 54 56  5  7  1  4  6  3  2  8  9 11 15 10 14 16 13 12 18 20 22 19 24 17 21 23 31 32 28 30 29 27 26 25 37 39 35 36 34 38 33 40 48 44 45 42 41 47 43 46
 18 17 19 21 23 20 22 24 29 31 25 28 30 27 26 32 33 35 39 34 38 40 37 36 42 44 46 43 48 41 45 47 55 56 52 54 53 51 50 49  5  7  3  4  2  6  1  8 16 12 13 10  9 15 11 14
 26 25 27 29 31 28 30 32 37 39 33 36 38 35 34 40 41 43 47 42 46 48 45 44 50 52 54 51 56 49 53 55  7  8  4  6  5  3  2  1 13 15 11 12 10 14  9 16 24 20 21 18 17 23 19 22
 19 18 20 22 24 21 23 17 30 32 26 29 31 28 27 25 34 36 40 35 39 33 38 37 43 45 47 44 41 42 46 48 56 49 53 55 54 52 51 50  6  8  4  5  3  7  2  1  9 13 14 11 10 16 12 15
 51 50 52 54 56 53 55 49  6  8  2  5  7  4  3  1 10 12 16 11 15  9 14 13 19 21 23 20 17 18 22 24 32 25 29 31 30 28 27 26 38 40 36 37 35 39 34 33 41 45 46 43 42 48 44 47
 11 10 12 14 16 13 15  9 22 24 18 21 23 20 19 17 26 28 32 27 31 25 30 29 35 37 39 36 33 34 38 40 48 41 45 47 46 44 43 42 54 56 52 53 51 55 50 49  1  5  6  3  2  8  4  7
 35 34 36 38 40 37 39 33 46 48 42 45 47 44 43 41 50 52 56 51 55 49 54 53  3  5  7  4  1  2  6  8 16  9 13 15 14 12 11 10 22 24 20 21 19 23 18 17 25 29 30 27 26 32 28 31
 27 26 28 30 32 29 31 25 38 40 34 37 39 36 35 33 42 44 48 43 47 41 46 45 51 53 55 52 49 50 54 56  8  1  5  7  6  4  3  2 14 16 12 13 11 15 10  9 17 21 22 19 18 24 20 23
 43 42 44 46 48 45 47 41 54 56 50 53 55 52 51 49  2  4  8  3  7  1  6  5 11 13 15 12  9 10 14 16 24 17 21 23 22 20 19 18 30 32 28 29 27 31 26 25 33 37 38 35 34 40 36 39
  3  2  4  6  8  5  7  1 14 16 10 13 15 12 11  9 18 20 24 19 23 17 22 21 27 29 31 28 25 26 30 32 40 33 37 39 38 36 35 34 46 48 44 45 43 47 42 41 49 53 54 51 50 56 52 55
 20 19 21 23 17 22 24 18 31 25 27 30 32 29 28 26 35 37 33 36 40 34 39 38 44 46 48 45 42 43 47 41 49 50 54 56 55 53 52 51  7  1  5  6  4  8  3  2 10 14 15 12 11  9 13 16
 36 35 37 39 33 38 40 34 47 41 43 46 48 45 44 42 51 53 49 52 56 50 55 54  4  6  8  5  2  3  7  1  9 10 14 16 15 13 12 11 23 17 21 22 20 24 19 18 26 30 31 28 27 25 29 32
  4  3  5  7  1  6  8  2 15  9 11 14 16 13 12 10 19 21 17 20 24 18 23 22 28 30 32 29 26 27 31 25 33 34 38 40 39 37 36 35 47 41 45 46 44 48 43 42 50 54 55 52 51 49 53 56
 44 43 45 47 41 46 48 42 55 49 51 54 56 53 52 50  3  5  1  4  8  2  7  6 12 14 16 13 10 11 15  9 17 18 22 24 23 21 20 19 31 25 29 30 28 32 27 26 34 38 39 36 35 33 37 40
 28 27 29 31 25 30 32 26 39 33 35 38 40 37 36 34 43 45 41 44 48 42 47 46 52 54 56 53 50 51 55 49  1  2  6  8  7  5  4  3 15  9 13 14 12 16 11 10 18 22 23 20 19 17 21 24
 52 51 53 55 49 54 56 50  7  1  3  6  8  5  4  2 11 13  9 12 16 10 15 14 20 22 24 21 18 19 23 17 25 26 30 32 31 29 28 27 39 33 37 38 36 40 35 34 42 46 47 44 43 41 45 48
 12 11 13 15  9 14 16 10 23 17 19 22 24 21 20 18 27 29 25 28 32 26 31 30 36 38 40 37 34 35 39 33 41 42 46 48 47 45 44 43 55 49 53 54 52 56 51 50  2  6  7  4  3  1  5  8
 13 12 14 16 10 15  9 11 24 18 20 23 17 22 21 19 28 30 26 29 25 27 32 31 37 39 33 38 35 36 40 34 42 43 47 41 48 46 45 44 56 50 54 55 53 49 52 51  3  7  8  5  4  2  6  1
 37 36 38 40 34 39 33 35 48 42 44 47 41 46 45 43 52 54 50 53 49 51 56 55  5  7  1  6  3  4  8  2 10 11 15  9 16 14 13 12 24 18 22 23 21 17 20 19 27 31 32 29 28 26 30 25
  5  4  6  8  2  7  1  3 16 10 12 15  9 14 13 11 20 22 18 21 17 19 24 23 29 31 25 30 27 28 32 26 34 35 39 33 40 38 37 36 48 42 46 47 45 41 44 43 51 55 56 53 52 50 54 49
 29 28 30 32 26 31 25 27 40 34 36 39 33 38 37 35 44 46 42 45 41 43 48 47 53 55 49 54 51 52 56 50  2  3  7  1  8  6  5  4 16 10 14 15 13  9 12 11 19 23 24 21 20 18 22 17
 53 52 54 56 50 55 49 51  8  2  4  7  1  6  5  3 12 14 10 13  9 11 16 15 21 23 17 22 19 20 24 18 26 27 31 25 32 30 29 28 40 34 38 39 37 33 36 35 43 47 48 45 44 42 46 41
 45 44 46 48 42 47 41 43 56 50 52 55 49 54 53 51  4  6  2  5  1  3  8  7 13 15  9 14 11 12 16 10 18 19 23 17 24 22 21 20 32 26 30 31 29 25 28 27 35 39 40 37 36 34 38 33
 21 20 22 24 18 23 17 19 32 26 28 31 25 30 29 27 36 38 34 37 33 35 40 39 45 47 41 46 43 44 48 42 50 51 55 49 56 54 53 52  8  2  6  7  5  1  4  3 11 15 16 13 12 10 14  9
  6  5  7  1  3  8  2  4  9 11 13 16 10 15 14 12 21 23 19 22 18 20 17 24 30 32 26 31 28 29 25 27 35 36 40 34 33 39 38 37 41 43 47 48 46 42 45 44 52 56 49 54 53 51 55 50
 30 29 31 25 27 32 26 28 33 35 37 40 34 39 38 36 45 47 43 46 42 44 41 48 54 56 50 55 52 53 49 51  3  4  8  2  1  7  6  5  9 11 15 16 14 10 13 12 20 24 17 22 21 19 23 18
 38 37 39 33 35 40 34 36 41 43 45 48 42 47 46 44 53 55 51 54 50 52 49 56  6  8  2  7  4  5  1  3 11 12 16 10  9 15 14 13 17 19 23 24 22 18 21 20 28 32 25 30 29 27 31 26
 14 13 15  9 11 16 10 12 17 19 21 24 18 23 22 20 29 31 27 30 26 28 25 32 38 40 34 39 36 37 33 35 43 44 48 42 41 47 46 45 49 51 55 56 54 50 53 52  4  8  1  6  5  3  7  2
 54 53 55 49 51 56 50 52  1  3  5  8  2  7  6  4 13 15 11 14 10 12  9 16 22 24 18 23 20 21 17 19 27 28 32 26 25 31 30 29 33 35 39 40 38 34 37 36 44 48 41 46 45 43 47 42
 46 45 47 41 43 48 42 44 49 51 53 56 50 55 54 52  5  7  3  6  2  4  1  8 14 16 10 15 12 13  9 11 19 20 24 18 17 23 22 21 25 27 31 32 30 26 29 28 36 40 33 38 37 35 39 34
 22 21 23 17 19 24 18 20 25 27 29 32 26 31 30 28 37 39 35 38 34 36 33 40 46 48 42 47 44 45 41 43 51 52 56 50 49 55 54 53  1  3  7  8  6  2  5  4 12 16  9 14 13 11 15 10
 31 30 32 26 28 25 27 29 34 36 38 33 35 40 39 37 46 48 44 47 43 45 42 41 55 49 51 56 53 54 50 52  4  5  1  3  2  8  7  6 10 12 16  9 15 11 14 13 21 17 18 23 22 20 24 19
 47 46 48 42 44 41 43 45 50 52 54 49 51 56 55 53  6  8  4  7  3  5  2  1 15  9 11 16 13 14 10 12 20 21 17 19 18 24 23 22 26 28 32 25 31 27 30 29 37 33 34 39 38 36 40 35
 23 22 24 18 20 17 19 21 26 28 30 25 27 32 31 29 38 40 36 39 35 37 34 33 47 41 43 48 45 46 42 44 52 53 49 51 50 56 55 54  2  4  8  1  7  3  6  5 13  9 10 15 14 12 16 11
  7  6  8  2  4  1  3  5 10 12 14  9 11 16 15 13 22 24 20 23 19 21 18 17 31 25 27 32 29 30 26 28 36 37 33 35 34 40 39 38 42 44 48 41 47 43 46 45 53 49 50 55 54 52 56 51
 39 38 40 34 36 33 35 37 42 44 46 41 43 48 47 45 54 56 52 55 51 53 50 49  7  1  3  8  5  6  2  4 12 13  9 11 10 16 15 14 18 20 24 17 23 19 22 21 29 25 26 31 30 28 32 27
 15 14 16 10 12  9 11 13 18 20 22 17 19 24 23 21 30 32 28 31 27 29 26 25 39 33 35 40 37 38 34 36 44 45 41 43 42 48 47 46 50 52 56 49 55 51 54 53  5  1  2  7  6  4  8  3
 55 54 56 50 52 49 51 53  2  4  6  1  3  8  7  5 14 16 12 15 11 13 10  9 23 17 19 24 21 22 18 20 28 29 25 27 26 32 31 30 34 36 40 33 39 35 38 37 45 41 42 47 46 44 48 43
 16 15  9 11 13 10 12 14 19 21 23 18 20 17 24 22 31 25 29 32 28 30 27 26 40 34 36 33 38 39 35 37 45 46 42 44 43 41 48 47 51 53 49 50 56 52 55 54  6  2  3  8  7  5  1  4
 48 47 41 43 45 42 44 46 51 53 55 50 52 49 56 54  7  1  5  8  4  6  3  2 16 10 12  9 14 15 11 13 21 22 18 20 19 17 24 23 27 29 25 26 32 28 31 30 38 34 35 40 39 37 33 36
 40 39 33 35 37 34 36 38 43 45 47 42 44 41 48 46 55 49 53 56 52 54 51 50  8  2  4  1  6  7  3  5 13 14 10 12 11  9 16 15 19 21 17 18 24 20 23 22 30 26 27 32 31 29 25 28
  8  7  1  3  5  2  4  6 11 13 15 10 12  9 16 14 23 17 21 24 20 22 19 18 32 26 28 25 30 31 27 29 37 38 34 36 35 33 40 39 43 45 41 42 48 44 47 46 54 50 51 56 55 53 49 52
 24 23 17 19 21 18 20 22 27 29 31 26 28 25 32 30 39 33 37 40 36 38 35 34 48 42 44 41 46 47 43 45 53 54 50 52 51 49 56 55  3  5  1  2  8  4  7  6 14 10 11 16 15 13  9 12
 56 55 49 51 53 50 52 54  3  5  7  2  4  1  8  6 15  9 13 16 12 14 11 10 24 18 20 17 22 23 19 21 29 30 26 28 27 25 32 31 35 37 33 34 40 36 39 38 46 42 43 48 47 45 41 44
 32 31 25 27 29 26 28 30 35 37 39 34 36 33 40 38 47 41 45 48 44 46 43 42 56 50 52 49 54 55 51 53  5  6  2  4  3  1  8  7 11 13  9 10 16 12 15 14 22 18 19 24 23 21 17 20
 41 48 42 44 46 43 45 47 52 54 56 51 53 50 49 55  8  2  6  1  5  7  4  3  9 11 13 10 15 16 12 14 22 23 19 21 20 18 17 24 28 30 26 27 25 29 32 31 39 35 36 33 40 38 34 37
 25 32 26 28 30 27 29 31 36 38 40 35 37 34 33 39 48 42 46 41 45 47 44 43 49 51 53 50 55 56 52 54  6  7  3  5  4  2  1  8 12 14 10 11  9 13 16 15 23 19 20 17 24 22 18 21
 33 40 34 36 38 35 37 39 44 46 48 43 45 42 41 47 56 50 54 49 53 55 52 51  1  3  5  2  7  8  4  6 14 15 11 13 12 10  9 16 20 22 18 19 17 21 24 23 31 27 28 25 32 30 26 29
 49 56 50 52 54 51 53 55  4  6  8  3  5  2  1  7 16 10 14  9 13 15 12 11 17 19 21 18 23 24 20 22 30 31 27 29 28 26 25 32 36 38 34 35 33 37 40 39 47 43 44 41 48 46 42 45
 17 24 18 20 22 19 21 23 28 30 32 27 29 26 25 31 40 34 38 33 37 39 36 35 41 43 45 42 47 48 44 46 54 55 51 53 52 50 49 56  4  6  2  3  1  5  8  7 15 11 12  9 16 14 10 13
  1  8  2  4  6  3  5  7 12 14 16 11 13 10  9 15 24 18 22 17 21 23 20 19 25 27 29 26 31 32 28 30 38 39 35 37 36 34 33 40 44 46 42 43 41 45 48 47 55 51 52 49 56 54 50 53
  9 16 10 12 14 11 13 15 20 22 24 19 21 18 17 23 32 26 30 25 29 31 28 27 33 35 37 34 39 40 36 38 46 47 43 45 44 42 41 48 52 54 50 51 49 53 56 55  7  3  4  1  8  6  2  5
