 11 15 10 13 14 12  9 16 18 17 24 19 23 21 20 22 29 31 27 26 32 25 30 28 36 39 33 38 37 34 40 35 41 45 42 43 48 44 47 46 52 56 55 54 50 49 53 51  3  4  7  5  1  8  2  6
 27 31 26 29 30 28 25 32 34 33 40 35 39 37 36 38 45 47 43 42 48 41 46 44 52 55 49 54 53 50 56 51  1  5  2  3  8  4  7  6 12 16 15 14 10  9 13 11 19 20 23 21 17 24 18 22
 51 55 50 53 54 52 49 56  2  1  8  3  7  5  4  6 13 15 11 10 16  9 14 12 20 23 17 22 21 18 24 19 25 29 26 27 32 28 31 30 36 40 39 38 34 33 37 35 43 44 47 45 41 48 42 46
  3  7  2  5  6  4  1  8 10  9 16 11 15 13 12 14 21 23 19 18 24 17 22 20 28 31 25 30 29 26 32 27 33 37 34 35 40 36 39 38 44 48 47 46 42 41 45 43 51 52 55 53 49 56 50 54
 43 47 42 45 46 44 41 48 50 49 56 51 55 53 52 54  5  7  3  2  8  1  6  4 12 15  9 14 13 10 16 11 17 21 18 19 24 20 23 22 28 32 31 30 26 25 29 27 35 36 39 37 33 40 34 38
 19 23 18 21 22 20 17 24 26 25 32 27 31 29 28 30 37 39 35 34 40 33 38 36 44 47 41 46 45 42 48 43 49 53 50 51 56 52 55 54  4  8  7  6  2  1  5  3 11 12 15 13  9 16 10 14
 35 39 34 37 38 36 33 40 42 41 48 43 47 45 44 46 53 55 51 50 56 49 54 52  4  7  1  6  5  2  8  3  9 13 10 11 16 12 15 14 20 24 23 22 18 17 21 19 27 28 31 29 25 32 26 30
 52 56 51 54 55 53 50 49  3  2  1  4  8  6  5  7 14 16 12 11  9 10 15 13 21 24 18 23 22 19 17 20 26 30 27 28 25 29 32 31 37 33 40 39 35 34 38 36 44 45 48 46 42 41 43 47
 36 40 35 38 39 37 34 33 43 42 41 44 48 46 45 47 54 56 52 51 49 50 55 53  5  8  2  7  6  3  1  4 10 14 11 12  9 13 16 15 21 17 24 23 19 18 22 20 28 29 32 30 26 25 27 31
  4  8  3  6  7  5  2  1 11 10  9 12 16 14 13 15 22 24 20 19 17 18 23 21 29 32 26 31 30 27 25 28 34 38 35 36 33 37 40 39 45 41 48 47 43 42 46 44 52 53 56 54 50 49 51 55
 12 16 11 14 15 13 10  9 19 18 17 20 24 22 21 23 30 32 28 27 25 26 31 29 37 40 34 39 38 35 33 36 42 46 43 44 41 45 48 47 53 49 56 55 51 50 54 52  4  5  8  6  2  1  3  7
 28 32 27 30 31 29 26 25 35 34 33 36 40 38 37 39 46 48 44 43 41 42 47 45 53 56 50 55 54 51 49 52  2  6  3  4  1  5  8  7 13  9 16 15 11 10 14 12 20 21 24 22 18 17 19 23
 20 24 19 22 23 21 18 17 27 26 25 28 32 30 29 31 38 40 36 35 33 34 39 37 45 48 42 47 46 43 41 44 50 54 51 52 49 53 56 55  5  1  8  7  3  2  6  4 12 13 16 14 10  9 11 15
 44 48 43 46 47 45 42 41 51 50 49 52 56 54 53 55  6  8  4  3  1  2  7  5 13 16 10 15 14 11  9 12 18 22 19 20 17 21 24 23 29 25 32 31 27 26 30 28 36 37 40 38 34 33 35 39
 45 41 44 47 48 46 43 42 52 51 50 53 49 55 54 56  7  1  5  4  2  3  8  6 14  9 11 16 15 12 10 13 19 23 20 21 18 22 17 24 30 26 25 32 28 27 31 29 37 38 33 39 35 34 36 40
 29 25 28 31 32 30 27 26 36 35 34 37 33 39 38 40 47 41 45 44 42 43 48 46 54 49 51 56 55 52 50 53  3  7  4  5  2  6  1  8 14 10  9 16 12 11 15 13 21 22 17 23 19 18 20 24
 13  9 12 15 16 14 11 10 20 19 18 21 17 23 22 24 31 25 29 28 26 27 32 30 38 33 35 40 39 36 34 37 43 47 44 45 42 46 41 48 54 50 49 56 52 51 55 53  5  6  1  7  3  2  4  8
 37 33 36 39 40 38 35 34 44 43 42 45 41 47 46 48 55 49 53 52 50 51 56 54  6  1  3  8  7  4  2  5 11 15 12 13 10 14  9 16 22 18 17 24 20 19 23 21 29 30 25 31 27 26 28 32
  5  1  4  7  8  6  3  2 12 11 10 13  9 15 14 16 23 17 21 20 18 19 24 22 30 25 27 32 31 28 26 29 35 39 36 37 34 38 33 40 46 42 41 48 44 43 47 45 53 54 49 55 51 50 52 56
 53 49 52 55 56 54 51 50  4  3  2  5  1  7  6  8 15  9 13 12 10 11 16 14 22 17 19 24 23 20 18 21 27 31 28 29 26 30 25 32 38 34 33 40 36 35 39 37 45 46 41 47 43 42 44 48
 21 17 20 23 24 22 19 18 28 27 26 29 25 31 30 32 39 33 37 36 34 35 40 38 46 41 43 48 47 44 42 45 51 55 52 53 50 54 49 56  6  2  1  8  4  3  7  5 13 14  9 15 11 10 12 16
 22 18 21 24 17 23 20 19 29 28 27 30 26 32 31 25 40 34 38 37 35 36 33 39 47 42 44 41 48 45 43 46 52 56 53 54 51 55 50 49  7  3  2  1  5  4  8  6 14 15 10 16 12 11 13  9
 54 50 53 56 49 55 52 51  5  4  3  6  2  8  7  1 16 10 14 13 11 12  9 15 23 18 20 17 24 21 19 22 28 32 29 30 27 31 26 25 39 35 34 33 37 36 40 38 46 47 42 48 44 43 45 41
 30 26 29 32 25 31 28 27 37 36 35 38 34 40 39 33 48 42 46 45 43 44 41 47 55 50 52 49 56 53 51 54  4  8  5  6  3  7  2  1 15 11 10  9 13 12 16 14 22 23 18 24 20 19 21 17
 46 42 45 48 41 47 44 43 53 52 51 54 50 56 55 49  8  2  6  5  3  4  1  7 15 10 12  9 16 13 11 14 20 24 21 22 19 23 18 17 31 27 26 25 29 28 32 30 38 39 34 40 36 35 37 33
 14 10 13 16  9 15 12 11 21 20 19 22 18 24 23 17 32 26 30 29 27 28 25 31 39 34 36 33 40 37 35 38 44 48 45 46 43 47 42 41 55 51 50 49 53 52 56 54  6  7  2  8  4  3  5  1
 38 34 37 40 33 39 36 35 45 44 43 46 42 48 47 41 56 50 54 53 51 52 49 55  7  2  4  1  8  5  3  6 12 16 13 14 11 15 10  9 23 19 18 17 21 20 24 22 30 31 26 32 28 27 29 25
  6  2  5  8  1  7  4  3 13 12 11 14 10 16 15  9 24 18 22 21 19 20 17 23 31 26 28 25 32 29 27 30 36 40 37 38 35 39 34 33 47 43 42 41 45 44 48 46 54 55 50 56 52 51 53 49
 15 11 14  9 10 16 13 12 22 21 20 23 19 17 24 18 25 27 31 30 28 29 26 32 40 35 37 34 33 38 36 39 45 41 46 47 44 48 43 42 56 52 51 50 54 53 49 55  7  8  3  1  5  4  6  2
 31 27 30 25 26 32 29 28 38 37 36 39 35 33 40 34 41 43 47 46 44 45 42 48 56 51 53 50 49 54 52 55  5  1  6  7  4  8  3  2 16 12 11 10 14 13  9 15 23 24 19 17 21 20 22 18
  7  3  6  1  2  8  5  4 14 13 12 15 11  9 16 10 17 19 23 22 20 21 18 24 32 27 29 26 25 30 28 31 37 33 38 39 36 40 35 34 48 44 43 42 46 45 41 47 55 56 51 49 53 52 54 50
 55 51 54 49 50 56 53 52  6  5  4  7  3  1  8  2  9 11 15 14 12 13 10 16 24 19 21 18 17 22 20 23 29 25 30 31 28 32 27 26 40 36 35 34 38 37 33 39 47 48 43 41 45 44 46 42
 47 43 46 41 42 48 45 44 54 53 52 55 51 49 56 50  1  3  7  6  4  5  2  8 16 11 13 10  9 14 12 15 21 17 22 23 20 24 19 18 32 28 27 26 30 29 25 31 39 40 35 33 37 36 38 34
 39 35 38 33 34 40 37 36 46 45 44 47 43 41 48 42 49 51 55 54 52 53 50 56  8  3  5  2  1  6  4  7 13  9 14 15 12 16 11 10 24 20 19 18 22 21 17 23 31 32 27 25 29 28 30 26
 23 19 22 17 18 24 21 20 30 29 28 31 27 25 32 26 33 35 39 38 36 37 34 40 48 43 45 42 41 46 44 47 53 49 54 55 52 56 51 50  8  4  3  2  6  5  1  7 15 16 11  9 13 12 14 10
 56 52 55 50 51 49 54 53  7  6  5  8  4  2  1  3 10 12 16 15 13 14 11  9 17 20 22 19 18 23 21 24 30 26 31 32 29 25 28 27 33 37 36 35 39 38 34 40 48 41 44 42 46 45 47 43
 40 36 39 34 35 33 38 37 47 46 45 48 44 42 41 43 50 52 56 55 53 54 51 49  1  4  6  3  2  7  5  8 14 10 15 16 13  9 12 11 17 21 20 19 23 22 18 24 32 25 28 26 30 29 31 27
 48 44 47 42 43 41 46 45 55 54 53 56 52 50 49 51  2  4  8  7  5  6  3  1  9 12 14 11 10 15 13 16 22 18 23 24 21 17 20 19 25 29 28 27 31 30 26 32 40 33 36 34 38 37 39 35
  8  4  7  2  3  1  6  5 15 14 13 16 12 10  9 11 18 20 24 23 21 22 19 17 25 28 30 27 26 31 29 32 38 34 39 40 37 33 36 35 41 45 44 43 47 46 42 48 56 49 52 50 54 53 55 51
 16 12 15 10 11  9 14 13 23 22 21 24 20 18 17 19 26 28 32 31 29 30 27 25 33 36 38 35 34 39 37 40 46 42 47 48 45 41 44 43 49 53 52 51 55 54 50 56  8  1  4  2  6  5  7  3
 24 20 23 18 19 17 22 21 31 30 29 32 28 26 25 27 34 36 40 39 37 38 35 33 41 44 46 43 42 47 45 48 54 50 55 56 53 49 52 51  1  5  4  3  7  6  2  8 16  9 12 10 14 13 15 11
 32 28 31 26 27 25 30 29 39 38 37 40 36 34 33 35 42 44 48 47 45 46 43 41 49 52 54 51 50 55 53 56  6  2  7  8  5  1  4  3  9 13 12 11 15 14 10 16 24 17 20 18 22 21 23 19
 33 37 40 35 36 34 39 38 48 47 46 41 45 43 42 44 51 53 49 56 54 55 52 50  2  5  7  4  3  8  6  1 15 11 16  9 14 10 13 12 18 22 21 20 24 23 19 17 25 26 29 27 31 30 32 28
  9 13 16 11 12 10 15 14 24 23 22 17 21 19 18 20 27 29 25 32 30 31 28 26 34 37 39 36 35 40 38 33 47 43 48 41 46 42 45 44 50 54 53 52 56 55 51 49  1  2  5  3  7  6  8  4
 41 45 48 43 44 42 47 46 56 55 54 49 53 51 50 52  3  5  1  8  6  7  4  2 10 13 15 12 11 16 14  9 23 19 24 17 22 18 21 20 26 30 29 28 32 31 27 25 33 34 37 35 39 38 40 36
  1  5  8  3  4  2  7  6 16 15 14  9 13 11 10 12 19 21 17 24 22 23 20 18 26 29 31 28 27 32 30 25 39 35 40 33 38 34 37 36 42 46 45 44 48 47 43 41 49 50 53 51 55 54 56 52
 17 21 24 19 20 18 23 22 32 31 30 25 29 27 26 28 35 37 33 40 38 39 36 34 42 45 47 44 43 48 46 41 55 51 56 49 54 50 53 52  2  6  5  4  8  7  3  1  9 10 13 11 15 14 16 12
 49 53 56 51 52 50 55 54  8  7  6  1  5  3  2  4 11 13  9 16 14 15 12 10 18 21 23 20 19 24 22 17 31 27 32 25 30 26 29 28 34 38 37 36 40 39 35 33 41 42 45 43 47 46 48 44
 25 29 32 27 28 26 31 30 40 39 38 33 37 35 34 36 43 45 41 48 46 47 44 42 50 53 55 52 51 56 54 49  7  3  8  1  6  2  5  4 10 14 13 12 16 15 11  9 17 18 21 19 23 22 24 20
  2  6  1  4  5  3  8  7  9 16 15 10 14 12 11 13 20 22 18 17 23 24 21 19 27 30 32 29 28 25 31 26 40 36 33 34 39 35 38 37 43 47 46 45 41 48 44 42 50 51 54 52 56 55 49 53
 10 14  9 12 13 11 16 15 17 24 23 18 22 20 19 21 28 30 26 25 31 32 29 27 35 38 40 37 36 33 39 34 48 44 41 42 47 43 46 45 51 55 54 53 49 56 52 50  2  3  6  4  8  7  1  5
 42 46 41 44 45 43 48 47 49 56 55 50 54 52 51 53  4  6  2  1  7  8  5  3 11 14 16 13 12  9 15 10 24 20 17 18 23 19 22 21 27 31 30 29 25 32 28 26 34 35 38 36 40 39 33 37
 34 38 33 36 37 35 40 39 41 48 47 42 46 44 43 45 52 54 50 49 55 56 53 51  3  6  8  5  4  1  7  2 16 12  9 10 15 11 14 13 19 23 22 21 17 24 20 18 26 27 30 28 32 31 25 29
 18 22 17 20 21 19 24 23 25 32 31 26 30 28 27 29 36 38 34 33 39 40 37 35 43 46 48 45 44 41 47 42 56 52 49 50 55 51 54 53  3  7  6  5  1  8  4  2 10 11 14 12 16 15  9 13
 50 54 49 52 53 51 56 55  1  8  7  2  6  4  3  5 12 14 10  9 15 16 13 11 19 22 24 21 20 17 23 18 32 28 25 26 31 27 30 29 35 39 38 37 33 40 36 34 42 43 46 44 48 47 41 45
 26 30 25 28 29 27 32 31 33 40 39 34 38 36 35 37 44 46 42 41 47 48 45 43 51 54 56 53 52 49 55 50  8  4  1  2  7  3  6  5 11 15 14 13  9 16 12 10 18 19 22 20 24 23 17 21
