 46 47 44 43 45 41 48 42 53 54 49 52 55 56 50 51  8  4  1  2  6  7  3  5  9 12 15 11 16 14 10 13 24 20 17 22 19 21 18 23 31 30 26 32 27 28 29 25 33 40 37 36 39 38 34 35
 22 23 20 19 21 17 24 18 29 30 25 28 31 32 26 27 40 36 33 34 38 39 35 37 41 44 47 43 48 46 42 45 56 52 49 54 51 53 50 55  7  6  2  8  3  4  5  1  9 16 13 12 15 14 10 11
 30 31 28 27 29 25 32 26 37 38 33 36 39 40 34 35 48 44 41 42 46 47 43 45 49 52 55 51 56 54 50 53  8  4  1  6  3  5  2  7 15 14 10 16 11 12 13  9 17 24 21 20 23 22 18 19
 54 55 52 51 53 49 56 50  5  6  1  4  7  8  2  3 16 12  9 10 14 15 11 13 17 20 23 19 24 22 18 21 32 28 25 30 27 29 26 31 39 38 34 40 35 36 37 33 41 48 45 44 47 46 42 43
 14 15 12 11 13  9 16 10 21 22 17 20 23 24 18 19 32 28 25 26 30 31 27 29 33 36 39 35 40 38 34 37 48 44 41 46 43 45 42 47 55 54 50 56 51 52 53 49  1  8  5  4  7  6  2  3
  6  7  4  3  5  1  8  2 13 14  9 12 15 16 10 11 24 20 17 18 22 23 19 21 25 28 31 27 32 30 26 29 40 36 33 38 35 37 34 39 47 46 42 48 43 44 45 41 49 56 53 52 55 54 50 51
 38 39 36 35 37 33 40 34 45 46 41 44 47 48 42 43 56 52 49 50 54 55 51 53  1  4  7  3  8  6  2  5 16 12  9 14 11 13 10 15 23 22 18 24 19 20 21 17 25 32 29 28 31 30 26 27
 55 56 53 52 54 50 49 51  6  7  2  5  8  1  3  4  9 13 10 11 15 16 12 14 18 21 24 20 17 23 19 22 25 29 26 31 28 30 27 32 40 39 35 33 36 37 38 34 42 41 46 45 48 47 43 44
 39 40 37 36 38 34 33 35 46 47 42 45 48 41 43 44 49 53 50 51 55 56 52 54  2  5  8  4  1  7  3  6  9 13 10 15 12 14 11 16 24 23 19 17 20 21 22 18 26 25 30 29 32 31 27 28
 31 32 29 28 30 26 25 27 38 39 34 37 40 33 35 36 41 45 42 43 47 48 44 46 50 53 56 52 49 55 51 54  1  5  2  7  4  6  3  8 16 15 11  9 12 13 14 10 18 17 22 21 24 23 19 20
  7  8  5  4  6  2  1  3 14 15 10 13 16  9 11 12 17 21 18 19 23 24 20 22 26 29 32 28 25 31 27 30 33 37 34 39 36 38 35 40 48 47 43 41 44 45 46 42 50 49 54 53 56 55 51 52
 23 24 21 20 22 18 17 19 30 31 26 29 32 25 27 28 33 37 34 35 39 40 36 38 42 45 48 44 41 47 43 46 49 53 50 55 52 54 51 56  8  7  3  1  4  5  6  2 10  9 14 13 16 15 11 12
 15 16 13 12 14 10  9 11 22 23 18 21 24 17 19 20 25 29 26 27 31 32 28 30 34 37 40 36 33 39 35 38 41 45 42 47 44 46 43 48 56 55 51 49 52 53 54 50  2  1  6  5  8  7  3  4
 47 48 45 44 46 42 41 43 54 55 50 53 56 49 51 52  1  5  2  3  7  8  4  6 10 13 16 12  9 15 11 14 17 21 18 23 20 22 19 24 32 31 27 25 28 29 30 26 34 33 38 37 40 39 35 36
 48 41 46 45 47 43 42 44 55 56 51 54 49 50 52 53  2  6  3  4  8  1  5  7 11 14  9 13 10 16 12 15 18 22 19 24 21 23 20 17 25 32 28 26 29 30 31 27 35 34 39 38 33 40 36 37
 56 49 54 53 55 51 50 52  7  8  3  6  1  2  4  5 10 14 11 12 16  9 13 15 19 22 17 21 18 24 20 23 26 30 27 32 29 31 28 25 33 40 36 34 37 38 39 35 43 42 47 46 41 48 44 45
  8  1  6  5  7  3  2  4 15 16 11 14  9 10 12 13 18 22 19 20 24 17 21 23 27 30 25 29 26 32 28 31 34 38 35 40 37 39 36 33 41 48 44 42 45 46 47 43 51 50 55 54 49 56 52 53
 32 25 30 29 31 27 26 28 39 40 35 38 33 34 36 37 42 46 43 44 48 41 45 47 51 54 49 53 50 56 52 55  2  6  3  8  5  7  4  1  9 16 12 10 13 14 15 11 19 18 23 22 17 24 20 21
 40 33 38 37 39 35 34 36 47 48 43 46 41 42 44 45 50 54 51 52 56 49 53 55  3  6  1  5  2  8  4  7 10 14 11 16 13 15 12  9 17 24 20 18 21 22 23 19 27 26 31 30 25 32 28 29
 24 17 22 21 23 19 18 20 31 32 27 30 25 26 28 29 34 38 35 36 40 33 37 39 43 46 41 45 42 48 44 47 50 54 51 56 53 55 52 49  1  8  4  2  5  6  7  3 11 10 15 14  9 16 12 13
 16  9 14 13 15 11 10 12 23 24 19 22 17 18 20 21 26 30 27 28 32 25 29 31 35 38 33 37 34 40 36 39 42 46 43 48 45 47 44 41 49 56 52 50 53 54 55 51  3  2  7  6  1  8  4  5
 25 26 31 30 32 28 27 29 40 33 36 39 34 35 37 38 43 47 44 45 41 42 46 48 52 55 50 54 51 49 53 56  3  7  4  1  6  8  5  2 10  9 13 11 14 15 16 12 20 19 24 23 18 17 21 22
 33 34 39 38 40 36 35 37 48 41 44 47 42 43 45 46 51 55 52 53 49 50 54 56  4  7  2  6  3  1  5  8 11 15 12  9 14 16 13 10 18 17 21 19 22 23 24 20 28 27 32 31 26 25 29 30
 49 50 55 54 56 52 51 53  8  1  4  7  2  3  5  6 11 15 12 13  9 10 14 16 20 23 18 22 19 17 21 24 27 31 28 25 30 32 29 26 34 33 37 35 38 39 40 36 44 43 48 47 42 41 45 46
 41 42 47 46 48 44 43 45 56 49 52 55 50 51 53 54  3  7  4  5  1  2  6  8 12 15 10 14 11  9 13 16 19 23 20 17 22 24 21 18 26 25 29 27 30 31 32 28 36 35 40 39 34 33 37 38
  1  2  7  6  8  4  3  5 16  9 12 15 10 11 13 14 19 23 20 21 17 18 22 24 28 31 26 30 27 25 29 32 35 39 36 33 38 40 37 34 42 41 45 43 46 47 48 44 52 51 56 55 50 49 53 54
  9 10 15 14 16 12 11 13 24 17 20 23 18 19 21 22 27 31 28 29 25 26 30 32 36 39 34 38 35 33 37 40 43 47 44 41 46 48 45 42 50 49 53 51 54 55 56 52  4  3  8  7  2  1  5  6
 17 18 23 22 24 20 19 21 32 25 28 31 26 27 29 30 35 39 36 37 33 34 38 40 44 47 42 46 43 41 45 48 51 55 52 49 54 56 53 50  2  1  5  3  6  7  8  4 12 11 16 15 10  9 13 14
 26 27 32 31 25 29 28 30 33 34 37 40 35 36 38 39 44 48 45 46 42 43 47 41 53 56 51 55 52 50 54 49  4  8  5  2  7  1  6  3 11 10 14 12 15 16  9 13 21 20 17 24 19 18 22 23
  2  3  8  7  1  5  4  6  9 10 13 16 11 12 14 15 20 24 21 22 18 19 23 17 29 32 27 31 28 26 30 25 36 40 37 34 39 33 38 35 43 42 46 44 47 48 41 45 53 52 49 56 51 50 54 55
 50 51 56 55 49 53 52 54  1  2  5  8  3  4  6  7 12 16 13 14 10 11 15  9 21 24 19 23 20 18 22 17 28 32 29 26 31 25 30 27 35 34 38 36 39 40 33 37 45 44 41 48 43 42 46 47
 18 19 24 23 17 21 20 22 25 26 29 32 27 28 30 31 36 40 37 38 34 35 39 33 45 48 43 47 44 42 46 41 52 56 53 50 55 49 54 51  3  2  6  4  7  8  1  5 13 12  9 16 11 10 14 15
 34 35 40 39 33 37 36 38 41 42 45 48 43 44 46 47 52 56 53 54 50 51 55 49  5  8  3  7  4  2  6  1 12 16 13 10 15  9 14 11 19 18 22 20 23 24 17 21 29 28 25 32 27 26 30 31
 42 43 48 47 41 45 44 46 49 50 53 56 51 52 54 55  4  8  5  6  2  3  7  1 13 16 11 15 12 10 14  9 20 24 21 18 23 17 22 19 27 26 30 28 31 32 25 29 37 36 33 40 35 34 38 39
 10 11 16 15  9 13 12 14 17 18 21 24 19 20 22 23 28 32 29 30 26 27 31 25 37 40 35 39 36 34 38 33 44 48 45 42 47 41 46 43 51 50 54 52 55 56 49 53  5  4  1  8  3  2  6  7
 19 20 17 24 18 22 21 23 26 27 30 25 28 29 31 32 37 33 38 39 35 36 40 34 46 41 44 48 45 43 47 42 53 49 54 51 56 50 55 52  4  3  7  5  8  1  2  6 14 13 10  9 12 11 15 16
 27 28 25 32 26 30 29 31 34 35 38 33 36 37 39 40 45 41 46 47 43 44 48 42 54 49 52 56 53 51 55 50  5  1  6  3  8  2  7  4 12 11 15 13 16  9 10 14 22 21 18 17 20 19 23 24
 11 12  9 16 10 14 13 15 18 19 22 17 20 21 23 24 29 25 30 31 27 28 32 26 38 33 36 40 37 35 39 34 45 41 46 43 48 42 47 44 52 51 55 53 56 49 50 54  6  5  2  1  4  3  7  8
 35 36 33 40 34 38 37 39 42 43 46 41 44 45 47 48 53 49 54 55 51 52 56 50  6  1  4  8  5  3  7  2 13  9 14 11 16 10 15 12 20 19 23 21 24 17 18 22 30 29 26 25 28 27 31 32
  3  4  1  8  2  6  5  7 10 11 14  9 12 13 15 16 21 17 22 23 19 20 24 18 30 25 28 32 29 27 31 26 37 33 38 35 40 34 39 36 44 43 47 45 48 41 42 46 54 53 50 49 52 51 55 56
 43 44 41 48 42 46 45 47 50 51 54 49 52 53 55 56  5  1  6  7  3  4  8  2 14  9 12 16 13 11 15 10 21 17 22 19 24 18 23 20 28 27 31 29 32 25 26 30 38 37 34 33 36 35 39 40
 51 52 49 56 50 54 53 55  2  3  6  1  4  5  7  8 13  9 14 15 11 12 16 10 22 17 20 24 21 19 23 18 29 25 30 27 32 26 31 28 36 35 39 37 40 33 34 38 46 45 42 41 44 43 47 48
 12 13 10  9 11 15 14 16 19 20 23 18 21 22 24 17 30 26 31 32 28 29 25 27 39 34 37 33 38 36 40 35 46 42 47 44 41 43 48 45 53 52 56 54 49 50 51 55  7  6  3  2  5  4  8  1
 20 21 18 17 19 23 22 24 27 28 31 26 29 30 32 25 38 34 39 40 36 37 33 35 47 42 45 41 46 44 48 43 54 50 55 52 49 51 56 53  5  4  8  6  1  2  3  7 15 14 11 10 13 12 16  9
  4  5  2  1  3  7  6  8 11 12 15 10 13 14 16  9 22 18 23 24 20 21 17 19 31 26 29 25 30 28 32 27 38 34 39 36 33 35 40 37 45 44 48 46 41 42 43 47 55 54 51 50 53 52 56 49
 52 53 50 49 51 55 54 56  3  4  7  2  5  6  8  1 14 10 15 16 12 13  9 11 23 18 21 17 22 20 24 19 30 26 31 28 25 27 32 29 37 36 40 38 33 34 35 39 47 46 43 42 45 44 48 41
 28 29 26 25 27 31 30 32 35 36 39 34 37 38 40 33 46 42 47 48 44 45 41 43 55 50 53 49 54 52 56 51  6  2  7  4  1  3  8  5 13 12 16 14  9 10 11 15 23 22 19 18 21 20 24 17
 36 37 34 33 35 39 38 40 43 44 47 42 45 46 48 41 54 50 55 56 52 53 49 51  7  2  5  1  6  4  8  3 14 10 15 12  9 11 16 13 21 20 24 22 17 18 19 23 31 30 27 26 29 28 32 25
 44 45 42 41 43 47 46 48 51 52 55 50 53 54 56 49  6  2  7  8  4  5  1  3 15 10 13  9 14 12 16 11 22 18 23 20 17 19 24 21 29 28 32 30 25 26 27 31 39 38 35 34 37 36 40 33
 29 30 27 26 28 32 31 25 36 37 40 35 38 39 33 34 47 43 48 41 45 46 42 44 56 51 54 50 55 53 49 52  7  3  8  5  2  4  1  6 14 13  9 15 10 11 12 16 24 23 20 19 22 21 17 18
 13 14 11 10 12 16 15  9 20 21 24 19 22 23 17 18 31 27 32 25 29 30 26 28 40 35 38 34 39 37 33 36 47 43 48 45 42 44 41 46 54 53 49 55 50 51 52 56  8  7  4  3  6  5  1  2
 45 46 43 42 44 48 47 41 52 53 56 51 54 55 49 50  7  3  8  1  5  6  2  4 16 11 14 10 15 13  9 12 23 19 24 21 18 20 17 22 30 29 25 31 26 27 28 32 40 39 36 35 38 37 33 34
 37 38 35 34 36 40 39 33 44 45 48 43 46 47 41 42 55 51 56 49 53 54 50 52  8  3  6  2  7  5  1  4 15 11 16 13 10 12  9 14 22 21 17 23 18 19 20 24 32 31 28 27 30 29 25 26
 53 54 51 50 52 56 55 49  4  5  8  3  6  7  1  2 15 11 16  9 13 14 10 12 24 19 22 18 23 21 17 20 31 27 32 29 26 28 25 30 38 37 33 39 34 35 36 40 48 47 44 43 46 45 41 42
 21 22 19 18 20 24 23 17 28 29 32 27 30 31 25 26 39 35 40 33 37 38 34 36 48 43 46 42 47 45 41 44 55 51 56 53 50 52 49 54  6  5  1  7  2  3  4  8 16 15 12 11 14 13  9 10
  5  6  3  2  4  8  7  1 12 13 16 11 14 15  9 10 23 19 24 17 21 22 18 20 32 27 30 26 31 29 25 28 39 35 40 37 34 36 33 38 46 45 41 47 42 43 44 48 56 55 52 51 54 53 49 50
