 12 16 11  9 14 10 13 15 23 17 22 18 21 24 20 19 25 32 31 29 26 30 28 27 35 34 39 38 40 33 36 37 44 45 42 48 47 43 41 46 54 55 51 49 52 56 50 53  2  5  6  7  4  8  3  1
 52 56 51 49 54 50 53 55  7  1  6  2  5  8  4  3  9 16 15 13 10 14 12 11 19 18 23 22 24 17 20 21 28 29 26 32 31 27 25 30 38 39 35 33 36 40 34 37 42 45 46 47 44 48 43 41
  4  8  3  1  6  2  5  7 15  9 14 10 13 16 12 11 17 24 23 21 18 22 20 19 27 26 31 30 32 25 28 29 36 37 34 40 39 35 33 38 46 47 43 41 44 48 42 45 50 53 54 55 52 56 51 49
 20 24 19 17 22 18 21 23 31 25 30 26 29 32 28 27 33 40 39 37 34 38 36 35 43 42 47 46 48 41 44 45 52 53 50 56 55 51 49 54  6  7  3  1  4  8  2  5 10 13 14 15 12 16 11  9
 28 32 27 25 30 26 29 31 39 33 38 34 37 40 36 35 41 48 47 45 42 46 44 43 51 50 55 54 56 49 52 53  4  5  2  8  7  3  1  6 14 15 11  9 12 16 10 13 18 21 22 23 20 24 19 17
 44 48 43 41 46 42 45 47 55 49 54 50 53 56 52 51  1  8  7  5  2  6  4  3 11 10 15 14 16  9 12 13 20 21 18 24 23 19 17 22 30 31 27 25 28 32 26 29 34 37 38 39 36 40 35 33
 36 40 35 33 38 34 37 39 47 41 46 42 45 48 44 43 49 56 55 53 50 54 52 51  3  2  7  6  8  1  4  5 12 13 10 16 15 11  9 14 22 23 19 17 20 24 18 21 26 29 30 31 28 32 27 25
 37 33 36 34 39 35 38 40 48 42 47 43 46 41 45 44 50 49 56 54 51 55 53 52  4  3  8  7  1  2  5  6 13 14 11  9 16 12 10 15 23 24 20 18 21 17 19 22 27 30 31 32 29 25 28 26
 29 25 28 26 31 27 30 32 40 34 39 35 38 33 37 36 42 41 48 46 43 47 45 44 52 51 56 55 49 50 53 54  5  6  3  1  8  4  2  7 15 16 12 10 13  9 11 14 19 22 23 24 21 17 20 18
 13  9 12 10 15 11 14 16 24 18 23 19 22 17 21 20 26 25 32 30 27 31 29 28 36 35 40 39 33 34 37 38 45 46 43 41 48 44 42 47 55 56 52 50 53 49 51 54  3  6  7  8  5  1  4  2
 21 17 20 18 23 19 22 24 32 26 31 27 30 25 29 28 34 33 40 38 35 39 37 36 44 43 48 47 41 42 45 46 53 54 51 49 56 52 50 55  7  8  4  2  5  1  3  6 11 14 15 16 13  9 12 10
  5  1  4  2  7  3  6  8 16 10 15 11 14  9 13 12 18 17 24 22 19 23 21 20 28 27 32 31 25 26 29 30 37 38 35 33 40 36 34 39 47 48 44 42 45 41 43 46 51 54 55 56 53 49 52 50
 45 41 44 42 47 43 46 48 56 50 55 51 54 49 53 52  2  1  8  6  3  7  5  4 12 11 16 15  9 10 13 14 21 22 19 17 24 20 18 23 31 32 28 26 29 25 27 30 35 38 39 40 37 33 36 34
 53 49 52 50 55 51 54 56  8  2  7  3  6  1  5  4 10  9 16 14 11 15 13 12 20 19 24 23 17 18 21 22 29 30 27 25 32 28 26 31 39 40 36 34 37 33 35 38 43 46 47 48 45 41 44 42
 46 42 45 43 48 44 47 41 49 51 56 52 55 50 54 53  3  2  1  7  4  8  6  5 13 12  9 16 10 11 14 15 22 23 20 18 17 21 19 24 32 25 29 27 30 26 28 31 36 39 40 33 38 34 37 35
 30 26 29 27 32 28 31 25 33 35 40 36 39 34 38 37 43 42 41 47 44 48 46 45 53 52 49 56 50 51 54 55  6  7  4  2  1  5  3  8 16  9 13 11 14 10 12 15 20 23 24 17 22 18 21 19
 14 10 13 11 16 12 15  9 17 19 24 20 23 18 22 21 27 26 25 31 28 32 30 29 37 36 33 40 34 35 38 39 46 47 44 42 41 45 43 48 56 49 53 51 54 50 52 55  4  7  8  1  6  2  5  3
  6  2  5  3  8  4  7  1  9 11 16 12 15 10 14 13 19 18 17 23 20 24 22 21 29 28 25 32 26 27 30 31 38 39 36 34 33 37 35 40 48 41 45 43 46 42 44 47 52 55 56 49 54 50 53 51
 54 50 53 51 56 52 55 49  1  3  8  4  7  2  6  5 11 10  9 15 12 16 14 13 21 20 17 24 18 19 22 23 30 31 28 26 25 29 27 32 40 33 37 35 38 34 36 39 44 47 48 41 46 42 45 43
 22 18 21 19 24 20 23 17 25 27 32 28 31 26 30 29 35 34 33 39 36 40 38 37 45 44 41 48 42 43 46 47 54 55 52 50 49 53 51 56  8  1  5  3  6  2  4  7 12 15 16  9 14 10 13 11
 38 34 37 35 40 36 39 33 41 43 48 44 47 42 46 45 51 50 49 55 52 56 54 53  5  4  1  8  2  3  6  7 14 15 12 10  9 13 11 16 24 17 21 19 22 18 20 23 28 31 32 25 30 26 29 27
 23 19 22 20 17 21 24 18 26 28 25 29 32 27 31 30 36 35 34 40 37 33 39 38 46 45 42 41 43 44 47 48 55 56 53 51 50 54 52 49  1  2  6  4  7  3  5  8 13 16  9 10 15 11 14 12
 31 27 30 28 25 29 32 26 34 36 33 37 40 35 39 38 44 43 42 48 45 41 47 46 54 53 50 49 51 52 55 56  7  8  5  3  2  6  4  1  9 10 14 12 15 11 13 16 21 24 17 18 23 19 22 20
 15 11 14 12  9 13 16 10 18 20 17 21 24 19 23 22 28 27 26 32 29 25 31 30 38 37 34 33 35 36 39 40 47 48 45 43 42 46 44 41 49 50 54 52 55 51 53 56  5  8  1  2  7  3  6  4
 55 51 54 52 49 53 56 50  2  4  1  5  8  3  7  6 12 11 10 16 13  9 15 14 22 21 18 17 19 20 23 24 31 32 29 27 26 30 28 25 33 34 38 36 39 35 37 40 45 48 41 42 47 43 46 44
  7  3  6  4  1  5  8  2 10 12  9 13 16 11 15 14 20 19 18 24 21 17 23 22 30 29 26 25 27 28 31 32 39 40 37 35 34 38 36 33 41 42 46 44 47 43 45 48 53 56 49 50 55 51 54 52
 47 43 46 44 41 45 48 42 50 52 49 53 56 51 55 54  4  3  2  8  5  1  7  6 14 13 10  9 11 12 15 16 23 24 21 19 18 22 20 17 25 26 30 28 31 27 29 32 37 40 33 34 39 35 38 36
 39 35 38 36 33 37 40 34 42 44 41 45 48 43 47 46 52 51 50 56 53 49 55 54  6  5  2  1  3  4  7  8 15 16 13 11 10 14 12  9 17 18 22 20 23 19 21 24 29 32 25 26 31 27 30 28
 16 12 15 13 10 14  9 11 19 21 18 22 17 20 24 23 29 28 27 25 30 26 32 31 39 38 35 34 36 37 40 33 48 41 46 44 43 47 45 42 50 51 55 53 56 52 54 49  6  1  2  3  8  4  7  5
 48 44 47 45 42 46 41 43 51 53 50 54 49 52 56 55  5  4  3  1  6  2  8  7 15 14 11 10 12 13 16  9 24 17 22 20 19 23 21 18 26 27 31 29 32 28 30 25 38 33 34 35 40 36 39 37
  8  4  7  5  2  6  1  3 11 13 10 14  9 12 16 15 21 20 19 17 22 18 24 23 31 30 27 26 28 29 32 25 40 33 38 36 35 39 37 34 42 43 47 45 48 44 46 41 54 49 50 51 56 52 55 53
 56 52 55 53 50 54 49 51  3  5  2  6  1  4  8  7 13 12 11  9 14 10 16 15 23 22 19 18 20 21 24 17 32 25 30 28 27 31 29 26 34 35 39 37 40 36 38 33 46 41 42 43 48 44 47 45
 40 36 39 37 34 38 33 35 43 45 42 46 41 44 48 47 53 52 51 49 54 50 56 55  7  6  3  2  4  5  8  1 16  9 14 12 11 15 13 10 18 19 23 21 24 20 22 17 30 25 26 27 32 28 31 29
 24 20 23 21 18 22 17 19 27 29 26 30 25 28 32 31 37 36 35 33 38 34 40 39 47 46 43 42 44 45 48 41 56 49 54 52 51 55 53 50  2  3  7  5  8  4  6  1 14  9 10 11 16 12 15 13
 32 28 31 29 26 30 25 27 35 37 34 38 33 36 40 39 45 44 43 41 46 42 48 47 55 54 51 50 52 53 56 49  8  1  6  4  3  7  5  2 10 11 15 13 16 12 14  9 22 17 18 19 24 20 23 21
 25 29 32 30 27 31 26 28 36 38 35 39 34 37 33 40 46 45 44 42 47 43 41 48 56 55 52 51 53 54 49 50  1  2  7  5  4  8  6  3 11 12 16 14  9 13 15 10 23 18 19 20 17 21 24 22
 41 45 48 46 43 47 42 44 52 54 51 55 50 53 49 56  6  5  4  2  7  3  1  8 16 15 12 11 13 14  9 10 17 18 23 21 20 24 22 19 27 28 32 30 25 29 31 26 39 34 35 36 33 37 40 38
 49 53 56 54 51 55 50 52  4  6  3  7  2  5  1  8 14 13 12 10 15 11  9 16 24 23 20 19 21 22 17 18 25 26 31 29 28 32 30 27 35 36 40 38 33 37 39 34 47 42 43 44 41 45 48 46
  1  5  8  6  3  7  2  4 12 14 11 15 10 13  9 16 22 21 20 18 23 19 17 24 32 31 28 27 29 30 25 26 33 34 39 37 36 40 38 35 43 44 48 46 41 45 47 42 55 50 51 52 49 53 56 54
 33 37 40 38 35 39 34 36 44 46 43 47 42 45 41 48 54 53 52 50 55 51 49 56  8  7  4  3  5  6  1  2  9 10 15 13 12 16 14 11 19 20 24 22 17 21 23 18 31 26 27 28 25 29 32 30
 17 21 24 22 19 23 18 20 28 30 27 31 26 29 25 32 38 37 36 34 39 35 33 40 48 47 44 43 45 46 41 42 49 50 55 53 52 56 54 51  3  4  8  6  1  5  7  2 15 10 11 12  9 13 16 14
  9 13 16 14 11 15 10 12 20 22 19 23 18 21 17 24 30 29 28 26 31 27 25 32 40 39 36 35 37 38 33 34 41 42 47 45 44 48 46 43 51 52 56 54 49 53 55 50  7  2  3  4  1  5  8  6
  2  6  1  7  4  8  3  5 13 15 12 16 11 14 10  9 23 22 21 19 24 20 18 17 25 32 29 28 30 31 26 27 34 35 40 38 37 33 39 36 44 45 41 47 42 46 48 43 56 51 52 53 50 54 49 55
 26 30 25 31 28 32 27 29 37 39 36 40 35 38 34 33 47 46 45 43 48 44 42 41 49 56 53 52 54 55 50 51  2  3  8  6  5  1  7  4 12 13  9 15 10 14 16 11 24 19 20 21 18 22 17 23
 50 54 49 55 52 56 51 53  5  7  4  8  3  6  2  1 15 14 13 11 16 12 10  9 17 24 21 20 22 23 18 19 26 27 32 30 29 25 31 28 36 37 33 39 34 38 40 35 48 43 44 45 42 46 41 47
 18 22 17 23 20 24 19 21 29 31 28 32 27 30 26 25 39 38 37 35 40 36 34 33 41 48 45 44 46 47 42 43 50 51 56 54 53 49 55 52  4  5  1  7  2  6  8  3 16 11 12 13 10 14  9 15
 42 46 41 47 44 48 43 45 53 55 52 56 51 54 50 49  7  6  5  3  8  4  2  1  9 16 13 12 14 15 10 11 18 19 24 22 21 17 23 20 28 29 25 31 26 30 32 27 40 35 36 37 34 38 33 39
 10 14  9 15 12 16 11 13 21 23 20 24 19 22 18 17 31 30 29 27 32 28 26 25 33 40 37 36 38 39 34 35 42 43 48 46 45 41 47 44 52 53 49 55 50 54 56 51  8  3  4  5  2  6  1  7
 34 38 33 39 36 40 35 37 45 47 44 48 43 46 42 41 55 54 53 51 56 52 50 49  1  8  5  4  6  7  2  3 10 11 16 14 13  9 15 12 20 21 17 23 18 22 24 19 32 27 28 29 26 30 25 31
 27 31 26 32 29 25 28 30 38 40 37 33 36 39 35 34 48 47 46 44 41 45 43 42 50 49 54 53 55 56 51 52  3  4  1  7  6  2  8  5 13 14 10 16 11 15  9 12 17 20 21 22 19 23 18 24
 35 39 34 40 37 33 36 38 46 48 45 41 44 47 43 42 56 55 54 52 49 53 51 50  2  1  6  5  7  8  3  4 11 12  9 15 14 10 16 13 21 22 18 24 19 23 17 20 25 28 29 30 27 31 26 32
 19 23 18 24 21 17 20 22 30 32 29 25 28 31 27 26 40 39 38 36 33 37 35 34 42 41 46 45 47 48 43 44 51 52 49 55 54 50 56 53  5  6  2  8  3  7  1  4  9 12 13 14 11 15 10 16
 43 47 42 48 45 41 44 46 54 56 53 49 52 55 51 50  8  7  6  4  1  5  3  2 10  9 14 13 15 16 11 12 19 20 17 23 22 18 24 21 29 30 26 32 27 31 25 28 33 36 37 38 35 39 34 40
 51 55 50 56 53 49 52 54  6  8  5  1  4  7  3  2 16 15 14 12  9 13 11 10 18 17 22 21 23 24 19 20 27 28 25 31 30 26 32 29 37 38 34 40 35 39 33 36 41 44 45 46 43 47 42 48
  3  7  2  8  5  1  4  6 14 16 13  9 12 15 11 10 24 23 22 20 17 21 19 18 26 25 30 29 31 32 27 28 35 36 33 39 38 34 40 37 45 46 42 48 43 47 41 44 49 52 53 54 51 55 50 56
 11 15 10 16 13  9 12 14 22 24 21 17 20 23 19 18 32 31 30 28 25 29 27 26 34 33 38 37 39 40 35 36 43 44 41 47 46 42 48 45 53 54 50 56 51 55 49 52  1  4  5  6  3  7  2  8
