 12 13 10 14  9 16 11 15 17 23 19 21 22 20 18 24 31 27 28 30 32 25 29 26 34 39 36 37 38 35 33 40 43 42 41 48 45 46 47 44 51 56 50 52 53 55 54 49  1  8  4  7  3  6  2  5
 36 37 34 38 33 40 35 39 41 47 43 45 46 44 42 48 55 51 52 54 56 49 53 50  2  7  4  5  6  3  1  8 11 10  9 16 13 14 15 12 19 24 18 20 21 23 22 17 25 32 28 31 27 30 26 29
 44 45 42 46 41 48 43 47 49 55 51 53 54 52 50 56  7  3  4  6  8  1  5  2 10 15 12 13 14 11  9 16 19 18 17 24 21 22 23 20 27 32 26 28 29 31 30 25 33 40 36 39 35 38 34 37
 20 21 18 22 17 24 19 23 25 31 27 29 30 28 26 32 39 35 36 38 40 33 37 34 42 47 44 45 46 43 41 48 51 50 49 56 53 54 55 52  3  8  2  4  5  7  6  1  9 16 12 15 11 14 10 13
 28 29 26 30 25 32 27 31 33 39 35 37 38 36 34 40 47 43 44 46 48 41 45 42 50 55 52 53 54 51 49 56  3  2  1  8  5  6  7  4 11 16 10 12 13 15 14  9 17 24 20 23 19 22 18 21
 52 53 50 54 49 56 51 55  1  7  3  5  6  4  2  8 15 11 12 14 16  9 13 10 18 23 20 21 22 19 17 24 27 26 25 32 29 30 31 28 35 40 34 36 37 39 38 33 41 48 44 47 43 46 42 45
  4  5  2  6  1  8  3  7  9 15 11 13 14 12 10 16 23 19 20 22 24 17 21 18 26 31 28 29 30 27 25 32 35 34 33 40 37 38 39 36 43 48 42 44 45 47 46 41 49 56 52 55 51 54 50 53
  5  6  3  7  2  1  4  8 10 16 12 14 15 13 11  9 24 20 21 23 17 18 22 19 27 32 29 30 31 28 26 25 36 35 34 33 38 39 40 37 44 41 43 45 46 48 47 42 50 49 53 56 52 55 51 54
 21 22 19 23 18 17 20 24 26 32 28 30 31 29 27 25 40 36 37 39 33 34 38 35 43 48 45 46 47 44 42 41 52 51 50 49 54 55 56 53  4  1  3  5  6  8  7  2 10  9 13 16 12 15 11 14
 53 54 51 55 50 49 52 56  2  8  4  6  7  5  3  1 16 12 13 15  9 10 14 11 19 24 21 22 23 20 18 17 28 27 26 25 30 31 32 29 36 33 35 37 38 40 39 34 42 41 45 48 44 47 43 46
 13 14 11 15 10  9 12 16 18 24 20 22 23 21 19 17 32 28 29 31 25 26 30 27 35 40 37 38 39 36 34 33 44 43 42 41 46 47 48 45 52 49 51 53 54 56 55 50  2  1  5  8  4  7  3  6
 29 30 27 31 26 25 28 32 34 40 36 38 39 37 35 33 48 44 45 47 41 42 46 43 51 56 53 54 55 52 50 49  4  3  2  1  6  7  8  5 12  9 11 13 14 16 15 10 18 17 21 24 20 23 19 22
 45 46 43 47 42 41 44 48 50 56 52 54 55 53 51 49  8  4  5  7  1  2  6  3 11 16 13 14 15 12 10  9 20 19 18 17 22 23 24 21 28 25 27 29 30 32 31 26 34 33 37 40 36 39 35 38
 37 38 35 39 34 33 36 40 42 48 44 46 47 45 43 41 56 52 53 55 49 50 54 51  3  8  5  6  7  4  2  1 12 11 10  9 14 15 16 13 20 17 19 21 22 24 23 18 26 25 29 32 28 31 27 30
 30 31 28 32 27 26 29 25 35 33 37 39 40 38 36 34 41 45 46 48 42 43 47 44 52 49 54 55 56 53 51 50  5  4  3  2  7  8  1  6 13 10 12 14 15  9 16 11 19 18 22 17 21 24 20 23
 54 55 52 56 51 50 53 49  3  1  5  7  8  6  4  2  9 13 14 16 10 11 15 12 20 17 22 23 24 21 19 18 29 28 27 26 31 32 25 30 37 34 36 38 39 33 40 35 43 42 46 41 45 48 44 47
 38 39 36 40 35 34 37 33 43 41 45 47 48 46 44 42 49 53 54 56 50 51 55 52  4  1  6  7  8  5  3  2 13 12 11 10 15 16  9 14 21 18 20 22 23 17 24 19 27 26 30 25 29 32 28 31
 14 15 12 16 11 10 13  9 19 17 21 23 24 22 20 18 25 29 30 32 26 27 31 28 36 33 38 39 40 37 35 34 45 44 43 42 47 48 41 46 53 50 52 54 55 49 56 51  3  2  6  1  5  8  4  7
 22 23 20 24 19 18 21 17 27 25 29 31 32 30 28 26 33 37 38 40 34 35 39 36 44 41 46 47 48 45 43 42 53 52 51 50 55 56 49 54  5  2  4  6  7  1  8  3 11 10 14  9 13 16 12 15
  6  7  4  8  3  2  5  1 11  9 13 15 16 14 12 10 17 21 22 24 18 19 23 20 28 25 30 31 32 29 27 26 37 36 35 34 39 40 33 38 45 42 44 46 47 41 48 43 51 50 54 49 53 56 52 55
 46 47 44 48 43 42 45 41 51 49 53 55 56 54 52 50  1  5  6  8  2  3  7  4 12  9 14 15 16 13 11 10 21 20 19 18 23 24 17 22 29 26 28 30 31 25 32 27 35 34 38 33 37 40 36 39
 55 56 53 49 52 51 54 50  4  2  6  8  1  7  5  3 10 14 15  9 11 12 16 13 21 18 23 24 17 22 20 19 30 29 28 27 32 25 26 31 38 35 37 39 40 34 33 36 44 43 47 42 46 41 45 48
 31 32 29 25 28 27 30 26 36 34 38 40 33 39 37 35 42 46 47 41 43 44 48 45 53 50 55 56 49 54 52 51  6  5  4  3  8  1  2  7 14 11 13 15 16 10  9 12 20 19 23 18 22 17 21 24
 23 24 21 17 20 19 22 18 28 26 30 32 25 31 29 27 34 38 39 33 35 36 40 37 45 42 47 48 41 46 44 43 54 53 52 51 56 49 50 55  6  3  5  7  8  2  1  4 12 11 15 10 14  9 13 16
 39 40 37 33 36 35 38 34 44 42 46 48 41 47 45 43 50 54 55 49 51 52 56 53  5  2  7  8  1  6  4  3 14 13 12 11 16  9 10 15 22 19 21 23 24 18 17 20 28 27 31 26 30 25 29 32
  7  8  5  1  4  3  6  2 12 10 14 16  9 15 13 11 18 22 23 17 19 20 24 21 29 26 31 32 25 30 28 27 38 37 36 35 40 33 34 39 46 43 45 47 48 42 41 44 52 51 55 50 54 49 53 56
 47 48 45 41 44 43 46 42 52 50 54 56 49 55 53 51  2  6  7  1  3  4  8  5 13 10 15 16  9 14 12 11 22 21 20 19 24 17 18 23 30 27 29 31 32 26 25 28 36 35 39 34 38 33 37 40
 15 16 13  9 12 11 14 10 20 18 22 24 17 23 21 19 26 30 31 25 27 28 32 29 37 34 39 40 33 38 36 35 46 45 44 43 48 41 42 47 54 51 53 55 56 50 49 52  4  3  7  2  6  1  5  8
 16  9 14 10 13 12 15 11 21 19 23 17 18 24 22 20 27 31 32 26 28 29 25 30 38 35 40 33 34 39 37 36 47 46 45 44 41 42 43 48 55 52 54 56 49 51 50 53  5  4  8  3  7  2  6  1
 24 17 22 18 21 20 23 19 29 27 31 25 26 32 30 28 35 39 40 34 36 37 33 38 46 43 48 41 42 47 45 44 55 54 53 52 49 50 51 56  7  4  6  8  1  3  2  5 13 12 16 11 15 10 14  9
 32 25 30 26 29 28 31 27 37 35 39 33 34 40 38 36 43 47 48 42 44 45 41 46 54 51 56 49 50 55 53 52  7  6  5  4  1  2  3  8 15 12 14 16  9 11 10 13 21 20 24 19 23 18 22 17
 56 49 54 50 53 52 55 51  5  3  7  1  2  8  6  4 11 15 16 10 12 13  9 14 22 19 24 17 18 23 21 20 31 30 29 28 25 26 27 32 39 36 38 40 33 35 34 37 45 44 48 43 47 42 46 41
 40 33 38 34 37 36 39 35 45 43 47 41 42 48 46 44 51 55 56 50 52 53 49 54  6  3  8  1  2  7  5  4 15 14 13 12  9 10 11 16 23 20 22 24 17 19 18 21 29 28 32 27 31 26 30 25
  8  1  6  2  5  4  7  3 13 11 15  9 10 16 14 12 19 23 24 18 20 21 17 22 30 27 32 25 26 31 29 28 39 38 37 36 33 34 35 40 47 44 46 48 41 43 42 45 53 52 56 51 55 50 54 49
 48 41 46 42 45 44 47 43 53 51 55 49 50 56 54 52  3  7  8  2  4  5  1  6 14 11 16  9 10 15 13 12 23 22 21 20 17 18 19 24 31 28 30 32 25 27 26 29 37 36 40 35 39 34 38 33
  9 10 15 11 14 13 16 12 22 20 24 18 19 17 23 21 28 32 25 27 29 30 26 31 39 36 33 34 35 40 38 37 48 47 46 45 42 43 44 41 56 53 55 49 50 52 51 54  6  5  1  4  8  3  7  2
 17 18 23 19 22 21 24 20 30 28 32 26 27 25 31 29 36 40 33 35 37 38 34 39 47 44 41 42 43 48 46 45 56 55 54 53 50 51 52 49  8  5  7  1  2  4  3  6 14 13  9 12 16 11 15 10
 49 50 55 51 54 53 56 52  6  4  8  2  3  1  7  5 12 16  9 11 13 14 10 15 23 20 17 18 19 24 22 21 32 31 30 29 26 27 28 25 40 37 39 33 34 36 35 38 46 45 41 44 48 43 47 42
 25 26 31 27 30 29 32 28 38 36 40 34 35 33 39 37 44 48 41 43 45 46 42 47 55 52 49 50 51 56 54 53  8  7  6  5  2  3  4  1 16 13 15  9 10 12 11 14 22 21 17 20 24 19 23 18
  1  2  7  3  6  5  8  4 14 12 16 10 11  9 15 13 20 24 17 19 21 22 18 23 31 28 25 26 27 32 30 29 40 39 38 37 34 35 36 33 48 45 47 41 42 44 43 46 54 53 49 52 56 51 55 50
 33 34 39 35 38 37 40 36 46 44 48 42 43 41 47 45 52 56 49 51 53 54 50 55  7  4  1  2  3  8  6  5 16 15 14 13 10 11 12  9 24 21 23 17 18 20 19 22 30 29 25 28 32 27 31 26
 41 42 47 43 46 45 48 44 54 52 56 50 51 49 55 53  4  8  1  3  5  6  2  7 15 12  9 10 11 16 14 13 24 23 22 21 18 19 20 17 32 29 31 25 26 28 27 30 38 37 33 36 40 35 39 34
  2  3  8  4  7  6  1  5 15 13  9 11 12 10 16 14 21 17 18 20 22 23 19 24 32 29 26 27 28 25 31 30 33 40 39 38 35 36 37 34 41 46 48 42 43 45 44 47 55 54 50 53 49 52 56 51
 50 51 56 52 55 54 49 53  7  5  1  3  4  2  8  6 13  9 10 12 14 15 11 16 24 21 18 19 20 17 23 22 25 32 31 30 27 28 29 26 33 38 40 34 35 37 36 39 47 46 42 45 41 44 48 43
 18 19 24 20 23 22 17 21 31 29 25 27 28 26 32 30 37 33 34 36 38 39 35 40 48 45 42 43 44 41 47 46 49 56 55 54 51 52 53 50  1  6  8  2  3  5  4  7 15 14 10 13  9 12 16 11
 42 43 48 44 47 46 41 45 55 53 49 51 52 50 56 54  5  1  2  4  6  7  3  8 16 13 10 11 12  9 15 14 17 24 23 22 19 20 21 18 25 30 32 26 27 29 28 31 39 38 34 37 33 36 40 35
 10 11 16 12 15 14  9 13 23 21 17 19 20 18 24 22 29 25 26 28 30 31 27 32 40 37 34 35 36 33 39 38 41 48 47 46 43 44 45 42 49 54 56 50 51 53 52 55  7  6  2  5  1  4  8  3
 34 35 40 36 39 38 33 37 47 45 41 43 44 42 48 46 53 49 50 52 54 55 51 56  8  5  2  3  4  1  7  6  9 16 15 14 11 12 13 10 17 22 24 18 19 21 20 23 31 30 26 29 25 28 32 27
 26 27 32 28 31 30 25 29 39 37 33 35 36 34 40 38 45 41 42 44 46 47 43 48 56 53 50 51 52 49 55 54  1  8  7  6  3  4  5  2  9 14 16 10 11 13 12 15 23 22 18 21 17 20 24 19
 19 20 17 21 24 23 18 22 32 30 26 28 29 27 25 31 38 34 35 37 39 40 36 33 41 46 43 44 45 42 48 47 50 49 56 55 52 53 54 51  2  7  1  3  4  6  5  8 16 15 11 14 10 13  9 12
 27 28 25 29 32 31 26 30 40 38 34 36 37 35 33 39 46 42 43 45 47 48 44 41 49 54 51 52 53 50 56 55  2  1  8  7  4  5  6  3 10 15  9 11 12 14 13 16 24 23 19 22 18 21 17 20
 11 12  9 13 16 15 10 14 24 22 18 20 21 19 17 23 30 26 27 29 31 32 28 25 33 38 35 36 37 34 40 39 42 41 48 47 44 45 46 43 50 55 49 51 52 54 53 56  8  7  3  6  2  5  1  4
 35 36 33 37 40 39 34 38 48 46 42 44 45 43 41 47 54 50 51 53 55 56 52 49  1  6  3  4  5  2  8  7 10  9 16 15 12 13 14 11 18 23 17 19 20 22 21 24 32 31 27 30 26 29 25 28
 51 52 49 53 56 55 50 54  8  6  2  4  5  3  1  7 14 10 11 13 15 16 12  9 17 22 19 20 21 18 24 23 26 25 32 31 28 29 30 27 34 39 33 35 36 38 37 40 48 47 43 46 42 45 41 44
  3  4  1  5  8  7  2  6 16 14 10 12 13 11  9 15 22 18 19 21 23 24 20 17 25 30 27 28 29 26 32 31 34 33 40 39 36 37 38 35 42 47 41 43 44 46 45 48 56 55 51 54 50 53 49 52
 43 44 41 45 48 47 42 46 56 54 50 52 53 51 49 55  6  2  3  5  7  8  4  1  9 14 11 12 13 10 16 15 18 17 24 23 20 21 22 19 26 31 25 27 28 30 29 32 40 39 35 38 34 37 33 36
