  5  7  3  6  4  1  2  8 11 16  9 13 15 12 14 10 23 21 22 24 20 18 19 17 26 28 25 32 29 30 31 27 34 39 35 38 36 33 37 40 41 44 46 45 42 47 48 43 49 52 53 55 50 54 51 56
 29 31 27 30 28 25 26 32 35 40 33 37 39 36 38 34 47 45 46 48 44 42 43 41 50 52 49 56 53 54 55 51  2  7  3  6  4  1  5  8  9 12 14 13 10 15 16 11 17 20 21 23 18 22 19 24
 53 55 51 54 52 49 50 56  3  8  1  5  7  4  6  2 15 13 14 16 12 10 11  9 18 20 17 24 21 22 23 19 26 31 27 30 28 25 29 32 33 36 38 37 34 39 40 35 41 44 45 47 42 46 43 48
 21 23 19 22 20 17 18 24 27 32 25 29 31 28 30 26 39 37 38 40 36 34 35 33 42 44 41 48 45 46 47 43 50 55 51 54 52 49 53 56  1  4  6  5  2  7  8  3  9 12 13 15 10 14 11 16
 37 39 35 38 36 33 34 40 43 48 41 45 47 44 46 42 55 53 54 56 52 50 51 49  2  4  1  8  5  6  7  3 10 15 11 14 12  9 13 16 17 20 22 21 18 23 24 19 25 28 29 31 26 30 27 32
 13 15 11 14 12  9 10 16 19 24 17 21 23 20 22 18 31 29 30 32 28 26 27 25 34 36 33 40 37 38 39 35 42 47 43 46 44 41 45 48 49 52 54 53 50 55 56 51  1  4  5  7  2  6  3  8
 45 47 43 46 44 41 42 48 51 56 49 53 55 52 54 50  7  5  6  8  4  2  3  1 10 12  9 16 13 14 15 11 18 23 19 22 20 17 21 24 25 28 30 29 26 31 32 27 33 36 37 39 34 38 35 40
  6  8  4  7  5  2  3  1 12  9 10 14 16 13 15 11 24 22 23 17 21 19 20 18 27 29 26 25 30 31 32 28 35 40 36 39 37 34 38 33 42 45 47 46 43 48 41 44 50 53 54 56 51 55 52 49
 30 32 28 31 29 26 27 25 36 33 34 38 40 37 39 35 48 46 47 41 45 43 44 42 51 53 50 49 54 55 56 52  3  8  4  7  5  2  6  1 10 13 15 14 11 16  9 12 18 21 22 24 19 23 20 17
 54 56 52 55 53 50 51 49  4  1  2  6  8  5  7  3 16 14 15  9 13 11 12 10 19 21 18 17 22 23 24 20 27 32 28 31 29 26 30 25 34 37 39 38 35 40 33 36 42 45 46 48 43 47 44 41
 38 40 36 39 37 34 35 33 44 41 42 46 48 45 47 43 56 54 55 49 53 51 52 50  3  5  2  1  6  7  8  4 11 16 12 15 13 10 14  9 18 21 23 22 19 24 17 20 26 29 30 32 27 31 28 25
 22 24 20 23 21 18 19 17 28 25 26 30 32 29 31 27 40 38 39 33 37 35 36 34 43 45 42 41 46 47 48 44 51 56 52 55 53 50 54 49  2  5  7  6  3  8  1  4 10 13 14 16 11 15 12  9
 14 16 12 15 13 10 11  9 20 17 18 22 24 21 23 19 32 30 31 25 29 27 28 26 35 37 34 33 38 39 40 36 43 48 44 47 45 42 46 41 50 53 55 54 51 56 49 52  2  5  6  8  3  7  4  1
 46 48 44 47 45 42 43 41 52 49 50 54 56 53 55 51  8  6  7  1  5  3  4  2 11 13 10  9 14 15 16 12 19 24 20 23 21 18 22 17 26 29 31 30 27 32 25 28 34 37 38 40 35 39 36 33
 31 25 29 32 30 27 28 26 37 34 35 39 33 38 40 36 41 47 48 42 46 44 45 43 52 54 51 50 55 56 49 53  4  1  5  8  6  3  7  2 11 14 16 15 12  9 10 13 19 22 23 17 20 24 21 18
  7  1  5  8  6  3  4  2 13 10 11 15  9 14 16 12 17 23 24 18 22 20 21 19 28 30 27 26 31 32 25 29 36 33 37 40 38 35 39 34 43 46 48 47 44 41 42 45 51 54 55 49 52 56 53 50
 39 33 37 40 38 35 36 34 45 42 43 47 41 46 48 44 49 55 56 50 54 52 53 51  4  6  3  2  7  8  1  5 12  9 13 16 14 11 15 10 19 22 24 23 20 17 18 21 27 30 31 25 28 32 29 26
 47 41 45 48 46 43 44 42 53 50 51 55 49 54 56 52  1  7  8  2  6  4  5  3 12 14 11 10 15 16  9 13 20 17 21 24 22 19 23 18 27 30 32 31 28 25 26 29 35 38 39 33 36 40 37 34
 55 49 53 56 54 51 52 50  5  2  3  7  1  6  8  4  9 15 16 10 14 12 13 11 20 22 19 18 23 24 17 21 28 25 29 32 30 27 31 26 35 38 40 39 36 33 34 37 43 46 47 41 44 48 45 42
 23 17 21 24 22 19 20 18 29 26 27 31 25 30 32 28 33 39 40 34 38 36 37 35 44 46 43 42 47 48 41 45 52 49 53 56 54 51 55 50  3  6  8  7  4  1  2  5 11 14 15  9 12 16 13 10
 15  9 13 16 14 11 12 10 21 18 19 23 17 22 24 20 25 31 32 26 30 28 29 27 36 38 35 34 39 40 33 37 44 41 45 48 46 43 47 42 51 54 56 55 52 49 50 53  3  6  7  1  4  8  5  2
 24 18 22 17 23 20 21 19 30 27 28 32 26 31 25 29 34 40 33 35 39 37 38 36 45 47 44 43 48 41 42 46 53 50 54 49 55 52 56 51  4  7  1  8  5  2  3  6 12 15 16 10 13  9 14 11
 32 26 30 25 31 28 29 27 38 35 36 40 34 39 33 37 42 48 41 43 47 45 46 44 53 55 52 51 56 49 50 54  5  2  6  1  7  4  8  3 12 15  9 16 13 10 11 14 20 23 24 18 21 17 22 19
 16 10 14  9 15 12 13 11 22 19 20 24 18 23 17 21 26 32 25 27 31 29 30 28 37 39 36 35 40 33 34 38 45 42 46 41 47 44 48 43 52 55 49 56 53 50 51 54  4  7  8  2  5  1  6  3
 56 50 54 49 55 52 53 51  6  3  4  8  2  7  1  5 10 16  9 11 15 13 14 12 21 23 20 19 24 17 18 22 29 26 30 25 31 28 32 27 36 39 33 40 37 34 35 38 44 47 48 42 45 41 46 43
 40 34 38 33 39 36 37 35 46 43 44 48 42 47 41 45 50 56 49 51 55 53 54 52  5  7  4  3  8  1  2  6 13 10 14  9 15 12 16 11 20 23 17 24 21 18 19 22 28 31 32 26 29 25 30 27
  8  2  6  1  7  4  5  3 14 11 12 16 10 15  9 13 18 24 17 19 23 21 22 20 29 31 28 27 32 25 26 30 37 34 38 33 39 36 40 35 44 47 41 48 45 42 43 46 52 55 56 50 53 49 54 51
 48 42 46 41 47 44 45 43 54 51 52 56 50 55 49 53  2  8  1  3  7  5  6  4 13 15 12 11 16  9 10 14 21 18 22 17 23 20 24 19 28 31 25 32 29 26 27 30 36 39 40 34 37 33 38 35
 17 19 23 18 24 21 22 20 31 28 29 25 27 32 26 30 35 33 34 36 40 38 39 37 46 48 45 44 41 42 43 47 54 51 55 50 56 53 49 52  5  8  2  1  6  3  4  7 13 16  9 11 14 10 15 12
  1  3  7  2  8  5  6  4 15 12 13  9 11 16 10 14 19 17 18 20 24 22 23 21 30 32 29 28 25 26 27 31 38 35 39 34 40 37 33 36 45 48 42 41 46 43 44 47 53 56 49 51 54 50 55 52
 25 27 31 26 32 29 30 28 39 36 37 33 35 40 34 38 43 41 42 44 48 46 47 45 54 56 53 52 49 50 51 55  6  3  7  2  8  5  1  4 13 16 10  9 14 11 12 15 21 24 17 19 22 18 23 20
 33 35 39 34 40 37 38 36 47 44 45 41 43 48 42 46 51 49 50 52 56 54 55 53  6  8  5  4  1  2  3  7 14 11 15 10 16 13  9 12 21 24 18 17 22 19 20 23 29 32 25 27 30 26 31 28
 49 51 55 50 56 53 54 52  7  4  5  1  3  8  2  6 11  9 10 12 16 14 15 13 22 24 21 20 17 18 19 23 30 27 31 26 32 29 25 28 37 40 34 33 38 35 36 39 45 48 41 43 46 42 47 44
  9 11 15 10 16 13 14 12 23 20 21 17 19 24 18 22 27 25 26 28 32 30 31 29 38 40 37 36 33 34 35 39 46 43 47 42 48 45 41 44 53 56 50 49 54 51 52 55  5  8  1  3  6  2  7  4
 41 43 47 42 48 45 46 44 55 52 53 49 51 56 50 54  3  1  2  4  8  6  7  5 14 16 13 12  9 10 11 15 22 19 23 18 24 21 17 20 29 32 26 25 30 27 28 31 37 40 33 35 38 34 39 36
  2  4  8  3  1  6  7  5 16 13 14 10 12  9 11 15 20 18 19 21 17 23 24 22 31 25 30 29 26 27 28 32 39 36 40 35 33 38 34 37 46 41 43 42 47 44 45 48 54 49 50 52 55 51 56 53
 26 28 32 27 25 30 31 29 40 37 38 34 36 33 35 39 44 42 43 45 41 47 48 46 55 49 54 53 50 51 52 56  7  4  8  3  1  6  2  5 14  9 11 10 15 12 13 16 22 17 18 20 23 19 24 21
 18 20 24 19 17 22 23 21 32 29 30 26 28 25 27 31 36 34 35 37 33 39 40 38 47 41 46 45 42 43 44 48 55 52 56 51 49 54 50 53  6  1  3  2  7  4  5  8 14  9 10 12 15 11 16 13
 10 12 16 11  9 14 15 13 24 21 22 18 20 17 19 23 28 26 27 29 25 31 32 30 39 33 38 37 34 35 36 40 47 44 48 43 41 46 42 45 54 49 51 50 55 52 53 56  6  1  2  4  7  3  8  5
 34 36 40 35 33 38 39 37 48 45 46 42 44 41 43 47 52 50 51 53 49 55 56 54  7  1  6  5  2  3  4  8 15 12 16 11  9 14 10 13 22 17 19 18 23 20 21 24 30 25 26 28 31 27 32 29
 42 44 48 43 41 46 47 45 56 53 54 50 52 49 51 55  4  2  3  5  1  7  8  6 15  9 14 13 10 11 12 16 23 20 24 19 17 22 18 21 30 25 27 26 31 28 29 32 38 33 34 36 39 35 40 37
 50 52 56 51 49 54 55 53  8  5  6  2  4  1  3  7 12 10 11 13  9 15 16 14 23 17 22 21 18 19 20 24 31 28 32 27 25 30 26 29 38 33 35 34 39 36 37 40 46 41 42 44 47 43 48 45
 11 13  9 12 10 15 16 14 17 22 23 19 21 18 20 24 29 27 28 30 26 32 25 31 40 34 39 38 35 36 37 33 48 45 41 44 42 47 43 46 55 50 52 51 56 53 54 49  7  2  3  5  8  4  1  6
 43 45 41 44 42 47 48 46 49 54 55 51 53 50 52 56  5  3  4  6  2  8  1  7 16 10 15 14 11 12 13  9 24 21 17 20 18 23 19 22 31 26 28 27 32 29 30 25 39 34 35 37 40 36 33 38
 27 29 25 28 26 31 32 30 33 38 39 35 37 34 36 40 45 43 44 46 42 48 41 47 56 50 55 54 51 52 53 49  8  5  1  4  2  7  3  6 15 10 12 11 16 13 14  9 23 18 19 21 24 20 17 22
 19 21 17 20 18 23 24 22 25 30 31 27 29 26 28 32 37 35 36 38 34 40 33 39 48 42 47 46 43 44 45 41 56 53 49 52 50 55 51 54  7  2  4  3  8  5  6  1 15 10 11 13 16 12  9 14
 35 37 33 36 34 39 40 38 41 46 47 43 45 42 44 48 53 51 52 54 50 56 49 55  8  2  7  6  3  4  5  1 16 13  9 12 10 15 11 14 23 18 20 19 24 21 22 17 31 26 27 29 32 28 25 30
  3  5  1  4  2  7  8  6  9 14 15 11 13 10 12 16 21 19 20 22 18 24 17 23 32 26 31 30 27 28 29 25 40 37 33 36 34 39 35 38 47 42 44 43 48 45 46 41 55 50 51 53 56 52 49 54
 51 53 49 52 50 55 56 54  1  6  7  3  5  2  4  8 13 11 12 14 10 16  9 15 24 18 23 22 19 20 21 17 32 29 25 28 26 31 27 30 39 34 36 35 40 37 38 33 47 42 43 45 48 44 41 46
  4  6  2  5  3  8  1  7 10 15 16 12 14 11 13  9 22 20 21 23 19 17 18 24 25 27 32 31 28 29 30 26 33 38 34 37 35 40 36 39 48 43 45 44 41 46 47 42 56 51 52 54 49 53 50 55
 52 54 50 53 51 56 49 55  2  7  8  4  6  3  5  1 14 12 13 15 11  9 10 16 17 19 24 23 20 21 22 18 25 30 26 29 27 32 28 31 40 35 37 36 33 38 39 34 48 43 44 46 41 45 42 47
 12 14 10 13 11 16  9 15 18 23 24 20 22 19 21 17 30 28 29 31 27 25 26 32 33 35 40 39 36 37 38 34 41 46 42 45 43 48 44 47 56 51 53 52 49 54 55 50  8  3  4  6  1  5  2  7
 20 22 18 21 19 24 17 23 26 31 32 28 30 27 29 25 38 36 37 39 35 33 34 40 41 43 48 47 44 45 46 42 49 54 50 53 51 56 52 55  8  3  5  4  1  6  7  2 16 11 12 14  9 13 10 15
 44 46 42 45 43 48 41 47 50 55 56 52 54 51 53 49  6  4  5  7  3  1  2  8  9 11 16 15 12 13 14 10 17 22 18 21 19 24 20 23 32 27 29 28 25 30 31 26 40 35 36 38 33 37 34 39
 36 38 34 37 35 40 33 39 42 47 48 44 46 43 45 41 54 52 53 55 51 49 50 56  1  3  8  7  4  5  6  2  9 14 10 13 11 16 12 15 24 19 21 20 17 22 23 18 32 27 28 30 25 29 26 31
 28 30 26 29 27 32 25 31 34 39 40 36 38 35 37 33 46 44 45 47 43 41 42 48 49 51 56 55 52 53 54 50  1  6  2  5  3  8  4  7 16 11 13 12  9 14 15 10 24 19 20 22 17 21 18 23
