 21 18 23 22 20 19 24 17 28 30 27 26 31 32 25 29 36 35 34 33 40 39 37 38 47 44 48 45 42 43 41 46 54 52 50 55 49 53 51 56  3  8  4  7  2  1  5  6 13  9 14 12 16 15 11 10
 29 26 31 30 28 27 32 25 36 38 35 34 39 40 33 37 44 43 42 41 48 47 45 46 55 52 56 53 50 51 49 54  6  4  2  7  1  5  3  8 11 16 12 15 10  9 13 14 21 17 22 20 24 23 19 18
  5  2  7  6  4  3  8  1 12 14 11 10 15 16  9 13 20 19 18 17 24 23 21 22 31 28 32 29 26 27 25 30 38 36 34 39 33 37 35 40 43 48 44 47 42 41 45 46 53 49 54 52 56 55 51 50
 53 50 55 54 52 51 56 49  4  6  3  2  7  8  1  5 12 11 10  9 16 15 13 14 23 20 24 21 18 19 17 22 30 28 26 31 25 29 27 32 35 40 36 39 34 33 37 38 45 41 46 44 48 47 43 42
 45 42 47 46 44 43 48 41 52 54 51 50 55 56 49 53  4  3  2  1  8  7  5  6 15 12 16 13 10 11  9 14 22 20 18 23 17 21 19 24 27 32 28 31 26 25 29 30 37 33 38 36 40 39 35 34
 13 10 15 14 12 11 16  9 20 22 19 18 23 24 17 21 28 27 26 25 32 31 29 30 39 36 40 37 34 35 33 38 46 44 42 47 41 45 43 48 51 56 52 55 50 49 53 54  5  1  6  4  8  7  3  2
 37 34 39 38 36 35 40 33 44 46 43 42 47 48 41 45 52 51 50 49 56 55 53 54  7  4  8  5  2  3  1  6 14 12 10 15  9 13 11 16 19 24 20 23 18 17 21 22 29 25 30 28 32 31 27 26
  6  3  8  7  5  4  1  2 13 15 12 11 16  9 10 14 21 20 19 18 17 24 22 23 32 29 25 30 27 28 26 31 39 37 35 40 34 38 36 33 44 41 45 48 43 42 46 47 54 50 55 53 49 56 52 51
 38 35 40 39 37 36 33 34 45 47 44 43 48 41 42 46 53 52 51 50 49 56 54 55  8  5  1  6  3  4  2  7 15 13 11 16 10 14 12  9 20 17 21 24 19 18 22 23 30 26 31 29 25 32 28 27
 46 43 48 47 45 44 41 42 53 55 52 51 56 49 50 54  5  4  3  2  1  8  6  7 16 13  9 14 11 12 10 15 23 21 19 24 18 22 20 17 28 25 29 32 27 26 30 31 38 34 39 37 33 40 36 35
 14 11 16 15 13 12  9 10 21 23 20 19 24 17 18 22 29 28 27 26 25 32 30 31 40 37 33 38 35 36 34 39 47 45 43 48 42 46 44 41 52 49 53 56 51 50 54 55  6  2  7  5  1  8  4  3
 30 27 32 31 29 28 25 26 37 39 36 35 40 33 34 38 45 44 43 42 41 48 46 47 56 53 49 54 51 52 50 55  7  5  3  8  2  6  4  1 12  9 13 16 11 10 14 15 22 18 23 21 17 24 20 19
 54 51 56 55 53 52 49 50  5  7  4  3  8  1  2  6 13 12 11 10  9 16 14 15 24 21 17 22 19 20 18 23 31 29 27 32 26 30 28 25 36 33 37 40 35 34 38 39 46 42 47 45 41 48 44 43
 22 19 24 23 21 20 17 18 29 31 28 27 32 25 26 30 37 36 35 34 33 40 38 39 48 45 41 46 43 44 42 47 55 53 51 56 50 54 52 49  4  1  5  8  3  2  6  7 14 10 15 13  9 16 12 11
 15 12  9 16 14 13 10 11 22 24 21 20 17 18 19 23 30 29 28 27 26 25 31 32 33 38 34 39 36 37 35 40 48 46 44 41 43 47 45 42 53 50 54 49 52 51 55 56  7  3  8  6  2  1  5  4
 23 20 17 24 22 21 18 19 30 32 29 28 25 26 27 31 38 37 36 35 34 33 39 40 41 46 42 47 44 45 43 48 56 54 52 49 51 55 53 50  5  2  6  1  4  3  7  8 15 11 16 14 10  9 13 12
 31 28 25 32 30 29 26 27 38 40 37 36 33 34 35 39 46 45 44 43 42 41 47 48 49 54 50 55 52 53 51 56  8  6  4  1  3  7  5  2 13 10 14  9 12 11 15 16 23 19 24 22 18 17 21 20
  7  4  1  8  6  5  2  3 14 16 13 12  9 10 11 15 22 21 20 19 18 17 23 24 25 30 26 31 28 29 27 32 40 38 36 33 35 39 37 34 45 42 46 41 44 43 47 48 55 51 56 54 50 49 53 52
 55 52 49 56 54 53 50 51  6  8  5  4  1  2  3  7 14 13 12 11 10  9 15 16 17 22 18 23 20 21 19 24 32 30 28 25 27 31 29 26 37 34 38 33 36 35 39 40 47 43 48 46 42 41 45 44
 47 44 41 48 46 45 42 43 54 56 53 52 49 50 51 55  6  5  4  3  2  1  7  8  9 14 10 15 12 13 11 16 24 22 20 17 19 23 21 18 29 26 30 25 28 27 31 32 39 35 40 38 34 33 37 36
 39 36 33 40 38 37 34 35 46 48 45 44 41 42 43 47 54 53 52 51 50 49 55 56  1  6  2  7  4  5  3  8 16 14 12  9 11 15 13 10 21 18 22 17 20 19 23 24 31 27 32 30 26 25 29 28
 32 29 26 25 31 30 27 28 39 33 38 37 34 35 36 40 47 46 45 44 43 42 48 41 50 55 51 56 53 54 52 49  1  7  5  2  4  8  6  3 14 11 15 10 13 12 16  9 24 20 17 23 19 18 22 21
 48 45 42 41 47 46 43 44 55 49 54 53 50 51 52 56  7  6  5  4  3  2  8  1 10 15 11 16 13 14 12  9 17 23 21 18 20 24 22 19 30 27 31 26 29 28 32 25 40 36 33 39 35 34 38 37
  8  5  2  1  7  6  3  4 15  9 14 13 10 11 12 16 23 22 21 20 19 18 24 17 26 31 27 32 29 30 28 25 33 39 37 34 36 40 38 35 46 43 47 42 45 44 48 41 56 52 49 55 51 50 54 53
 40 37 34 33 39 38 35 36 47 41 46 45 42 43 44 48 55 54 53 52 51 50 56 49  2  7  3  8  5  6  4  1  9 15 13 10 12 16 14 11 22 19 23 18 21 20 24 17 32 28 25 31 27 26 30 29
 56 53 50 49 55 54 51 52  7  1  6  5  2  3  4  8 15 14 13 12 11 10 16  9 18 23 19 24 21 22 20 17 25 31 29 26 28 32 30 27 38 35 39 34 37 36 40 33 48 44 41 47 43 42 46 45
 24 21 18 17 23 22 19 20 31 25 30 29 26 27 28 32 39 38 37 36 35 34 40 33 42 47 43 48 45 46 44 41 49 55 53 50 52 56 54 51  6  3  7  2  5  4  8  1 16 12  9 15 11 10 14 13
 16 13 10  9 15 14 11 12 23 17 22 21 18 19 20 24 31 30 29 28 27 26 32 25 34 39 35 40 37 38 36 33 41 47 45 42 44 48 46 43 54 51 55 50 53 52 56 49  8  4  1  7  3  2  6  5
 17 22 19 18 24 23 20 21 32 26 31 30 27 28 29 25 40 39 38 37 36 35 33 34 43 48 44 41 46 47 45 42 50 56 54 51 53 49 55 52  7  4  8  3  6  5  1  2  9 13 10 16 12 11 15 14
 49 54 51 50 56 55 52 53  8  2  7  6  3  4  5  1 16 15 14 13 12 11  9 10 19 24 20 17 22 23 21 18 26 32 30 27 29 25 31 28 39 36 40 35 38 37 33 34 41 45 42 48 44 43 47 46
 41 46 43 42 48 47 44 45 56 50 55 54 51 52 53 49  8  7  6  5  4  3  1  2 11 16 12  9 14 15 13 10 18 24 22 19 21 17 23 20 31 28 32 27 30 29 25 26 33 37 34 40 36 35 39 38
  9 14 11 10 16 15 12 13 24 18 23 22 19 20 21 17 32 31 30 29 28 27 25 26 35 40 36 33 38 39 37 34 42 48 46 43 45 41 47 44 55 52 56 51 54 53 49 50  1  5  2  8  4  3  7  6
  1  6  3  2  8  7  4  5 16 10 15 14 11 12 13  9 24 23 22 21 20 19 17 18 27 32 28 25 30 31 29 26 34 40 38 35 37 33 39 36 47 44 48 43 46 45 41 42 49 53 50 56 52 51 55 54
 33 38 35 34 40 39 36 37 48 42 47 46 43 44 45 41 56 55 54 53 52 51 49 50  3  8  4  1  6  7  5  2 10 16 14 11 13  9 15 12 23 20 24 19 22 21 17 18 25 29 26 32 28 27 31 30
 25 30 27 26 32 31 28 29 40 34 39 38 35 36 37 33 48 47 46 45 44 43 41 42 51 56 52 49 54 55 53 50  2  8  6  3  5  1  7  4 15 12 16 11 14 13  9 10 17 21 18 24 20 19 23 22
 26 31 28 27 25 32 29 30 33 35 40 39 36 37 38 34 41 48 47 46 45 44 42 43 52 49 53 50 55 56 54 51  3  1  7  4  6  2  8  5 16 13  9 12 15 14 10 11 18 22 19 17 21 20 24 23
 50 55 52 51 49 56 53 54  1  3  8  7  4  5  6  2  9 16 15 14 13 12 10 11 20 17 21 18 23 24 22 19 27 25 31 28 30 26 32 29 40 37 33 36 39 38 34 35 42 46 43 41 45 44 48 47
 34 39 36 35 33 40 37 38 41 43 48 47 44 45 46 42 49 56 55 54 53 52 50 51  4  1  5  2  7  8  6  3 11  9 15 12 14 10 16 13 24 21 17 20 23 22 18 19 26 30 27 25 29 28 32 31
 18 23 20 19 17 24 21 22 25 27 32 31 28 29 30 26 33 40 39 38 37 36 34 35 44 41 45 42 47 48 46 43 51 49 55 52 54 50 56 53  8  5  1  4  7  6  2  3 10 14 11  9 13 12 16 15
  2  7  4  3  1  8  5  6  9 11 16 15 12 13 14 10 17 24 23 22 21 20 18 19 28 25 29 26 31 32 30 27 35 33 39 36 38 34 40 37 48 45 41 44 47 46 42 43 50 54 51 49 53 52 56 55
 10 15 12 11  9 16 13 14 17 19 24 23 20 21 22 18 25 32 31 30 29 28 26 27 36 33 37 34 39 40 38 35 43 41 47 44 46 42 48 45 56 53 49 52 55 54 50 51  2  6  3  1  5  4  8  7
 42 47 44 43 41 48 45 46 49 51 56 55 52 53 54 50  1  8  7  6  5  4  2  3 12  9 13 10 15 16 14 11 19 17 23 20 22 18 24 21 32 29 25 28 31 30 26 27 34 38 35 33 37 36 40 39
 43 48 45 44 42 41 46 47 50 52 49 56 53 54 55 51  2  1  8  7  6  5  3  4 13 10 14 11 16  9 15 12 20 18 24 21 23 19 17 22 25 30 26 29 32 31 27 28 35 39 36 34 38 37 33 40
 11 16 13 12 10  9 14 15 18 20 17 24 21 22 23 19 26 25 32 31 30 29 27 28 37 34 38 35 40 33 39 36 44 42 48 45 47 43 41 46 49 54 50 53 56 55 51 52  3  7  4  2  6  5  1  8
 51 56 53 52 50 49 54 55  2  4  1  8  5  6  7  3 10  9 16 15 14 13 11 12 21 18 22 19 24 17 23 20 28 26 32 29 31 27 25 30 33 38 34 37 40 39 35 36 43 47 44 42 46 45 41 48
 35 40 37 36 34 33 38 39 42 44 41 48 45 46 47 43 50 49 56 55 54 53 51 52  5  2  6  3  8  1  7  4 12 10 16 13 15 11  9 14 17 22 18 21 24 23 19 20 27 31 28 26 30 29 25 32
 27 32 29 28 26 25 30 31 34 36 33 40 37 38 39 35 42 41 48 47 46 45 43 44 53 50 54 51 56 49 55 52  4  2  8  5  7  3  1  6  9 14 10 13 16 15 11 12 19 23 20 18 22 21 17 24
 19 24 21 20 18 17 22 23 26 28 25 32 29 30 31 27 34 33 40 39 38 37 35 36 45 42 46 43 48 41 47 44 52 50 56 53 55 51 49 54  1  6  2  5  8  7  3  4 11 15 12 10 14 13  9 16
  3  8  5  4  2  1  6  7 10 12  9 16 13 14 15 11 18 17 24 23 22 21 19 20 29 26 30 27 32 25 31 28 36 34 40 37 39 35 33 38 41 46 42 45 48 47 43 44 51 55 52 50 54 53 49 56
 12  9 14 13 11 10 15 16 19 21 18 17 22 23 24 20 27 26 25 32 31 30 28 29 38 35 39 36 33 34 40 37 45 43 41 46 48 44 42 47 50 55 51 54 49 56 52 53  4  8  5  3  7  6  2  1
 20 17 22 21 19 18 23 24 27 29 26 25 30 31 32 28 35 34 33 40 39 38 36 37 46 43 47 44 41 42 48 45 53 51 49 54 56 52 50 55  2  7  3  6  1  8  4  5 12 16 13 11 15 14 10  9
 52 49 54 53 51 50 55 56  3  5  2  1  6  7  8  4 11 10  9 16 15 14 12 13 22 19 23 20 17 18 24 21 29 27 25 30 32 28 26 31 34 39 35 38 33 40 36 37 44 48 45 43 47 46 42 41
 28 25 30 29 27 26 31 32 35 37 34 33 38 39 40 36 43 42 41 48 47 46 44 45 54 51 55 52 49 50 56 53  5  3  1  6  8  4  2  7 10 15 11 14  9 16 12 13 20 24 21 19 23 22 18 17
  4  1  6  5  3  2  7  8 11 13 10  9 14 15 16 12 19 18 17 24 23 22 20 21 30 27 31 28 25 26 32 29 37 35 33 38 40 36 34 39 42 47 43 46 41 48 44 45 52 56 53 51 55 54 50 49
 44 41 46 45 43 42 47 48 51 53 50 49 54 55 56 52  3  2  1  8  7  6  4  5 14 11 15 12  9 10 16 13 21 19 17 22 24 20 18 23 26 31 27 30 25 32 28 29 36 40 37 35 39 38 34 33
 36 33 38 37 35 34 39 40 43 45 42 41 46 47 48 44 51 50 49 56 55 54 52 53  6  3  7  4  1  2  8  5 13 11  9 14 16 12 10 15 18 23 19 22 17 24 20 21 28 32 29 27 31 30 26 25
