 24 20 19 18 22 21 17 23 31 25 29 30 32 27 26 28 38 37 40 35 34 36 33 39 48 45 41 44 42 46 43 47 56 49 52 50 51 53 54 55  6  7  2  4  8  5  3  1 16 15 11 12  9 10 13 14
 48 44 43 42 46 45 41 47 55 49 53 54 56 51 50 52  6  5  8  3  2  4  1  7 16 13  9 12 10 14 11 15 24 17 20 18 19 21 22 23 30 31 26 28 32 29 27 25 40 39 35 36 33 34 37 38
 40 36 35 34 38 37 33 39 47 41 45 46 48 43 42 44 54 53 56 51 50 52 49 55  8  5  1  4  2  6  3  7 16  9 12 10 11 13 14 15 22 23 18 20 24 21 19 17 32 31 27 28 25 26 29 30
 16 12 11 10 14 13  9 15 23 17 21 22 24 19 18 20 30 29 32 27 26 28 25 31 40 37 33 36 34 38 35 39 48 41 44 42 43 45 46 47 54 55 50 52 56 53 51 49  8  7  3  4  1  2  5  6
 56 52 51 50 54 53 49 55  7  1  5  6  8  3  2  4 14 13 16 11 10 12  9 15 24 21 17 20 18 22 19 23 32 25 28 26 27 29 30 31 38 39 34 36 40 37 35 33 48 47 43 44 41 42 45 46
  8  4  3  2  6  5  1  7 15  9 13 14 16 11 10 12 22 21 24 19 18 20 17 23 32 29 25 28 26 30 27 31 40 33 36 34 35 37 38 39 46 47 42 44 48 45 43 41 56 55 51 52 49 50 53 54
 32 28 27 26 30 29 25 31 39 33 37 38 40 35 34 36 46 45 48 43 42 44 41 47 56 53 49 52 50 54 51 55  8  1  4  2  3  5  6  7 14 15 10 12 16 13 11  9 24 23 19 20 17 18 21 22
 41 45 44 43 47 46 42 48 56 50 54 55 49 52 51 53  7  6  1  4  3  5  2  8  9 14 10 13 11 15 12 16 17 18 21 19 20 22 23 24 31 32 27 29 25 30 28 26 33 40 36 37 34 35 38 39
  1  5  4  3  7  6  2  8 16 10 14 15  9 12 11 13 23 22 17 20 19 21 18 24 25 30 26 29 27 31 28 32 33 34 37 35 36 38 39 40 47 48 43 45 41 46 44 42 49 56 52 53 50 51 54 55
 25 29 28 27 31 30 26 32 40 34 38 39 33 36 35 37 47 46 41 44 43 45 42 48 49 54 50 53 51 55 52 56  1  2  5  3  4  6  7  8 15 16 11 13  9 14 12 10 17 24 20 21 18 19 22 23
 49 53 52 51 55 54 50 56  8  2  6  7  1  4  3  5 15 14  9 12 11 13 10 16 17 22 18 21 19 23 20 24 25 26 29 27 28 30 31 32 39 40 35 37 33 38 36 34 41 48 44 45 42 43 46 47
 17 21 20 19 23 22 18 24 32 26 30 31 25 28 27 29 39 38 33 36 35 37 34 40 41 46 42 45 43 47 44 48 49 50 53 51 52 54 55 56  7  8  3  5  1  6  4  2  9 16 12 13 10 11 14 15
 33 37 36 35 39 38 34 40 48 42 46 47 41 44 43 45 55 54 49 52 51 53 50 56  1  6  2  5  3  7  4  8  9 10 13 11 12 14 15 16 23 24 19 21 17 22 20 18 25 32 28 29 26 27 30 31
  9 13 12 11 15 14 10 16 24 18 22 23 17 20 19 21 31 30 25 28 27 29 26 32 33 38 34 37 35 39 36 40 41 42 45 43 44 46 47 48 55 56 51 53 49 54 52 50  1  8  4  5  2  3  6  7
 10 14 13 12 16 15 11  9 17 19 23 24 18 21 20 22 32 31 26 29 28 30 27 25 34 39 35 38 36 40 37 33 42 43 46 44 45 47 48 41 56 49 52 54 50 55 53 51  2  1  5  6  3  4  7  8
 42 46 45 44 48 47 43 41 49 51 55 56 50 53 52 54  8  7  2  5  4  6  3  1 10 15 11 14 12 16 13  9 18 19 22 20 21 23 24 17 32 25 28 30 26 31 29 27 34 33 37 38 35 36 39 40
  2  6  5  4  8  7  3  1  9 11 15 16 10 13 12 14 24 23 18 21 20 22 19 17 26 31 27 30 28 32 29 25 34 35 38 36 37 39 40 33 48 41 44 46 42 47 45 43 50 49 53 54 51 52 55 56
 26 30 29 28 32 31 27 25 33 35 39 40 34 37 36 38 48 47 42 45 44 46 43 41 50 55 51 54 52 56 53 49  2  3  6  4  5  7  8  1 16  9 12 14 10 15 13 11 18 17 21 22 19 20 23 24
 18 22 21 20 24 23 19 17 25 27 31 32 26 29 28 30 40 39 34 37 36 38 35 33 42 47 43 46 44 48 45 41 50 51 54 52 53 55 56 49  8  1  4  6  2  7  5  3 10  9 13 14 11 12 15 16
 34 38 37 36 40 39 35 33 41 43 47 48 42 45 44 46 56 55 50 53 52 54 51 49  2  7  3  6  4  8  5  1 10 11 14 12 13 15 16  9 24 17 20 22 18 23 21 19 26 25 29 30 27 28 31 32
 50 54 53 52 56 55 51 49  1  3  7  8  2  5  4  6 16 15 10 13 12 14 11  9 18 23 19 22 20 24 21 17 26 27 30 28 29 31 32 25 40 33 36 38 34 39 37 35 42 41 45 46 43 44 47 48
 35 39 38 37 33 40 36 34 42 44 48 41 43 46 45 47 49 56 51 54 53 55 52 50  3  8  4  7  5  1  6  2 11 12 15 13 14 16  9 10 17 18 21 23 19 24 22 20 27 26 30 31 28 29 32 25
 51 55 54 53 49 56 52 50  2  4  8  1  3  6  5  7  9 16 11 14 13 15 12 10 19 24 20 23 21 17 22 18 27 28 31 29 30 32 25 26 33 34 37 39 35 40 38 36 43 42 46 47 44 45 48 41
 27 31 30 29 25 32 28 26 34 36 40 33 35 38 37 39 41 48 43 46 45 47 44 42 51 56 52 55 53 49 54 50  3  4  7  5  6  8  1  2  9 10 13 15 11 16 14 12 19 18 22 23 20 21 24 17
  3  7  6  5  1  8  4  2 10 12 16  9 11 14 13 15 17 24 19 22 21 23 20 18 27 32 28 31 29 25 30 26 35 36 39 37 38 40 33 34 41 42 45 47 43 48 46 44 51 50 54 55 52 53 56 49
 43 47 46 45 41 48 44 42 50 52 56 49 51 54 53 55  1  8  3  6  5  7  4  2 11 16 12 15 13  9 14 10 19 20 23 21 22 24 17 18 25 26 29 31 27 32 30 28 35 34 38 39 36 37 40 33
 19 23 22 21 17 24 20 18 26 28 32 25 27 30 29 31 33 40 35 38 37 39 36 34 43 48 44 47 45 41 46 42 51 52 55 53 54 56 49 50  1  2  5  7  3  8  6  4 11 10 14 15 12 13 16  9
 11 15 14 13  9 16 12 10 18 20 24 17 19 22 21 23 25 32 27 30 29 31 28 26 35 40 36 39 37 33 38 34 43 44 47 45 46 48 41 42 49 50 53 55 51 56 54 52  3  2  6  7  4  5  8  1
 28 32 31 30 26 25 29 27 35 37 33 34 36 39 38 40 42 41 44 47 46 48 45 43 52 49 53 56 54 50 55 51  4  5  8  6  7  1  2  3 10 11 14 16 12  9 15 13 20 19 23 24 21 22 17 18
 12 16 15 14 10  9 13 11 19 21 17 18 20 23 22 24 26 25 28 31 30 32 29 27 36 33 37 40 38 34 39 35 44 45 48 46 47 41 42 43 50 51 54 56 52 49 55 53  4  3  7  8  5  6  1  2
  4  8  7  6  2  1  5  3 11 13  9 10 12 15 14 16 18 17 20 23 22 24 21 19 28 25 29 32 30 26 31 27 36 37 40 38 39 33 34 35 42 43 46 48 44 41 47 45 52 51 55 56 53 54 49 50
 52 56 55 54 50 49 53 51  3  5  1  2  4  7  6  8 10  9 12 15 14 16 13 11 20 17 21 24 22 18 23 19 28 29 32 30 31 25 26 27 34 35 38 40 36 33 39 37 44 43 47 48 45 46 41 42
 36 40 39 38 34 33 37 35 43 45 41 42 44 47 46 48 50 49 52 55 54 56 53 51  4  1  5  8  6  2  7  3 12 13 16 14 15  9 10 11 18 19 22 24 20 17 23 21 28 27 31 32 29 30 25 26
 20 24 23 22 18 17 21 19 27 29 25 26 28 31 30 32 34 33 36 39 38 40 37 35 44 41 45 48 46 42 47 43 52 53 56 54 55 49 50 51  2  3  6  8  4  1  7  5 12 11 15 16 13 14  9 10
 44 48 47 46 42 41 45 43 51 53 49 50 52 55 54 56  2  1  4  7  6  8  5  3 12  9 13 16 14 10 15 11 20 21 24 22 23 17 18 19 26 27 30 32 28 25 31 29 36 35 39 40 37 38 33 34
 13  9 16 15 11 10 14 12 20 22 18 19 21 24 23 17 27 26 29 32 31 25 30 28 37 34 38 33 39 35 40 36 45 46 41 47 48 42 43 44 51 52 55 49 53 50 56 54  5  4  8  1  6  7  2  3
 53 49 56 55 51 50 54 52  4  6  2  3  5  8  7  1 11 10 13 16 15  9 14 12 21 18 22 17 23 19 24 20 29 30 25 31 32 26 27 28 35 36 39 33 37 34 40 38 45 44 48 41 46 47 42 43
  5  1  8  7  3  2  6  4 12 14 10 11 13 16 15  9 19 18 21 24 23 17 22 20 29 26 30 25 31 27 32 28 37 38 33 39 40 34 35 36 43 44 47 41 45 42 48 46 53 52 56 49 54 55 50 51
 45 41 48 47 43 42 46 44 52 54 50 51 53 56 55 49  3  2  5  8  7  1  6  4 13 10 14  9 15 11 16 12 21 22 17 23 24 18 19 20 27 28 31 25 29 26 32 30 37 36 40 33 38 39 34 35
 21 17 24 23 19 18 22 20 28 30 26 27 29 32 31 25 35 34 37 40 39 33 38 36 45 42 46 41 47 43 48 44 53 54 49 55 56 50 51 52  3  4  7  1  5  2  8  6 13 12 16  9 14 15 10 11
 37 33 40 39 35 34 38 36 44 46 42 43 45 48 47 41 51 50 53 56 55 49 54 52  5  2  6  1  7  3  8  4 13 14  9 15 16 10 11 12 19 20 23 17 21 18 24 22 29 28 32 25 30 31 26 27
 29 25 32 31 27 26 30 28 36 38 34 35 37 40 39 33 43 42 45 48 47 41 46 44 53 50 54 49 55 51 56 52  5  6  1  7  8  2  3  4 11 12 15  9 13 10 16 14 21 20 24 17 22 23 18 19
 54 50 49 56 52 51 55 53  5  7  3  4  6  1  8  2 12 11 14  9 16 10 15 13 22 19 23 18 24 20 17 21 30 31 26 32 25 27 28 29 36 37 40 34 38 35 33 39 46 45 41 42 47 48 43 44
 22 18 17 24 20 19 23 21 29 31 27 28 30 25 32 26 36 35 38 33 40 34 39 37 46 43 47 42 48 44 41 45 54 55 50 56 49 51 52 53  4  5  8  2  6  3  1  7 14 13  9 10 15 16 11 12
 30 26 25 32 28 27 31 29 37 39 35 36 38 33 40 34 44 43 46 41 48 42 47 45 54 51 55 50 56 52 49 53  6  7  2  8  1  3  4  5 12 13 16 10 14 11  9 15 22 21 17 18 23 24 19 20
 14 10  9 16 12 11 15 13 21 23 19 20 22 17 24 18 28 27 30 25 32 26 31 29 38 35 39 34 40 36 33 37 46 47 42 48 41 43 44 45 52 53 56 50 54 51 49 55  6  5  1  2  7  8  3  4
 38 34 33 40 36 35 39 37 45 47 43 44 46 41 48 42 52 51 54 49 56 50 55 53  6  3  7  2  8  4  1  5 14 15 10 16  9 11 12 13 20 21 24 18 22 19 17 23 30 29 25 26 31 32 27 28
  6  2  1  8  4  3  7  5 13 15 11 12 14  9 16 10 20 19 22 17 24 18 23 21 30 27 31 26 32 28 25 29 38 39 34 40 33 35 36 37 44 45 48 42 46 43 41 47 54 53 49 50 55 56 51 52
 46 42 41 48 44 43 47 45 53 55 51 52 54 49 56 50  4  3  6  1  8  2  7  5 14 11 15 10 16 12  9 13 22 23 18 24 17 19 20 21 28 29 32 26 30 27 25 31 38 37 33 34 39 40 35 36
 31 27 26 25 29 28 32 30 38 40 36 37 39 34 33 35 45 44 47 42 41 43 48 46 55 52 56 51 49 53 50 54  7  8  3  1  2  4  5  6 13 14  9 11 15 12 10 16 23 22 18 19 24 17 20 21
  7  3  2  1  5  4  8  6 14 16 12 13 15 10  9 11 21 20 23 18 17 19 24 22 31 28 32 27 25 29 26 30 39 40 35 33 34 36 37 38 45 46 41 43 47 44 42 48 55 54 50 51 56 49 52 53
 55 51 50 49 53 52 56 54  6  8  4  5  7  2  1  3 13 12 15 10  9 11 16 14 23 20 24 19 17 21 18 22 31 32 27 25 26 28 29 30 37 38 33 35 39 36 34 40 47 46 42 43 48 41 44 45
 23 19 18 17 21 20 24 22 30 32 28 29 31 26 25 27 37 36 39 34 33 35 40 38 47 44 48 43 41 45 42 46 55 56 51 49 50 52 53 54  5  6  1  3  7  4  2  8 15 14 10 11 16  9 12 13
 47 43 42 41 45 44 48 46 54 56 52 53 55 50 49 51  5  4  7  2  1  3  8  6 15 12 16 11  9 13 10 14 23 24 19 17 18 20 21 22 29 30 25 27 31 28 26 32 39 38 34 35 40 33 36 37
 15 11 10  9 13 12 16 14 22 24 20 21 23 18 17 19 29 28 31 26 25 27 32 30 39 36 40 35 33 37 34 38 47 48 43 41 42 44 45 46 53 54 49 51 55 52 50 56  7  6  2  3  8  1  4  5
 39 35 34 33 37 36 40 38 46 48 44 45 47 42 41 43 53 52 55 50 49 51 56 54  7  4  8  3  1  5  2  6 15 16 11  9 10 12 13 14 21 22 17 19 23 20 18 24 31 30 26 27 32 25 28 29
