 11 16 10 14  9 15 13 12 17 23 24 18 22 19 20 21 32 29 27 25 31 26 28 30 37 36 33 34 39 40 38 35 42 44 46 48 43 45 41 47 50 55 54 49 52 56 53 51  8  6  1  7  4  3  2  5
 35 40 34 38 33 39 37 36 41 47 48 42 46 43 44 45 56 53 51 49 55 50 52 54  5  4  1  2  7  8  6  3 10 12 14 16 11 13  9 15 18 23 22 17 20 24 21 19 32 30 25 31 28 27 26 29
 27 32 26 30 25 31 29 28 33 39 40 34 38 35 36 37 48 45 43 41 47 42 44 46 53 52 49 50 55 56 54 51  2  4  6  8  3  5  1  7 10 15 14  9 12 16 13 11 24 22 17 23 20 19 18 21
 43 48 42 46 41 47 45 44 49 55 56 50 54 51 52 53  8  5  3  1  7  2  4  6 13 12  9 10 15 16 14 11 18 20 22 24 19 21 17 23 26 31 30 25 28 32 29 27 40 38 33 39 36 35 34 37
  3  8  2  6  1  7  5  4  9 15 16 10 14 11 12 13 24 21 19 17 23 18 20 22 29 28 25 26 31 32 30 27 34 36 38 40 35 37 33 39 42 47 46 41 44 48 45 43 56 54 49 55 52 51 50 53
 51 56 50 54 49 55 53 52  1  7  8  2  6  3  4  5 16 13 11  9 15 10 12 14 21 20 17 18 23 24 22 19 26 28 30 32 27 29 25 31 34 39 38 33 36 40 37 35 48 46 41 47 44 43 42 45
 19 24 18 22 17 23 21 20 25 31 32 26 30 27 28 29 40 37 35 33 39 34 36 38 45 44 41 42 47 48 46 43 50 52 54 56 51 53 49 55  2  7  6  1  4  8  5  3 16 14  9 15 12 11 10 13
 36 33 35 39 34 40 38 37 42 48 41 43 47 44 45 46 49 54 52 50 56 51 53 55  6  5  2  3  8  1  7  4 11 13 15  9 12 14 10 16 19 24 23 18 21 17 22 20 25 31 26 32 29 28 27 30
  4  1  3  7  2  8  6  5 10 16  9 11 15 12 13 14 17 22 20 18 24 19 21 23 30 29 26 27 32 25 31 28 35 37 39 33 36 38 34 40 43 48 47 42 45 41 46 44 49 55 50 56 53 52 51 54
 44 41 43 47 42 48 46 45 50 56 49 51 55 52 53 54  1  6  4  2  8  3  5  7 14 13 10 11 16  9 15 12 19 21 23 17 20 22 18 24 27 32 31 26 29 25 30 28 33 39 34 40 37 36 35 38
 52 49 51 55 50 56 54 53  2  8  1  3  7  4  5  6  9 14 12 10 16 11 13 15 22 21 18 19 24 17 23 20 27 29 31 25 28 30 26 32 35 40 39 34 37 33 38 36 41 47 42 48 45 44 43 46
 28 25 27 31 26 32 30 29 34 40 33 35 39 36 37 38 41 46 44 42 48 43 45 47 54 53 50 51 56 49 55 52  3  5  7  1  4  6  2  8 11 16 15 10 13  9 14 12 17 23 18 24 21 20 19 22
 20 17 19 23 18 24 22 21 26 32 25 27 31 28 29 30 33 38 36 34 40 35 37 39 46 45 42 43 48 41 47 44 51 53 55 49 52 54 50 56  3  8  7  2  5  1  6  4  9 15 10 16 13 12 11 14
 12  9 11 15 10 16 14 13 18 24 17 19 23 20 21 22 25 30 28 26 32 27 29 31 38 37 34 35 40 33 39 36 43 45 47 41 44 46 42 48 51 56 55 50 53 49 54 52  1  7  2  8  5  4  3  6
 13 10 12 16 11  9 15 14 19 17 18 20 24 21 22 23 26 31 29 27 25 28 30 32 39 38 35 36 33 34 40 37 44 46 48 42 45 47 43 41 52 49 56 51 54 50 55 53  2  8  3  1  6  5  4  7
 45 42 44 48 43 41 47 46 51 49 50 52 56 53 54 55  2  7  5  3  1  4  6  8 15 14 11 12  9 10 16 13 20 22 24 18 21 23 19 17 28 25 32 27 30 26 31 29 34 40 35 33 38 37 36 39
 21 18 20 24 19 17 23 22 27 25 26 28 32 29 30 31 34 39 37 35 33 36 38 40 47 46 43 44 41 42 48 45 52 54 56 50 53 55 51 49  4  1  8  3  6  2  7  5 10 16 11  9 14 13 12 15
 53 50 52 56 51 49 55 54  3  1  2  4  8  5  6  7 10 15 13 11  9 12 14 16 23 22 19 20 17 18 24 21 28 30 32 26 29 31 27 25 36 33 40 35 38 34 39 37 42 48 43 41 46 45 44 47
  5  2  4  8  3  1  7  6 11  9 10 12 16 13 14 15 18 23 21 19 17 20 22 24 31 30 27 28 25 26 32 29 36 38 40 34 37 39 35 33 44 41 48 43 46 42 47 45 50 56 51 49 54 53 52 55
 29 26 28 32 27 25 31 30 35 33 34 36 40 37 38 39 42 47 45 43 41 44 46 48 55 54 51 52 49 50 56 53  4  6  8  2  5  7  3  1 12  9 16 11 14 10 15 13 18 24 19 17 22 21 20 23
 37 34 36 40 35 33 39 38 43 41 42 44 48 45 46 47 50 55 53 51 49 52 54 56  7  6  3  4  1  2  8  5 12 14 16 10 13 15 11  9 20 17 24 19 22 18 23 21 26 32 27 25 30 29 28 31
 14 11 13  9 12 10 16 15 20 18 19 21 17 22 23 24 27 32 30 28 26 29 31 25 40 39 36 37 34 35 33 38 45 47 41 43 46 48 44 42 53 50 49 52 55 51 56 54  3  1  4  2  7  6  5  8
 38 35 37 33 36 34 40 39 44 42 43 45 41 46 47 48 51 56 54 52 50 53 55 49  8  7  4  5  2  3  1  6 13 15  9 11 14 16 12 10 21 18 17 20 23 19 24 22 27 25 28 26 31 30 29 32
  6  3  5  1  4  2  8  7 12 10 11 13  9 14 15 16 19 24 22 20 18 21 23 17 32 31 28 29 26 27 25 30 37 39 33 35 38 40 36 34 45 42 41 44 47 43 48 46 51 49 52 50 55 54 53 56
 54 51 53 49 52 50 56 55  4  2  3  5  1  6  7  8 11 16 14 12 10 13 15  9 24 23 20 21 18 19 17 22 29 31 25 27 30 32 28 26 37 34 33 36 39 35 40 38 43 41 44 42 47 46 45 48
 22 19 21 17 20 18 24 23 28 26 27 29 25 30 31 32 35 40 38 36 34 37 39 33 48 47 44 45 42 43 41 46 53 55 49 51 54 56 52 50  5  2  1  4  7  3  8  6 11  9 12 10 15 14 13 16
 30 27 29 25 28 26 32 31 36 34 35 37 33 38 39 40 43 48 46 44 42 45 47 41 56 55 52 53 50 51 49 54  5  7  1  3  6  8  4  2 13 10  9 12 15 11 16 14 19 17 20 18 23 22 21 24
 46 43 45 41 44 42 48 47 52 50 51 53 49 54 55 56  3  8  6  4  2  5  7  1 16 15 12 13 10 11  9 14 21 23 17 19 22 24 20 18 29 26 25 28 31 27 32 30 35 33 36 34 39 38 37 40
  7  4  6  2  5  3  1  8 13 11 12 14 10 15 16  9 20 17 23 21 19 22 24 18 25 32 29 30 27 28 26 31 38 40 34 36 39 33 37 35 46 43 42 45 48 44 41 47 52 50 53 51 56 55 54 49
 47 44 46 42 45 43 41 48 53 51 52 54 50 55 56 49  4  1  7  5  3  6  8  2  9 16 13 14 11 12 10 15 22 24 18 20 23 17 21 19 30 27 26 29 32 28 25 31 36 34 37 35 40 39 38 33
 23 20 22 18 21 19 17 24 29 27 28 30 26 31 32 25 36 33 39 37 35 38 40 34 41 48 45 46 43 44 42 47 54 56 50 52 55 49 53 51  6  3  2  5  8  4  1  7 12 10 13 11 16 15 14  9
 55 52 54 50 53 51 49 56  5  3  4  6  2  7  8  1 12  9 15 13 11 14 16 10 17 24 21 22 19 20 18 23 30 32 26 28 31 25 29 27 38 35 34 37 40 36 33 39 44 42 45 43 48 47 46 41
 15 12 14 10 13 11  9 16 21 19 20 22 18 23 24 17 28 25 31 29 27 30 32 26 33 40 37 38 35 36 34 39 46 48 42 44 47 41 45 43 54 51 50 53 56 52 49 55  4  2  5  3  8  7  6  1
 31 28 30 26 29 27 25 32 37 35 36 38 34 39 40 33 44 41 47 45 43 46 48 42 49 56 53 54 51 52 50 55  6  8  2  4  7  1  5  3 14 11 10 13 16 12  9 15 20 18 21 19 24 23 22 17
 39 36 38 34 37 35 33 40 45 43 44 46 42 47 48 41 52 49 55 53 51 54 56 50  1  8  5  6  3  4  2  7 14 16 10 12 15  9 13 11 22 19 18 21 24 20 17 23 28 26 29 27 32 31 30 25
  8  5  7  3  6  4  2  1 14 12 13 15 11 16  9 10 21 18 24 22 20 23 17 19 26 25 30 31 28 29 27 32 39 33 35 37 40 34 38 36 47 44 43 46 41 45 42 48 53 51 54 52 49 56 55 50
 24 21 23 19 22 20 18 17 30 28 29 31 27 32 25 26 37 34 40 38 36 39 33 35 42 41 46 47 44 45 43 48 55 49 51 53 56 50 54 52  7  4  3  6  1  5  2  8 13 11 14 12  9 16 15 10
 32 29 31 27 30 28 26 25 38 36 37 39 35 40 33 34 45 42 48 46 44 47 41 43 50 49 54 55 52 53 51 56  7  1  3  5  8  2  6  4 15 12 11 14  9 13 10 16 21 19 22 20 17 24 23 18
 40 37 39 35 38 36 34 33 46 44 45 47 43 48 41 42 53 50 56 54 52 55 49 51  2  1  6  7  4  5  3  8 15  9 11 13 16 10 14 12 23 20 19 22 17 21 18 24 29 27 30 28 25 32 31 26
 56 53 55 51 54 52 50 49  6  4  5  7  3  8  1  2 13 10 16 14 12 15  9 11 18 17 22 23 20 21 19 24 31 25 27 29 32 26 30 28 39 36 35 38 33 37 34 40 45 43 46 44 41 48 47 42
 48 45 47 43 46 44 42 41 54 52 53 55 51 56 49 50  5  2  8  6  4  7  1  3 10  9 14 15 12 13 11 16 23 17 19 21 24 18 22 20 31 28 27 30 25 29 26 32 37 35 38 36 33 40 39 34
 16 13 15 11 14 12 10  9 22 20 21 23 19 24 17 18 29 26 32 30 28 31 25 27 34 33 38 39 36 37 35 40 47 41 43 45 48 42 46 44 55 52 51 54 49 53 50 56  5  3  6  4  1  8  7  2
 41 46 48 44 47 45 43 42 55 53 54 56 52 49 50 51  6  3  1  7  5  8  2  4 11 10 15 16 13 14 12  9 24 18 20 22 17 19 23 21 32 29 28 31 26 30 27 25 38 36 39 37 34 33 40 35
 33 38 40 36 39 37 35 34 47 45 46 48 44 41 42 43 54 51 49 55 53 56 50 52  3  2  7  8  5  6  4  1 16 10 12 14  9 11 15 13 24 21 20 23 18 22 19 17 30 28 31 29 26 25 32 27
 25 30 32 28 31 29 27 26 39 37 38 40 36 33 34 35 46 43 41 47 45 48 42 44 51 50 55 56 53 54 52 49  8  2  4  6  1  3  7  5 16 13 12 15 10 14 11  9 22 20 23 21 18 17 24 19
  9 14 16 12 15 13 11 10 23 21 22 24 20 17 18 19 30 27 25 31 29 32 26 28 35 34 39 40 37 38 36 33 48 42 44 46 41 43 47 45 56 53 52 55 50 54 51 49  6  4  7  5  2  1  8  3
 17 22 24 20 23 21 19 18 31 29 30 32 28 25 26 27 38 35 33 39 37 40 34 36 43 42 47 48 45 46 44 41 56 50 52 54 49 51 55 53  8  5  4  7  2  6  3  1 14 12 15 13 10  9 16 11
 49 54 56 52 55 53 51 50  7  5  6  8  4  1  2  3 14 11  9 15 13 16 10 12 19 18 23 24 21 22 20 17 32 26 28 30 25 27 31 29 40 37 36 39 34 38 35 33 46 44 47 45 42 41 48 43
  1  6  8  4  7  5  3  2 15 13 14 16 12  9 10 11 22 19 17 23 21 24 18 20 27 26 31 32 29 30 28 25 40 34 36 38 33 35 39 37 48 45 44 47 42 46 43 41 54 52 55 53 50 49 56 51
 42 47 41 45 48 46 44 43 56 54 55 49 53 50 51 52  7  4  2  8  6  1  3  5 12 11 16  9 14 15 13 10 17 19 21 23 18 20 24 22 25 30 29 32 27 31 28 26 39 37 40 38 35 34 33 36
  2  7  1  5  8  6  4  3 16 14 15  9 13 10 11 12 23 20 18 24 22 17 19 21 28 27 32 25 30 31 29 26 33 35 37 39 34 36 40 38 41 46 45 48 43 47 44 42 55 53 56 54 51 50 49 52
 18 23 17 21 24 22 20 19 32 30 31 25 29 26 27 28 39 36 34 40 38 33 35 37 44 43 48 41 46 47 45 42 49 51 53 55 50 52 56 54  1  6  5  8  3  7  4  2 15 13 16 14 11 10  9 12
 50 55 49 53 56 54 52 51  8  6  7  1  5  2  3  4 15 12 10 16 14  9 11 13 20 19 24 17 22 23 21 18 25 27 29 31 26 28 32 30 33 38 37 40 35 39 36 34 47 45 48 46 43 42 41 44
 34 39 33 37 40 38 36 35 48 46 47 41 45 42 43 44 55 52 50 56 54 49 51 53  4  3  8  1  6  7  5  2  9 11 13 15 10 12 16 14 17 22 21 24 19 23 20 18 31 29 32 30 27 26 25 28
 26 31 25 29 32 30 28 27 40 38 39 33 37 34 35 36 47 44 42 48 46 41 43 45 52 51 56 49 54 55 53 50  1  3  5  7  2  4  8  6  9 14 13 16 11 15 12 10 23 21 24 22 19 18 17 20
 10 15  9 13 16 14 12 11 24 22 23 17 21 18 19 20 31 28 26 32 30 25 27 29 36 35 40 33 38 39 37 34 41 43 45 47 42 44 48 46 49 54 53 56 51 55 52 50  7  5  8  6  3  2  1  4
