 34 38 35 33 37 36 39 40 42 47 44 45 41 43 46 48 56 53 49 50 51 52 55 54  6  8  1  7  3  5  4  2 11 13 10 15 14  9 16 12 20 18 17 19 22 21 24 23 31 32 28 25 29 30 26 27
 18 22 19 17 21 20 23 24 26 31 28 29 25 27 30 32 40 37 33 34 35 36 39 38 46 48 41 47 43 45 44 42 51 53 50 55 54 49 56 52  4  2  1  3  6  5  8  7 15 16 12  9 13 14 10 11
 50 54 51 49 53 52 55 56  2  7  4  5  1  3  6  8 16 13  9 10 11 12 15 14 22 24 17 23 19 21 20 18 27 29 26 31 30 25 32 28 36 34 33 35 38 37 40 39 47 48 44 41 45 46 42 43
  2  6  3  1  5  4  7  8 10 15 12 13  9 11 14 16 24 21 17 18 19 20 23 22 30 32 25 31 27 29 28 26 35 37 34 39 38 33 40 36 44 42 41 43 46 45 48 47 55 56 52 49 53 54 50 51
 10 14 11  9 13 12 15 16 18 23 20 21 17 19 22 24 32 29 25 26 27 28 31 30 38 40 33 39 35 37 36 34 43 45 42 47 46 41 48 44 52 50 49 51 54 53 56 55  7  8  4  1  5  6  2  3
 26 30 27 25 29 28 31 32 34 39 36 37 33 35 38 40 48 45 41 42 43 44 47 46 54 56 49 55 51 53 52 50  3  5  2  7  6  1  8  4 12 10  9 11 14 13 16 15 23 24 20 17 21 22 18 19
 42 46 43 41 45 44 47 48 50 55 52 53 49 51 54 56  8  5  1  2  3  4  7  6 14 16  9 15 11 13 12 10 19 21 18 23 22 17 24 20 28 26 25 27 30 29 32 31 39 40 36 33 37 38 34 35
 35 39 36 34 38 37 40 33 43 48 45 46 42 44 47 41 49 54 50 51 52 53 56 55  7  1  2  8  4  6  5  3 12 14 11 16 15 10  9 13 21 19 18 20 23 22 17 24 32 25 29 26 30 31 27 28
 27 31 28 26 30 29 32 25 35 40 37 38 34 36 39 33 41 46 42 43 44 45 48 47 55 49 50 56 52 54 53 51  4  6  3  8  7  2  1  5 13 11 10 12 15 14  9 16 24 17 21 18 22 23 19 20
 51 55 52 50 54 53 56 49  3  8  5  6  2  4  7  1  9 14 10 11 12 13 16 15 23 17 18 24 20 22 21 19 28 30 27 32 31 26 25 29 37 35 34 36 39 38 33 40 48 41 45 42 46 47 43 44
 11 15 12 10 14 13 16  9 19 24 21 22 18 20 23 17 25 30 26 27 28 29 32 31 39 33 34 40 36 38 37 35 44 46 43 48 47 42 41 45 53 51 50 52 55 54 49 56  8  1  5  2  6  7  3  4
 43 47 44 42 46 45 48 41 51 56 53 54 50 52 55 49  1  6  2  3  4  5  8  7 15  9 10 16 12 14 13 11 20 22 19 24 23 18 17 21 29 27 26 28 31 30 25 32 40 33 37 34 38 39 35 36
 19 23 20 18 22 21 24 17 27 32 29 30 26 28 31 25 33 38 34 35 36 37 40 39 47 41 42 48 44 46 45 43 52 54 51 56 55 50 49 53  5  3  2  4  7  6  1  8 16  9 13 10 14 15 11 12
  3  7  4  2  6  5  8  1 11 16 13 14 10 12 15  9 17 22 18 19 20 21 24 23 31 25 26 32 28 30 29 27 36 38 35 40 39 34 33 37 45 43 42 44 47 46 41 48 56 49 53 50 54 55 51 52
 20 24 21 19 23 22 17 18 28 25 30 31 27 29 32 26 34 39 35 36 37 38 33 40 48 42 43 41 45 47 46 44 53 55 52 49 56 51 50 54  6  4  3  5  8  7  2  1  9 10 14 11 15 16 12 13
 36 40 37 35 39 38 33 34 44 41 46 47 43 45 48 42 50 55 51 52 53 54 49 56  8  2  3  1  5  7  6  4 13 15 12  9 16 11 10 14 22 20 19 21 24 23 18 17 25 26 30 27 31 32 28 29
 28 32 29 27 31 30 25 26 36 33 38 39 35 37 40 34 42 47 43 44 45 46 41 48 56 50 51 49 53 55 54 52  5  7  4  1  8  3  2  6 14 12 11 13 16 15 10  9 17 18 22 19 23 24 20 21
 52 56 53 51 55 54 49 50  4  1  6  7  3  5  8  2 10 15 11 12 13 14  9 16 24 18 19 17 21 23 22 20 29 31 28 25 32 27 26 30 38 36 35 37 40 39 34 33 41 42 46 43 47 48 44 45
 12 16 13 11 15 14  9 10 20 17 22 23 19 21 24 18 26 31 27 28 29 30 25 32 40 34 35 33 37 39 38 36 45 47 44 41 48 43 42 46 54 52 51 53 56 55 50 49  1  2  6  3  7  8  4  5
 44 48 45 43 47 46 41 42 52 49 54 55 51 53 56 50  2  7  3  4  5  6  1  8 16 10 11  9 13 15 14 12 21 23 20 17 24 19 18 22 30 28 27 29 32 31 26 25 33 34 38 35 39 40 36 37
  4  8  5  3  7  6  1  2 12  9 14 15 11 13 16 10 18 23 19 20 21 22 17 24 32 26 27 25 29 31 30 28 37 39 36 33 40 35 34 38 46 44 43 45 48 47 42 41 49 50 54 51 55 56 52 53
 29 25 30 28 32 31 26 27 37 34 39 40 36 38 33 35 43 48 44 45 46 47 42 41 49 51 52 50 54 56 55 53  6  8  5  2  1  4  3  7 15 13 12 14  9 16 11 10 18 19 23 20 24 17 21 22
 45 41 46 44 48 47 42 43 53 50 55 56 52 54 49 51  3  8  4  5  6  7  2  1  9 11 12 10 14 16 15 13 22 24 21 18 17 20 19 23 31 29 28 30 25 32 27 26 34 35 39 36 40 33 37 38
 37 33 38 36 40 39 34 35 45 42 47 48 44 46 41 43 51 56 52 53 54 55 50 49  1  3  4  2  6  8  7  5 14 16 13 10  9 12 11 15 23 21 20 22 17 24 19 18 26 27 31 28 32 25 29 30
 13  9 14 12 16 15 10 11 21 18 23 24 20 22 17 19 27 32 28 29 30 31 26 25 33 35 36 34 38 40 39 37 46 48 45 42 41 44 43 47 55 53 52 54 49 56 51 50  2  3  7  4  8  1  5  6
 53 49 54 52 56 55 50 51  5  2  7  8  4  6  1  3 11 16 12 13 14 15 10  9 17 19 20 18 22 24 23 21 30 32 29 26 25 28 27 31 39 37 36 38 33 40 35 34 42 43 47 44 48 41 45 46
 21 17 22 20 24 23 18 19 29 26 31 32 28 30 25 27 35 40 36 37 38 39 34 33 41 43 44 42 46 48 47 45 54 56 53 50 49 52 51 55  7  5  4  6  1  8  3  2 10 11 15 12 16  9 13 14
  5  1  6  4  8  7  2  3 13 10 15 16 12 14  9 11 19 24 20 21 22 23 18 17 25 27 28 26 30 32 31 29 38 40 37 34 33 36 35 39 47 45 44 46 41 48 43 42 50 51 55 52 56 49 53 54
 54 50 55 53 49 56 51 52  6  3  8  1  5  7  2  4 12  9 13 14 15 16 11 10 18 20 21 19 23 17 24 22 31 25 30 27 26 29 28 32 40 38 37 39 34 33 36 35 43 44 48 45 41 42 46 47
 38 34 39 37 33 40 35 36 46 43 48 41 45 47 42 44 52 49 53 54 55 56 51 50  2  4  5  3  7  1  8  6 15  9 14 11 10 13 12 16 24 22 21 23 18 17 20 19 27 28 32 29 25 26 30 31
 46 42 47 45 41 48 43 44 54 51 56 49 53 55 50 52  4  1  5  6  7  8  3  2 10 12 13 11 15  9 16 14 23 17 22 19 18 21 20 24 32 30 29 31 26 25 28 27 35 36 40 37 33 34 38 39
 14 10 15 13  9 16 11 12 22 19 24 17 21 23 18 20 28 25 29 30 31 32 27 26 34 36 37 35 39 33 40 38 47 41 46 43 42 45 44 48 56 54 53 55 50 49 52 51  3  4  8  5  1  2  6  7
  6  2  7  5  1  8  3  4 14 11 16  9 13 15 10 12 20 17 21 22 23 24 19 18 26 28 29 27 31 25 32 30 39 33 38 35 34 37 36 40 48 46 45 47 42 41 44 43 51 52 56 53 49 50 54 55
 22 18 23 21 17 24 19 20 30 27 32 25 29 31 26 28 36 33 37 38 39 40 35 34 42 44 45 43 47 41 48 46 55 49 54 51 50 53 52 56  8  6  5  7  2  1  4  3 11 12 16 13  9 10 14 15
 30 26 31 29 25 32 27 28 38 35 40 33 37 39 34 36 44 41 45 46 47 48 43 42 50 52 53 51 55 49 56 54  7  1  6  3  2  5  4  8 16 14 13 15 10  9 12 11 19 20 24 21 17 18 22 23
 47 43 48 46 42 41 44 45 55 52 49 50 54 56 51 53  5  2  6  7  8  1  4  3 11 13 14 12 16 10  9 15 24 18 23 20 19 22 21 17 25 31 30 32 27 26 29 28 36 37 33 38 34 35 39 40
 15 11 16 14 10  9 12 13 23 20 17 18 22 24 19 21 29 26 30 31 32 25 28 27 35 37 38 36 40 34 33 39 48 42 47 44 43 46 45 41 49 55 54 56 51 50 53 52  4  5  1  6  2  3  7  8
 39 35 40 38 34 33 36 37 47 44 41 42 46 48 43 45 53 50 54 55 56 49 52 51  3  5  6  4  8  2  1  7 16 10 15 12 11 14 13  9 17 23 22 24 19 18 21 20 28 29 25 30 26 27 31 32
 23 19 24 22 18 17 20 21 31 28 25 26 30 32 27 29 37 34 38 39 40 33 36 35 43 45 46 44 48 42 41 47 56 50 55 52 51 54 53 49  1  7  6  8  3  2  5  4 12 13  9 14 10 11 15 16
 31 27 32 30 26 25 28 29 39 36 33 34 38 40 35 37 45 42 46 47 48 41 44 43 51 53 54 52 56 50 49 55  8  2  7  4  3  6  5  1  9 15 14 16 11 10 13 12 20 21 17 22 18 19 23 24
  7  3  8  6  2  1  4  5 15 12  9 10 14 16 11 13 21 18 22 23 24 17 20 19 27 29 30 28 32 26 25 31 40 34 39 36 35 38 37 33 41 47 46 48 43 42 45 44 52 53 49 54 50 51 55 56
 55 51 56 54 50 49 52 53  7  4  1  2  6  8  3  5 13 10 14 15 16  9 12 11 19 21 22 20 24 18 17 23 32 26 31 28 27 30 29 25 33 39 38 40 35 34 37 36 44 45 41 46 42 43 47 48
 16 12  9 15 11 10 13 14 24 21 18 19 23 17 20 22 30 27 31 32 25 26 29 28 36 38 39 37 33 35 34 40 41 43 48 45 44 47 46 42 50 56 55 49 52 51 54 53  5  6  2  7  3  4  8  1
 48 44 41 47 43 42 45 46 56 53 50 51 55 49 52 54  6  3  7  8  1  2  5  4 12 14 15 13  9 11 10 16 17 19 24 21 20 23 22 18 26 32 31 25 28 27 30 29 37 38 34 39 35 36 40 33
 40 36 33 39 35 34 37 38 48 45 42 43 47 41 44 46 54 51 55 56 49 50 53 52  4  6  7  5  1  3  2  8  9 11 16 13 12 15 14 10 18 24 23 17 20 19 22 21 29 30 26 31 27 28 32 25
 32 28 25 31 27 26 29 30 40 37 34 35 39 33 36 38 46 43 47 48 41 42 45 44 52 54 55 53 49 51 50 56  1  3  8  5  4  7  6  2 10 16 15  9 12 11 14 13 21 22 18 23 19 20 24 17
 24 20 17 23 19 18 21 22 32 29 26 27 31 25 28 30 38 35 39 40 33 34 37 36 44 46 47 45 41 43 42 48 49 51 56 53 52 55 54 50  2  8  7  1  4  3  6  5 13 14 10 15 11 12 16  9
 56 52 49 55 51 50 53 54  8  5  2  3  7  1  4  6 14 11 15 16  9 10 13 12 20 22 23 21 17 19 18 24 25 27 32 29 28 31 30 26 34 40 39 33 36 35 38 37 45 46 42 47 43 44 48 41
  8  4  1  7  3  2  5  6 16 13 10 11 15  9 12 14 22 19 23 24 17 18 21 20 28 30 31 29 25 27 26 32 33 35 40 37 36 39 38 34 42 48 47 41 44 43 46 45 53 54 50 55 51 52 56 49
 33 37 34 40 36 35 38 39 41 46 43 44 48 42 45 47 55 52 56 49 50 51 54 53  5  7  8  6  2  4  3  1 10 12  9 14 13 16 15 11 19 17 24 18 21 20 23 22 30 31 27 32 28 29 25 26
 17 21 18 24 20 19 22 23 25 30 27 28 32 26 29 31 39 36 40 33 34 35 38 37 45 47 48 46 42 44 43 41 50 52 49 54 53 56 55 51  3  1  8  2  5  4  7  6 14 15 11 16 12 13  9 10
 25 29 26 32 28 27 30 31 33 38 35 36 40 34 37 39 47 44 48 41 42 43 46 45 53 55 56 54 50 52 51 49  2  4  1  6  5  8  7  3 11  9 16 10 13 12 15 14 22 23 19 24 20 21 17 18
  1  5  2  8  4  3  6  7  9 14 11 12 16 10 13 15 23 20 24 17 18 19 22 21 29 31 32 30 26 28 27 25 34 36 33 38 37 40 39 35 43 41 48 42 45 44 47 46 54 55 51 56 52 53 49 50
  9 13 10 16 12 11 14 15 17 22 19 20 24 18 21 23 31 28 32 25 26 27 30 29 37 39 40 38 34 36 35 33 42 44 41 46 45 48 47 43 51 49 56 50 53 52 55 54  6  7  3  8  4  5  1  2
 41 45 42 48 44 43 46 47 49 54 51 52 56 50 53 55  7  4  8  1  2  3  6  5 13 15 16 14 10 12 11  9 18 20 17 22 21 24 23 19 27 25 32 26 29 28 31 30 38 39 35 40 36 37 33 34
 49 53 50 56 52 51 54 55  1  6  3  4  8  2  5  7 15 12 16  9 10 11 14 13 21 23 24 22 18 20 19 17 26 28 25 30 29 32 31 27 35 33 40 34 37 36 39 38 46 47 43 48 44 45 41 42
