 42 44 46 43 47 41 45 48 55 49 53 52 50 54 56 51  8  6  2  7  5  3  1  4  9 14 16 11 13 15 12 10 19 21 24 17 18 23 22 20 27 32 30 28 26 25 31 29 40 37 34 38 39 35 36 33
  2  4  6  3  7  1  5  8 15  9 13 12 10 14 16 11 24 22 18 23 21 19 17 20 25 30 32 27 29 31 28 26 35 37 40 33 34 39 38 36 43 48 46 44 42 41 47 45 56 53 50 54 55 51 52 49
 50 52 54 51 55 49 53 56  7  1  5  4  2  6  8  3 16 14 10 15 13 11  9 12 17 22 24 19 21 23 20 18 27 29 32 25 26 31 30 28 35 40 38 36 34 33 39 37 48 45 42 46 47 43 44 41
 10 12 14 11 15  9 13 16 23 17 21 20 18 22 24 19 32 30 26 31 29 27 25 28 33 38 40 35 37 39 36 34 43 45 48 41 42 47 46 44 51 56 54 52 50 49 55 53  8  5  2  6  7  3  4  1
 26 28 30 27 31 25 29 32 39 33 37 36 34 38 40 35 48 46 42 47 45 43 41 44 49 54 56 51 53 55 52 50  3  5  8  1  2  7  6  4 11 16 14 12 10  9 15 13 24 21 18 22 23 19 20 17
 18 20 22 19 23 17 21 24 31 25 29 28 26 30 32 27 40 38 34 39 37 35 33 36 41 46 48 43 45 47 44 42 51 53 56 49 50 55 54 52  3  8  6  4  2  1  7  5 16 13 10 14 15 11 12  9
 34 36 38 35 39 33 37 40 47 41 45 44 42 46 48 43 56 54 50 55 53 51 49 52  1  6  8  3  5  7  4  2 11 13 16  9 10 15 14 12 19 24 22 20 18 17 23 21 32 29 26 30 31 27 28 25
 43 45 47 44 48 42 46 41 56 50 54 53 51 55 49 52  1  7  3  8  6  4  2  5 10 15  9 12 14 16 13 11 20 22 17 18 19 24 23 21 28 25 31 29 27 26 32 30 33 38 35 39 40 36 37 34
 51 53 55 52 56 50 54 49  8  2  6  5  3  7  1  4  9 15 11 16 14 12 10 13 18 23 17 20 22 24 21 19 28 30 25 26 27 32 31 29 36 33 39 37 35 34 40 38 41 46 43 47 48 44 45 42
  3  5  7  4  8  2  6  1 16 10 14 13 11 15  9 12 17 23 19 24 22 20 18 21 26 31 25 28 30 32 29 27 36 38 33 34 35 40 39 37 44 41 47 45 43 42 48 46 49 54 51 55 56 52 53 50
 27 29 31 28 32 26 30 25 40 34 38 37 35 39 33 36 41 47 43 48 46 44 42 45 50 55 49 52 54 56 53 51  4  6  1  2  3  8  7  5 12  9 15 13 11 10 16 14 17 22 19 23 24 20 21 18
 19 21 23 20 24 18 22 17 32 26 30 29 27 31 25 28 33 39 35 40 38 36 34 37 42 47 41 44 46 48 45 43 52 54 49 50 51 56 55 53  4  1  7  5  3  2  8  6  9 14 11 15 16 12 13 10
 11 13 15 12 16 10 14  9 24 18 22 21 19 23 17 20 25 31 27 32 30 28 26 29 34 39 33 36 38 40 37 35 44 46 41 42 43 48 47 45 52 49 55 53 51 50 56 54  1  6  3  7  8  4  5  2
 35 37 39 36 40 34 38 33 48 42 46 45 43 47 41 44 49 55 51 56 54 52 50 53  2  7  1  4  6  8  5  3 12 14  9 10 11 16 15 13 20 17 23 21 19 18 24 22 25 30 27 31 32 28 29 26
 20 22 24 21 17 19 23 18 25 27 31 30 28 32 26 29 34 40 36 33 39 37 35 38 43 48 42 45 47 41 46 44 53 55 50 51 52 49 56 54  5  2  8  6  4  3  1  7 10 15 12 16  9 13 14 11
 28 30 32 29 25 27 31 26 33 35 39 38 36 40 34 37 42 48 44 41 47 45 43 46 51 56 50 53 55 49 54 52  5  7  2  3  4  1  8  6 13 10 16 14 12 11  9 15 18 23 20 24 17 21 22 19
 44 46 48 45 41 43 47 42 49 51 55 54 52 56 50 53  2  8  4  1  7  5  3  6 11 16 10 13 15  9 14 12 21 23 18 19 20 17 24 22 29 26 32 30 28 27 25 31 34 39 36 40 33 37 38 35
 52 54 56 53 49 51 55 50  1  3  7  6  4  8  2  5 10 16 12  9 15 13 11 14 19 24 18 21 23 17 22 20 29 31 26 27 28 25 32 30 37 34 40 38 36 35 33 39 42 47 44 48 41 45 46 43
 12 14 16 13  9 11 15 10 17 19 23 22 20 24 18 21 26 32 28 25 31 29 27 30 35 40 34 37 39 33 38 36 45 47 42 43 44 41 48 46 53 50 56 54 52 51 49 55  2  7  4  8  1  5  6  3
 36 38 40 37 33 35 39 34 41 43 47 46 44 48 42 45 50 56 52 49 55 53 51 54  3  8  2  5  7  1  6  4 13 15 10 11 12  9 16 14 21 18 24 22 20 19 17 23 26 31 28 32 25 29 30 27
  4  6  8  5  1  3  7  2  9 11 15 14 12 16 10 13 18 24 20 17 23 21 19 22 27 32 26 29 31 25 30 28 37 39 34 35 36 33 40 38 45 42 48 46 44 43 41 47 50 55 52 56 49 53 54 51
 21 23 17 22 18 20 24 19 26 28 32 31 29 25 27 30 35 33 37 34 40 38 36 39 44 41 43 46 48 42 47 45 54 56 51 52 53 50 49 55  6  3  1  7  5  4  2  8 11 16 13  9 10 14 15 12
 13 15  9 14 10 12 16 11 18 20 24 23 21 17 19 22 27 25 29 26 32 30 28 31 36 33 35 38 40 34 39 37 46 48 43 44 45 42 41 47 54 51 49 55 53 52 50 56  3  8  5  1  2  6  7  4
 45 47 41 46 42 44 48 43 50 52 56 55 53 49 51 54  3  1  5  2  8  6  4  7 12  9 11 14 16 10 15 13 22 24 19 20 21 18 17 23 30 27 25 31 29 28 26 32 35 40 37 33 34 38 39 36
 37 39 33 38 34 36 40 35 42 44 48 47 45 41 43 46 51 49 53 50 56 54 52 55  4  1  3  6  8  2  7  5 14 16 11 12 13 10  9 15 22 19 17 23 21 20 18 24 27 32 29 25 26 30 31 28
  5  7  1  6  2  4  8  3 10 12 16 15 13  9 11 14 19 17 21 18 24 22 20 23 28 25 27 30 32 26 31 29 38 40 35 36 37 34 33 39 46 43 41 47 45 44 42 48 51 56 53 49 50 54 55 52
 29 31 25 30 26 28 32 27 34 36 40 39 37 33 35 38 43 41 45 42 48 46 44 47 52 49 51 54 56 50 55 53  6  8  3  4  5  2  1  7 14 11  9 15 13 12 10 16 19 24 21 17 18 22 23 20
 53 55 49 54 50 52 56 51  2  4  8  7  5  1  3  6 11  9 13 10 16 14 12 15 20 17 19 22 24 18 23 21 30 32 27 28 29 26 25 31 38 35 33 39 37 36 34 40 43 48 45 41 42 46 47 44
  6  8  2  7  3  5  1  4 11 13  9 16 14 10 12 15 20 18 22 19 17 23 21 24 29 26 28 31 25 27 32 30 39 33 36 37 38 35 34 40 47 44 42 48 46 45 43 41 52 49 54 50 51 55 56 53
 54 56 50 55 51 53 49 52  3  5  1  8  6  2  4  7 12 10 14 11  9 15 13 16 21 18 20 23 17 19 24 22 31 25 28 29 30 27 26 32 39 36 34 40 38 37 35 33 44 41 46 42 43 47 48 45
 30 32 26 31 27 29 25 28 35 37 33 40 38 34 36 39 44 42 46 43 41 47 45 48 53 50 52 55 49 51 56 54  7  1  4  5  6  3  2  8 15 12 10 16 14 13 11  9 20 17 22 18 19 23 24 21
 46 48 42 47 43 45 41 44 51 53 49 56 54 50 52 55  4  2  6  3  1  7  5  8 13 10 12 15  9 11 16 14 23 17 20 21 22 19 18 24 31 28 26 32 30 29 27 25 36 33 38 34 35 39 40 37
 22 24 18 23 19 21 17 20 27 29 25 32 30 26 28 31 36 34 38 35 33 39 37 40 45 42 44 47 41 43 48 46 55 49 52 53 54 51 50 56  7  4  2  8  6  5  3  1 12  9 14 10 11 15 16 13
 38 40 34 39 35 37 33 36 43 45 41 48 46 42 44 47 52 50 54 51 49 55 53 56  5  2  4  7  1  3  8  6 15  9 12 13 14 11 10 16 23 20 18 24 22 21 19 17 28 25 30 26 27 31 32 29
 14 16 10 15 11 13  9 12 19 21 17 24 22 18 20 23 28 26 30 27 25 31 29 32 37 34 36 39 33 35 40 38 47 41 44 45 46 43 42 48 55 52 50 56 54 53 51 49  4  1  6  2  3  7  8  5
 47 41 43 48 44 46 42 45 52 54 50 49 55 51 53 56  5  3  7  4  2  8  6  1 14 11 13 16 10 12  9 15 24 18 21 22 23 20 19 17 32 29 27 25 31 30 28 26 37 34 39 35 36 40 33 38
  7  1  3  8  4  6  2  5 12 14 10  9 15 11 13 16 21 19 23 20 18 24 22 17 30 27 29 32 26 28 25 31 40 34 37 38 39 36 35 33 48 45 43 41 47 46 44 42 53 50 55 51 52 56 49 54
 15  9 11 16 12 14 10 13 20 22 18 17 23 19 21 24 29 27 31 28 26 32 30 25 38 35 37 40 34 36 33 39 48 42 45 46 47 44 43 41 56 53 51 49 55 54 52 50  5  2  7  3  4  8  1  6
 39 33 35 40 36 38 34 37 44 46 42 41 47 43 45 48 53 51 55 52 50 56 54 49  6  3  5  8  2  4  1  7 16 10 13 14 15 12 11  9 24 21 19 17 23 22 20 18 29 26 31 27 28 32 25 30
 55 49 51 56 52 54 50 53  4  6  2  1  7  3  5  8 13 11 15 12 10 16 14  9 22 19 21 24 18 20 17 23 32 26 29 30 31 28 27 25 40 37 35 33 39 38 36 34 45 42 47 43 44 48 41 46
 23 17 19 24 20 22 18 21 28 30 26 25 31 27 29 32 37 35 39 36 34 40 38 33 46 43 45 48 42 44 41 47 56 50 53 54 55 52 51 49  8  5  3  1  7  6  4  2 13 10 15 11 12 16  9 14
 31 25 27 32 28 30 26 29 36 38 34 33 39 35 37 40 45 43 47 44 42 48 46 41 54 51 53 56 50 52 49 55  8  2  5  6  7  4  3  1 16 13 11  9 15 14 12 10 21 18 23 19 20 24 17 22
 32 26 28 25 29 31 27 30 37 39 35 34 40 36 38 33 46 44 48 45 43 41 47 42 55 52 54 49 51 53 50 56  1  3  6  7  8  5  4  2  9 14 12 10 16 15 13 11 22 19 24 20 21 17 18 23
 16 10 12  9 13 15 11 14 21 23 19 18 24 20 22 17 30 28 32 29 27 25 31 26 39 36 38 33 35 37 34 40 41 43 46 47 48 45 44 42 49 54 52 50 56 55 53 51  6  3  8  4  5  1  2  7
 56 50 52 49 53 55 51 54  5  7  3  2  8  4  6  1 14 12 16 13 11  9 15 10 23 20 22 17 19 21 18 24 25 27 30 31 32 29 28 26 33 38 36 34 40 39 37 35 46 43 48 44 45 41 42 47
  8  2  4  1  5  7  3  6 13 15 11 10 16 12 14  9 22 20 24 21 19 17 23 18 31 28 30 25 27 29 26 32 33 35 38 39 40 37 36 34 41 46 44 42 48 47 45 43 54 51 56 52 53 49 50 55
 24 18 20 17 21 23 19 22 29 31 27 26 32 28 30 25 38 36 40 37 35 33 39 34 47 44 46 41 43 45 42 48 49 51 54 55 56 53 52 50  1  6  4  2  8  7  5  3 14 11 16 12 13  9 10 15
 40 34 36 33 37 39 35 38 45 47 43 42 48 44 46 41 54 52 56 53 51 49 55 50  7  4  6  1  3  5  2  8  9 11 14 15 16 13 12 10 17 22 20 18 24 23 21 19 30 27 32 28 29 25 26 31
 48 42 44 41 45 47 43 46 53 55 51 50 56 52 54 49  6  4  8  5  3  1  7  2 15 12 14  9 11 13 10 16 17 19 22 23 24 21 20 18 25 30 28 26 32 31 29 27 38 35 40 36 37 33 34 39
 33 35 37 34 38 40 36 39 46 48 44 43 41 45 47 42 55 53 49 54 52 50 56 51  8  5  7  2  4  6  3  1 10 12 15 16  9 14 13 11 18 23 21 19 17 24 22 20 31 28 25 29 30 26 27 32
  1  3  5  2  6  8  4  7 14 16 12 11  9 13 15 10 23 21 17 22 20 18 24 19 32 29 31 26 28 30 27 25 34 36 39 40 33 38 37 35 42 47 45 43 41 48 46 44 55 52 49 53 54 50 51 56
 49 51 53 50 54 56 52 55  6  8  4  3  1  5  7  2 15 13  9 14 12 10 16 11 24 21 23 18 20 22 19 17 26 28 31 32 25 30 29 27 34 39 37 35 33 40 38 36 47 44 41 45 46 42 43 48
  9 11 13 10 14 16 12 15 22 24 20 19 17 21 23 18 31 29 25 30 28 26 32 27 40 37 39 34 36 38 35 33 42 44 47 48 41 46 45 43 50 55 53 51 49 56 54 52  7  4  1  5  6  2  3  8
 41 43 45 42 46 48 44 47 54 56 52 51 49 53 55 50  7  5  1  6  4  2  8  3 16 13 15 10 12 14 11  9 18 20 23 24 17 22 21 19 26 31 29 27 25 32 30 28 39 36 33 37 38 34 35 40
 17 19 21 18 22 24 20 23 30 32 28 27 25 29 31 26 39 37 33 38 36 34 40 35 48 45 47 42 44 46 43 41 50 52 55 56 49 54 53 51  2  7  5  3  1  8  6  4 15 12  9 13 14 10 11 16
 25 27 29 26 30 32 28 31 38 40 36 35 33 37 39 34 47 45 41 46 44 42 48 43 56 53 55 50 52 54 51 49  2  4  7  8  1  6  5  3 10 15 13 11  9 16 14 12 23 20 17 21 22 18 19 24
