  3  2  6 14 12  8  4  9  5 11  7  1 10 13
 14  9  3  8  6  2  7  5 13  1 11 10  4 12
 10  8  9 12 11  4  3  6  2 14  5 13  1  7
 11  4  2  5  7 14  1 13 10  3  6 12  8  9
  6  1  4 13  3 10  2 14  7 12  9  8  5 11
  7 13  1 10  9  5 12 11  6  8  2  4  3 14
 12  5 11  7 13  1  8 10  4  9  3 14  6  2
  1  3  8  2  5 11  6  4  9 13 12  7 14 10
  8 14 12 11  1  6  5  2  3  7 10  9 13  4
  5 11 14  1  4 12  9  7  8 10 13  6  2  3
  2 10  5  3  8  7 13 12 14  4  1 11  9  6
  9  6 13  4 10  3 11  8 12  5 14  2  7  1
  4  7 10  9  2 13 14  1 11  6  8  3 12  5
 13 12  7  6 14  9 10  3  1  2  4  5 11  8
