  7 13  1  9 12  8 11  5  3 14  6  2 10  4
 11  5 10  4  1  6  7 14  9  8  3 12  2 13
  1  9  7  6  3 13 12  2 11  5 10  4  8 14
 10  6 11  5  9  7  1 13  2  4 14  8 12  3
  8  2  3 12 11 14  6  4 10  1  5 13  9  7
  3  4  8 14  2  5  9 10 12 13 11  7  6  1
 14 12  2 13  4 10  8  3  7  6  9  1  5 11
  4 14  6 11  8  2  5  7 13  3 12 10  1  9
  6 11 13 10 14  1  2  8  5  7  4  9  3 12
 13  1  4  3  5 11 10 12 14  9  2  6  7  8
  2 10  5  1  7 12  3  9  8 11 13 14  4  6
 12  7  9  2 13  4 14  1  6 10  8  3 11  5
  9  8 12  7  6  3 13 11  4  2  1  5 14 10
  5  3 14  8 10  9  4  6  1 12  7 11 13  2
