1.600012183189392e-06
1.800013706088066e-06
1.9000144675374031e-06
1.700012944638729e-06
1.700012944638729e-06
1.700012944638729e-06
1.700012944638729e-06
1.600012183189392e-06
1.600012183189392e-06
1.600012183189392e-06
1.600012183189392e-06
2.500019036233425e-06
1.9000144675374031e-06
1.700012944638729e-06
1.700012944638729e-06
1.8999562598764896e-06
1.600012183189392e-06
1.600012183189392e-06
1.8999562598764896e-06
1.700012944638729e-06
1.7999554984271526e-06
1.600012183189392e-06
1.700012944638729e-06
1.700012944638729e-06
1.600012183189392e-06
1.5999539755284786e-06
1.500011421740055e-06
1.5999539755284786e-06
1.600012183189392e-06
1.600012183189392e-06
1.600012183189392e-06
1.5999539755284786e-06
1.700012944638729e-06
1.700012944638729e-06
1.600012183189392e-06
1.700012944638729e-06
1.400010660290718e-06
1.500011421740055e-06
1.4999532140791416e-06
1.700012944638729e-06
1.4999532140791416e-06
1.600012183189392e-06
1.400010660290718e-06
1.3999524526298046e-06
1.500011421740055e-06
1.600012183189392e-06
1.400010660290718e-06
1.300009898841381e-06
1.400010660290718e-06
1.300009898841381e-06
1.400010660290718e-06
1.300009898841381e-06
1.500011421740055e-06
1.500011421740055e-06
1.300009898841381e-06
1.500011421740055e-06
1.400010660290718e-06
1.2999516911804676e-06
1.4999532140791416e-06
1.500011421740055e-06
1.400010660290718e-06
1.500011421740055e-06
1.400010660290718e-06
1.400010660290718e-06
1.400010660290718e-06
1.400010660290718e-06
1.400010660290718e-06
1.400010660290718e-06
1.400010660290718e-06
1.6999547369778156e-06
1.600012183189392e-06
1.600012183189392e-06
1.3999524526298046e-06
1.600012183189392e-06
1.400010660290718e-06
1.400010660290718e-06
1.400010660290718e-06
1.2999516911804676e-06
1.500011421740055e-06
1.800013706088066e-06
1.3999524526298046e-06
1.400010660290718e-06
1.300009898841381e-06
1.400010660290718e-06
1.400010660290718e-06
1.400010660290718e-06
1.4999532140791416e-06
1.3999524526298046e-06
1.3999524526298046e-06
1.400010660290718e-06
1.400010660290718e-06
1.300009898841381e-06
1.400010660290718e-06
1.500011421740055e-06
1.400010660290718e-06
1.500011421740055e-06
1.500011421740055e-06
1.500011421740055e-06
1.400010660290718e-06
1.400010660290718e-06
1.5999539755284786e-06
