  3  2  1  5  6  4  7  8  9 12 11 10 14 15 13
  6  5  4  8  9  7 10 11 12 15 14 13  2  3  1
 15 14 13  2  3  1  4  5  6  9  8  7 11 12 10
  9  8  7 11 12 10 13 14 15  3  2  1  5  6  4
 12 11 10 14 15 13  1  2  3  6  5  4  8  9  7
  1  3  2  6  4  5  8  9  7 10 12 11 15 13 14
 13 15 14  3  1  2  5  6  4  7  9  8 12 10 11
  7  9  8 12 10 11 14 15 13  1  3  2  6  4  5
  4  6  5  9  7  8 11 12 10 13 15 14  3  1  2
 10 12 11 15 13 14  2  3  1  4  6  5  9  7  8
  2  1  3  4  5  6  9  7  8 11 10 12 13 14 15
 11 10 12 13 14 15  3  1  2  5  4  6  7  8  9
  8  7  9 10 11 12 15 13 14  2  1  3  4  5  6
 14 13 15  1  2  3  6  4  5  8  7  9 10 11 12
  5  4  6  7  8  9 12 10 11 14 13 15  1  2  3
