 23 25 24 21 22  2  1  3  4  5  6 10  8  7  9 13 15 14 11 12 16 20 17 18 19
  3  5  4  1  2  7  6  8  9 10 11 15 13 12 14 18 20 19 16 17 21 25 22 23 24
 18 20 19 16 17 22 21 23 24 25  1  5  3  2  4  8 10  9  6  7 11 15 12 13 14
 13 15 14 11 12 17 16 18 19 20 21 25 23 22 24  3  5  4  1  2  6 10  7  8  9
  8 10  9  6  7 12 11 13 14 15 16 20 18 17 19 23 25 24 21 22  1  5  2  3  4
  9  6 10  7  8 13 12 14 15 11 17 16 19 18 20 24 21 25 22 23  2  1  3  4  5
  4  1  5  2  3  8  7  9 10  6 12 11 14 13 15 19 16 20 17 18 22 21 23 24 25
 19 16 20 17 18 23 22 24 25 21  2  1  4  3  5  9  6 10  7  8 12 11 13 14 15
 24 21 25 22 23  3  2  4  5  1  7  6  9  8 10 14 11 15 12 13 17 16 18 19 20
 14 11 15 12 13 18 17 19 20 16 22 21 24 23 25  4  1  5  2  3  7  6  8  9 10
 25 22 21 23 24  4  3  5  1  2  8  7 10  9  6 15 12 11 13 14 18 17 19 20 16
 15 12 11 13 14 19 18 20 16 17 23 22 25 24 21  5  2  1  3  4  8  7  9 10  6
 10  7  6  8  9 14 13 15 11 12 18 17 20 19 16 25 22 21 23 24  3  2  4  5  1
 20 17 16 18 19 24 23 25 21 22  3  2  5  4  1 10  7  6  8  9 13 12 14 15 11
  5  2  1  3  4  9  8 10  6  7 13 12 15 14 11 20 17 16 18 19 23 22 24 25 21
  1  3  2  4  5 10  9  6  7  8 14 13 11 15 12 16 18 17 19 20 24 23 25 21 22
 16 18 17 19 20 25 24 21 22 23  4  3  1  5  2  6  8  7  9 10 14 13 15 11 12
  6  8  7  9 10 15 14 11 12 13 19 18 16 20 17 21 23 22 24 25  4  3  5  1  2
 21 23 22 24 25  5  4  1  2  3  9  8  6 10  7 11 13 12 14 15 19 18 20 16 17
 11 13 12 14 15 20 19 16 17 18 24 23 21 25 22  1  3  2  4  5  9  8 10  6  7
  7  9  8 10  6 11 15 12 13 14 20 19 17 16 18 22 24 23 25 21  5  4  1  2  3
 22 24 23 25 21  1  5  2  3  4 10  9  7  6  8 12 14 13 15 11 20 19 16 17 18
 17 19 18 20 16 21 25 22 23 24  5  4  2  1  3  7  9  8 10  6 15 14 11 12 13
 12 14 13 15 11 16 20 17 18 19 25 24 22 21 23  2  4  3  5  1 10  9  6  7  8
  2  4  3  5  1  6 10  7  8  9 15 14 12 11 13 17 19 18 20 16 25 24 21 22 23
