  6  7  8  9 10 14 15 12 11 13 20 19 18 17 16 23 25 24 21 22  2  5  4  1  3
  1  2  3  4  5  9 10  7  6  8 15 14 13 12 11 18 20 19 16 17 22 25 24 21 23
 21 22 23 24 25  4  5  2  1  3 10  9  8  7  6 13 15 14 11 12 17 20 19 16 18
 16 17 18 19 20 24 25 22 21 23  5  4  3  2  1  8 10  9  6  7 12 15 14 11 13
 11 12 13 14 15 19 20 17 16 18 25 24 23 22 21  3  5  4  1  2  7 10  9  6  8
 17 18 19 20 16 25 21 23 22 24  1  5  4  3  2  9  6 10  7  8 13 11 15 12 14
  7  8  9 10  6 15 11 13 12 14 16 20 19 18 17 24 21 25 22 23  3  1  5  2  4
  2  3  4  5  1 10  6  8  7  9 11 15 14 13 12 19 16 20 17 18 23 21 25 22 24
 22 23 24 25 21  5  1  3  2  4  6 10  9  8  7 14 11 15 12 13 18 16 20 17 19
 12 13 14 15 11 20 16 18 17 19 21 25 24 23 22  4  1  5  2  3  8  6 10  7  9
  3  4  5  1  2  6  7  9  8 10 12 11 15 14 13 20 17 16 18 19 24 22 21 23 25
 13 14 15 11 12 16 17 19 18 20 22 21 25 24 23  5  2  1  3  4  9  7  6  8 10
  8  9 10  6  7 11 12 14 13 15 17 16 20 19 18 25 22 21 23 24  4  2  1  3  5
 23 24 25 21 22  1  2  4  3  5  7  6 10  9  8 15 12 11 13 14 19 17 16 18 20
 18 19 20 16 17 21 22 24 23 25  2  1  5  4  3 10  7  6  8  9 14 12 11 13 15
 19 20 16 17 18 22 23 25 24 21  3  2  1  5  4  6  8  7  9 10 15 13 12 14 11
 24 25 21 22 23  2  3  5  4  1  8  7  6 10  9 11 13 12 14 15 20 18 17 19 16
  9 10  6  7  8 12 13 15 14 11 18 17 16 20 19 21 23 22 24 25  5  3  2  4  1
  4  5  1  2  3  7  8 10  9  6 13 12 11 15 14 16 18 17 19 20 25 23 22 24 21
 14 15 11 12 13 17 18 20 19 16 23 22 21 25 24  1  3  2  4  5 10  8  7  9  6
  5  1  2  3  4  8  9  6 10  7 14 13 12 11 15 17 19 18 20 16 21 24 23 25 22
 20 16 17 18 19 23 24 21 25 22  4  3  2  1  5  7  9  8 10  6 11 14 13 15 12
 25 21 22 23 24  3  4  1  5  2  9  8  7  6 10 12 14 13 15 11 16 19 18 20 17
 10  6  7  8  9 13 14 11 15 12 19 18 17 16 20 22 24 23 25 21  1  4  3  5  2
 15 11 12 13 14 18 19 16 20 17 24 23 22 21 25  2  4  3  5  1  6  9  8 10  7
