 17 18 19 20 16 21 25 24 23 22  2  4  5  1  3  6  8  7  9 10 13 14 15 11 12
 22 23 24 25 21  1  5  4  3  2  7  9 10  6  8 11 13 12 14 15 18 19 20 16 17
  7  8  9 10  6 11 15 14 13 12 17 19 20 16 18 21 23 22 24 25  3  4  5  1  2
 12 13 14 15 11 16 20 19 18 17 22 24 25 21 23  1  3  2  4  5  8  9 10  6  7
  2  3  4  5  1  6 10  9  8  7 12 14 15 11 13 16 18 17 19 20 23 24 25 21 22
  8  9 10  6  7 12 11 15 14 13 18 20 16 17 19 22 24 23 25 21  4  5  1  2  3
 23 24 25 21 22  2  1  5  4  3  8 10  6  7  9 12 14 13 15 11 19 20 16 17 18
  3  4  5  1  2  7  6 10  9  8 13 15 11 12 14 17 19 18 20 16 24 25 21 22 23
 13 14 15 11 12 17 16 20 19 18 23 25 21 22 24  2  4  3  5  1  9 10  6  7  8
 18 19 20 16 17 22 21 25 24 23  3  5  1  2  4  7  9  8 10  6 14 15 11 12 13
 19 20 16 17 18 23 22 21 25 24  4  1  2  3  5  8 10  9  6  7 15 11 12 13 14
 14 15 11 12 13 18 17 16 20 19 24 21 22 23 25  3  5  4  1  2 10  6  7  8  9
 24 25 21 22 23  3  2  1  5  4  9  6  7  8 10 13 15 14 11 12 20 16 17 18 19
  9 10  6  7  8 13 12 11 15 14 19 16 17 18 20 23 25 24 21 22  5  1  2  3  4
  4  5  1  2  3  8  7  6 10  9 14 11 12 13 15 18 20 19 16 17 25 21 22 23 24
 20 16 17 18 19 24 23 22 21 25  5  2  3  4  1  9  6 10  7  8 11 12 13 14 15
  5  1  2  3  4  9  8  7  6 10 15 12 13 14 11 19 16 20 17 18 21 22 23 24 25
 15 11 12 13 14 19 18 17 16 20 25 22 23 24 21  4  1  5  2  3  6  7  8  9 10
 25 21 22 23 24  4  3  2  1  5 10  7  8  9  6 14 11 15 12 13 16 17 18 19 20
 10  6  7  8  9 14 13 12 11 15 20 17 18 19 16 24 21 25 22 23  1  2  3  4  5
  6  7  8  9 10 15 14 13 12 11 16 18 19 20 17 25 22 21 23 24  2  3  4  5  1
 16 17 18 19 20 25 24 23 22 21  1  3  4  5  2 10  7  6  8  9 12 13 14 15 11
 11 12 13 14 15 20 19 18 17 16 21 23 24 25 22  5  2  1  3  4  7  8  9 10  6
 21 22 23 24 25  5  4  3  2  1  6  8  9 10  7 15 12 11 13 14 17 18 19 20 16
  1  2  3  4  5 10  9  8  7  6 11 13 14 15 12 20 17 16 18 19 22 23 24 25 21
