 32 31 34 35 36 33 39 41 37 42 40 38 47 44 46 43 45 48 53 52 51 50 49 54 56 58 59 60 55 57  1  3  6  2  5  4  7 10  9  8 11 12 16 17 14 13 18 15 21 19 23 22 20 24 29 26 28 27 25 30
 56 55 58 59 60 57  3  5  1  6  4  2 11  8 10  7  9 12 17 16 15 14 13 18 20 22 23 24 19 21 25 27 30 26 29 28 31 34 33 32 35 36 40 41 38 37 42 39 45 43 47 46 44 48 53 50 52 51 49 54
 20 19 22 23 24 21 27 29 25 30 28 26 35 32 34 31 33 36 41 40 39 38 37 42 44 46 47 48 43 45 49 51 54 50 53 52 55 58 57 56 59 60  4  5  2  1  6  3  9  7 11 10  8 12 17 14 16 15 13 18
 44 43 46 47 48 45 51 53 49 54 52 50 59 56 58 55 57 60  5  4  3  2  1  6  8 10 11 12  7  9 13 15 18 14 17 16 19 22 21 20 23 24 28 29 26 25 30 27 33 31 35 34 32 36 41 38 40 39 37 42
  2  1  4  5  6  3  9 11  7 12 10  8 17 14 16 13 15 18 23 22 21 20 19 24 26 28 29 30 25 27 31 33 36 32 35 34 37 40 39 38 41 42 46 47 44 43 48 45 51 49 53 52 50 54 59 56 58 57 55 60
 14 13 16 17 18 15 21 23 19 24 22 20 29 26 28 25 27 30 35 34 33 32 31 36 38 40 41 42 37 39 43 45 48 44 47 46 49 52 51 50 53 54 58 59 56 55 60 57  3  1  5  4  2  6 11  8 10  9  7 12
 26 25 28 29 30 27 33 35 31 36 34 32 41 38 40 37 39 42 47 46 45 44 43 48 50 52 53 54 49 51 55 57 60 56 59 58  1  4  3  2  5  6 10 11  8  7 12  9 15 13 17 16 14 18 23 20 22 21 19 24
  8  7 10 11 12  9 15 17 13 18 16 14 23 20 22 19 21 24 29 28 27 26 25 30 32 34 35 36 31 33 37 39 42 38 41 40 43 46 45 44 47 48 52 53 50 49 54 51 57 55 59 58 56 60  5  2  4  3  1  6
 38 37 40 41 42 39 45 47 43 48 46 44 53 50 52 49 51 54 59 58 57 56 55 60  2  4  5  6  1  3  7  9 12  8 11 10 13 16 15 14 17 18 22 23 20 19 24 21 27 25 29 28 26 30 35 32 34 33 31 36
 50 49 52 53 54 51 57 59 55 60 58 56  5  2  4  1  3  6 11 10  9  8  7 12 14 16 17 18 13 15 19 21 24 20 23 22 25 28 27 26 29 30 34 35 32 31 36 33 39 37 41 40 38 42 47 44 46 45 43 48
  9  8 11 12  7 10 16 18 14 13 17 15 24 21 23 20 22 19 30 29 28 27 26 25 33 35 36 31 32 34 38 40 37 39 42 41 44 47 46 45 48 43 53 54 51 50 49 52 58 56 60 59 57 55  6  3  5  4  2  1
 57 56 59 60 55 58  4  6  2  1  5  3 12  9 11  8 10  7 18 17 16 15 14 13 21 23 24 19 20 22 26 28 25 27 30 29 32 35 34 33 36 31 41 42 39 38 37 40 46 44 48 47 45 43 54 51 53 52 50 49
 15 14 17 18 13 16 22 24 20 19 23 21 30 27 29 26 28 25 36 35 34 33 32 31 39 41 42 37 38 40 44 46 43 45 48 47 50 53 52 51 54 49 59 60 57 56 55 58  4  2  6  5  3  1 12  9 11 10  8  7
 39 38 41 42 37 40 46 48 44 43 47 45 54 51 53 50 52 49 60 59 58 57 56 55  3  5  6  1  2  4  8 10  7  9 12 11 14 17 16 15 18 13 23 24 21 20 19 22 28 26 30 29 27 25 36 33 35 34 32 31
 27 26 29 30 25 28 34 36 32 31 35 33 42 39 41 38 40 37 48 47 46 45 44 43 51 53 54 49 50 52 56 58 55 57 60 59  2  5  4  3  6  1 11 12  9  8  7 10 16 14 18 17 15 13 24 21 23 22 20 19
 33 32 35 36 31 34 40 42 38 37 41 39 48 45 47 44 46 43 54 53 52 51 50 49 57 59 60 55 56 58  2  4  1  3  6  5  8 11 10  9 12  7 17 18 15 14 13 16 22 20 24 23 21 19 30 27 29 28 26 25
 45 44 47 48 43 46 52 54 50 49 53 51 60 57 59 56 58 55  6  5  4  3  2  1  9 11 12  7  8 10 14 16 13 15 18 17 20 23 22 21 24 19 29 30 27 26 25 28 34 32 36 35 33 31 42 39 41 40 38 37
 21 20 23 24 19 22 28 30 26 25 29 27 36 33 35 32 34 31 42 41 40 39 38 37 45 47 48 43 44 46 50 52 49 51 54 53 56 59 58 57 60 55  5  6  3  2  1  4 10  8 12 11  9  7 18 15 17 16 14 13
 51 50 53 54 49 52 58 60 56 55 59 57  6  3  5  2  4  1 12 11 10  9  8  7 15 17 18 13 14 16 20 22 19 21 24 23 26 29 28 27 30 25 35 36 33 32 31 34 40 38 42 41 39 37 48 45 47 46 44 43
  3  2  5  6  1  4 10 12  8  7 11  9 18 15 17 14 16 13 24 23 22 21 20 19 27 29 30 25 26 28 32 34 31 33 36 35 38 41 40 39 42 37 47 48 45 44 43 46 52 50 54 53 51 49 60 57 59 58 56 55
 46 45 48 43 44 47 53 49 51 50 54 52 55 58 60 57 59 56  1  6  5  4  3  2 10 12  7  8  9 11 15 17 14 16 13 18 21 24 23 22 19 20 30 25 28 27 26 29 35 33 31 36 34 32 37 40 42 41 39 38
 58 57 60 55 56 59  5  1  3  2  6  4  7 10 12  9 11  8 13 18 17 16 15 14 22 24 19 20 21 23 27 29 26 28 25 30 33 36 35 34 31 32 42 37 40 39 38 41 47 45 43 48 46 44 49 52 54 53 51 50
 28 27 30 25 26 29 35 31 33 32 36 34 37 40 42 39 41 38 43 48 47 46 45 44 52 54 49 50 51 53 57 59 56 58 55 60  3  6  5  4  1  2 12  7 10  9  8 11 17 15 13 18 16 14 19 22 24 23 21 20
 34 33 36 31 32 35 41 37 39 38 42 40 43 46 48 45 47 44 49 54 53 52 51 50 58 60 55 56 57 59  3  5  2  4  1  6  9 12 11 10  7  8 18 13 16 15 14 17 23 21 19 24 22 20 25 28 30 29 27 26
 40 39 42 37 38 41 47 43 45 44 48 46 49 52 54 51 53 50 55 60 59 58 57 56  4  6  1  2  3  5  9 11  8 10  7 12 15 18 17 16 13 14 24 19 22 21 20 23 29 27 25 30 28 26 31 34 36 35 33 32
  4  3  6  1  2  5 11  7  9  8 12 10 13 16 18 15 17 14 19 24 23 22 21 20 28 30 25 26 27 29 33 35 32 34 31 36 39 42 41 40 37 38 48 43 46 45 44 47 53 51 49 54 52 50 55 58 60 59 57 56
 22 21 24 19 20 23 29 25 27 26 30 28 31 34 36 33 35 32 37 42 41 40 39 38 46 48 43 44 45 47 51 53 50 52 49 54 57 60 59 58 55 56  6  1  4  3  2  5 11  9  7 12 10  8 13 16 18 17 15 14
 16 15 18 13 14 17 23 19 21 20 24 22 25 28 30 27 29 26 31 36 35 34 33 32 40 42 37 38 39 41 45 47 44 46 43 48 51 54 53 52 49 50 60 55 58 57 56 59  5  3  1  6  4  2  7 10 12 11  9  8
 52 51 54 49 50 53 59 55 57 56 60 58  1  4  6  3  5  2  7 12 11 10  9  8 16 18 13 14 15 17 21 23 20 22 19 24 27 30 29 28 25 26 36 31 34 33 32 35 41 39 37 42 40 38 43 46 48 47 45 44
 10  9 12  7  8 11 17 13 15 14 18 16 19 22 24 21 23 20 25 30 29 28 27 26 34 36 31 32 33 35 39 41 38 40 37 42 45 48 47 46 43 44 54 49 52 51 50 53 59 57 55 60 58 56  1  4  6  5  3  2
 17 16 13 14 15 18 24 20 22 21 19 23 26 29 25 28 30 27 32 31 36 35 34 33 41 37 38 39 40 42 46 48 45 47 44 43 52 49 54 53 50 51 55 56 59 58 57 60  6  4  2  1  5  3  8 11  7 12 10  9
 53 52 49 50 51 54 60 56 58 57 55 59  2  5  1  4  6  3  8  7 12 11 10  9 17 13 14 15 16 18 22 24 21 23 20 19 28 25 30 29 26 27 31 32 35 34 33 36 42 40 38 37 41 39 44 47 43 48 46 45
 11 10  7  8  9 12 18 14 16 15 13 17 20 23 19 22 24 21 26 25 30 29 28 27 35 31 32 33 34 36 40 42 39 41 38 37 46 43 48 47 44 45 49 50 53 52 51 54 60 58 56 55 59 57  2  5  1  6  4  3
  5  4  1  2  3  6 12  8 10  9  7 11 14 17 13 16 18 15 20 19 24 23 22 21 29 25 26 27 28 30 34 36 33 35 32 31 40 37 42 41 38 39 43 44 47 46 45 48 54 52 50 49 53 51 56 59 55 60 58 57
 59 58 55 56 57 60  6  2  4  3  1  5  8 11  7 10 12  9 14 13 18 17 16 15 23 19 20 21 22 24 28 30 27 29 26 25 34 31 36 35 32 33 37 38 41 40 39 42 48 46 44 43 47 45 50 53 49 54 52 51
 29 28 25 26 27 30 36 32 34 33 31 35 38 41 37 40 42 39 44 43 48 47 46 45 53 49 50 51 52 54 58 60 57 59 56 55  4  1  6  5  2  3  7  8 11 10  9 12 18 16 14 13 17 15 20 23 19 24 22 21
 41 40 37 38 39 42 48 44 46 45 43 47 50 53 49 52 54 51 56 55 60 59 58 57  5  1  2  3  4  6 10 12  9 11  8  7 16 13 18 17 14 15 19 20 23 22 21 24 30 28 26 25 29 27 32 35 31 36 34 33
 35 34 31 32 33 36 42 38 40 39 37 41 44 47 43 46 48 45 50 49 54 53 52 51 59 55 56 57 58 60  4  6  3  5  2  1 10  7 12 11  8  9 13 14 17 16 15 18 24 22 20 19 23 21 26 29 25 30 28 27
 23 22 19 20 21 24 30 26 28 27 25 29 32 35 31 34 36 33 38 37 42 41 40 39 47 43 44 45 46 48 52 54 51 53 50 49 58 55 60 59 56 57  1  2  5  4  3  6 12 10  8  7 11  9 14 17 13 18 16 15
 47 46 43 44 45 48 54 50 52 51 49 53 56 59 55 58 60 57  2  1  6  5  4  3 11  7  8  9 10 12 16 18 15 17 14 13 22 19 24 23 20 21 25 26 29 28 27 30 36 34 32 31 35 33 38 41 37 42 40 39
 48 47 44 45 46 43 49 51 53 52 50 54 57 60 56 59 55 58  3  2  1  6  5  4 12  8  9 10 11  7 17 13 16 18 15 14 23 20 19 24 21 22 26 27 30 29 28 25 31 35 33 32 36 34 39 42 38 37 41 40
  6  5  2  3  4  1  7  9 11 10  8 12 15 18 14 17 13 16 21 20 19 24 23 22 30 26 27 28 29 25 35 31 34 36 33 32 41 38 37 42 39 40 44 45 48 47 46 43 49 53 51 50 54 52 57 60 56 55 59 58
 60 59 56 57 58 55  1  3  5  4  2  6  9 12  8 11  7 10 15 14 13 18 17 16 24 20 21 22 23 19 29 25 28 30 27 26 35 32 31 36 33 34 38 39 42 41 40 37 43 47 45 44 48 46 51 54 50 49 53 52
 36 35 32 33 34 31 37 39 41 40 38 42 45 48 44 47 43 46 51 50 49 54 53 52 60 56 57 58 59 55  5  1  4  6  3  2 11  8  7 12  9 10 14 15 18 17 16 13 19 23 21 20 24 22 27 30 26 25 29 28
 54 53 50 51 52 49 55 57 59 58 56 60  3  6  2  5  1  4  9  8  7 12 11 10 18 14 15 16 17 13 23 19 22 24 21 20 29 26 25 30 27 28 32 33 36 35 34 31 37 41 39 38 42 40 45 48 44 43 47 46
 30 29 26 27 28 25 31 33 35 34 32 36 39 42 38 41 37 40 45 44 43 48 47 46 54 50 51 52 53 49 59 55 58 60 57 56  5  2  1  6  3  4  8  9 12 11 10  7 13 17 15 14 18 16 21 24 20 19 23 22
 42 41 38 39 40 37 43 45 47 46 44 48 51 54 50 53 49 52 57 56 55 60 59 58  6  2  3  4  5  1 11  7 10 12  9  8 17 14 13 18 15 16 20 21 24 23 22 19 25 29 27 26 30 28 33 36 32 31 35 34
 12 11  8  9 10  7 13 15 17 16 14 18 21 24 20 23 19 22 27 26 25 30 29 28 36 32 33 34 35 31 41 37 40 42 39 38 47 44 43 48 45 46 50 51 54 53 52 49 55 59 57 56 60 58  3  6  2  1  5  4
 24 23 20 21 22 19 25 27 29 28 26 30 33 36 32 35 31 34 39 38 37 42 41 40 48 44 45 46 47 43 53 49 52 54 51 50 59 56 55 60 57 58  2  3  6  5  4  1  7 11  9  8 12 10 15 18 14 13 17 16
 18 17 14 15 16 13 19 21 23 22 20 24 27 30 26 29 25 28 33 32 31 36 35 34 42 38 39 40 41 37 47 43 46 48 45 44 53 50 49 54 51 52 56 57 60 59 58 55  1  5  3  2  6  4  9 12  8  7 11 10
  1  6  3  4  5  2  8 10 12 11  9  7 16 13 15 18 14 17 22 21 20 19 24 23 25 27 28 29 30 26 36 32 35 31 34 33 42 39 38 37 40 41 45 46 43 48 47 44 50 54 52 51 49 53 58 55 57 56 60 59
 55 60 57 58 59 56  2  4  6  5  3  1 10  7  9 12  8 11 16 15 14 13 18 17 19 21 22 23 24 20 30 26 29 25 28 27 36 33 32 31 34 35 39 40 37 42 41 38 44 48 46 45 43 47 52 49 51 50 54 53
 49 54 51 52 53 50 56 58 60 59 57 55  4  1  3  6  2  5 10  9  8  7 12 11 13 15 16 17 18 14 24 20 23 19 22 21 30 27 26 25 28 29 33 34 31 36 35 32 38 42 40 39 37 41 46 43 45 44 48 47
  7 12  9 10 11  8 14 16 18 17 15 13 22 19 21 24 20 23 28 27 26 25 30 29 31 33 34 35 36 32 42 38 41 37 40 39 48 45 44 43 46 47 51 52 49 54 53 50 56 60 58 57 55 59  4  1  3  2  6  5
 37 42 39 40 41 38 44 46 48 47 45 43 52 49 51 54 50 53 58 57 56 55 60 59  1  3  4  5  6  2 12  8 11  7 10  9 18 15 14 13 16 17 21 22 19 24 23 20 26 30 28 27 25 29 34 31 33 32 36 35
 19 24 21 22 23 20 26 28 30 29 27 25 34 31 33 36 32 35 40 39 38 37 42 41 43 45 46 47 48 44 54 50 53 49 52 51 60 57 56 55 58 59  3  4  1  6  5  2  8 12 10  9  7 11 16 13 15 14 18 17
 13 18 15 16 17 14 20 22 24 23 21 19 28 25 27 30 26 29 34 33 32 31 36 35 37 39 40 41 42 38 48 44 47 43 46 45 54 51 50 49 52 53 57 58 55 60 59 56  2  6  4  3  1  5 10  7  9  8 12 11
 43 48 45 46 47 44 50 52 54 53 51 49 58 55 57 60 56 59  4  3  2  1  6  5  7  9 10 11 12  8 18 14 17 13 16 15 24 21 20 19 22 23 27 28 25 30 29 26 32 36 34 33 31 35 40 37 39 38 42 41
 25 30 27 28 29 26 32 34 36 35 33 31 40 37 39 42 38 41 46 45 44 43 48 47 49 51 52 53 54 50 60 56 59 55 58 57  6  3  2  1  4  5  9 10  7 12 11  8 14 18 16 15 13 17 22 19 21 20 24 23
 31 36 33 34 35 32 38 40 42 41 39 37 46 43 45 48 44 47 52 51 50 49 54 53 55 57 58 59 60 56  6  2  5  1  4  3 12  9  8  7 10 11 15 16 13 18 17 14 20 24 22 21 19 23 28 25 27 26 30 29
