 52 53 49 50 54 51 56 58 57 55 59 60  3  4  5  6  1  2 11  8 10 12  9  7 16 17 18 13 14 15 19 21 20 24 22 23 28 30 27 25 29 26 34 33 36 32 35 31 38 42 40 37 39 41 44 45 46 48 47 43
 34 35 31 32 36 33 38 40 39 37 41 42 45 46 47 48 43 44 53 50 52 54 51 49 58 59 60 55 56 57  1  3  2  6  4  5 10 12  9  7 11  8 16 15 18 14 17 13 20 24 22 19 21 23 26 27 28 30 29 25
 58 59 55 56 60 57  2  4  3  1  5  6  9 10 11 12  7  8 17 14 16 18 15 13 22 23 24 19 20 21 25 27 26 30 28 29 34 36 33 31 35 32 40 39 42 38 41 37 44 48 46 43 45 47 50 51 52 54 53 49
 22 23 19 20 24 21 26 28 27 25 29 30 33 34 35 36 31 32 41 38 40 42 39 37 46 47 48 43 44 45 49 51 50 54 52 53 58 60 57 55 59 56  4  3  6  2  5  1  8 12 10  7  9 11 14 15 16 18 17 13
 10 11  7  8 12  9 14 16 15 13 17 18 21 22 23 24 19 20 29 26 28 30 27 25 34 35 36 31 32 33 37 39 38 42 40 41 46 48 45 43 47 44 52 51 54 50 53 49 56 60 58 55 57 59  2  3  4  6  5  1
  4  5  1  2  6  3  8 10  9  7 11 12 15 16 17 18 13 14 23 20 22 24 21 19 28 29 30 25 26 27 31 33 32 36 34 35 40 42 39 37 41 38 46 45 48 44 47 43 50 54 52 49 51 53 56 57 58 60 59 55
 46 47 43 44 48 45 50 52 51 49 53 54 57 58 59 60 55 56  5  2  4  6  3  1 10 11 12  7  8  9 13 15 14 18 16 17 22 24 21 19 23 20 28 27 30 26 29 25 32 36 34 31 33 35 38 39 40 42 41 37
 28 29 25 26 30 27 32 34 33 31 35 36 39 40 41 42 37 38 47 44 46 48 45 43 52 53 54 49 50 51 55 57 56 60 58 59  4  6  3  1  5  2 10  9 12  8 11  7 14 18 16 13 15 17 20 21 22 24 23 19
 40 41 37 38 42 39 44 46 45 43 47 48 51 52 53 54 49 50 59 56 58 60 57 55  4  5  6  1  2  3  7  9  8 12 10 11 16 18 15 13 17 14 22 21 24 20 23 19 26 30 28 25 27 29 32 33 34 36 35 31
 16 17 13 14 18 15 20 22 21 19 23 24 27 28 29 30 25 26 35 32 34 36 33 31 40 41 42 37 38 39 43 45 44 48 46 47 52 54 51 49 53 50 58 57 60 56 59 55  2  6  4  1  3  5  8  9 10 12 11  7
 53 54 50 51 49 52 57 59 58 56 60 55  4  5  6  1  2  3 12  9 11  7 10  8 17 18 13 14 15 16 20 22 21 19 23 24 29 25 28 26 30 27 35 34 31 33 36 32 39 37 41 38 40 42 45 46 47 43 48 44
 59 60 56 57 55 58  3  5  4  2  6  1 10 11 12  7  8  9 18 15 17 13 16 14 23 24 19 20 21 22 26 28 27 25 29 30 35 31 34 32 36 33 41 40 37 39 42 38 45 43 47 44 46 48 51 52 53 49 54 50
 47 48 44 45 43 46 51 53 52 50 54 49 58 59 60 55 56 57  6  3  5  1  4  2 11 12  7  8  9 10 14 16 15 13 17 18 23 19 22 20 24 21 29 28 25 27 30 26 33 31 35 32 34 36 39 40 41 37 42 38
  5  6  2  3  1  4  9 11 10  8 12  7 16 17 18 13 14 15 24 21 23 19 22 20 29 30 25 26 27 28 32 34 33 31 35 36 41 37 40 38 42 39 47 46 43 45 48 44 51 49 53 50 52 54 57 58 59 55 60 56
 41 42 38 39 37 40 45 47 46 44 48 43 52 53 54 49 50 51 60 57 59 55 58 56  5  6  1  2  3  4  8 10  9  7 11 12 17 13 16 14 18 15 23 22 19 21 24 20 27 25 29 26 28 30 33 34 35 31 36 32
 11 12  8  9  7 10 15 17 16 14 18 13 22 23 24 19 20 21 30 27 29 25 28 26 35 36 31 32 33 34 38 40 39 37 41 42 47 43 46 44 48 45 53 52 49 51 54 50 57 55 59 56 58 60  3  4  5  1  6  2
 29 30 26 27 25 28 33 35 34 32 36 31 40 41 42 37 38 39 48 45 47 43 46 44 53 54 49 50 51 52 56 58 57 55 59 60  5  1  4  2  6  3 11 10  7  9 12  8 15 13 17 14 16 18 21 22 23 19 24 20
 35 36 32 33 31 34 39 41 40 38 42 37 46 47 48 43 44 45 54 51 53 49 52 50 59 60 55 56 57 58  2  4  3  1  5  6 11  7 10  8 12  9 17 16 13 15 18 14 21 19 23 20 22 24 27 28 29 25 30 26
 17 18 14 15 13 16 21 23 22 20 24 19 28 29 30 25 26 27 36 33 35 31 34 32 41 42 37 38 39 40 44 46 45 43 47 48 53 49 52 50 54 51 59 58 55 57 60 56  3  1  5  2  4  6  9 10 11  7 12  8
 23 24 20 21 19 22 27 29 28 26 30 25 34 35 36 31 32 33 42 39 41 37 40 38 47 48 43 44 45 46 50 52 51 49 53 54 59 55 58 56 60 57  5  4  1  3  6  2  9  7 11  8 10 12 15 16 17 13 18 14
  6  1  3  4  2  5 10 12 11  9  7  8 17 18 13 14 15 16 19 22 24 20 23 21 30 25 26 27 28 29 33 35 34 32 36 31 42 38 41 39 37 40 48 47 44 46 43 45 52 50 54 51 53 49 58 59 60 56 55 57
 18 13 15 16 14 17 22 24 23 21 19 20 29 30 25 26 27 28 31 34 36 32 35 33 42 37 38 39 40 41 45 47 46 44 48 43 54 50 53 51 49 52 60 59 56 58 55 57  4  2  6  3  5  1 10 11 12  8  7  9
 48 43 45 46 44 47 52 54 53 51 49 50 59 60 55 56 57 58  1  4  6  2  5  3 12  7  8  9 10 11 15 17 16 14 18 13 24 20 23 21 19 22 30 29 26 28 25 27 34 32 36 33 35 31 40 41 42 38 37 39
 54 49 51 52 50 53 58 60 59 57 55 56  5  6  1  2  3  4  7 10 12  8 11  9 18 13 14 15 16 17 21 23 22 20 24 19 30 26 29 27 25 28 36 35 32 34 31 33 40 38 42 39 41 37 46 47 48 44 43 45
 12  7  9 10  8 11 16 18 17 15 13 14 23 24 19 20 21 22 25 28 30 26 29 27 36 31 32 33 34 35 39 41 40 38 42 37 48 44 47 45 43 46 54 53 50 52 49 51 58 56 60 57 59 55  4  5  6  2  1  3
 24 19 21 22 20 23 28 30 29 27 25 26 35 36 31 32 33 34 37 40 42 38 41 39 48 43 44 45 46 47 51 53 52 50 54 49 60 56 59 57 55 58  6  5  2  4  1  3 10  8 12  9 11  7 16 17 18 14 13 15
 60 55 57 58 56 59  4  6  5  3  1  2 11 12  7  8  9 10 13 16 18 14 17 15 24 19 20 21 22 23 27 29 28 26 30 25 36 32 35 33 31 34 42 41 38 40 37 39 46 44 48 45 47 43 52 53 54 50 49 51
 42 37 39 40 38 41 46 48 47 45 43 44 53 54 49 50 51 52 55 58 60 56 59 57  6  1  2  3  4  5  9 11 10  8 12  7 18 14 17 15 13 16 24 23 20 22 19 21 28 26 30 27 29 25 34 35 36 32 31 33
 36 31 33 34 32 35 40 42 41 39 37 38 47 48 43 44 45 46 49 52 54 50 53 51 60 55 56 57 58 59  3  5  4  2  6  1 12  8 11  9  7 10 18 17 14 16 13 15 22 20 24 21 23 19 28 29 30 26 25 27
 30 25 27 28 26 29 34 36 35 33 31 32 41 42 37 38 39 40 43 46 48 44 47 45 54 49 50 51 52 53 57 59 58 56 60 55  6  2  5  3  1  4 12 11  8 10  7  9 16 14 18 15 17 13 22 23 24 20 19 21
 13 14 16 17 15 18 23 19 24 22 20 21 30 25 26 27 28 29 32 35 31 33 36 34 37 38 39 40 41 42 46 48 47 45 43 44 49 51 54 52 50 53 55 60 57 59 56 58  5  3  1  4  6  2 11 12  7  9  8 10
 37 38 40 41 39 42 47 43 48 46 44 45 54 49 50 51 52 53 56 59 55 57 60 58  1  2  3  4  5  6 10 12 11  9  7  8 13 15 18 16 14 17 19 24 21 23 20 22 29 27 25 28 30 26 35 36 31 33 32 34
  1  2  4  5  3  6 11  7 12 10  8  9 18 13 14 15 16 17 20 23 19 21 24 22 25 26 27 28 29 30 34 36 35 33 31 32 37 39 42 40 38 41 43 48 45 47 44 46 53 51 49 52 54 50 59 60 55 57 56 58
 31 32 34 35 33 36 41 37 42 40 38 39 48 43 44 45 46 47 50 53 49 51 54 52 55 56 57 58 59 60  4  6  5  3  1  2  7  9 12 10  8 11 13 18 15 17 14 16 23 21 19 22 24 20 29 30 25 27 26 28
 25 26 28 29 27 30 35 31 36 34 32 33 42 37 38 39 40 41 44 47 43 45 48 46 49 50 51 52 53 54 58 60 59 57 55 56  1  3  6  4  2  5  7 12  9 11  8 10 17 15 13 16 18 14 23 24 19 21 20 22
 49 50 52 53 51 54 59 55 60 58 56 57  6  1  2  3  4  5  8 11  7  9 12 10 13 14 15 16 17 18 22 24 23 21 19 20 25 27 30 28 26 29 31 36 33 35 32 34 41 39 37 40 42 38 47 48 43 45 44 46
 43 44 46 47 45 48 53 49 54 52 50 51 60 55 56 57 58 59  2  5  1  3  6  4  7  8  9 10 11 12 16 18 17 15 13 14 19 21 24 22 20 23 25 30 27 29 26 28 35 33 31 34 36 32 41 42 37 39 38 40
 19 20 22 23 21 24 29 25 30 28 26 27 36 31 32 33 34 35 38 41 37 39 42 40 43 44 45 46 47 48 52 54 53 51 49 50 55 57 60 58 56 59  1  6  3  5  2  4 11  9  7 10 12  8 17 18 13 15 14 16
  7  8 10 11  9 12 17 13 18 16 14 15 24 19 20 21 22 23 26 29 25 27 30 28 31 32 33 34 35 36 40 42 41 39 37 38 43 45 48 46 44 47 49 54 51 53 50 52 59 57 55 58 60 56  5  6  1  3  2  4
 55 56 58 59 57 60  5  1  6  4  2  3 12  7  8  9 10 11 14 17 13 15 18 16 19 20 21 22 23 24 28 30 29 27 25 26 31 33 36 34 32 35 37 42 39 41 38 40 47 45 43 46 48 44 53 54 49 51 50 52
  8  9 11 12 10  7 18 14 13 17 15 16 19 20 21 22 23 24 27 30 26 28 25 29 32 33 34 35 36 31 41 37 42 40 38 39 44 46 43 47 45 48 50 49 52 54 51 53 60 58 56 59 55 57  6  1  2  4  3  5
 14 15 17 18 16 13 24 20 19 23 21 22 25 26 27 28 29 30 33 36 32 34 31 35 38 39 40 41 42 37 47 43 48 46 44 45 50 52 49 53 51 54 56 55 58 60 57 59  6  4  2  5  1  3 12  7  8 10  9 11
 38 39 41 42 40 37 48 44 43 47 45 46 49 50 51 52 53 54 57 60 56 58 55 59  2  3  4  5  6  1 11  7 12 10  8  9 14 16 13 17 15 18 20 19 22 24 21 23 30 28 26 29 25 27 36 31 32 34 33 35
  2  3  5  6  4  1 12  8  7 11  9 10 13 14 15 16 17 18 21 24 20 22 19 23 26 27 28 29 30 25 35 31 36 34 32 33 38 40 37 41 39 42 44 43 46 48 45 47 54 52 50 53 49 51 60 55 56 58 57 59
 26 27 29 30 28 25 36 32 31 35 33 34 37 38 39 40 41 42 45 48 44 46 43 47 50 51 52 53 54 49 59 55 60 58 56 57  2  4  1  5  3  6  8  7 10 12  9 11 18 16 14 17 13 15 24 19 20 22 21 23
 32 33 35 36 34 31 42 38 37 41 39 40 43 44 45 46 47 48 51 54 50 52 49 53 56 57 58 59 60 55  5  1  6  4  2  3  8 10  7 11  9 12 14 13 16 18 15 17 24 22 20 23 19 21 30 25 26 28 27 29
 44 45 47 48 46 43 54 50 49 53 51 52 55 56 57 58 59 60  3  6  2  4  1  5  8  9 10 11 12  7 17 13 18 16 14 15 20 22 19 23 21 24 26 25 28 30 27 29 36 34 32 35 31 33 42 37 38 40 39 41
 56 57 59 60 58 55  6  2  1  5  3  4  7  8  9 10 11 12 15 18 14 16 13 17 20 21 22 23 24 19 29 25 30 28 26 27 32 34 31 35 33 36 38 37 40 42 39 41 48 46 44 47 43 45 54 49 50 52 51 53
 50 51 53 54 52 49 60 56 55 59 57 58  1  2  3  4  5  6  9 12  8 10  7 11 14 15 16 17 18 13 23 19 24 22 20 21 26 28 25 29 27 30 32 31 34 36 33 35 42 40 38 41 37 39 48 43 44 46 45 47
 20 21 23 24 22 19 30 26 25 29 27 28 31 32 33 34 35 36 39 42 38 40 37 41 44 45 46 47 48 43 53 49 54 52 50 51 56 58 55 59 57 60  2  1  4  6  3  5 12 10  8 11  7  9 18 13 14 16 15 17
 57 58 60 55 59 56  1  3  2  6  4  5  8  9 10 11 12  7 16 13 15 17 14 18 21 22 23 24 19 20 30 26 25 29 27 28 33 35 32 36 34 31 39 38 41 37 40 42 43 47 45 48 44 46 49 50 51 53 52 54
 45 46 48 43 47 44 49 51 50 54 52 53 56 57 58 59 60 55  4  1  3  5  2  6  9 10 11 12  7  8 18 14 13 17 15 16 21 23 20 24 22 19 27 26 29 25 28 30 31 35 33 36 32 34 37 38 39 41 40 42
  3  4  6  1  5  2  7  9  8 12 10 11 14 15 16 17 18 13 22 19 21 23 20 24 27 28 29 30 25 26 36 32 31 35 33 34 39 41 38 42 40 37 45 44 47 43 46 48 49 53 51 54 50 52 55 56 57 59 58 60
 15 16 18 13 17 14 19 21 20 24 22 23 26 27 28 29 30 25 34 31 33 35 32 36 39 40 41 42 37 38 48 44 43 47 45 46 51 53 50 54 52 49 57 56 59 55 58 60  1  5  3  6  2  4  7  8  9 11 10 12
 33 34 36 31 35 32 37 39 38 42 40 41 44 45 46 47 48 43 52 49 51 53 50 54 57 58 59 60 55 56  6  2  1  5  3  4  9 11  8 12 10  7 15 14 17 13 16 18 19 23 21 24 20 22 25 26 27 29 28 30
 27 28 30 25 29 26 31 33 32 36 34 35 38 39 40 41 42 37 46 43 45 47 44 48 51 52 53 54 49 50 60 56 55 59 57 58  3  5  2  6  4  1  9  8 11  7 10 12 13 17 15 18 14 16 19 20 21 23 22 24
 51 52 54 49 53 50 55 57 56 60 58 59  2  3  4  5  6  1 10  7  9 11  8 12 15 16 17 18 13 14 24 20 19 23 21 22 27 29 26 30 28 25 33 32 35 31 34 36 37 41 39 42 38 40 43 44 45 47 46 48
  9 10 12  7 11  8 13 15 14 18 16 17 20 21 22 23 24 19 28 25 27 29 26 30 33 34 35 36 31 32 42 38 37 41 39 40 45 47 44 48 46 43 51 50 53 49 52 54 55 59 57 60 56 58  1  2  3  5  4  6
 39 40 42 37 41 38 43 45 44 48 46 47 50 51 52 53 54 49 58 55 57 59 56 60  3  4  5  6  1  2 12  8  7 11  9 10 15 17 14 18 16 13 21 20 23 19 22 24 25 29 27 30 26 28 31 32 33 35 34 36
 21 22 24 19 23 20 25 27 26 30 28 29 32 33 34 35 36 31 40 37 39 41 38 42 45 46 47 48 43 44 54 50 49 53 51 52 57 59 56 60 58 55  3  2  5  1  4  6  7 11  9 12  8 10 13 14 15 17 16 18
