 11 13 12 10  8 14  9  6  7  3  2  1  4  5
  4  6  5  3  1  7  2 13 14 10  9  8 11 12
 12 14 13 11  9  8 10  7  1  4  3  2  5  6
  5  7  6  4  2  1  3 14  8 11 10  9 12 13
  6  1  7  5  3  2  4  8  9 12 11 10 13 14
 13  8 14 12 10  9 11  1  2  5  4  3  6  7
 14  9  8 13 11 10 12  2  3  6  5  4  7  1
  7  2  1  6  4  3  5  9 10 13 12 11 14  8
  1  3  2  7  5  4  6 10 11 14 13 12  8  9
  8 10  9 14 12 11 13  3  4  7  6  5  1  2
  9 11 10  8 13 12 14  4  5  1  7  6  2  3
  2  4  3  1  6  5  7 11 12  8 14 13  9 10
  3  5  4  2  7  6  1 12 13  9  8 14 10 11
 10 12 11  9 14 13  8  5  6  2  1  7  3  4
