  4  1  2  5  6  7  3 13 12 14 10 11  8  9
 11  8  9 12 13 14 10  6  5  7  3  4  1  2
 12  9 10 13 14  8 11  7  6  1  4  5  2  3
  5  2  3  6  7  1  4 14 13  8 11 12  9 10
 13 10 11 14  8  9 12  1  7  2  5  6  3  4
  6  3  4  7  1  2  5  8 14  9 12 13 10 11
 14 11 12  8  9 10 13  2  1  3  6  7  4  5
  7  4  5  1  2  3  6  9  8 10 13 14 11 12
  1  5  6  2  3  4  7 10  9 11 14  8 12 13
  8 12 13  9 10 11 14  3  2  4  7  1  5  6
  9 13 14 10 11 12  8  4  3  5  1  2  6  7
  2  6  7  3  4  5  1 11 10 12  8  9 13 14
 10 14  8 11 12 13  9  5  4  6  2  3  7  1
  3  7  1  4  5  6  2 12 11 13  9 10 14  8
