 31 29 33 34 36 32 35 30 28 45 43 39 38 42 40 37 44 41 50 47 52 51 46 49 53 54 48 57 59 58 61 63 60 55 56 62 68 66 64 65 72 70 69 67 71 73 76 78 74 77 75 79 81 80  9  5  6  1  3  4  2  7  8 18 17 16 10 13 11 12 15 14 25 22 20 24 21 19 27 26 23
  4  2  6  7  9  5  8  3  1 18 16 12 11 15 13 10 17 14 23 20 25 24 19 22 26 27 21 30 32 31 34 36 33 28 29 35 41 39 37 38 45 43 42 40 44 46 49 51 47 50 48 52 54 53 63 59 60 55 57 58 56 61 62 72 71 70 64 67 65 66 69 68 79 76 74 78 75 73 81 80 77
 13 11 15 16 18 14 17 12 10 27 25 21 20 24 22 19 26 23 32 29 34 33 28 31 35 36 30 39 41 40 43 45 42 37 38 44 50 48 46 47 54 52 51 49 53 55 58 60 56 59 57 61 63 62 72 68 69 64 66 67 65 70 71 81 80 79 73 76 74 75 78 77  7  4  2  6  3  1  9  8  5
 22 20 24 25 27 23 26 21 19 36 34 30 29 33 31 28 35 32 41 38 43 42 37 40 44 45 39 48 50 49 52 54 51 46 47 53 59 57 55 56 63 61 60 58 62 64 67 69 65 68 66 70 72 71 81 77 78 73 75 76 74 79 80  9  8  7  1  4  2  3  6  5 16 13 11 15 12 10 18 17 14
 76 74 78 79 81 77 80 75 73  9  7  3  2  6  4  1  8  5 14 11 16 15 10 13 17 18 12 21 23 22 25 27 24 19 20 26 32 30 28 29 36 34 33 31 35 37 40 42 38 41 39 43 45 44 54 50 51 46 48 49 47 52 53 63 62 61 55 58 56 57 60 59 70 67 65 69 66 64 72 71 68
 58 56 60 61 63 59 62 57 55 72 70 66 65 69 67 64 71 68 77 74 79 78 73 76 80 81 75  3  5  4  7  9  6  1  2  8 14 12 10 11 18 16 15 13 17 19 22 24 20 23 21 25 27 26 36 32 33 28 30 31 29 34 35 45 44 43 37 40 38 39 42 41 52 49 47 51 48 46 54 53 50
 40 38 42 43 45 41 44 39 37 54 52 48 47 51 49 46 53 50 59 56 61 60 55 58 62 63 57 66 68 67 70 72 69 64 65 71 77 75 73 74 81 79 78 76 80  1  4  6  2  5  3  7  9  8 18 14 15 10 12 13 11 16 17 27 26 25 19 22 20 21 24 23 34 31 29 33 30 28 36 35 32
 67 65 69 70 72 68 71 66 64 81 79 75 74 78 76 73 80 77  5  2  7  6  1  4  8  9  3 12 14 13 16 18 15 10 11 17 23 21 19 20 27 25 24 22 26 28 31 33 29 32 30 34 36 35 45 41 42 37 39 40 38 43 44 54 53 52 46 49 47 48 51 50 61 58 56 60 57 55 63 62 59
 49 47 51 52 54 50 53 48 46 63 61 57 56 60 58 55 62 59 68 65 70 69 64 67 71 72 66 75 77 76 79 81 78 73 74 80  5  3  1  2  9  7  6  4  8 10 13 15 11 14 12 16 18 17 27 23 24 19 21 22 20 25 26 36 35 34 28 31 29 30 33 32 43 40 38 42 39 37 45 44 41
 50 48 52 53 46 51 54 49 47 55 62 58 57 61 59 56 63 60 69 66 71 70 65 68 72 64 67 76 78 77 80 73 79 74 75 81  6  4  2  3  1  8  7  5  9 11 14 16 12 15 13 17 10 18 19 24 25 20 22 23 21 26 27 28 36 35 29 32 30 31 34 33 44 41 39 43 40 38 37 45 42
 77 75 79 80 73 78 81 76 74  1  8  4  3  7  5  2  9  6 15 12 17 16 11 14 18 10 13 22 24 23 26 19 25 20 21 27 33 31 29 30 28 35 34 32 36 38 41 43 39 42 40 44 37 45 46 51 52 47 49 50 48 53 54 55 63 62 56 59 57 58 61 60 71 68 66 70 67 65 64 72 69
 68 66 70 71 64 69 72 67 65 73 80 76 75 79 77 74 81 78  6  3  8  7  2  5  9  1  4 13 15 14 17 10 16 11 12 18 24 22 20 21 19 26 25 23 27 29 32 34 30 33 31 35 28 36 37 42 43 38 40 41 39 44 45 46 54 53 47 50 48 49 52 51 62 59 57 61 58 56 55 63 60
 14 12 16 17 10 15 18 13 11 19 26 22 21 25 23 20 27 24 33 30 35 34 29 32 36 28 31 40 42 41 44 37 43 38 39 45 51 49 47 48 46 53 52 50 54 56 59 61 57 60 58 62 55 63 64 69 70 65 67 68 66 71 72 73 81 80 74 77 75 76 79 78  8  5  3  7  4  2  1  9  6
 41 39 43 44 37 42 45 40 38 46 53 49 48 52 50 47 54 51 60 57 62 61 56 59 63 55 58 67 69 68 71 64 70 65 66 72 78 76 74 75 73 80 79 77 81  2  5  7  3  6  4  8  1  9 10 15 16 11 13 14 12 17 18 19 27 26 20 23 21 22 25 24 35 32 30 34 31 29 28 36 33
 23 21 25 26 19 24 27 22 20 28 35 31 30 34 32 29 36 33 42 39 44 43 38 41 45 37 40 49 51 50 53 46 52 47 48 54 60 58 56 57 55 62 61 59 63 65 68 70 66 69 67 71 64 72 73 78 79 74 76 77 75 80 81  1  9  8  2  5  3  4  7  6 17 14 12 16 13 11 10 18 15
 59 57 61 62 55 60 63 58 56 64 71 67 66 70 68 65 72 69 78 75 80 79 74 77 81 73 76  4  6  5  8  1  7  2  3  9 15 13 11 12 10 17 16 14 18 20 23 25 21 24 22 26 19 27 28 33 34 29 31 32 30 35 36 37 45 44 38 41 39 40 43 42 53 50 48 52 49 47 46 54 51
 32 30 34 35 28 33 36 31 29 37 44 40 39 43 41 38 45 42 51 48 53 52 47 50 54 46 49 58 60 59 62 55 61 56 57 63 69 67 65 66 64 71 70 68 72 74 77 79 75 78 76 80 73 81  1  6  7  2  4  5  3  8  9 10 18 17 11 14 12 13 16 15 26 23 21 25 22 20 19 27 24
  5  3  7  8  1  6  9  4  2 10 17 13 12 16 14 11 18 15 24 21 26 25 20 23 27 19 22 31 33 32 35 28 34 29 30 36 42 40 38 39 37 44 43 41 45 47 50 52 48 51 49 53 46 54 55 60 61 56 58 59 57 62 63 64 72 71 65 68 66 67 70 69 80 77 75 79 76 74 73 81 78
 42 40 44 45 38 43 37 41 39 47 54 50 49 53 51 48 46 52 61 58 63 62 57 60 55 56 59 68 70 69 72 65 71 66 67 64 79 77 75 76 74 81 80 78 73  3  6  8  4  7  5  9  2  1 11 16 17 12 14 15 13 18 10 20 19 27 21 24 22 23 26 25 36 33 31 35 32 30 29 28 34
 78 76 80 81 74 79 73 77 75  2  9  5  4  8  6  3  1  7 16 13 18 17 12 15 10 11 14 23 25 24 27 20 26 21 22 19 34 32 30 31 29 36 35 33 28 39 42 44 40 43 41 45 38 37 47 52 53 48 50 51 49 54 46 56 55 63 57 60 58 59 62 61 72 69 67 71 68 66 65 64 70
 60 58 62 63 56 61 55 59 57 65 72 68 67 71 69 66 64 70 79 76 81 80 75 78 73 74 77  5  7  6  9  2  8  3  4  1 16 14 12 13 11 18 17 15 10 21 24 26 22 25 23 27 20 19 29 34 35 30 32 33 31 36 28 38 37 45 39 42 40 41 44 43 54 51 49 53 50 48 47 46 52
  6  4  8  9  2  7  1  5  3 11 18 14 13 17 15 12 10 16 25 22 27 26 21 24 19 20 23 32 34 33 36 29 35 30 31 28 43 41 39 40 38 45 44 42 37 48 51 53 49 52 50 54 47 46 56 61 62 57 59 60 58 63 55 65 64 72 66 69 67 68 71 70 81 78 76 80 77 75 74 73 79
 24 22 26 27 20 25 19 23 21 29 36 32 31 35 33 30 28 34 43 40 45 44 39 42 37 38 41 50 52 51 54 47 53 48 49 46 61 59 57 58 56 63 62 60 55 66 69 71 67 70 68 72 65 64 74 79 80 75 77 78 76 81 73  2  1  9  3  6  4  5  8  7 18 15 13 17 14 12 11 10 16
 33 31 35 36 29 34 28 32 30 38 45 41 40 44 42 39 37 43 52 49 54 53 48 51 46 47 50 59 61 60 63 56 62 57 58 55 70 68 66 67 65 72 71 69 64 75 78 80 76 79 77 81 74 73  2  7  8  3  5  6  4  9  1 11 10 18 12 15 13 14 17 16 27 24 22 26 23 21 20 19 25
 69 67 71 72 65 70 64 68 66 74 81 77 76 80 78 75 73 79  7  4  9  8  3  6  1  2  5 14 16 15 18 11 17 12 13 10 25 23 21 22 20 27 26 24 19 30 33 35 31 34 32 36 29 28 38 43 44 39 41 42 40 45 37 47 46 54 48 51 49 50 53 52 63 60 58 62 59 57 56 55 61
 15 13 17 18 11 16 10 14 12 20 27 23 22 26 24 21 19 25 34 31 36 35 30 33 28 29 32 41 43 42 45 38 44 39 40 37 52 50 48 49 47 54 53 51 46 57 60 62 58 61 59 63 56 55 65 70 71 66 68 69 67 72 64 74 73 81 75 78 76 77 80 79  9  6  4  8  5  3  2  1  7
 51 49 53 54 47 52 46 50 48 56 63 59 58 62 60 57 55 61 70 67 72 71 66 69 64 65 68 77 79 78 81 74 80 75 76 73  7  5  3  4  2  9  8  6  1 12 15 17 13 16 14 18 11 10 20 25 26 21 23 24 22 27 19 29 28 36 30 33 31 32 35 34 45 42 40 44 41 39 38 37 43
 70 68 72 64 66 71 65 69 67 75 73 78 77 81 79 76 74 80  8  5  1  9  4  7  2  3  6 15 17 16 10 12 18 13 14 11 26 24 22 23 21 19 27 25 20 31 34 36 32 35 33 28 30 29 39 44 45 40 42 43 41 37 38 48 47 46 49 52 50 51 54 53 55 61 59 63 60 58 57 56 62
 34 32 36 28 30 35 29 33 31 39 37 42 41 45 43 40 38 44 53 50 46 54 49 52 47 48 51 60 62 61 55 57 63 58 59 56 71 69 67 68 66 64 72 70 65 76 79 81 77 80 78 73 75 74  3  8  9  4  6  7  5  1  2 12 11 10 13 16 14 15 18 17 19 25 23 27 24 22 21 20 26
 16 14 18 10 12 17 11 15 13 21 19 24 23 27 25 22 20 26 35 32 28 36 31 34 29 30 33 42 44 43 37 39 45 40 41 38 53 51 49 50 48 46 54 52 47 58 61 63 59 62 60 55 57 56 66 71 72 67 69 70 68 64 65 75 74 73 76 79 77 78 81 80  1  7  5  9  6  4  3  2  8
 25 23 27 19 21 26 20 24 22 30 28 33 32 36 34 31 29 35 44 41 37 45 40 43 38 39 42 51 53 52 46 48 54 49 50 47 62 60 58 59 57 55 63 61 56 67 70 72 68 71 69 64 66 65 75 80 81 76 78 79 77 73 74  3  2  1  4  7  5  6  9  8 10 16 14 18 15 13 12 11 17
 79 77 81 73 75 80 74 78 76  3  1  6  5  9  7  4  2  8 17 14 10 18 13 16 11 12 15 24 26 25 19 21 27 22 23 20 35 33 31 32 30 28 36 34 29 40 43 45 41 44 42 37 39 38 48 53 54 49 51 52 50 46 47 57 56 55 58 61 59 60 63 62 64 70 68 72 69 67 66 65 71
 61 59 63 55 57 62 56 60 58 66 64 69 68 72 70 67 65 71 80 77 73 81 76 79 74 75 78  6  8  7  1  3  9  4  5  2 17 15 13 14 12 10 18 16 11 22 25 27 23 26 24 19 21 20 30 35 36 31 33 34 32 28 29 39 38 37 40 43 41 42 45 44 46 52 50 54 51 49 48 47 53
  7  5  9  1  3  8  2  6  4 12 10 15 14 18 16 13 11 17 26 23 19 27 22 25 20 21 24 33 35 34 28 30 36 31 32 29 44 42 40 41 39 37 45 43 38 49 52 54 50 53 51 46 48 47 57 62 63 58 60 61 59 55 56 66 65 64 67 70 68 69 72 71 73 79 77 81 78 76 75 74 80
 43 41 45 37 39 44 38 42 40 48 46 51 50 54 52 49 47 53 62 59 55 63 58 61 56 57 60 69 71 70 64 66 72 67 68 65 80 78 76 77 75 73 81 79 74  4  7  9  5  8  6  1  3  2 12 17 18 13 15 16 14 10 11 21 20 19 22 25 23 24 27 26 28 34 32 36 33 31 30 29 35
 52 50 54 46 48 53 47 51 49 57 55 60 59 63 61 58 56 62 71 68 64 72 67 70 65 66 69 78 80 79 73 75 81 76 77 74  8  6  4  5  3  1  9  7  2 13 16 18 14 17 15 10 12 11 21 26 27 22 24 25 23 19 20 30 29 28 31 34 32 33 36 35 37 43 41 45 42 40 39 38 44
 62 60 55 56 58 63 57 61 59 67 65 70 69 64 71 68 66 72 81 78 74 73 77 80 75 76 79  7  9  8  2  4  1  5  6  3 18 16 14 15 13 11 10 17 12 23 26 19 24 27 25 20 22 21 31 36 28 32 34 35 33 29 30 40 39 38 41 44 42 43 37 45 47 53 51 46 52 50 49 48 54
 17 15 10 11 13 18 12 16 14 22 20 25 24 19 26 23 21 27 36 33 29 28 32 35 30 31 34 43 45 44 38 40 37 41 42 39 54 52 50 51 49 47 46 53 48 59 62 55 60 63 61 56 58 57 67 72 64 68 70 71 69 65 66 76 75 74 77 80 78 79 73 81  2  8  6  1  7  5  4  3  9
 35 33 28 29 31 36 30 34 32 40 38 43 42 37 44 41 39 45 54 51 47 46 50 53 48 49 52 61 63 62 56 58 55 59 60 57 72 70 68 69 67 65 64 71 66 77 80 73 78 81 79 74 76 75  4  9  1  5  7  8  6  2  3 13 12 11 14 17 15 16 10 18 20 26 24 19 25 23 22 21 27
 26 24 19 20 22 27 21 25 23 31 29 34 33 28 35 32 30 36 45 42 38 37 41 44 39 40 43 52 54 53 47 49 46 50 51 48 63 61 59 60 58 56 55 62 57 68 71 64 69 72 70 65 67 66 76 81 73 77 79 80 78 74 75  4  3  2  5  8  6  7  1  9 11 17 15 10 16 14 13 12 18
 71 69 64 65 67 72 66 70 68 76 74 79 78 73 80 77 75 81  9  6  2  1  5  8  3  4  7 16 18 17 11 13 10 14 15 12 27 25 23 24 22 20 19 26 21 32 35 28 33 36 34 29 31 30 40 45 37 41 43 44 42 38 39 49 48 47 50 53 51 52 46 54 56 62 60 55 61 59 58 57 63
  8  6  1  2  4  9  3  7  5 13 11 16 15 10 17 14 12 18 27 24 20 19 23 26 21 22 25 34 36 35 29 31 28 32 33 30 45 43 41 42 40 38 37 44 39 50 53 46 51 54 52 47 49 48 58 63 55 59 61 62 60 56 57 67 66 65 68 71 69 70 64 72 74 80 78 73 79 77 76 75 81
 44 42 37 38 40 45 39 43 41 49 47 52 51 46 53 50 48 54 63 60 56 55 59 62 57 58 61 70 72 71 65 67 64 68 69 66 81 79 77 78 76 74 73 80 75  5  8  1  6  9  7  2  4  3 13 18 10 14 16 17 15 11 12 22 21 20 23 26 24 25 19 27 29 35 33 28 34 32 31 30 36
 80 78 73 74 76 81 75 79 77  4  2  7  6  1  8  5  3  9 18 15 11 10 14 17 12 13 16 25 27 26 20 22 19 23 24 21 36 34 32 33 31 29 28 35 30 41 44 37 42 45 43 38 40 39 49 54 46 50 52 53 51 47 48 58 57 56 59 62 60 61 55 63 65 71 69 64 70 68 67 66 72
 53 51 46 47 49 54 48 52 50 58 56 61 60 55 62 59 57 63 72 69 65 64 68 71 66 67 70 79 81 80 74 76 73 77 78 75  9  7  5  6  4  2  1  8  3 14 17 10 15 18 16 11 13 12 22 27 19 23 25 26 24 20 21 31 30 29 32 35 33 34 28 36 38 44 42 37 43 41 40 39 45
 81 79 74 75 77 73 76 80 78  5  3  8  7  2  9  6  4  1 10 16 12 11 15 18 13 14 17 26 19 27 21 23 20 24 25 22 28 35 33 34 32 30 29 36 31 42 45 38 43 37 44 39 41 40 50 46 47 51 53 54 52 48 49 59 58 57 60 63 61 62 56 55 66 72 70 65 71 69 68 67 64
 72 70 65 66 68 64 67 71 69 77 75 80 79 74 81 78 76 73  1  7  3  2  6  9  4  5  8 17 10 18 12 14 11 15 16 13 19 26 24 25 23 21 20 27 22 33 36 29 34 28 35 30 32 31 41 37 38 42 44 45 43 39 40 50 49 48 51 54 52 53 47 46 57 63 61 56 62 60 59 58 55
 18 16 11 12 14 10 13 17 15 23 21 26 25 20 27 24 22 19 28 34 30 29 33 36 31 32 35 44 37 45 39 41 38 42 43 40 46 53 51 52 50 48 47 54 49 60 63 56 61 55 62 57 59 58 68 64 65 69 71 72 70 66 67 77 76 75 78 81 79 80 74 73  3  9  7  2  8  6  5  4  1
  9  7  2  3  5  1  4  8  6 14 12 17 16 11 18 15 13 10 19 25 21 20 24 27 22 23 26 35 28 36 30 32 29 33 34 31 37 44 42 43 41 39 38 45 40 51 54 47 52 46 53 48 50 49 59 55 56 60 62 63 61 57 58 68 67 66 69 72 70 71 65 64 75 81 79 74 80 78 77 76 73
 54 52 47 48 50 46 49 53 51 59 57 62 61 56 63 60 58 55 64 70 66 65 69 72 67 68 71 80 73 81 75 77 74 78 79 76  1  8  6  7  5  3  2  9  4 15 18 11 16 10 17 12 14 13 23 19 20 24 26 27 25 21 22 32 31 30 33 36 34 35 29 28 39 45 43 38 44 42 41 40 37
 27 25 20 21 23 19 22 26 24 32 30 35 34 29 36 33 31 28 37 43 39 38 42 45 40 41 44 53 46 54 48 50 47 51 52 49 55 62 60 61 59 57 56 63 58 69 72 65 70 64 71 66 68 67 77 73 74 78 80 81 79 75 76  5  4  3  6  9  7  8  2  1 12 18 16 11 17 15 14 13 10
 63 61 56 57 59 55 58 62 60 68 66 71 70 65 72 69 67 64 73 79 75 74 78 81 76 77 80  8  1  9  3  5  2  6  7  4 10 17 15 16 14 12 11 18 13 24 27 20 25 19 26 21 23 22 32 28 29 33 35 36 34 30 31 41 40 39 42 45 43 44 38 37 48 54 52 47 53 51 50 49 46
 36 34 29 30 32 28 31 35 33 41 39 44 43 38 45 42 40 37 46 52 48 47 51 54 49 50 53 62 55 63 57 59 56 60 61 58 64 71 69 70 68 66 65 72 67 78 81 74 79 73 80 75 77 76  5  1  2  6  8  9  7  3  4 14 13 12 15 18 16 17 11 10 21 27 25 20 26 24 23 22 19
 45 43 38 39 41 37 40 44 42 50 48 53 52 47 54 51 49 46 55 61 57 56 60 63 58 59 62 71 64 72 66 68 65 69 70 67 73 80 78 79 77 75 74 81 76  6  9  2  7  1  8  3  5  4 14 10 11 15 17 18 16 12 13 23 22 21 24 27 25 26 20 19 30 36 34 29 35 33 32 31 28
 64 71 66 67 69 65 68 72 70 78 76 81 80 75 73 79 77 74  2  8  4  3  7  1  5  6  9 18 11 10 13 15 12 16 17 14 20 27 25 26 24 22 21 19 23 34 28 30 35 29 36 31 33 32 42 38 39 43 45 37 44 40 41 51 50 49 52 46 53 54 48 47 58 55 62 57 63 61 60 59 56
 10 17 12 13 15 11 14 18 16 24 22 27 26 21 19 25 23 20 29 35 31 30 34 28 32 33 36 45 38 37 40 42 39 43 44 41 47 54 52 53 51 49 48 46 50 61 55 57 62 56 63 58 60 59 69 65 66 70 72 64 71 67 68 78 77 76 79 73 80 81 75 74  4  1  8  3  9  7  6  5  2
 37 44 39 40 42 38 41 45 43 51 49 54 53 48 46 52 50 47 56 62 58 57 61 55 59 60 63 72 65 64 67 69 66 70 71 68 74 81 79 80 78 76 75 73 77  7  1  3  8  2  9  4  6  5 15 11 12 16 18 10 17 13 14 24 23 22 25 19 26 27 21 20 31 28 35 30 36 34 33 32 29
 19 26 21 22 24 20 23 27 25 33 31 36 35 30 28 34 32 29 38 44 40 39 43 37 41 42 45 54 47 46 49 51 48 52 53 50 56 63 61 62 60 58 57 55 59 70 64 66 71 65 72 67 69 68 78 74 75 79 81 73 80 76 77  6  5  4  7  1  8  9  3  2 13 10 17 12 18 16 15 14 11
 55 62 57 58 60 56 59 63 61 69 67 72 71 66 64 70 68 65 74 80 76 75 79 73 77 78 81  9  2  1  4  6  3  7  8  5 11 18 16 17 15 13 12 10 14 25 19 21 26 20 27 22 24 23 33 29 30 34 36 28 35 31 32 42 41 40 43 37 44 45 39 38 49 46 53 48 54 52 51 50 47
  1  8  3  4  6  2  5  9  7 15 13 18 17 12 10 16 14 11 20 26 22 21 25 19 23 24 27 36 29 28 31 33 30 34 35 32 38 45 43 44 42 40 39 37 41 52 46 48 53 47 54 49 51 50 60 56 57 61 63 55 62 58 59 69 68 67 70 64 71 72 66 65 76 73 80 75 81 79 78 77 74
 28 35 30 31 33 29 32 36 34 42 40 45 44 39 37 43 41 38 47 53 49 48 52 46 50 51 54 63 56 55 58 60 57 61 62 59 65 72 70 71 69 67 66 64 68 79 73 75 80 74 81 76 78 77  6  2  3  7  9  1  8  4  5 15 14 13 16 10 17 18 12 11 22 19 26 21 27 25 24 23 20
 73 80 75 76 78 74 77 81 79  6  4  9  8  3  1  7  5  2 11 17 13 12 16 10 14 15 18 27 20 19 22 24 21 25 26 23 29 36 34 35 33 31 30 28 32 43 37 39 44 38 45 40 42 41 51 47 48 52 54 46 53 49 50 60 59 58 61 55 62 63 57 56 67 64 71 66 72 70 69 68 65
 46 53 48 49 51 47 50 54 52 60 58 63 62 57 55 61 59 56 65 71 67 66 70 64 68 69 72 81 74 73 76 78 75 79 80 77  2  9  7  8  6  4  3  1  5 16 10 12 17 11 18 13 15 14 24 20 21 25 27 19 26 22 23 33 32 31 34 28 35 36 30 29 40 37 44 39 45 43 42 41 38
 56 63 58 59 61 57 60 55 62 70 68 64 72 67 65 71 69 66 75 81 77 76 80 74 78 79 73  1  3  2  5  7  4  8  9  6 12 10 17 18 16 14 13 11 15 26 20 22 27 21 19 23 25 24 34 30 31 35 28 29 36 32 33 43 42 41 44 38 45 37 40 39 50 47 54 49 46 53 52 51 48
 38 45 40 41 43 39 42 37 44 52 50 46 54 49 47 53 51 48 57 63 59 58 62 56 60 61 55 64 66 65 68 70 67 71 72 69 75 73 80 81 79 77 76 74 78  8  2  4  9  3  1  5  7  6 16 12 13 17 10 11 18 14 15 25 24 23 26 20 27 19 22 21 32 29 36 31 28 35 34 33 30
 29 36 31 32 34 30 33 28 35 43 41 37 45 40 38 44 42 39 48 54 50 49 53 47 51 52 46 55 57 56 59 61 58 62 63 60 66 64 71 72 70 68 67 65 69 80 74 76 81 75 73 77 79 78  7  3  4  8  1  2  9  5  6 16 15 14 17 11 18 10 13 12 23 20 27 22 19 26 25 24 21
 65 72 67 68 70 66 69 64 71 79 77 73 81 76 74 80 78 75  3  9  5  4  8  2  6  7  1 10 12 11 14 16 13 17 18 15 21 19 26 27 25 23 22 20 24 35 29 31 36 30 28 32 34 33 43 39 40 44 37 38 45 41 42 52 51 50 53 47 54 46 49 48 59 56 63 58 55 62 61 60 57
 11 18 13 14 16 12 15 10 17 25 23 19 27 22 20 26 24 21 30 36 32 31 35 29 33 34 28 37 39 38 41 43 40 44 45 42 48 46 53 54 52 50 49 47 51 62 56 58 63 57 55 59 61 60 70 66 67 71 64 65 72 68 69 79 78 77 80 74 81 73 76 75  5  2  9  4  1  8  7  6  3
  2  9  4  5  7  3  6  1  8 16 14 10 18 13 11 17 15 12 21 27 23 22 26 20 24 25 19 28 30 29 32 34 31 35 36 33 39 37 44 45 43 41 40 38 42 53 47 49 54 48 46 50 52 51 61 57 58 62 55 56 63 59 60 70 69 68 71 65 72 64 67 66 77 74 81 76 73 80 79 78 75
 74 81 76 77 79 75 78 73 80  7  5  1  9  4  2  8  6  3 12 18 14 13 17 11 15 16 10 19 21 20 23 25 22 26 27 24 30 28 35 36 34 32 31 29 33 44 38 40 45 39 37 41 43 42 52 48 49 53 46 47 54 50 51 61 60 59 62 56 63 55 58 57 68 65 72 67 64 71 70 69 66
 20 27 22 23 25 21 24 19 26 34 32 28 36 31 29 35 33 30 39 45 41 40 44 38 42 43 37 46 48 47 50 52 49 53 54 51 57 55 62 63 61 59 58 56 60 71 65 67 72 66 64 68 70 69 79 75 76 80 73 74 81 77 78  7  6  5  8  2  9  1  4  3 14 11 18 13 10 17 16 15 12
 47 54 49 50 52 48 51 46 53 61 59 55 63 58 56 62 60 57 66 72 68 67 71 65 69 70 64 73 75 74 77 79 76 80 81 78  3  1  8  9  7  5  4  2  6 17 11 13 18 12 10 14 16 15 25 21 22 26 19 20 27 23 24 34 33 32 35 29 36 28 31 30 41 38 45 40 37 44 43 42 39
 57 55 59 60 62 58 61 56 63 71 69 65 64 68 66 72 70 67 76 73 78 77 81 75 79 80 74  2  4  3  6  8  5  9  1  7 13 11 18 10 17 15 14 12 16 27 21 23 19 22 20 24 26 25 35 31 32 36 29 30 28 33 34 44 43 42 45 39 37 38 41 40 51 48 46 50 47 54 53 52 49
 30 28 32 33 35 31 34 29 36 44 42 38 37 41 39 45 43 40 49 46 51 50 54 48 52 53 47 56 58 57 60 62 59 63 55 61 67 65 72 64 71 69 68 66 70 81 75 77 73 76 74 78 80 79  8  4  5  9  2  3  1  6  7 17 16 15 18 12 10 11 14 13 24 21 19 23 20 27 26 25 22
 12 10 14 15 17 13 16 11 18 26 24 20 19 23 21 27 25 22 31 28 33 32 36 30 34 35 29 38 40 39 42 44 41 45 37 43 49 47 54 46 53 51 50 48 52 63 57 59 55 58 56 60 62 61 71 67 68 72 65 66 64 69 70 80 79 78 81 75 73 74 77 76  6  3  1  5  2  9  8  7  4
 48 46 50 51 53 49 52 47 54 62 60 56 55 59 57 63 61 58 67 64 69 68 72 66 70 71 65 74 76 75 78 80 77 81 73 79  4  2  9  1  8  6  5  3  7 18 12 14 10 13 11 15 17 16 26 22 23 27 20 21 19 24 25 35 34 33 36 30 28 29 32 31 42 39 37 41 38 45 44 43 40
 66 64 68 69 71 67 70 65 72 80 78 74 73 77 75 81 79 76  4  1  6  5  9  3  7  8  2 11 13 12 15 17 14 18 10 16 22 20 27 19 26 24 23 21 25 36 30 32 28 31 29 33 35 34 44 40 41 45 38 39 37 42 43 53 52 51 54 48 46 47 50 49 60 57 55 59 56 63 62 61 58
  3  1  5  6  8  4  7  2  9 17 15 11 10 14 12 18 16 13 22 19 24 23 27 21 25 26 20 29 31 30 33 35 32 36 28 34 40 38 45 37 44 42 41 39 43 54 48 50 46 49 47 51 53 52 62 58 59 63 56 57 55 60 61 71 70 69 72 66 64 65 68 67 78 75 73 77 74 81 80 79 76
 21 19 23 24 26 22 25 20 27 35 33 29 28 32 30 36 34 31 40 37 42 41 45 39 43 44 38 47 49 48 51 53 50 54 46 52 58 56 63 55 62 60 59 57 61 72 66 68 64 67 65 69 71 70 80 76 77 81 74 75 73 78 79  8  7  6  9  3  1  2  5  4 15 12 10 14 11 18 17 16 13
 75 73 77 78 80 76 79 74 81  8  6  2  1  5  3  9  7  4 13 10 15 14 18 12 16 17 11 20 22 21 24 26 23 27 19 25 31 29 36 28 35 33 32 30 34 45 39 41 37 40 38 42 44 43 53 49 50 54 47 48 46 51 52 62 61 60 63 57 55 56 59 58 69 66 64 68 65 72 71 70 67
 39 37 41 42 44 40 43 38 45 53 51 47 46 50 48 54 52 49 58 55 60 59 63 57 61 62 56 65 67 66 69 71 68 72 64 70 76 74 81 73 80 78 77 75 79  9  3  5  1  4  2  6  8  7 17 13 14 18 11 12 10 15 16 26 25 24 27 21 19 20 23 22 33 30 28 32 29 36 35 34 31
