 52 51 50 54 49 47 53 48 46 58 61 56 57 62 63 59 55 60 67 65 64 70 71 68 72 66 69 73 75 78 79 76 80 77 81 74  4  2  7  9  6  1  8  3  5 12 13 15 11 10 18 16 14 17 21 26 25 23 19 24 22 27 20 33 35 31 30 34 36 32 28 29 44 42 43 40 37 45 41 39 38
 34 33 32 36 31 29 35 30 28 40 43 38 39 44 45 41 37 42 49 47 46 52 53 50 54 48 51 55 57 60 61 58 62 59 63 56 67 65 70 72 69 64 71 66 68 75 76 78 74 73 81 79 77 80  3  8  7  5  1  6  4  9  2 15 17 13 12 16 18 14 10 11 26 24 25 22 19 27 23 21 20
 70 69 68 72 67 65 71 66 64 76 79 74 75 80 81 77 73 78  4  2  1  7  8  5  9  3  6 10 12 15 16 13 17 14 18 11 22 20 25 27 24 19 26 21 23 30 31 33 29 28 36 34 32 35 39 44 43 41 37 42 40 45 38 51 53 49 48 52 54 50 46 47 62 60 61 58 55 63 59 57 56
 79 78 77 81 76 74 80 75 73  4  7  2  3  8  9  5  1  6 13 11 10 16 17 14 18 12 15 19 21 24 25 22 26 23 27 20 31 29 34 36 33 28 35 30 32 39 40 42 38 37 45 43 41 44 48 53 52 50 46 51 49 54 47 60 62 58 57 61 63 59 55 56 71 69 70 67 64 72 68 66 65
 16 15 14 18 13 11 17 12 10 22 25 20 21 26 27 23 19 24 31 29 28 34 35 32 36 30 33 37 39 42 43 40 44 41 45 38 49 47 52 54 51 46 53 48 50 57 58 60 56 55 63 61 59 62 66 71 70 68 64 69 67 72 65 78 80 76 75 79 81 77 73 74  8  6  7  4  1  9  5  3  2
 61 60 59 63 58 56 62 57 55 67 70 65 66 71 72 68 64 69 76 74 73 79 80 77 81 75 78  1  3  6  7  4  8  5  9  2 13 11 16 18 15 10 17 12 14 21 22 24 20 19 27 25 23 26 30 35 34 32 28 33 31 36 29 42 44 40 39 43 45 41 37 38 53 51 52 49 46 54 50 48 47
 43 42 41 45 40 38 44 39 37 49 52 47 48 53 54 50 46 51 58 56 55 61 62 59 63 57 60 64 66 69 70 67 71 68 72 65 76 74 79 81 78 73 80 75 77  3  4  6  2  1  9  7  5  8 12 17 16 14 10 15 13 18 11 24 26 22 21 25 27 23 19 20 35 33 34 31 28 36 32 30 29
 25 24 23 27 22 20 26 21 19 31 34 29 30 35 36 32 28 33 40 38 37 43 44 41 45 39 42 46 48 51 52 49 53 50 54 47 58 56 61 63 60 55 62 57 59 66 67 69 65 64 72 70 68 71 75 80 79 77 73 78 76 81 74  6  8  4  3  7  9  5  1  2 17 15 16 13 10 18 14 12 11
  7  6  5  9  4  2  8  3  1 13 16 11 12 17 18 14 10 15 22 20 19 25 26 23 27 21 24 28 30 33 34 31 35 32 36 29 40 38 43 45 42 37 44 39 41 48 49 51 47 46 54 52 50 53 57 62 61 59 55 60 58 63 56 69 71 67 66 70 72 68 64 65 80 78 79 76 73 81 77 75 74
 26 25 24 19 23 21 27 22 20 32 35 30 31 36 28 33 29 34 41 39 38 44 45 42 37 40 43 47 49 52 53 50 54 51 46 48 59 57 62 55 61 56 63 58 60 67 68 70 66 65 64 71 69 72 76 81 80 78 74 79 77 73 75  7  9  5  4  8  1  6  2  3 18 16 17 14 11 10 15 13 12
 35 34 33 28 32 30 36 31 29 41 44 39 40 45 37 42 38 43 50 48 47 53 54 51 46 49 52 56 58 61 62 59 63 60 55 57 68 66 71 64 70 65 72 67 69 76 77 79 75 74 73 80 78 81  4  9  8  6  2  7  5  1  3 16 18 14 13 17 10 15 11 12 27 25 26 23 20 19 24 22 21
 62 61 60 55 59 57 63 58 56 68 71 66 67 72 64 69 65 70 77 75 74 80 81 78 73 76 79  2  4  7  8  5  9  6  1  3 14 12 17 10 16 11 18 13 15 22 23 25 21 20 19 26 24 27 31 36 35 33 29 34 32 28 30 43 45 41 40 44 37 42 38 39 54 52 53 50 47 46 51 49 48
 53 52 51 46 50 48 54 49 47 59 62 57 58 63 55 60 56 61 68 66 65 71 72 69 64 67 70 74 76 79 80 77 81 78 73 75  5  3  8  1  7  2  9  4  6 13 14 16 12 11 10 17 15 18 22 27 26 24 20 25 23 19 21 34 36 32 31 35 28 33 29 30 45 43 44 41 38 37 42 40 39
 71 70 69 64 68 66 72 67 65 77 80 75 76 81 73 78 74 79  5  3  2  8  9  6  1  4  7 11 13 16 17 14 18 15 10 12 23 21 26 19 25 20 27 22 24 31 32 34 30 29 28 35 33 36 40 45 44 42 38 43 41 37 39 52 54 50 49 53 46 51 47 48 63 61 62 59 56 55 60 58 57
  8  7  6  1  5  3  9  4  2 14 17 12 13 18 10 15 11 16 23 21 20 26 27 24 19 22 25 29 31 34 35 32 36 33 28 30 41 39 44 37 43 38 45 40 42 49 50 52 48 47 46 53 51 54 58 63 62 60 56 61 59 55 57 70 72 68 67 71 64 69 65 66 81 79 80 77 74 73 78 76 75
 17 16 15 10 14 12 18 13 11 23 26 21 22 27 19 24 20 25 32 30 29 35 36 33 28 31 34 38 40 43 44 41 45 42 37 39 50 48 53 46 52 47 54 49 51 58 59 61 57 56 55 62 60 63 67 72 71 69 65 70 68 64 66 79 81 77 76 80 73 78 74 75  9  7  8  5  2  1  6  4  3
 80 79 78 73 77 75 81 76 74  5  8  3  4  9  1  6  2  7 14 12 11 17 18 15 10 13 16 20 22 25 26 23 27 24 19 21 32 30 35 28 34 29 36 31 33 40 41 43 39 38 37 44 42 45 49 54 53 51 47 52 50 46 48 61 63 59 58 62 55 60 56 57 72 70 71 68 65 64 69 67 66
 44 43 42 37 41 39 45 40 38 50 53 48 49 54 46 51 47 52 59 57 56 62 63 60 55 58 61 65 67 70 71 68 72 69 64 66 77 75 80 73 79 74 81 76 78  4  5  7  3  2  1  8  6  9 13 18 17 15 11 16 14 10 12 25 27 23 22 26 19 24 20 21 36 34 35 32 29 28 33 31 30
 72 71 70 65 69 67 64 68 66 78 81 76 77 73 74 79 75 80  6  4  3  9  1  7  2  5  8 12 14 17 18 15 10 16 11 13 24 22 27 20 26 21 19 23 25 32 33 35 31 30 29 36 34 28 41 37 45 43 39 44 42 38 40 53 46 51 50 54 47 52 48 49 55 62 63 60 57 56 61 59 58
 18 17 16 11 15 13 10 14 12 24 27 22 23 19 20 25 21 26 33 31 30 36 28 34 29 32 35 39 41 44 45 42 37 43 38 40 51 49 54 47 53 48 46 50 52 59 60 62 58 57 56 63 61 55 68 64 72 70 66 71 69 65 67 80 73 78 77 81 74 79 75 76  1  8  9  6  3  2  7  5  4
 63 62 61 56 60 58 55 59 57 69 72 67 68 64 65 70 66 71 78 76 75 81 73 79 74 77 80  3  5  8  9  6  1  7  2  4 15 13 18 11 17 12 10 14 16 23 24 26 22 21 20 27 25 19 32 28 36 34 30 35 33 29 31 44 37 42 41 45 38 43 39 40 46 53 54 51 48 47 52 50 49
 36 35 34 29 33 31 28 32 30 42 45 40 41 37 38 43 39 44 51 49 48 54 46 52 47 50 53 57 59 62 63 60 55 61 56 58 69 67 72 65 71 66 64 68 70 77 78 80 76 75 74 81 79 73  5  1  9  7  3  8  6  2  4 17 10 15 14 18 11 16 12 13 19 26 27 24 21 20 25 23 22
 27 26 25 20 24 22 19 23 21 33 36 31 32 28 29 34 30 35 42 40 39 45 37 43 38 41 44 48 50 53 54 51 46 52 47 49 60 58 63 56 62 57 55 59 61 68 69 71 67 66 65 72 70 64 77 73 81 79 75 80 78 74 76  8  1  6  5  9  2  7  3  4 10 17 18 15 12 11 16 14 13
 54 53 52 47 51 49 46 50 48 60 63 58 59 55 56 61 57 62 69 67 66 72 64 70 65 68 71 75 77 80 81 78 73 79 74 76  6  4  9  2  8  3  1  5  7 14 15 17 13 12 11 18 16 10 23 19 27 25 21 26 24 20 22 35 28 33 32 36 29 34 30 31 37 44 45 42 39 38 43 41 40
 81 80 79 74 78 76 73 77 75  6  9  4  5  1  2  7  3  8 15 13 12 18 10 16 11 14 17 21 23 26 27 24 19 25 20 22 33 31 36 29 35 30 28 32 34 41 42 44 40 39 38 45 43 37 50 46 54 52 48 53 51 47 49 62 55 60 59 63 56 61 57 58 64 71 72 69 66 65 70 68 67
 45 44 43 38 42 40 37 41 39 51 54 49 50 46 47 52 48 53 60 58 57 63 55 61 56 59 62 66 68 71 72 69 64 70 65 67 78 76 81 74 80 75 73 77 79  5  6  8  4  3  2  9  7  1 14 10 18 16 12 17 15 11 13 26 19 24 23 27 20 25 21 22 28 35 36 33 30 29 34 32 31
  9  8  7  2  6  4  1  5  3 15 18 13 14 10 11 16 12 17 24 22 21 27 19 25 20 23 26 30 32 35 36 33 28 34 29 31 42 40 45 38 44 39 37 41 43 50 51 53 49 48 47 54 52 46 59 55 63 61 57 62 60 56 58 71 64 69 68 72 65 70 66 67 73 80 81 78 75 74 79 77 76
 28 36 35 30 34 32 29 33 31 43 37 41 42 38 39 44 40 45 52 50 49 46 47 53 48 51 54 58 60 63 55 61 56 62 57 59 70 68 64 66 72 67 65 69 71 78 79 81 77 76 75 73 80 74  6  2  1  8  4  9  7  3  5 18 11 16 15 10 12 17 13 14 20 27 19 25 22 21 26 24 23
 46 54 53 48 52 50 47 51 49 61 55 59 60 56 57 62 58 63 70 68 67 64 65 71 66 69 72 76 78 81 73 79 74 80 75 77  7  5  1  3  9  4  2  6  8 15 16 18 14 13 12 10 17 11 24 20 19 26 22 27 25 21 23 36 29 34 33 28 30 35 31 32 38 45 37 43 40 39 44 42 41
 19 27 26 21 25 23 20 24 22 34 28 32 33 29 30 35 31 36 43 41 40 37 38 44 39 42 45 49 51 54 46 52 47 53 48 50 61 59 55 57 63 58 56 60 62 69 70 72 68 67 66 64 71 65 78 74 73 80 76 81 79 75 77  9  2  7  6  1  3  8  4  5 11 18 10 16 13 12 17 15 14
 73 81 80 75 79 77 74 78 76  7  1  5  6  2  3  8  4  9 16 14 13 10 11 17 12 15 18 22 24 27 19 25 20 26 21 23 34 32 28 30 36 31 29 33 35 42 43 45 41 40 39 37 44 38 51 47 46 53 49 54 52 48 50 63 56 61 60 55 57 62 58 59 65 72 64 70 67 66 71 69 68
 64 72 71 66 70 68 65 69 67 79 73 77 78 74 75 80 76 81  7  5  4  1  2  8  3  6  9 13 15 18 10 16 11 17 12 14 25 23 19 21 27 22 20 24 26 33 34 36 32 31 30 28 35 29 42 38 37 44 40 45 43 39 41 54 47 52 51 46 48 53 49 50 56 63 55 61 58 57 62 60 59
 10 18 17 12 16 14 11 15 13 25 19 23 24 20 21 26 22 27 34 32 31 28 29 35 30 33 36 40 42 45 37 43 38 44 39 41 52 50 46 48 54 49 47 51 53 60 61 63 59 58 57 55 62 56 69 65 64 71 67 72 70 66 68 81 74 79 78 73 75 80 76 77  2  9  1  7  4  3  8  6  5
 55 63 62 57 61 59 56 60 58 70 64 68 69 65 66 71 67 72 79 77 76 73 74 80 75 78 81  4  6  9  1  7  2  8  3  5 16 14 10 12 18 13 11 15 17 24 25 27 23 22 21 19 26 20 33 29 28 35 31 36 34 30 32 45 38 43 42 37 39 44 40 41 47 54 46 52 49 48 53 51 50
  1  9  8  3  7  5  2  6  4 16 10 14 15 11 12 17 13 18 25 23 22 19 20 26 21 24 27 31 33 36 28 34 29 35 30 32 43 41 37 39 45 40 38 42 44 51 52 54 50 49 48 46 53 47 60 56 55 62 58 63 61 57 59 72 65 70 69 64 66 71 67 68 74 81 73 79 76 75 80 78 77
 37 45 44 39 43 41 38 42 40 52 46 50 51 47 48 53 49 54 61 59 58 55 56 62 57 60 63 67 69 72 64 70 65 71 66 68 79 77 73 75 81 76 74 78 80  6  7  9  5  4  3  1  8  2 15 11 10 17 13 18 16 12 14 27 20 25 24 19 21 26 22 23 29 36 28 34 31 30 35 33 32
 20 19 27 22 26 24 21 25 23 35 29 33 34 30 31 36 32 28 44 42 41 38 39 45 40 43 37 50 52 46 47 53 48 54 49 51 62 60 56 58 55 59 57 61 63 70 71 64 69 68 67 65 72 66 79 75 74 81 77 73 80 76 78  1  3  8  7  2  4  9  5  6 12 10 11 17 14 13 18 16 15
  2  1  9  4  8  6  3  7  5 17 11 15 16 12 13 18 14 10 26 24 23 20 21 27 22 25 19 32 34 28 29 35 30 36 31 33 44 42 38 40 37 41 39 43 45 52 53 46 51 50 49 47 54 48 61 57 56 63 59 55 62 58 60 64 66 71 70 65 67 72 68 69 75 73 74 80 77 76 81 79 78
 11 10 18 13 17 15 12 16 14 26 20 24 25 21 22 27 23 19 35 33 32 29 30 36 31 34 28 41 43 37 38 44 39 45 40 42 53 51 47 49 46 50 48 52 54 61 62 55 60 59 58 56 63 57 70 66 65 72 68 64 71 67 69 73 75 80 79 74 76 81 77 78  3  1  2  8  5  4  9  7  6
 47 46 54 49 53 51 48 52 50 62 56 60 61 57 58 63 59 55 71 69 68 65 66 72 67 70 64 77 79 73 74 80 75 81 76 78  8  6  2  4  1  5  3  7  9 16 17 10 15 14 13 11 18 12 25 21 20 27 23 19 26 22 24 28 30 35 34 29 31 36 32 33 39 37 38 44 41 40 45 43 42
 29 28 36 31 35 33 30 34 32 44 38 42 43 39 40 45 41 37 53 51 50 47 48 54 49 52 46 59 61 55 56 62 57 63 58 60 71 69 65 67 64 68 66 70 72 79 80 73 78 77 76 74 81 75  7  3  2  9  5  1  8  4  6 10 12 17 16 11 13 18 14 15 21 19 20 26 23 22 27 25 24
 74 73 81 76 80 78 75 79 77  8  2  6  7  3  4  9  5  1 17 15 14 11 12 18 13 16 10 23 25 19 20 26 21 27 22 24 35 33 29 31 28 32 30 34 36 43 44 37 42 41 40 38 45 39 52 48 47 54 50 46 53 49 51 55 57 62 61 56 58 63 59 60 66 64 65 71 68 67 72 70 69
 65 64 72 67 71 69 66 70 68 80 74 78 79 75 76 81 77 73  8  6  5  2  3  9  4  7  1 14 16 10 11 17 12 18 13 15 26 24 20 22 19 23 21 25 27 34 35 28 33 32 31 29 36 30 43 39 38 45 41 37 44 40 42 46 48 53 52 47 49 54 50 51 57 55 56 62 59 58 63 61 60
 56 55 63 58 62 60 57 61 59 71 65 69 70 66 67 72 68 64 80 78 77 74 75 81 76 79 73  5  7  1  2  8  3  9  4  6 17 15 11 13 10 14 12 16 18 25 26 19 24 23 22 20 27 21 34 30 29 36 32 28 35 31 33 37 39 44 43 38 40 45 41 42 48 46 47 53 50 49 54 52 51
 38 37 45 40 44 42 39 43 41 53 47 51 52 48 49 54 50 46 62 60 59 56 57 63 58 61 55 68 70 64 65 71 66 72 67 69 80 78 74 76 73 77 75 79 81  7  8  1  6  5  4  2  9  3 16 12 11 18 14 10 17 13 15 19 21 26 25 20 22 27 23 24 30 28 29 35 32 31 36 34 33
 30 29 28 32 36 34 31 35 33 45 39 43 44 40 41 37 42 38 54 52 51 48 49 46 50 53 47 60 62 56 57 63 58 55 59 61 72 70 66 68 65 69 67 71 64 80 81 74 79 78 77 75 73 76  8  4  3  1  6  2  9  5  7 11 13 18 17 12 14 10 15 16 22 20 21 27 24 23 19 26 25
 12 11 10 14 18 16 13 17 15 27 21 25 26 22 23 19 24 20 36 34 33 30 31 28 32 35 29 42 44 38 39 45 40 37 41 43 54 52 48 50 47 51 49 53 46 62 63 56 61 60 59 57 55 58 71 67 66 64 69 65 72 68 70 74 76 81 80 75 77 73 78 79  4  2  3  9  6  5  1  8  7
 39 38 37 41 45 43 40 44 42 54 48 52 53 49 50 46 51 47 63 61 60 57 58 55 59 62 56 69 71 65 66 72 67 64 68 70 81 79 75 77 74 78 76 80 73  8  9  2  7  6  5  3  1  4 17 13 12 10 15 11 18 14 16 20 22 27 26 21 23 19 24 25 31 29 30 36 33 32 28 35 34
 21 20 19 23 27 25 22 26 24 36 30 34 35 31 32 28 33 29 45 43 42 39 40 37 41 44 38 51 53 47 48 54 49 46 50 52 63 61 57 59 56 60 58 62 55 71 72 65 70 69 68 66 64 67 80 76 75 73 78 74 81 77 79  2  4  9  8  3  5  1  6  7 13 11 12 18 15 14 10 17 16
  3  2  1  5  9  7  4  8  6 18 12 16 17 13 14 10 15 11 27 25 24 21 22 19 23 26 20 33 35 29 30 36 31 28 32 34 45 43 39 41 38 42 40 44 37 53 54 47 52 51 50 48 46 49 62 58 57 55 60 56 63 59 61 65 67 72 71 66 68 64 69 70 76 74 75 81 78 77 73 80 79
 66 65 64 68 72 70 67 71 69 81 75 79 80 76 77 73 78 74  9  7  6  3  4  1  5  8  2 15 17 11 12 18 13 10 14 16 27 25 21 23 20 24 22 26 19 35 36 29 34 33 32 30 28 31 44 40 39 37 42 38 45 41 43 47 49 54 53 48 50 46 51 52 58 56 57 63 60 59 55 62 61
 75 74 73 77 81 79 76 80 78  9  3  7  8  4  5  1  6  2 18 16 15 12 13 10 14 17 11 24 26 20 21 27 22 19 23 25 36 34 30 32 29 33 31 35 28 44 45 38 43 42 41 39 37 40 53 49 48 46 51 47 54 50 52 56 58 63 62 57 59 55 60 61 67 65 66 72 69 68 64 71 70
 57 56 55 59 63 61 58 62 60 72 66 70 71 67 68 64 69 65 81 79 78 75 76 73 77 80 74  6  8  2  3  9  4  1  5  7 18 16 12 14 11 15 13 17 10 26 27 20 25 24 23 21 19 22 35 31 30 28 33 29 36 32 34 38 40 45 44 39 41 37 42 43 49 47 48 54 51 50 46 53 52
 48 47 46 50 54 52 49 53 51 63 57 61 62 58 59 55 60 56 72 70 69 66 67 64 68 71 65 78 80 74 75 81 76 73 77 79  9  7  3  5  2  6  4  8  1 17 18 11 16 15 14 12 10 13 26 22 21 19 24 20 27 23 25 29 31 36 35 30 32 28 33 34 40 38 39 45 42 41 37 44 43
  4  3  2  6  1  8  5  9  7 10 13 17 18 14 15 11 16 12 19 26 25 22 23 20 24 27 21 34 36 30 31 28 32 29 33 35 37 44 40 42 39 43 41 45 38 54 46 48 53 52 51 49 47 50 63 59 58 56 61 57 55 60 62 66 68 64 72 67 69 65 70 71 77 75 76 73 79 78 74 81 80
 13 12 11 15 10 17 14 18 16 19 22 26 27 23 24 20 25 21 28 35 34 31 32 29 33 36 30 43 45 39 40 37 41 38 42 44 46 53 49 51 48 52 50 54 47 63 55 57 62 61 60 58 56 59 72 68 67 65 70 66 64 69 71 75 77 73 81 76 78 74 79 80  5  3  4  1  7  6  2  9  8
 76 75 74 78 73 80 77 81 79  1  4  8  9  5  6  2  7  3 10 17 16 13 14 11 15 18 12 25 27 21 22 19 23 20 24 26 28 35 31 33 30 34 32 36 29 45 37 39 44 43 42 40 38 41 54 50 49 47 52 48 46 51 53 57 59 55 63 58 60 56 61 62 68 66 67 64 70 69 65 72 71
 22 21 20 24 19 26 23 27 25 28 31 35 36 32 33 29 34 30 37 44 43 40 41 38 42 45 39 52 54 48 49 46 50 47 51 53 55 62 58 60 57 61 59 63 56 72 64 66 71 70 69 67 65 68 81 77 76 74 79 75 73 78 80  3  5  1  9  4  6  2  7  8 14 12 13 10 16 15 11 18 17
 49 48 47 51 46 53 50 54 52 55 58 62 63 59 60 56 61 57 64 71 70 67 68 65 69 72 66 79 81 75 76 73 77 74 78 80  1  8  4  6  3  7  5  9  2 18 10 12 17 16 15 13 11 14 27 23 22 20 25 21 19 24 26 30 32 28 36 31 33 29 34 35 41 39 40 37 43 42 38 45 44
 40 39 38 42 37 44 41 45 43 46 49 53 54 50 51 47 52 48 55 62 61 58 59 56 60 63 57 70 72 66 67 64 68 65 69 71 73 80 76 78 75 79 77 81 74  9  1  3  8  7  6  4  2  5 18 14 13 11 16 12 10 15 17 21 23 19 27 22 24 20 25 26 32 30 31 28 34 33 29 36 35
 31 30 29 33 28 35 32 36 34 37 40 44 45 41 42 38 43 39 46 53 52 49 50 47 51 54 48 61 63 57 58 55 59 56 60 62 64 71 67 69 66 70 68 72 65 81 73 75 80 79 78 76 74 77  9  5  4  2  7  3  1  6  8 12 14 10 18 13 15 11 16 17 23 21 22 19 25 24 20 27 26
 67 66 65 69 64 71 68 72 70 73 76 80 81 77 78 74 79 75  1  8  7  4  5  2  6  9  3 16 18 12 13 10 14 11 15 17 19 26 22 24 21 25 23 27 20 36 28 30 35 34 33 31 29 32 45 41 40 38 43 39 37 42 44 48 50 46 54 49 51 47 52 53 59 57 58 55 61 60 56 63 62
 58 57 56 60 55 62 59 63 61 64 67 71 72 68 69 65 70 66 73 80 79 76 77 74 78 81 75  7  9  3  4  1  5  2  6  8 10 17 13 15 12 16 14 18 11 27 19 21 26 25 24 22 20 23 36 32 31 29 34 30 28 33 35 39 41 37 45 40 42 38 43 44 50 48 49 46 52 51 47 54 53
 23 22 21 25 20 27 24 19 26 29 32 36 28 33 34 30 35 31 38 45 44 41 42 39 43 37 40 53 46 49 50 47 51 48 52 54 56 63 59 61 58 62 60 55 57 64 65 67 72 71 70 68 66 69 73 78 77 75 80 76 74 79 81  4  6  2  1  5  7  3  8  9 15 13 14 11 17 16 12 10 18
 59 58 57 61 56 63 60 55 62 65 68 72 64 69 70 66 71 67 74 81 80 77 78 75 79 73 76  8  1  4  5  2  6  3  7  9 11 18 14 16 13 17 15 10 12 19 20 22 27 26 25 23 21 24 28 33 32 30 35 31 29 34 36 40 42 38 37 41 43 39 44 45 51 49 50 47 53 52 48 46 54
 41 40 39 43 38 45 42 37 44 47 50 54 46 51 52 48 53 49 56 63 62 59 60 57 61 55 58 71 64 67 68 65 69 66 70 72 74 81 77 79 76 80 78 73 75  1  2  4  9  8  7  5  3  6 10 15 14 12 17 13 11 16 18 22 24 20 19 23 25 21 26 27 33 31 32 29 35 34 30 28 36
 14 13 12 16 11 18 15 10 17 20 23 27 19 24 25 21 26 22 29 36 35 32 33 30 34 28 31 44 37 40 41 38 42 39 43 45 47 54 50 52 49 53 51 46 48 55 56 58 63 62 61 59 57 60 64 69 68 66 71 67 65 70 72 76 78 74 73 77 79 75 80 81  6  4  5  2  8  7  3  1  9
 50 49 48 52 47 54 51 46 53 56 59 63 55 60 61 57 62 58 65 72 71 68 69 66 70 64 67 80 73 76 77 74 78 75 79 81  2  9  5  7  4  8  6  1  3 10 11 13 18 17 16 14 12 15 19 24 23 21 26 22 20 25 27 31 33 29 28 32 34 30 35 36 42 40 41 38 44 43 39 37 45
  5  4  3  7  2  9  6  1  8 11 14 18 10 15 16 12 17 13 20 27 26 23 24 21 25 19 22 35 28 31 32 29 33 30 34 36 38 45 41 43 40 44 42 37 39 46 47 49 54 53 52 50 48 51 55 60 59 57 62 58 56 61 63 67 69 65 64 68 70 66 71 72 78 76 77 74 80 79 75 73 81
 32 31 30 34 29 36 33 28 35 38 41 45 37 42 43 39 44 40 47 54 53 50 51 48 52 46 49 62 55 58 59 56 60 57 61 63 65 72 68 70 67 71 69 64 66 73 74 76 81 80 79 77 75 78  1  6  5  3  8  4  2  7  9 13 15 11 10 14 16 12 17 18 24 22 23 20 26 25 21 19 27
 77 76 75 79 74 81 78 73 80  2  5  9  1  6  7  3  8  4 11 18 17 14 15 12 16 10 13 26 19 22 23 20 24 21 25 27 29 36 32 34 31 35 33 28 30 37 38 40 45 44 43 41 39 42 46 51 50 48 53 49 47 52 54 58 60 56 55 59 61 57 62 63 69 67 68 65 71 70 66 64 72
 68 67 66 70 65 72 69 64 71 74 77 81 73 78 79 75 80 76  2  9  8  5  6  3  7  1  4 17 10 13 14 11 15 12 16 18 20 27 23 25 22 26 24 19 21 28 29 31 36 35 34 32 30 33 37 42 41 39 44 40 38 43 45 49 51 47 46 50 52 48 53 54 60 58 59 56 62 61 57 55 63
 33 32 31 35 30 28 34 29 36 39 42 37 38 43 44 40 45 41 48 46 54 51 52 49 53 47 50 63 56 59 60 57 61 58 62 55 66 64 69 71 68 72 70 65 67 74 75 77 73 81 80 78 76 79  2  7  6  4  9  5  3  8  1 14 16 12 11 15 17 13 18 10 25 23 24 21 27 26 22 20 19
  6  5  4  8  3  1  7  2  9 12 15 10 11 16 17 13 18 14 21 19 27 24 25 22 26 20 23 36 29 32 33 30 34 31 35 28 39 37 42 44 41 45 43 38 40 47 48 50 46 54 53 51 49 52 56 61 60 58 63 59 57 62 55 68 70 66 65 69 71 67 72 64 79 77 78 75 81 80 76 74 73
 60 59 58 62 57 55 61 56 63 66 69 64 65 70 71 67 72 68 75 73 81 78 79 76 80 74 77  9  2  5  6  3  7  4  8  1 12 10 15 17 14 18 16 11 13 20 21 23 19 27 26 24 22 25 29 34 33 31 36 32 30 35 28 41 43 39 38 42 44 40 45 37 52 50 51 48 54 53 49 47 46
 24 23 22 26 21 19 25 20 27 30 33 28 29 34 35 31 36 32 39 37 45 42 43 40 44 38 41 54 47 50 51 48 52 49 53 46 57 55 60 62 59 63 61 56 58 65 66 68 64 72 71 69 67 70 74 79 78 76 81 77 75 80 73  5  7  3  2  6  8  4  9  1 16 14 15 12 18 17 13 11 10
 78 77 76 80 75 73 79 74 81  3  6  1  2  7  8  4  9  5 12 10 18 15 16 13 17 11 14 27 20 23 24 21 25 22 26 19 30 28 33 35 32 36 34 29 31 38 39 41 37 45 44 42 40 43 47 52 51 49 54 50 48 53 46 59 61 57 56 60 62 58 63 55 70 68 69 66 72 71 67 65 64
 69 68 67 71 66 64 70 65 72 75 78 73 74 79 80 76 81 77  3  1  9  6  7  4  8  2  5 18 11 14 15 12 16 13 17 10 21 19 24 26 23 27 25 20 22 29 30 32 28 36 35 33 31 34 38 43 42 40 45 41 39 44 37 50 52 48 47 51 53 49 54 46 61 59 60 57 63 62 58 56 55
 51 50 49 53 48 46 52 47 54 57 60 55 56 61 62 58 63 59 66 64 72 69 70 67 71 65 68 81 74 77 78 75 79 76 80 73  3  1  6  8  5  9  7  2  4 11 12 14 10 18 17 15 13 16 20 25 24 22 27 23 21 26 19 32 34 30 29 33 35 31 36 28 43 41 42 39 45 44 40 38 37
 15 14 13 17 12 10 16 11 18 21 24 19 20 25 26 22 27 23 30 28 36 33 34 31 35 29 32 45 38 41 42 39 43 40 44 37 48 46 51 53 50 54 52 47 49 56 57 59 55 63 62 60 58 61 65 70 69 67 72 68 66 71 64 77 79 75 74 78 80 76 81 73  7  5  6  3  9  8  4  2  1
 42 41 40 44 39 37 43 38 45 48 51 46 47 52 53 49 54 50 57 55 63 60 61 58 62 56 59 72 65 68 69 66 70 67 71 64 75 73 78 80 77 81 79 74 76  2  3  5  1  9  8  6  4  7 11 16 15 13 18 14 12 17 10 23 25 21 20 24 26 22 27 19 34 32 33 30 36 35 31 29 28
