  6  7  9  8 10 11 13 15 14 12 20 19 17 18 16 25 23 22 24 21 29 26 27 28 30 32 34 35 33 31  3  2  5  1  4
  1  2  4  3  5  6  8 10  9  7 15 14 12 13 11 20 18 17 19 16 24 21 22 23 25 27 29 30 28 26 33 32 35 31 34
 16 17 19 18 20 21 23 25 24 22 30 29 27 28 26 35 33 32 34 31  4  1  2  3  5  7  9 10  8  6 13 12 15 11 14
 26 27 29 28 30 31 33 35 34 32  5  4  2  3  1 10  8  7  9  6 14 11 12 13 15 17 19 20 18 16 23 22 25 21 24
 21 22 24 23 25 26 28 30 29 27 35 34 32 33 31  5  3  2  4  1  9  6  7  8 10 12 14 15 13 11 18 17 20 16 19
 11 12 14 13 15 16 18 20 19 17 25 24 22 23 21 30 28 27 29 26 34 31 32 33 35  2  4  5  3  1  8  7 10  6  9
 31 32 34 33 35  1  3  5  4  2 10  9  7  8  6 15 13 12 14 11 19 16 17 18 20 22 24 25 23 21 28 27 30 26 29
  2  3  5  4  1  7  9  6 10  8 11 15 13 14 12 16 19 18 20 17 25 22 23 24 21 28 30 26 29 27 34 33 31 32 35
 22 23 25 24 21 27 29 26 30 28 31 35 33 34 32  1  4  3  5  2 10  7  8  9  6 13 15 11 14 12 19 18 16 17 20
 17 18 20 19 16 22 24 21 25 23 26 30 28 29 27 31 34 33 35 32  5  2  3  4  1  8 10  6  9  7 14 13 11 12 15
 32 33 35 34 31  2  4  1  5  3  6 10  8  9  7 11 14 13 15 12 20 17 18 19 16 23 25 21 24 22 29 28 26 27 30
 12 13 15 14 11 17 19 16 20 18 21 25 23 24 22 26 29 28 30 27 35 32 33 34 31  3  5  1  4  2  9  8  6  7 10
 27 28 30 29 26 32 34 31 35 33  1  5  3  4  2  6  9  8 10  7 15 12 13 14 11 18 20 16 19 17 24 23 21 22 25
  7  8 10  9  6 12 14 11 15 13 16 20 18 19 17 21 24 23 25 22 30 27 28 29 26 33 35 31 34 32  4  3  1  2  5
 23 24 21 25 22 28 30 27 26 29 32 31 34 35 33  2  5  4  1  3  6  8  9 10  7 14 11 12 15 13 20 19 17 18 16
 28 29 26 30 27 33 35 32 31 34  2  1  4  5  3  7 10  9  6  8 11 13 14 15 12 19 16 17 20 18 25 24 22 23 21
  3  4  1  5  2  8 10  7  6  9 12 11 14 15 13 17 20 19 16 18 21 23 24 25 22 29 26 27 30 28 35 34 32 33 31
  8  9  6 10  7 13 15 12 11 14 17 16 19 20 18 22 25 24 21 23 26 28 29 30 27 34 31 32 35 33  5  4  2  3  1
 18 19 16 20 17 23 25 22 21 24 27 26 29 30 28 32 35 34 31 33  1  3  4  5  2  9  6  7 10  8 15 14 12 13 11
 13 14 11 15 12 18 20 17 16 19 22 21 24 25 23 27 30 29 26 28 31 33 34 35 32  4  1  2  5  3 10  9  7  8  6
 33 34 31 35 32  3  5  2  1  4  7  6  9 10  8 12 15 14 11 13 16 18 19 20 17 24 21 22 25 23 30 29 27 28 26
 24 25 22 21 23 29 26 28 27 30 33 32 35 31 34  3  1  5  2  4  7  9 10  6  8 15 12 13 11 14 16 20 18 19 17
  4  5  2  1  3  9  6  8  7 10 13 12 15 11 14 18 16 20 17 19 22 24 25 21 23 30 27 28 26 29 31 35 33 34 32
 19 20 17 16 18 24 21 23 22 25 28 27 30 26 29 33 31 35 32 34  2  4  5  1  3 10  7  8  6  9 11 15 13 14 12
 14 15 12 11 13 19 16 18 17 20 23 22 25 21 24 28 26 30 27 29 32 34 35 31 33  5  2  3  1  4  6 10  8  9  7
 34 35 32 31 33  4  1  3  2  5  8  7 10  6  9 13 11 15 12 14 17 19 20 16 18 25 22 23 21 24 26 30 28 29 27
  9 10  7  6  8 14 11 13 12 15 18 17 20 16 19 23 21 25 22 24 27 29 30 26 28 35 32 33 31 34  1  5  3  4  2
 29 30 27 26 28 34 31 33 32 35  3  2  5  1  4  8  6 10  7  9 12 14 15 11 13 20 17 18 16 19 21 25 23 24 22
 35 31 33 32 34  5  2  4  3  1  9  8  6  7 10 14 12 11 13 15 18 20 16 17 19 21 23 24 22 25 27 26 29 30 28
 15 11 13 12 14 20 17 19 18 16 24 23 21 22 25 29 27 26 28 30 33 35 31 32 34  1  3  4  2  5  7  6  9 10  8
 25 21 23 22 24 30 27 29 28 26 34 33 31 32 35  4  2  1  3  5  8 10  6  7  9 11 13 14 12 15 17 16 19 20 18
 10  6  8  7  9 15 12 14 13 11 19 18 16 17 20 24 22 21 23 25 28 30 26 27 29 31 33 34 32 35  2  1  4  5  3
 30 26 28 27 29 35 32 34 33 31  4  3  1  2  5  9  7  6  8 10 13 15 11 12 14 16 18 19 17 20 22 21 24 25 23
 20 16 18 17 19 25 22 24 23 21 29 28 26 27 30 34 32 31 33 35  3  5  1  2  4  6  8  9  7 10 12 11 14 15 13
  5  1  3  2  4 10  7  9  8  6 14 13 11 12 15 19 17 16 18 20 23 25 21 22 24 26 28 29 27 30 32 31 34 35 33
