 13  5  7 11 12  4  3  1  8 14  9  6  2 10
  6  2 10  1  8  9 14  3  4 11 13  5 12  7
  4  3  2  8  5  1 12 14 11 13  7  9 10  6
  9 13 14 10 11  6  7  4 12  8  1  3  5  2
  7 10 13  2  3  5 11  9 14  4  8  1  6 12
 12 14  4  9  1  8  6  7  2  5 10 11 13  3
  1  7  6 14 10  3  5  2  9 12  4  8 11 13
  2  9 12 13  4 11  8 10  1  7  6 14  3  5
  8  1 11  7  2 14 13  6  5 10  3 12  9  4
 10  6  5  3  9 12  4 11  7  1  2 13  8 14
  5 11  8  6 13  2  1 12 10  3 14  7  4  9
 14  4  3 12  7 10  9  8 13  6  5  2  1 11
  3 12  1  4 14 13  2  5  6  9 11 10  7  8
 11  8  9  5  6  7 10 13  3  2 12  4 14  1
