 11  1 10  7  9 14  8 13  6  3  4 12  2  5
  4  3 12 13  5  6  2 11  8  7  1 14 10  9
  1  6 14  3  2  8 13  9  7  4 12 11  5 10
 12  7  5 10 11  9  4 14 13  2  6  1  3  8
  7 11  1  8  6 13 12  4 10  9  3  5 14  2
 10  5  2 14  4  3  9  8  1 11  7  6 12 13
 13 10  3  9  1 12 14  5 11  8  2  7  6  4
  6  4 11  2  8  5  7  1  9 12 14 10 13  3
  2 12  7 11 10  1  6  3  4 13  5  8  9 14
  8  9 13  5 14  4  3  6 12  1 10  2  7 11
  3  2  9 12  7 11  5 10 14  6  8 13  4  1
 14  8  6  4 13 10  1  7  2  5  9  3 11 12
  9 13  8  6  3  2 10 12  5 14 11  4  1  7
  5 14  4  1 12  7 11  2  3 10 13  9  8  6
