  3 10  9  2 12  5  7  4  1 11 13  8  6 14
  8 13  1 11  4  6 14 10  5  9  7  3  2 12
 12  2  6  5  9  3 11 14  7  4  8  1 13 10
 14  8 10  4  7  1 13 12  9  3 11  6  5  2
 13 14  8  7  2  4  6 11  3  1  9 10 12  5
 11  1  3 10  5 12  9  2  8 14  4 13  7  6
 10 12 14  3  8  9  5  7  4 13  6  2  1 11
  7 11 13  6  1  2  4  9 14  5  3 12 10  8
  5  6  7 14 13  8  3  1  2 10 12  4 11  9
  4  9 12  1 11 10  2  6 13  8  5  7 14  3
  2  7 11  9 10 13  1  8  6 12 14  5  3  4
  6  4  5  8  3 14 12 13 10  2  1 11  9  7
  9  3  2 13  6 11  8  5 12  7 10 14  4  1
  1  5  4 12 14  7 10  3 11  6  2  9  8 13
