--------------------------------------------------------
|  2  5  |  9  4  |  8 10  |  7  6  |  3  1  |
|  9  6  |  8  3  |  2  5  | 10  1  |  7  4  |
|  8  4  |  5  1  |  9  7  |  3  2  | 10  6  |
|  3  7  |  6 10  |  4  1  |  5  8  |  9  2  |
|  1 10  |  7  2  |  6  3  |  9  4  |  8  5  |
--------------------------------------------------------
|  7  9  |  3  6  |  1  8  |  2  5  |  4 10  |
|  6  2  |  4  8  |  3  9  |  1 10  |  5  7  |
|  4  3  | 10  7  |  5  2  |  6  9  |  1  8  |
| 10  1  |  2  5  |  7  4  |  8  3  |  6  9  |
|  5  8  |  1  9  | 10  6  |  4  7  |  2  3  |
--------------------------------------------------------
