--------------------------------------------------------
|  9  8  |  2  4  |  5  7  |  3  6  |  1 10  |
|  4  2  |  9 10  |  3  8  |  1  7  |  6  5  |
|  6  1  |  8  7  |  2  9  |  5 10  |  3  4  |
|  3  7  |  5  6  | 10  1  |  2  4  |  8  9  |
|  5 10  |  1  3  |  6  4  |  9  8  |  2  7  |
--------------------------------------------------------
|  2  6  |  4  5  |  9  3  |  7  1  | 10  8  |
| 10  3  |  6  2  |  4  5  |  8  9  |  7  1  |
|  1  5  |  7  9  |  8 10  |  6  3  |  4  2  |
|  7  4  |  3  8  |  1  2  | 10  5  |  9  6  |
|  8  9  | 10  1  |  7  6  |  4  2  |  5  3  |
--------------------------------------------------------
