--------------------------------------------------------
|  9  1  |  7  8  | 10  5  |  6  2  |  4  3  |
|  2  3  |  9  1  |  4  6  |  5  7  |  8 10  |
|  5 10  |  6  3  |  2  7  |  4  8  |  9  1  |
|  4  8  |  5  2  |  1  9  |  3 10  |  7  6  |
|  6  7  |  4 10  |  8  3  |  1  9  |  5  2  |
--------------------------------------------------------
|  3  4  |  2  7  |  9 10  |  8  6  |  1  5  |
|  7  6  | 10  4  |  5  8  |  2  1  |  3  9  |
|  8  5  |  1  6  |  7  2  |  9  3  | 10  4  |
| 10  9  |  3  5  |  6  1  |  7  4  |  2  8  |
|  1  2  |  8  9  |  3  4  | 10  5  |  6  7  |
--------------------------------------------------------
