--------------------------------------------------------
|  2  5  |  4  1  |  6  8  |  9 10  |  7  3  |
|  4  7  |  5  9  |  3  1  |  6  8  | 10  2  |
|  8  9  | 10  7  |  4  2  |  1  3  |  6  5  |
| 10  3  |  8  6  |  7  5  |  4  2  |  1  9  |
|  1  6  |  3  2  |  9 10  |  7  5  |  8  4  |
--------------------------------------------------------
|  3  2  |  6  8  |  5  7  | 10  9  |  4  1  |
|  5  4  |  2  3  |  1  6  |  8  7  |  9 10  |
|  6  1  |  9 10  |  8  3  |  2  4  |  5  7  |
|  9  8  |  7  5  | 10  4  |  3  1  |  2  6  |
|  7 10  |  1  4  |  2  9  |  5  6  |  3  8  |
--------------------------------------------------------
