--------------------------------------------------------
|  6  1  | 10  7  |  8  4  |  5  9  |  2  3  |
|  9  7  |  6  3  |  2 10  |  4  1  |  5  8  |
|  2  8  |  1  4  |  7  5  | 10  3  |  9  6  |
|  4 10  |  9  5  |  6  3  |  8  2  |  7  1  |
|  5  3  |  2  8  |  9  1  |  6  7  | 10  4  |
--------------------------------------------------------
|  8  4  |  3  9  | 10  2  |  7  6  |  1  5  |
|  1  9  |  8  2  |  4  7  |  3  5  |  6 10  |
| 10  6  |  4  1  |  5  9  |  2  8  |  3  7  |
|  3  5  |  7 10  |  1  6  |  9  4  |  8  2  |
|  7  2  |  5  6  |  3  8  |  1 10  |  4  9  |
--------------------------------------------------------
