--------------------------------------------------------
|  2  6  | 10  3  |  5  9  |  4  7  |  8  1  |
|  8 10  |  7  6  |  3  2  |  1  9  |  5  4  |
|  7  4  |  5  8  | 10  1  |  3  2  |  9  6  |
|  3  9  |  4  1  |  6  7  |  8  5  |  2 10  |
|  5  1  |  2  9  |  8  4  |  6 10  |  3  7  |
--------------------------------------------------------
|  6  7  |  9  2  |  1  8  | 10  3  |  4  5  |
|  4  2  |  6 10  |  9  3  |  5  1  |  7  8  |
|  1  8  |  3  7  |  4  5  |  9  6  | 10  2  |
| 10  3  |  8  5  |  7  6  |  2  4  |  1  9  |
|  9  5  |  1  4  |  2 10  |  7  8  |  6  3  |
--------------------------------------------------------
