--------------------------------------------------------
|  9  8  |  3  5  |  6 10  |  4  1  |  2  7  |
|  1  3  |  9  6  |  8  5  |  2  7  |  4 10  |
|  4  6  |  8  1  |  2  7  |  5 10  |  3  9  |
|  2  7  | 10  4  |  1  3  |  9  8  |  5  6  |
| 10  5  |  2  7  |  9  4  |  6  3  |  8  1  |
--------------------------------------------------------
|  7  2  |  4 10  |  3  8  |  1  6  |  9  5  |
|  5  9  |  6  8  | 10  2  |  7  4  |  1  3  |
|  3 10  |  5  2  |  7  1  |  8  9  |  6  4  |
|  6  4  |  1  3  |  5  9  | 10  2  |  7  8  |
|  8  1  |  7  9  |  4  6  |  3  5  | 10  2  |
--------------------------------------------------------
