--------------------------------------------------------
| 10  3  |  1  6  |  5  9  |  8  4  |  7  2  |
|  2  1  |  3  5  |  6  7  |  9 10  |  8  4  |
|  4  7  | 10  2  |  3  8  |  5  6  |  9  1  |
|  8  9  |  4  7  | 10  1  |  2  3  |  5  6  |
|  5  6  |  9  8  |  4  2  |  1  7  |  3 10  |
--------------------------------------------------------
|  9  5  |  6  4  |  2  3  | 10  8  |  1  7  |
|  1  8  |  2  9  |  7  4  |  6  5  | 10  3  |
|  6  4  |  5  3  |  8 10  |  7  1  |  2  9  |
|  7  2  |  8 10  |  1  6  |  3  9  |  4  5  |
|  3 10  |  7  1  |  9  5  |  4  2  |  6  8  |
--------------------------------------------------------
