 24 28 25 26 22 29 27 21 23 30 36 32 31 37 39 34 35 40 38 33 42 46 47 43 44 49 48 41 45 50 56 52 54 55 60 59 57 53 58 51 61 68 62 70 64 63 65 67 69 66  6 10  1  4  7  5  8  9  3  2 18 19 14 16 20 17 11 15 13 12
 34 38 35 36 32 39 37 31 33 40 46 42 41 47 49 44 45 50 48 43 52 56 57 53 54 59 58 51 55 60 66 62 64 65 70 69 67 63 68 61  1  8  2 10  4  3  5  7  9  6 16 20 11 14 17 15 18 19 13 12 28 29 24 26 30 27 21 25 23 22
 14 18 15 16 12 19 17 11 13 20 26 22 21 27 29 24 25 30 28 23 32 36 37 33 34 39 38 31 35 40 46 42 44 45 50 49 47 43 48 41 51 58 52 60 54 53 55 57 59 56 66 70 61 64 67 65 68 69 63 62  8  9  4  6 10  7  1  5  3  2
 64 68 65 66 62 69 67 61 63 70  6  2  1  7  9  4  5 10  8  3 12 16 17 13 14 19 18 11 15 20 26 22 24 25 30 29 27 23 28 21 31 38 32 40 34 33 35 37 39 36 46 50 41 44 47 45 48 49 43 42 58 59 54 56 60 57 51 55 53 52
 44 48 45 46 42 49 47 41 43 50 56 52 51 57 59 54 55 60 58 53 62 66 67 63 64 69 68 61 65 70  6  2  4  5 10  9  7  3  8  1 11 18 12 20 14 13 15 17 19 16 26 30 21 24 27 25 28 29 23 22 38 39 34 36 40 37 31 35 33 32
  4  8  5  6  2  9  7  1  3 10 16 12 11 17 19 14 15 20 18 13 22 26 27 23 24 29 28 21 25 30 36 32 34 35 40 39 37 33 38 31 41 48 42 50 44 43 45 47 49 46 56 60 51 54 57 55 58 59 53 52 68 69 64 66 70 67 61 65 63 62
 54 58 55 56 52 59 57 51 53 60 66 62 61 67 69 64 65 70 68 63  2  6  7  3  4  9  8  1  5 10 16 12 14 15 20 19 17 13 18 11 21 28 22 30 24 23 25 27 29 26 36 40 31 34 37 35 38 39 33 32 48 49 44 46 50 47 41 45 43 42
 45 49 46 47 43 50 48 42 44 41 57 53 52 58 60 55 56 51 59 54 63 67 68 64 65 70 69 62 66 61  7  3  5  6  1 10  8  4  9  2 12 19 13 11 15 14 16 18 20 17 27 21 22 25 28 26 29 30 24 23 39 40 35 37 31 38 32 36 34 33
 35 39 36 37 33 40 38 32 34 31 47 43 42 48 50 45 46 41 49 44 53 57 58 54 55 60 59 52 56 51 67 63 65 66 61 70 68 64 69 62  2  9  3  1  5  4  6  8 10  7 17 11 12 15 18 16 19 20 14 13 29 30 25 27 21 28 22 26 24 23
 25 29 26 27 23 30 28 22 24 21 37 33 32 38 40 35 36 31 39 34 43 47 48 44 45 50 49 42 46 41 57 53 55 56 51 60 58 54 59 52 62 69 63 61 65 64 66 68 70 67  7  1  2  5  8  6  9 10  4  3 19 20 15 17 11 18 12 16 14 13
 15 19 16 17 13 20 18 12 14 11 27 23 22 28 30 25 26 21 29 24 33 37 38 34 35 40 39 32 36 31 47 43 45 46 41 50 48 44 49 42 52 59 53 51 55 54 56 58 60 57 67 61 62 65 68 66 69 70 64 63  9 10  5  7  1  8  2  6  4  3
  5  9  6  7  3 10  8  2  4  1 17 13 12 18 20 15 16 11 19 14 23 27 28 24 25 30 29 22 26 21 37 33 35 36 31 40 38 34 39 32 42 49 43 41 45 44 46 48 50 47 57 51 52 55 58 56 59 60 54 53 69 70 65 67 61 68 62 66 64 63
 55 59 56 57 53 60 58 52 54 51 67 63 62 68 70 65 66 61 69 64  3  7  8  4  5 10  9  2  6  1 17 13 15 16 11 20 18 14 19 12 22 29 23 21 25 24 26 28 30 27 37 31 32 35 38 36 39 40 34 33 49 50 45 47 41 48 42 46 44 43
 65 69 66 67 63 70 68 62 64 61  7  3  2  8 10  5  6  1  9  4 13 17 18 14 15 20 19 12 16 11 27 23 25 26 21 30 28 24 29 22 32 39 33 31 35 34 36 38 40 37 47 41 42 45 48 46 49 50 44 43 59 60 55 57 51 58 52 56 54 53
 26 30 27 28 24 21 29 23 25 22 38 34 33 39 31 36 37 32 40 35 44 48 49 45 46 41 50 43 47 42 58 54 56 57 52 51 59 55 60 53 63 70 64 62 66 65 67 69 61 68  8  2  3  6  9  7 10  1  5  4 20 11 16 18 12 19 13 17 15 14
 46 50 47 48 44 41 49 43 45 42 58 54 53 59 51 56 57 52 60 55 64 68 69 65 66 61 70 63 67 62  8  4  6  7  2  1  9  5 10  3 13 20 14 12 16 15 17 19 11 18 28 22 23 26 29 27 30 21 25 24 40 31 36 38 32 39 33 37 35 34
 16 20 17 18 14 11 19 13 15 12 28 24 23 29 21 26 27 22 30 25 34 38 39 35 36 31 40 33 37 32 48 44 46 47 42 41 49 45 50 43 53 60 54 52 56 55 57 59 51 58 68 62 63 66 69 67 70 61 65 64 10  1  6  8  2  9  3  7  5  4
 56 60 57 58 54 51 59 53 55 52 68 64 63 69 61 66 67 62 70 65  4  8  9  5  6  1 10  3  7  2 18 14 16 17 12 11 19 15 20 13 23 30 24 22 26 25 27 29 21 28 38 32 33 36 39 37 40 31 35 34 50 41 46 48 42 49 43 47 45 44
 36 40 37 38 34 31 39 33 35 32 48 44 43 49 41 46 47 42 50 45 54 58 59 55 56 51 60 53 57 52 68 64 66 67 62 61 69 65 70 63  3 10  4  2  6  5  7  9  1  8 18 12 13 16 19 17 20 11 15 14 30 21 26 28 22 29 23 27 25 24
 66 70 67 68 64 61 69 63 65 62  8  4  3  9  1  6  7  2 10  5 14 18 19 15 16 11 20 13 17 12 28 24 26 27 22 21 29 25 30 23 33 40 34 32 36 35 37 39 31 38 48 42 43 46 49 47 50 41 45 44 60 51 56 58 52 59 53 57 55 54
  6 10  7  8  4  1  9  3  5  2 18 14 13 19 11 16 17 12 20 15 24 28 29 25 26 21 30 23 27 22 38 34 36 37 32 31 39 35 40 33 43 50 44 42 46 45 47 49 41 48 58 52 53 56 59 57 60 51 55 54 70 61 66 68 62 69 63 67 65 64
 67 61 68 69 65 62 70 64 66 63  9  5  4 10  2  7  8  3  1  6 15 19 20 16 17 12 11 14 18 13 29 25 27 28 23 22 30 26 21 24 34 31 35 33 37 36 38 40 32 39 49 43 44 47 50 48 41 42 46 45 51 52 57 59 53 60 54 58 56 55
 37 31 38 39 35 32 40 34 36 33 49 45 44 50 42 47 48 43 41 46 55 59 60 56 57 52 51 54 58 53 69 65 67 68 63 62 70 66 61 64  4  1  5  3  7  6  8 10  2  9 19 13 14 17 20 18 11 12 16 15 21 22 27 29 23 30 24 28 26 25
 47 41 48 49 45 42 50 44 46 43 59 55 54 60 52 57 58 53 51 56 65 69 70 66 67 62 61 64 68 63  9  5  7  8  3  2 10  6  1  4 14 11 15 13 17 16 18 20 12 19 29 23 24 27 30 28 21 22 26 25 31 32 37 39 33 40 34 38 36 35
 17 11 18 19 15 12 20 14 16 13 29 25 24 30 22 27 28 23 21 26 35 39 40 36 37 32 31 34 38 33 49 45 47 48 43 42 50 46 41 44 54 51 55 53 57 56 58 60 52 59 69 63 64 67 70 68 61 62 66 65  1  2  7  9  3 10  4  8  6  5
 57 51 58 59 55 52 60 54 56 53 69 65 64 70 62 67 68 63 61 66  5  9 10  6  7  2  1  4  8  3 19 15 17 18 13 12 20 16 11 14 24 21 25 23 27 26 28 30 22 29 39 33 34 37 40 38 31 32 36 35 41 42 47 49 43 50 44 48 46 45
 27 21 28 29 25 22 30 24 26 23 39 35 34 40 32 37 38 33 31 36 45 49 50 46 47 42 41 44 48 43 59 55 57 58 53 52 60 56 51 54 64 61 65 63 67 66 68 70 62 69  9  3  4  7 10  8  1  2  6  5 11 12 17 19 13 20 14 18 16 15
  7  1  8  9  5  2 10  4  6  3 19 15 14 20 12 17 18 13 11 16 25 29 30 26 27 22 21 24 28 23 39 35 37 38 33 32 40 36 31 34 44 41 45 43 47 46 48 50 42 49 59 53 54 57 60 58 51 52 56 55 61 62 67 69 63 70 64 68 66 65
  8  2  9 10  6  3  1  5  7  4 20 16 15 11 13 18 19 14 12 17 26 30 21 27 28 23 22 25 29 24 40 36 38 39 34 33 31 37 32 35 45 42 46 44 48 47 49 41 43 50 60 54 55 58 51 59 52 53 57 56 62 63 68 70 64 61 65 69 67 66
 48 42 49 50 46 43 41 45 47 44 60 56 55 51 53 58 59 54 52 57 66 70 61 67 68 63 62 65 69 64 10  6  8  9  4  3  1  7  2  5 15 12 16 14 18 17 19 11 13 20 30 24 25 28 21 29 22 23 27 26 32 33 38 40 34 31 35 39 37 36
 68 62 69 70 66 63 61 65 67 64 10  6  5  1  3  8  9  4  2  7 16 20 11 17 18 13 12 15 19 14 30 26 28 29 24 23 21 27 22 25 35 32 36 34 38 37 39 31 33 40 50 44 45 48 41 49 42 43 47 46 52 53 58 60 54 51 55 59 57 56
 58 52 59 60 56 53 51 55 57 54 70 66 65 61 63 68 69 64 62 67  6 10  1  7  8  3  2  5  9  4 20 16 18 19 14 13 11 17 12 15 25 22 26 24 28 27 29 21 23 30 40 34 35 38 31 39 32 33 37 36 42 43 48 50 44 41 45 49 47 46
 38 32 39 40 36 33 31 35 37 34 50 46 45 41 43 48 49 44 42 47 56 60 51 57 58 53 52 55 59 54 70 66 68 69 64 63 61 67 62 65  5  2  6  4  8  7  9  1  3 10 20 14 15 18 11 19 12 13 17 16 22 23 28 30 24 21 25 29 27 26
 28 22 29 30 26 23 21 25 27 24 40 36 35 31 33 38 39 34 32 37 46 50 41 47 48 43 42 45 49 44 60 56 58 59 54 53 51 57 52 55 65 62 66 64 68 67 69 61 63 70 10  4  5  8  1  9  2  3  7  6 12 13 18 20 14 11 15 19 17 16
 18 12 19 20 16 13 11 15 17 14 30 26 25 21 23 28 29 24 22 27 36 40 31 37 38 33 32 35 39 34 50 46 48 49 44 43 41 47 42 45 55 52 56 54 58 57 59 51 53 60 70 64 65 68 61 69 62 63 67 66  2  3  8 10  4  1  5  9  7  6
 49 43 50 41 47 44 42 46 48 45 51 57 56 52 54 59 60 55 53 58 67 61 62 68 69 64 63 66 70 65  1  7  9 10  5  4  2  8  3  6 16 13 17 15 19 18 20 12 14 11 21 25 26 29 22 30 23 24 28 27 33 34 39 31 35 32 36 40 38 37
 59 53 60 51 57 54 52 56 58 55 61 67 66 62 64 69 70 65 63 68  7  1  2  8  9  4  3  6 10  5 11 17 19 20 15 14 12 18 13 16 26 23 27 25 29 28 30 22 24 21 31 35 36 39 32 40 33 34 38 37 43 44 49 41 45 42 46 50 48 47
 39 33 40 31 37 34 32 36 38 35 41 47 46 42 44 49 50 45 43 48 57 51 52 58 59 54 53 56 60 55 61 67 69 70 65 64 62 68 63 66  6  3  7  5  9  8 10  2  4  1 11 15 16 19 12 20 13 14 18 17 23 24 29 21 25 22 26 30 28 27
  9  3 10  1  7  4  2  6  8  5 11 17 16 12 14 19 20 15 13 18 27 21 22 28 29 24 23 26 30 25 31 37 39 40 35 34 32 38 33 36 46 43 47 45 49 48 50 42 44 41 51 55 56 59 52 60 53 54 58 57 63 64 69 61 65 62 66 70 68 67
 69 63 70 61 67 64 62 66 68 65  1  7  6  2  4  9 10  5  3  8 17 11 12 18 19 14 13 16 20 15 21 27 29 30 25 24 22 28 23 26 36 33 37 35 39 38 40 32 34 31 41 45 46 49 42 50 43 44 48 47 53 54 59 51 55 52 56 60 58 57
 19 13 20 11 17 14 12 16 18 15 21 27 26 22 24 29 30 25 23 28 37 31 32 38 39 34 33 36 40 35 41 47 49 50 45 44 42 48 43 46 56 53 57 55 59 58 60 52 54 51 61 65 66 69 62 70 63 64 68 67  3  4  9  1  5  2  6 10  8  7
 29 23 30 21 27 24 22 26 28 25 31 37 36 32 34 39 40 35 33 38 47 41 42 48 49 44 43 46 50 45 51 57 59 60 55 54 52 58 53 56 66 63 67 65 69 68 70 62 64 61  1  5  6  9  2 10  3  4  8  7 13 14 19 11 15 12 16 20 18 17
 50 44 41 42 48 45 43 47 49 46 52 58 57 53 55 60 51 56 54 59 68 62 63 69 70 65 64 67 61 66  2  8 10  1  6  5  3  9  4  7 17 14 18 16 20 19 11 13 15 12 22 26 27 30 23 21 24 25 29 28 34 35 40 32 36 33 37 31 39 38
 40 34 31 32 38 35 33 37 39 36 42 48 47 43 45 50 41 46 44 49 58 52 53 59 60 55 54 57 51 56 62 68 70 61 66 65 63 69 64 67  7  4  8  6 10  9  1  3  5  2 12 16 17 20 13 11 14 15 19 18 24 25 30 22 26 23 27 21 29 28
 70 64 61 62 68 65 63 67 69 66  2  8  7  3  5 10  1  6  4  9 18 12 13 19 20 15 14 17 11 16 22 28 30 21 26 25 23 29 24 27 37 34 38 36 40 39 31 33 35 32 42 46 47 50 43 41 44 45 49 48 54 55 60 52 56 53 57 51 59 58
 10  4  1  2  8  5  3  7  9  6 12 18 17 13 15 20 11 16 14 19 28 22 23 29 30 25 24 27 21 26 32 38 40 31 36 35 33 39 34 37 47 44 48 46 50 49 41 43 45 42 52 56 57 60 53 51 54 55 59 58 64 65 70 62 66 63 67 61 69 68
 20 14 11 12 18 15 13 17 19 16 22 28 27 23 25 30 21 26 24 29 38 32 33 39 40 35 34 37 31 36 42 48 50 41 46 45 43 49 44 47 57 54 58 56 60 59 51 53 55 52 62 66 67 70 63 61 64 65 69 68  4  5 10  2  6  3  7  1  9  8
 60 54 51 52 58 55 53 57 59 56 62 68 67 63 65 70 61 66 64 69  8  2  3  9 10  5  4  7  1  6 12 18 20 11 16 15 13 19 14 17 27 24 28 26 30 29 21 23 25 22 32 36 37 40 33 31 34 35 39 38 44 45 50 42 46 43 47 41 49 48
 30 24 21 22 28 25 23 27 29 26 32 38 37 33 35 40 31 36 34 39 48 42 43 49 50 45 44 47 41 46 52 58 60 51 56 55 53 59 54 57 67 64 68 66 70 69 61 63 65 62  2  6  7 10  3  1  4  5  9  8 14 15 20 12 16 13 17 11 19 18
 51 55 52 53 59 56 54 58 60 57 63 69 68 64 66 61 62 67 65 70  9  3  4 10  1  6  5  8  2  7 13 19 11 12 17 16 14 20 15 18 28 25 29 27 21 30 22 24 26 23 33 37 38 31 34 32 35 36 40 39 45 46 41 43 47 44 48 42 50 49
 61 65 62 63 69 66 64 68 70 67  3  9  8  4  6  1  2  7  5 10 19 13 14 20 11 16 15 18 12 17 23 29 21 22 27 26 24 30 25 28 38 35 39 37 31 40 32 34 36 33 43 47 48 41 44 42 45 46 50 49 55 56 51 53 57 54 58 52 60 59
 41 45 42 43 49 46 44 48 50 47 53 59 58 54 56 51 52 57 55 60 69 63 64 70 61 66 65 68 62 67  3  9  1  2  7  6  4 10  5  8 18 15 19 17 11 20 12 14 16 13 23 27 28 21 24 22 25 26 30 29 35 36 31 33 37 34 38 32 40 39
 21 25 22 23 29 26 24 28 30 27 33 39 38 34 36 31 32 37 35 40 49 43 44 50 41 46 45 48 42 47 53 59 51 52 57 56 54 60 55 58 68 65 69 67 61 70 62 64 66 63  3  7  8  1  4  2  5  6 10  9 15 16 11 13 17 14 18 12 20 19
 31 35 32 33 39 36 34 38 40 37 43 49 48 44 46 41 42 47 45 50 59 53 54 60 51 56 55 58 52 57 63 69 61 62 67 66 64 70 65 68  8  5  9  7  1 10  2  4  6  3 13 17 18 11 14 12 15 16 20 19 25 26 21 23 27 24 28 22 30 29
  1  5  2  3  9  6  4  8 10  7 13 19 18 14 16 11 12 17 15 20 29 23 24 30 21 26 25 28 22 27 33 39 31 32 37 36 34 40 35 38 48 45 49 47 41 50 42 44 46 43 53 57 58 51 54 52 55 56 60 59 65 66 61 63 67 64 68 62 70 69
 11 15 12 13 19 16 14 18 20 17 23 29 28 24 26 21 22 27 25 30 39 33 34 40 31 36 35 38 32 37 43 49 41 42 47 46 44 50 45 48 58 55 59 57 51 60 52 54 56 53 63 67 68 61 64 62 65 66 70 69  5  6  1  3  7  4  8  2 10  9
 22 26 23 24 30 27 25 29 21 28 34 40 39 35 37 32 33 38 36 31 50 44 45 41 42 47 46 49 43 48 54 60 52 53 58 57 55 51 56 59 69 66 70 68 62 61 63 65 67 64  4  8  9  2  5  3  6  7  1 10 16 17 12 14 18 15 19 13 11 20
  2  6  3  4 10  7  5  9  1  8 14 20 19 15 17 12 13 18 16 11 30 24 25 21 22 27 26 29 23 28 34 40 32 33 38 37 35 31 36 39 49 46 50 48 42 41 43 45 47 44 54 58 59 52 55 53 56 57 51 60 66 67 62 64 68 65 69 63 61 70
 12 16 13 14 20 17 15 19 11 18 24 30 29 25 27 22 23 28 26 21 40 34 35 31 32 37 36 39 33 38 44 50 42 43 48 47 45 41 46 49 59 56 60 58 52 51 53 55 57 54 64 68 69 62 65 63 66 67 61 70  6  7  2  4  8  5  9  3  1 10
 52 56 53 54 60 57 55 59 51 58 64 70 69 65 67 62 63 68 66 61 10  4  5  1  2  7  6  9  3  8 14 20 12 13 18 17 15 11 16 19 29 26 30 28 22 21 23 25 27 24 34 38 39 32 35 33 36 37 31 40 46 47 42 44 48 45 49 43 41 50
 42 46 43 44 50 47 45 49 41 48 54 60 59 55 57 52 53 58 56 51 70 64 65 61 62 67 66 69 63 68  4 10  2  3  8  7  5  1  6  9 19 16 20 18 12 11 13 15 17 14 24 28 29 22 25 23 26 27 21 30 36 37 32 34 38 35 39 33 31 40
 32 36 33 34 40 37 35 39 31 38 44 50 49 45 47 42 43 48 46 41 60 54 55 51 52 57 56 59 53 58 64 70 62 63 68 67 65 61 66 69  9  6 10  8  2  1  3  5  7  4 14 18 19 12 15 13 16 17 11 20 26 27 22 24 28 25 29 23 21 30
 62 66 63 64 70 67 65 69 61 68  4 10  9  5  7  2  3  8  6  1 20 14 15 11 12 17 16 19 13 18 24 30 22 23 28 27 25 21 26 29 39 36 40 38 32 31 33 35 37 34 44 48 49 42 45 43 46 47 41 50 56 57 52 54 58 55 59 53 51 60
 33 37 34 35 31 38 36 40 32 39 45 41 50 46 48 43 44 49 47 42 51 55 56 52 53 58 57 60 54 59 65 61 63 64 69 68 66 62 67 70 10  7  1  9  3  2  4  6  8  5 15 19 20 13 16 14 17 18 12 11 27 28 23 25 29 26 30 24 22 21
 53 57 54 55 51 58 56 60 52 59 65 61 70 66 68 63 64 69 67 62  1  5  6  2  3  8  7 10  4  9 15 11 13 14 19 18 16 12 17 20 30 27 21 29 23 22 24 26 28 25 35 39 40 33 36 34 37 38 32 31 47 48 43 45 49 46 50 44 42 41
 23 27 24 25 21 28 26 30 22 29 35 31 40 36 38 33 34 39 37 32 41 45 46 42 43 48 47 50 44 49 55 51 53 54 59 58 56 52 57 60 70 67 61 69 63 62 64 66 68 65  5  9 10  3  6  4  7  8  2  1 17 18 13 15 19 16 20 14 12 11
 43 47 44 45 41 48 46 50 42 49 55 51 60 56 58 53 54 59 57 52 61 65 66 62 63 68 67 70 64 69  5  1  3  4  9  8  6  2  7 10 20 17 11 19 13 12 14 16 18 15 25 29 30 23 26 24 27 28 22 21 37 38 33 35 39 36 40 34 32 31
 13 17 14 15 11 18 16 20 12 19 25 21 30 26 28 23 24 29 27 22 31 35 36 32 33 38 37 40 34 39 45 41 43 44 49 48 46 42 47 50 60 57 51 59 53 52 54 56 58 55 65 69 70 63 66 64 67 68 62 61  7  8  3  5  9  6 10  4  2  1
 63 67 64 65 61 68 66 70 62 69  5  1 10  6  8  3  4  9  7  2 11 15 16 12 13 18 17 20 14 19 25 21 23 24 29 28 26 22 27 30 40 37 31 39 33 32 34 36 38 35 45 49 50 43 46 44 47 48 42 41 57 58 53 55 59 56 60 54 52 51
  3  7  4  5  1  8  6 10  2  9 15 11 20 16 18 13 14 19 17 12 21 25 26 22 23 28 27 30 24 29 35 31 33 34 39 38 36 32 37 40 50 47 41 49 43 42 44 46 48 45 55 59 60 53 56 54 57 58 52 51 67 68 63 65 69 66 70 64 62 61
