 19 22 24 23 20 21 26 30 29 28 27 25 32 35 36 33 31 34  1  2  6  3  5  4 10 12  7 11  9  8 14 18 16 13 17 15
 13 16 18 17 14 15 20 24 23 22 21 19 26 29 30 27 25 28 31 32 36 33 35 34  4  6  1  5  3  2  8 12 10  7 11  9
  7 10 12 11  8  9 14 18 17 16 15 13 20 23 24 21 19 22 25 26 30 27 29 28 34 36 31 35 33 32  2  6  4  1  5  3
 25 28 30 29 26 27 32 36 35 34 33 31  2  5  6  3  1  4  7  8 12  9 11 10 16 18 13 17 15 14 20 24 22 19 23 21
 31 34 36 35 32 33  2  6  5  4  3  1  8 11 12  9  7 10 13 14 18 15 17 16 22 24 19 23 21 20 26 30 28 25 29 27
  1  4  6  5  2  3  8 12 11 10  9  7 14 17 18 15 13 16 19 20 24 21 23 22 28 30 25 29 27 26 32 36 34 31 35 33
 20 23 19 24 21 22 27 25 30 29 28 26 33 36 31 34 32 35  2  3  1  4  6  5 11  7  8 12 10  9 15 13 17 14 18 16
  2  5  1  6  3  4  9  7 12 11 10  8 15 18 13 16 14 17 20 21 19 22 24 23 29 25 26 30 28 27 33 31 35 32 36 34
 32 35 31 36 33 34  3  1  6  5  4  2  9 12  7 10  8 11 14 15 13 16 18 17 23 19 20 24 22 21 27 25 29 26 30 28
  8 11  7 12  9 10 15 13 18 17 16 14 21 24 19 22 20 23 26 27 25 28 30 29 35 31 32 36 34 33  3  1  5  2  6  4
 14 17 13 18 15 16 21 19 24 23 22 20 27 30 25 28 26 29 32 33 31 34 36 35  5  1  2  6  4  3  9  7 11  8 12 10
 26 29 25 30 27 28 33 31 36 35 34 32  3  6  1  4  2  5  8  9  7 10 12 11 17 13 14 18 16 15 21 19 23 20 24 22
  3  6  2  1  4  5 10  8  7 12 11  9 16 13 14 17 15 18 21 22 20 23 19 24 30 26 27 25 29 28 34 32 36 33 31 35
  9 12  8  7 10 11 16 14 13 18 17 15 22 19 20 23 21 24 27 28 26 29 25 30 36 32 33 31 35 34  4  2  6  3  1  5
 15 18 14 13 16 17 22 20 19 24 23 21 28 25 26 29 27 30 33 34 32 35 31 36  6  2  3  1  5  4 10  8 12  9  7 11
 33 36 32 31 34 35  4  2  1  6  5  3 10  7  8 11  9 12 15 16 14 17 13 18 24 20 21 19 23 22 28 26 30 27 25 29
 27 30 26 25 28 29 34 32 31 36 35 33  4  1  2  5  3  6  9 10  8 11  7 12 18 14 15 13 17 16 22 20 24 21 19 23
 21 24 20 19 22 23 28 26 25 30 29 27 34 31 32 35 33 36  3  4  2  5  1  6 12  8  9  7 11 10 16 14 18 15 13 17
 16 13 15 14 17 18 23 21 20 19 24 22 29 26 27 30 28 25 34 35 33 36 32 31  1  3  4  2  6  5 11  9  7 10  8 12
 34 31 33 32 35 36  5  3  2  1  6  4 11  8  9 12 10  7 16 17 15 18 14 13 19 21 22 20 24 23 29 27 25 28 26 30
 28 25 27 26 29 30 35 33 32 31 36 34  5  2  3  6  4  1 10 11  9 12  8  7 13 15 16 14 18 17 23 21 19 22 20 24
  4  1  3  2  5  6 11  9  8  7 12 10 17 14 15 18 16 13 22 23 21 24 20 19 25 27 28 26 30 29 35 33 31 34 32 36
 10  7  9  8 11 12 17 15 14 13 18 16 23 20 21 24 22 19 28 29 27 30 26 25 31 33 34 32 36 35  5  3  1  4  2  6
 22 19 21 20 23 24 29 27 26 25 30 28 35 32 33 36 34 31  4  5  3  6  2  1  7  9 10  8 12 11 17 15 13 16 14 18
 11  8 10  9 12  7 18 16 15 14 13 17 24 21 22 19 23 20 29 30 28 25 27 26 32 34 35 33 31 36  6  4  2  5  3  1
 35 32 34 33 36 31  6  4  3  2  1  5 12  9 10  7 11  8 17 18 16 13 15 14 20 22 23 21 19 24 30 28 26 29 27 25
 29 26 28 27 30 25 36 34 33 32 31 35  6  3  4  1  5  2 11 12 10  7  9  8 14 16 17 15 13 18 24 22 20 23 21 19
 17 14 16 15 18 13 24 22 21 20 19 23 30 27 28 25 29 26 35 36 34 31 33 32  2  4  5  3  1  6 12 10  8 11  9  7
 23 20 22 21 24 19 30 28 27 26 25 29 36 33 34 31 35 32  5  6  4  1  3  2  8 10 11  9  7 12 18 16 14 17 15 13
  5  2  4  3  6  1 12 10  9  8  7 11 18 15 16 13 17 14 23 24 22 19 21 20 26 28 29 27 25 30 36 34 32 35 33 31
  6  3  5  4  1  2  7 11 10  9  8 12 13 16 17 14 18 15 24 19 23 20 22 21 27 29 30 28 26 25 31 35 33 36 34 32
 36 33 35 34 31 32  1  5  4  3  2  6  7 10 11  8 12  9 18 13 17 14 16 15 21 23 24 22 20 19 25 29 27 30 28 26
 18 15 17 16 13 14 19 23 22 21 20 24 25 28 29 26 30 27 36 31 35 32 34 33  3  5  6  4  2  1  7 11  9 12 10  8
 12  9 11 10  7  8 13 17 16 15 14 18 19 22 23 20 24 21 30 25 29 26 28 27 33 35 36 34 32 31  1  5  3  6  4  2
 30 27 29 28 25 26 31 35 34 33 32 36  1  4  5  2  6  3 12  7 11  8 10  9 15 17 18 16 14 13 19 23 21 24 22 20
 24 21 23 22 19 20 25 29 28 27 26 30 31 34 35 32 36 33  6  1  5  2  4  3  9 11 12 10  8  7 13 17 15 18 16 14
