 20 23 22 19 24 21 25 29 27 28 30 26 36 33 32 35 34 31  1  3  5  2  6  4 11 12  7  9 10  8 13 17 18 16 15 14
  2  5  4  1  6  3  7 11  9 10 12  8 18 15 14 17 16 13 19 21 23 20 24 22 29 30 25 27 28 26 31 35 36 34 33 32
 26 29 28 25 30 27 31 35 33 34 36 32  6  3  2  5  4  1  7  9 11  8 12 10 17 18 13 15 16 14 19 23 24 22 21 20
 32 35 34 31 36 33  1  5  3  4  6  2 12  9  8 11 10  7 13 15 17 14 18 16 23 24 19 21 22 20 25 29 30 28 27 26
  8 11 10  7 12  9 13 17 15 16 18 14 24 21 20 23 22 19 25 27 29 26 30 28 35 36 31 33 34 32  1  5  6  4  3  2
 14 17 16 13 18 15 19 23 21 22 24 20 30 27 26 29 28 25 31 33 35 32 36 34  5  6  1  3  4  2  7 11 12 10  9  8
 15 18 17 14 13 16 20 24 22 23 19 21 25 28 27 30 29 26 32 34 36 33 31 35  6  1  2  4  5  3  8 12  7 11 10  9
  9 12 11  8  7 10 14 18 16 17 13 15 19 22 21 24 23 20 26 28 30 27 25 29 36 31 32 34 35 33  2  6  1  5  4  3
  3  6  5  2  1  4  8 12 10 11  7  9 13 16 15 18 17 14 20 22 24 21 19 23 30 25 26 28 29 27 32 36 31 35 34 33
 21 24 23 20 19 22 26 30 28 29 25 27 31 34 33 36 35 32  2  4  6  3  1  5 12  7  8 10 11  9 14 18 13 17 16 15
 27 30 29 26 25 28 32 36 34 35 31 33  1  4  3  6  5  2  8 10 12  9  7 11 18 13 14 16 17 15 20 24 19 23 22 21
 33 36 35 32 31 34  2  6  4  5  1  3  7 10  9 12 11  8 14 16 18 15 13 17 24 19 20 22 23 21 26 30 25 29 28 27
 10  7 12  9  8 11 15 13 17 18 14 16 20 23 22 19 24 21 27 29 25 28 26 30 31 32 33 35 36 34  3  1  2  6  5  4
 34 31 36 33 32 35  3  1  5  6  2  4  8 11 10  7 12  9 15 17 13 16 14 18 19 20 21 23 24 22 27 25 26 30 29 28
 22 19 24 21 20 23 27 25 29 30 26 28 32 35 34 31 36 33  3  5  1  4  2  6  7  8  9 11 12 10 15 13 14 18 17 16
 28 25 30 27 26 29 33 31 35 36 32 34  2  5  4  1  6  3  9 11  7 10  8 12 13 14 15 17 18 16 21 19 20 24 23 22
 16 13 18 15 14 17 21 19 23 24 20 22 26 29 28 25 30 27 33 35 31 34 32 36  1  2  3  5  6  4  9  7  8 12 11 10
  4  1  6  3  2  5  9  7 11 12  8 10 14 17 16 13 18 15 21 23 19 22 20 24 25 26 27 29 30 28 33 31 32 36 35 34
 35 32 31 34 33 36  4  2  6  1  3  5  9 12 11  8  7 10 16 18 14 17 15 13 20 21 22 24 19 23 28 26 27 25 30 29
  5  2  1  4  3  6 10  8 12  7  9 11 15 18 17 14 13 16 22 24 20 23 21 19 26 27 28 30 25 29 34 32 33 31 36 35
 29 26 25 28 27 30 34 32 36 31 33 35  3  6  5  2  1  4 10 12  8 11  9  7 14 15 16 18 13 17 22 20 21 19 24 23
 17 14 13 16 15 18 22 20 24 19 21 23 27 30 29 26 25 28 34 36 32 35 33 31  2  3  4  6  1  5 10  8  9  7 12 11
 11  8  7 10  9 12 16 14 18 13 15 17 21 24 23 20 19 22 28 30 26 29 27 25 32 33 34 36 31 35  4  2  3  1  6  5
 23 20 19 22 21 24 28 26 30 25 27 29 33 36 35 32 31 34  4  6  2  5  3  1  8  9 10 12  7 11 16 14 15 13 18 17
  6  3  2  5  4  1 11  9  7  8 10 12 16 13 18 15 14 17 23 19 21 24 22 20 27 28 29 25 26 30 35 33 34 32 31 36
 12  9  8 11 10  7 17 15 13 14 16 18 22 19 24 21 20 23 29 25 27 30 28 26 33 34 35 31 32 36  5  3  4  2  1  6
 30 27 26 29 28 25 35 33 31 32 34 36  4  1  6  3  2  5 11  7  9 12 10  8 15 16 17 13 14 18 23 21 22 20 19 24
 24 21 20 23 22 19 29 27 25 26 28 30 34 31 36 33 32 35  5  1  3  6  4  2  9 10 11  7  8 12 17 15 16 14 13 18
 18 15 14 17 16 13 23 21 19 20 22 24 28 25 30 27 26 29 35 31 33 36 34 32  3  4  5  1  2  6 11  9 10  8  7 12
 36 33 32 35 34 31  5  3  1  2  4  6 10  7 12  9  8 11 17 13 15 18 16 14 21 22 23 19 20 24 29 27 28 26 25 30
 25 28 27 30 29 26 36 34 32 33 35 31  5  2  1  4  3  6 12  8 10  7 11  9 16 17 18 14 15 13 24 22 23 21 20 19
 19 22 21 24 23 20 30 28 26 27 29 25 35 32 31 34 33 36  6  2  4  1  5  3 10 11 12  8  9  7 18 16 17 15 14 13
  1  4  3  6  5  2 12 10  8  9 11  7 17 14 13 16 15 18 24 20 22 19 23 21 28 29 30 26 27 25 36 34 35 33 32 31
 13 16 15 18 17 14 24 22 20 21 23 19 29 26 25 28 27 30 36 32 34 31 35 33  4  5  6  2  3  1 12 10 11  9  8  7
  7 10  9 12 11  8 18 16 14 15 17 13 23 20 19 22 21 24 30 26 28 25 29 27 34 35 36 32 33 31  6  4  5  3  2  1
 31 34 33 36 35 32  6  4  2  3  5  1 11  8  7 10  9 12 18 14 16 13 17 15 22 23 24 20 21 19 30 28 29 27 26 25
