 19 23 24 22 20 21 30 25 29 28 27 26 34 33 31 36 32 35  1  6  5  3  4  2  7  9  8 11 10 12 13 17 16 18 15 14
 13 17 18 16 14 15 24 19 23 22 21 20 28 27 25 30 26 29 31 36 35 33 34 32  1  3  2  5  4  6  7 11 10 12  9  8
  7 11 12 10  8  9 18 13 17 16 15 14 22 21 19 24 20 23 25 30 29 27 28 26 31 33 32 35 34 36  1  5  4  6  3  2
 25 29 30 28 26 27 36 31 35 34 33 32  4  3  1  6  2  5  7 12 11  9 10  8 13 15 14 17 16 18 19 23 22 24 21 20
 31 35 36 34 32 33  6  1  5  4  3  2 10  9  7 12  8 11 13 18 17 15 16 14 19 21 20 23 22 24 25 29 28 30 27 26
  1  5  6  4  2  3 12  7 11 10  9  8 16 15 13 18 14 17 19 24 23 21 22 20 25 27 26 29 28 30 31 35 34 36 33 32
 26 30 25 29 27 28 31 32 36 35 34 33  5  4  2  1  3  6  8  7 12 10 11  9 14 16 15 18 17 13 20 24 23 19 22 21
 32 36 31 35 33 34  1  2  6  5  4  3 11 10  8  7  9 12 14 13 18 16 17 15 20 22 21 24 23 19 26 30 29 25 28 27
  2  6  1  5  3  4  7  8 12 11 10  9 17 16 14 13 15 18 20 19 24 22 23 21 26 28 27 30 29 25 32 36 35 31 34 33
 20 24 19 23 21 22 25 26 30 29 28 27 35 34 32 31 33 36  2  1  6  4  5  3  8 10  9 12 11  7 14 18 17 13 16 15
  8 12  7 11  9 10 13 14 18 17 16 15 23 22 20 19 21 24 26 25 30 28 29 27 32 34 33 36 35 31  2  6  5  1  4  3
 14 18 13 17 15 16 19 20 24 23 22 21 29 28 26 25 27 30 32 31 36 34 35 33  2  4  3  6  5  1  8 12 11  7 10  9
 33 31 32 36 34 35  2  3  1  6  5  4 12 11  9  8 10  7 15 14 13 17 18 16 21 23 22 19 24 20 27 25 30 26 29 28
 27 25 26 30 28 29 32 33 31 36 35 34  6  5  3  2  4  1  9  8  7 11 12 10 15 17 16 13 18 14 21 19 24 20 23 22
  3  1  2  6  4  5  8  9  7 12 11 10 18 17 15 14 16 13 21 20 19 23 24 22 27 29 28 25 30 26 33 31 36 32 35 34
 21 19 20 24 22 23 26 27 25 30 29 28 36 35 33 32 34 31  3  2  1  5  6  4  9 11 10  7 12  8 15 13 18 14 17 16
 15 13 14 18 16 17 20 21 19 24 23 22 30 29 27 26 28 25 33 32 31 35 36 34  3  5  4  1  6  2  9  7 12  8 11 10
  9  7  8 12 10 11 14 15 13 18 17 16 24 23 21 20 22 19 27 26 25 29 30 28 33 35 34 31 36 32  3  1  6  2  5  4
 34 32 33 31 35 36  3  4  2  1  6  5  7 12 10  9 11  8 16 15 14 18 13 17 22 24 23 20 19 21 28 26 25 27 30 29
 28 26 27 25 29 30 33 34 32 31 36 35  1  6  4  3  5  2 10  9  8 12  7 11 16 18 17 14 13 15 22 20 19 21 24 23
 16 14 15 13 17 18 21 22 20 19 24 23 25 30 28 27 29 26 34 33 32 36 31 35  4  6  5  2  1  3 10  8  7  9 12 11
 22 20 21 19 23 24 27 28 26 25 30 29 31 36 34 33 35 32  4  3  2  6  1  5 10 12 11  8  7  9 16 14 13 15 18 17
  4  2  3  1  5  6  9 10  8  7 12 11 13 18 16 15 17 14 22 21 20 24 19 23 28 30 29 26 25 27 34 32 31 33 36 35
 10  8  9  7 11 12 15 16 14 13 18 17 19 24 22 21 23 20 28 27 26 30 25 29 34 36 35 32 31 33  4  2  1  3  6  5
 17 15 16 14 18 13 22 23 21 20 19 24 26 25 29 28 30 27 35 34 33 31 32 36  5  1  6  3  2  4 11  9  8 10  7 12
 11  9 10  8 12  7 16 17 15 14 13 18 20 19 23 22 24 21 29 28 27 25 26 30 35 31 36 33 32 34  5  3  2  4  1  6
 23 21 22 20 24 19 28 29 27 26 25 30 32 31 35 34 36 33  5  4  3  1  2  6 11  7 12  9  8 10 17 15 14 16 13 18
 35 33 34 32 36 31  4  5  3  2  1  6  8  7 11 10 12  9 17 16 15 13 14 18 23 19 24 21 20 22 29 27 26 28 25 30
  5  3  4  2  6  1 10 11  9  8  7 12 14 13 17 16 18 15 23 22 21 19 20 24 29 25 30 27 26 28 35 33 32 34 31 36
 29 27 28 26 30 25 34 35 33 32 31 36  2  1  5  4  6  3 11 10  9  7  8 12 17 13 18 15 14 16 23 21 20 22 19 24
 36 34 35 33 31 32  5  6  4  3  2  1  9  8 12 11  7 10 18 17 16 14 15 13 24 20 19 22 21 23 30 28 27 29 26 25
  6  4  5  3  1  2 11 12 10  9  8  7 15 14 18 17 13 16 24 23 22 20 21 19 30 26 25 28 27 29 36 34 33 35 32 31
 12 10 11  9  7  8 17 18 16 15 14 13 21 20 24 23 19 22 30 29 28 26 27 25 36 32 31 34 33 35  6  4  3  5  2  1
 30 28 29 27 25 26 35 36 34 33 32 31  3  2  6  5  1  4 12 11 10  8  9  7 18 14 13 16 15 17 24 22 21 23 20 19
 24 22 23 21 19 20 29 30 28 27 26 25 33 32 36 35 31 34  6  5  4  2  3  1 12  8  7 10  9 11 18 16 15 17 14 13
 18 16 17 15 13 14 23 24 22 21 20 19 27 26 30 29 25 28 36 35 34 32 33 31  6  2  1  4  3  5 12 10  9 11  8  7
