  6 14 13 10  9 15 16 11  4  7  8  1  3 12  5  2
  3 12  7  2  1  4  5  8 10  6  9 15 14 13 11 16
  9  6  4 16  5  8 10  7 12  2 13 14  1 15  3 11
 11 13 14  3 15  1 12  2 16  8  6  4  5  7  9 10
 12 10  3  4 14 13  1 16  6  9 15 11  7  5  2  8
  2  7  6  9 11  5  8 15 14 10  4 16 13  1 12  3
  1 11 10 14  8  9  4  5 15 16  2  3 12  6 13  7
 15 16 12 13  3  7  2  6  9  4 10  8 11 14  1  5
  4  2  5  6 13  3 11  9  7 14 16 12  8 10 15  1
 16 15  1  8  7 10 14 12  5  3 11  9  4  2  6 13
 13  1 15  5  4  6  3 14  2 12  7 10 16 11  8  9
  7  8 11 12 16  2  9 10 13  1  3  5 15  4 14  6
  5  9  2  7 12 11 13  3  8 15  1  6 10 16  4 14
  8  4 16 15 10 14  6  1  3 11  5 13  2  9  7 12
 10  5  8 11  6 12  7  4  1 13 14  2  9  3 16 15
 14  3  9  1  2 16 15 13 11  5 12  7  6  8 10  4
