 19  7 13 23 22 14  5 10  3 24  9 20  6  1 21 12 17 15 18  4  8 11 16  2
 16  4  9  7  6 10 14 21 19  5 15 22 18  2 17  1  3 24 20 23 11 13  8 12
  3 24 15  9 13 20  2 22 16 21 14  7  5 10 23  6 11  8 12  1 17  4 19 18
 12 22  6  4 15  3 13  9  1 16  2  8 20 14 11 18 23 21 24  5 19 17  7 10
  1  5 18 19 16  2  6  8  7 13 17 11 24 12 15 20 14  4 21  3 10 23 22  9
  8 17 20 18 11 21 15  4 12  3 19 23 13 22  9  2  5 10 14  7 16  1 24  6
 10 21 23  1 17  8 20 24 11  4 12 18  3  7 16 22  9 19  2  6 13 14  5 15
 11  2 14  5 24 12 17 23 18 10  1  6  8  4 19 13  7 16 15 22  9 20 21  3
  5 11  2 24 10 16 21 20 23 12  3 17 22 13  8 15  6 14  4 19  7  9 18  1
 15 13  8  6 18  1 12 19 10 20 21  4  2  5  7  3 16 22  9 17 23 24 14 11
 21  9 22 13  8 11 16 15  6 19 23 24 17 20 18  7 10  5  3 14  1  2 12  4
 14 10 19  2 23  5 11 13  8  6 22 15 21  3  4  9  1 18 16 24 12  7 20 17
  6  1 17  3  9 19 22  2  5  8  7 16 15 24 14  4 20 12 11 18 21 10 23 13
  7 16 12 22 14 17  1  3  4 11 18  5  9  6 10 24 21 23 13 20  2 19 15  8
 18  3 24 12 20  4  9  7 17  2 13 14 16 23  1  8 19 11 22 10 15 21  6  5
 20 23  4 15 21  7 24 18 14  1 10  9 19 11 12 17 13  2  6  8  5 22  3 16
 17 20  1 16 19  9  4 12 13  7  5  3 14 21  2 11  8  6 23 15 22 18 10 24
 22  6 21  8  3 15 19 16  2 17 11 13 23  9 24 10  4 20  7 12 18  5  1 14
  2 18  5 20 12 24  8 17 22 14 16 10 11 19 13 23 15  9  1 21  3  6  4  7
  4 15  3 17  7 18 23  6 24 22  8  1 10 16 20 21  2 13  5 11 14 12  9 19
 13 19 16 21  4  6 10 14 15 23 24  2  1 18  3  5 12  7 17  9 20  8 11 22
 23 12 10 11  5 22  3  1  9 18 20 19  7 15  6 14 24 17  8  2  4 16 13 21
  9 14  7 10  2 23 18 11 21 15  6 12  4  8  5 16 22  1 19 13 24  3 17 20
 24  8 11 14  1 13  7  5 20  9  4 21 12 17 22 19 18  3 10 16  6 15  2 23
