 18 11  7 22 12 17  8 16 13 21  4 20  2 24 15  3 23 14  6 10 19  1  5  9
 20 24 16 23  8  2  6  9 22 18  3  5  4  7 19 15  1 21 14 13 17 11 10 12
 23 15  2 20 14 19 24  7 11  1  9 22  3 18  6 12 13 10  8  5  4 17 21 16
  8 12  9 16  1 18 23  2 20 17  7  6 22 21 10  4 11  5  3 15 24 14 13 19
  4  3  1  6  7 10 19 15 21  8  2 13  9  5 14 24 17 22 11 12 16 18 20 23
 10 22 17 24  9 15  1  5  3 16 23 14 12 11 13  6  2 19 21 18 20  4  8  7
 13 19 21  3 11  5 18 14  4 24 10 12 17  1 23 20 16  8  2  9  7  6 15 22
  6  5 14  4 21 13 17 10 12 15 19 11  8 16 20 18  9  7  1 23 22  3  2 24
 16 20  5 21 17  9 13  1  7 10 15 23 18  4 11 22 12  3 24  2  6  8 19 14
  2  9 15 19  5 22 11  6 14 20 16 18 23 12  1  8 24 13 17  7 10 21  3  4
 19 10 13 15  2  3  5 20 16  6  1  7 24  9 22 23 14 17  4  8 21 12 11 18
 14  4 22 13 20  8 15 19  2 11 21  3  7 10 16  9  5  6 12  1 18 24 23 17
  1 18 11 14 10 23 22  8 17  2 12 24  6 13 21 16 15  4  9 19  3 20  7  5
  7 23  3 18  4 11 10 12 24 13 22 17 15 14  8 21 19  2 16 20  5  9  6  1
 17 21 12  1 24  6  4 23 18 14  8  9 19  3  5 11  7 20 13 22 15  2 16 10
 24  6  8  7 16 12  3 21  9 19  5  4 20  2 17 10 18  1 23 11 14 13 22 15
  9  8 18 11 22 16 12  3  6 23 17 19  1 20  7 14 10 24 15 21  2  5  4 13
 11  7 10 12  3  4 20 24 19  5 14  1 13 23  9 17 21 16 22  6  8 15 18  2
 12 16  4  9 18  7 14 22 15  3 20  2  5  8 24 13  6 23 10 17 11 19  1 21
 21  1  6 17 19 14  2 11  8 12 13 15 16 22 18  5 20  9  7  4 23 10 24  3
 22  2 23  5  6 20  9 18 10  7 24 21 14 17  4  1  8 15 19  3 13 16 12 11
  5 13 24  2 23 21 16  4  1  9  6 10 11 15  3 19 22 18 20 14 12  7 17  8
 15 14 20 10 13 24  7 17 23  4 18  8 21 19 12  2  3 11  5 16  1 22  9  6
  3 17 19  8 15  1 21 13  5 22 11 16 10  6  2  7  4 12 18 24  9 23 14 20
