 18 13 15 12 16 20 17 19 11 14  4  7  2  1  6 10  8  9  3  5
  8  3  5  2  6 10  7  9  1  4 14 17 12 11 16 20 18 19 13 15
 19 14 16 13 17 11 18 20 12 15  5  8  3  2  7  1  9 10  4  6
  9  4  6  3  7  1  8 10  2  5 15 18 13 12 17 11 19 20 14 16
 20 15 17 14 18 12 19 11 13 16  6  9  4  3  8  2 10  1  5  7
 10  5  7  4  8  2  9  1  3  6 16 19 14 13 18 12 20 11 15 17
  1  6  8  5  9  3 10  2  4  7 17 20 15 14 19 13 11 12 16 18
 11 16 18 15 19 13 20 12 14 17  7 10  5  4  9  3  1  2  6  8
 12 17 19 16 20 14 11 13 15 18  8  1  6  5 10  4  2  3  7  9
  2  7  9  6 10  4  1  3  5  8 18 11 16 15 20 14 12 13 17 19
  3  8 10  7  1  5  2  4  6  9 19 12 17 16 11 15 13 14 18 20
 13 18 20 17 11 15 12 14 16 19  9  2  7  6  1  5  3  4  8 10
  4  9  1  8  2  6  3  5  7 10 20 13 18 17 12 16 14 15 19 11
 14 19 11 18 12 16 13 15 17 20 10  3  8  7  2  6  4  5  9  1
  5 10  2  9  3  7  4  6  8  1 11 14 19 18 13 17 15 16 20 12
 15 20 12 19 13 17 14 16 18 11  1  4  9  8  3  7  5  6 10  2
  6  1  3 10  4  8  5  7  9  2 12 15 20 19 14 18 16 17 11 13
 16 11 13 20 14 18 15 17 19 12  2  5 10  9  4  8  6  7  1  3
 17 12 14 11 15 19 16 18 20 13  3  6  1 10  5  9  7  8  2  4
  7  2  4  1  5  9  6  8 10  3 13 16 11 20 15 19 17 18 12 14
