  2  5 10  3  6  4  8  7  1  9 12 11 16 14 17 20 15 13 19 18
 12 15 20 13 16 14 18 17 11 19  2  1  6  4  7 10  5  3  9  8
 13 16 11 14 17 15 19 18 12 20  3  2  7  5  8  1  6  4 10  9
  3  6  1  4  7  5  9  8  2 10 13 12 17 15 18 11 16 14 20 19
 14 17 12 15 18 16 20 19 13 11  4  3  8  6  9  2  7  5  1 10
  4  7  2  5  8  6 10  9  3  1 14 13 18 16 19 12 17 15 11 20
 15 18 13 16 19 17 11 20 14 12  5  4  9  7 10  3  8  6  2  1
  5  8  3  6  9  7  1 10  4  2 15 14 19 17 20 13 18 16 12 11
 16 19 14 17 20 18 12 11 15 13  6  5 10  8  1  4  9  7  3  2
  6  9  4  7 10  8  2  1  5  3 16 15 20 18 11 14 19 17 13 12
 17 20 15 18 11 19 13 12 16 14  7  6  1  9  2  5 10  8  4  3
  7 10  5  8  1  9  3  2  6  4 17 16 11 19 12 15 20 18 14 13
 18 11 16 19 12 20 14 13 17 15  8  7  2 10  3  6  1  9  5  4
  8  1  6  9  2 10  4  3  7  5 18 17 12 20 13 16 11 19 15 14
  9  2  7 10  3  1  5  4  8  6 19 18 13 11 14 17 12 20 16 15
 19 12 17 20 13 11 15 14 18 16  9  8  3  1  4  7  2 10  6  5
 10  3  8  1  4  2  6  5  9  7 20 19 14 12 15 18 13 11 17 16
 20 13 18 11 14 12 16 15 19 17 10  9  4  2  5  8  3  1  7  6
 11 14 19 12 15 13 17 16 20 18  1 10  5  3  6  9  4  2  8  7
  1  4  9  2  5  3  7  6 10  8 11 20 15 13 16 19 14 12 18 17
