  8  3  1 10  4  7  2  6  5  9 17 11 15 14 20 18 12 16 13 19
 18 13 11 20 14 17 12 16 15 19  7  1  5  4 10  8  2  6  3  9
 19 14 12 11 15 18 13 17 16 20  8  2  6  5  1  9  3  7  4 10
  9  4  2  1  5  8  3  7  6 10 18 12 16 15 11 19 13 17 14 20
 10  5  3  2  6  9  4  8  7  1 19 13 17 16 12 20 14 18 15 11
 20 15 13 12 16 19 14 18 17 11  9  3  7  6  2 10  4  8  5  1
 11 16 14 13 17 20 15 19 18 12 10  4  8  7  3  1  5  9  6  2
  1  6  4  3  7 10  5  9  8  2 20 14 18 17 13 11 15 19 16 12
  2  7  5  4  8  1  6 10  9  3 11 15 19 18 14 12 16 20 17 13
 12 17 15 14 18 11 16 20 19 13  1  5  9  8  4  2  6 10  7  3
 13 18 16 15 19 12 17 11 20 14  2  6 10  9  5  3  7  1  8  4
  3  8  6  5  9  2  7  1 10  4 12 16 20 19 15 13 17 11 18 14
 14 19 17 16 20 13 18 12 11 15  3  7  1 10  6  4  8  2  9  5
  4  9  7  6 10  3  8  2  1  5 13 17 11 20 16 14 18 12 19 15
  5 10  8  7  1  4  9  3  2  6 14 18 12 11 17 15 19 13 20 16
 15 20 18 17 11 14 19 13 12 16  4  8  2  1  7  5  9  3 10  6
 16 11 19 18 12 15 20 14 13 17  5  9  3  2  8  6 10  4  1  7
  6  1  9  8  2  5 10  4  3  7 15 19 13 12 18 16 20 14 11 17
 17 12 20 19 13 16 11 15 14 18  6 10  4  3  9  7  1  5  2  8
  7  2 10  9  3  6  1  5  4  8 16 20 14 13 19 17 11 15 12 18
