  7  9  2  6  1  3 10  8  4  5 13 15 14 12 20 16 19 18 11 17
 17 19 12 16 11 13 20 18 14 15  3  5  4  2 10  6  9  8  1  7
  8 10  3  7  2  4  1  9  5  6 14 16 15 13 11 17 20 19 12 18
 18 20 13 17 12 14 11 19 15 16  4  6  5  3  1  7 10  9  2  8
 19 11 14 18 13 15 12 20 16 17  5  7  6  4  2  8  1 10  3  9
  9  1  4  8  3  5  2 10  6  7 15 17 16 14 12 18 11 20 13 19
 20 12 15 19 14 16 13 11 17 18  6  8  7  5  3  9  2  1  4 10
 10  2  5  9  4  6  3  1  7  8 16 18 17 15 13 19 12 11 14 20
 11 13 16 20 15 17 14 12 18 19  7  9  8  6  4 10  3  2  5  1
  1  3  6 10  5  7  4  2  8  9 17 19 18 16 14 20 13 12 15 11
  2  4  7  1  6  8  5  3  9 10 18 20 19 17 15 11 14 13 16 12
 12 14 17 11 16 18 15 13 19 20  8 10  9  7  5  1  4  3  6  2
  3  5  8  2  7  9  6  4 10  1 19 11 20 18 16 12 15 14 17 13
 13 15 18 12 17 19 16 14 20 11  9  1 10  8  6  2  5  4  7  3
  4  6  9  3  8 10  7  5  1  2 20 12 11 19 17 13 16 15 18 14
 14 16 19 13 18 20 17 15 11 12 10  2  1  9  7  3  6  5  8  4
  5  7 10  4  9  1  8  6  2  3 11 13 12 20 18 14 17 16 19 15
 15 17 20 14 19 11 18 16 12 13  1  3  2 10  8  4  7  6  9  5
  6  8  1  5 10  2  9  7  3  4 12 14 13 11 19 15 18 17 20 16
 16 18 11 15 20 12 19 17 13 14  2  4  3  1  9  5  8  7 10  6
