 47 53 54 49 48 52 51 46 50 55 58 63 60 56 62 59 57 61 70 71 72 66 67 69 68 64 65  7  3  6  8  1  5  2  4  9 16 10 17 13 11 18 14 15 12 21 25 23 24 20 19 22 27 26 33 31 36 32 28 29 30 35 34 39 40 38 42 45 37 41 43 44
 38 44 45 40 39 43 42 37 41 46 49 54 51 47 53 50 48 52 61 62 63 57 58 60 59 55 56 70 66 69 71 64 68 65 67 72  7  1  8  4  2  9  5  6  3 12 16 14 15 11 10 13 18 17 24 22 27 23 19 20 21 26 25 30 31 29 33 36 28 32 34 35
 65 71 72 67 66 70 69 64 68  1  4  9  6  2  8  5  3  7 16 17 18 12 13 15 14 10 11 25 21 24 26 19 23 20 22 27 34 28 35 31 29 36 32 33 30 39 43 41 42 38 37 40 45 44 51 49 54 50 46 47 48 53 52 57 58 56 60 63 55 59 61 62
 29 35 36 31 30 34 33 28 32 37 40 45 42 38 44 41 39 43 52 53 54 48 49 51 50 46 47 61 57 60 62 55 59 56 58 63 70 64 71 67 65 72 68 69 66  3  7  5  6  2  1  4  9  8 15 13 18 14 10 11 12 17 16 21 22 20 24 27 19 23 25 26
  2  8  9  4  3  7  6  1  5 10 13 18 15 11 17 14 12 16 25 26 27 21 22 24 23 19 20 34 30 33 35 28 32 29 31 36 43 37 44 40 38 45 41 42 39 48 52 50 51 47 46 49 54 53 60 58 63 59 55 56 57 62 61 66 67 65 69 72 64 68 70 71
 56 62 63 58 57 61 60 55 59 64 67 72 69 65 71 68 66 70  7  8  9  3  4  6  5  1  2 16 12 15 17 10 14 11 13 18 25 19 26 22 20 27 23 24 21 30 34 32 33 29 28 31 36 35 42 40 45 41 37 38 39 44 43 48 49 47 51 54 46 50 52 53
 11 17 18 13 12 16 15 10 14 19 22 27 24 20 26 23 21 25 34 35 36 30 31 33 32 28 29 43 39 42 44 37 41 38 40 45 52 46 53 49 47 54 50 51 48 57 61 59 60 56 55 58 63 62 69 67 72 68 64 65 66 71 70  3  4  2  6  9  1  5  7  8
 20 26 27 22 21 25 24 19 23 28 31 36 33 29 35 32 30 34 43 44 45 39 40 42 41 37 38 52 48 51 53 46 50 47 49 54 61 55 62 58 56 63 59 60 57 66 70 68 69 65 64 67 72 71  6  4  9  5  1  2  3  8  7 12 13 11 15 18 10 14 16 17
  3  9  1  5  4  8  7  2  6 11 14 10 16 12 18 15 13 17 26 27 19 22 23 25 24 20 21 35 31 34 36 29 33 30 32 28 44 38 45 41 39 37 42 43 40 49 53 51 52 48 47 50 46 54 61 59 55 60 56 57 58 63 62 67 68 66 70 64 65 69 71 72
 21 27 19 23 22 26 25 20 24 29 32 28 34 30 36 33 31 35 44 45 37 40 41 43 42 38 39 53 49 52 54 47 51 48 50 46 62 56 63 59 57 55 60 61 58 67 71 69 70 66 65 68 64 72  7  5  1  6  2  3  4  9  8 13 14 12 16 10 11 15 17 18
 66 72 64 68 67 71 70 65 69  2  5  1  7  3  9  6  4  8 17 18 10 13 14 16 15 11 12 26 22 25 27 20 24 21 23 19 35 29 36 32 30 28 33 34 31 40 44 42 43 39 38 41 37 45 52 50 46 51 47 48 49 54 53 58 59 57 61 55 56 60 62 63
 48 54 46 50 49 53 52 47 51 56 59 55 61 57 63 60 58 62 71 72 64 67 68 70 69 65 66  8  4  7  9  2  6  3  5  1 17 11 18 14 12 10 15 16 13 22 26 24 25 21 20 23 19 27 34 32 28 33 29 30 31 36 35 40 41 39 43 37 38 42 44 45
 39 45 37 41 40 44 43 38 42 47 50 46 52 48 54 51 49 53 62 63 55 58 59 61 60 56 57 71 67 70 72 65 69 66 68 64  8  2  9  5  3  1  6  7  4 13 17 15 16 12 11 14 10 18 25 23 19 24 20 21 22 27 26 31 32 30 34 28 29 33 35 36
 57 63 55 59 58 62 61 56 60 65 68 64 70 66 72 69 67 71  8  9  1  4  5  7  6  2  3 17 13 16 18 11 15 12 14 10 26 20 27 23 21 19 24 25 22 31 35 33 34 30 29 32 28 36 43 41 37 42 38 39 40 45 44 49 50 48 52 46 47 51 53 54
 12 18 10 14 13 17 16 11 15 20 23 19 25 21 27 24 22 26 35 36 28 31 32 34 33 29 30 44 40 43 45 38 42 39 41 37 53 47 54 50 48 46 51 52 49 58 62 60 61 57 56 59 55 63 70 68 64 69 65 66 67 72 71  4  5  3  7  1  2  6  8  9
 30 36 28 32 31 35 34 29 33 38 41 37 43 39 45 42 40 44 53 54 46 49 50 52 51 47 48 62 58 61 63 56 60 57 59 55 71 65 72 68 66 64 69 70 67  4  8  6  7  3  2  5  1  9 16 14 10 15 11 12 13 18 17 22 23 21 25 19 20 24 26 27
 49 46 47 51 50 54 53 48 52 57 60 56 62 58 55 61 59 63 72 64 65 68 69 71 70 66 67  9  5  8  1  3  7  4  6  2 18 12 10 15 13 11 16 17 14 23 27 25 26 22 21 24 20 19 35 33 29 34 30 31 32 28 36 41 42 40 44 38 39 43 45 37
  4  1  2  6  5  9  8  3  7 12 15 11 17 13 10 16 14 18 27 19 20 23 24 26 25 21 22 36 32 35 28 30 34 31 33 29 45 39 37 42 40 38 43 44 41 50 54 52 53 49 48 51 47 46 62 60 56 61 57 58 59 55 63 68 69 67 71 65 66 70 72 64
 31 28 29 33 32 36 35 30 34 39 42 38 44 40 37 43 41 45 54 46 47 50 51 53 52 48 49 63 59 62 55 57 61 58 60 56 72 66 64 69 67 65 70 71 68  5  9  7  8  4  3  6  2  1 17 15 11 16 12 13 14 10 18 23 24 22 26 20 21 25 27 19
 13 10 11 15 14 18 17 12 16 21 24 20 26 22 19 25 23 27 36 28 29 32 33 35 34 30 31 45 41 44 37 39 43 40 42 38 54 48 46 51 49 47 52 53 50 59 63 61 62 58 57 60 56 55 71 69 65 70 66 67 68 64 72  5  6  4  8  2  3  7  9  1
 58 55 56 60 59 63 62 57 61 66 69 65 71 67 64 70 68 72  9  1  2  5  6  8  7  3  4 18 14 17 10 12 16 13 15 11 27 21 19 24 22 20 25 26 23 32 36 34 35 31 30 33 29 28 44 42 38 43 39 40 41 37 45 50 51 49 53 47 48 52 54 46
 40 37 38 42 41 45 44 39 43 48 51 47 53 49 46 52 50 54 63 55 56 59 60 62 61 57 58 72 68 71 64 66 70 67 69 65  9  3  1  6  4  2  7  8  5 14 18 16 17 13 12 15 11 10 26 24 20 25 21 22 23 19 27 32 33 31 35 29 30 34 36 28
 67 64 65 69 68 72 71 66 70  3  6  2  8  4  1  7  5  9 18 10 11 14 15 17 16 12 13 27 23 26 19 21 25 22 24 20 36 30 28 33 31 29 34 35 32 41 45 43 44 40 39 42 38 37 53 51 47 52 48 49 50 46 54 59 60 58 62 56 57 61 63 55
 22 19 20 24 23 27 26 21 25 30 33 29 35 31 28 34 32 36 45 37 38 41 42 44 43 39 40 54 50 53 46 48 52 49 51 47 63 57 55 60 58 56 61 62 59 68 72 70 71 67 66 69 65 64  8  6  2  7  3  4  5  1  9 14 15 13 17 11 12 16 18 10
 32 29 30 34 33 28 36 31 35 40 43 39 45 41 38 44 42 37 46 47 48 51 52 54 53 49 50 55 60 63 56 58 62 59 61 57 64 67 65 70 68 66 71 72 69  6  1  8  9  5  4  7  3  2 18 16 12 17 13 14 15 11 10 24 25 23 27 21 22 26 19 20
 68 65 66 70 69 64 72 67 71  4  7  3  9  5  2  8  6  1 10 11 12 15 16 18 17 13 14 19 24 27 20 22 26 23 25 21 28 31 29 34 32 30 35 36 33 42 37 44 45 41 40 43 39 38 54 52 48 53 49 50 51 47 46 60 61 59 63 57 58 62 55 56
 41 38 39 43 42 37 45 40 44 49 52 48 54 50 47 53 51 46 55 56 57 60 61 63 62 58 59 64 69 72 65 67 71 68 70 66  1  4  2  7  5  3  8  9  6 15 10 17 18 14 13 16 12 11 27 25 21 26 22 23 24 20 19 33 34 32 36 30 31 35 28 29
 59 56 57 61 60 55 63 58 62 67 70 66 72 68 65 71 69 64  1  2  3  6  7  9  8  4  5 10 15 18 11 13 17 14 16 12 19 22 20 25 23 21 26 27 24 33 28 35 36 32 31 34 30 29 45 43 39 44 40 41 42 38 37 51 52 50 54 48 49 53 46 47
  5  2  3  7  6  1  9  4  8 13 16 12 18 14 11 17 15 10 19 20 21 24 25 27 26 22 23 28 33 36 29 31 35 32 34 30 37 40 38 43 41 39 44 45 42 51 46 53 54 50 49 52 48 47 63 61 57 62 58 59 60 56 55 69 70 68 72 66 67 71 64 65
 23 20 21 25 24 19 27 22 26 31 34 30 36 32 29 35 33 28 37 38 39 42 43 45 44 40 41 46 51 54 47 49 53 50 52 48 55 58 56 61 59 57 62 63 60 69 64 71 72 68 67 70 66 65  9  7  3  8  4  5  6  2  1 15 16 14 18 12 13 17 10 11
 50 47 48 52 51 46 54 49 53 58 61 57 63 59 56 62 60 55 64 65 66 69 70 72 71 67 68  1  6  9  2  4  8  5  7  3 10 13 11 16 14 12 17 18 15 24 19 26 27 23 22 25 21 20 36 34 30 35 31 32 33 29 28 42 43 41 45 39 40 44 37 38
 14 11 12 16 15 10 18 13 17 22 25 21 27 23 20 26 24 19 28 29 30 33 34 36 35 31 32 37 42 45 38 40 44 41 43 39 46 49 47 52 50 48 53 54 51 60 55 62 63 59 58 61 57 56 72 70 66 71 67 68 69 65 64  6  7  5  9  3  4  8  1  2
 60 57 58 62 61 56 55 59 63 68 71 67 64 69 66 72 70 65  2  3  4  7  8  1  9  5  6 11 16 10 12 14 18 15 17 13 20 23 21 26 24 22 27 19 25 34 29 36 28 33 32 35 31 30 37 44 40 45 41 42 43 39 38 52 53 51 46 49 50 54 47 48
 33 30 31 35 34 29 28 32 36 41 44 40 37 42 39 45 43 38 47 48 49 52 53 46 54 50 51 56 61 55 57 59 63 60 62 58 65 68 66 71 69 67 72 64 70  7  2  9  1  6  5  8  4  3 10 17 13 18 14 15 16 12 11 25 26 24 19 22 23 27 20 21
 69 66 67 71 70 65 64 68 72  5  8  4  1  6  3  9  7  2 11 12 13 16 17 10 18 14 15 20 25 19 21 23 27 24 26 22 29 32 30 35 33 31 36 28 34 43 38 45 37 42 41 44 40 39 46 53 49 54 50 51 52 48 47 61 62 60 55 58 59 63 56 57
 51 48 49 53 52 47 46 50 54 59 62 58 55 60 57 63 61 56 65 66 67 70 71 64 72 68 69  2  7  1  3  5  9  6  8  4 11 14 12 17 15 13 18 10 16 25 20 27 19 24 23 26 22 21 28 35 31 36 32 33 34 30 29 43 44 42 37 40 41 45 38 39
  6  3  4  8  7  2  1  5  9 14 17 13 10 15 12 18 16 11 20 21 22 25 26 19 27 23 24 29 34 28 30 32 36 33 35 31 38 41 39 44 42 40 45 37 43 52 47 54 46 51 50 53 49 48 55 62 58 63 59 60 61 57 56 70 71 69 64 67 68 72 65 66
 15 12 13 17 16 11 10 14 18 23 26 22 19 24 21 27 25 20 29 30 31 34 35 28 36 32 33 38 43 37 39 41 45 42 44 40 47 50 48 53 51 49 54 46 52 61 56 63 55 60 59 62 58 57 64 71 67 72 68 69 70 66 65  7  8  6  1  4  5  9  2  3
 42 39 40 44 43 38 37 41 45 50 53 49 46 51 48 54 52 47 56 57 58 61 62 55 63 59 60 65 70 64 66 68 72 69 71 67  2  5  3  8  6  4  9  1  7 16 11 18 10 15 14 17 13 12 19 26 22 27 23 24 25 21 20 34 35 33 28 31 32 36 29 30
 24 21 22 26 25 20 19 23 27 32 35 31 28 33 30 36 34 29 38 39 40 43 44 37 45 41 42 47 52 46 48 50 54 51 53 49 56 59 57 62 60 58 63 55 61 70 65 72 64 69 68 71 67 66  1  8  4  9  5  6  7  3  2 16 17 15 10 13 14 18 11 12
 25 22 23 27 26 21 20 24 19 33 36 32 29 34 31 28 35 30 39 40 41 44 45 38 37 42 43 48 53 47 49 51 46 52 54 50 57 60 58 63 61 59 55 56 62 71 66 64 65 70 69 72 68 67  2  9  5  1  6  7  8  4  3 17 18 16 11 14 15 10 12 13
 52 49 50 54 53 48 47 51 46 60 63 59 56 61 58 55 62 57 66 67 68 71 72 65 64 69 70  3  8  2  4  6  1  7  9  5 12 15 13 18 16 14 10 11 17 26 21 19 20 25 24 27 23 22 29 36 32 28 33 34 35 31 30 44 45 43 38 41 42 37 39 40
 70 67 68 72 71 66 65 69 64  6  9  5  2  7  4  1  8  3 12 13 14 17 18 11 10 15 16 21 26 20 22 24 19 25 27 23 30 33 31 36 34 32 28 29 35 44 39 37 38 43 42 45 41 40 47 54 50 46 51 52 53 49 48 62 63 61 56 59 60 55 57 58
 43 40 41 45 44 39 38 42 37 51 54 50 47 52 49 46 53 48 57 58 59 62 63 56 55 60 61 66 71 65 67 69 64 70 72 68  3  6  4  9  7  5  1  2  8 17 12 10 11 16 15 18 14 13 20 27 23 19 24 25 26 22 21 35 36 34 29 32 33 28 30 31
  7  4  5  9  8  3  2  6  1 15 18 14 11 16 13 10 17 12 21 22 23 26 27 20 19 24 25 30 35 29 31 33 28 34 36 32 39 42 40 45 43 41 37 38 44 53 48 46 47 52 51 54 50 49 56 63 59 55 60 61 62 58 57 71 72 70 65 68 69 64 66 67
 61 58 59 63 62 57 56 60 55 69 72 68 65 70 67 64 71 66  3  4  5  8  9  2  1  6  7 12 17 11 13 15 10 16 18 14 21 24 22 27 25 23 19 20 26 35 30 28 29 34 33 36 32 31 38 45 41 37 42 43 44 40 39 53 54 52 47 50 51 46 48 49
 34 31 32 36 35 30 29 33 28 42 45 41 38 43 40 37 44 39 48 49 50 53 54 47 46 51 52 57 62 56 58 60 55 61 63 59 66 69 67 72 70 68 64 65 71  8  3  1  2  7  6  9  5  4 11 18 14 10 15 16 17 13 12 26 27 25 20 23 24 19 21 22
 16 13 14 18 17 12 11 15 10 24 27 23 20 25 22 19 26 21 30 31 32 35 36 29 28 33 34 39 44 38 40 42 37 43 45 41 48 51 49 54 52 50 46 47 53 62 57 55 56 61 60 63 59 58 65 72 68 64 69 70 71 67 66  8  9  7  2  5  6  1  3  4
 71 68 69 64 72 67 66 70 65  7  1  6  3  8  5  2  9  4 13 14 15 18 10 12 11 16 17 22 27 21 23 25 20 26 19 24 31 34 32 28 35 33 29 30 36 45 40 38 39 44 43 37 42 41 48 46 51 47 52 53 54 50 49 63 55 62 57 60 61 56 58 59
 35 32 33 28 36 31 30 34 29 43 37 42 39 44 41 38 45 40 49 50 51 54 46 48 47 52 53 58 63 57 59 61 56 62 55 60 67 70 68 64 71 69 65 66 72  9  4  2  3  8  7  1  6  5 12 10 15 11 16 17 18 14 13 27 19 26 21 24 25 20 22 23
 53 50 51 46 54 49 48 52 47 61 55 60 57 62 59 56 63 58 67 68 69 72 64 66 65 70 71  4  9  3  5  7  2  8  1  6 13 16 14 10 17 15 11 12 18 27 22 20 21 26 25 19 24 23 30 28 33 29 34 35 36 32 31 45 37 44 39 42 43 38 40 41
 62 59 60 55 63 58 57 61 56 70 64 69 66 71 68 65 72 67  4  5  6  9  1  3  2  7  8 13 18 12 14 16 11 17 10 15 22 25 23 19 26 24 20 21 27 36 31 29 30 35 34 28 33 32 39 37 42 38 43 44 45 41 40 54 46 53 48 51 52 47 49 50
 44 41 42 37 45 40 39 43 38 52 46 51 48 53 50 47 54 49 58 59 60 63 55 57 56 61 62 67 72 66 68 70 65 71 64 69  4  7  5  1  8  6  2  3  9 18 13 11 12 17 16 10 15 14 21 19 24 20 25 26 27 23 22 36 28 35 30 33 34 29 31 32
  8  5  6  1  9  4  3  7  2 16 10 15 12 17 14 11 18 13 22 23 24 27 19 21 20 25 26 31 36 30 32 34 29 35 28 33 40 43 41 37 44 42 38 39 45 54 49 47 48 53 52 46 51 50 57 55 60 56 61 62 63 59 58 72 64 71 66 69 70 65 67 68
 26 23 24 19 27 22 21 25 20 34 28 33 30 35 32 29 36 31 40 41 42 45 37 39 38 43 44 49 54 48 50 52 47 53 46 51 58 61 59 55 62 60 56 57 63 72 67 65 66 71 70 64 69 68  3  1  6  2  7  8  9  5  4 18 10 17 12 15 16 11 13 14
 17 14 15 10 18 13 12 16 11 25 19 24 21 26 23 20 27 22 31 32 33 36 28 30 29 34 35 40 45 39 41 43 38 44 37 42 49 52 50 46 53 51 47 48 54 63 58 56 57 62 61 55 60 59 66 64 69 65 70 71 72 68 67  9  1  8  3  6  7  2  4  5
 63 60 61 56 55 59 58 62 57 71 65 70 67 72 69 66 64 68  5  6  7  1  2  4  3  8  9 14 10 13 15 17 12 18 11 16 23 26 24 20 27 25 21 22 19 28 32 30 31 36 35 29 34 33 40 38 43 39 44 45 37 42 41 46 47 54 49 52 53 48 50 51
 72 69 70 65 64 68 67 71 66  8  2  7  4  9  6  3  1  5 14 15 16 10 11 13 12 17 18 23 19 22 24 26 21 27 20 25 32 35 33 29 36 34 30 31 28 37 41 39 40 45 44 38 43 42 49 47 52 48 53 54 46 51 50 55 56 63 58 61 62 57 59 60
 36 33 34 29 28 32 31 35 30 44 38 43 40 45 42 39 37 41 50 51 52 46 47 49 48 53 54 59 55 58 60 62 57 63 56 61 68 71 69 65 72 70 66 67 64  1  5  3  4  9  8  2  7  6 13 11 16 12 17 18 10 15 14 19 20 27 22 25 26 21 23 24
 18 15 16 11 10 14 13 17 12 26 20 25 22 27 24 21 19 23 32 33 34 28 29 31 30 35 36 41 37 40 42 44 39 45 38 43 50 53 51 47 54 52 48 49 46 55 59 57 58 63 62 56 61 60 67 65 70 66 71 72 64 69 68  1  2  9  4  7  8  3  5  6
  9  6  7  2  1  5  4  8  3 17 11 16 13 18 15 12 10 14 23 24 25 19 20 22 21 26 27 32 28 31 33 35 30 36 29 34 41 44 42 38 45 43 39 40 37 46 50 48 49 54 53 47 52 51 58 56 61 57 62 63 55 60 59 64 65 72 67 70 71 66 68 69
 45 42 43 38 37 41 40 44 39 53 47 52 49 54 51 48 46 50 59 60 61 55 56 58 57 62 63 68 64 67 69 71 66 72 65 70  5  8  6  2  9  7  3  4  1 10 14 12 13 18 17 11 16 15 22 20 25 21 26 27 19 24 23 28 29 36 31 34 35 30 32 33
 27 24 25 20 19 23 22 26 21 35 29 34 31 36 33 30 28 32 41 42 43 37 38 40 39 44 45 50 46 49 51 53 48 54 47 52 59 62 60 56 63 61 57 58 55 64 68 66 67 72 71 65 70 69  4  2  7  3  8  9  1  6  5 10 11 18 13 16 17 12 14 15
 54 51 52 47 46 50 49 53 48 62 56 61 58 63 60 57 55 59 68 69 70 64 65 67 66 71 72  5  1  4  6  8  3  9  2  7 14 17 15 11 18 16 12 13 10 19 23 21 22 27 26 20 25 24 31 29 34 30 35 36 28 33 32 37 38 45 40 43 44 39 41 42
 46 52 53 48 47 51 50 54 49 63 57 62 59 55 61 58 56 60 69 70 71 65 66 68 67 72 64  6  2  5  7  9  4  1  3  8 15 18 16 12 10 17 13 14 11 20 24 22 23 19 27 21 26 25 32 30 35 31 36 28 29 34 33 38 39 37 41 44 45 40 42 43
 64 70 71 66 65 69 68 72 67  9  3  8  5  1  7  4  2  6 15 16 17 11 12 14 13 18 10 24 20 23 25 27 22 19 21 26 33 36 34 30 28 35 31 32 29 38 42 40 41 37 45 39 44 43 50 48 53 49 54 46 47 52 51 56 57 55 59 62 63 58 60 61
 55 61 62 57 56 60 59 63 58 72 66 71 68 64 70 67 65 69  6  7  8  2  3  5  4  9  1 15 11 14 16 18 13 10 12 17 24 27 25 21 19 26 22 23 20 29 33 31 32 28 36 30 35 34 41 39 44 40 45 37 38 43 42 47 48 46 50 53 54 49 51 52
 37 43 44 39 38 42 41 45 40 54 48 53 50 46 52 49 47 51 60 61 62 56 57 59 58 63 55 69 65 68 70 72 67 64 66 71  6  9  7  3  1  8  4  5  2 11 15 13 14 10 18 12 17 16 23 21 26 22 27 19 20 25 24 29 30 28 32 35 36 31 33 34
  1  7  8  3  2  6  5  9  4 18 12 17 14 10 16 13 11 15 24 25 26 20 21 23 22 27 19 33 29 32 34 36 31 28 30 35 42 45 43 39 37 44 40 41 38 47 51 49 50 46 54 48 53 52 59 57 62 58 63 55 56 61 60 65 66 64 68 71 72 67 69 70
 19 25 26 21 20 24 23 27 22 36 30 35 32 28 34 31 29 33 42 43 44 38 39 41 40 45 37 51 47 50 52 54 49 46 48 53 60 63 61 57 55 62 58 59 56 65 69 67 68 64 72 66 71 70  5  3  8  4  9  1  2  7  6 11 12 10 14 17 18 13 15 16
 10 16 17 12 11 15 14 18 13 27 21 26 23 19 25 22 20 24 33 34 35 29 30 32 31 36 28 42 38 41 43 45 40 37 39 44 51 54 52 48 46 53 49 50 47 56 60 58 59 55 63 57 62 61 68 66 71 67 72 64 65 70 69  2  3  1  5  8  9  4  6  7
 28 34 35 30 29 33 32 36 31 45 39 44 41 37 43 40 38 42 51 52 53 47 48 50 49 54 46 60 56 59 61 63 58 55 57 62 69 72 70 66 64 71 67 68 65  2  6  4  5  1  9  3  8  7 14 12 17 13 18 10 11 16 15 20 21 19 23 26 27 22 24 25
