 54 51 52 53 48 47 50 49 46 56 61 63 57 58 62 55 60 59 72 70 67 68 65 69 64 66 71  9  8  7  5  2  3  1  6  4 11 15 18 14 16 10 13 12 17 26 22 21 25 24 20 19 27 23 29 28 35 31 30 33 34 36 32 41 40 44 37 43 38 39 42 45
 36 33 34 35 30 29 32 31 28 38 43 45 39 40 44 37 42 41 54 52 49 50 47 51 46 48 53 63 62 61 59 56 57 55 60 58 65 69 72 68 70 64 67 66 71  8  4  3  7  6  2  1  9  5 11 10 17 13 12 15 16 18 14 23 22 26 19 25 20 21 24 27
 27 24 25 26 21 20 23 22 19 29 34 36 30 31 35 28 33 32 45 43 40 41 38 42 37 39 44 54 53 52 50 47 48 46 51 49 56 60 63 59 61 55 58 57 62 71 67 66 70 69 65 64 72 68  2  1  8  4  3  6  7  9  5 14 13 17 10 16 11 12 15 18
 18 15 16 17 12 11 14 13 10 20 25 27 21 22 26 19 24 23 36 34 31 32 29 33 28 30 35 45 44 43 41 38 39 37 42 40 47 51 54 50 52 46 49 48 53 62 58 57 61 60 56 55 63 59 65 64 71 67 66 69 70 72 68  5  4  8  1  7  2  3  6  9
 72 69 70 71 66 65 68 67 64  2  7  9  3  4  8  1  6  5 18 16 13 14 11 15 10 12 17 27 26 25 23 20 21 19 24 22 29 33 36 32 34 28 31 30 35 44 40 39 43 42 38 37 45 41 47 46 53 49 48 51 52 54 50 59 58 62 55 61 56 57 60 63
 45 42 43 44 39 38 41 40 37 47 52 54 48 49 53 46 51 50 63 61 58 59 56 60 55 57 62 72 71 70 68 65 66 64 69 67  2  6  9  5  7  1  4  3  8 17 13 12 16 15 11 10 18 14 20 19 26 22 21 24 25 27 23 32 31 35 28 34 29 30 33 36
 63 60 61 62 57 56 59 58 55 65 70 72 66 67 71 64 69 68  9  7  4  5  2  6  1  3  8 18 17 16 14 11 12 10 15 13 20 24 27 23 25 19 22 21 26 35 31 30 34 33 29 28 36 32 38 37 44 40 39 42 43 45 41 50 49 53 46 52 47 48 51 54
  9  6  7  8  3  2  5  4  1 11 16 18 12 13 17 10 15 14 27 25 22 23 20 24 19 21 26 36 35 34 32 29 30 28 33 31 38 42 45 41 43 37 40 39 44 53 49 48 52 51 47 46 54 50 56 55 62 58 57 60 61 63 59 68 67 71 64 70 65 66 69 72
  1  7  8  9  4  3  6  5  2 12 17 10 13 14 18 11 16 15 19 26 23 24 21 25 20 22 27 28 36 35 33 30 31 29 34 32 39 43 37 42 44 38 41 40 45 54 50 49 53 52 48 47 46 51 57 56 63 59 58 61 62 55 60 69 68 72 65 71 66 67 70 64
 10 16 17 18 13 12 15 14 11 21 26 19 22 23 27 20 25 24 28 35 32 33 30 34 29 31 36 37 45 44 42 39 40 38 43 41 48 52 46 51 53 47 50 49 54 63 59 58 62 61 57 56 55 60 66 65 72 68 67 70 71 64 69  6  5  9  2  8  3  4  7  1
 19 25 26 27 22 21 24 23 20 30 35 28 31 32 36 29 34 33 37 44 41 42 39 43 38 40 45 46 54 53 51 48 49 47 52 50 57 61 55 60 62 56 59 58 63 72 68 67 71 70 66 65 64 69  3  2  9  5  4  7  8  1  6 15 14 18 11 17 12 13 16 10
 64 70 71 72 67 66 69 68 65  3  8  1  4  5  9  2  7  6 10 17 14 15 12 16 11 13 18 19 27 26 24 21 22 20 25 23 30 34 28 33 35 29 32 31 36 45 41 40 44 43 39 38 37 42 48 47 54 50 49 52 53 46 51 60 59 63 56 62 57 58 61 55
 46 52 53 54 49 48 51 50 47 57 62 55 58 59 63 56 61 60 64 71 68 69 66 70 65 67 72  1  9  8  6  3  4  2  7  5 12 16 10 15 17 11 14 13 18 27 23 22 26 25 21 20 19 24 30 29 36 32 31 34 35 28 33 42 41 45 38 44 39 40 43 37
 55 61 62 63 58 57 60 59 56 66 71 64 67 68 72 65 70 69  1  8  5  6  3  7  2  4  9 10 18 17 15 12 13 11 16 14 21 25 19 24 26 20 23 22 27 36 32 31 35 34 30 29 28 33 39 38 45 41 40 43 44 37 42 51 50 54 47 53 48 49 52 46
 28 34 35 36 31 30 33 32 29 39 44 37 40 41 45 38 43 42 46 53 50 51 48 52 47 49 54 55 63 62 60 57 58 56 61 59 66 70 64 69 71 65 68 67 72  9  5  4  8  7  3  2  1  6 12 11 18 14 13 16 17 10 15 24 23 27 20 26 21 22 25 19
 37 43 44 45 40 39 42 41 38 48 53 46 49 50 54 47 52 51 55 62 59 60 57 61 56 58 63 64 72 71 69 66 67 65 70 68  3  7  1  6  8  2  5  4  9 18 14 13 17 16 12 11 10 15 21 20 27 23 22 25 26 19 24 33 32 36 29 35 30 31 34 28
  2  8  9  1  5  4  7  6  3 13 18 11 14 15 10 12 17 16 20 27 24 25 22 26 21 23 19 29 28 36 34 31 32 30 35 33 40 44 38 43 45 39 42 41 37 46 51 50 54 53 49 48 47 52 58 57 55 60 59 62 63 56 61 70 69 64 66 72 67 68 71 65
 11 17 18 10 14 13 16 15 12 22 27 20 23 24 19 21 26 25 29 36 33 34 31 35 30 32 28 38 37 45 43 40 41 39 44 42 49 53 47 52 54 48 51 50 46 55 60 59 63 62 58 57 56 61 67 66 64 69 68 71 72 65 70  7  6  1  3  9  4  5  8  2
 47 53 54 46 50 49 52 51 48 58 63 56 59 60 55 57 62 61 65 72 69 70 67 71 66 68 64  2  1  9  7  4  5  3  8  6 13 17 11 16 18 12 15 14 10 19 24 23 27 26 22 21 20 25 31 30 28 33 32 35 36 29 34 43 42 37 39 45 40 41 44 38
 65 71 72 64 68 67 70 69 66  4  9  2  5  6  1  3  8  7 11 18 15 16 13 17 12 14 10 20 19 27 25 22 23 21 26 24 31 35 29 34 36 30 33 32 28 37 42 41 45 44 40 39 38 43 49 48 46 51 50 53 54 47 52 61 60 55 57 63 58 59 62 56
 56 62 63 55 59 58 61 60 57 67 72 65 68 69 64 66 71 70  2  9  6  7  4  8  3  5  1 11 10 18 16 13 14 12 17 15 22 26 20 25 27 21 24 23 19 28 33 32 36 35 31 30 29 34 40 39 37 42 41 44 45 38 43 52 51 46 48 54 49 50 53 47
 38 44 45 37 41 40 43 42 39 49 54 47 50 51 46 48 53 52 56 63 60 61 58 62 57 59 55 65 64 72 70 67 68 66 71 69  4  8  2  7  9  3  6  5  1 10 15 14 18 17 13 12 11 16 22 21 19 24 23 26 27 20 25 34 33 28 30 36 31 32 35 29
 20 26 27 19 23 22 25 24 21 31 36 29 32 33 28 30 35 34 38 45 42 43 40 44 39 41 37 47 46 54 52 49 50 48 53 51 58 62 56 61 63 57 60 59 55 64 69 68 72 71 67 66 65 70  4  3  1  6  5  8  9  2  7 16 15 10 12 18 13 14 17 11
 29 35 36 28 32 31 34 33 30 40 45 38 41 42 37 39 44 43 47 54 51 52 49 53 48 50 46 56 55 63 61 58 59 57 62 60 67 71 65 70 72 66 69 68 64  1  6  5  9  8  4  3  2  7 13 12 10 15 14 17 18 11 16 25 24 19 21 27 22 23 26 20
 66 72 64 65 69 68 71 70 67  5  1  3  6  7  2  4  9  8 12 10 16 17 14 18 13 15 11 21 20 19 26 23 24 22 27 25 32 36 30 35 28 31 34 33 29 38 43 42 37 45 41 40 39 44 50 49 47 52 51 54 46 48 53 62 61 56 58 55 59 60 63 57
  3  9  1  2  6  5  8  7  4 14 10 12 15 16 11 13 18 17 21 19 25 26 23 27 22 24 20 30 29 28 35 32 33 31 36 34 41 45 39 44 37 40 43 42 38 47 52 51 46 54 50 49 48 53 59 58 56 61 60 63 55 57 62 71 70 65 67 64 68 69 72 66
 57 63 55 56 60 59 62 61 58 68 64 66 69 70 65 67 72 71  3  1  7  8  5  9  4  6  2 12 11 10 17 14 15 13 18 16 23 27 21 26 19 22 25 24 20 29 34 33 28 36 32 31 30 35 41 40 38 43 42 45 37 39 44 53 52 47 49 46 50 51 54 48
 48 54 46 47 51 50 53 52 49 59 55 57 60 61 56 58 63 62 66 64 70 71 68 72 67 69 65  3  2  1  8  5  6  4  9  7 14 18 12 17 10 13 16 15 11 20 25 24 19 27 23 22 21 26 32 31 29 34 33 36 28 30 35 44 43 38 40 37 41 42 45 39
 21 27 19 20 24 23 26 25 22 32 28 30 33 34 29 31 36 35 39 37 43 44 41 45 40 42 38 48 47 46 53 50 51 49 54 52 59 63 57 62 55 58 61 60 56 65 70 69 64 72 68 67 66 71  5  4  2  7  6  9  1  3  8 17 16 11 13 10 14 15 18 12
 39 45 37 38 42 41 44 43 40 50 46 48 51 52 47 49 54 53 57 55 61 62 59 63 58 60 56 66 65 64 71 68 69 67 72 70  5  9  3  8  1  4  7  6  2 11 16 15 10 18 14 13 12 17 23 22 20 25 24 27 19 21 26 35 34 29 31 28 32 33 36 30
 12 18 10 11 15 14 17 16 13 23 19 21 24 25 20 22 27 26 30 28 34 35 32 36 31 33 29 39 38 37 44 41 42 40 45 43 50 54 48 53 46 49 52 51 47 56 61 60 55 63 59 58 57 62 68 67 65 70 69 72 64 66 71  8  7  2  4  1  5  6  9  3
 30 36 28 29 33 32 35 34 31 41 37 39 42 43 38 40 45 44 48 46 52 53 50 54 49 51 47 57 56 55 62 59 60 58 63 61 68 72 66 71 64 67 70 69 65  2  7  6  1  9  5  4  3  8 14 13 11 16 15 18 10 12 17 26 25 20 22 19 23 24 27 21
 67 64 65 66 70 69 72 71 68  6  2  4  7  8  3  5  1  9 13 11 17 18 15 10 14 16 12 22 21 20 27 24 25 23 19 26 33 28 31 36 29 32 35 34 30 39 44 43 38 37 42 41 40 45 51 50 48 53 52 46 47 49 54 63 62 57 59 56 60 61 55 58
 40 37 38 39 43 42 45 44 41 51 47 49 52 53 48 50 46 54 58 56 62 63 60 55 59 61 57 67 66 65 72 69 70 68 64 71  6  1  4  9  2  5  8  7  3 12 17 16 11 10 15 14 13 18 24 23 21 26 25 19 20 22 27 36 35 30 32 29 33 34 28 31
 58 55 56 57 61 60 63 62 59 69 65 67 70 71 66 68 64 72  4  2  8  9  6  1  5  7  3 13 12 11 18 15 16 14 10 17 24 19 22 27 20 23 26 25 21 30 35 34 29 28 33 32 31 36 42 41 39 44 43 37 38 40 45 54 53 48 50 47 51 52 46 49
 31 28 29 30 34 33 36 35 32 42 38 40 43 44 39 41 37 45 49 47 53 54 51 46 50 52 48 58 57 56 63 60 61 59 55 62 69 64 67 72 65 68 71 70 66  3  8  7  2  1  6  5  4  9 15 14 12 17 16 10 11 13 18 27 26 21 23 20 24 25 19 22
  4  1  2  3  7  6  9  8  5 15 11 13 16 17 12 14 10 18 22 20 26 27 24 19 23 25 21 31 30 29 36 33 34 32 28 35 42 37 40 45 38 41 44 43 39 48 53 52 47 46 51 50 49 54 60 59 57 62 61 55 56 58 63 72 71 66 68 65 69 70 64 67
 13 10 11 12 16 15 18 17 14 24 20 22 25 26 21 23 19 27 31 29 35 36 33 28 32 34 30 40 39 38 45 42 43 41 37 44 51 46 49 54 47 50 53 52 48 57 62 61 56 55 60 59 58 63 69 68 66 71 70 64 65 67 72  9  8  3  5  2  6  7  1  4
 49 46 47 48 52 51 54 53 50 60 56 58 61 62 57 59 55 63 67 65 71 72 69 64 68 70 66  4  3  2  9  6  7  5  1  8 15 10 13 18 11 14 17 16 12 21 26 25 20 19 24 23 22 27 33 32 30 35 34 28 29 31 36 45 44 39 41 38 42 43 37 40
 22 19 20 21 25 24 27 26 23 33 29 31 34 35 30 32 28 36 40 38 44 45 42 37 41 43 39 49 48 47 54 51 52 50 46 53 60 55 58 63 56 59 62 61 57 66 71 70 65 64 69 68 67 72  6  5  3  8  7  1  2  4  9 18 17 12 14 11 15 16 10 13
 59 56 57 58 62 61 55 63 60 70 66 68 71 72 67 69 65 64  5  3  9  1  7  2  6  8  4 14 13 12 10 16 17 15 11 18 25 20 23 19 21 24 27 26 22 31 36 35 30 29 34 33 32 28 43 42 40 45 44 38 39 41 37 46 54 49 51 48 52 53 47 50
 41 38 39 40 44 43 37 45 42 52 48 50 53 54 49 51 47 46 59 57 63 55 61 56 60 62 58 68 67 66 64 70 71 69 65 72  7  2  5  1  3  6  9  8  4 13 18 17 12 11 16 15 14 10 25 24 22 27 26 20 21 23 19 28 36 31 33 30 34 35 29 32
 14 11 12 13 17 16 10 18 15 25 21 23 26 27 22 24 20 19 32 30 36 28 34 29 33 35 31 41 40 39 37 43 44 42 38 45 52 47 50 46 48 51 54 53 49 58 63 62 57 56 61 60 59 55 70 69 67 72 71 65 66 68 64  1  9  4  6  3  7  8  2  5
 68 65 66 67 71 70 64 72 69  7  3  5  8  9  4  6  2  1 14 12 18 10 16 11 15 17 13 23 22 21 19 25 26 24 20 27 34 29 32 28 30 33 36 35 31 40 45 44 39 38 43 42 41 37 52 51 49 54 53 47 48 50 46 55 63 58 60 57 61 62 56 59
  5  2  3  4  8  7  1  9  6 16 12 14 17 18 13 15 11 10 23 21 27 19 25 20 24 26 22 32 31 30 28 34 35 33 29 36 43 38 41 37 39 42 45 44 40 49 54 53 48 47 52 51 50 46 61 60 58 63 62 56 57 59 55 64 72 67 69 66 70 71 65 68
 50 47 48 49 53 52 46 54 51 61 57 59 62 63 58 60 56 55 68 66 72 64 70 65 69 71 67  5  4  3  1  7  8  6  2  9 16 11 14 10 12 15 18 17 13 22 27 26 21 20 25 24 23 19 34 33 31 36 35 29 30 32 28 37 45 40 42 39 43 44 38 41
 32 29 30 31 35 34 28 36 33 43 39 41 44 45 40 42 38 37 50 48 54 46 52 47 51 53 49 59 58 57 55 61 62 60 56 63 70 65 68 64 66 69 72 71 67  4  9  8  3  2  7  6  5  1 16 15 13 18 17 11 12 14 10 19 27 22 24 21 25 26 20 23
 23 20 21 22 26 25 19 27 24 34 30 32 35 36 31 33 29 28 41 39 45 37 43 38 42 44 40 50 49 48 46 52 53 51 47 54 61 56 59 55 57 60 63 62 58 67 72 71 66 65 70 69 68 64  7  6  4  9  8  2  3  5  1 10 18 13 15 12 16 17 11 14
 69 66 67 68 72 71 65 64 70  8  4  6  9  1  5  7  3  2 15 13 10 11 17 12 16 18 14 24 23 22 20 26 27 25 21 19 35 30 33 29 31 34 28 36 32 41 37 45 40 39 44 43 42 38 53 52 50 46 54 48 49 51 47 56 55 59 61 58 62 63 57 60
 15 12 13 14 18 17 11 10 16 26 22 24 27 19 23 25 21 20 33 31 28 29 35 30 34 36 32 42 41 40 38 44 45 43 39 37 53 48 51 47 49 52 46 54 50 59 55 63 58 57 62 61 60 56 71 70 68 64 72 66 67 69 65  2  1  5  7  4  8  9  3  6
 42 39 40 41 45 44 38 37 43 53 49 51 54 46 50 52 48 47 60 58 55 56 62 57 61 63 59 69 68 67 65 71 72 70 66 64  8  3  6  2  4  7  1  9  5 14 10 18 13 12 17 16 15 11 26 25 23 19 27 21 22 24 20 29 28 32 34 31 35 36 30 33
 51 48 49 50 54 53 47 46 52 62 58 60 63 55 59 61 57 56 69 67 64 65 71 66 70 72 68  6  5  4  2  8  9  7  3  1 17 12 15 11 13 16 10 18 14 23 19 27 22 21 26 25 24 20 35 34 32 28 36 30 31 33 29 38 37 41 43 40 44 45 39 42
 24 21 22 23 27 26 20 19 25 35 31 33 36 28 32 34 30 29 42 40 37 38 44 39 43 45 41 51 50 49 47 53 54 52 48 46 62 57 60 56 58 61 55 63 59 68 64 72 67 66 71 70 69 65  8  7  5  1  9  3  4  6  2 11 10 14 16 13 17 18 12 15
 33 30 31 32 36 35 29 28 34 44 40 42 45 37 41 43 39 38 51 49 46 47 53 48 52 54 50 60 59 58 56 62 63 61 57 55 71 66 69 65 67 70 64 72 68  5  1  9  4  3  8  7  6  2 17 16 14 10 18 12 13 15 11 20 19 23 25 22 26 27 21 24
  6  3  4  5  9  8  2  1  7 17 13 15 18 10 14 16 12 11 24 22 19 20 26 21 25 27 23 33 32 31 29 35 36 34 30 28 44 39 42 38 40 43 37 45 41 50 46 54 49 48 53 52 51 47 62 61 59 55 63 57 58 60 56 65 64 68 70 67 71 72 66 69
 60 57 58 59 63 62 56 55 61 71 67 69 72 64 68 70 66 65  6  4  1  2  8  3  7  9  5 15 14 13 11 17 18 16 12 10 26 21 24 20 22 25 19 27 23 32 28 36 31 30 35 34 33 29 44 43 41 37 45 39 40 42 38 47 46 50 52 49 53 54 48 51
 70 67 68 69 64 72 66 65 71  9  5  7  1  2  6  8  4  3 16 14 11 12 18 13 17 10 15 25 24 23 21 27 19 26 22 20 36 31 34 30 32 35 29 28 33 42 38 37 41 40 45 44 43 39 54 53 51 47 46 49 50 52 48 57 56 60 62 59 63 55 58 61
 61 58 59 60 55 63 57 56 62 72 68 70 64 65 69 71 67 66  7  5  2  3  9  4  8  1  6 16 15 14 12 18 10 17 13 11 27 22 25 21 23 26 20 19 24 33 29 28 32 31 36 35 34 30 45 44 42 38 37 40 41 43 39 48 47 51 53 50 54 46 49 52
 16 13 14 15 10 18 12 11 17 27 23 25 19 20 24 26 22 21 34 32 29 30 36 31 35 28 33 43 42 41 39 45 37 44 40 38 54 49 52 48 50 53 47 46 51 60 56 55 59 58 63 62 61 57 72 71 69 65 64 67 68 70 66  3  2  6  8  5  9  1  4  7
 34 31 32 33 28 36 30 29 35 45 41 43 37 38 42 44 40 39 52 50 47 48 54 49 53 46 51 61 60 59 57 63 55 62 58 56 72 67 70 66 68 71 65 64 69  6  2  1  5  4  9  8  7  3 18 17 15 11 10 13 14 16 12 21 20 24 26 23 27 19 22 25
 43 40 41 42 37 45 39 38 44 54 50 52 46 47 51 53 49 48 61 59 56 57 63 58 62 55 60 70 69 68 66 72 64 71 67 65  9  4  7  3  5  8  2  1  6 15 11 10 14 13 18 17 16 12 27 26 24 20 19 22 23 25 21 30 29 33 35 32 36 28 31 34
  7  4  5  6  1  9  3  2  8 18 14 16 10 11 15 17 13 12 25 23 20 21 27 22 26 19 24 34 33 32 30 36 28 35 31 29 45 40 43 39 41 44 38 37 42 51 47 46 50 49 54 53 52 48 63 62 60 56 55 58 59 61 57 66 65 69 71 68 72 64 67 70
 25 22 23 24 19 27 21 20 26 36 32 34 28 29 33 35 31 30 43 41 38 39 45 40 44 37 42 52 51 50 48 54 46 53 49 47 63 58 61 57 59 62 56 55 60 69 65 64 68 67 72 71 70 66  9  8  6  2  1  4  5  7  3 12 11 15 17 14 18 10 13 16
 52 49 50 51 46 54 48 47 53 63 59 61 55 56 60 62 58 57 70 68 65 66 72 67 71 64 69  7  6  5  3  9  1  8  4  2 18 13 16 12 14 17 11 10 15 24 20 19 23 22 27 26 25 21 36 35 33 29 28 31 32 34 30 39 38 42 44 41 45 37 40 43
 53 50 51 52 47 46 49 48 54 55 60 62 56 57 61 63 59 58 71 69 66 67 64 68 72 65 70  8  7  6  4  1  2  9  5  3 10 14 17 13 15 18 12 11 16 25 21 20 24 23 19 27 26 22 28 36 34 30 29 32 33 35 31 40 39 43 45 42 37 38 41 44
 62 59 60 61 56 55 58 57 63 64 69 71 65 66 70 72 68 67  8  6  3  4  1  5  9  2  7 17 16 15 13 10 11 18 14 12 19 23 26 22 24 27 21 20 25 34 30 29 33 32 28 36 35 31 37 45 43 39 38 41 42 44 40 49 48 52 54 51 46 47 50 53
  8  5  6  7  2  1  4  3  9 10 15 17 11 12 16 18 14 13 26 24 21 22 19 23 27 20 25 35 34 33 31 28 29 36 32 30 37 41 44 40 42 45 39 38 43 52 48 47 51 50 46 54 53 49 55 63 61 57 56 59 60 62 58 67 66 70 72 69 64 65 68 71
 35 32 33 34 29 28 31 30 36 37 42 44 38 39 43 45 41 40 53 51 48 49 46 50 54 47 52 62 61 60 58 55 56 63 59 57 64 68 71 67 69 72 66 65 70  7  3  2  6  5  1  9  8  4 10 18 16 12 11 14 15 17 13 22 21 25 27 24 19 20 23 26
 71 68 69 70 65 64 67 66 72  1  6  8  2  3  7  9  5  4 17 15 12 13 10 14 18 11 16 26 25 24 22 19 20 27 23 21 28 32 35 31 33 36 30 29 34 43 39 38 42 41 37 45 44 40 46 54 52 48 47 50 51 53 49 58 57 61 63 60 55 56 59 62
 44 41 42 43 38 37 40 39 45 46 51 53 47 48 52 54 50 49 62 60 57 58 55 59 63 56 61 71 70 69 67 64 65 72 68 66  1  5  8  4  6  9  3  2  7 16 12 11 15 14 10 18 17 13 19 27 25 21 20 23 24 26 22 31 30 34 36 33 28 29 32 35
 17 14 15 16 11 10 13 12 18 19 24 26 20 21 25 27 23 22 35 33 30 31 28 32 36 29 34 44 43 42 40 37 38 45 41 39 46 50 53 49 51 54 48 47 52 61 57 56 60 59 55 63 62 58 64 72 70 66 65 68 69 71 67  4  3  7  9  6  1  2  5  8
 26 23 24 25 20 19 22 21 27 28 33 35 29 30 34 36 32 31 44 42 39 40 37 41 45 38 43 53 52 51 49 46 47 54 50 48 55 59 62 58 60 63 57 56 61 70 66 65 69 68 64 72 71 67  1  9  7  3  2  5  6  8  4 13 12 16 18 15 10 11 14 17
