 51 47 52 48 49 53 50 46 54 59 57 58 62 55 61 56 63 60 65 72 66 67 68 70 69 71 64  2  8  7  6  9  4  3  1  5 16 12 17 18 14 10 13 11 15 21 19 20 27 26 23 24 25 22 34 30 32 36 29 31 33 28 35 44 45 41 37 42 40 39 38 43
  6  2  7  3  4  8  5  1  9 14 12 13 17 10 16 11 18 15 20 27 21 22 23 25 24 26 19 29 35 34 33 36 31 30 28 32 43 39 44 45 41 37 40 38 42 48 46 47 54 53 50 51 52 49 61 57 59 63 56 58 60 55 62 71 72 68 64 69 67 66 65 70
 69 65 70 66 67 71 68 64 72  5  3  4  8  1  7  2  9  6 11 18 12 13 14 16 15 17 10 20 26 25 24 27 22 21 19 23 34 30 35 36 32 28 31 29 33 39 37 38 45 44 41 42 43 40 52 48 50 54 47 49 51 46 53 62 63 59 55 60 58 57 56 61
 60 56 61 57 58 62 59 55 63 68 66 67 71 64 70 65 72 69  2  9  3  4  5  7  6  8  1 11 17 16 15 18 13 12 10 14 25 21 26 27 23 19 22 20 24 30 28 29 36 35 32 33 34 31 43 39 41 45 38 40 42 37 44 53 54 50 46 51 49 48 47 52
 42 38 43 39 40 44 41 37 45 50 48 49 53 46 52 47 54 51 56 63 57 58 59 61 60 62 55 65 71 70 69 72 67 66 64 68  7  3  8  9  5  1  4  2  6 12 10 11 18 17 14 15 16 13 25 21 23 27 20 22 24 19 26 35 36 32 28 33 31 30 29 34
 33 29 34 30 31 35 32 28 36 41 39 40 44 37 43 38 45 42 47 54 48 49 50 52 51 53 46 56 62 61 60 63 58 57 55 59 70 66 71 72 68 64 67 65 69  3  1  2  9  8  5  6  7  4 16 12 14 18 11 13 15 10 17 26 27 23 19 24 22 21 20 25
 24 20 25 21 22 26 23 19 27 32 30 31 35 28 34 29 36 33 38 45 39 40 41 43 42 44 37 47 53 52 51 54 49 48 46 50 61 57 62 63 59 55 58 56 60 66 64 65 72 71 68 69 70 67  7  3  5  9  2  4  6  1  8 17 18 14 10 15 13 12 11 16
 15 11 16 12 13 17 14 10 18 23 21 22 26 19 25 20 27 24 29 36 30 31 32 34 33 35 28 38 44 43 42 45 40 39 37 41 52 48 53 54 50 46 49 47 51 57 55 56 63 62 59 60 61 58 70 66 68 72 65 67 69 64 71  8  9  5  1  6  4  3  2  7
 52 48 53 49 50 54 51 47 46 60 58 59 63 56 62 57 55 61 66 64 67 68 69 71 70 72 65  3  9  8  7  1  5  4  2  6 17 13 18 10 15 11 14 12 16 22 20 21 19 27 24 25 26 23 35 31 33 28 30 32 34 29 36 45 37 42 38 43 41 40 39 44
 25 21 26 22 23 27 24 20 19 33 31 32 36 29 35 30 28 34 39 37 40 41 42 44 43 45 38 48 54 53 52 46 50 49 47 51 62 58 63 55 60 56 59 57 61 67 65 66 64 72 69 70 71 68  8  4  6  1  3  5  7  2  9 18 10 15 11 16 14 13 12 17
 70 66 71 67 68 72 69 65 64  6  4  5  9  2  8  3  1  7 12 10 13 14 15 17 16 18 11 21 27 26 25 19 23 22 20 24 35 31 36 28 33 29 32 30 34 40 38 39 37 45 42 43 44 41 53 49 51 46 48 50 52 47 54 63 55 60 56 61 59 58 57 62
 16 12 17 13 14 18 15 11 10 24 22 23 27 20 26 21 19 25 30 28 31 32 33 35 34 36 29 39 45 44 43 37 41 40 38 42 53 49 54 46 51 47 50 48 52 58 56 57 55 63 60 61 62 59 71 67 69 64 66 68 70 65 72  9  1  6  2  7  5  4  3  8
 43 39 44 40 41 45 42 38 37 51 49 50 54 47 53 48 46 52 57 55 58 59 60 62 61 63 56 66 72 71 70 64 68 67 65 69  8  4  9  1  6  2  5  3  7 13 11 12 10 18 15 16 17 14 26 22 24 19 21 23 25 20 27 36 28 33 29 34 32 31 30 35
 34 30 35 31 32 36 33 29 28 42 40 41 45 38 44 39 37 43 48 46 49 50 51 53 52 54 47 57 63 62 61 55 59 58 56 60 71 67 72 64 69 65 68 66 70  4  2  3  1  9  6  7  8  5 17 13 15 10 12 14 16 11 18 27 19 24 20 25 23 22 21 26
 61 57 62 58 59 63 60 56 55 69 67 68 72 65 71 66 64 70  3  1  4  5  6  8  7  9  2 12 18 17 16 10 14 13 11 15 26 22 27 19 24 20 23 21 25 31 29 30 28 36 33 34 35 32 44 40 42 37 39 41 43 38 45 54 46 51 47 52 50 49 48 53
  7  3  8  4  5  9  6  2  1 15 13 14 18 11 17 12 10 16 21 19 22 23 24 26 25 27 20 30 36 35 34 28 32 31 29 33 44 40 45 37 42 38 41 39 43 49 47 48 46 54 51 52 53 50 62 58 60 55 57 59 61 56 63 72 64 69 65 70 68 67 66 71
 17 13 18 14 15 10 16 12 11 25 23 24 19 21 27 22 20 26 31 29 32 33 34 36 35 28 30 40 37 45 44 38 42 41 39 43 54 50 46 47 52 48 51 49 53 59 57 58 56 55 61 62 63 60 72 68 70 65 67 69 71 66 64  1  2  7  3  8  6  5  4  9
 62 58 63 59 60 55 61 57 56 70 68 69 64 66 72 67 65 71  4  2  5  6  7  9  8  1  3 13 10 18 17 11 15 14 12 16 27 23 19 20 25 21 24 22 26 32 30 31 29 28 34 35 36 33 45 41 43 38 40 42 44 39 37 46 47 52 48 53 51 50 49 54
 53 49 54 50 51 46 52 48 47 61 59 60 55 57 63 58 56 62 67 65 68 69 70 72 71 64 66  4  1  9  8  2  6  5  3  7 18 14 10 11 16 12 15 13 17 23 21 22 20 19 25 26 27 24 36 32 34 29 31 33 35 30 28 37 38 43 39 44 42 41 40 45
 44 40 45 41 42 37 43 39 38 52 50 51 46 48 54 49 47 53 58 56 59 60 61 63 62 55 57 67 64 72 71 65 69 68 66 70  9  5  1  2  7  3  6  4  8 14 12 13 11 10 16 17 18 15 27 23 25 20 22 24 26 21 19 28 29 34 30 35 33 32 31 36
 26 22 27 23 24 19 25 21 20 34 32 33 28 30 36 31 29 35 40 38 41 42 43 45 44 37 39 49 46 54 53 47 51 50 48 52 63 59 55 56 61 57 60 58 62 68 66 67 65 64 70 71 72 69  9  5  7  2  4  6  8  3  1 10 11 16 12 17 15 14 13 18
 71 67 72 68 69 64 70 66 65  7  5  6  1  3  9  4  2  8 13 11 14 15 16 18 17 10 12 22 19 27 26 20 24 23 21 25 36 32 28 29 34 30 33 31 35 41 39 40 38 37 43 44 45 42 54 50 52 47 49 51 53 48 46 55 56 61 57 62 60 59 58 63
  8  4  9  5  6  1  7  3  2 16 14 15 10 12 18 13 11 17 22 20 23 24 25 27 26 19 21 31 28 36 35 29 33 32 30 34 45 41 37 38 43 39 42 40 44 50 48 49 47 46 52 53 54 51 63 59 61 56 58 60 62 57 55 64 65 70 66 71 69 68 67 72
 35 31 36 32 33 28 34 30 29 43 41 42 37 39 45 40 38 44 49 47 50 51 52 54 53 46 48 58 55 63 62 56 60 59 57 61 72 68 64 65 70 66 69 67 71  5  3  4  2  1  7  8  9  6 18 14 16 11 13 15 17 12 10 19 20 25 21 26 24 23 22 27
 18 14 10 15 16 11 17 13 12 26 24 25 20 22 19 23 21 27 32 30 33 34 35 28 36 29 31 41 38 37 45 39 43 42 40 44 46 51 47 48 53 49 52 50 54 60 58 59 57 56 62 63 55 61 64 69 71 66 68 70 72 67 65  2  3  8  4  9  7  6  5  1
 54 50 46 51 52 47 53 49 48 62 60 61 56 58 55 59 57 63 68 66 69 70 71 64 72 65 67  5  2  1  9  3  7  6  4  8 10 15 11 12 17 13 16 14 18 24 22 23 21 20 26 27 19 25 28 33 35 30 32 34 36 31 29 38 39 44 40 45 43 42 41 37
 27 23 19 24 25 20 26 22 21 35 33 34 29 31 28 32 30 36 41 39 42 43 44 37 45 38 40 50 47 46 54 48 52 51 49 53 55 60 56 57 62 58 61 59 63 69 67 68 66 65 71 72 64 70  1  6  8  3  5  7  9  4  2 11 12 17 13 18 16 15 14 10
 36 32 28 33 34 29 35 31 30 44 42 43 38 40 37 41 39 45 50 48 51 52 53 46 54 47 49 59 56 55 63 57 61 60 58 62 64 69 65 66 71 67 70 68 72  6  4  5  3  2  8  9  1  7 10 15 17 12 14 16 18 13 11 20 21 26 22 27 25 24 23 19
 63 59 55 60 61 56 62 58 57 71 69 70 65 67 64 68 66 72  5  3  6  7  8  1  9  2  4 14 11 10 18 12 16 15 13 17 19 24 20 21 26 22 25 23 27 33 31 32 30 29 35 36 28 34 37 42 44 39 41 43 45 40 38 47 48 53 49 54 52 51 50 46
 45 41 37 42 43 38 44 40 39 53 51 52 47 49 46 50 48 54 59 57 60 61 62 55 63 56 58 68 65 64 72 66 70 69 67 71  1  6  2  3  8  4  7  5  9 15 13 14 12 11 17 18 10 16 19 24 26 21 23 25 27 22 20 29 30 35 31 36 34 33 32 28
  9  5  1  6  7  2  8  4  3 17 15 16 11 13 10 14 12 18 23 21 24 25 26 19 27 20 22 32 29 28 36 30 34 33 31 35 37 42 38 39 44 40 43 41 45 51 49 50 48 47 53 54 46 52 55 60 62 57 59 61 63 58 56 65 66 71 67 72 70 69 68 64
 72 68 64 69 70 65 71 67 66  8  6  7  2  4  1  5  3  9 14 12 15 16 17 10 18 11 13 23 20 19 27 21 25 24 22 26 28 33 29 30 35 31 34 32 36 42 40 41 39 38 44 45 37 43 46 51 53 48 50 52 54 49 47 56 57 62 58 63 61 60 59 55
 37 42 38 43 44 39 45 41 40 54 52 53 48 50 47 51 49 46 60 58 61 62 63 56 55 57 59 69 66 65 64 67 71 70 68 72  2  7  3  4  9  5  8  6  1 16 14 15 13 12 18 10 11 17 20 25 27 22 24 26 19 23 21 30 31 36 32 28 35 34 33 29
  1  6  2  7  8  3  9  5  4 18 16 17 12 14 11 15 13 10 24 22 25 26 27 20 19 21 23 33 30 29 28 31 35 34 32 36 38 43 39 40 45 41 44 42 37 52 50 51 49 48 54 46 47 53 56 61 63 58 60 62 55 59 57 66 67 72 68 64 71 70 69 65
 55 60 56 61 62 57 63 59 58 72 70 71 66 68 65 69 67 64  6  4  7  8  9  2  1  3  5 15 12 11 10 13 17 16 14 18 20 25 21 22 27 23 26 24 19 34 32 33 31 30 36 28 29 35 38 43 45 40 42 44 37 41 39 48 49 54 50 46 53 52 51 47
 19 24 20 25 26 21 27 23 22 36 34 35 30 32 29 33 31 28 42 40 43 44 45 38 37 39 41 51 48 47 46 49 53 52 50 54 56 61 57 58 63 59 62 60 55 70 68 69 67 66 72 64 65 71  2  7  9  4  6  8  1  5  3 12 13 18 14 10 17 16 15 11
 46 51 47 52 53 48 54 50 49 63 61 62 57 59 56 60 58 55 69 67 70 71 72 65 64 66 68  6  3  2  1  4  8  7  5  9 11 16 12 13 18 14 17 15 10 25 23 24 22 21 27 19 20 26 29 34 36 31 33 35 28 32 30 39 40 45 41 37 44 43 42 38
 10 15 11 16 17 12 18 14 13 27 25 26 21 23 20 24 22 19 33 31 34 35 36 29 28 30 32 42 39 38 37 40 44 43 41 45 47 52 48 49 54 50 53 51 46 61 59 60 58 57 63 55 56 62 65 70 72 67 69 71 64 68 66  3  4  9  5  1  8  7  6  2
 28 33 29 34 35 30 36 32 31 45 43 44 39 41 38 42 40 37 51 49 52 53 54 47 46 48 50 60 57 56 55 58 62 61 59 63 65 70 66 67 72 68 71 69 64  7  5  6  4  3  9  1  2  8 11 16 18 13 15 17 10 14 12 21 22 27 23 19 26 25 24 20
 64 69 65 70 71 66 72 68 67  9  7  8  3  5  2  6  4  1 15 13 16 17 18 11 10 12 14 24 21 20 19 22 26 25 23 27 29 34 30 31 36 32 35 33 28 43 41 42 40 39 45 37 38 44 47 52 54 49 51 53 46 50 48 57 58 63 59 55 62 61 60 56
 47 52 48 53 54 49 46 51 50 55 62 63 58 60 57 61 59 56 70 68 71 72 64 66 65 67 69  7  4  3  2  5  9  8  6  1 12 17 13 14 10 15 18 16 11 26 24 25 23 22 19 20 21 27 30 35 28 32 34 36 29 33 31 40 41 37 42 38 45 44 43 39
 11 16 12 17 18 13 10 15 14 19 26 27 22 24 21 25 23 20 34 32 35 36 28 30 29 31 33 43 40 39 38 41 45 44 42 37 48 53 49 50 46 51 54 52 47 62 60 61 59 58 55 56 57 63 66 71 64 68 70 72 65 69 67  4  5  1  6  2  9  8  7  3
 56 61 57 62 63 58 55 60 59 64 71 72 67 69 66 70 68 65  7  5  8  9  1  3  2  4  6 16 13 12 11 14 18 17 15 10 21 26 22 23 19 24 27 25 20 35 33 34 32 31 28 29 30 36 39 44 37 41 43 45 38 42 40 49 50 46 51 47 54 53 52 48
 38 43 39 44 45 40 37 42 41 46 53 54 49 51 48 52 50 47 61 59 62 63 55 57 56 58 60 70 67 66 65 68 72 71 69 64  3  8  4  5  1  6  9  7  2 17 15 16 14 13 10 11 12 18 21 26 19 23 25 27 20 24 22 31 32 28 33 29 36 35 34 30
 29 34 30 35 36 31 28 33 32 37 44 45 40 42 39 43 41 38 52 50 53 54 46 48 47 49 51 61 58 57 56 59 63 62 60 55 66 71 67 68 64 69 72 70 65  8  6  7  5  4  1  2  3  9 12 17 10 14 16 18 11 15 13 22 23 19 24 20 27 26 25 21
 65 70 66 71 72 67 64 69 68  1  8  9  4  6  3  7  5  2 16 14 17 18 10 12 11 13 15 25 22 21 20 23 27 26 24 19 30 35 31 32 28 33 36 34 29 44 42 43 41 40 37 38 39 45 48 53 46 50 52 54 47 51 49 58 59 55 60 56 63 62 61 57
  2  7  3  8  9  4  1  6  5 10 17 18 13 15 12 16 14 11 25 23 26 27 19 21 20 22 24 34 31 30 29 32 36 35 33 28 39 44 40 41 37 42 45 43 38 53 51 52 50 49 46 47 48 54 57 62 55 59 61 63 56 60 58 67 68 64 69 65 72 71 70 66
 20 25 21 26 27 22 19 24 23 28 35 36 31 33 30 34 32 29 43 41 44 45 37 39 38 40 42 52 49 48 47 50 54 53 51 46 57 62 58 59 55 60 63 61 56 71 69 70 68 67 64 65 66 72  3  8  1  5  7  9  2  6  4 13 14 10 15 11 18 17 16 12
 12 17 13 18 10 14 11 16 15 20 27 19 23 25 22 26 24 21 35 33 36 28 29 31 30 32 34 44 41 40 39 42 37 45 43 38 49 54 50 51 47 52 46 53 48 63 61 62 60 59 56 57 58 55 67 72 65 69 71 64 66 70 68  5  6  2  7  3  1  9  8  4
 48 53 49 54 46 50 47 52 51 56 63 55 59 61 58 62 60 57 71 69 72 64 65 67 66 68 70  8  5  4  3  6  1  9  7  2 13 18 14 15 11 16 10 17 12 27 25 26 24 23 20 21 22 19 31 36 29 33 35 28 30 34 32 41 42 38 43 39 37 45 44 40
 30 35 31 36 28 32 29 34 33 38 45 37 41 43 40 44 42 39 53 51 54 46 47 49 48 50 52 62 59 58 57 60 55 63 61 56 67 72 68 69 65 70 64 71 66  9  7  8  6  5  2  3  4  1 13 18 11 15 17 10 12 16 14 23 24 20 25 21 19 27 26 22
 21 26 22 27 19 23 20 25 24 29 36 28 32 34 31 35 33 30 44 42 45 37 38 40 39 41 43 53 50 49 48 51 46 54 52 47 58 63 59 60 56 61 55 62 57 72 70 71 69 68 65 66 67 64  4  9  2  6  8  1  3  7  5 14 15 11 16 12 10 18 17 13
  3  8  4  9  1  5  2  7  6 11 18 10 14 16 13 17 15 12 26 24 27 19 20 22 21 23 25 35 32 31 30 33 28 36 34 29 40 45 41 42 38 43 37 44 39 54 52 53 51 50 47 48 49 46 58 63 56 60 62 55 57 61 59 68 69 65 70 66 64 72 71 67
 66 71 67 72 64 68 65 70 69  2  9  1  5  7  4  8  6  3 17 15 18 10 11 13 12 14 16 26 23 22 21 24 19 27 25 20 31 36 32 33 29 34 28 35 30 45 43 44 42 41 38 39 40 37 49 54 47 51 53 46 48 52 50 59 60 56 61 57 55 63 62 58
 39 44 40 45 37 41 38 43 42 47 54 46 50 52 49 53 51 48 62 60 63 55 56 58 57 59 61 71 68 67 66 69 64 72 70 65  4  9  5  6  2  7  1  8  3 18 16 17 15 14 11 12 13 10 22 27 20 24 26 19 21 25 23 32 33 29 34 30 28 36 35 31
 57 62 58 63 55 59 56 61 60 65 72 64 68 70 67 71 69 66  8  6  9  1  2  4  3  5  7 17 14 13 12 15 10 18 16 11 22 27 23 24 20 25 19 26 21 36 34 35 33 32 29 30 31 28 40 45 38 42 44 37 39 43 41 50 51 47 52 48 46 54 53 49
 67 72 68 64 65 69 66 71 70  3  1  2  6  8  5  9  7  4 18 16 10 11 12 14 13 15 17 27 24 23 22 25 20 19 26 21 32 28 33 34 30 35 29 36 31 37 44 45 43 42 39 40 41 38 50 46 48 52 54 47 49 53 51 60 61 57 62 58 56 55 63 59
 40 45 41 37 38 42 39 44 43 48 46 47 51 53 50 54 52 49 63 61 55 56 57 59 58 60 62 72 69 68 67 70 65 64 71 66  5  1  6  7  3  8  2  9  4 10 17 18 16 15 12 13 14 11 23 19 21 25 27 20 22 26 24 33 34 30 35 31 29 28 36 32
 22 27 23 19 20 24 21 26 25 30 28 29 33 35 32 36 34 31 45 43 37 38 39 41 40 42 44 54 51 50 49 52 47 46 53 48 59 55 60 61 57 62 56 63 58 64 71 72 70 69 66 67 68 65  5  1  3  7  9  2  4  8  6 15 16 12 17 13 11 10 18 14
 58 63 59 55 56 60 57 62 61 66 64 65 69 71 68 72 70 67  9  7  1  2  3  5  4  6  8 18 15 14 13 16 11 10 17 12 23 19 24 25 21 26 20 27 22 28 35 36 34 33 30 31 32 29 41 37 39 43 45 38 40 44 42 51 52 48 53 49 47 46 54 50
 31 36 32 28 29 33 30 35 34 39 37 38 42 44 41 45 43 40 54 52 46 47 48 50 49 51 53 63 60 59 58 61 56 55 62 57 68 64 69 70 66 71 65 72 67  1  8  9  7  6  3  4  5  2 14 10 12 16 18 11 13 17 15 24 25 21 26 22 20 19 27 23
 49 54 50 46 47 51 48 53 52 57 55 56 60 62 59 63 61 58 72 70 64 65 66 68 67 69 71  9  6  5  4  7  2  1  8  3 14 10 15 16 12 17 11 18 13 19 26 27 25 24 21 22 23 20 32 28 30 34 36 29 31 35 33 42 43 39 44 40 38 37 45 41
 13 18 14 10 11 15 12 17 16 21 19 20 24 26 23 27 25 22 36 34 28 29 30 32 31 33 35 45 42 41 40 43 38 37 44 39 50 46 51 52 48 53 47 54 49 55 62 63 61 60 57 58 59 56 68 64 66 70 72 65 67 71 69  6  7  3  8  4  2  1  9  5
  4  9  5  1  2  6  3  8  7 12 10 11 15 17 14 18 16 13 27 25 19 20 21 23 22 24 26 36 33 32 31 34 29 28 35 30 41 37 42 43 39 44 38 45 40 46 53 54 52 51 48 49 50 47 59 55 57 61 63 56 58 62 60 69 70 66 71 67 65 64 72 68
 68 64 69 65 66 70 67 72 71  4  2  3  7  9  6  1  8  5 10 17 11 12 13 15 14 16 18 19 25 24 23 26 21 20 27 22 33 29 34 35 31 36 30 28 32 38 45 37 44 43 40 41 42 39 51 47 49 53 46 48 50 54 52 61 62 58 63 59 57 56 55 60
 23 19 24 20 21 25 22 27 26 31 29 30 34 36 33 28 35 32 37 44 38 39 40 42 41 43 45 46 52 51 50 53 48 47 54 49 60 56 61 62 58 63 57 55 59 65 72 64 71 70 67 68 69 66  6  2  4  8  1  3  5  9  7 16 17 13 18 14 12 11 10 15
 50 46 51 47 48 52 49 54 53 58 56 57 61 63 60 55 62 59 64 71 65 66 67 69 68 70 72  1  7  6  5  8  3  2  9  4 15 11 16 17 13 18 12 10 14 20 27 19 26 25 22 23 24 21 33 29 31 35 28 30 32 36 34 43 44 40 45 41 39 38 37 42
  5  1  6  2  3  7  4  9  8 13 11 12 16 18 15 10 17 14 19 26 20 21 22 24 23 25 27 28 34 33 32 35 30 29 36 31 42 38 43 44 40 45 39 37 41 47 54 46 53 52 49 50 51 48 60 56 58 62 55 57 59 63 61 70 71 67 72 68 66 65 64 69
 14 10 15 11 12 16 13 18 17 22 20 21 25 27 24 19 26 23 28 35 29 30 31 33 32 34 36 37 43 42 41 44 39 38 45 40 51 47 52 53 49 54 48 46 50 56 63 55 62 61 58 59 60 57 69 65 67 71 64 66 68 72 70  7  8  4  9  5  3  2  1  6
 41 37 42 38 39 43 40 45 44 49 47 48 52 54 51 46 53 50 55 62 56 57 58 60 59 61 63 64 70 69 68 71 66 65 72 67  6  2  7  8  4  9  3  1  5 11 18 10 17 16 13 14 15 12 24 20 22 26 19 21 23 27 25 34 35 31 36 32 30 29 28 33
 59 55 60 56 57 61 58 63 62 67 65 66 70 72 69 64 71 68  1  8  2  3  4  6  5  7  9 10 16 15 14 17 12 11 18 13 24 20 25 26 22 27 21 19 23 29 36 28 35 34 31 32 33 30 42 38 40 44 37 39 41 45 43 52 53 49 54 50 48 47 46 51
 32 28 33 29 30 34 31 36 35 40 38 39 43 45 42 37 44 41 46 53 47 48 49 51 50 52 54 55 61 60 59 62 57 56 63 58 69 65 70 71 67 72 66 64 68  2  9  1  8  7  4  5  6  3 15 11 13 17 10 12 14 18 16 25 26 22 27 23 21 20 19 24
