 18 10 16 12 13 14 11 15 17 27 20 25 22 24 26 23 21 19  4  2  3  1  6  7  9  8  5
  9  1  7  3  4  5  2  6  8 18 11 16 13 15 17 14 12 10 22 20 21 19 24 25 27 26 23
 27 19 25 21 22 23 20 24 26  9  2  7  4  6  8  5  3  1 13 11 12 10 15 16 18 17 14
  1  2  8  4  5  6  3  7  9 10 12 17 14 16 18 15 13 11 23 21 22 20 25 26 19 27 24
 19 20 26 22 23 24 21 25 27  1  3  8  5  7  9  6  4  2 14 12 13 11 16 17 10 18 15
 10 11 17 13 14 15 12 16 18 19 21 26 23 25 27 24 22 20  5  3  4  2  7  8  1  9  6
 20 21 27 23 24 25 22 26 19  2  4  9  6  8  1  7  5  3 15 13 14 12 17 18 11 10 16
 11 12 18 14 15 16 13 17 10 20 22 27 24 26 19 25 23 21  6  4  5  3  8  9  2  1  7
  2  3  9  5  6  7  4  8  1 11 13 18 15 17 10 16 14 12 24 22 23 21 26 27 20 19 25
 12 13 10 15 16 17 14 18 11 21 23 19 25 27 20 26 24 22  7  5  6  4  9  1  3  2  8
  3  4  1  6  7  8  5  9  2 12 14 10 16 18 11 17 15 13 25 23 24 22 27 19 21 20 26
 21 22 19 24 25 26 23 27 20  3  5  1  7  9  2  8  6  4 16 14 15 13 18 10 12 11 17
  4  5  2  7  8  9  6  1  3 13 15 11 17 10 12 18 16 14 26 24 25 23 19 20 22 21 27
 22 23 20 25 26 27 24 19 21  4  6  2  8  1  3  9  7  5 17 15 16 14 10 11 13 12 18
 13 14 11 16 17 18 15 10 12 22 24 20 26 19 21 27 25 23  8  6  7  5  1  2  4  3  9
  5  6  3  8  9  1  7  2  4 14 16 12 18 11 13 10 17 15 27 25 26 24 20 21 23 22 19
 23 24 21 26 27 19 25 20 22  5  7  3  9  2  4  1  8  6 18 16 17 15 11 12 14 13 10
 14 15 12 17 18 10 16 11 13 23 25 21 27 20 22 19 26 24  9  7  8  6  2  3  5  4  1
 15 16 13 18 10 11 17 12 14 24 26 22 19 21 23 20 27 25  1  8  9  7  3  4  6  5  2
 24 25 22 27 19 20 26 21 23  6  8  4  1  3  5  2  9  7 10 17 18 16 12 13 15 14 11
  6  7  4  9  1  2  8  3  5 15 17 13 10 12 14 11 18 16 19 26 27 25 21 22 24 23 20
 16 17 14 10 11 12 18 13 15 25 27 23 20 22 24 21 19 26  2  9  1  8  4  5  7  6  3
 25 26 23 19 20 21 27 22 24  7  9  5  2  4  6  3  1  8 11 18 10 17 13 14 16 15 12
  7  8  5  1  2  3  9  4  6 16 18 14 11 13 15 12 10 17 20 27 19 26 22 23 25 24 21
  8  9  6  2  3  4  1  5  7 17 10 15 12 14 16 13 11 18 21 19 20 27 23 24 26 25 22
 26 27 24 20 21 22 19 23 25  8  1  6  3  5  7  4  2  9 12 10 11 18 14 15 17 16 13
 17 18 15 11 12 13 10 14 16 26 19 24 21 23 25 22 20 27  3  1  2  9  5  6  8  7  4
