 22 23 19 20 26 25 24 21 27  4  8  7  1  5  6  2  9  3 11 12 14 17 10 13 15 18 16
 13 14 10 11 17 16 15 12 18 22 26 25 19 23 24 20 27 21  2  3  5  8  1  4  6  9  7
  4  5  1  2  8  7  6  3  9 13 17 16 10 14 15 11 18 12 20 21 23 26 19 22 24 27 25
  5  6  2  3  9  8  7  4  1 14 18 17 11 15 16 12 10 13 21 22 24 27 20 23 25 19 26
 14 15 11 12 18 17 16 13 10 23 27 26 20 24 25 21 19 22  3  4  6  9  2  5  7  1  8
 23 24 20 21 27 26 25 22 19  5  9  8  2  6  7  3  1  4 12 13 15 18 11 14 16 10 17
  6  7  3  4  1  9  8  5  2 15 10 18 12 16 17 13 11 14 22 23 25 19 21 24 26 20 27
 15 16 12 13 10 18 17 14 11 24 19 27 21 25 26 22 20 23  4  5  7  1  3  6  8  2  9
 24 25 21 22 19 27 26 23 20  6  1  9  3  7  8  4  2  5 13 14 16 10 12 15 17 11 18
 16 17 13 14 11 10 18 15 12 25 20 19 22 26 27 23 21 24  5  6  8  2  4  7  9  3  1
  7  8  4  5  2  1  9  6  3 16 11 10 13 17 18 14 12 15 23 24 26 20 22 25 27 21 19
 25 26 22 23 20 19 27 24 21  7  2  1  4  8  9  5  3  6 14 15 17 11 13 16 18 12 10
  8  9  5  6  3  2  1  7  4 17 12 11 14 18 10 15 13 16 24 25 27 21 23 26 19 22 20
 26 27 23 24 21 20 19 25 22  8  3  2  5  9  1  6  4  7 15 16 18 12 14 17 10 13 11
 17 18 14 15 12 11 10 16 13 26 21 20 23 27 19 24 22 25  6  7  9  3  5  8  1  4  2
 27 19 24 25 22 21 20 26 23  9  4  3  6  1  2  7  5  8 16 17 10 13 15 18 11 14 12
 18 10 15 16 13 12 11 17 14 27 22 21 24 19 20 25 23 26  7  8  1  4  6  9  2  5  3
  9  1  6  7  4  3  2  8  5 18 13 12 15 10 11 16 14 17 25 26 19 22 24 27 20 23 21
 19 20 25 26 23 22 21 27 24  1  5  4  7  2  3  8  6  9 17 18 11 14 16 10 12 15 13
 10 11 16 17 14 13 12 18 15 19 23 22 25 20 21 26 24 27  8  9  2  5  7  1  3  6  4
  1  2  7  8  5  4  3  9  6 10 14 13 16 11 12 17 15 18 26 27 20 23 25 19 21 24 22
 11 12 17 18 15 14 13 10 16 20 24 23 26 21 22 27 25 19  9  1  3  6  8  2  4  7  5
  2  3  8  9  6  5  4  1  7 11 15 14 17 12 13 18 16 10 27 19 21 24 26 20 22 25 23
 20 21 26 27 24 23 22 19 25  2  6  5  8  3  4  9  7  1 18 10 12 15 17 11 13 16 14
 21 22 27 19 25 24 23 20 26  3  7  6  9  4  5  1  8  2 10 11 13 16 18 12 14 17 15
  3  4  9  1  7  6  5  2  8 12 16 15 18 13 14 10 17 11 19 20 22 25 27 21 23 26 24
 12 13 18 10 16 15 14 11 17 21 25 24 27 22 23 19 26 20  1  2  4  7  9  3  5  8  6
