 10 13 17 11 15 12 14 16 18 22 23 25 26 24 21 20 19 27  3  4  7  1  2  5  6  8  9
  1  4  8  2  6  3  5  7  9 13 14 16 17 15 12 11 10 18 21 22 25 19 20 23 24 26 27
 19 22 26 20 24 21 23 25 27  4  5  7  8  6  3  2  1  9 12 13 16 10 11 14 15 17 18
 11 14 18 12 16 13 15 17 10 23 24 26 27 25 22 21 20 19  4  5  8  2  3  6  7  9  1
 20 23 27 21 25 22 24 26 19  5  6  8  9  7  4  3  2  1 13 14 17 11 12 15 16 18 10
  2  5  9  3  7  4  6  8  1 14 15 17 18 16 13 12 11 10 22 23 26 20 21 24 25 27 19
 21 24 19 22 26 23 25 27 20  6  7  9  1  8  5  4  3  2 14 15 18 12 13 16 17 10 11
 12 15 10 13 17 14 16 18 11 24 25 27 19 26 23 22 21 20  5  6  9  3  4  7  8  1  2
  3  6  1  4  8  5  7  9  2 15 16 18 10 17 14 13 12 11 23 24 27 21 22 25 26 19 20
 22 25 20 23 27 24 26 19 21  7  8  1  2  9  6  5  4  3 15 16 10 13 14 17 18 11 12
  4  7  2  5  9  6  8  1  3 16 17 10 11 18 15 14 13 12 24 25 19 22 23 26 27 20 21
 13 16 11 14 18 15 17 10 12 25 26 19 20 27 24 23 22 21  6  7  1  4  5  8  9  2  3
 23 26 21 24 19 25 27 20 22  8  9  2  3  1  7  6  5  4 16 17 11 14 15 18 10 12 13
  5  8  3  6  1  7  9  2  4 17 18 11 12 10 16 15 14 13 25 26 20 23 24 27 19 21 22
 14 17 12 15 10 16 18 11 13 26 27 20 21 19 25 24 23 22  7  8  2  5  6  9  1  3  4
  6  9  4  7  2  8  1  3  5 18 10 12 13 11 17 16 15 14 26 27 21 24 25 19 20 22 23
 15 18 13 16 11 17 10 12 14 27 19 21 22 20 26 25 24 23  8  9  3  6  7  1  2  4  5
 24 27 22 25 20 26 19 21 23  9  1  3  4  2  8  7  6  5 17 18 12 15 16 10 11 13 14
  7  1  5  8  3  9  2  4  6 10 11 13 14 12 18 17 16 15 27 19 22 25 26 20 21 23 24
 25 19 23 26 21 27 20 22 24  1  2  4  5  3  9  8  7  6 18 10 13 16 17 11 12 14 15
 16 10 14 17 12 18 11 13 15 19 20 22 23 21 27 26 25 24  9  1  4  7  8  2  3  5  6
  8  2  6  9  4  1  3  5  7 11 12 14 15 13 10 18 17 16 19 20 23 26 27 21 22 24 25
 17 11 15 18 13 10 12 14 16 20 21 23 24 22 19 27 26 25  1  2  5  8  9  3  4  6  7
 26 20 24 27 22 19 21 23 25  2  3  5  6  4  1  9  8  7 10 11 14 17 18 12 13 15 16
  9  3  7  1  5  2  4  6  8 12 13 15 16 14 11 10 18 17 20 21 24 27 19 22 23 25 26
 18 12 16 10 14 11 13 15 17 21 22 24 25 23 20 19 27 26  2  3  6  9  1  4  5  7  8
 27 21 25 19 23 20 22 24 26  3  4  6  7  5  2  1  9  8 11 12 15 18 10 13 14 16 17
