 23 21 26 19 22 25 20 27 24  1  4  2  5  8  7  6  3  9 10 16 12 13 18 11 15 17 14
 14 12 17 10 13 16 11 18 15 19 22 20 23 26 25 24 21 27  1  7  3  4  9  2  6  8  5
  5  3  8  1  4  7  2  9  6 10 13 11 14 17 16 15 12 18 19 25 21 22 27 20 24 26 23
  6  4  9  2  5  8  3  1  7 11 14 12 15 18 17 16 13 10 20 26 22 23 19 21 25 27 24
 24 22 27 20 23 26 21 19 25  2  5  3  6  9  8  7  4  1 11 17 13 14 10 12 16 18 15
 15 13 18 11 14 17 12 10 16 20 23 21 24 27 26 25 22 19  2  8  4  5  1  3  7  9  6
 25 23 19 21 24 27 22 20 26  3  6  4  7  1  9  8  5  2 12 18 14 15 11 13 17 10 16
 16 14 10 12 15 18 13 11 17 21 24 22 25 19 27 26 23 20  3  9  5  6  2  4  8  1  7
  7  5  1  3  6  9  4  2  8 12 15 13 16 10 18 17 14 11 21 27 23 24 20 22 26 19 25
 26 24 20 22 25 19 23 21 27  4  7  5  8  2  1  9  6  3 13 10 15 16 12 14 18 11 17
  8  6  2  4  7  1  5  3  9 13 16 14 17 11 10 18 15 12 22 19 24 25 21 23 27 20 26
 17 15 11 13 16 10 14 12 18 22 25 23 26 20 19 27 24 21  4  1  6  7  3  5  9  2  8
 18 16 12 14 17 11 15 13 10 23 26 24 27 21 20 19 25 22  5  2  7  8  4  6  1  3  9
  9  7  3  5  8  2  6  4  1 14 17 15 18 12 11 10 16 13 23 20 25 26 22 24 19 21 27
 27 25 21 23 26 20 24 22 19  5  8  6  9  3  2  1  7  4 14 11 16 17 13 15 10 12 18
  1  8  4  6  9  3  7  5  2 15 18 16 10 13 12 11 17 14 24 21 26 27 23 25 20 22 19
 10 17 13 15 18 12 16 14 11 24 27 25 19 22 21 20 26 23  6  3  8  9  5  7  2  4  1
 19 26 22 24 27 21 25 23 20  6  9  7  1  4  3  2  8  5 15 12 17 18 14 16 11 13 10
 20 27 23 25 19 22 26 24 21  7  1  8  2  5  4  3  9  6 16 13 18 10 15 17 12 14 11
  2  9  5  7  1  4  8  6  3 16 10 17 11 14 13 12 18 15 25 22 27 19 24 26 21 23 20
 11 18 14 16 10 13 17 15 12 25 19 26 20 23 22 21 27 24  7  4  9  1  6  8  3  5  2
 21 19 24 26 20 23 27 25 22  8  2  9  3  6  5  4  1  7 17 14 10 11 16 18 13 15 12
 12 10 15 17 11 14 18 16 13 26 20 27 21 24 23 22 19 25  8  5  1  2  7  9  4  6  3
  3  1  6  8  2  5  9  7  4 17 11 18 12 15 14 13 10 16 26 23 19 20 25 27 22 24 21
 22 20 25 27 21 24 19 26 23  9  3  1  4  7  6  5  2  8 18 15 11 12 17 10 14 16 13
  4  2  7  9  3  6  1  8  5 18 12 10 13 16 15 14 11 17 27 24 20 21 26 19 23 25 22
 13 11 16 18 12 15 10 17 14 27 21 19 22 25 24 23 20 26  9  6  2  3  8  1  5  7  4
