 84 81 90 87 89 86 82 83 85 88  4  5  1  6  9  3  8 10  7  2 20 13 17 18 11 15 19 16 14 12 26 25 24 28 23 30 27 21 29 22 39 36 32 33 34 38 40 35 31 37 47 44 43 46 48 45 50 49 41 42 53 57 56 54 52 59 58 51 55 60 64 61 69 63 62 65 67 70 66 68 80 75 79 71 76 74 78 77 72 73
 64 61 70 67 69 66 62 63 65 68 74 75 71 76 79 73 78 80 77 72 90 83 87 88 81 85 89 86 84 82  6  5  4  8  3 10  7  1  9  2 19 16 12 13 14 18 20 15 11 17 27 24 23 26 28 25 30 29 21 22 33 37 36 34 32 39 38 31 35 40 44 41 49 43 42 45 47 50 46 48 60 55 59 51 56 54 58 57 52 53
 54 51 60 57 59 56 52 53 55 58 64 65 61 66 69 63 68 70 67 62 80 73 77 78 71 75 79 76 74 72 86 85 84 88 83 90 87 81 89 82  9  6  2  3  4  8 10  5  1  7 17 14 13 16 18 15 20 19 11 12 23 27 26 24 22 29 28 21 25 30 34 31 39 33 32 35 37 40 36 38 50 45 49 41 46 44 48 47 42 43
 74 71 80 77 79 76 72 73 75 78 84 85 81 86 89 83 88 90 87 82 10  3  7  8  1  5  9  6  4  2 16 15 14 18 13 20 17 11 19 12 29 26 22 23 24 28 30 25 21 27 37 34 33 36 38 35 40 39 31 32 43 47 46 44 42 49 48 41 45 50 54 51 59 53 52 55 57 60 56 58 70 65 69 61 66 64 68 67 62 63
 24 21 30 27 29 26 22 23 25 28 34 35 31 36 39 33 38 40 37 32 50 43 47 48 41 45 49 46 44 42 56 55 54 58 53 60 57 51 59 52 69 66 62 63 64 68 70 65 61 67 77 74 73 76 78 75 80 79 71 72 83 87 86 84 82 89 88 81 85 90  4  1  9  3  2  5  7 10  6  8 20 15 19 11 16 14 18 17 12 13
 14 11 20 17 19 16 12 13 15 18 24 25 21 26 29 23 28 30 27 22 40 33 37 38 31 35 39 36 34 32 46 45 44 48 43 50 47 41 49 42 59 56 52 53 54 58 60 55 51 57 67 64 63 66 68 65 70 69 61 62 73 77 76 74 72 79 78 71 75 80 84 81 89 83 82 85 87 90 86 88 10  5  9  1  6  4  8  7  2  3
  4  1 10  7  9  6  2  3  5  8 14 15 11 16 19 13 18 20 17 12 30 23 27 28 21 25 29 26 24 22 36 35 34 38 33 40 37 31 39 32 49 46 42 43 44 48 50 45 41 47 57 54 53 56 58 55 60 59 51 52 63 67 66 64 62 69 68 61 65 70 74 71 79 73 72 75 77 80 76 78 90 85 89 81 86 84 88 87 82 83
 34 31 40 37 39 36 32 33 35 38 44 45 41 46 49 43 48 50 47 42 60 53 57 58 51 55 59 56 54 52 66 65 64 68 63 70 67 61 69 62 79 76 72 73 74 78 80 75 71 77 87 84 83 86 88 85 90 89 81 82  3  7  6  4  2  9  8  1  5 10 14 11 19 13 12 15 17 20 16 18 30 25 29 21 26 24 28 27 22 23
 44 41 50 47 49 46 42 43 45 48 54 55 51 56 59 53 58 60 57 52 70 63 67 68 61 65 69 66 64 62 76 75 74 78 73 80 77 71 79 72 89 86 82 83 84 88 90 85 81 87  7  4  3  6  8  5 10  9  1  2 13 17 16 14 12 19 18 11 15 20 24 21 29 23 22 25 27 30 26 28 40 35 39 31 36 34 38 37 32 33
  5  2  1  8 10  7  3  4  6  9 15 16 12 17 20 14 19 11 18 13 21 24 28 29 22 26 30 27 25 23 37 36 35 39 34 31 38 32 40 33 50 47 43 44 45 49 41 46 42 48 58 55 54 57 59 56 51 60 52 53 64 68 67 65 63 70 69 62 66 61 75 72 80 74 73 76 78 71 77 79 81 86 90 82 87 85 89 88 83 84
 65 62 61 68 70 67 63 64 66 69 75 76 72 77 80 74 79 71 78 73 81 84 88 89 82 86 90 87 85 83  7  6  5  9  4  1  8  2 10  3 20 17 13 14 15 19 11 16 12 18 28 25 24 27 29 26 21 30 22 23 34 38 37 35 33 40 39 32 36 31 45 42 50 44 43 46 48 41 47 49 51 56 60 52 57 55 59 58 53 54
 15 12 11 18 20 17 13 14 16 19 25 26 22 27 30 24 29 21 28 23 31 34 38 39 32 36 40 37 35 33 47 46 45 49 44 41 48 42 50 43 60 57 53 54 55 59 51 56 52 58 68 65 64 67 69 66 61 70 62 63 74 78 77 75 73 80 79 72 76 71 85 82 90 84 83 86 88 81 87 89  1  6 10  2  7  5  9  8  3  4
 45 42 41 48 50 47 43 44 46 49 55 56 52 57 60 54 59 51 58 53 61 64 68 69 62 66 70 67 65 63 77 76 75 79 74 71 78 72 80 73 90 87 83 84 85 89 81 86 82 88  8  5  4  7  9  6  1 10  2  3 14 18 17 15 13 20 19 12 16 11 25 22 30 24 23 26 28 21 27 29 31 36 40 32 37 35 39 38 33 34
 75 72 71 78 80 77 73 74 76 79 85 86 82 87 90 84 89 81 88 83  1  4  8  9  2  6 10  7  5  3 17 16 15 19 14 11 18 12 20 13 30 27 23 24 25 29 21 26 22 28 38 35 34 37 39 36 31 40 32 33 44 48 47 45 43 50 49 42 46 41 55 52 60 54 53 56 58 51 57 59 61 66 70 62 67 65 69 68 63 64
 25 22 21 28 30 27 23 24 26 29 35 36 32 37 40 34 39 31 38 33 41 44 48 49 42 46 50 47 45 43 57 56 55 59 54 51 58 52 60 53 70 67 63 64 65 69 61 66 62 68 78 75 74 77 79 76 71 80 72 73 84 88 87 85 83 90 89 82 86 81  5  2 10  4  3  6  8  1  7  9 11 16 20 12 17 15 19 18 13 14
 35 32 31 38 40 37 33 34 36 39 45 46 42 47 50 44 49 41 48 43 51 54 58 59 52 56 60 57 55 53 67 66 65 69 64 61 68 62 70 63 80 77 73 74 75 79 71 76 72 78 88 85 84 87 89 86 81 90 82 83  4  8  7  5  3 10  9  2  6  1 15 12 20 14 13 16 18 11 17 19 21 26 30 22 27 25 29 28 23 24
 55 52 51 58 60 57 53 54 56 59 65 66 62 67 70 64 69 61 68 63 71 74 78 79 72 76 80 77 75 73 87 86 85 89 84 81 88 82 90 83 10  7  3  4  5  9  1  6  2  8 18 15 14 17 19 16 11 20 12 13 24 28 27 25 23 30 29 22 26 21 35 32 40 34 33 36 38 31 37 39 41 46 50 42 47 45 49 48 43 44
 85 82 81 88 90 87 83 84 86 89  5  6  2  7 10  4  9  1  8  3 11 14 18 19 12 16 20 17 15 13 27 26 25 29 24 21 28 22 30 23 40 37 33 34 35 39 31 36 32 38 48 45 44 47 49 46 41 50 42 43 54 58 57 55 53 60 59 52 56 51 65 62 70 64 63 66 68 61 67 69 71 76 80 72 77 75 79 78 73 74
 36 33 32 39 31 38 34 35 37 40 46 47 43 48 41 45 50 42 49 44 52 55 59 60 53 57 51 58 56 54 68 67 66 70 65 62 69 63 61 64 71 78 74 75 76 80 72 77 73 79 89 86 85 88 90 87 82 81 83 84  5  9  8  6  4  1 10  3  7  2 16 13 11 15 14 17 19 12 18 20 22 27 21 23 28 26 30 29 24 25
 66 63 62 69 61 68 64 65 67 70 76 77 73 78 71 75 80 72 79 74 82 85 89 90 83 87 81 88 86 84  8  7  6 10  5  2  9  3  1  4 11 18 14 15 16 20 12 17 13 19 29 26 25 28 30 27 22 21 23 24 35 39 38 36 34 31 40 33 37 32 46 43 41 45 44 47 49 42 48 50 52 57 51 53 58 56 60 59 54 55
 46 43 42 49 41 48 44 45 47 50 56 57 53 58 51 55 60 52 59 54 62 65 69 70 63 67 61 68 66 64 78 77 76 80 75 72 79 73 71 74 81 88 84 85 86 90 82 87 83 89  9  6  5  8 10  7  2  1  3  4 15 19 18 16 14 11 20 13 17 12 26 23 21 25 24 27 29 22 28 30 32 37 31 33 38 36 40 39 34 35
 86 83 82 89 81 88 84 85 87 90  6  7  3  8  1  5 10  2  9  4 12 15 19 20 13 17 11 18 16 14 28 27 26 30 25 22 29 23 21 24 31 38 34 35 36 40 32 37 33 39 49 46 45 48 50 47 42 41 43 44 55 59 58 56 54 51 60 53 57 52 66 63 61 65 64 67 69 62 68 70 72 77 71 73 78 76 80 79 74 75
  6  3  2  9  1  8  4  5  7 10 16 17 13 18 11 15 20 12 19 14 22 25 29 30 23 27 21 28 26 24 38 37 36 40 35 32 39 33 31 34 41 48 44 45 46 50 42 47 43 49 59 56 55 58 60 57 52 51 53 54 65 69 68 66 64 61 70 63 67 62 76 73 71 75 74 77 79 72 78 80 82 87 81 83 88 86 90 89 84 85
 16 13 12 19 11 18 14 15 17 20 26 27 23 28 21 25 30 22 29 24 32 35 39 40 33 37 31 38 36 34 48 47 46 50 45 42 49 43 41 44 51 58 54 55 56 60 52 57 53 59 69 66 65 68 70 67 62 61 63 64 75 79 78 76 74 71 80 73 77 72 86 83 81 85 84 87 89 82 88 90  2  7  1  3  8  6 10  9  4  5
 56 53 52 59 51 58 54 55 57 60 66 67 63 68 61 65 70 62 69 64 72 75 79 80 73 77 71 78 76 74 88 87 86 90 85 82 89 83 81 84  1  8  4  5  6 10  2  7  3  9 19 16 15 18 20 17 12 11 13 14 25 29 28 26 24 21 30 23 27 22 36 33 31 35 34 37 39 32 38 40 42 47 41 43 48 46 50 49 44 45
 26 23 22 29 21 28 24 25 27 30 36 37 33 38 31 35 40 32 39 34 42 45 49 50 43 47 41 48 46 44 58 57 56 60 55 52 59 53 51 54 61 68 64 65 66 70 62 67 63 69 79 76 75 78 80 77 72 71 73 74 85 89 88 86 84 81 90 83 87 82  6  3  1  5  4  7  9  2  8 10 12 17 11 13 18 16 20 19 14 15
 76 73 72 79 71 78 74 75 77 80 86 87 83 88 81 85 90 82 89 84  2  5  9 10  3  7  1  8  6  4 18 17 16 20 15 12 19 13 11 14 21 28 24 25 26 30 22 27 23 29 39 36 35 38 40 37 32 31 33 34 45 49 48 46 44 41 50 43 47 42 56 53 51 55 54 57 59 52 58 60 62 67 61 63 68 66 70 69 64 65
  7  4  3 10  2  9  5  6  8  1 17 18 14 19 12 16 11 13 20 15 23 26 30 21 24 28 22 29 27 25 39 38 37 31 36 33 40 34 32 35 42 49 45 46 47 41 43 48 44 50 60 57 56 59 51 58 53 52 54 55 66 70 69 67 65 62 61 64 68 63 77 74 72 76 75 78 80 73 79 71 83 88 82 84 89 87 81 90 85 86
 27 24 23 30 22 29 25 26 28 21 37 38 34 39 32 36 31 33 40 35 43 46 50 41 44 48 42 49 47 45 59 58 57 51 56 53 60 54 52 55 62 69 65 66 67 61 63 68 64 70 80 77 76 79 71 78 73 72 74 75 86 90 89 87 85 82 81 84 88 83  7  4  2  6  5  8 10  3  9  1 13 18 12 14 19 17 11 20 15 16
 17 14 13 20 12 19 15 16 18 11 27 28 24 29 22 26 21 23 30 25 33 36 40 31 34 38 32 39 37 35 49 48 47 41 46 43 50 44 42 45 52 59 55 56 57 51 53 58 54 60 70 67 66 69 61 68 63 62 64 65 76 80 79 77 75 72 71 74 78 73 87 84 82 86 85 88 90 83 89 81  3  8  2  4  9  7  1 10  5  6
 77 74 73 80 72 79 75 76 78 71 87 88 84 89 82 86 81 83 90 85  3  6 10  1  4  8  2  9  7  5 19 18 17 11 16 13 20 14 12 15 22 29 25 26 27 21 23 28 24 30 40 37 36 39 31 38 33 32 34 35 46 50 49 47 45 42 41 44 48 43 57 54 52 56 55 58 60 53 59 51 63 68 62 64 69 67 61 70 65 66
 67 64 63 70 62 69 65 66 68 61 77 78 74 79 72 76 71 73 80 75 83 86 90 81 84 88 82 89 87 85  9  8  7  1  6  3 10  4  2  5 12 19 15 16 17 11 13 18 14 20 30 27 26 29 21 28 23 22 24 25 36 40 39 37 35 32 31 34 38 33 47 44 42 46 45 48 50 43 49 41 53 58 52 54 59 57 51 60 55 56
 37 34 33 40 32 39 35 36 38 31 47 48 44 49 42 46 41 43 50 45 53 56 60 51 54 58 52 59 57 55 69 68 67 61 66 63 70 64 62 65 72 79 75 76 77 71 73 78 74 80 90 87 86 89 81 88 83 82 84 85  6 10  9  7  5  2  1  4  8  3 17 14 12 16 15 18 20 13 19 11 23 28 22 24 29 27 21 30 25 26
 47 44 43 50 42 49 45 46 48 41 57 58 54 59 52 56 51 53 60 55 63 66 70 61 64 68 62 69 67 65 79 78 77 71 76 73 80 74 72 75 82 89 85 86 87 81 83 88 84 90 10  7  6  9  1  8  3  2  4  5 16 20 19 17 15 12 11 14 18 13 27 24 22 26 25 28 30 23 29 21 33 38 32 34 39 37 31 40 35 36
 87 84 83 90 82 89 85 86 88 81  7  8  4  9  2  6  1  3 10  5 13 16 20 11 14 18 12 19 17 15 29 28 27 21 26 23 30 24 22 25 32 39 35 36 37 31 33 38 34 40 50 47 46 49 41 48 43 42 44 45 56 60 59 57 55 52 51 54 58 53 67 64 62 66 65 68 70 63 69 61 73 78 72 74 79 77 71 80 75 76
 57 54 53 60 52 59 55 56 58 51 67 68 64 69 62 66 61 63 70 65 73 76 80 71 74 78 72 79 77 75 89 88 87 81 86 83 90 84 82 85  2  9  5  6  7  1  3  8  4 10 20 17 16 19 11 18 13 12 14 15 26 30 29 27 25 22 21 24 28 23 37 34 32 36 35 38 40 33 39 31 43 48 42 44 49 47 41 50 45 46
  8  5  4  1  3 10  6  7  9  2 18 19 15 20 13 17 12 14 11 16 24 27 21 22 25 29 23 30 28 26 40 39 38 32 37 34 31 35 33 36 43 50 46 47 48 42 44 49 45 41 51 58 57 60 52 59 54 53 55 56 67 61 70 68 66 63 62 65 69 64 78 75 73 77 76 79 71 74 80 72 84 89 83 85 90 88 82 81 86 87
 88 85 84 81 83 90 86 87 89 82  8  9  5 10  3  7  2  4  1  6 14 17 11 12 15 19 13 20 18 16 30 29 28 22 27 24 21 25 23 26 33 40 36 37 38 32 34 39 35 31 41 48 47 50 42 49 44 43 45 46 57 51 60 58 56 53 52 55 59 54 68 65 63 67 66 69 61 64 70 62 74 79 73 75 80 78 72 71 76 77
 28 25 24 21 23 30 26 27 29 22 38 39 35 40 33 37 32 34 31 36 44 47 41 42 45 49 43 50 48 46 60 59 58 52 57 54 51 55 53 56 63 70 66 67 68 62 64 69 65 61 71 78 77 80 72 79 74 73 75 76 87 81 90 88 86 83 82 85 89 84  8  5  3  7  6  9  1  4 10  2 14 19 13 15 20 18 12 11 16 17
 78 75 74 71 73 80 76 77 79 72 88 89 85 90 83 87 82 84 81 86  4  7  1  2  5  9  3 10  8  6 20 19 18 12 17 14 11 15 13 16 23 30 26 27 28 22 24 29 25 21 31 38 37 40 32 39 34 33 35 36 47 41 50 48 46 43 42 45 49 44 58 55 53 57 56 59 51 54 60 52 64 69 63 65 70 68 62 61 66 67
 18 15 14 11 13 20 16 17 19 12 28 29 25 30 23 27 22 24 21 26 34 37 31 32 35 39 33 40 38 36 50 49 48 42 47 44 41 45 43 46 53 60 56 57 58 52 54 59 55 51 61 68 67 70 62 69 64 63 65 66 77 71 80 78 76 73 72 75 79 74 88 85 83 87 86 89 81 84 90 82  4  9  3  5 10  8  2  1  6  7
 58 55 54 51 53 60 56 57 59 52 68 69 65 70 63 67 62 64 61 66 74 77 71 72 75 79 73 80 78 76 90 89 88 82 87 84 81 85 83 86  3 10  6  7  8  2  4  9  5  1 11 18 17 20 12 19 14 13 15 16 27 21 30 28 26 23 22 25 29 24 38 35 33 37 36 39 31 34 40 32 44 49 43 45 50 48 42 41 46 47
 38 35 34 31 33 40 36 37 39 32 48 49 45 50 43 47 42 44 41 46 54 57 51 52 55 59 53 60 58 56 70 69 68 62 67 64 61 65 63 66 73 80 76 77 78 72 74 79 75 71 81 88 87 90 82 89 84 83 85 86  7  1 10  8  6  3  2  5  9  4 18 15 13 17 16 19 11 14 20 12 24 29 23 25 30 28 22 21 26 27
 48 45 44 41 43 50 46 47 49 42 58 59 55 60 53 57 52 54 51 56 64 67 61 62 65 69 63 70 68 66 80 79 78 72 77 74 71 75 73 76 83 90 86 87 88 82 84 89 85 81  1  8  7 10  2  9  4  3  5  6 17 11 20 18 16 13 12 15 19 14 28 25 23 27 26 29 21 24 30 22 34 39 33 35 40 38 32 31 36 37
 68 65 64 61 63 70 66 67 69 62 78 79 75 80 73 77 72 74 71 76 84 87 81 82 85 89 83 90 88 86 10  9  8  2  7  4  1  5  3  6 13 20 16 17 18 12 14 19 15 11 21 28 27 30 22 29 24 23 25 26 37 31 40 38 36 33 32 35 39 34 48 45 43 47 46 49 41 44 50 42 54 59 53 55 60 58 52 51 56 57
 49 46 45 42 44 41 47 48 50 43 59 60 56 51 54 58 53 55 52 57 65 68 62 63 66 70 64 61 69 67 71 80 79 73 78 75 72 76 74 77 84 81 87 88 89 83 85 90 86 82  2  9  8  1  3 10  5  4  6  7 18 12 11 19 17 14 13 16 20 15 29 26 24 28 27 30 22 25 21 23 35 40 34 36 31 39 33 32 37 38
  9  6  5  2  4  1  7  8 10  3 19 20 16 11 14 18 13 15 12 17 25 28 22 23 26 30 24 21 29 27 31 40 39 33 38 35 32 36 34 37 44 41 47 48 49 43 45 50 46 42 52 59 58 51 53 60 55 54 56 57 68 62 61 69 67 64 63 66 70 65 79 76 74 78 77 80 72 75 71 73 85 90 84 86 81 89 83 82 87 88
 79 76 75 72 74 71 77 78 80 73 89 90 86 81 84 88 83 85 82 87  5  8  2  3  6 10  4  1  9  7 11 20 19 13 18 15 12 16 14 17 24 21 27 28 29 23 25 30 26 22 32 39 38 31 33 40 35 34 36 37 48 42 41 49 47 44 43 46 50 45 59 56 54 58 57 60 52 55 51 53 65 70 64 66 61 69 63 62 67 68
 69 66 65 62 64 61 67 68 70 63 79 80 76 71 74 78 73 75 72 77 85 88 82 83 86 90 84 81 89 87  1 10  9  3  8  5  2  6  4  7 14 11 17 18 19 13 15 20 16 12 22 29 28 21 23 30 25 24 26 27 38 32 31 39 37 34 33 36 40 35 49 46 44 48 47 50 42 45 41 43 55 60 54 56 51 59 53 52 57 58
 19 16 15 12 14 11 17 18 20 13 29 30 26 21 24 28 23 25 22 27 35 38 32 33 36 40 34 31 39 37 41 50 49 43 48 45 42 46 44 47 54 51 57 58 59 53 55 60 56 52 62 69 68 61 63 70 65 64 66 67 78 72 71 79 77 74 73 76 80 75 89 86 84 88 87 90 82 85 81 83  5 10  4  6  1  9  3  2  7  8
 39 36 35 32 34 31 37 38 40 33 49 50 46 41 44 48 43 45 42 47 55 58 52 53 56 60 54 51 59 57 61 70 69 63 68 65 62 66 64 67 74 71 77 78 79 73 75 80 76 72 82 89 88 81 83 90 85 84 86 87  8  2  1  9  7  4  3  6 10  5 19 16 14 18 17 20 12 15 11 13 25 30 24 26 21 29 23 22 27 28
 29 26 25 22 24 21 27 28 30 23 39 40 36 31 34 38 33 35 32 37 45 48 42 43 46 50 44 41 49 47 51 60 59 53 58 55 52 56 54 57 64 61 67 68 69 63 65 70 66 62 72 79 78 71 73 80 75 74 76 77 88 82 81 89 87 84 83 86 90 85  9  6  4  8  7 10  2  5  1  3 15 20 14 16 11 19 13 12 17 18
 59 56 55 52 54 51 57 58 60 53 69 70 66 61 64 68 63 65 62 67 75 78 72 73 76 80 74 71 79 77 81 90 89 83 88 85 82 86 84 87  4  1  7  8  9  3  5 10  6  2 12 19 18 11 13 20 15 14 16 17 28 22 21 29 27 24 23 26 30 25 39 36 34 38 37 40 32 35 31 33 45 50 44 46 41 49 43 42 47 48
 89 86 85 82 84 81 87 88 90 83  9 10  6  1  4  8  3  5  2  7 15 18 12 13 16 20 14 11 19 17 21 30 29 23 28 25 22 26 24 27 34 31 37 38 39 33 35 40 36 32 42 49 48 41 43 50 45 44 46 47 58 52 51 59 57 54 53 56 60 55 69 66 64 68 67 70 62 65 61 63 75 80 74 76 71 79 73 72 77 78
 60 57 56 53 55 52 58 59 51 54 70 61 67 62 65 69 64 66 63 68 76 79 73 74 77 71 75 72 80 78 82 81 90 84 89 86 83 87 85 88  5  2  8  9 10  4  6  1  7  3 13 20 19 12 14 11 16 15 17 18 29 23 22 30 28 25 24 27 21 26 40 37 35 39 38 31 33 36 32 34 46 41 45 47 42 50 44 43 48 49
 50 47 46 43 45 42 48 49 41 44 60 51 57 52 55 59 54 56 53 58 66 69 63 64 67 61 65 62 70 68 72 71 80 74 79 76 73 77 75 78 85 82 88 89 90 84 86 81 87 83  3 10  9  2  4  1  6  5  7  8 19 13 12 20 18 15 14 17 11 16 30 27 25 29 28 21 23 26 22 24 36 31 35 37 32 40 34 33 38 39
 20 17 16 13 15 12 18 19 11 14 30 21 27 22 25 29 24 26 23 28 36 39 33 34 37 31 35 32 40 38 42 41 50 44 49 46 43 47 45 48 55 52 58 59 60 54 56 51 57 53 63 70 69 62 64 61 66 65 67 68 79 73 72 80 78 75 74 77 71 76 90 87 85 89 88 81 83 86 82 84  6  1  5  7  2 10  4  3  8  9
 40 37 36 33 35 32 38 39 31 34 50 41 47 42 45 49 44 46 43 48 56 59 53 54 57 51 55 52 60 58 62 61 70 64 69 66 63 67 65 68 75 72 78 79 80 74 76 71 77 73 83 90 89 82 84 81 86 85 87 88  9  3  2 10  8  5  4  7  1  6 20 17 15 19 18 11 13 16 12 14 26 21 25 27 22 30 24 23 28 29
 80 77 76 73 75 72 78 79 71 74 90 81 87 82 85 89 84 86 83 88  6  9  3  4  7  1  5  2 10  8 12 11 20 14 19 16 13 17 15 18 25 22 28 29 30 24 26 21 27 23 33 40 39 32 34 31 36 35 37 38 49 43 42 50 48 45 44 47 41 46 60 57 55 59 58 51 53 56 52 54 66 61 65 67 62 70 64 63 68 69
 10  7  6  3  5  2  8  9  1  4 20 11 17 12 15 19 14 16 13 18 26 29 23 24 27 21 25 22 30 28 32 31 40 34 39 36 33 37 35 38 45 42 48 49 50 44 46 41 47 43 53 60 59 52 54 51 56 55 57 58 69 63 62 70 68 65 64 67 61 66 80 77 75 79 78 71 73 76 72 74 86 81 85 87 82 90 84 83 88 89
 70 67 66 63 65 62 68 69 61 64 80 71 77 72 75 79 74 76 73 78 86 89 83 84 87 81 85 82 90 88  2  1 10  4  9  6  3  7  5  8 15 12 18 19 20 14 16 11 17 13 23 30 29 22 24 21 26 25 27 28 39 33 32 40 38 35 34 37 31 36 50 47 45 49 48 41 43 46 42 44 56 51 55 57 52 60 54 53 58 59
 90 87 86 83 85 82 88 89 81 84 10  1  7  2  5  9  4  6  3  8 16 19 13 14 17 11 15 12 20 18 22 21 30 24 29 26 23 27 25 28 35 32 38 39 40 34 36 31 37 33 43 50 49 42 44 41 46 45 47 48 59 53 52 60 58 55 54 57 51 56 70 67 65 69 68 61 63 66 62 64 76 71 75 77 72 80 74 73 78 79
 30 27 26 23 25 22 28 29 21 24 40 31 37 32 35 39 34 36 33 38 46 49 43 44 47 41 45 42 50 48 52 51 60 54 59 56 53 57 55 58 65 62 68 69 70 64 66 61 67 63 73 80 79 72 74 71 76 75 77 78 89 83 82 90 88 85 84 87 81 86 10  7  5  9  8  1  3  6  2  4 16 11 15 17 12 20 14 13 18 19
 11 18 17 14 16 13 19 20 12 15 21 22 28 23 26 30 25 27 24 29 37 40 34 35 38 32 36 33 31 39 43 42 41 45 50 47 44 48 46 49 56 53 59 60 51 55 57 52 58 54 64 61 70 63 65 62 67 66 68 69 80 74 73 71 79 76 75 78 72 77 81 88 86 90 89 82 84 87 83 85  7  2  6  8  3  1  5  4  9 10
 71 78 77 74 76 73 79 80 72 75 81 82 88 83 86 90 85 87 84 89  7 10  4  5  8  2  6  3  1  9 13 12 11 15 20 17 14 18 16 19 26 23 29 30 21 25 27 22 28 24 34 31 40 33 35 32 37 36 38 39 50 44 43 41 49 46 45 48 42 47 51 58 56 60 59 52 54 57 53 55 67 62 66 68 63 61 65 64 69 70
 31 38 37 34 36 33 39 40 32 35 41 42 48 43 46 50 45 47 44 49 57 60 54 55 58 52 56 53 51 59 63 62 61 65 70 67 64 68 66 69 76 73 79 80 71 75 77 72 78 74 84 81 90 83 85 82 87 86 88 89 10  4  3  1  9  6  5  8  2  7 11 18 16 20 19 12 14 17 13 15 27 22 26 28 23 21 25 24 29 30
 41 48 47 44 46 43 49 50 42 45 51 52 58 53 56 60 55 57 54 59 67 70 64 65 68 62 66 63 61 69 73 72 71 75 80 77 74 78 76 79 86 83 89 90 81 85 87 82 88 84  4  1 10  3  5  2  7  6  8  9 20 14 13 11 19 16 15 18 12 17 21 28 26 30 29 22 24 27 23 25 37 32 36 38 33 31 35 34 39 40
 51 58 57 54 56 53 59 60 52 55 61 62 68 63 66 70 65 67 64 69 77 80 74 75 78 72 76 73 71 79 83 82 81 85 90 87 84 88 86 89  6  3  9 10  1  5  7  2  8  4 14 11 20 13 15 12 17 16 18 19 30 24 23 21 29 26 25 28 22 27 31 38 36 40 39 32 34 37 33 35 47 42 46 48 43 41 45 44 49 50
 61 68 67 64 66 63 69 70 62 65 71 72 78 73 76 80 75 77 74 79 87 90 84 85 88 82 86 83 81 89  3  2  1  5 10  7  4  8  6  9 16 13 19 20 11 15 17 12 18 14 24 21 30 23 25 22 27 26 28 29 40 34 33 31 39 36 35 38 32 37 41 48 46 50 49 42 44 47 43 45 57 52 56 58 53 51 55 54 59 60
  1  8  7  4  6  3  9 10  2  5 11 12 18 13 16 20 15 17 14 19 27 30 24 25 28 22 26 23 21 29 33 32 31 35 40 37 34 38 36 39 46 43 49 50 41 45 47 42 48 44 54 51 60 53 55 52 57 56 58 59 70 64 63 61 69 66 65 68 62 67 71 78 76 80 79 72 74 77 73 75 87 82 86 88 83 81 85 84 89 90
 81 88 87 84 86 83 89 90 82 85  1  2  8  3  6 10  5  7  4  9 17 20 14 15 18 12 16 13 11 19 23 22 21 25 30 27 24 28 26 29 36 33 39 40 31 35 37 32 38 34 44 41 50 43 45 42 47 46 48 49 60 54 53 51 59 56 55 58 52 57 61 68 66 70 69 62 64 67 63 65 77 72 76 78 73 71 75 74 79 80
 21 28 27 24 26 23 29 30 22 25 31 32 38 33 36 40 35 37 34 39 47 50 44 45 48 42 46 43 41 49 53 52 51 55 60 57 54 58 56 59 66 63 69 70 61 65 67 62 68 64 74 71 80 73 75 72 77 76 78 79 90 84 83 81 89 86 85 88 82 87  1  8  6 10  9  2  4  7  3  5 17 12 16 18 13 11 15 14 19 20
 22 29 28 25 27 24 30 21 23 26 32 33 39 34 37 31 36 38 35 40 48 41 45 46 49 43 47 44 42 50 54 53 52 56 51 58 55 59 57 60 67 64 70 61 62 66 68 63 69 65 75 72 71 74 76 73 78 77 79 80 81 85 84 82 90 87 86 89 83 88  2  9  7  1 10  3  5  8  4  6 18 13 17 19 14 12 16 15 20 11
 72 79 78 75 77 74 80 71 73 76 82 83 89 84 87 81 86 88 85 90  8  1  5  6  9  3  7  4  2 10 14 13 12 16 11 18 15 19 17 20 27 24 30 21 22 26 28 23 29 25 35 32 31 34 36 33 38 37 39 40 41 45 44 42 50 47 46 49 43 48 52 59 57 51 60 53 55 58 54 56 68 63 67 69 64 62 66 65 70 61
 82 89 88 85 87 84 90 81 83 86  2  3  9  4  7  1  6  8  5 10 18 11 15 16 19 13 17 14 12 20 24 23 22 26 21 28 25 29 27 30 37 34 40 31 32 36 38 33 39 35 45 42 41 44 46 43 48 47 49 50 51 55 54 52 60 57 56 59 53 58 62 69 67 61 70 63 65 68 64 66 78 73 77 79 74 72 76 75 80 71
  2  9  8  5  7  4 10  1  3  6 12 13 19 14 17 11 16 18 15 20 28 21 25 26 29 23 27 24 22 30 34 33 32 36 31 38 35 39 37 40 47 44 50 41 42 46 48 43 49 45 55 52 51 54 56 53 58 57 59 60 61 65 64 62 70 67 66 69 63 68 72 79 77 71 80 73 75 78 74 76 88 83 87 89 84 82 86 85 90 81
 62 69 68 65 67 64 70 61 63 66 72 73 79 74 77 71 76 78 75 80 88 81 85 86 89 83 87 84 82 90  4  3  2  6  1  8  5  9  7 10 17 14 20 11 12 16 18 13 19 15 25 22 21 24 26 23 28 27 29 30 31 35 34 32 40 37 36 39 33 38 42 49 47 41 50 43 45 48 44 46 58 53 57 59 54 52 56 55 60 51
 42 49 48 45 47 44 50 41 43 46 52 53 59 54 57 51 56 58 55 60 68 61 65 66 69 63 67 64 62 70 74 73 72 76 71 78 75 79 77 80 87 84 90 81 82 86 88 83 89 85  5  2  1  4  6  3  8  7  9 10 11 15 14 12 20 17 16 19 13 18 22 29 27 21 30 23 25 28 24 26 38 33 37 39 34 32 36 35 40 31
 32 39 38 35 37 34 40 31 33 36 42 43 49 44 47 41 46 48 45 50 58 51 55 56 59 53 57 54 52 60 64 63 62 66 61 68 65 69 67 70 77 74 80 71 72 76 78 73 79 75 85 82 81 84 86 83 88 87 89 90  1  5  4  2 10  7  6  9  3  8 12 19 17 11 20 13 15 18 14 16 28 23 27 29 24 22 26 25 30 21
 12 19 18 15 17 14 20 11 13 16 22 23 29 24 27 21 26 28 25 30 38 31 35 36 39 33 37 34 32 40 44 43 42 46 41 48 45 49 47 50 57 54 60 51 52 56 58 53 59 55 65 62 61 64 66 63 68 67 69 70 71 75 74 72 80 77 76 79 73 78 82 89 87 81 90 83 85 88 84 86  8  3  7  9  4  2  6  5 10  1
 52 59 58 55 57 54 60 51 53 56 62 63 69 64 67 61 66 68 65 70 78 71 75 76 79 73 77 74 72 80 84 83 82 86 81 88 85 89 87 90  7  4 10  1  2  6  8  3  9  5 15 12 11 14 16 13 18 17 19 20 21 25 24 22 30 27 26 29 23 28 32 39 37 31 40 33 35 38 34 36 48 43 47 49 44 42 46 45 50 41
 33 40 39 36 38 35 31 32 34 37 43 44 50 45 48 42 47 49 46 41 59 52 56 57 60 54 58 55 53 51 65 64 63 67 62 69 66 70 68 61 78 75 71 72 73 77 79 74 80 76 86 83 82 85 87 84 89 88 90 81  2  6  5  3  1  8  7 10  4  9 13 20 18 12 11 14 16 19 15 17 29 24 28 30 25 23 27 26 21 22
 13 20 19 16 18 15 11 12 14 17 23 24 30 25 28 22 27 29 26 21 39 32 36 37 40 34 38 35 33 31 45 44 43 47 42 49 46 50 48 41 58 55 51 52 53 57 59 54 60 56 66 63 62 65 67 64 69 68 70 61 72 76 75 73 71 78 77 80 74 79 83 90 88 82 81 84 86 89 85 87  9  4  8 10  5  3  7  6  1  2
 83 90 89 86 88 85 81 82 84 87  3  4 10  5  8  2  7  9  6  1 19 12 16 17 20 14 18 15 13 11 25 24 23 27 22 29 26 30 28 21 38 35 31 32 33 37 39 34 40 36 46 43 42 45 47 44 49 48 50 41 52 56 55 53 51 58 57 60 54 59 63 70 68 62 61 64 66 69 65 67 79 74 78 80 75 73 77 76 71 72
 23 30 29 26 28 25 21 22 24 27 33 34 40 35 38 32 37 39 36 31 49 42 46 47 50 44 48 45 43 41 55 54 53 57 52 59 56 60 58 51 68 65 61 62 63 67 69 64 70 66 76 73 72 75 77 74 79 78 80 71 82 86 85 83 81 88 87 90 84 89  3 10  8  2  1  4  6  9  5  7 19 14 18 20 15 13 17 16 11 12
  3 10  9  6  8  5  1  2  4  7 13 14 20 15 18 12 17 19 16 11 29 22 26 27 30 24 28 25 23 21 35 34 33 37 32 39 36 40 38 31 48 45 41 42 43 47 49 44 50 46 56 53 52 55 57 54 59 58 60 51 62 66 65 63 61 68 67 70 64 69 73 80 78 72 71 74 76 79 75 77 89 84 88 90 85 83 87 86 81 82
 53 60 59 56 58 55 51 52 54 57 63 64 70 65 68 62 67 69 66 61 79 72 76 77 80 74 78 75 73 71 85 84 83 87 82 89 86 90 88 81  8  5  1  2  3  7  9  4 10  6 16 13 12 15 17 14 19 18 20 11 22 26 25 23 21 28 27 30 24 29 33 40 38 32 31 34 36 39 35 37 49 44 48 50 45 43 47 46 41 42
 63 70 69 66 68 65 61 62 64 67 73 74 80 75 78 72 77 79 76 71 89 82 86 87 90 84 88 85 83 81  5  4  3  7  2  9  6 10  8  1 18 15 11 12 13 17 19 14 20 16 26 23 22 25 27 24 29 28 30 21 32 36 35 33 31 38 37 40 34 39 43 50 48 42 41 44 46 49 45 47 59 54 58 60 55 53 57 56 51 52
 73 80 79 76 78 75 71 72 74 77 83 84 90 85 88 82 87 89 86 81  9  2  6  7 10  4  8  5  3  1 15 14 13 17 12 19 16 20 18 11 28 25 21 22 23 27 29 24 30 26 36 33 32 35 37 34 39 38 40 31 42 46 45 43 41 48 47 50 44 49 53 60 58 52 51 54 56 59 55 57 69 64 68 70 65 63 67 66 61 62
 43 50 49 46 48 45 41 42 44 47 53 54 60 55 58 52 57 59 56 51 69 62 66 67 70 64 68 65 63 61 75 74 73 77 72 79 76 80 78 71 88 85 81 82 83 87 89 84 90 86  6  3  2  5  7  4  9  8 10  1 12 16 15 13 11 18 17 20 14 19 23 30 28 22 21 24 26 29 25 27 39 34 38 40 35 33 37 36 31 32
