 25 26 30 22 28 24 29 27 21 23 39 33 38 31 36 32 35 34 40 37 50 44 42 46 45 43 49 48 41 47 58 57 54 56 52 53 59 51 55 60 69 62 65 66 64 70 63 67 61 68 80 72 76 75 73 74 77 71 79 78 86 85 82 83 90 87 88 89 84 81  8  4  3 10  2  1  7  5  9  6 11 13 12 14 16 17 18 15 20 19
 85 86 90 82 88 84 89 87 81 83  9  3  8  1  6  2  5  4 10  7 20 14 12 16 15 13 19 18 11 17 28 27 24 26 22 23 29 21 25 30 39 32 35 36 34 40 33 37 31 38 50 42 46 45 43 44 47 41 49 48 56 55 52 53 60 57 58 59 54 51 68 64 63 70 62 61 67 65 69 66 71 73 72 74 76 77 78 75 80 79
 45 46 50 42 48 44 49 47 41 43 59 53 58 51 56 52 55 54 60 57 70 64 62 66 65 63 69 68 61 67 78 77 74 76 72 73 79 71 75 80 89 82 85 86 84 90 83 87 81 88 10  2  6  5  3  4  7  1  9  8 16 15 12 13 20 17 18 19 14 11 28 24 23 30 22 21 27 25 29 26 31 33 32 34 36 37 38 35 40 39
  5  6 10  2  8  4  9  7  1  3 19 13 18 11 16 12 15 14 20 17 30 24 22 26 25 23 29 28 21 27 38 37 34 36 32 33 39 31 35 40 49 42 45 46 44 50 43 47 41 48 60 52 56 55 53 54 57 51 59 58 66 65 62 63 70 67 68 69 64 61 78 74 73 80 72 71 77 75 79 76 81 83 82 84 86 87 88 85 90 89
 15 16 20 12 18 14 19 17 11 13 29 23 28 21 26 22 25 24 30 27 40 34 32 36 35 33 39 38 31 37 48 47 44 46 42 43 49 41 45 50 59 52 55 56 54 60 53 57 51 58 70 62 66 65 63 64 67 61 69 68 76 75 72 73 80 77 78 79 74 71 88 84 83 90 82 81 87 85 89 86  1  3  2  4  6  7  8  5 10  9
 75 76 80 72 78 74 79 77 71 73 89 83 88 81 86 82 85 84 90 87 10  4  2  6  5  3  9  8  1  7 18 17 14 16 12 13 19 11 15 20 29 22 25 26 24 30 23 27 21 28 40 32 36 35 33 34 37 31 39 38 46 45 42 43 50 47 48 49 44 41 58 54 53 60 52 51 57 55 59 56 61 63 62 64 66 67 68 65 70 69
 35 36 40 32 38 34 39 37 31 33 49 43 48 41 46 42 45 44 50 47 60 54 52 56 55 53 59 58 51 57 68 67 64 66 62 63 69 61 65 70 79 72 75 76 74 80 73 77 71 78 90 82 86 85 83 84 87 81 89 88  6  5  2  3 10  7  8  9  4  1 18 14 13 20 12 11 17 15 19 16 21 23 22 24 26 27 28 25 30 29
 65 66 70 62 68 64 69 67 61 63 79 73 78 71 76 72 75 74 80 77 90 84 82 86 85 83 89 88 81 87  8  7  4  6  2  3  9  1  5 10 19 12 15 16 14 20 13 17 11 18 30 22 26 25 23 24 27 21 29 28 36 35 32 33 40 37 38 39 34 31 48 44 43 50 42 41 47 45 49 46 51 53 52 54 56 57 58 55 60 59
 55 56 60 52 58 54 59 57 51 53 69 63 68 61 66 62 65 64 70 67 80 74 72 76 75 73 79 78 71 77 88 87 84 86 82 83 89 81 85 90  9  2  5  6  4 10  3  7  1  8 20 12 16 15 13 14 17 11 19 18 26 25 22 23 30 27 28 29 24 21 38 34 33 40 32 31 37 35 39 36 41 43 42 44 46 47 48 45 50 49
 36 37 31 33 39 35 40 38 32 34 50 44 49 42 47 43 46 45 41 48 51 55 53 57 56 54 60 59 52 58 69 68 65 67 63 64 70 62 66 61 80 73 76 77 75 71 74 78 72 79 81 83 87 86 84 85 88 82 90 89  7  6  3  4  1  8  9 10  5  2 19 15 14 11 13 12 18 16 20 17 22 24 23 25 27 28 29 26 21 30
 46 47 41 43 49 45 50 48 42 44 60 54 59 52 57 53 56 55 51 58 61 65 63 67 66 64 70 69 62 68 79 78 75 77 73 74 80 72 76 71 90 83 86 87 85 81 84 88 82 89  1  3  7  6  4  5  8  2 10  9 17 16 13 14 11 18 19 20 15 12 29 25 24 21 23 22 28 26 30 27 32 34 33 35 37 38 39 36 31 40
  6  7  1  3  9  5 10  8  2  4 20 14 19 12 17 13 16 15 11 18 21 25 23 27 26 24 30 29 22 28 39 38 35 37 33 34 40 32 36 31 50 43 46 47 45 41 44 48 42 49 51 53 57 56 54 55 58 52 60 59 67 66 63 64 61 68 69 70 65 62 79 75 74 71 73 72 78 76 80 77 82 84 83 85 87 88 89 86 81 90
 66 67 61 63 69 65 70 68 62 64 80 74 79 72 77 73 76 75 71 78 81 85 83 87 86 84 90 89 82 88  9  8  5  7  3  4 10  2  6  1 20 13 16 17 15 11 14 18 12 19 21 23 27 26 24 25 28 22 30 29 37 36 33 34 31 38 39 40 35 32 49 45 44 41 43 42 48 46 50 47 52 54 53 55 57 58 59 56 51 60
 56 57 51 53 59 55 60 58 52 54 70 64 69 62 67 63 66 65 61 68 71 75 73 77 76 74 80 79 72 78 89 88 85 87 83 84 90 82 86 81 10  3  6  7  5  1  4  8  2  9 11 13 17 16 14 15 18 12 20 19 27 26 23 24 21 28 29 30 25 22 39 35 34 31 33 32 38 36 40 37 42 44 43 45 47 48 49 46 41 50
 26 27 21 23 29 25 30 28 22 24 40 34 39 32 37 33 36 35 31 38 41 45 43 47 46 44 50 49 42 48 59 58 55 57 53 54 60 52 56 51 70 63 66 67 65 61 64 68 62 69 71 73 77 76 74 75 78 72 80 79 87 86 83 84 81 88 89 90 85 82  9  5  4  1  3  2  8  6 10  7 12 14 13 15 17 18 19 16 11 20
 16 17 11 13 19 15 20 18 12 14 30 24 29 22 27 23 26 25 21 28 31 35 33 37 36 34 40 39 32 38 49 48 45 47 43 44 50 42 46 41 60 53 56 57 55 51 54 58 52 59 61 63 67 66 64 65 68 62 70 69 77 76 73 74 71 78 79 80 75 72 89 85 84 81 83 82 88 86 90 87  2  4  3  5  7  8  9  6  1 10
 76 77 71 73 79 75 80 78 72 74 90 84 89 82 87 83 86 85 81 88  1  5  3  7  6  4 10  9  2  8 19 18 15 17 13 14 20 12 16 11 30 23 26 27 25 21 24 28 22 29 31 33 37 36 34 35 38 32 40 39 47 46 43 44 41 48 49 50 45 42 59 55 54 51 53 52 58 56 60 57 62 64 63 65 67 68 69 66 61 70
 86 87 81 83 89 85 90 88 82 84 10  4  9  2  7  3  6  5  1  8 11 15 13 17 16 14 20 19 12 18 29 28 25 27 23 24 30 22 26 21 40 33 36 37 35 31 34 38 32 39 41 43 47 46 44 45 48 42 50 49 57 56 53 54 51 58 59 60 55 52 69 65 64 61 63 62 68 66 70 67 72 74 73 75 77 78 79 76 71 80
 37 38 32 34 40 36 31 39 33 35 41 45 50 43 48 44 47 46 42 49 52 56 54 58 57 55 51 60 53 59 70 69 66 68 64 65 61 63 67 62 71 74 77 78 76 72 75 79 73 80 82 84 88 87 85 86 89 83 81 90  8  7  4  5  2  9 10  1  6  3 20 16 15 12 14 13 19 17 11 18 23 25 24 26 28 29 30 27 22 21
 57 58 52 54 60 56 51 59 53 55 61 65 70 63 68 64 67 66 62 69 72 76 74 78 77 75 71 80 73 79 90 89 86 88 84 85 81 83 87 82  1  4  7  8  6  2  5  9  3 10 12 14 18 17 15 16 19 13 11 20 28 27 24 25 22 29 30 21 26 23 40 36 35 32 34 33 39 37 31 38 43 45 44 46 48 49 50 47 42 41
 17 18 12 14 20 16 11 19 13 15 21 25 30 23 28 24 27 26 22 29 32 36 34 38 37 35 31 40 33 39 50 49 46 48 44 45 41 43 47 42 51 54 57 58 56 52 55 59 53 60 62 64 68 67 65 66 69 63 61 70 78 77 74 75 72 79 80 71 76 73 90 86 85 82 84 83 89 87 81 88  3  5  4  6  8  9 10  7  2  1
  7  8  2  4 10  6  1  9  3  5 11 15 20 13 18 14 17 16 12 19 22 26 24 28 27 25 21 30 23 29 40 39 36 38 34 35 31 33 37 32 41 44 47 48 46 42 45 49 43 50 52 54 58 57 55 56 59 53 51 60 68 67 64 65 62 69 70 61 66 63 80 76 75 72 74 73 79 77 71 78 83 85 84 86 88 89 90 87 82 81
 67 68 62 64 70 66 61 69 63 65 71 75 80 73 78 74 77 76 72 79 82 86 84 88 87 85 81 90 83 89 10  9  6  8  4  5  1  3  7  2 11 14 17 18 16 12 15 19 13 20 22 24 28 27 25 26 29 23 21 30 38 37 34 35 32 39 40 31 36 33 50 46 45 42 44 43 49 47 41 48 53 55 54 56 58 59 60 57 52 51
 87 88 82 84 90 86 81 89 83 85  1  5 10  3  8  4  7  6  2  9 12 16 14 18 17 15 11 20 13 19 30 29 26 28 24 25 21 23 27 22 31 34 37 38 36 32 35 39 33 40 42 44 48 47 45 46 49 43 41 50 58 57 54 55 52 59 60 51 56 53 70 66 65 62 64 63 69 67 61 68 73 75 74 76 78 79 80 77 72 71
 27 28 22 24 30 26 21 29 23 25 31 35 40 33 38 34 37 36 32 39 42 46 44 48 47 45 41 50 43 49 60 59 56 58 54 55 51 53 57 52 61 64 67 68 66 62 65 69 63 70 72 74 78 77 75 76 79 73 71 80 88 87 84 85 82 89 90 81 86 83 10  6  5  2  4  3  9  7  1  8 13 15 14 16 18 19 20 17 12 11
 47 48 42 44 50 46 41 49 43 45 51 55 60 53 58 54 57 56 52 59 62 66 64 68 67 65 61 70 63 69 80 79 76 78 74 75 71 73 77 72 81 84 87 88 86 82 85 89 83 90  2  4  8  7  5  6  9  3  1 10 18 17 14 15 12 19 20 11 16 13 30 26 25 22 24 23 29 27 21 28 33 35 34 36 38 39 40 37 32 31
 77 78 72 74 80 76 71 79 73 75 81 85 90 83 88 84 87 86 82 89  2  6  4  8  7  5  1 10  3  9 20 19 16 18 14 15 11 13 17 12 21 24 27 28 26 22 25 29 23 30 32 34 38 37 35 36 39 33 31 40 48 47 44 45 42 49 50 41 46 43 60 56 55 52 54 53 59 57 51 58 63 65 64 66 68 69 70 67 62 61
 18 19 13 15 11 17 12 20 14 16 22 26 21 24 29 25 28 27 23 30 33 37 35 39 38 36 32 31 34 40 41 50 47 49 45 46 42 44 48 43 52 55 58 59 57 53 56 60 54 51 63 65 69 68 66 67 70 64 62 61 79 78 75 76 73 80 71 72 77 74 81 87 86 83 85 84 90 88 82 89  4  6  5  7  9 10  1  8  3  2
 78 79 73 75 71 77 72 80 74 76 82 86 81 84 89 85 88 87 83 90  3  7  5  9  8  6  2  1  4 10 11 20 17 19 15 16 12 14 18 13 22 25 28 29 27 23 26 30 24 21 33 35 39 38 36 37 40 34 32 31 49 48 45 46 43 50 41 42 47 44 51 57 56 53 55 54 60 58 52 59 64 66 65 67 69 70 61 68 63 62
 88 89 83 85 81 87 82 90 84 86  2  6  1  4  9  5  8  7  3 10 13 17 15 19 18 16 12 11 14 20 21 30 27 29 25 26 22 24 28 23 32 35 38 39 37 33 36 40 34 31 43 45 49 48 46 47 50 44 42 41 59 58 55 56 53 60 51 52 57 54 61 67 66 63 65 64 70 68 62 69 74 76 75 77 79 80 71 78 73 72
 48 49 43 45 41 47 42 50 44 46 52 56 51 54 59 55 58 57 53 60 63 67 65 69 68 66 62 61 64 70 71 80 77 79 75 76 72 74 78 73 82 85 88 89 87 83 86 90 84 81  3  5  9  8  6  7 10  4  2  1 19 18 15 16 13 20 11 12 17 14 21 27 26 23 25 24 30 28 22 29 34 36 35 37 39 40 31 38 33 32
 38 39 33 35 31 37 32 40 34 36 42 46 41 44 49 45 48 47 43 50 53 57 55 59 58 56 52 51 54 60 61 70 67 69 65 66 62 64 68 63 72 75 78 79 77 73 76 80 74 71 83 85 89 88 86 87 90 84 82 81  9  8  5  6  3 10  1  2  7  4 11 17 16 13 15 14 20 18 12 19 24 26 25 27 29 30 21 28 23 22
 28 29 23 25 21 27 22 30 24 26 32 36 31 34 39 35 38 37 33 40 43 47 45 49 48 46 42 41 44 50 51 60 57 59 55 56 52 54 58 53 62 65 68 69 67 63 66 70 64 61 73 75 79 78 76 77 80 74 72 71 89 88 85 86 83 90 81 82 87 84  1  7  6  3  5  4 10  8  2  9 14 16 15 17 19 20 11 18 13 12
  8  9  3  5  1  7  2 10  4  6 12 16 11 14 19 15 18 17 13 20 23 27 25 29 28 26 22 21 24 30 31 40 37 39 35 36 32 34 38 33 42 45 48 49 47 43 46 50 44 41 53 55 59 58 56 57 60 54 52 51 69 68 65 66 63 70 61 62 67 64 71 77 76 73 75 74 80 78 72 79 84 86 85 87 89 90 81 88 83 82
 68 69 63 65 61 67 62 70 64 66 72 76 71 74 79 75 78 77 73 80 83 87 85 89 88 86 82 81 84 90  1 10  7  9  5  6  2  4  8  3 12 15 18 19 17 13 16 20 14 11 23 25 29 28 26 27 30 24 22 21 39 38 35 36 33 40 31 32 37 34 41 47 46 43 45 44 50 48 42 49 54 56 55 57 59 60 51 58 53 52
 58 59 53 55 51 57 52 60 54 56 62 66 61 64 69 65 68 67 63 70 73 77 75 79 78 76 72 71 74 80 81 90 87 89 85 86 82 84 88 83  2  5  8  9  7  3  6 10  4  1 13 15 19 18 16 17 20 14 12 11 29 28 25 26 23 30 21 22 27 24 31 37 36 33 35 34 40 38 32 39 44 46 45 47 49 50 41 48 43 42
 39 40 34 36 32 38 33 31 35 37 43 47 42 45 50 46 49 48 44 41 54 58 56 60 59 57 53 52 55 51 62 61 68 70 66 67 63 65 69 64 73 76 79 80 78 74 77 71 75 72 84 86 90 89 87 88 81 85 83 82 10  9  6  7  4  1  2  3  8  5 12 18 17 14 16 15 11 19 13 20 25 27 26 28 30 21 22 29 24 23
 79 80 74 76 72 78 73 71 75 77 83 87 82 85 90 86 89 88 84 81  4  8  6 10  9  7  3  2  5  1 12 11 18 20 16 17 13 15 19 14 23 26 29 30 28 24 27 21 25 22 34 36 40 39 37 38 31 35 33 32 50 49 46 47 44 41 42 43 48 45 52 58 57 54 56 55 51 59 53 60 65 67 66 68 70 61 62 69 64 63
 59 60 54 56 52 58 53 51 55 57 63 67 62 65 70 66 69 68 64 61 74 78 76 80 79 77 73 72 75 71 82 81 88 90 86 87 83 85 89 84  3  6  9 10  8  4  7  1  5  2 14 16 20 19 17 18 11 15 13 12 30 29 26 27 24 21 22 23 28 25 32 38 37 34 36 35 31 39 33 40 45 47 46 48 50 41 42 49 44 43
 89 90 84 86 82 88 83 81 85 87  3  7  2  5 10  6  9  8  4  1 14 18 16 20 19 17 13 12 15 11 22 21 28 30 26 27 23 25 29 24 33 36 39 40 38 34 37 31 35 32 44 46 50 49 47 48 41 45 43 42 60 59 56 57 54 51 52 53 58 55 62 68 67 64 66 65 61 69 63 70 75 77 76 78 80 71 72 79 74 73
 49 50 44 46 42 48 43 41 45 47 53 57 52 55 60 56 59 58 54 51 64 68 66 70 69 67 63 62 65 61 72 71 78 80 76 77 73 75 79 74 83 86 89 90 88 84 87 81 85 82  4  6 10  9  7  8  1  5  3  2 20 19 16 17 14 11 12 13 18 15 22 28 27 24 26 25 21 29 23 30 35 37 36 38 40 31 32 39 34 33
  9 10  4  6  2  8  3  1  5  7 13 17 12 15 20 16 19 18 14 11 24 28 26 30 29 27 23 22 25 21 32 31 38 40 36 37 33 35 39 34 43 46 49 50 48 44 47 41 45 42 54 56 60 59 57 58 51 55 53 52 70 69 66 67 64 61 62 63 68 65 72 78 77 74 76 75 71 79 73 80 85 87 86 88 90 81 82 89 84 83
 19 20 14 16 12 18 13 11 15 17 23 27 22 25 30 26 29 28 24 21 34 38 36 40 39 37 33 32 35 31 42 41 48 50 46 47 43 45 49 44 53 56 59 60 58 54 57 51 55 52 64 66 70 69 67 68 61 65 63 62 80 79 76 77 74 71 72 73 78 75 82 88 87 84 86 85 81 89 83 90  5  7  6  8 10  1  2  9  4  3
 29 30 24 26 22 28 23 21 25 27 33 37 32 35 40 36 39 38 34 31 44 48 46 50 49 47 43 42 45 41 52 51 58 60 56 57 53 55 59 54 63 66 69 70 68 64 67 61 65 62 74 76 80 79 77 78 71 75 73 72 90 89 86 87 84 81 82 83 88 85  2  8  7  4  6  5  1  9  3 10 15 17 16 18 20 11 12 19 14 13
 69 70 64 66 62 68 63 61 65 67 73 77 72 75 80 76 79 78 74 71 84 88 86 90 89 87 83 82 85 81  2  1  8 10  6  7  3  5  9  4 13 16 19 20 18 14 17 11 15 12 24 26 30 29 27 28 21 25 23 22 40 39 36 37 34 31 32 33 38 35 42 48 47 44 46 45 41 49 43 50 55 57 56 58 60 51 52 59 54 53
 50 41 45 47 43 49 44 42 46 48 54 58 53 56 51 57 60 59 55 52 65 69 67 61 70 68 64 63 66 62 73 72 79 71 77 78 74 76 80 75 84 87 90 81 89 85 88 82 86 83  5  7  1 10  8  9  2  6  4  3 11 20 17 18 15 12 13 14 19 16 23 29 28 25 27 26 22 30 24 21 36 38 37 39 31 32 33 40 35 34
 10  1  5  7  3  9  4  2  6  8 14 18 13 16 11 17 20 19 15 12 25 29 27 21 30 28 24 23 26 22 33 32 39 31 37 38 34 36 40 35 44 47 50 41 49 45 48 42 46 43 55 57 51 60 58 59 52 56 54 53 61 70 67 68 65 62 63 64 69 66 73 79 78 75 77 76 72 80 74 71 86 88 87 89 81 82 83 90 85 84
 40 31 35 37 33 39 34 32 36 38 44 48 43 46 41 47 50 49 45 42 55 59 57 51 60 58 54 53 56 52 63 62 69 61 67 68 64 66 70 65 74 77 80 71 79 75 78 72 76 73 85 87 81 90 88 89 82 86 84 83  1 10  7  8  5  2  3  4  9  6 13 19 18 15 17 16 12 20 14 11 26 28 27 29 21 22 23 30 25 24
 20 11 15 17 13 19 14 12 16 18 24 28 23 26 21 27 30 29 25 22 35 39 37 31 40 38 34 33 36 32 43 42 49 41 47 48 44 46 50 45 54 57 60 51 59 55 58 52 56 53 65 67 61 70 68 69 62 66 64 63 71 80 77 78 75 72 73 74 79 76 83 89 88 85 87 86 82 90 84 81  6  8  7  9  1  2  3 10  5  4
 90 81 85 87 83 89 84 82 86 88  4  8  3  6  1  7 10  9  5  2 15 19 17 11 20 18 14 13 16 12 23 22 29 21 27 28 24 26 30 25 34 37 40 31 39 35 38 32 36 33 45 47 41 50 48 49 42 46 44 43 51 60 57 58 55 52 53 54 59 56 63 69 68 65 67 66 62 70 64 61 76 78 77 79 71 72 73 80 75 74
 30 21 25 27 23 29 24 22 26 28 34 38 33 36 31 37 40 39 35 32 45 49 47 41 50 48 44 43 46 42 53 52 59 51 57 58 54 56 60 55 64 67 70 61 69 65 68 62 66 63 75 77 71 80 78 79 72 76 74 73 81 90 87 88 85 82 83 84 89 86  3  9  8  5  7  6  2 10  4  1 16 18 17 19 11 12 13 20 15 14
 70 61 65 67 63 69 64 62 66 68 74 78 73 76 71 77 80 79 75 72 85 89 87 81 90 88 84 83 86 82  3  2  9  1  7  8  4  6 10  5 14 17 20 11 19 15 18 12 16 13 25 27 21 30 28 29 22 26 24 23 31 40 37 38 35 32 33 34 39 36 43 49 48 45 47 46 42 50 44 41 56 58 57 59 51 52 53 60 55 54
 60 51 55 57 53 59 54 52 56 58 64 68 63 66 61 67 70 69 65 62 75 79 77 71 80 78 74 73 76 72 83 82 89 81 87 88 84 86 90 85  4  7 10  1  9  5  8  2  6  3 15 17 11 20 18 19 12 16 14 13 21 30 27 28 25 22 23 24 29 26 33 39 38 35 37 36 32 40 34 31 46 48 47 49 41 42 43 50 45 44
 80 71 75 77 73 79 74 72 76 78 84 88 83 86 81 87 90 89 85 82  5  9  7  1 10  8  4  3  6  2 13 12 19 11 17 18 14 16 20 15 24 27 30 21 29 25 28 22 26 23 35 37 31 40 38 39 32 36 34 33 41 50 47 48 45 42 43 44 49 46 53 59 58 55 57 56 52 60 54 51 66 68 67 69 61 62 63 70 65 64
 71 72 76 78 74 80 75 73 77 79 85 89 84 87 82 88 81 90 86 83  6 10  8  2  1  9  5  4  7  3 14 13 20 12 18 19 15 17 11 16 25 28 21 22 30 26 29 23 27 24 36 38 32 31 39 40 33 37 35 34 42 41 48 49 46 43 44 45 50 47 54 60 59 56 58 57 53 51 55 52 67 69 68 70 62 63 64 61 66 65
 11 12 16 18 14 20 15 13 17 19 25 29 24 27 22 28 21 30 26 23 36 40 38 32 31 39 35 34 37 33 44 43 50 42 48 49 45 47 41 46 55 58 51 52 60 56 59 53 57 54 66 68 62 61 69 70 63 67 65 64 72 71 78 79 76 73 74 75 80 77 84 90 89 86 88 87 83 81 85 82  7  9  8 10  2  3  4  1  6  5
 41 42 46 48 44 50 45 43 47 49 55 59 54 57 52 58 51 60 56 53 66 70 68 62 61 69 65 64 67 63 74 73 80 72 78 79 75 77 71 76 85 88 81 82 90 86 89 83 87 84  6  8  2  1  9 10  3  7  5  4 12 11 18 19 16 13 14 15 20 17 24 30 29 26 28 27 23 21 25 22 37 39 38 40 32 33 34 31 36 35
  1  2  6  8  4 10  5  3  7  9 15 19 14 17 12 18 11 20 16 13 26 30 28 22 21 29 25 24 27 23 34 33 40 32 38 39 35 37 31 36 45 48 41 42 50 46 49 43 47 44 56 58 52 51 59 60 53 57 55 54 62 61 68 69 66 63 64 65 70 67 74 80 79 76 78 77 73 71 75 72 87 89 88 90 82 83 84 81 86 85
 61 62 66 68 64 70 65 63 67 69 75 79 74 77 72 78 71 80 76 73 86 90 88 82 81 89 85 84 87 83  4  3 10  2  8  9  5  7  1  6 15 18 11 12 20 16 19 13 17 14 26 28 22 21 29 30 23 27 25 24 32 31 38 39 36 33 34 35 40 37 44 50 49 46 48 47 43 41 45 42 57 59 58 60 52 53 54 51 56 55
 81 82 86 88 84 90 85 83 87 89  5  9  4  7  2  8  1 10  6  3 16 20 18 12 11 19 15 14 17 13 24 23 30 22 28 29 25 27 21 26 35 38 31 32 40 36 39 33 37 34 46 48 42 41 49 50 43 47 45 44 52 51 58 59 56 53 54 55 60 57 64 70 69 66 68 67 63 61 65 62 77 79 78 80 72 73 74 71 76 75
 51 52 56 58 54 60 55 53 57 59 65 69 64 67 62 68 61 70 66 63 76 80 78 72 71 79 75 74 77 73 84 83 90 82 88 89 85 87 81 86  5  8  1  2 10  6  9  3  7  4 16 18 12 11 19 20 13 17 15 14 22 21 28 29 26 23 24 25 30 27 34 40 39 36 38 37 33 31 35 32 47 49 48 50 42 43 44 41 46 45
 31 32 36 38 34 40 35 33 37 39 45 49 44 47 42 48 41 50 46 43 56 60 58 52 51 59 55 54 57 53 64 63 70 62 68 69 65 67 61 66 75 78 71 72 80 76 79 73 77 74 86 88 82 81 89 90 83 87 85 84  2  1  8  9  6  3  4  5 10  7 14 20 19 16 18 17 13 11 15 12 27 29 28 30 22 23 24 21 26 25
 21 22 26 28 24 30 25 23 27 29 35 39 34 37 32 38 31 40 36 33 46 50 48 42 41 49 45 44 47 43 54 53 60 52 58 59 55 57 51 56 65 68 61 62 70 66 69 63 67 64 76 78 72 71 79 80 73 77 75 74 82 81 88 89 86 83 84 85 90 87  4 10  9  6  8  7  3  1  5  2 17 19 18 20 12 13 14 11 16 15
 72 73 77 79 75 71 76 74 78 80 86 90 85 88 83 89 82 81 87 84  7  1  9  3  2 10  6  5  8  4 15 14 11 13 19 20 16 18 12 17 26 29 22 23 21 27 30 24 28 25 37 39 33 32 40 31 34 38 36 35 43 42 49 50 47 44 45 46 41 48 55 51 60 57 59 58 54 52 56 53 68 70 69 61 63 64 65 62 67 66
  2  3  7  9  5  1  6  4  8 10 16 20 15 18 13 19 12 11 17 14 27 21 29 23 22 30 26 25 28 24 35 34 31 33 39 40 36 38 32 37 46 49 42 43 41 47 50 44 48 45 57 59 53 52 60 51 54 58 56 55 63 62 69 70 67 64 65 66 61 68 75 71 80 77 79 78 74 72 76 73 88 90 89 81 83 84 85 82 87 86
 22 23 27 29 25 21 26 24 28 30 36 40 35 38 33 39 32 31 37 34 47 41 49 43 42 50 46 45 48 44 55 54 51 53 59 60 56 58 52 57 66 69 62 63 61 67 70 64 68 65 77 79 73 72 80 71 74 78 76 75 83 82 89 90 87 84 85 86 81 88  5  1 10  7  9  8  4  2  6  3 18 20 19 11 13 14 15 12 17 16
 32 33 37 39 35 31 36 34 38 40 46 50 45 48 43 49 42 41 47 44 57 51 59 53 52 60 56 55 58 54 65 64 61 63 69 70 66 68 62 67 76 79 72 73 71 77 80 74 78 75 87 89 83 82 90 81 84 88 86 85  3  2  9 10  7  4  5  6  1  8 15 11 20 17 19 18 14 12 16 13 28 30 29 21 23 24 25 22 27 26
 12 13 17 19 15 11 16 14 18 20 26 30 25 28 23 29 22 21 27 24 37 31 39 33 32 40 36 35 38 34 45 44 41 43 49 50 46 48 42 47 56 59 52 53 51 57 60 54 58 55 67 69 63 62 70 61 64 68 66 65 73 72 79 80 77 74 75 76 71 78 85 81 90 87 89 88 84 82 86 83  8 10  9  1  3  4  5  2  7  6
 62 63 67 69 65 61 66 64 68 70 76 80 75 78 73 79 72 71 77 74 87 81 89 83 82 90 86 85 88 84  5  4  1  3  9 10  6  8  2  7 16 19 12 13 11 17 20 14 18 15 27 29 23 22 30 21 24 28 26 25 33 32 39 40 37 34 35 36 31 38 45 41 50 47 49 48 44 42 46 43 58 60 59 51 53 54 55 52 57 56
 82 83 87 89 85 81 86 84 88 90  6 10  5  8  3  9  2  1  7  4 17 11 19 13 12 20 16 15 18 14 25 24 21 23 29 30 26 28 22 27 36 39 32 33 31 37 40 34 38 35 47 49 43 42 50 41 44 48 46 45 53 52 59 60 57 54 55 56 51 58 65 61 70 67 69 68 64 62 66 63 78 80 79 71 73 74 75 72 77 76
 42 43 47 49 45 41 46 44 48 50 56 60 55 58 53 59 52 51 57 54 67 61 69 63 62 70 66 65 68 64 75 74 71 73 79 80 76 78 72 77 86 89 82 83 81 87 90 84 88 85  7  9  3  2 10  1  4  8  6  5 13 12 19 20 17 14 15 16 11 18 25 21 30 27 29 28 24 22 26 23 38 40 39 31 33 34 35 32 37 36
 52 53 57 59 55 51 56 54 58 60 66 70 65 68 63 69 62 61 67 64 77 71 79 73 72 80 76 75 78 74 85 84 81 83 89 90 86 88 82 87  6  9  2  3  1  7 10  4  8  5 17 19 13 12 20 11 14 18 16 15 23 22 29 30 27 24 25 26 21 28 35 31 40 37 39 38 34 32 36 33 48 50 49 41 43 44 45 42 47 46
 83 84 88 90 86 82 87 85 89 81  7  1  6  9  4 10  3  2  8  5 18 12 20 14 13 11 17 16 19 15 26 25 22 24 30 21 27 29 23 28 37 40 33 34 32 38 31 35 39 36 48 50 44 43 41 42 45 49 47 46 54 53 60 51 58 55 56 57 52 59 66 62 61 68 70 69 65 63 67 64 79 71 80 72 74 75 76 73 78 77
 73 74 78 80 76 72 77 75 79 71 87 81 86 89 84 90 83 82 88 85  8  2 10  4  3  1  7  6  9  5 16 15 12 14 20 11 17 19 13 18 27 30 23 24 22 28 21 25 29 26 38 40 34 33 31 32 35 39 37 36 44 43 50 41 48 45 46 47 42 49 56 52 51 58 60 59 55 53 57 54 69 61 70 62 64 65 66 63 68 67
 43 44 48 50 46 42 47 45 49 41 57 51 56 59 54 60 53 52 58 55 68 62 70 64 63 61 67 66 69 65 76 75 72 74 80 71 77 79 73 78 87 90 83 84 82 88 81 85 89 86  8 10  4  3  1  2  5  9  7  6 14 13 20 11 18 15 16 17 12 19 26 22 21 28 30 29 25 23 27 24 39 31 40 32 34 35 36 33 38 37
 53 54 58 60 56 52 57 55 59 51 67 61 66 69 64 70 63 62 68 65 78 72 80 74 73 71 77 76 79 75 86 85 82 84 90 81 87 89 83 88  7 10  3  4  2  8  1  5  9  6 18 20 14 13 11 12 15 19 17 16 24 23 30 21 28 25 26 27 22 29 36 32 31 38 40 39 35 33 37 34 49 41 50 42 44 45 46 43 48 47
 33 34 38 40 36 32 37 35 39 31 47 41 46 49 44 50 43 42 48 45 58 52 60 54 53 51 57 56 59 55 66 65 62 64 70 61 67 69 63 68 77 80 73 74 72 78 71 75 79 76 88 90 84 83 81 82 85 89 87 86  4  3 10  1  8  5  6  7  2  9 16 12 11 18 20 19 15 13 17 14 29 21 30 22 24 25 26 23 28 27
  3  4  8 10  6  2  7  5  9  1 17 11 16 19 14 20 13 12 18 15 28 22 30 24 23 21 27 26 29 25 36 35 32 34 40 31 37 39 33 38 47 50 43 44 42 48 41 45 49 46 58 60 54 53 51 52 55 59 57 56 64 63 70 61 68 65 66 67 62 69 76 72 71 78 80 79 75 73 77 74 89 81 90 82 84 85 86 83 88 87
 23 24 28 30 26 22 27 25 29 21 37 31 36 39 34 40 33 32 38 35 48 42 50 44 43 41 47 46 49 45 56 55 52 54 60 51 57 59 53 58 67 70 63 64 62 68 61 65 69 66 78 80 74 73 71 72 75 79 77 76 84 83 90 81 88 85 86 87 82 89  6  2  1  8 10  9  5  3  7  4 19 11 20 12 14 15 16 13 18 17
 63 64 68 70 66 62 67 65 69 61 77 71 76 79 74 80 73 72 78 75 88 82 90 84 83 81 87 86 89 85  6  5  2  4 10  1  7  9  3  8 17 20 13 14 12 18 11 15 19 16 28 30 24 23 21 22 25 29 27 26 34 33 40 31 38 35 36 37 32 39 46 42 41 48 50 49 45 43 47 44 59 51 60 52 54 55 56 53 58 57
 13 14 18 20 16 12 17 15 19 11 27 21 26 29 24 30 23 22 28 25 38 32 40 34 33 31 37 36 39 35 46 45 42 44 50 41 47 49 43 48 57 60 53 54 52 58 51 55 59 56 68 70 64 63 61 62 65 69 67 66 74 73 80 71 78 75 76 77 72 79 86 82 81 88 90 89 85 83 87 84  9  1 10  2  4  5  6  3  8  7
 44 45 49 41 47 43 48 46 50 42 58 52 57 60 55 51 54 53 59 56 69 63 61 65 64 62 68 67 70 66 77 76 73 75 71 72 78 80 74 79 88 81 84 85 83 89 82 86 90 87  9  1  5  4  2  3  6 10  8  7 15 14 11 12 19 16 17 18 13 20 27 23 22 29 21 30 26 24 28 25 40 32 31 33 35 36 37 34 39 38
 64 65 69 61 67 63 68 66 70 62 78 72 77 80 75 71 74 73 79 76 89 83 81 85 84 82 88 87 90 86  7  6  3  5  1  2  8 10  4  9 18 11 14 15 13 19 12 16 20 17 29 21 25 24 22 23 26 30 28 27 35 34 31 32 39 36 37 38 33 40 47 43 42 49 41 50 46 44 48 45 60 52 51 53 55 56 57 54 59 58
  4  5  9  1  7  3  8  6 10  2 18 12 17 20 15 11 14 13 19 16 29 23 21 25 24 22 28 27 30 26 37 36 33 35 31 32 38 40 34 39 48 41 44 45 43 49 42 46 50 47 59 51 55 54 52 53 56 60 58 57 65 64 61 62 69 66 67 68 63 70 77 73 72 79 71 80 76 74 78 75 90 82 81 83 85 86 87 84 89 88
 74 75 79 71 77 73 78 76 80 72 88 82 87 90 85 81 84 83 89 86  9  3  1  5  4  2  8  7 10  6 17 16 13 15 11 12 18 20 14 19 28 21 24 25 23 29 22 26 30 27 39 31 35 34 32 33 36 40 38 37 45 44 41 42 49 46 47 48 43 50 57 53 52 59 51 60 56 54 58 55 70 62 61 63 65 66 67 64 69 68
 34 35 39 31 37 33 38 36 40 32 48 42 47 50 45 41 44 43 49 46 59 53 51 55 54 52 58 57 60 56 67 66 63 65 61 62 68 70 64 69 78 71 74 75 73 79 72 76 80 77 89 81 85 84 82 83 86 90 88 87  5  4  1  2  9  6  7  8  3 10 17 13 12 19 11 20 16 14 18 15 30 22 21 23 25 26 27 24 29 28
 24 25 29 21 27 23 28 26 30 22 38 32 37 40 35 31 34 33 39 36 49 43 41 45 44 42 48 47 50 46 57 56 53 55 51 52 58 60 54 59 68 61 64 65 63 69 62 66 70 67 79 71 75 74 72 73 76 80 78 77 85 84 81 82 89 86 87 88 83 90  7  3  2  9  1 10  6  4  8  5 20 12 11 13 15 16 17 14 19 18
 54 55 59 51 57 53 58 56 60 52 68 62 67 70 65 61 64 63 69 66 79 73 71 75 74 72 78 77 80 76 87 86 83 85 81 82 88 90 84 89  8  1  4  5  3  9  2  6 10  7 19 11 15 14 12 13 16 20 18 17 25 24 21 22 29 26 27 28 23 30 37 33 32 39 31 40 36 34 38 35 50 42 41 43 45 46 47 44 49 48
 84 85 89 81 87 83 88 86 90 82  8  2  7 10  5  1  4  3  9  6 19 13 11 15 14 12 18 17 20 16 27 26 23 25 21 22 28 30 24 29 38 31 34 35 33 39 32 36 40 37 49 41 45 44 42 43 46 50 48 47 55 54 51 52 59 56 57 58 53 60 67 63 62 69 61 70 66 64 68 65 80 72 71 73 75 76 77 74 79 78
 14 15 19 11 17 13 18 16 20 12 28 22 27 30 25 21 24 23 29 26 39 33 31 35 34 32 38 37 40 36 47 46 43 45 41 42 48 50 44 49 58 51 54 55 53 59 52 56 60 57 69 61 65 64 62 63 66 70 68 67 75 74 71 72 79 76 77 78 73 80 87 83 82 89 81 90 86 84 88 85 10  2  1  3  5  6  7  4  9  8
