 32 39 36 33 38 31 34 37 40 35 48 46 49 45 43 44 50 41 42 47 53 57 58 55 52 59 51 54 60 56 63 62 70 69 66 68 61 65 64 67 72 77 74 71 76 78 79 75 80 73 87 86 81 83 85 90 84 88 89 82  5  4  1  3  6  2  7  9 10  8 20 15 18 12 14 16 19 17 13 11 26 30 21 24 22 23 29 28 25 27
 62 69 66 63 68 61 64 67 70 65 78 76 79 75 73 74 80 71 72 77 83 87 88 85 82 89 81 84 90 86  3  2 10  9  6  8  1  5  4  7 12 17 14 11 16 18 19 15 20 13 27 26 21 23 25 30 24 28 29 22 35 34 31 33 36 32 37 39 40 38 50 45 48 42 44 46 49 47 43 41 56 60 51 54 52 53 59 58 55 57
 52 59 56 53 58 51 54 57 60 55 68 66 69 65 63 64 70 61 62 67 73 77 78 75 72 79 71 74 80 76 83 82 90 89 86 88 81 85 84 87  2  7  4  1  6  8  9  5 10  3 17 16 11 13 15 20 14 18 19 12 25 24 21 23 26 22 27 29 30 28 40 35 38 32 34 36 39 37 33 31 46 50 41 44 42 43 49 48 45 47
 82 89 86 83 88 81 84 87 90 85  8  6  9  5  3  4 10  1  2  7 13 17 18 15 12 19 11 14 20 16 23 22 30 29 26 28 21 25 24 27 32 37 34 31 36 38 39 35 40 33 47 46 41 43 45 50 44 48 49 42 55 54 51 53 56 52 57 59 60 58 70 65 68 62 64 66 69 67 63 61 76 80 71 74 72 73 79 78 75 77
 12 19 16 13 18 11 14 17 20 15 28 26 29 25 23 24 30 21 22 27 33 37 38 35 32 39 31 34 40 36 43 42 50 49 46 48 41 45 44 47 52 57 54 51 56 58 59 55 60 53 67 66 61 63 65 70 64 68 69 62 75 74 71 73 76 72 77 79 80 78 90 85 88 82 84 86 89 87 83 81  6 10  1  4  2  3  9  8  5  7
  2  9  6  3  8  1  4  7 10  5 18 16 19 15 13 14 20 11 12 17 23 27 28 25 22 29 21 24 30 26 33 32 40 39 36 38 31 35 34 37 42 47 44 41 46 48 49 45 50 43 57 56 51 53 55 60 54 58 59 52 65 64 61 63 66 62 67 69 70 68 80 75 78 72 74 76 79 77 73 71 86 90 81 84 82 83 89 88 85 87
 22 29 26 23 28 21 24 27 30 25 38 36 39 35 33 34 40 31 32 37 43 47 48 45 42 49 41 44 50 46 53 52 60 59 56 58 51 55 54 57 62 67 64 61 66 68 69 65 70 63 77 76 71 73 75 80 74 78 79 72 85 84 81 83 86 82 87 89 90 88 10  5  8  2  4  6  9  7  3  1 16 20 11 14 12 13 19 18 15 17
 42 49 46 43 48 41 44 47 50 45 58 56 59 55 53 54 60 51 52 57 63 67 68 65 62 69 61 64 70 66 73 72 80 79 76 78 71 75 74 77 82 87 84 81 86 88 89 85 90 83  7  6  1  3  5 10  4  8  9  2 15 14 11 13 16 12 17 19 20 18 30 25 28 22 24 26 29 27 23 21 36 40 31 34 32 33 39 38 35 37
 72 79 76 73 78 71 74 77 80 75 88 86 89 85 83 84 90 81 82 87  3  7  8  5  2  9  1  4 10  6 13 12 20 19 16 18 11 15 14 17 22 27 24 21 26 28 29 25 30 23 37 36 31 33 35 40 34 38 39 32 45 44 41 43 46 42 47 49 50 48 60 55 58 52 54 56 59 57 53 51 66 70 61 64 62 63 69 68 65 67
 23 30 27 24 29 22 25 28 21 26 39 37 40 36 34 35 31 32 33 38 44 48 49 46 43 50 42 45 41 47 54 53 51 60 57 59 52 56 55 58 63 68 65 62 67 69 70 66 61 64 78 77 72 74 76 71 75 79 80 73 86 85 82 84 87 83 88 90 81 89  1  6  9  3  5  7 10  8  4  2 17 11 12 15 13 14 20 19 16 18
 73 80 77 74 79 72 75 78 71 76 89 87 90 86 84 85 81 82 83 88  4  8  9  6  3 10  2  5  1  7 14 13 11 20 17 19 12 16 15 18 23 28 25 22 27 29 30 26 21 24 38 37 32 34 36 31 35 39 40 33 46 45 42 44 47 43 48 50 41 49 51 56 59 53 55 57 60 58 54 52 67 61 62 65 63 64 70 69 66 68
 63 70 67 64 69 62 65 68 61 66 79 77 80 76 74 75 71 72 73 78 84 88 89 86 83 90 82 85 81 87  4  3  1 10  7  9  2  6  5  8 13 18 15 12 17 19 20 16 11 14 28 27 22 24 26 21 25 29 30 23 36 35 32 34 37 33 38 40 31 39 41 46 49 43 45 47 50 48 44 42 57 51 52 55 53 54 60 59 56 58
 13 20 17 14 19 12 15 18 11 16 29 27 30 26 24 25 21 22 23 28 34 38 39 36 33 40 32 35 31 37 44 43 41 50 47 49 42 46 45 48 53 58 55 52 57 59 60 56 51 54 68 67 62 64 66 61 65 69 70 63 76 75 72 74 77 73 78 80 71 79 81 86 89 83 85 87 90 88 84 82  7  1  2  5  3  4 10  9  6  8
 33 40 37 34 39 32 35 38 31 36 49 47 50 46 44 45 41 42 43 48 54 58 59 56 53 60 52 55 51 57 64 63 61 70 67 69 62 66 65 68 73 78 75 72 77 79 80 76 71 74 88 87 82 84 86 81 85 89 90 83  6  5  2  4  7  3  8 10  1  9 11 16 19 13 15 17 20 18 14 12 27 21 22 25 23 24 30 29 26 28
 83 90 87 84 89 82 85 88 81 86  9  7 10  6  4  5  1  2  3  8 14 18 19 16 13 20 12 15 11 17 24 23 21 30 27 29 22 26 25 28 33 38 35 32 37 39 40 36 31 34 48 47 42 44 46 41 45 49 50 43 56 55 52 54 57 53 58 60 51 59 61 66 69 63 65 67 70 68 64 62 77 71 72 75 73 74 80 79 76 78
  3 10  7  4  9  2  5  8  1  6 19 17 20 16 14 15 11 12 13 18 24 28 29 26 23 30 22 25 21 27 34 33 31 40 37 39 32 36 35 38 43 48 45 42 47 49 50 46 41 44 58 57 52 54 56 51 55 59 60 53 66 65 62 64 67 63 68 70 61 69 71 76 79 73 75 77 80 78 74 72 87 81 82 85 83 84 90 89 86 88
 43 50 47 44 49 42 45 48 41 46 59 57 60 56 54 55 51 52 53 58 64 68 69 66 63 70 62 65 61 67 74 73 71 80 77 79 72 76 75 78 83 88 85 82 87 89 90 86 81 84  8  7  2  4  6  1  5  9 10  3 16 15 12 14 17 13 18 20 11 19 21 26 29 23 25 27 30 28 24 22 37 31 32 35 33 34 40 39 36 38
 53 60 57 54 59 52 55 58 51 56 69 67 70 66 64 65 61 62 63 68 74 78 79 76 73 80 72 75 71 77 84 83 81 90 87 89 82 86 85 88  3  8  5  2  7  9 10  6  1  4 18 17 12 14 16 11 15 19 20 13 26 25 22 24 27 23 28 30 21 29 31 36 39 33 35 37 40 38 34 32 47 41 42 45 43 44 50 49 46 48
 24 21 28 25 30 23 26 29 22 27 40 38 31 37 35 36 32 33 34 39 45 49 50 47 44 41 43 46 42 48 55 54 52 51 58 60 53 57 56 59 64 69 66 63 68 70 61 67 62 65 79 78 73 75 77 72 76 80 71 74 87 86 83 85 88 84 89 81 82 90  2  7 10  4  6  8  1  9  5  3 18 12 13 16 14 15 11 20 17 19
 14 11 18 15 20 13 16 19 12 17 30 28 21 27 25 26 22 23 24 29 35 39 40 37 34 31 33 36 32 38 45 44 42 41 48 50 43 47 46 49 54 59 56 53 58 60 51 57 52 55 69 68 63 65 67 62 66 70 61 64 77 76 73 75 78 74 79 71 72 80 82 87 90 84 86 88 81 89 85 83  8  2  3  6  4  5  1 10  7  9
 84 81 88 85 90 83 86 89 82 87 10  8  1  7  5  6  2  3  4  9 15 19 20 17 14 11 13 16 12 18 25 24 22 21 28 30 23 27 26 29 34 39 36 33 38 40 31 37 32 35 49 48 43 45 47 42 46 50 41 44 57 56 53 55 58 54 59 51 52 60 62 67 70 64 66 68 61 69 65 63 78 72 73 76 74 75 71 80 77 79
 64 61 68 65 70 63 66 69 62 67 80 78 71 77 75 76 72 73 74 79 85 89 90 87 84 81 83 86 82 88  5  4  2  1  8 10  3  7  6  9 14 19 16 13 18 20 11 17 12 15 29 28 23 25 27 22 26 30 21 24 37 36 33 35 38 34 39 31 32 40 42 47 50 44 46 48 41 49 45 43 58 52 53 56 54 55 51 60 57 59
  4  1  8  5 10  3  6  9  2  7 20 18 11 17 15 16 12 13 14 19 25 29 30 27 24 21 23 26 22 28 35 34 32 31 38 40 33 37 36 39 44 49 46 43 48 50 41 47 42 45 59 58 53 55 57 52 56 60 51 54 67 66 63 65 68 64 69 61 62 70 72 77 80 74 76 78 71 79 75 73 88 82 83 86 84 85 81 90 87 89
 34 31 38 35 40 33 36 39 32 37 50 48 41 47 45 46 42 43 44 49 55 59 60 57 54 51 53 56 52 58 65 64 62 61 68 70 63 67 66 69 74 79 76 73 78 80 71 77 72 75 89 88 83 85 87 82 86 90 81 84  7  6  3  5  8  4  9  1  2 10 12 17 20 14 16 18 11 19 15 13 28 22 23 26 24 25 21 30 27 29
 74 71 78 75 80 73 76 79 72 77 90 88 81 87 85 86 82 83 84 89  5  9 10  7  4  1  3  6  2  8 15 14 12 11 18 20 13 17 16 19 24 29 26 23 28 30 21 27 22 25 39 38 33 35 37 32 36 40 31 34 47 46 43 45 48 44 49 41 42 50 52 57 60 54 56 58 51 59 55 53 68 62 63 66 64 65 61 70 67 69
 54 51 58 55 60 53 56 59 52 57 70 68 61 67 65 66 62 63 64 69 75 79 80 77 74 71 73 76 72 78 85 84 82 81 88 90 83 87 86 89  4  9  6  3  8 10  1  7  2  5 19 18 13 15 17 12 16 20 11 14 27 26 23 25 28 24 29 21 22 30 32 37 40 34 36 38 31 39 35 33 48 42 43 46 44 45 41 50 47 49
 44 41 48 45 50 43 46 49 42 47 60 58 51 57 55 56 52 53 54 59 65 69 70 67 64 61 63 66 62 68 75 74 72 71 78 80 73 77 76 79 84 89 86 83 88 90 81 87 82 85  9  8  3  5  7  2  6 10  1  4 17 16 13 15 18 14 19 11 12 20 22 27 30 24 26 28 21 29 25 23 38 32 33 36 34 35 31 40 37 39
  5  2  9  6  1  4  7 10  3  8 11 19 12 18 16 17 13 14 15 20 26 30 21 28 25 22 24 27 23 29 36 35 33 32 39 31 34 38 37 40 45 50 47 44 49 41 42 48 43 46 60 59 54 56 58 53 57 51 52 55 68 67 64 66 69 65 70 62 63 61 73 78 71 75 77 79 72 80 76 74 89 83 84 87 85 86 82 81 88 90
 55 52 59 56 51 54 57 60 53 58 61 69 62 68 66 67 63 64 65 70 76 80 71 78 75 72 74 77 73 79 86 85 83 82 89 81 84 88 87 90  5 10  7  4  9  1  2  8  3  6 20 19 14 16 18 13 17 11 12 15 28 27 24 26 29 25 30 22 23 21 33 38 31 35 37 39 32 40 36 34 49 43 44 47 45 46 42 41 48 50
 35 32 39 36 31 34 37 40 33 38 41 49 42 48 46 47 43 44 45 50 56 60 51 58 55 52 54 57 53 59 66 65 63 62 69 61 64 68 67 70 75 80 77 74 79 71 72 78 73 76 90 89 84 86 88 83 87 81 82 85  8  7  4  6  9  5 10  2  3  1 13 18 11 15 17 19 12 20 16 14 29 23 24 27 25 26 22 21 28 30
 75 72 79 76 71 74 77 80 73 78 81 89 82 88 86 87 83 84 85 90  6 10  1  8  5  2  4  7  3  9 16 15 13 12 19 11 14 18 17 20 25 30 27 24 29 21 22 28 23 26 40 39 34 36 38 33 37 31 32 35 48 47 44 46 49 45 50 42 43 41 53 58 51 55 57 59 52 60 56 54 69 63 64 67 65 66 62 61 68 70
 15 12 19 16 11 14 17 20 13 18 21 29 22 28 26 27 23 24 25 30 36 40 31 38 35 32 34 37 33 39 46 45 43 42 49 41 44 48 47 50 55 60 57 54 59 51 52 58 53 56 70 69 64 66 68 63 67 61 62 65 78 77 74 76 79 75 80 72 73 71 83 88 81 85 87 89 82 90 86 84  9  3  4  7  5  6  2  1  8 10
 65 62 69 66 61 64 67 70 63 68 71 79 72 78 76 77 73 74 75 80 86 90 81 88 85 82 84 87 83 89  6  5  3  2  9  1  4  8  7 10 15 20 17 14 19 11 12 18 13 16 30 29 24 26 28 23 27 21 22 25 38 37 34 36 39 35 40 32 33 31 43 48 41 45 47 49 42 50 46 44 59 53 54 57 55 56 52 51 58 60
 85 82 89 86 81 84 87 90 83 88  1  9  2  8  6  7  3  4  5 10 16 20 11 18 15 12 14 17 13 19 26 25 23 22 29 21 24 28 27 30 35 40 37 34 39 31 32 38 33 36 50 49 44 46 48 43 47 41 42 45 58 57 54 56 59 55 60 52 53 51 63 68 61 65 67 69 62 70 66 64 79 73 74 77 75 76 72 71 78 80
 25 22 29 26 21 24 27 30 23 28 31 39 32 38 36 37 33 34 35 40 46 50 41 48 45 42 44 47 43 49 56 55 53 52 59 51 54 58 57 60 65 70 67 64 69 61 62 68 63 66 80 79 74 76 78 73 77 71 72 75 88 87 84 86 89 85 90 82 83 81  3  8  1  5  7  9  2 10  6  4 19 13 14 17 15 16 12 11 18 20
 45 42 49 46 41 44 47 50 43 48 51 59 52 58 56 57 53 54 55 60 66 70 61 68 65 62 64 67 63 69 76 75 73 72 79 71 74 78 77 80 85 90 87 84 89 81 82 88 83 86 10  9  4  6  8  3  7  1  2  5 18 17 14 16 19 15 20 12 13 11 23 28 21 25 27 29 22 30 26 24 39 33 34 37 35 36 32 31 38 40
 26 23 30 27 22 25 28 21 24 29 32 40 33 39 37 38 34 35 36 31 47 41 42 49 46 43 45 48 44 50 57 56 54 53 60 52 55 59 58 51 66 61 68 65 70 62 63 69 64 67 71 80 75 77 79 74 78 72 73 76 89 88 85 87 90 86 81 83 84 82  4  9  2  6  8 10  3  1  7  5 20 14 15 18 16 17 13 12 19 11
 56 53 60 57 52 55 58 51 54 59 62 70 63 69 67 68 64 65 66 61 77 71 72 79 76 73 75 78 74 80 87 86 84 83 90 82 85 89 88 81  6  1  8  5 10  2  3  9  4  7 11 20 15 17 19 14 18 12 13 16 29 28 25 27 30 26 21 23 24 22 34 39 32 36 38 40 33 31 37 35 50 44 45 48 46 47 43 42 49 41
 46 43 50 47 42 45 48 41 44 49 52 60 53 59 57 58 54 55 56 51 67 61 62 69 66 63 65 68 64 70 77 76 74 73 80 72 75 79 78 71 86 81 88 85 90 82 83 89 84 87  1 10  5  7  9  4  8  2  3  6 19 18 15 17 20 16 11 13 14 12 24 29 22 26 28 30 23 21 27 25 40 34 35 38 36 37 33 32 39 31
 36 33 40 37 32 35 38 31 34 39 42 50 43 49 47 48 44 45 46 41 57 51 52 59 56 53 55 58 54 60 67 66 64 63 70 62 65 69 68 61 76 71 78 75 80 72 73 79 74 77 81 90 85 87 89 84 88 82 83 86  9  8  5  7 10  6  1  3  4  2 14 19 12 16 18 20 13 11 17 15 30 24 25 28 26 27 23 22 29 21
  6  3 10  7  2  5  8  1  4  9 12 20 13 19 17 18 14 15 16 11 27 21 22 29 26 23 25 28 24 30 37 36 34 33 40 32 35 39 38 31 46 41 48 45 50 42 43 49 44 47 51 60 55 57 59 54 58 52 53 56 69 68 65 67 70 66 61 63 64 62 74 79 72 76 78 80 73 71 77 75 90 84 85 88 86 87 83 82 89 81
 76 73 80 77 72 75 78 71 74 79 82 90 83 89 87 88 84 85 86 81  7  1  2  9  6  3  5  8  4 10 17 16 14 13 20 12 15 19 18 11 26 21 28 25 30 22 23 29 24 27 31 40 35 37 39 34 38 32 33 36 49 48 45 47 50 46 41 43 44 42 54 59 52 56 58 60 53 51 57 55 70 64 65 68 66 67 63 62 69 61
 66 63 70 67 62 65 68 61 64 69 72 80 73 79 77 78 74 75 76 71 87 81 82 89 86 83 85 88 84 90  7  6  4  3 10  2  5  9  8  1 16 11 18 15 20 12 13 19 14 17 21 30 25 27 29 24 28 22 23 26 39 38 35 37 40 36 31 33 34 32 44 49 42 46 48 50 43 41 47 45 60 54 55 58 56 57 53 52 59 51
 16 13 20 17 12 15 18 11 14 19 22 30 23 29 27 28 24 25 26 21 37 31 32 39 36 33 35 38 34 40 47 46 44 43 50 42 45 49 48 41 56 51 58 55 60 52 53 59 54 57 61 70 65 67 69 64 68 62 63 66 79 78 75 77 80 76 71 73 74 72 84 89 82 86 88 90 83 81 87 85 10  4  5  8  6  7  3  2  9  1
 86 83 90 87 82 85 88 81 84 89  2 10  3  9  7  8  4  5  6  1 17 11 12 19 16 13 15 18 14 20 27 26 24 23 30 22 25 29 28 21 36 31 38 35 40 32 33 39 34 37 41 50 45 47 49 44 48 42 43 46 59 58 55 57 60 56 51 53 54 52 64 69 62 66 68 70 63 61 67 65 80 74 75 78 76 77 73 72 79 71
 27 24 21 28 23 26 29 22 25 30 33 31 34 40 38 39 35 36 37 32 48 42 43 50 47 44 46 49 45 41 58 57 55 54 51 53 56 60 59 52 67 62 69 66 61 63 64 70 65 68 72 71 76 78 80 75 79 73 74 77 90 89 86 88 81 87 82 84 85 83  5 10  3  7  9  1  4  2  8  6 11 15 16 19 17 18 14 13 20 12
  7  4  1  8  3  6  9  2  5 10 13 11 14 20 18 19 15 16 17 12 28 22 23 30 27 24 26 29 25 21 38 37 35 34 31 33 36 40 39 32 47 42 49 46 41 43 44 50 45 48 52 51 56 58 60 55 59 53 54 57 70 69 66 68 61 67 62 64 65 63 75 80 73 77 79 71 74 72 78 76 81 85 86 89 87 88 84 83 90 82
 87 84 81 88 83 86 89 82 85 90  3  1  4 10  8  9  5  6  7  2 18 12 13 20 17 14 16 19 15 11 28 27 25 24 21 23 26 30 29 22 37 32 39 36 31 33 34 40 35 38 42 41 46 48 50 45 49 43 44 47 60 59 56 58 51 57 52 54 55 53 65 70 63 67 69 61 64 62 68 66 71 75 76 79 77 78 74 73 80 72
 67 64 61 68 63 66 69 62 65 70 73 71 74 80 78 79 75 76 77 72 88 82 83 90 87 84 86 89 85 81  8  7  5  4  1  3  6 10  9  2 17 12 19 16 11 13 14 20 15 18 22 21 26 28 30 25 29 23 24 27 40 39 36 38 31 37 32 34 35 33 45 50 43 47 49 41 44 42 48 46 51 55 56 59 57 58 54 53 60 52
 37 34 31 38 33 36 39 32 35 40 43 41 44 50 48 49 45 46 47 42 58 52 53 60 57 54 56 59 55 51 68 67 65 64 61 63 66 70 69 62 77 72 79 76 71 73 74 80 75 78 82 81 86 88 90 85 89 83 84 87 10  9  6  8  1  7  2  4  5  3 15 20 13 17 19 11 14 12 18 16 21 25 26 29 27 28 24 23 30 22
 77 74 71 78 73 76 79 72 75 80 83 81 84 90 88 89 85 86 87 82  8  2  3 10  7  4  6  9  5  1 18 17 15 14 11 13 16 20 19 12 27 22 29 26 21 23 24 30 25 28 32 31 36 38 40 35 39 33 34 37 50 49 46 48 41 47 42 44 45 43 55 60 53 57 59 51 54 52 58 56 61 65 66 69 67 68 64 63 70 62
 57 54 51 58 53 56 59 52 55 60 63 61 64 70 68 69 65 66 67 62 78 72 73 80 77 74 76 79 75 71 88 87 85 84 81 83 86 90 89 82  7  2  9  6  1  3  4 10  5  8 12 11 16 18 20 15 19 13 14 17 30 29 26 28 21 27 22 24 25 23 35 40 33 37 39 31 34 32 38 36 41 45 46 49 47 48 44 43 50 42
 47 44 41 48 43 46 49 42 45 50 53 51 54 60 58 59 55 56 57 52 68 62 63 70 67 64 66 69 65 61 78 77 75 74 71 73 76 80 79 72 87 82 89 86 81 83 84 90 85 88  2  1  6  8 10  5  9  3  4  7 20 19 16 18 11 17 12 14 15 13 25 30 23 27 29 21 24 22 28 26 31 35 36 39 37 38 34 33 40 32
 17 14 11 18 13 16 19 12 15 20 23 21 24 30 28 29 25 26 27 22 38 32 33 40 37 34 36 39 35 31 48 47 45 44 41 43 46 50 49 42 57 52 59 56 51 53 54 60 55 58 62 61 66 68 70 65 69 63 64 67 80 79 76 78 71 77 72 74 75 73 85 90 83 87 89 81 84 82 88 86  1  5  6  9  7  8  4  3 10  2
 58 55 52 59 54 57 60 53 56 51 64 62 65 61 69 70 66 67 68 63 79 73 74 71 78 75 77 80 76 72 89 88 86 85 82 84 87 81 90 83  8  3 10  7  2  4  5  1  6  9 13 12 17 19 11 16 20 14 15 18 21 30 27 29 22 28 23 25 26 24 36 31 34 38 40 32 35 33 39 37 42 46 47 50 48 49 45 44 41 43
 88 85 82 89 84 87 90 83 86 81  4  2  5  1  9 10  6  7  8  3 19 13 14 11 18 15 17 20 16 12 29 28 26 25 22 24 27 21 30 23 38 33 40 37 32 34 35 31 36 39 43 42 47 49 41 46 50 44 45 48 51 60 57 59 52 58 53 55 56 54 66 61 64 68 70 62 65 63 69 67 72 76 77 80 78 79 75 74 71 73
 18 15 12 19 14 17 20 13 16 11 24 22 25 21 29 30 26 27 28 23 39 33 34 31 38 35 37 40 36 32 49 48 46 45 42 44 47 41 50 43 58 53 60 57 52 54 55 51 56 59 63 62 67 69 61 66 70 64 65 68 71 80 77 79 72 78 73 75 76 74 86 81 84 88 90 82 85 83 89 87  2  6  7 10  8  9  5  4  1  3
 38 35 32 39 34 37 40 33 36 31 44 42 45 41 49 50 46 47 48 43 59 53 54 51 58 55 57 60 56 52 69 68 66 65 62 64 67 61 70 63 78 73 80 77 72 74 75 71 76 79 83 82 87 89 81 86 90 84 85 88  1 10  7  9  2  8  3  5  6  4 16 11 14 18 20 12 15 13 19 17 22 26 27 30 28 29 25 24 21 23
 78 75 72 79 74 77 80 73 76 71 84 82 85 81 89 90 86 87 88 83  9  3  4  1  8  5  7 10  6  2 19 18 16 15 12 14 17 11 20 13 28 23 30 27 22 24 25 21 26 29 33 32 37 39 31 36 40 34 35 38 41 50 47 49 42 48 43 45 46 44 56 51 54 58 60 52 55 53 59 57 62 66 67 70 68 69 65 64 61 63
 28 25 22 29 24 27 30 23 26 21 34 32 35 31 39 40 36 37 38 33 49 43 44 41 48 45 47 50 46 42 59 58 56 55 52 54 57 51 60 53 68 63 70 67 62 64 65 61 66 69 73 72 77 79 71 76 80 74 75 78 81 90 87 89 82 88 83 85 86 84  6  1  4  8 10  2  5  3  9  7 12 16 17 20 18 19 15 14 11 13
 68 65 62 69 64 67 70 63 66 61 74 72 75 71 79 80 76 77 78 73 89 83 84 81 88 85 87 90 86 82  9  8  6  5  2  4  7  1 10  3 18 13 20 17 12 14 15 11 16 19 23 22 27 29 21 26 30 24 25 28 31 40 37 39 32 38 33 35 36 34 46 41 44 48 50 42 45 43 49 47 52 56 57 60 58 59 55 54 51 53
  8  5  2  9  4  7 10  3  6  1 14 12 15 11 19 20 16 17 18 13 29 23 24 21 28 25 27 30 26 22 39 38 36 35 32 34 37 31 40 33 48 43 50 47 42 44 45 41 46 49 53 52 57 59 51 56 60 54 55 58 61 70 67 69 62 68 63 65 66 64 76 71 74 78 80 72 75 73 79 77 82 86 87 90 88 89 85 84 81 83
 48 45 42 49 44 47 50 43 46 41 54 52 55 51 59 60 56 57 58 53 69 63 64 61 68 65 67 70 66 62 79 78 76 75 72 74 77 71 80 73 88 83 90 87 82 84 85 81 86 89  3  2  7  9  1  6 10  4  5  8 11 20 17 19 12 18 13 15 16 14 26 21 24 28 30 22 25 23 29 27 32 36 37 40 38 39 35 34 31 33
 79 76 73 80 75 78 71 74 77 72 85 83 86 82 90 81 87 88 89 84 10  4  5  2  9  6  8  1  7  3 20 19 17 16 13 15 18 12 11 14 29 24 21 28 23 25 26 22 27 30 34 33 38 40 32 37 31 35 36 39 42 41 48 50 43 49 44 46 47 45 57 52 55 59 51 53 56 54 60 58 63 67 68 61 69 70 66 65 62 64
 29 26 23 30 25 28 21 24 27 22 35 33 36 32 40 31 37 38 39 34 50 44 45 42 49 46 48 41 47 43 60 59 57 56 53 55 58 52 51 54 69 64 61 68 63 65 66 62 67 70 74 73 78 80 72 77 71 75 76 79 82 81 88 90 83 89 84 86 87 85  7  2  5  9  1  3  6  4 10  8 13 17 18 11 19 20 16 15 12 14
 19 16 13 20 15 18 11 14 17 12 25 23 26 22 30 21 27 28 29 24 40 34 35 32 39 36 38 31 37 33 50 49 47 46 43 45 48 42 41 44 59 54 51 58 53 55 56 52 57 60 64 63 68 70 62 67 61 65 66 69 72 71 78 80 73 79 74 76 77 75 87 82 85 89 81 83 86 84 90 88  3  7  8  1  9 10  6  5  2  4
 89 86 83 90 85 88 81 84 87 82  5  3  6  2 10  1  7  8  9  4 20 14 15 12 19 16 18 11 17 13 30 29 27 26 23 25 28 22 21 24 39 34 31 38 33 35 36 32 37 40 44 43 48 50 42 47 41 45 46 49 52 51 58 60 53 59 54 56 57 55 67 62 65 69 61 63 66 64 70 68 73 77 78 71 79 80 76 75 72 74
 59 56 53 60 55 58 51 54 57 52 65 63 66 62 70 61 67 68 69 64 80 74 75 72 79 76 78 71 77 73 90 89 87 86 83 85 88 82 81 84  9  4  1  8  3  5  6  2  7 10 14 13 18 20 12 17 11 15 16 19 22 21 28 30 23 29 24 26 27 25 37 32 35 39 31 33 36 34 40 38 43 47 48 41 49 50 46 45 42 44
 39 36 33 40 35 38 31 34 37 32 45 43 46 42 50 41 47 48 49 44 60 54 55 52 59 56 58 51 57 53 70 69 67 66 63 65 68 62 61 64 79 74 71 78 73 75 76 72 77 80 84 83 88 90 82 87 81 85 86 89  2  1  8 10  3  9  4  6  7  5 17 12 15 19 11 13 16 14 20 18 23 27 28 21 29 30 26 25 22 24
 49 46 43 50 45 48 41 44 47 42 55 53 56 52 60 51 57 58 59 54 70 64 65 62 69 66 68 61 67 63 80 79 77 76 73 75 78 72 71 74 89 84 81 88 83 85 86 82 87 90  4  3  8 10  2  7  1  5  6  9 12 11 18 20 13 19 14 16 17 15 27 22 25 29 21 23 26 24 30 28 33 37 38 31 39 40 36 35 32 34
 69 66 63 70 65 68 61 64 67 62 75 73 76 72 80 71 77 78 79 74 90 84 85 82 89 86 88 81 87 83 10  9  7  6  3  5  8  2  1  4 19 14 11 18 13 15 16 12 17 20 24 23 28 30 22 27 21 25 26 29 32 31 38 40 33 39 34 36 37 35 47 42 45 49 41 43 46 44 50 48 53 57 58 51 59 60 56 55 52 54
  9  6  3 10  5  8  1  4  7  2 15 13 16 12 20 11 17 18 19 14 30 24 25 22 29 26 28 21 27 23 40 39 37 36 33 35 38 32 31 34 49 44 41 48 43 45 46 42 47 50 54 53 58 60 52 57 51 55 56 59 62 61 68 70 63 69 64 66 67 65 77 72 75 79 71 73 76 74 80 78 83 87 88 81 89 90 86 85 82 84
 50 47 44 41 46 49 42 45 48 43 56 54 57 53 51 52 58 59 60 55 61 65 66 63 70 67 69 62 68 64 71 80 78 77 74 76 79 73 72 75 90 85 82 89 84 86 87 83 88 81  5  4  9  1  3  8  2  6  7 10 13 12 19 11 14 20 15 17 18 16 28 23 26 30 22 24 27 25 21 29 34 38 39 32 40 31 37 36 33 35
 60 57 54 51 56 59 52 55 58 53 66 64 67 63 61 62 68 69 70 65 71 75 76 73 80 77 79 72 78 74 81 90 88 87 84 86 89 83 82 85 10  5  2  9  4  6  7  3  8  1 15 14 19 11 13 18 12 16 17 20 23 22 29 21 24 30 25 27 28 26 38 33 36 40 32 34 37 35 31 39 44 48 49 42 50 41 47 46 43 45
 30 27 24 21 26 29 22 25 28 23 36 34 37 33 31 32 38 39 40 35 41 45 46 43 50 47 49 42 48 44 51 60 58 57 54 56 59 53 52 55 70 65 62 69 64 66 67 63 68 61 75 74 79 71 73 78 72 76 77 80 83 82 89 81 84 90 85 87 88 86  8  3  6 10  2  4  7  5  1  9 14 18 19 12 20 11 17 16 13 15
 20 17 14 11 16 19 12 15 18 13 26 24 27 23 21 22 28 29 30 25 31 35 36 33 40 37 39 32 38 34 41 50 48 47 44 46 49 43 42 45 60 55 52 59 54 56 57 53 58 51 65 64 69 61 63 68 62 66 67 70 73 72 79 71 74 80 75 77 78 76 88 83 86 90 82 84 87 85 81 89  4  8  9  2 10  1  7  6  3  5
 40 37 34 31 36 39 32 35 38 33 46 44 47 43 41 42 48 49 50 45 51 55 56 53 60 57 59 52 58 54 61 70 68 67 64 66 69 63 62 65 80 75 72 79 74 76 77 73 78 71 85 84 89 81 83 88 82 86 87 90  3  2  9  1  4 10  5  7  8  6 18 13 16 20 12 14 17 15 11 19 24 28 29 22 30 21 27 26 23 25
 70 67 64 61 66 69 62 65 68 63 76 74 77 73 71 72 78 79 80 75 81 85 86 83 90 87 89 82 88 84  1 10  8  7  4  6  9  3  2  5 20 15 12 19 14 16 17 13 18 11 25 24 29 21 23 28 22 26 27 30 33 32 39 31 34 40 35 37 38 36 48 43 46 50 42 44 47 45 41 49 54 58 59 52 60 51 57 56 53 55
 80 77 74 71 76 79 72 75 78 73 86 84 87 83 81 82 88 89 90 85  1  5  6  3 10  7  9  2  8  4 11 20 18 17 14 16 19 13 12 15 30 25 22 29 24 26 27 23 28 21 35 34 39 31 33 38 32 36 37 40 43 42 49 41 44 50 45 47 48 46 58 53 56 60 52 54 57 55 51 59 64 68 69 62 70 61 67 66 63 65
 10  7  4  1  6  9  2  5  8  3 16 14 17 13 11 12 18 19 20 15 21 25 26 23 30 27 29 22 28 24 31 40 38 37 34 36 39 33 32 35 50 45 42 49 44 46 47 43 48 41 55 54 59 51 53 58 52 56 57 60 63 62 69 61 64 70 65 67 68 66 78 73 76 80 72 74 77 75 71 79 84 88 89 82 90 81 87 86 83 85
 90 87 84 81 86 89 82 85 88 83  6  4  7  3  1  2  8  9 10  5 11 15 16 13 20 17 19 12 18 14 21 30 28 27 24 26 29 23 22 25 40 35 32 39 34 36 37 33 38 31 45 44 49 41 43 48 42 46 47 50 53 52 59 51 54 60 55 57 58 56 68 63 66 70 62 64 67 65 61 69 74 78 79 72 80 71 77 76 73 75
 81 88 85 82 87 90 83 86 89 84  7  5  8  4  2  3  9 10  1  6 12 16 17 14 11 18 20 13 19 15 22 21 29 28 25 27 30 24 23 26 31 36 33 40 35 37 38 34 39 32 46 45 50 42 44 49 43 47 48 41 54 53 60 52 55 51 56 58 59 57 69 64 67 61 63 65 68 66 62 70 75 79 80 73 71 72 78 77 74 76
 71 78 75 72 77 80 73 76 79 74 87 85 88 84 82 83 89 90 81 86  2  6  7  4  1  8 10  3  9  5 12 11 19 18 15 17 20 14 13 16 21 26 23 30 25 27 28 24 29 22 36 35 40 32 34 39 33 37 38 31 44 43 50 42 45 41 46 48 49 47 59 54 57 51 53 55 58 56 52 60 65 69 70 63 61 62 68 67 64 66
 21 28 25 22 27 30 23 26 29 24 37 35 38 34 32 33 39 40 31 36 42 46 47 44 41 48 50 43 49 45 52 51 59 58 55 57 60 54 53 56 61 66 63 70 65 67 68 64 69 62 76 75 80 72 74 79 73 77 78 71 84 83 90 82 85 81 86 88 89 87  9  4  7  1  3  5  8  6  2 10 15 19 20 13 11 12 18 17 14 16
 51 58 55 52 57 60 53 56 59 54 67 65 68 64 62 63 69 70 61 66 72 76 77 74 71 78 80 73 79 75 82 81 89 88 85 87 90 84 83 86  1  6  3 10  5  7  8  4  9  2 16 15 20 12 14 19 13 17 18 11 24 23 30 22 25 21 26 28 29 27 39 34 37 31 33 35 38 36 32 40 45 49 50 43 41 42 48 47 44 46
 61 68 65 62 67 70 63 66 69 64 77 75 78 74 72 73 79 80 71 76 82 86 87 84 81 88 90 83 89 85  2  1  9  8  5  7 10  4  3  6 11 16 13 20 15 17 18 14 19 12 26 25 30 22 24 29 23 27 28 21 34 33 40 32 35 31 36 38 39 37 49 44 47 41 43 45 48 46 42 50 55 59 60 53 51 52 58 57 54 56
 11 18 15 12 17 20 13 16 19 14 27 25 28 24 22 23 29 30 21 26 32 36 37 34 31 38 40 33 39 35 42 41 49 48 45 47 50 44 43 46 51 56 53 60 55 57 58 54 59 52 66 65 70 62 64 69 63 67 68 61 74 73 80 72 75 71 76 78 79 77 89 84 87 81 83 85 88 86 82 90  5  9 10  3  1  2  8  7  4  6
 31 38 35 32 37 40 33 36 39 34 47 45 48 44 42 43 49 50 41 46 52 56 57 54 51 58 60 53 59 55 62 61 69 68 65 67 70 64 63 66 71 76 73 80 75 77 78 74 79 72 86 85 90 82 84 89 83 87 88 81  4  3 10  2  5  1  6  8  9  7 19 14 17 11 13 15 18 16 12 20 25 29 30 23 21 22 28 27 24 26
 41 48 45 42 47 50 43 46 49 44 57 55 58 54 52 53 59 60 51 56 62 66 67 64 61 68 70 63 69 65 72 71 79 78 75 77 80 74 73 76 81 86 83 90 85 87 88 84 89 82  6  5 10  2  4  9  3  7  8  1 14 13 20 12 15 11 16 18 19 17 29 24 27 21 23 25 28 26 22 30 35 39 40 33 31 32 38 37 34 36
  1  8  5  2  7 10  3  6  9  4 17 15 18 14 12 13 19 20 11 16 22 26 27 24 21 28 30 23 29 25 32 31 39 38 35 37 40 34 33 36 41 46 43 50 45 47 48 44 49 42 56 55 60 52 54 59 53 57 58 51 64 63 70 62 65 61 66 68 69 67 79 74 77 71 73 75 78 76 72 80 85 89 90 83 81 82 88 87 84 86
