 40 38 37 32 39 33 36 35 31 34 50 41 47 46 45 43 44 42 48 49 51 57 58 60 52 53 56 55 59 54 68 65 64 62 70 61 67 66 69 63 80 75 79 76 78 77 73 72 74 71 86 85 89 84 87 83 88 81 90 82  8  2  6 10  7  1  5  4  9  3 15 12 11 16 13 18 20 14 17 19 23 24 25 22 29 21 26 28 30 27
 50 48 47 42 49 43 46 45 41 44 60 51 57 56 55 53 54 52 58 59 61 67 68 70 62 63 66 65 69 64 78 75 74 72 80 71 77 76 79 73 90 85 89 86 88 87 83 82 84 81  6  5  9  4  7  3  8  1 10  2 18 12 16 20 17 11 15 14 19 13 25 22 21 26 23 28 30 24 27 29 33 34 35 32 39 31 36 38 40 37
 30 28 27 22 29 23 26 25 21 24 40 31 37 36 35 33 34 32 38 39 41 47 48 50 42 43 46 45 49 44 58 55 54 52 60 51 57 56 59 53 70 65 69 66 68 67 63 62 64 61 76 75 79 74 77 73 78 71 80 72 88 82 86 90 87 81 85 84 89 83  5  2  1  6  3  8 10  4  7  9 13 14 15 12 19 11 16 18 20 17
 10  8  7  2  9  3  6  5  1  4 20 11 17 16 15 13 14 12 18 19 21 27 28 30 22 23 26 25 29 24 38 35 34 32 40 31 37 36 39 33 50 45 49 46 48 47 43 42 44 41 56 55 59 54 57 53 58 51 60 52 68 62 66 70 67 61 65 64 69 63 75 72 71 76 73 78 80 74 77 79 83 84 85 82 89 81 86 88 90 87
 20 18 17 12 19 13 16 15 11 14 30 21 27 26 25 23 24 22 28 29 31 37 38 40 32 33 36 35 39 34 48 45 44 42 50 41 47 46 49 43 60 55 59 56 58 57 53 52 54 51 66 65 69 64 67 63 68 61 70 62 78 72 76 80 77 71 75 74 79 73 85 82 81 86 83 88 90 84 87 89  3  4  5  2  9  1  6  8 10  7
 60 58 57 52 59 53 56 55 51 54 70 61 67 66 65 63 64 62 68 69 71 77 78 80 72 73 76 75 79 74 88 85 84 82 90 81 87 86 89 83 10  5  9  6  8  7  3  2  4  1 16 15 19 14 17 13 18 11 20 12 28 22 26 30 27 21 25 24 29 23 35 32 31 36 33 38 40 34 37 39 43 44 45 42 49 41 46 48 50 47
 80 78 77 72 79 73 76 75 71 74 90 81 87 86 85 83 84 82 88 89  1  7  8 10  2  3  6  5  9  4 18 15 14 12 20 11 17 16 19 13 30 25 29 26 28 27 23 22 24 21 36 35 39 34 37 33 38 31 40 32 48 42 46 50 47 41 45 44 49 43 55 52 51 56 53 58 60 54 57 59 63 64 65 62 69 61 66 68 70 67
 90 88 87 82 89 83 86 85 81 84 10  1  7  6  5  3  4  2  8  9 11 17 18 20 12 13 16 15 19 14 28 25 24 22 30 21 27 26 29 23 40 35 39 36 38 37 33 32 34 31 46 45 49 44 47 43 48 41 50 42 58 52 56 60 57 51 55 54 59 53 65 62 61 66 63 68 70 64 67 69 73 74 75 72 79 71 76 78 80 77
 70 68 67 62 69 63 66 65 61 64 80 71 77 76 75 73 74 72 78 79 81 87 88 90 82 83 86 85 89 84  8  5  4  2 10  1  7  6  9  3 20 15 19 16 18 17 13 12 14 11 26 25 29 24 27 23 28 21 30 22 38 32 36 40 37 31 35 34 39 33 45 42 41 46 43 48 50 44 47 49 53 54 55 52 59 51 56 58 60 57
 51 59 58 53 60 54 57 56 52 55 61 62 68 67 66 64 65 63 69 70 72 78 79 71 73 74 77 76 80 75 89 86 85 83 81 82 88 87 90 84  1  6 10  7  9  8  4  3  5  2 17 16 20 15 18 14 19 12 11 13 29 23 27 21 28 22 26 25 30 24 36 33 32 37 34 39 31 35 38 40 44 45 46 43 50 42 47 49 41 48
 81 89 88 83 90 84 87 86 82 85  1  2  8  7  6  4  5  3  9 10 12 18 19 11 13 14 17 16 20 15 29 26 25 23 21 22 28 27 30 24 31 36 40 37 39 38 34 33 35 32 47 46 50 45 48 44 49 42 41 43 59 53 57 51 58 52 56 55 60 54 66 63 62 67 64 69 61 65 68 70 74 75 76 73 80 72 77 79 71 78
 31 39 38 33 40 34 37 36 32 35 41 42 48 47 46 44 45 43 49 50 52 58 59 51 53 54 57 56 60 55 69 66 65 63 61 62 68 67 70 64 71 76 80 77 79 78 74 73 75 72 87 86 90 85 88 84 89 82 81 83  9  3  7  1  8  2  6  5 10  4 16 13 12 17 14 19 11 15 18 20 24 25 26 23 30 22 27 29 21 28
 71 79 78 73 80 74 77 76 72 75 81 82 88 87 86 84 85 83 89 90  2  8  9  1  3  4  7  6 10  5 19 16 15 13 11 12 18 17 20 14 21 26 30 27 29 28 24 23 25 22 37 36 40 35 38 34 39 32 31 33 49 43 47 41 48 42 46 45 50 44 56 53 52 57 54 59 51 55 58 60 64 65 66 63 70 62 67 69 61 68
 11 19 18 13 20 14 17 16 12 15 21 22 28 27 26 24 25 23 29 30 32 38 39 31 33 34 37 36 40 35 49 46 45 43 41 42 48 47 50 44 51 56 60 57 59 58 54 53 55 52 67 66 70 65 68 64 69 62 61 63 79 73 77 71 78 72 76 75 80 74 86 83 82 87 84 89 81 85 88 90  4  5  6  3 10  2  7  9  1  8
 41 49 48 43 50 44 47 46 42 45 51 52 58 57 56 54 55 53 59 60 62 68 69 61 63 64 67 66 70 65 79 76 75 73 71 72 78 77 80 74 81 86 90 87 89 88 84 83 85 82  7  6 10  5  8  4  9  2  1  3 19 13 17 11 18 12 16 15 20 14 26 23 22 27 24 29 21 25 28 30 34 35 36 33 40 32 37 39 31 38
 21 29 28 23 30 24 27 26 22 25 31 32 38 37 36 34 35 33 39 40 42 48 49 41 43 44 47 46 50 45 59 56 55 53 51 52 58 57 60 54 61 66 70 67 69 68 64 63 65 62 77 76 80 75 78 74 79 72 71 73 89 83 87 81 88 82 86 85 90 84  6  3  2  7  4  9  1  5  8 10 14 15 16 13 20 12 17 19 11 18
 61 69 68 63 70 64 67 66 62 65 71 72 78 77 76 74 75 73 79 80 82 88 89 81 83 84 87 86 90 85  9  6  5  3  1  2  8  7 10  4 11 16 20 17 19 18 14 13 15 12 27 26 30 25 28 24 29 22 21 23 39 33 37 31 38 32 36 35 40 34 46 43 42 47 44 49 41 45 48 50 54 55 56 53 60 52 57 59 51 58
  1  9  8  3 10  4  7  6  2  5 11 12 18 17 16 14 15 13 19 20 22 28 29 21 23 24 27 26 30 25 39 36 35 33 31 32 38 37 40 34 41 46 50 47 49 48 44 43 45 42 57 56 60 55 58 54 59 52 51 53 69 63 67 61 68 62 66 65 70 64 76 73 72 77 74 79 71 75 78 80 84 85 86 83 90 82 87 89 81 88
 42 50 49 44 41 45 48 47 43 46 52 53 59 58 57 55 56 54 60 51 63 69 70 62 64 65 68 67 61 66 80 77 76 74 72 73 79 78 71 75 82 87 81 88 90 89 85 84 86 83  8  7  1  6  9  5 10  3  2  4 20 14 18 12 19 13 17 16 11 15 27 24 23 28 25 30 22 26 29 21 35 36 37 34 31 33 38 40 32 39
 12 20 19 14 11 15 18 17 13 16 22 23 29 28 27 25 26 24 30 21 33 39 40 32 34 35 38 37 31 36 50 47 46 44 42 43 49 48 41 45 52 57 51 58 60 59 55 54 56 53 68 67 61 66 69 65 70 63 62 64 80 74 78 72 79 73 77 76 71 75 87 84 83 88 85 90 82 86 89 81  5  6  7  4  1  3  8 10  2  9
 22 30 29 24 21 25 28 27 23 26 32 33 39 38 37 35 36 34 40 31 43 49 50 42 44 45 48 47 41 46 60 57 56 54 52 53 59 58 51 55 62 67 61 68 70 69 65 64 66 63 78 77 71 76 79 75 80 73 72 74 90 84 88 82 89 83 87 86 81 85  7  4  3  8  5 10  2  6  9  1 15 16 17 14 11 13 18 20 12 19
  2 10  9  4  1  5  8  7  3  6 12 13 19 18 17 15 16 14 20 11 23 29 30 22 24 25 28 27 21 26 40 37 36 34 32 33 39 38 31 35 42 47 41 48 50 49 45 44 46 43 58 57 51 56 59 55 60 53 52 54 70 64 68 62 69 63 67 66 61 65 77 74 73 78 75 80 72 76 79 71 85 86 87 84 81 83 88 90 82 89
 82 90 89 84 81 85 88 87 83 86  2  3  9  8  7  5  6  4 10  1 13 19 20 12 14 15 18 17 11 16 30 27 26 24 22 23 29 28 21 25 32 37 31 38 40 39 35 34 36 33 48 47 41 46 49 45 50 43 42 44 60 54 58 52 59 53 57 56 51 55 67 64 63 68 65 70 62 66 69 61 75 76 77 74 71 73 78 80 72 79
 62 70 69 64 61 65 68 67 63 66 72 73 79 78 77 75 76 74 80 71 83 89 90 82 84 85 88 87 81 86 10  7  6  4  2  3  9  8  1  5 12 17 11 18 20 19 15 14 16 13 28 27 21 26 29 25 30 23 22 24 40 34 38 32 39 33 37 36 31 35 47 44 43 48 45 50 42 46 49 41 55 56 57 54 51 53 58 60 52 59
 32 40 39 34 31 35 38 37 33 36 42 43 49 48 47 45 46 44 50 41 53 59 60 52 54 55 58 57 51 56 70 67 66 64 62 63 69 68 61 65 72 77 71 78 80 79 75 74 76 73 88 87 81 86 89 85 90 83 82 84 10  4  8  2  9  3  7  6  1  5 17 14 13 18 15 20 12 16 19 11 25 26 27 24 21 23 28 30 22 29
 52 60 59 54 51 55 58 57 53 56 62 63 69 68 67 65 66 64 70 61 73 79 80 72 74 75 78 77 71 76 90 87 86 84 82 83 89 88 81 85  2  7  1  8 10  9  5  4  6  3 18 17 11 16 19 15 20 13 12 14 30 24 28 22 29 23 27 26 21 25 37 34 33 38 35 40 32 36 39 31 45 46 47 44 41 43 48 50 42 49
 72 80 79 74 71 75 78 77 73 76 82 83 89 88 87 85 86 84 90 81  3  9 10  2  4  5  8  7  1  6 20 17 16 14 12 13 19 18 11 15 22 27 21 28 30 29 25 24 26 23 38 37 31 36 39 35 40 33 32 34 50 44 48 42 49 43 47 46 41 45 57 54 53 58 55 60 52 56 59 51 65 66 67 64 61 63 68 70 62 69
 13 11 20 15 12 16 19 18 14 17 23 24 30 29 28 26 27 25 21 22 34 40 31 33 35 36 39 38 32 37 41 48 47 45 43 44 50 49 42 46 53 58 52 59 51 60 56 55 57 54 69 68 62 67 70 66 61 64 63 65 71 75 79 73 80 74 78 77 72 76 88 85 84 89 86 81 83 87 90 82  6  7  8  5  2  4  9  1  3 10
 43 41 50 45 42 46 49 48 44 47 53 54 60 59 58 56 57 55 51 52 64 70 61 63 65 66 69 68 62 67 71 78 77 75 73 74 80 79 72 76 83 88 82 89 81 90 86 85 87 84  9  8  2  7 10  6  1  4  3  5 11 15 19 13 20 14 18 17 12 16 28 25 24 29 26 21 23 27 30 22 36 37 38 35 32 34 39 31 33 40
 23 21 30 25 22 26 29 28 24 27 33 34 40 39 38 36 37 35 31 32 44 50 41 43 45 46 49 48 42 47 51 58 57 55 53 54 60 59 52 56 63 68 62 69 61 70 66 65 67 64 79 78 72 77 80 76 71 74 73 75 81 85 89 83 90 84 88 87 82 86  8  5  4  9  6  1  3  7 10  2 16 17 18 15 12 14 19 11 13 20
  3  1 10  5  2  6  9  8  4  7 13 14 20 19 18 16 17 15 11 12 24 30 21 23 25 26 29 28 22 27 31 38 37 35 33 34 40 39 32 36 43 48 42 49 41 50 46 45 47 44 59 58 52 57 60 56 51 54 53 55 61 65 69 63 70 64 68 67 62 66 78 75 74 79 76 71 73 77 80 72 86 87 88 85 82 84 89 81 83 90
 53 51 60 55 52 56 59 58 54 57 63 64 70 69 68 66 67 65 61 62 74 80 71 73 75 76 79 78 72 77 81 88 87 85 83 84 90 89 82 86  3  8  2  9  1 10  6  5  7  4 19 18 12 17 20 16 11 14 13 15 21 25 29 23 30 24 28 27 22 26 38 35 34 39 36 31 33 37 40 32 46 47 48 45 42 44 49 41 43 50
 63 61 70 65 62 66 69 68 64 67 73 74 80 79 78 76 77 75 71 72 84 90 81 83 85 86 89 88 82 87  1  8  7  5  3  4 10  9  2  6 13 18 12 19 11 20 16 15 17 14 29 28 22 27 30 26 21 24 23 25 31 35 39 33 40 34 38 37 32 36 48 45 44 49 46 41 43 47 50 42 56 57 58 55 52 54 59 51 53 60
 33 31 40 35 32 36 39 38 34 37 43 44 50 49 48 46 47 45 41 42 54 60 51 53 55 56 59 58 52 57 61 68 67 65 63 64 70 69 62 66 73 78 72 79 71 80 76 75 77 74 89 88 82 87 90 86 81 84 83 85  1  5  9  3 10  4  8  7  2  6 18 15 14 19 16 11 13 17 20 12 26 27 28 25 22 24 29 21 23 30
 73 71 80 75 72 76 79 78 74 77 83 84 90 89 88 86 87 85 81 82  4 10  1  3  5  6  9  8  2  7 11 18 17 15 13 14 20 19 12 16 23 28 22 29 21 30 26 25 27 24 39 38 32 37 40 36 31 34 33 35 41 45 49 43 50 44 48 47 42 46 58 55 54 59 56 51 53 57 60 52 66 67 68 65 62 64 69 61 63 70
 83 81 90 85 82 86 89 88 84 87  3  4 10  9  8  6  7  5  1  2 14 20 11 13 15 16 19 18 12 17 21 28 27 25 23 24 30 29 22 26 33 38 32 39 31 40 36 35 37 34 49 48 42 47 50 46 41 44 43 45 51 55 59 53 60 54 58 57 52 56 68 65 64 69 66 61 63 67 70 62 76 77 78 75 72 74 79 71 73 80
 54 52 51 56 53 57 60 59 55 58 64 65 61 70 69 67 68 66 62 63 75 71 72 74 76 77 80 79 73 78 82 89 88 86 84 85 81 90 83 87  4  9  3 10  2  1  7  6  8  5 20 19 13 18 11 17 12 15 14 16 22 26 30 24 21 25 29 28 23 27 39 36 35 40 37 32 34 38 31 33 47 48 49 46 43 45 50 42 44 41
  4  2  1  6  3  7 10  9  5  8 14 15 11 20 19 17 18 16 12 13 25 21 22 24 26 27 30 29 23 28 32 39 38 36 34 35 31 40 33 37 44 49 43 50 42 41 47 46 48 45 60 59 53 58 51 57 52 55 54 56 62 66 70 64 61 65 69 68 63 67 79 76 75 80 77 72 74 78 71 73 87 88 89 86 83 85 90 82 84 81
 64 62 61 66 63 67 70 69 65 68 74 75 71 80 79 77 78 76 72 73 85 81 82 84 86 87 90 89 83 88  2  9  8  6  4  5  1 10  3  7 14 19 13 20 12 11 17 16 18 15 30 29 23 28 21 27 22 25 24 26 32 36 40 34 31 35 39 38 33 37 49 46 45 50 47 42 44 48 41 43 57 58 59 56 53 55 60 52 54 51
 34 32 31 36 33 37 40 39 35 38 44 45 41 50 49 47 48 46 42 43 55 51 52 54 56 57 60 59 53 58 62 69 68 66 64 65 61 70 63 67 74 79 73 80 72 71 77 76 78 75 90 89 83 88 81 87 82 85 84 86  2  6 10  4  1  5  9  8  3  7 19 16 15 20 17 12 14 18 11 13 27 28 29 26 23 25 30 22 24 21
 14 12 11 16 13 17 20 19 15 18 24 25 21 30 29 27 28 26 22 23 35 31 32 34 36 37 40 39 33 38 42 49 48 46 44 45 41 50 43 47 54 59 53 60 52 51 57 56 58 55 70 69 63 68 61 67 62 65 64 66 72 76 80 74 71 75 79 78 73 77 89 86 85 90 87 82 84 88 81 83  7  8  9  6  3  5 10  2  4  1
 24 22 21 26 23 27 30 29 25 28 34 35 31 40 39 37 38 36 32 33 45 41 42 44 46 47 50 49 43 48 52 59 58 56 54 55 51 60 53 57 64 69 63 70 62 61 67 66 68 65 80 79 73 78 71 77 72 75 74 76 82 86 90 84 81 85 89 88 83 87  9  6  5 10  7  2  4  8  1  3 17 18 19 16 13 15 20 12 14 11
 84 82 81 86 83 87 90 89 85 88  4  5  1 10  9  7  8  6  2  3 15 11 12 14 16 17 20 19 13 18 22 29 28 26 24 25 21 30 23 27 34 39 33 40 32 31 37 36 38 35 50 49 43 48 41 47 42 45 44 46 52 56 60 54 51 55 59 58 53 57 69 66 65 70 67 62 64 68 61 63 77 78 79 76 73 75 80 72 74 71
 74 72 71 76 73 77 80 79 75 78 84 85 81 90 89 87 88 86 82 83  5  1  2  4  6  7 10  9  3  8 12 19 18 16 14 15 11 20 13 17 24 29 23 30 22 21 27 26 28 25 40 39 33 38 31 37 32 35 34 36 42 46 50 44 41 45 49 48 43 47 59 56 55 60 57 52 54 58 51 53 67 68 69 66 63 65 70 62 64 61
 44 42 41 46 43 47 50 49 45 48 54 55 51 60 59 57 58 56 52 53 65 61 62 64 66 67 70 69 63 68 72 79 78 76 74 75 71 80 73 77 84 89 83 90 82 81 87 86 88 85 10  9  3  8  1  7  2  5  4  6 12 16 20 14 11 15 19 18 13 17 29 26 25 30 27 22 24 28 21 23 37 38 39 36 33 35 40 32 34 31
  5  3  2  7  4  8  1 10  6  9 15 16 12 11 20 18 19 17 13 14 26 22 23 25 27 28 21 30 24 29 33 40 39 37 35 36 32 31 34 38 45 50 44 41 43 42 48 47 49 46 51 60 54 59 52 58 53 56 55 57 63 67 61 65 62 66 70 69 64 68 80 77 76 71 78 73 75 79 72 74 88 89 90 87 84 86 81 83 85 82
 35 33 32 37 34 38 31 40 36 39 45 46 42 41 50 48 49 47 43 44 56 52 53 55 57 58 51 60 54 59 63 70 69 67 65 66 62 61 64 68 75 80 74 71 73 72 78 77 79 76 81 90 84 89 82 88 83 86 85 87  3  7  1  5  2  6 10  9  4  8 20 17 16 11 18 13 15 19 12 14 28 29 30 27 24 26 21 23 25 22
 45 43 42 47 44 48 41 50 46 49 55 56 52 51 60 58 59 57 53 54 66 62 63 65 67 68 61 70 64 69 73 80 79 77 75 76 72 71 74 78 85 90 84 81 83 82 88 87 89 86  1 10  4  9  2  8  3  6  5  7 13 17 11 15 12 16 20 19 14 18 30 27 26 21 28 23 25 29 22 24 38 39 40 37 34 36 31 33 35 32
 85 83 82 87 84 88 81 90 86 89  5  6  2  1 10  8  9  7  3  4 16 12 13 15 17 18 11 20 14 19 23 30 29 27 25 26 22 21 24 28 35 40 34 31 33 32 38 37 39 36 41 50 44 49 42 48 43 46 45 47 53 57 51 55 52 56 60 59 54 58 70 67 66 61 68 63 65 69 62 64 78 79 80 77 74 76 71 73 75 72
 75 73 72 77 74 78 71 80 76 79 85 86 82 81 90 88 89 87 83 84  6  2  3  5  7  8  1 10  4  9 13 20 19 17 15 16 12 11 14 18 25 30 24 21 23 22 28 27 29 26 31 40 34 39 32 38 33 36 35 37 43 47 41 45 42 46 50 49 44 48 60 57 56 51 58 53 55 59 52 54 68 69 70 67 64 66 61 63 65 62
 15 13 12 17 14 18 11 20 16 19 25 26 22 21 30 28 29 27 23 24 36 32 33 35 37 38 31 40 34 39 43 50 49 47 45 46 42 41 44 48 55 60 54 51 53 52 58 57 59 56 61 70 64 69 62 68 63 66 65 67 73 77 71 75 72 76 80 79 74 78 90 87 86 81 88 83 85 89 82 84  8  9 10  7  4  6  1  3  5  2
 65 63 62 67 64 68 61 70 66 69 75 76 72 71 80 78 79 77 73 74 86 82 83 85 87 88 81 90 84 89  3 10  9  7  5  6  2  1  4  8 15 20 14 11 13 12 18 17 19 16 21 30 24 29 22 28 23 26 25 27 33 37 31 35 32 36 40 39 34 38 50 47 46 41 48 43 45 49 42 44 58 59 60 57 54 56 51 53 55 52
 25 23 22 27 24 28 21 30 26 29 35 36 32 31 40 38 39 37 33 34 46 42 43 45 47 48 41 50 44 49 53 60 59 57 55 56 52 51 54 58 65 70 64 61 63 62 68 67 69 66 71 80 74 79 72 78 73 76 75 77 83 87 81 85 82 86 90 89 84 88 10  7  6  1  8  3  5  9  2  4 18 19 20 17 14 16 11 13 15 12
 55 53 52 57 54 58 51 60 56 59 65 66 62 61 70 68 69 67 63 64 76 72 73 75 77 78 71 80 74 79 83 90 89 87 85 86 82 81 84 88  5 10  4  1  3  2  8  7  9  6 11 20 14 19 12 18 13 16 15 17 23 27 21 25 22 26 30 29 24 28 40 37 36 31 38 33 35 39 32 34 48 49 50 47 44 46 41 43 45 42
 66 64 63 68 65 69 62 61 67 70 76 77 73 72 71 79 80 78 74 75 87 83 84 86 88 89 82 81 85 90  4  1 10  8  6  7  3  2  5  9 16 11 15 12 14 13 19 18 20 17 22 21 25 30 23 29 24 27 26 28 34 38 32 36 33 37 31 40 35 39 41 48 47 42 49 44 46 50 43 45 59 60 51 58 55 57 52 54 56 53
 56 54 53 58 55 59 52 51 57 60 66 67 63 62 61 69 70 68 64 65 77 73 74 76 78 79 72 71 75 80 84 81 90 88 86 87 83 82 85 89  6  1  5  2  4  3  9  8 10  7 12 11 15 20 13 19 14 17 16 18 24 28 22 26 23 27 21 30 25 29 31 38 37 32 39 34 36 40 33 35 49 50 41 48 45 47 42 44 46 43
 36 34 33 38 35 39 32 31 37 40 46 47 43 42 41 49 50 48 44 45 57 53 54 56 58 59 52 51 55 60 64 61 70 68 66 67 63 62 65 69 76 71 75 72 74 73 79 78 80 77 82 81 85 90 83 89 84 87 86 88  4  8  2  6  3  7  1 10  5  9 11 18 17 12 19 14 16 20 13 15 29 30 21 28 25 27 22 24 26 23
 16 14 13 18 15 19 12 11 17 20 26 27 23 22 21 29 30 28 24 25 37 33 34 36 38 39 32 31 35 40 44 41 50 48 46 47 43 42 45 49 56 51 55 52 54 53 59 58 60 57 62 61 65 70 63 69 64 67 66 68 74 78 72 76 73 77 71 80 75 79 81 88 87 82 89 84 86 90 83 85  9 10  1  8  5  7  2  4  6  3
  6  4  3  8  5  9  2  1  7 10 16 17 13 12 11 19 20 18 14 15 27 23 24 26 28 29 22 21 25 30 34 31 40 38 36 37 33 32 35 39 46 41 45 42 44 43 49 48 50 47 52 51 55 60 53 59 54 57 56 58 64 68 62 66 63 67 61 70 65 69 71 78 77 72 79 74 76 80 73 75 89 90 81 88 85 87 82 84 86 83
 86 84 83 88 85 89 82 81 87 90  6  7  3  2  1  9 10  8  4  5 17 13 14 16 18 19 12 11 15 20 24 21 30 28 26 27 23 22 25 29 36 31 35 32 34 33 39 38 40 37 42 41 45 50 43 49 44 47 46 48 54 58 52 56 53 57 51 60 55 59 61 68 67 62 69 64 66 70 63 65 79 80 71 78 75 77 72 74 76 73
 46 44 43 48 45 49 42 41 47 50 56 57 53 52 51 59 60 58 54 55 67 63 64 66 68 69 62 61 65 70 74 71 80 78 76 77 73 72 75 79 86 81 85 82 84 83 89 88 90 87  2  1  5 10  3  9  4  7  6  8 14 18 12 16 13 17 11 20 15 19 21 28 27 22 29 24 26 30 23 25 39 40 31 38 35 37 32 34 36 33
 26 24 23 28 25 29 22 21 27 30 36 37 33 32 31 39 40 38 34 35 47 43 44 46 48 49 42 41 45 50 54 51 60 58 56 57 53 52 55 59 66 61 65 62 64 63 69 68 70 67 72 71 75 80 73 79 74 77 76 78 84 88 82 86 83 87 81 90 85 89  1  8  7  2  9  4  6 10  3  5 19 20 11 18 15 17 12 14 16 13
 76 74 73 78 75 79 72 71 77 80 86 87 83 82 81 89 90 88 84 85  7  3  4  6  8  9  2  1  5 10 14 11 20 18 16 17 13 12 15 19 26 21 25 22 24 23 29 28 30 27 32 31 35 40 33 39 34 37 36 38 44 48 42 46 43 47 41 50 45 49 51 58 57 52 59 54 56 60 53 55 69 70 61 68 65 67 62 64 66 63
 77 75 74 79 76 80 73 72 78 71 87 88 84 83 82 90 81 89 85 86  8  4  5  7  9 10  3  2  6  1 15 12 11 19 17 18 14 13 16 20 27 22 26 23 25 24 30 29 21 28 33 32 36 31 34 40 35 38 37 39 45 49 43 47 44 48 42 41 46 50 52 59 58 53 60 55 57 51 54 56 70 61 62 69 66 68 63 65 67 64
 87 85 84 89 86 90 83 82 88 81  7  8  4  3  2 10  1  9  5  6 18 14 15 17 19 20 13 12 16 11 25 22 21 29 27 28 24 23 26 30 37 32 36 33 35 34 40 39 31 38 43 42 46 41 44 50 45 48 47 49 55 59 53 57 54 58 52 51 56 60 62 69 68 63 70 65 67 61 64 66 80 71 72 79 76 78 73 75 77 74
 47 45 44 49 46 50 43 42 48 41 57 58 54 53 52 60 51 59 55 56 68 64 65 67 69 70 63 62 66 61 75 72 71 79 77 78 74 73 76 80 87 82 86 83 85 84 90 89 81 88  3  2  6  1  4 10  5  8  7  9 15 19 13 17 14 18 12 11 16 20 22 29 28 23 30 25 27 21 24 26 40 31 32 39 36 38 33 35 37 34
 37 35 34 39 36 40 33 32 38 31 47 48 44 43 42 50 41 49 45 46 58 54 55 57 59 60 53 52 56 51 65 62 61 69 67 68 64 63 66 70 77 72 76 73 75 74 80 79 71 78 83 82 86 81 84 90 85 88 87 89  5  9  3  7  4  8  2  1  6 10 12 19 18 13 20 15 17 11 14 16 30 21 22 29 26 28 23 25 27 24
  7  5  4  9  6 10  3  2  8  1 17 18 14 13 12 20 11 19 15 16 28 24 25 27 29 30 23 22 26 21 35 32 31 39 37 38 34 33 36 40 47 42 46 43 45 44 50 49 41 48 53 52 56 51 54 60 55 58 57 59 65 69 63 67 64 68 62 61 66 70 72 79 78 73 80 75 77 71 74 76 90 81 82 89 86 88 83 85 87 84
 57 55 54 59 56 60 53 52 58 51 67 68 64 63 62 70 61 69 65 66 78 74 75 77 79 80 73 72 76 71 85 82 81 89 87 88 84 83 86 90  7  2  6  3  5  4 10  9  1  8 13 12 16 11 14 20 15 18 17 19 25 29 23 27 24 28 22 21 26 30 32 39 38 33 40 35 37 31 34 36 50 41 42 49 46 48 43 45 47 44
 67 65 64 69 66 70 63 62 68 61 77 78 74 73 72 80 71 79 75 76 88 84 85 87 89 90 83 82 86 81  5  2  1  9  7  8  4  3  6 10 17 12 16 13 15 14 20 19 11 18 23 22 26 21 24 30 25 28 27 29 35 39 33 37 34 38 32 31 36 40 42 49 48 43 50 45 47 41 44 46 60 51 52 59 56 58 53 55 57 54
 17 15 14 19 16 20 13 12 18 11 27 28 24 23 22 30 21 29 25 26 38 34 35 37 39 40 33 32 36 31 45 42 41 49 47 48 44 43 46 50 57 52 56 53 55 54 60 59 51 58 63 62 66 61 64 70 65 68 67 69 75 79 73 77 74 78 72 71 76 80 82 89 88 83 90 85 87 81 84 86 10  1  2  9  6  8  3  5  7  4
 27 25 24 29 26 30 23 22 28 21 37 38 34 33 32 40 31 39 35 36 48 44 45 47 49 50 43 42 46 41 55 52 51 59 57 58 54 53 56 60 67 62 66 63 65 64 70 69 61 68 73 72 76 71 74 80 75 78 77 79 85 89 83 87 84 88 82 81 86 90  2  9  8  3 10  5  7  1  4  6 20 11 12 19 16 18 13 15 17 14
 68 66 65 70 67 61 64 63 69 62 78 79 75 74 73 71 72 80 76 77 89 85 86 88 90 81 84 83 87 82  6  3  2 10  8  9  5  4  7  1 18 13 17 14 16 15 11 20 12 19 24 23 27 22 25 21 26 29 28 30 36 40 34 38 35 39 33 32 37 31 43 50 49 44 41 46 48 42 45 47 51 52 53 60 57 59 54 56 58 55
 88 86 85 90 87 81 84 83 89 82  8  9  5  4  3  1  2 10  6  7 19 15 16 18 20 11 14 13 17 12 26 23 22 30 28 29 25 24 27 21 38 33 37 34 36 35 31 40 32 39 44 43 47 42 45 41 46 49 48 50 56 60 54 58 55 59 53 52 57 51 63 70 69 64 61 66 68 62 65 67 71 72 73 80 77 79 74 76 78 75
 48 46 45 50 47 41 44 43 49 42 58 59 55 54 53 51 52 60 56 57 69 65 66 68 70 61 64 63 67 62 76 73 72 80 78 79 75 74 77 71 88 83 87 84 86 85 81 90 82 89  4  3  7  2  5  1  6  9  8 10 16 20 14 18 15 19 13 12 17 11 23 30 29 24 21 26 28 22 25 27 31 32 33 40 37 39 34 36 38 35
 58 56 55 60 57 51 54 53 59 52 68 69 65 64 63 61 62 70 66 67 79 75 76 78 80 71 74 73 77 72 86 83 82 90 88 89 85 84 87 81  8  3  7  4  6  5  1 10  2  9 14 13 17 12 15 11 16 19 18 20 26 30 24 28 25 29 23 22 27 21 33 40 39 34 31 36 38 32 35 37 41 42 43 50 47 49 44 46 48 45
 38 36 35 40 37 31 34 33 39 32 48 49 45 44 43 41 42 50 46 47 59 55 56 58 60 51 54 53 57 52 66 63 62 70 68 69 65 64 67 61 78 73 77 74 76 75 71 80 72 79 84 83 87 82 85 81 86 89 88 90  6 10  4  8  5  9  3  2  7  1 13 20 19 14 11 16 18 12 15 17 21 22 23 30 27 29 24 26 28 25
  8  6  5 10  7  1  4  3  9  2 18 19 15 14 13 11 12 20 16 17 29 25 26 28 30 21 24 23 27 22 36 33 32 40 38 39 35 34 37 31 48 43 47 44 46 45 41 50 42 49 54 53 57 52 55 51 56 59 58 60 66 70 64 68 65 69 63 62 67 61 73 80 79 74 71 76 78 72 75 77 81 82 83 90 87 89 84 86 88 85
 18 16 15 20 17 11 14 13 19 12 28 29 25 24 23 21 22 30 26 27 39 35 36 38 40 31 34 33 37 32 46 43 42 50 48 49 45 44 47 41 58 53 57 54 56 55 51 60 52 59 64 63 67 62 65 61 66 69 68 70 76 80 74 78 75 79 73 72 77 71 83 90 89 84 81 86 88 82 85 87  1  2  3 10  7  9  4  6  8  5
 78 76 75 80 77 71 74 73 79 72 88 89 85 84 83 81 82 90 86 87  9  5  6  8 10  1  4  3  7  2 16 13 12 20 18 19 15 14 17 11 28 23 27 24 26 25 21 30 22 29 34 33 37 32 35 31 36 39 38 40 46 50 44 48 45 49 43 42 47 41 53 60 59 54 51 56 58 52 55 57 61 62 63 70 67 69 64 66 68 65
 28 26 25 30 27 21 24 23 29 22 38 39 35 34 33 31 32 40 36 37 49 45 46 48 50 41 44 43 47 42 56 53 52 60 58 59 55 54 57 51 68 63 67 64 66 65 61 70 62 69 74 73 77 72 75 71 76 79 78 80 86 90 84 88 85 89 83 82 87 81  3 10  9  4  1  6  8  2  5  7 11 12 13 20 17 19 14 16 18 15
 19 17 16 11 18 12 15 14 20 13 29 30 26 25 24 22 23 21 27 28 40 36 37 39 31 32 35 34 38 33 47 44 43 41 49 50 46 45 48 42 59 54 58 55 57 56 52 51 53 60 65 64 68 63 66 62 67 70 69 61 77 71 75 79 76 80 74 73 78 72 84 81 90 85 82 87 89 83 86 88  2  3  4  1  8 10  5  7  9  6
 89 87 86 81 88 82 85 84 90 83  9 10  6  5  4  2  3  1  7  8 20 16 17 19 11 12 15 14 18 13 27 24 23 21 29 30 26 25 28 22 39 34 38 35 37 36 32 31 33 40 45 44 48 43 46 42 47 50 49 41 57 51 55 59 56 60 54 53 58 52 64 61 70 65 62 67 69 63 66 68 72 73 74 71 78 80 75 77 79 76
 39 37 36 31 38 32 35 34 40 33 49 50 46 45 44 42 43 41 47 48 60 56 57 59 51 52 55 54 58 53 67 64 63 61 69 70 66 65 68 62 79 74 78 75 77 76 72 71 73 80 85 84 88 83 86 82 87 90 89 81  7  1  5  9  6 10  4  3  8  2 14 11 20 15 12 17 19 13 16 18 22 23 24 21 28 30 25 27 29 26
 49 47 46 41 48 42 45 44 50 43 59 60 56 55 54 52 53 51 57 58 70 66 67 69 61 62 65 64 68 63 77 74 73 71 79 80 76 75 78 72 89 84 88 85 87 86 82 81 83 90  5  4  8  3  6  2  7 10  9  1 17 11 15 19 16 20 14 13 18 12 24 21 30 25 22 27 29 23 26 28 32 33 34 31 38 40 35 37 39 36
 79 77 76 71 78 72 75 74 80 73 89 90 86 85 84 82 83 81 87 88 10  6  7  9  1  2  5  4  8  3 17 14 13 11 19 20 16 15 18 12 29 24 28 25 27 26 22 21 23 30 35 34 38 33 36 32 37 40 39 31 47 41 45 49 46 50 44 43 48 42 54 51 60 55 52 57 59 53 56 58 62 63 64 61 68 70 65 67 69 66
 69 67 66 61 68 62 65 64 70 63 79 80 76 75 74 72 73 71 77 78 90 86 87 89 81 82 85 84 88 83  7  4  3  1  9 10  6  5  8  2 19 14 18 15 17 16 12 11 13 20 25 24 28 23 26 22 27 30 29 21 37 31 35 39 36 40 34 33 38 32 44 41 50 45 42 47 49 43 46 48 52 53 54 51 58 60 55 57 59 56
 29 27 26 21 28 22 25 24 30 23 39 40 36 35 34 32 33 31 37 38 50 46 47 49 41 42 45 44 48 43 57 54 53 51 59 60 56 55 58 52 69 64 68 65 67 66 62 61 63 70 75 74 78 73 76 72 77 80 79 71 87 81 85 89 86 90 84 83 88 82  4  1 10  5  2  7  9  3  6  8 12 13 14 11 18 20 15 17 19 16
  9  7  6  1  8  2  5  4 10  3 19 20 16 15 14 12 13 11 17 18 30 26 27 29 21 22 25 24 28 23 37 34 33 31 39 40 36 35 38 32 49 44 48 45 47 46 42 41 43 50 55 54 58 53 56 52 57 60 59 51 67 61 65 69 66 70 64 63 68 62 74 71 80 75 72 77 79 73 76 78 82 83 84 81 88 90 85 87 89 86
 59 57 56 51 58 52 55 54 60 53 69 70 66 65 64 62 63 61 67 68 80 76 77 79 71 72 75 74 78 73 87 84 83 81 89 90 86 85 88 82  9  4  8  5  7  6  2  1  3 10 15 14 18 13 16 12 17 20 19 11 27 21 25 29 26 30 24 23 28 22 34 31 40 35 32 37 39 33 36 38 42 43 44 41 48 50 45 47 49 46
