 16 14 18  4  6  2  1 11 13 12  5 10  9 15  8 17  7  3
  7  9  3 14 10  5  2  6 16  8 15 18  4  1 17 12 11 13
  2  6  1  8 17 12  4 14  3 11 13  9 10  7 18 15  5 16
 12 11  8  3 18  7 17  9 15  2  6  1 13 16  5  4 10 14
 10  5 15  1  9 13 12  7  8 17  4 16 11 14  3 18  2  6
  4 17 13 11 15 16 18 10  5 14  3  7 12  2  6  1  9  8
  8  4 11  6  3 17  7 16  2  5 18 13 14 12  1  9 15 10
  1  2  7  9  8 10  6 18 14  4 17  3  5 13 15 16 12 11
 17 12 16  5  1 14  8  3 11 15  2  6 18  9 10 13  4  7
 14 18  9  2 12  4 15 13  1 16 10 11 17  3  7  6  8  5
  6 15 10 18 13 11  5 17 12  9  7  8 16  4  2  3 14  1
 13  3  5  7 16 15  9  4 10  1 14 12  8  6 11  2 17 18
  9  7  4 17  2 18 14  5  6  3  8 15  1 10 16 11 13 12
  5 16  6 15 11  9 10  2 18  7 12 14  3 17 13  8  1  4
 11 13 17 12  5  3 16 15  4 18  1  2  7  8 14 10  6  9
 15 10 12 13  7  8 11  1  9  6 16  5  2 18  4 14  3 17
  3  1 14 16  4  6 13  8  7 10  9 17 15 11 12  5 18  2
 18  8  2 10 14  1  3 12 17 13 11  4  6  5  9  7 16 15
