  7  2  6  3  1  9 13 10 16  5 15 18 14 11 17  8  4 12
 18 17  5  2 11 16  6  7  1 10 13  9  8  4 12 14  3 15
  8 12 10  4 17  7 18 14  5  6 16 11 13 15  3  2  1  9
 15  9  1 13 18  8 17  4 11 14 12  3 16 10  2  5  7  6
  3 13 14 12  6 10  9  2 15 17  4  8  5  7  1 11 16 18
  4 16 11 14 15  5 12  8  3  7  2  1 18  6  9 10 17 13
  2 18  9  5 13 14 15 12  7  3  6 16 11  8  4 17 10  1
 14 15  4  7 12 17 11  6  9 18  5 13 10  1 16  3  8  2
  1  5 12 11  4  2  8 18 10 15  9  7  3 17  6 16 13 14
 10  7  8  6  3 15  2 16 13  1 11 17  9 14  5 18 12  4
 16 11 17 10  8 18  3  1  4  2 14 12 15 13  7  9  6  5
 13  6  3  9 16  1 14  5 17  8 10  4  2 12 18 15 11  7
  9 14 15 16  7 13 10  3  2 12 17  6  4 18  8  1  5 11
  5  3  7  1 14 11  4  9  6 13 18 10 17 16 15 12  2  8
 17  1 13 15  9  4  7 11  8 16  3  5 12  2 14  6 18 10
 12 10 16 17  5  6  1 15 18  4  8  2  7  9 11 13 14  3
  6  8  2 18 10 12  5 17 14 11  7 15  1  3 13  4  9 16
 11  4 18  8  2  3 16 13 12  9  1 14  6  5 10  7 15 17
