 10 12  8 14  7  4 13  2 16  1 11  9  5 18 15  3 17  6
  5  4 17  3 18  8 14  1  7  6 15 10  9 13 16 11  2 12
  9 14 18 17 12  2  4  3 15  7 13  8 11  6 10 16  1  5
  7 13 11  9  5 16 18 17  6 12 14  4  1  2  3 10 15  8
  1  6 16 13 11 15 12  8 10  3  2  5  7  4 17  9 18 14
  2  3 15 10  6  1 11  5  9 17 18 16  8 14 12  7 13  4
 18  9  6  2 14 13 15 11 17  4  7 12 10  1  8  5 16  3
 13  2 10  1 17 11  8  7  3 14  9 15  4 16  5  6 12 18
 15  1  3  7  8 18  2  9 14  5 16 13 12 11  6  4 10 17
 14 16 12  5  9  3 10 13  4  8  6 11 15 17 18  1  7  2
  8  7  5  6  4 12  1 16 18  2 10 17 14  3 13 15 11  9
 17 11  4 16 15 10  5  6 12 18  1  3  2  9  7 14  8 13
  3  5  2 11 16  7  6 15  1 13  8 14 17 12  9 18  4 10
 16 17 14  8  2  5  7  4 11  9  3 18 13 10  1 12  6 15
 12 18  7 15  1 14 17 10  2 16  5  6  3  8  4 13  9 11
  4 15 13 18 10 17  9 14  5 11 12  1  6  7  2  8  3 16
  6 10  1 12 13  9  3 18  8 15  4  2 16  5 11 17 14  7
 11  8  9  4  3  6 16 12 13 10 17  7 18 15 14  2  5  1
