  5  2 17  3 14  1 11  4 15 18  9  7 13 12  8 16 10  6
 13 14  8  4  5  7 16  3 18 11 15  6 10  1 17 12  9  2
  7 18 15 17  2  8 14  1 12 13  4 10  9  6 16  5  3 11
 10  1 11 13 18  9  8  6  7 14 12 16  3  5  2 17  4 15
  9  3  6 15 16 12 13 10 17  1  2  5  4 11 14  7 18  8
 12 16  4  6 11 10  5  9  2  3 17  8  7 18 15 14 13  1
 14 17  3 12  8 15 10 11  5  4 16  1  6  7  9 18  2 13
  6  5  1 14 17 18  9 16  3  2 11 13 15  8  4 10  7 12
 18  7 10 11 13  3  1  8 14  5  6 17 16  2 12  4 15  9
  4 13  2  7  1  5 15 17  6 12 10  9 11  3 18  8 16 14
  8 12 16 10  9  6  7  2  4 15 14 18  5 13  1 11 17  3
 15 11  9 16  4  2 18 12 13  7  8  3 17 14 10  1  6  5
  1 15 13  8  6 17 12  5 10  9  3  4 14 16  7  2 11 18
  2  4 12  1  3 11  6 18  9 17  7 15  8 10  5 13 14 16
 17  8  5 18 10 13  4 14 16  6  1 11  2 15  3  9 12  7
 16 10 14  5 12  4  3  7 11  8 13  2 18  9  6 15  1 17
  3  9  7  2 15 14 17 13  8 16 18 12  1  4 11  6  5 10
 11  6 18  9  7 16  2 15  1 10  5 14 12 17 13  3  8  4
