 44 47 50 48 49 42 46 43 41 45  2  8  7  9  3  4  1 10  6  5 19 15 17 18 20 12 11 14 13 16 26 28 27 24 21 29 30 22 25 23 33 37 32 35 39 40 38 34 36 31
 14 17 20 18 19 12 16 13 11 15 22 28 27 29 23 24 21 30 26 25 39 35 37 38 40 32 31 34 33 36 46 48 47 44 41 49 50 42 45 43  3  7  2  5  9 10  8  4  6  1
 24 27 30 28 29 22 26 23 21 25 32 38 37 39 33 34 31 40 36 35 49 45 47 48 50 42 41 44 43 46  6  8  7  4  1  9 10  2  5  3 13 17 12 15 19 20 18 14 16 11
  4  7 10  8  9  2  6  3  1  5 12 18 17 19 13 14 11 20 16 15 29 25 27 28 30 22 21 24 23 26 36 38 37 34 31 39 40 32 35 33 43 47 42 45 49 50 48 44 46 41
 34 37 40 38 39 32 36 33 31 35 42 48 47 49 43 44 41 50 46 45  9  5  7  8 10  2  1  4  3  6 16 18 17 14 11 19 20 12 15 13 23 27 22 25 29 30 28 24 26 21
  5  8  1  9 10  3  7  4  2  6 13 19 18 20 14 15 12 11 17 16 30 26 28 29 21 23 22 25 24 27 37 39 38 35 32 40 31 33 36 34 44 48 43 46 50 41 49 45 47 42
 45 48 41 49 50 43 47 44 42 46  3  9  8 10  4  5  2  1  7  6 20 16 18 19 11 13 12 15 14 17 27 29 28 25 22 30 21 23 26 24 34 38 33 36 40 31 39 35 37 32
 15 18 11 19 20 13 17 14 12 16 23 29 28 30 24 25 22 21 27 26 40 36 38 39 31 33 32 35 34 37 47 49 48 45 42 50 41 43 46 44  4  8  3  6 10  1  9  5  7  2
 25 28 21 29 30 23 27 24 22 26 33 39 38 40 34 35 32 31 37 36 50 46 48 49 41 43 42 45 44 47  7  9  8  5  2 10  1  3  6  4 14 18 13 16 20 11 19 15 17 12
 35 38 31 39 40 33 37 34 32 36 43 49 48 50 44 45 42 41 47 46 10  6  8  9  1  3  2  5  4  7 17 19 18 15 12 20 11 13 16 14 24 28 23 26 30 21 29 25 27 22
 26 29 22 30 21 24 28 25 23 27 34 40 39 31 35 36 33 32 38 37 41 47 49 50 42 44 43 46 45 48  8 10  9  6  3  1  2  4  7  5 15 19 14 17 11 12 20 16 18 13
 46 49 42 50 41 44 48 45 43 47  4 10  9  1  5  6  3  2  8  7 11 17 19 20 12 14 13 16 15 18 28 30 29 26 23 21 22 24 27 25 35 39 34 37 31 32 40 36 38 33
 36 39 32 40 31 34 38 35 33 37 44 50 49 41 45 46 43 42 48 47  1  7  9 10  2  4  3  6  5  8 18 20 19 16 13 11 12 14 17 15 25 29 24 27 21 22 30 26 28 23
 16 19 12 20 11 14 18 15 13 17 24 30 29 21 25 26 23 22 28 27 31 37 39 40 32 34 33 36 35 38 48 50 49 46 43 41 42 44 47 45  5  9  4  7  1  2 10  6  8  3
  6  9  2 10  1  4  8  5  3  7 14 20 19 11 15 16 13 12 18 17 21 27 29 30 22 24 23 26 25 28 38 40 39 36 33 31 32 34 37 35 45 49 44 47 41 42 50 46 48 43
  7 10  3  1  2  5  9  6  4  8 15 11 20 12 16 17 14 13 19 18 22 28 30 21 23 25 24 27 26 29 39 31 40 37 34 32 33 35 38 36 46 50 45 48 42 43 41 47 49 44
 27 30 23 21 22 25 29 26 24 28 35 31 40 32 36 37 34 33 39 38 42 48 50 41 43 45 44 47 46 49  9  1 10  7  4  2  3  5  8  6 16 20 15 18 12 13 11 17 19 14
 37 40 33 31 32 35 39 36 34 38 45 41 50 42 46 47 44 43 49 48  2  8 10  1  3  5  4  7  6  9 19 11 20 17 14 12 13 15 18 16 26 30 25 28 22 23 21 27 29 24
 17 20 13 11 12 15 19 16 14 18 25 21 30 22 26 27 24 23 29 28 32 38 40 31 33 35 34 37 36 39 49 41 50 47 44 42 43 45 48 46  6 10  5  8  2  3  1  7  9  4
 47 50 43 41 42 45 49 46 44 48  5  1 10  2  6  7  4  3  9  8 12 18 20 11 13 15 14 17 16 19 29 21 30 27 24 22 23 25 28 26 36 40 35 38 32 33 31 37 39 34
 48 41 44 42 43 46 50 47 45 49  6  2  1  3  7  8  5  4 10  9 13 19 11 12 14 16 15 18 17 20 30 22 21 28 25 23 24 26 29 27 37 31 36 39 33 34 32 38 40 35
 28 21 24 22 23 26 30 27 25 29 36 32 31 33 37 38 35 34 40 39 43 49 41 42 44 46 45 48 47 50 10  2  1  8  5  3  4  6  9  7 17 11 16 19 13 14 12 18 20 15
  8  1  4  2  3  6 10  7  5  9 16 12 11 13 17 18 15 14 20 19 23 29 21 22 24 26 25 28 27 30 40 32 31 38 35 33 34 36 39 37 47 41 46 49 43 44 42 48 50 45
 18 11 14 12 13 16 20 17 15 19 26 22 21 23 27 28 25 24 30 29 33 39 31 32 34 36 35 38 37 40 50 42 41 48 45 43 44 46 49 47  7  1  6  9  3  4  2  8 10  5
 38 31 34 32 33 36 40 37 35 39 46 42 41 43 47 48 45 44 50 49  3  9  1  2  4  6  5  8  7 10 20 12 11 18 15 13 14 16 19 17 27 21 26 29 23 24 22 28 30 25
 39 32 35 33 34 37 31 38 36 40 47 43 42 44 48 49 46 45 41 50  4 10  2  3  5  7  6  9  8  1 11 13 12 19 16 14 15 17 20 18 28 22 27 30 24 25 23 29 21 26
 49 42 45 43 44 47 41 48 46 50  7  3  2  4  8  9  6  5  1 10 14 20 12 13 15 17 16 19 18 11 21 23 22 29 26 24 25 27 30 28 38 32 37 40 34 35 33 39 31 36
  9  2  5  3  4  7  1  8  6 10 17 13 12 14 18 19 16 15 11 20 24 30 22 23 25 27 26 29 28 21 31 33 32 39 36 34 35 37 40 38 48 42 47 50 44 45 43 49 41 46
 29 22 25 23 24 27 21 28 26 30 37 33 32 34 38 39 36 35 31 40 44 50 42 43 45 47 46 49 48 41  1  3  2  9  6  4  5  7 10  8 18 12 17 20 14 15 13 19 11 16
 19 12 15 13 14 17 11 18 16 20 27 23 22 24 28 29 26 25 21 30 34 40 32 33 35 37 36 39 38 31 41 43 42 49 46 44 45 47 50 48  8  2  7 10  4  5  3  9  1  6
 40 33 36 34 35 38 32 39 37 31 48 44 43 45 49 50 47 46 42 41  5  1  3  4  6  8  7 10  9  2 12 14 13 20 17 15 16 18 11 19 29 23 28 21 25 26 24 30 22 27
 20 13 16 14 15 18 12 19 17 11 28 24 23 25 29 30 27 26 22 21 35 31 33 34 36 38 37 40 39 32 42 44 43 50 47 45 46 48 41 49  9  3  8  1  5  6  4 10  2  7
 30 23 26 24 25 28 22 29 27 21 38 34 33 35 39 40 37 36 32 31 45 41 43 44 46 48 47 50 49 42  2  4  3 10  7  5  6  8  1  9 19 13 18 11 15 16 14 20 12 17
 10  3  6  4  5  8  2  9  7  1 18 14 13 15 19 20 17 16 12 11 25 21 23 24 26 28 27 30 29 22 32 34 33 40 37 35 36 38 31 39 49 43 48 41 45 46 44 50 42 47
 50 43 46 44 45 48 42 49 47 41  8  4  3  5  9 10  7  6  2  1 15 11 13 14 16 18 17 20 19 12 22 24 23 30 27 25 26 28 21 29 39 33 38 31 35 36 34 40 32 37
 21 24 27 25 26 29 23 30 28 22 39 35 34 36 40 31 38 37 33 32 46 42 44 45 47 49 48 41 50 43  3  5  4  1  8  6  7  9  2 10 20 14 19 12 16 17 15 11 13 18
 41 44 47 45 46 49 43 50 48 42  9  5  4  6 10  1  8  7  3  2 16 12 14 15 17 19 18 11 20 13 23 25 24 21 28 26 27 29 22 30 40 34 39 32 36 37 35 31 33 38
 11 14 17 15 16 19 13 20 18 12 29 25 24 26 30 21 28 27 23 22 36 32 34 35 37 39 38 31 40 33 43 45 44 41 48 46 47 49 42 50 10  4  9  2  6  7  5  1  3  8
  1  4  7  5  6  9  3 10  8  2 19 15 14 16 20 11 18 17 13 12 26 22 24 25 27 29 28 21 30 23 33 35 34 31 38 36 37 39 32 40 50 44 49 42 46 47 45 41 43 48
 31 34 37 35 36 39 33 40 38 32 49 45 44 46 50 41 48 47 43 42  6  2  4  5  7  9  8  1 10  3 13 15 14 11 18 16 17 19 12 20 30 24 29 22 26 27 25 21 23 28
 22 25 28 26 27 30 24 21 29 23 40 36 35 37 31 32 39 38 34 33 47 43 45 46 48 50 49 42 41 44  4  6  5  2  9  7  8 10  3  1 11 15 20 13 17 18 16 12 14 19
 32 35 38 36 37 40 34 31 39 33 50 46 45 47 41 42 49 48 44 43  7  3  5  6  8 10  9  2  1  4 14 16 15 12 19 17 18 20 13 11 21 25 30 23 27 28 26 22 24 29
 42 45 48 46 47 50 44 41 49 43 10  6  5  7  1  2  9  8  4  3 17 13 15 16 18 20 19 12 11 14 24 26 25 22 29 27 28 30 23 21 31 35 40 33 37 38 36 32 34 39
 12 15 18 16 17 20 14 11 19 13 30 26 25 27 21 22 29 28 24 23 37 33 35 36 38 40 39 32 31 34 44 46 45 42 49 47 48 50 43 41  1  5 10  3  7  8  6  2  4  9
  2  5  8  6  7 10  4  1  9  3 20 16 15 17 11 12 19 18 14 13 27 23 25 26 28 30 29 22 21 24 34 36 35 32 39 37 38 40 33 31 41 45 50 43 47 48 46 42 44 49
 33 36 39 37 38 31 35 32 40 34 41 47 46 48 42 43 50 49 45 44  8  4  6  7  9  1 10  3  2  5 15 17 16 13 20 18 19 11 14 12 22 26 21 24 28 29 27 23 25 30
  3  6  9  7  8  1  5  2 10  4 11 17 16 18 12 13 20 19 15 14 28 24 26 27 29 21 30 23 22 25 35 37 36 33 40 38 39 31 34 32 42 46 41 44 48 49 47 43 45 50
 23 26 29 27 28 21 25 22 30 24 31 37 36 38 32 33 40 39 35 34 48 44 46 47 49 41 50 43 42 45  5  7  6  3 10  8  9  1  4  2 12 16 11 14 18 19 17 13 15 20
 13 16 19 17 18 11 15 12 20 14 21 27 26 28 22 23 30 29 25 24 38 34 36 37 39 31 40 33 32 35 45 47 46 43 50 48 49 41 44 42  2  6  1  4  8  9  7  3  5 10
 43 46 49 47 48 41 45 42 50 44  1  7  6  8  2  3 10  9  5  4 18 14 16 17 19 11 20 13 12 15 25 27 26 23 30 28 29 21 24 22 32 36 31 34 38 39 37 33 35 40
