 11 12  9  8  7 10 18 15 17 16 14 13 23 19 24 21 22 20  3  5  1  6  2  4
  5  6  3  2  1  4 12  9 11 10  8  7 17 13 18 15 16 14 21 23 19 24 20 22
 17 18 15 14 13 16 24 21 23 22 20 19  5  1  6  3  4  2  9 11  7 12  8 10
 23 24 21 20 19 22  6  3  5  4  2  1 11  7 12  9 10  8 15 17 13 18 14 16
 12  7 10  9  8 11 13 16 18 17 15 14 24 20 19 22 23 21  4  6  2  1  3  5
 18 13 16 15 14 17 19 22 24 23 21 20  6  2  1  4  5  3 10 12  8  7  9 11
  6  1  4  3  2  5  7 10 12 11  9  8 18 14 13 16 17 15 22 24 20 19 21 23
 24 19 22 21 20 23  1  4  6  5  3  2 12  8  7 10 11  9 16 18 14 13 15 17
 19 20 23 22 21 24  2  5  1  6  4  3  7  9  8 11 12 10 17 13 15 14 16 18
 13 14 17 16 15 18 20 23 19 24 22 21  1  3  2  5  6  4 11  7  9  8 10 12
  1  2  5  4  3  6  8 11  7 12 10  9 13 15 14 17 18 16 23 19 21 20 22 24
  7  8 11 10  9 12 14 17 13 18 16 15 19 21 20 23 24 22  5  1  3  2  4  6
 20 21 24 23 22 19  3  6  2  1  5  4  8 10  9 12  7 11 18 14 16 15 17 13
  8  9 12 11 10  7 15 18 14 13 17 16 20 22 21 24 19 23  6  2  4  3  5  1
 14 15 18 17 16 13 21 24 20 19 23 22  2  4  3  6  1  5 12  8 10  9 11  7
  2  3  6  5  4  1  9 12  8  7 11 10 14 16 15 18 13 17 24 20 22 21 23 19
 21 22 19 24 23 20  4  1  3  2  6  5  9 11 10  7  8 12 13 15 17 16 18 14
  9 10  7 12 11  8 16 13 15 14 18 17 21 23 22 19 20 24  1  3  5  4  6  2
 15 16 13 18 17 14 22 19 21 20 24 23  3  5  4  1  2  6  7  9 11 10 12  8
  3  4  1  6  5  2 10  7  9  8 12 11 15 17 16 13 14 18 19 21 23 22 24 20
 10 11  8  7 12  9 17 14 16 15 13 18 22 24 23 20 21 19  2  4  6  5  1  3
 22 23 20 19 24 21  5  2  4  3  1  6 10 12 11  8  9  7 14 16 18 17 13 15
 16 17 14 13 18 15 23 20 22 21 19 24  4  6  5  2  3  1  8 10 12 11  7  9
  4  5  2  1  6  3 11  8 10  9  7 12 16 18 17 14 15 13 20 22 24 23 19 21
