  3  1  6  2  5  4  7  9 11 10  8 12 14 15 18 13 16 17 20 23 19 21 24 22
 21 19 24 20 23 22  1  3  5  4  2  6  8  9 12  7 10 11 14 17 13 15 18 16
 15 13 18 14 17 16 19 21 23 22 20 24  2  3  6  1  4  5  8 11  7  9 12 10
  9  7 12  8 11 10 13 15 17 16 14 18 20 21 24 19 22 23  2  5  1  3  6  4
 16 14 13 15 18 17 20 22 24 23 21 19  3  4  1  2  5  6  9 12  8 10  7 11
 10  8  7  9 12 11 14 16 18 17 15 13 21 22 19 20 23 24  3  6  2  4  1  5
 22 20 19 21 24 23  2  4  6  5  3  1  9 10  7  8 11 12 15 18 14 16 13 17
  4  2  1  3  6  5  8 10 12 11  9  7 15 16 13 14 17 18 21 24 20 22 19 23
 11  9  8 10  7 12 15 17 13 18 16 14 22 23 20 21 24 19  4  1  3  5  2  6
  5  3  2  4  1  6  9 11  7 12 10  8 16 17 14 15 18 13 22 19 21 23 20 24
 23 21 20 22 19 24  3  5  1  6  4  2 10 11  8  9 12  7 16 13 15 17 14 18
 17 15 14 16 13 18 21 23 19 24 22 20  4  5  2  3  6  1 10  7  9 11  8 12
  6  4  3  5  2  1 10 12  8  7 11  9 17 18 15 16 13 14 23 20 22 24 21 19
 12 10  9 11  8  7 16 18 14 13 17 15 23 24 21 22 19 20  5  2  4  6  3  1
 18 16 15 17 14 13 22 24 20 19 23 21  5  6  3  4  1  2 11  8 10 12  9  7
 24 22 21 23 20 19  4  6  2  1  5  3 11 12  9 10  7  8 17 14 16 18 15 13
 19 23 22 24 21 20  5  1  3  2  6  4 12  7 10 11  8  9 18 15 17 13 16 14
  1  5  4  6  3  2 11  7  9  8 12 10 18 13 16 17 14 15 24 21 23 19 22 20
 13 17 16 18 15 14 23 19 21 20 24 22  6  1  4  5  2  3 12  9 11  7 10  8
  7 11 10 12  9  8 17 13 15 14 18 16 24 19 22 23 20 21  6  3  5  1  4  2
 20 24 23 19 22 21  6  2  4  3  1  5  7  8 11 12  9 10 13 16 18 14 17 15
 14 18 17 13 16 15 24 20 22 21 19 23  1  2  5  6  3  4  7 10 12  8 11  9
  8 12 11  7 10  9 18 14 16 15 13 17 19 20 23 24 21 22  1  4  6  2  5  3
  2  6  5  1  4  3 12  8 10  9  7 11 13 14 17 18 15 16 19 22 24 20 23 21
