  2  7  5  3  4  6  1 12 11  9 14  8 13 10
  9 14 12 10 11 13  8  5  4  2  7  1  6  3
  3  1  6  4  5  7  2 13 12 10  8  9 14 11
 10  8 13 11 12 14  9  6  5  3  1  2  7  4
  4  2  7  5  6  1  3 14 13 11  9 10  8 12
 11  9 14 12 13  8 10  7  6  4  2  3  1  5
  5  3  1  6  7  2  4  8 14 12 10 11  9 13
 12 10  8 13 14  9 11  1  7  5  3  4  2  6
  6  4  2  7  1  3  5  9  8 13 11 12 10 14
 13 11  9 14  8 10 12  2  1  6  4  5  3  7
 14 12 10  8  9 11 13  3  2  7  5  6  4  1
  7  5  3  1  2  4  6 10  9 14 12 13 11  8
  8 13 11  9 10 12 14  4  3  1  6  7  5  2
  1  6  4  2  3  5  7 11 10  8 13 14 12  9
