 11 13 14 10  9 12  8  5  3  6  7  2  1  4
  4  6  7  3  2  5  1 12 10 13 14  9  8 11
  5  7  1  4  3  6  2 13 11 14  8 10  9 12
 12 14  8 11 10 13  9  6  4  7  1  3  2  5
 13  8  9 12 11 14 10  7  5  1  2  4  3  6
  6  1  2  5  4  7  3 14 12  8  9 11 10 13
  7  2  3  6  5  1  4  8 13  9 10 12 11 14
 14  9 10 13 12  8 11  1  6  2  3  5  4  7
  8 10 11 14 13  9 12  2  7  3  4  6  5  1
  1  3  4  7  6  2  5  9 14 10 11 13 12  8
  9 11 12  8 14 10 13  3  1  4  5  7  6  2
  2  4  5  1  7  3  6 10  8 11 12 14 13  9
  3  5  6  2  1  4  7 11  9 12 13  8 14 10
 10 12 13  9  8 11 14  4  2  5  6  1  7  3
