 10 12 11  9 13 14 16 15  2  3  4  1  6  7  8  5
  2  4  3  1  5  6  8  7 10 11 12  9 14 15 16 13
  6  8  7  5  9 10 12 11 14 15 16 13  2  3  4  1
 14 16 15 13  1  2  4  3  6  7  8  5 10 11 12  9
  7  5  8  6 10 11  9 12 15 16 13 14  3  4  1  2
 11  9 12 10 14 15 13 16  3  4  1  2  7  8  5  6
 15 13 16 14  2  3  1  4  7  8  5  6 11 12  9 10
  3  1  4  2  6  7  5  8 11 12  9 10 15 16 13 14
 16 14 13 15  3  4  2  1  8  5  6  7 12  9 10 11
 12 10  9 11 15 16 14 13  4  1  2  3  8  5  6  7
  4  2  1  3  7  8  6  5 12  9 10 11 16 13 14 15
  8  6  5  7 11 12 10  9 16 13 14 15  4  1  2  3
 13 15 14 16  4  1  3  2  5  6  7  8  9 10 11 12
  1  3  2  4  8  5  7  6  9 10 11 12 13 14 15 16
  9 11 10 12 16 13 15 14  1  2  3  4  5  6  7  8
  5  7  6  8 12  9 11 10 13 14 15 16  1  2  3  4
