  7  5  6  8 10 11 12  9 14 16 15 13  4  1  2  3
  3  1  2  4  6  7  8  5 10 12 11  9 16 13 14 15
 11  9 10 12 14 15 16 13  2  4  3  1  8  5  6  7
 15 13 14 16  2  3  4  1  6  8  7  5 12  9 10 11
 12 10 11  9 15 16 13 14  3  1  4  2  5  6  7  8
  4  2  3  1  7  8  5  6 11  9 12 10 13 14 15 16
  8  6  7  5 11 12  9 10 15 13 16 14  1  2  3  4
 16 14 15 13  3  4  1  2  7  5  8  6  9 10 11 12
  9 11 12 10 16 13 14 15  4  2  1  3  6  7  8  5
  1  3  4  2  8  5  6  7 12 10  9 11 14 15 16 13
 13 15 16 14  4  1  2  3  8  6  5  7 10 11 12  9
  5  7  8  6 12  9 10 11 16 14 13 15  2  3  4  1
 14 16 13 15  1  2  3  4  5  7  6  8 11 12  9 10
  2  4  1  3  5  6  7  8  9 11 10 12 15 16 13 14
  6  8  5  7  9 10 11 12 13 15 14 16  3  4  1  2
 10 12  9 11 13 14 15 16  1  3  2  4  7  8  5  6
