0.00040769996121525764
0.0003869999200105667
0.00039430009201169014
0.0003664999967440963
0.0003928999649360776
0.0005215000128373504
0.00043430004734545946
0.00022030004765838385
0.00022050004918128252
0.00023100001271814108
0.00042990001384168863
0.00041259999852627516
0.000395399983972311
0.00038789992686361074
0.00022700009867548943
0.00022980000358074903
0.00021569989621639252
0.0002239999594166875
0.00022419996093958616
0.00022980000358074903
0.00021460000425577164
0.00022599997464567423
0.00028220005333423615
0.00023269990924745798
0.0002229000674560666
0.0002229000674560666
0.0002815999323502183
0.00022059993352741003
0.00022960000205785036
0.00029559992253780365
0.00037519994657486677
0.00024640001356601715
0.00024399999529123306
0.0002175000263378024
0.0002601000014692545
0.00026439991779625416
0.00022030004765838385
0.0002335000317543745
0.000317899975925684
0.0003179999766871333
0.00029390002600848675
0.00022660009562969208
0.00021710002329200506
0.00021950004156678915
0.0002204999327659607
0.00022680009715259075
0.00022029993124306202
0.00021129997912794352
0.00033409998286515474
0.00022090005222707987
0.00022799998987466097
0.0003013999667018652
0.00023889995645731688
0.00034689996391534805
0.00022549997083842754
0.00024099997244775295
0.00025040004402399063
0.0002633999101817608
0.00021599989850074053
0.0002153998939320445
0.0002199000446125865
0.0003567000385373831
0.00022270006593316793
0.0002319000195711851
0.0002319000195711851
0.00022580008953809738
0.00026430003345012665
0.00021799991372972727
0.00021780002862215042
0.00030919990967959166
0.00029039999935775995
0.0002834999468177557
0.00030890002381056547
0.0003226000117138028
0.0002161000156775117
0.00021730002481490374
0.00021520000882446766
0.00027279998175799847
0.00042019993998110294
0.00040140002965927124
0.0003933999687433243
0.0002516999375075102
0.00022229994647204876
0.00022279995027929544
0.00026199989952147007
0.00029319990426301956
0.00030700000934302807
0.00021580001339316368
0.00021379999816417694
0.00021269998978823423
0.00023300002794712782
0.00037100003100931644
0.0003711000317707658
0.0003773000789806247
0.0004171000327914953
0.00037189992144703865
0.00036990002263337374
0.0003662999952211976
0.0003728000447154045
0.00036750000435858965
