  3  2 10 13 12  6  5  8  1  4 11  9  7
  4  6 11 12  2 13  7 10  3  1  8  5  9
  8  4  5 10 13  2 12  6 11  3  9  7  1
  5  9 12  6 10  8 13  2  4 11  7  1  3
 13  8  1  4 11 12 10  9  2  7  5  3  6
 10  3  2 11  6  5  1  7 13  9  4  8 12
  9 13  7  1  4  3  2  5 10 12  6 11  8
 12  5  8  2  9 11  6  3  7 10  1  4 13
  2 12 13  9  8  7 11  1  6  5  3 10  4
  1  7  4  5  3 10  8 13  9  2 12  6 11
 11  1  9  8  7  4  3 12  5  6  2 13 10
  6 11  3  7  5  1  9  4  8 13 10 12  2
  7 10  6  3  1  9  4 11 12  8 13  2  5
