  9 13 12 10  2  4 11  6  7  5  1  3  8
  4 10  1  8  5  2 13 11 12  3  6  9  7
 12  8  7 11  3 10  9  2  6  1 13  5  4
  3  4  8  1 12 13  2 10 11  7  5  6  9
 10  3  9  5 11  6  8  1 13  4 12  7  2
  7 11  6  9  1  8  5 12  2 10  3  4 13
 11  7 13 12  8  3 10  4  1  6  9  2  5
 13  5 11  4 10 12  3  8  9  2  7  1  6
  6 12 10 13  4  1  7  3  5  9  2  8 11
  2  9  3  6  7 11 12  5  8 13  4 10  1
  1  2  4  3  9  5  6  7 10  8 11 13 12
  8  6  5  2 13  7  1  9  4 11 10 12  3
  5  1  2  7  6  9  4 13  3 12  8 11 10
