  1  5 12  7  4  8  2  3 10  6 13  9 11
  4  6  7 12  8  1  3 10 13  9 11  5  2
  2  9  8 11 13  3  4  1  6 10 12  7  5
  6  2  4  8  3 13  1  5  9 12  7 11 10
  5 10  9  4  7 12  8 13  1 11  6  2  3
  9 12 10  5 11  4 13  8  2  3  1  6  7
  7  8  1  3 12  2 10  9 11 13  5  4  6
  8  4  2 13  6  7  5 11  3  1 10 12  9
  3  1  6  2  5 10 11  4  8  7  9 13 12
 11  7  3  9 10  6 12  2  4  5  8  1 13
 10 11 13  1  9  5  7  6 12  8  2  3  4
 12 13 11 10  2  9  6  7  5  4  3  8  1
 13  3  5  6  1 11  9 12  7  2  4 10  8
