  3  5  1 11  9  7 12 13  2 10  6  4  8 14
  4 11  2  9  1 12  8 10 13  3  5 14  6  7
 12 14  3 13 11 10  4  5  1  6  8  7  9  2
 13  9 14  8  3  2 11  6  4  7  1 10 12  5
  1  8  4  7 13  6  3  2 14  5 12  9 10 11
  6  7 12 10 14  5  1  9 11  8  3  2 13  4
 10  2  6  5  4  8  7 14 12  9 13 11  3  1
  2 12  8 14  6 11  9  4 10  1  7  3  5 13
  5  1 11  6 10  3 14 12  9  4  2 13  7  8
  9 10  7 12  8  4  6 11  5 13 14  1  2  3
  7  6  9  1 12 13  2  8  3 14  4  5 11 10
 11  3 10  2  5 14 13  1  7 12  9  8  4  6
  8 13  5  4  7  1 10  3  6  2 11 12 14  9
 14  4 13  3  2  9  5  7  8 11 10  6  1 12
