------------------------------------------------------------------------------
| 10 13  |  8  5  |  3  1  | 11 12  |  2 14  |  9  7  |  4  6  |
|  5 12  |  9  3  | 10 11  |  1  2  |  8  4  | 13  6  |  7 14  |
|  4 11  | 13  7  | 14  9  |  3 10  |  1  6  |  8 12  |  2  5  |
|  9  6  | 11 10  | 13 12  | 14  8  |  5  7  |  2  4  |  1  3  |
|  8  7  |  6  2  |  5  4  | 13  9  | 10  3  |  1 14  | 11 12  |
|  2 14  |  1  4  |  7  8  |  5  6  | 11 12  | 10  3  | 13  9  |
|  1  3  | 12 14  |  6  2  |  4  7  |  9 13  |  5 11  |  8 10  |
------------------------------------------------------------------------------
| 12  1  |  5  9  |  4  7  |  2  3  | 13  8  |  6 10  | 14 11  |
| 13  5  | 10 12  | 11  3  |  7  1  |  6  2  | 14  8  |  9  4  |
|  6  9  |  7 13  | 12 14  | 10  4  |  3  1  | 11  2  |  5  8  |
|  3  2  | 14  1  |  8  6  | 12 11  |  7  5  |  4  9  | 10 13  |
| 11  4  |  2  6  |  9 13  |  8 14  | 12 10  |  7  5  |  3  1  |
| 14 10  |  3  8  |  2  5  |  9 13  |  4 11  | 12  1  |  6  7  |
|  7  8  |  4 11  |  1 10  |  6  5  | 14  9  |  3 13  | 12  2  |
------------------------------------------------------------------------------
