------------------------------------------------------------------------------
| 10  9  |  7  6  | 13  4  | 12  5  |  1  8  | 14 11  |  3  2  |
|  1 14  |  5 10  |  7 12  |  3  4  |  2  9  |  8  6  | 11 13  |
| 11  6  |  4 14  |  5  8  |  1  9  | 12  3  |  2 13  | 10  7  |
|  8  2  |  1 11  | 10  6  | 13 14  |  5  4  |  3  7  |  9 12  |
|  4  7  | 13 12  | 11  3  |  8  2  | 14  6  | 10  9  |  5  1  |
|  3  5  |  8  2  |  1  9  | 11 10  | 13  7  | 12  4  | 14  6  |
| 12 13  |  9  3  | 14  2  |  6  7  | 10 11  |  1  5  |  8  4  |
------------------------------------------------------------------------------
|  6  1  | 11  9  |  8  7  |  5 12  |  4 10  | 13 14  |  2  3  |
| 14 12  |  3  4  |  6 11  |  7  8  |  9  2  |  5  1  | 13 10  |
|  5  4  | 12  7  |  3 10  |  2 11  |  6 13  |  9  8  |  1 14  |
|  7 11  | 14  1  | 12 13  | 10  3  |  8  5  |  4  2  |  6  9  |
|  2  8  | 10  5  |  4  1  |  9 13  |  3 14  |  6 12  |  7 11  |
| 13 10  |  2  8  |  9 14  |  4  6  | 11  1  |  7  3  | 12  5  |
|  9  3  |  6 13  |  2  5  | 14  1  |  7 12  | 11 10  |  4  8  |
------------------------------------------------------------------------------
