------------------------------------------------------------------------------
| 13  6  | 11 12  |  4  8  |  7 14  |  5  1  |  3  2  | 10  9  |
| 11  8  | 14  4  |  1 12  | 13  2  |  7  6  | 10  9  |  3  5  |
|  4  9  |  5  1  | 11 14  |  6  8  |  3 10  |  7 13  | 12  2  |
| 12 14  |  7  3  |  9 13  |  4 10  |  8  2  |  1  5  | 11  6  |
|  7  2  |  6 10  |  3  5  | 11  9  |  4 13  |  8 12  |  1 14  |
|  1  5  |  9  8  |  2 10  | 12  3  | 11 14  |  4  6  | 13  7  |
| 10  3  | 13  2  |  6  7  |  5  1  |  9 12  | 11 14  |  4  8  |
------------------------------------------------------------------------------
|  6  4  |  8  5  | 10  3  |  2 12  | 13  7  |  9  1  | 14 11  |
|  8 13  | 12 11  |  5  2  |  3  6  | 10  4  | 14  7  |  9  1  |
|  9  1  |  4  6  |  8 11  | 10  7  | 14  5  | 13  3  |  2 12  |
|  2 11  | 10  7  | 12  9  | 14 13  |  1  8  |  5  4  |  6  3  |
|  5 12  |  1  9  | 14  4  |  8 11  |  2  3  |  6 10  |  7 13  |
| 14 10  |  3 13  |  7  6  |  1  5  | 12  9  |  2 11  |  8  4  |
|  3  7  |  2 14  | 13  1  |  9  4  |  6 11  | 12  8  |  5 10  |
------------------------------------------------------------------------------
