------------------------------------------------------------------------------
|  4 12  | 11  7  |  6 13  | 14  2  | 10  5  |  9  1  |  3  8  |
|  5 13  |  9 14  |  4 11  |  1  8  |  3  7  |  6  2  | 12 10  |
| 14  3  |  4 12  | 10  5  | 11 13  |  6  2  |  7  8  |  1  9  |
|  2  1  | 13  3  | 14 12  |  7  4  |  9  8  | 10  5  |  6 11  |
| 10  9  |  2  5  |  1  8  |  3  6  | 11  4  | 13 12  |  7 14  |
|  8 11  |  6  1  |  7  9  |  5 10  | 14 12  |  4  3  |  2 13  |
|  6  7  |  8 10  |  3  2  | 12  9  |  1 13  | 14 11  |  5  4  |
------------------------------------------------------------------------------
| 11 10  |  5  6  |  2  1  |  4 14  |  7  3  |  8 13  |  9 12  |
| 13  8  |  1  9  |  5 10  |  6  3  |  4 11  | 12  7  | 14  2  |
| 12  6  | 10 13  |  9  7  |  2  1  |  5 14  | 11  4  |  8  3  |
|  7  5  | 12  4  | 13  6  |  8 11  |  2  9  |  3 14  | 10  1  |
|  3  2  |  7  8  | 11 14  |  9 12  | 13  6  |  1 10  |  4  5  |
|  9 14  |  3 11  | 12  4  | 10  5  |  8  1  |  2  6  | 13  7  |
|  1  4  | 14  2  |  8  3  | 13  7  | 12 10  |  5  9  | 11  6  |
------------------------------------------------------------------------------
