  8  6  7 10  9 15 13 12 14 11 20 19 18 16 17 22 25 21 23 24 27 28 26 29 30 34 31 35 33 32 38 37 39 36 40 41 43 45 42 44 50 49 48 47 46  5  2  1  3  4
 33 31 32 35 34 40 38 37 39 36 45 44 43 41 42 47 50 46 48 49  2  3  1  4  5  9  6 10  8  7 13 12 14 11 15 16 18 20 17 19 25 24 23 22 21 30 27 26 28 29
 48 46 47 50 49  5  3  2  4  1 10  9  8  6  7 12 15 11 13 14 17 18 16 19 20 24 21 25 23 22 28 27 29 26 30 31 33 35 32 34 40 39 38 37 36 45 42 41 43 44
 13 11 12 15 14 20 18 17 19 16 25 24 23 21 22 27 30 26 28 29 32 33 31 34 35 39 36 40 38 37 43 42 44 41 45 46 48 50 47 49  5  4  3  2  1 10  7  6  8  9
  3  1  2  5  4 10  8  7  9  6 15 14 13 11 12 17 20 16 18 19 22 23 21 24 25 29 26 30 28 27 33 32 34 31 35 36 38 40 37 39 45 44 43 42 41 50 47 46 48 49
 23 21 22 25 24 30 28 27 29 26 35 34 33 31 32 37 40 36 38 39 42 43 41 44 45 49 46 50 48 47  3  2  4  1  5  6  8 10  7  9 15 14 13 12 11 20 17 16 18 19
 38 36 37 40 39 45 43 42 44 41 50 49 48 46 47  2  5  1  3  4  7  8  6  9 10 14 11 15 13 12 18 17 19 16 20 21 23 25 22 24 30 29 28 27 26 35 32 31 33 34
 18 16 17 20 19 25 23 22 24 21 30 29 28 26 27 32 35 31 33 34 37 38 36 39 40 44 41 45 43 42 48 47 49 46 50  1  3  5  2  4 10  9  8  7  6 15 12 11 13 14
 28 26 27 30 29 35 33 32 34 31 40 39 38 36 37 42 45 41 43 44 47 48 46 49 50  4  1  5  3  2  8  7  9  6 10 11 13 15 12 14 20 19 18 17 16 25 22 21 23 24
 43 41 42 45 44 50 48 47 49 46  5  4  3  1  2  7 10  6  8  9 12 13 11 14 15 19 16 20 18 17 23 22 24 21 25 26 28 30 27 29 35 34 33 32 31 40 37 36 38 39
 19 17 18 16 20 21 24 23 25 22 26 30 29 27 28 33 31 32 34 35 38 39 37 40 36 45 42 41 44 43 49 48 50 47 46  2  4  1  3  5  6 10  9  8  7 11 13 12 14 15
 24 22 23 21 25 26 29 28 30 27 31 35 34 32 33 38 36 37 39 40 43 44 42 45 41 50 47 46 49 48  4  3  5  2  1  7  9  6  8 10 11 15 14 13 12 16 18 17 19 20
  4  2  3  1  5  6  9  8 10  7 11 15 14 12 13 18 16 17 19 20 23 24 22 25 21 30 27 26 29 28 34 33 35 32 31 37 39 36 38 40 41 45 44 43 42 46 48 47 49 50
 34 32 33 31 35 36 39 38 40 37 41 45 44 42 43 48 46 47 49 50  3  4  2  5  1 10  7  6  9  8 14 13 15 12 11 17 19 16 18 20 21 25 24 23 22 26 28 27 29 30
 39 37 38 36 40 41 44 43 45 42 46 50 49 47 48  3  1  2  4  5  8  9  7 10  6 15 12 11 14 13 19 18 20 17 16 22 24 21 23 25 26 30 29 28 27 31 33 32 34 35
 44 42 43 41 45 46 49 48 50 47  1  5  4  2  3  8  6  7  9 10 13 14 12 15 11 20 17 16 19 18 24 23 25 22 21 27 29 26 28 30 31 35 34 33 32 36 38 37 39 40
 29 27 28 26 30 31 34 33 35 32 36 40 39 37 38 43 41 42 44 45 48 49 47 50 46  5  2  1  4  3  9  8 10  7  6 12 14 11 13 15 16 20 19 18 17 21 23 22 24 25
  9  7  8  6 10 11 14 13 15 12 16 20 19 17 18 23 21 22 24 25 28 29 27 30 26 35 32 31 34 33 39 38 40 37 36 42 44 41 43 45 46 50 49 48 47  1  3  2  4  5
 14 12 13 11 15 16 19 18 20 17 21 25 24 22 23 28 26 27 29 30 33 34 32 35 31 40 37 36 39 38 44 43 45 42 41 47 49 46 48 50  1  5  4  3  2  6  8  7  9 10
 49 47 48 46 50  1  4  3  5  2  6 10  9  7  8 13 11 12 14 15 18 19 17 20 16 25 22 21 24 23 29 28 30 27 26 32 34 31 33 35 36 40 39 38 37 41 43 42 44 45
 20 18 19 17 16 22 25 24 21 23 27 26 30 28 29 34 32 33 35 31 39 40 38 36 37 41 43 42 45 44 50 49 46 48 47  3  5  2  4  1  7  6 10  9  8 12 14 13 15 11
 35 33 34 32 31 37 40 39 36 38 42 41 45 43 44 49 47 48 50 46  4  5  3  1  2  6  8  7 10  9 15 14 11 13 12 18 20 17 19 16 22 21 25 24 23 27 29 28 30 26
  5  3  4  2  1  7 10  9  6  8 12 11 15 13 14 19 17 18 20 16 24 25 23 21 22 26 28 27 30 29 35 34 31 33 32 38 40 37 39 36 42 41 45 44 43 47 49 48 50 46
 10  8  9  7  6 12 15 14 11 13 17 16 20 18 19 24 22 23 25 21 29 30 28 26 27 31 33 32 35 34 40 39 36 38 37 43 45 42 44 41 47 46 50 49 48  2  4  3  5  1
 45 43 44 42 41 47 50 49 46 48  2  1  5  3  4  9  7  8 10  6 14 15 13 11 12 16 18 17 20 19 25 24 21 23 22 28 30 27 29 26 32 31 35 34 33 37 39 38 40 36
 25 23 24 22 21 27 30 29 26 28 32 31 35 33 34 39 37 38 40 36 44 45 43 41 42 46 48 47 50 49  5  4  1  3  2  8 10  7  9  6 12 11 15 14 13 17 19 18 20 16
 30 28 29 27 26 32 35 34 31 33 37 36 40 38 39 44 42 43 45 41 49 50 48 46 47  1  3  2  5  4 10  9  6  8  7 13 15 12 14 11 17 16 20 19 18 22 24 23 25 21
 40 38 39 37 36 42 45 44 41 43 47 46 50 48 49  4  2  3  5  1  9 10  8  6  7 11 13 12 15 14 20 19 16 18 17 23 25 22 24 21 27 26 30 29 28 32 34 33 35 31
 15 13 14 12 11 17 20 19 16 18 22 21 25 23 24 29 27 28 30 26 34 35 33 31 32 36 38 37 40 39 45 44 41 43 42 48 50 47 49 46  2  1  5  4  3  7  9  8 10  6
 50 48 49 47 46  2  5  4  1  3  7  6 10  8  9 14 12 13 15 11 19 20 18 16 17 21 23 22 25 24 30 29 26 28 27 33 35 32 34 31 37 36 40 39 38 42 44 43 45 41
 11 14 15 13 12 18 16 20 17 19 23 22 21 24 25 30 28 29 26 27 35 31 34 32 33 37 39 38 36 40 41 45 42 44 43 49 46 48 50 47  3  2  1  5  4  8 10  9  6  7
 41 44 45 43 42 48 46 50 47 49  3  2  1  4  5 10  8  9  6  7 15 11 14 12 13 17 19 18 16 20 21 25 22 24 23 29 26 28 30 27 33 32 31 35 34 38 40 39 36 37
 26 29 30 28 27 33 31 35 32 34 38 37 36 39 40 45 43 44 41 42 50 46 49 47 48  2  4  3  1  5  6 10  7  9  8 14 11 13 15 12 18 17 16 20 19 23 25 24 21 22
 21 24 25 23 22 28 26 30 27 29 33 32 31 34 35 40 38 39 36 37 45 41 44 42 43 47 49 48 46 50  1  5  2  4  3  9  6  8 10  7 13 12 11 15 14 18 20 19 16 17
 31 34 35 33 32 38 36 40 37 39 43 42 41 44 45 50 48 49 46 47  5  1  4  2  3  7  9  8  6 10 11 15 12 14 13 19 16 18 20 17 23 22 21 25 24 28 30 29 26 27
 36 39 40 38 37 43 41 45 42 44 48 47 46 49 50  5  3  4  1  2 10  6  9  7  8 12 14 13 11 15 16 20 17 19 18 24 21 23 25 22 28 27 26 30 29 33 35 34 31 32
 46 49 50 48 47  3  1  5  2  4  8  7  6  9 10 15 13 14 11 12 20 16 19 17 18 22 24 23 21 25 26 30 27 29 28 34 31 33 35 32 38 37 36 40 39 43 45 44 41 42
  6  9 10  8  7 13 11 15 12 14 18 17 16 19 20 25 23 24 21 22 30 26 29 27 28 32 34 33 31 35 36 40 37 39 38 44 41 43 45 42 48 47 46 50 49  3  5  4  1  2
  1  4  5  3  2  8  6 10  7  9 13 12 11 14 15 20 18 19 16 17 25 21 24 22 23 27 29 28 26 30 31 35 32 34 33 39 36 38 40 37 43 42 41 45 44 48 50 49 46 47
 16 19 20 18 17 23 21 25 22 24 28 27 26 29 30 35 33 34 31 32 40 36 39 37 38 42 44 43 41 45 46 50 47 49 48  4  1  3  5  2  8  7  6 10  9 13 15 14 11 12
 22 25 21 24 23 29 27 26 28 30 34 33 32 35 31 36 39 40 37 38 41 42 45 43 44 48 50 49 47 46  2  1  3  5  4 10  7  9  6  8 14 13 12 11 15 19 16 20 17 18
 37 40 36 39 38 44 42 41 43 45 49 48 47 50 46  1  4  5  2  3  6  7 10  8  9 13 15 14 12 11 17 16 18 20 19 25 22 24 21 23 29 28 27 26 30 34 31 35 32 33
 12 15 11 14 13 19 17 16 18 20 24 23 22 25 21 26 29 30 27 28 31 32 35 33 34 38 40 39 37 36 42 41 43 45 44 50 47 49 46 48  4  3  2  1  5  9  6 10  7  8
  7 10  6  9  8 14 12 11 13 15 19 18 17 20 16 21 24 25 22 23 26 27 30 28 29 33 35 34 32 31 37 36 38 40 39 45 42 44 41 43 49 48 47 46 50  4  1  5  2  3
 47 50 46 49 48  4  2  1  3  5  9  8  7 10  6 11 14 15 12 13 16 17 20 18 19 23 25 24 22 21 27 26 28 30 29 35 32 34 31 33 39 38 37 36 40 44 41 45 42 43
 17 20 16 19 18 24 22 21 23 25 29 28 27 30 26 31 34 35 32 33 36 37 40 38 39 43 45 44 42 41 47 46 48 50 49  5  2  4  1  3  9  8  7  6 10 14 11 15 12 13
  2  5  1  4  3  9  7  6  8 10 14 13 12 15 11 16 19 20 17 18 21 22 25 23 24 28 30 29 27 26 32 31 33 35 34 40 37 39 36 38 44 43 42 41 45 49 46 50 47 48
 32 35 31 34 33 39 37 36 38 40 44 43 42 45 41 46 49 50 47 48  1  2  5  3  4  8 10  9  7  6 12 11 13 15 14 20 17 19 16 18 24 23 22 21 25 29 26 30 27 28
 27 30 26 29 28 34 32 31 33 35 39 38 37 40 36 41 44 45 42 43 46 47 50 48 49  3  5  4  2  1  7  6  8 10  9 15 12 14 11 13 19 18 17 16 20 24 21 25 22 23
 42 45 41 44 43 49 47 46 48 50  4  3  2  5  1  6  9 10  7  8 11 12 15 13 14 18 20 19 17 16 22 21 23 25 24 30 27 29 26 28 34 33 32 31 35 39 36 40 37 38
