 44 42 45 43 41 46 48 47 50 49  5  2  3  1  4  8  6 10  9  7 13 11 14 15 12 16 18 19 20 17 21 24 23 22 25 28 27 30 26 29 33 34 32 31 35 39 38 36 40 37
 29 27 30 28 26 31 33 32 35 34 40 37 38 36 39 43 41 45 44 42 48 46 49 50 47  1  3  4  5  2  6  9  8  7 10 13 12 15 11 14 18 19 17 16 20 24 23 21 25 22
 14 12 15 13 11 16 18 17 20 19 25 22 23 21 24 28 26 30 29 27 33 31 34 35 32 36 38 39 40 37 41 44 43 42 45 48 47 50 46 49  3  4  2  1  5  9  8  6 10  7
 19 17 20 18 16 21 23 22 25 24 30 27 28 26 29 33 31 35 34 32 38 36 39 40 37 41 43 44 45 42 46 49 48 47 50  3  2  5  1  4  8  9  7  6 10 14 13 11 15 12
  9  7 10  8  6 11 13 12 15 14 20 17 18 16 19 23 21 25 24 22 28 26 29 30 27 31 33 34 35 32 36 39 38 37 40 43 42 45 41 44 48 49 47 46 50  4  3  1  5  2
  4  2  5  3  1  6  8  7 10  9 15 12 13 11 14 18 16 20 19 17 23 21 24 25 22 26 28 29 30 27 31 34 33 32 35 38 37 40 36 39 43 44 42 41 45 49 48 46 50 47
 24 22 25 23 21 26 28 27 30 29 35 32 33 31 34 38 36 40 39 37 43 41 44 45 42 46 48 49 50 47  1  4  3  2  5  8  7 10  6  9 13 14 12 11 15 19 18 16 20 17
 39 37 40 38 36 41 43 42 45 44 50 47 48 46 49  3  1  5  4  2  8  6  9 10  7 11 13 14 15 12 16 19 18 17 20 23 22 25 21 24 28 29 27 26 30 34 33 31 35 32
 49 47 50 48 46  1  3  2  5  4 10  7  8  6  9 13 11 15 14 12 18 16 19 20 17 21 23 24 25 22 26 29 28 27 30 33 32 35 31 34 38 39 37 36 40 44 43 41 45 42
 34 32 35 33 31 36 38 37 40 39 45 42 43 41 44 48 46 50 49 47  3  1  4  5  2  6  8  9 10  7 11 14 13 12 15 18 17 20 16 19 23 24 22 21 25 29 28 26 30 27
 25 23 21 24 22 27 29 28 26 30 31 33 34 32 35 39 37 36 40 38 44 42 45 41 43 47 49 50 46 48  2  5  4  3  1  9  8  6  7 10 14 15 13 12 11 20 19 17 16 18
  5  3  1  4  2  7  9  8  6 10 11 13 14 12 15 19 17 16 20 18 24 22 25 21 23 27 29 30 26 28 32 35 34 33 31 39 38 36 37 40 44 45 43 42 41 50 49 47 46 48
 20 18 16 19 17 22 24 23 21 25 26 28 29 27 30 34 32 31 35 33 39 37 40 36 38 42 44 45 41 43 47 50 49 48 46  4  3  1  2  5  9 10  8  7  6 15 14 12 11 13
 45 43 41 44 42 47 49 48 46 50  1  3  4  2  5  9  7  6 10  8 14 12 15 11 13 17 19 20 16 18 22 25 24 23 21 29 28 26 27 30 34 35 33 32 31 40 39 37 36 38
 50 48 46 49 47  2  4  3  1  5  6  8  9  7 10 14 12 11 15 13 19 17 20 16 18 22 24 25 21 23 27 30 29 28 26 34 33 31 32 35 39 40 38 37 36 45 44 42 41 43
 15 13 11 14 12 17 19 18 16 20 21 23 24 22 25 29 27 26 30 28 34 32 35 31 33 37 39 40 36 38 42 45 44 43 41 49 48 46 47 50  4  5  3  2  1 10  9  7  6  8
 10  8  6  9  7 12 14 13 11 15 16 18 19 17 20 24 22 21 25 23 29 27 30 26 28 32 34 35 31 33 37 40 39 38 36 44 43 41 42 45 49 50 48 47 46  5  4  2  1  3
 40 38 36 39 37 42 44 43 41 45 46 48 49 47 50  4  2  1  5  3  9  7 10  6  8 12 14 15 11 13 17 20 19 18 16 24 23 21 22 25 29 30 28 27 26 35 34 32 31 33
 35 33 31 34 32 37 39 38 36 40 41 43 44 42 45 49 47 46 50 48  4  2  5  1  3  7  9 10  6  8 12 15 14 13 11 19 18 16 17 20 24 25 23 22 21 30 29 27 26 28
 30 28 26 29 27 32 34 33 31 35 36 38 39 37 40 44 42 41 45 43 49 47 50 46 48  2  4  5  1  3  7 10  9  8  6 14 13 11 12 15 19 20 18 17 16 25 24 22 21 23
 11 14 12 15 13 18 20 19 17 16 22 24 25 23 21 30 28 27 26 29 35 33 31 32 34 38 40 36 37 39 43 41 45 44 42 50 49 47 48 46  5  1  4  3  2  6 10  8  7  9
  1  4  2  5  3  8 10  9  7  6 12 14 15 13 11 20 18 17 16 19 25 23 21 22 24 28 30 26 27 29 33 31 35 34 32 40 39 37 38 36 45 41 44 43 42 46 50 48 47 49
 46 49 47 50 48  3  5  4  2  1  7  9 10  8  6 15 13 12 11 14 20 18 16 17 19 23 25 21 22 24 28 26 30 29 27 35 34 32 33 31 40 36 39 38 37 41 45 43 42 44
  6  9  7 10  8 13 15 14 12 11 17 19 20 18 16 25 23 22 21 24 30 28 26 27 29 33 35 31 32 34 38 36 40 39 37 45 44 42 43 41 50 46 49 48 47  1  5  3  2  4
 16 19 17 20 18 23 25 24 22 21 27 29 30 28 26 35 33 32 31 34 40 38 36 37 39 43 45 41 42 44 48 46 50 49 47  5  4  2  3  1 10  6  9  8  7 11 15 13 12 14
 26 29 27 30 28 33 35 34 32 31 37 39 40 38 36 45 43 42 41 44 50 48 46 47 49  3  5  1  2  4  8  6 10  9  7 15 14 12 13 11 20 16 19 18 17 21 25 23 22 24
 41 44 42 45 43 48 50 49 47 46  2  4  5  3  1 10  8  7  6  9 15 13 11 12 14 18 20 16 17 19 23 21 25 24 22 30 29 27 28 26 35 31 34 33 32 36 40 38 37 39
 21 24 22 25 23 28 30 29 27 26 32 34 35 33 31 40 38 37 36 39 45 43 41 42 44 48 50 46 47 49  3  1  5  4  2 10  9  7  8  6 15 11 14 13 12 16 20 18 17 19
 36 39 37 40 38 43 45 44 42 41 47 49 50 48 46  5  3  2  1  4 10  8  6  7  9 13 15 11 12 14 18 16 20 19 17 25 24 22 23 21 30 26 29 28 27 31 35 33 32 34
 31 34 32 35 33 38 40 39 37 36 42 44 45 43 41 50 48 47 46 49  5  3  1  2  4  8 10  6  7  9 13 11 15 14 12 20 19 17 18 16 25 21 24 23 22 26 30 28 27 29
 37 40 38 36 39 44 41 45 43 42 48 50 46 49 47  1  4  3  2  5  6  9  7  8 10 14 11 12 13 15 19 17 16 20 18 21 25 23 24 22 26 27 30 29 28 32 31 34 33 35
 22 25 23 21 24 29 26 30 28 27 33 35 31 34 32 36 39 38 37 40 41 44 42 43 45 49 46 47 48 50  4  2  1  5  3  6 10  8  9  7 11 12 15 14 13 17 16 19 18 20
 42 45 43 41 44 49 46 50 48 47  3  5  1  4  2  6  9  8  7 10 11 14 12 13 15 19 16 17 18 20 24 22 21 25 23 26 30 28 29 27 31 32 35 34 33 37 36 39 38 40
 32 35 33 31 34 39 36 40 38 37 43 45 41 44 42 46 49 48 47 50  1  4  2  3  5  9  6  7  8 10 14 12 11 15 13 16 20 18 19 17 21 22 25 24 23 27 26 29 28 30
 12 15 13 11 14 19 16 20 18 17 23 25 21 24 22 26 29 28 27 30 31 34 32 33 35 39 36 37 38 40 44 42 41 45 43 46 50 48 49 47  1  2  5  4  3  7  6  9  8 10
  2  5  3  1  4  9  6 10  8  7 13 15 11 14 12 16 19 18 17 20 21 24 22 23 25 29 26 27 28 30 34 32 31 35 33 36 40 38 39 37 41 42 45 44 43 47 46 49 48 50
 27 30 28 26 29 34 31 35 33 32 38 40 36 39 37 41 44 43 42 45 46 49 47 48 50  4  1  2  3  5  9  7  6 10  8 11 15 13 14 12 16 17 20 19 18 22 21 24 23 25
  7 10  8  6  9 14 11 15 13 12 18 20 16 19 17 21 24 23 22 25 26 29 27 28 30 34 31 32 33 35 39 37 36 40 38 41 45 43 44 42 46 47 50 49 48  2  1  4  3  5
 47 50 48 46 49  4  1  5  3  2  8 10  6  9  7 11 14 13 12 15 16 19 17 18 20 24 21 22 23 25 29 27 26 30 28 31 35 33 34 32 36 37 40 39 38 42 41 44 43 45
 17 20 18 16 19 24 21 25 23 22 28 30 26 29 27 31 34 33 32 35 36 39 37 38 40 44 41 42 43 45 49 47 46 50 48  1  5  3  4  2  6  7 10  9  8 12 11 14 13 15
 48 46 49 47 50  5  2  1  4  3  9  6  7 10  8 12 15 14 13 11 17 20 18 19 16 25 22 23 24 21 30 28 27 26 29 32 31 34 35 33 37 38 36 40 39 43 42 45 44 41
 38 36 39 37 40 45 42 41 44 43 49 46 47 50 48  2  5  4  3  1  7 10  8  9  6 15 12 13 14 11 20 18 17 16 19 22 21 24 25 23 27 28 26 30 29 33 32 35 34 31
 18 16 19 17 20 25 22 21 24 23 29 26 27 30 28 32 35 34 33 31 37 40 38 39 36 45 42 43 44 41 50 48 47 46 49  2  1  4  5  3  7  8  6 10  9 13 12 15 14 11
  3  1  4  2  5 10  7  6  9  8 14 11 12 15 13 17 20 19 18 16 22 25 23 24 21 30 27 28 29 26 35 33 32 31 34 37 36 39 40 38 42 43 41 45 44 48 47 50 49 46
 13 11 14 12 15 20 17 16 19 18 24 21 22 25 23 27 30 29 28 26 32 35 33 34 31 40 37 38 39 36 45 43 42 41 44 47 46 49 50 48  2  3  1  5  4  8  7 10  9  6
 43 41 44 42 45 50 47 46 49 48  4  1  2  5  3  7 10  9  8  6 12 15 13 14 11 20 17 18 19 16 25 23 22 21 24 27 26 29 30 28 32 33 31 35 34 38 37 40 39 36
 23 21 24 22 25 30 27 26 29 28 34 31 32 35 33 37 40 39 38 36 42 45 43 44 41 50 47 48 49 46  5  3  2  1  4  7  6  9 10  8 12 13 11 15 14 18 17 20 19 16
  8  6  9  7 10 15 12 11 14 13 19 16 17 20 18 22 25 24 23 21 27 30 28 29 26 35 32 33 34 31 40 38 37 36 39 42 41 44 45 43 47 48 46 50 49  3  2  5  4  1
 28 26 29 27 30 35 32 31 34 33 39 36 37 40 38 42 45 44 43 41 47 50 48 49 46  5  2  3  4  1 10  8  7  6  9 12 11 14 15 13 17 18 16 20 19 23 22 25 24 21
 33 31 34 32 35 40 37 36 39 38 44 41 42 45 43 47 50 49 48 46  2  5  3  4  1 10  7  8  9  6 15 13 12 11 14 17 16 19 20 18 22 23 21 25 24 28 27 30 29 26
