  3  1  2  5  4  6 10  7  8  9 11 14 15 12 13 16 19 20 18 17 21 22 23 25 24 29 30 27 28 26 34 33 35 31 32 37 40 38 39 36 44 45 42 43 41 48 46 49 47 50
  8  6  7 10  9 11 15 12 13 14 16 19 20 17 18 21 24 25 23 22 26 27 28 30 29 34 35 32 33 31 39 38 40 36 37 42 45 43 44 41 49 50 47 48 46  3  1  4  2  5
 23 21 22 25 24 26 30 27 28 29 31 34 35 32 33 36 39 40 38 37 41 42 43 45 44 49 50 47 48 46  4  3  5  1  2  7 10  8  9  6 14 15 12 13 11 18 16 19 17 20
 38 36 37 40 39 41 45 42 43 44 46 49 50 47 48  1  4  5  3  2  6  7  8 10  9 14 15 12 13 11 19 18 20 16 17 22 25 23 24 21 29 30 27 28 26 33 31 34 32 35
 18 16 17 20 19 21 25 22 23 24 26 29 30 27 28 31 34 35 33 32 36 37 38 40 39 44 45 42 43 41 49 48 50 46 47  2  5  3  4  1  9 10  7  8  6 13 11 14 12 15
 43 41 42 45 44 46 50 47 48 49  1  4  5  2  3  6  9 10  8  7 11 12 13 15 14 19 20 17 18 16 24 23 25 21 22 27 30 28 29 26 34 35 32 33 31 38 36 39 37 40
 48 46 47 50 49  1  5  2  3  4  6  9 10  7  8 11 14 15 13 12 16 17 18 20 19 24 25 22 23 21 29 28 30 26 27 32 35 33 34 31 39 40 37 38 36 43 41 44 42 45
 13 11 12 15 14 16 20 17 18 19 21 24 25 22 23 26 29 30 28 27 31 32 33 35 34 39 40 37 38 36 44 43 45 41 42 47 50 48 49 46  4  5  2  3  1  8  6  9  7 10
 33 31 32 35 34 36 40 37 38 39 41 44 45 42 43 46 49 50 48 47  1  2  3  5  4  9 10  7  8  6 14 13 15 11 12 17 20 18 19 16 24 25 22 23 21 28 26 29 27 30
 28 26 27 30 29 31 35 32 33 34 36 39 40 37 38 41 44 45 43 42 46 47 48 50 49  4  5  2  3  1  9  8 10  6  7 12 15 13 14 11 19 20 17 18 16 23 21 24 22 25
 49 47 48 46 50  2  1  3  4  5  7 10  6  8  9 12 15 11 14 13 17 18 19 16 20 25 21 23 24 22 30 29 26 27 28 33 31 34 35 32 40 36 38 39 37 44 42 45 43 41
  9  7  8  6 10 12 11 13 14 15 17 20 16 18 19 22 25 21 24 23 27 28 29 26 30 35 31 33 34 32 40 39 36 37 38 43 41 44 45 42 50 46 48 49 47  4  2  5  3  1
 44 42 43 41 45 47 46 48 49 50  2  5  1  3  4  7 10  6  9  8 12 13 14 11 15 20 16 18 19 17 25 24 21 22 23 28 26 29 30 27 35 31 33 34 32 39 37 40 38 36
 19 17 18 16 20 22 21 23 24 25 27 30 26 28 29 32 35 31 34 33 37 38 39 36 40 45 41 43 44 42 50 49 46 47 48  3  1  4  5  2 10  6  8  9  7 14 12 15 13 11
 24 22 23 21 25 27 26 28 29 30 32 35 31 33 34 37 40 36 39 38 42 43 44 41 45 50 46 48 49 47  5  4  1  2  3  8  6  9 10  7 15 11 13 14 12 19 17 20 18 16
 34 32 33 31 35 37 36 38 39 40 42 45 41 43 44 47 50 46 49 48  2  3  4  1  5 10  6  8  9  7 15 14 11 12 13 18 16 19 20 17 25 21 23 24 22 29 27 30 28 26
 14 12 13 11 15 17 16 18 19 20 22 25 21 23 24 27 30 26 29 28 32 33 34 31 35 40 36 38 39 37 45 44 41 42 43 48 46 49 50 47  5  1  3  4  2  9  7 10  8  6
 29 27 28 26 30 32 31 33 34 35 37 40 36 38 39 42 45 41 44 43 47 48 49 46 50  5  1  3  4  2 10  9  6  7  8 13 11 14 15 12 20 16 18 19 17 24 22 25 23 21
 39 37 38 36 40 42 41 43 44 45 47 50 46 48 49  2  5  1  4  3  7  8  9  6 10 15 11 13 14 12 20 19 16 17 18 23 21 24 25 22 30 26 28 29 27 34 32 35 33 31
  4  2  3  1  5  7  6  8  9 10 12 15 11 13 14 17 20 16 19 18 22 23 24 21 25 30 26 28 29 27 35 34 31 32 33 38 36 39 40 37 45 41 43 44 42 49 47 50 48 46
 15 13 14 12 11 18 17 19 20 16 23 21 22 24 25 28 26 27 30 29 33 34 35 32 31 36 37 39 40 38 41 45 42 43 44 49 47 50 46 48  1  2  4  5  3 10  8  6  9  7
 40 38 39 37 36 43 42 44 45 41 48 46 47 49 50  3  1  2  5  4  8  9 10  7  6 11 12 14 15 13 16 20 17 18 19 24 22 25 21 23 26 27 29 30 28 35 33 31 34 32
 45 43 44 42 41 48 47 49 50 46  3  1  2  4  5  8  6  7 10  9 13 14 15 12 11 16 17 19 20 18 21 25 22 23 24 29 27 30 26 28 31 32 34 35 33 40 38 36 39 37
 20 18 19 17 16 23 22 24 25 21 28 26 27 29 30 33 31 32 35 34 38 39 40 37 36 41 42 44 45 43 46 50 47 48 49  4  2  5  1  3  6  7  9 10  8 15 13 11 14 12
 10  8  9  7  6 13 12 14 15 11 18 16 17 19 20 23 21 22 25 24 28 29 30 27 26 31 32 34 35 33 36 40 37 38 39 44 42 45 41 43 46 47 49 50 48  5  3  1  4  2
 50 48 49 47 46  3  2  4  5  1  8  6  7  9 10 13 11 12 15 14 18 19 20 17 16 21 22 24 25 23 26 30 27 28 29 34 32 35 31 33 36 37 39 40 38 45 43 41 44 42
 25 23 24 22 21 28 27 29 30 26 33 31 32 34 35 38 36 37 40 39 43 44 45 42 41 46 47 49 50 48  1  5  2  3  4  9  7 10  6  8 11 12 14 15 13 20 18 16 19 17
  5  3  4  2  1  8  7  9 10  6 13 11 12 14 15 18 16 17 20 19 23 24 25 22 21 26 27 29 30 28 31 35 32 33 34 39 37 40 36 38 41 42 44 45 43 50 48 46 49 47
 30 28 29 27 26 33 32 34 35 31 38 36 37 39 40 43 41 42 45 44 48 49 50 47 46  1  2  4  5  3  6 10  7  8  9 14 12 15 11 13 16 17 19 20 18 25 23 21 24 22
 35 33 34 32 31 38 37 39 40 36 43 41 42 44 45 48 46 47 50 49  3  4  5  2  1  6  7  9 10  8 11 15 12 13 14 19 17 20 16 18 21 22 24 25 23 30 28 26 29 27
 16 19 20 18 17 24 23 25 21 22 29 27 28 30 26 34 32 33 31 35 39 40 36 38 37 42 43 45 41 44 47 46 48 49 50  5  3  1  2  4  7  8 10  6  9 11 14 12 15 13
 36 39 40 38 37 44 43 45 41 42 49 47 48 50 46  4  2  3  1  5  9 10  6  8  7 12 13 15 11 14 17 16 18 19 20 25 23 21 22 24 27 28 30 26 29 31 34 32 35 33
  6  9 10  8  7 14 13 15 11 12 19 17 18 20 16 24 22 23 21 25 29 30 26 28 27 32 33 35 31 34 37 36 38 39 40 45 43 41 42 44 47 48 50 46 49  1  4  2  5  3
 21 24 25 23 22 29 28 30 26 27 34 32 33 35 31 39 37 38 36 40 44 45 41 43 42 47 48 50 46 49  2  1  3  4  5 10  8  6  7  9 12 13 15 11 14 16 19 17 20 18
 41 44 45 43 42 49 48 50 46 47  4  2  3  5  1  9  7  8  6 10 14 15 11 13 12 17 18 20 16 19 22 21 23 24 25 30 28 26 27 29 32 33 35 31 34 36 39 37 40 38
 31 34 35 33 32 39 38 40 36 37 44 42 43 45 41 49 47 48 46 50  4  5  1  3  2  7  8 10  6  9 12 11 13 14 15 20 18 16 17 19 22 23 25 21 24 26 29 27 30 28
 26 29 30 28 27 34 33 35 31 32 39 37 38 40 36 44 42 43 41 45 49 50 46 48 47  2  3  5  1  4  7  6  8  9 10 15 13 11 12 14 17 18 20 16 19 21 24 22 25 23
 11 14 15 13 12 19 18 20 16 17 24 22 23 25 21 29 27 28 26 30 34 35 31 33 32 37 38 40 36 39 42 41 43 44 45 50 48 46 47 49  2  3  5  1  4  6  9  7 10  8
  1  4  5  3  2  9  8 10  6  7 14 12 13 15 11 19 17 18 16 20 24 25 21 23 22 27 28 30 26 29 32 31 33 34 35 40 38 36 37 39 42 43 45 41 44 46 49 47 50 48
 46 49 50 48 47  4  3  5  1  2  9  7  8 10  6 14 12 13 11 15 19 20 16 18 17 22 23 25 21 24 27 26 28 29 30 35 33 31 32 34 37 38 40 36 39 41 44 42 45 43
 22 25 21 24 23 30 29 26 27 28 35 33 34 31 32 40 38 39 37 36 45 41 42 44 43 48 49 46 47 50  3  2  4  5  1  6  9  7  8 10 13 14 11 12 15 17 20 18 16 19
 27 30 26 29 28 35 34 31 32 33 40 38 39 36 37 45 43 44 42 41 50 46 47 49 48  3  4  1  2  5  8  7  9 10  6 11 14 12 13 15 18 19 16 17 20 22 25 23 21 24
 32 35 31 34 33 40 39 36 37 38 45 43 44 41 42 50 48 49 47 46  5  1  2  4  3  8  9  6  7 10 13 12 14 15 11 16 19 17 18 20 23 24 21 22 25 27 30 28 26 29
 37 40 36 39 38 45 44 41 42 43 50 48 49 46 47  5  3  4  2  1 10  6  7  9  8 13 14 11 12 15 18 17 19 20 16 21 24 22 23 25 28 29 26 27 30 32 35 33 31 34
  7 10  6  9  8 15 14 11 12 13 20 18 19 16 17 25 23 24 22 21 30 26 27 29 28 33 34 31 32 35 38 37 39 40 36 41 44 42 43 45 48 49 46 47 50  2  5  3  1  4
 17 20 16 19 18 25 24 21 22 23 30 28 29 26 27 35 33 34 32 31 40 36 37 39 38 43 44 41 42 45 48 47 49 50 46  1  4  2  3  5  8  9  6  7 10 12 15 13 11 14
  2  5  1  4  3 10  9  6  7  8 15 13 14 11 12 20 18 19 17 16 25 21 22 24 23 28 29 26 27 30 33 32 34 35 31 36 39 37 38 40 43 44 41 42 45 47 50 48 46 49
 12 15 11 14 13 20 19 16 17 18 25 23 24 21 22 30 28 29 27 26 35 31 32 34 33 38 39 36 37 40 43 42 44 45 41 46 49 47 48 50  3  4  1  2  5  7 10  8  6  9
 47 50 46 49 48  5  4  1  2  3 10  8  9  6  7 15 13 14 12 11 20 16 17 19 18 23 24 21 22 25 28 27 29 30 26 31 34 32 33 35 38 39 36 37 40 42 45 43 41 44
 42 45 41 44 43 50 49 46 47 48  5  3  4  1  2 10  8  9  7  6 15 11 12 14 13 18 19 16 17 20 23 22 24 25 21 26 29 27 28 30 33 34 31 32 35 37 40 38 36 39
