 49 48 46 47 50  2  1  3  4  5  9  6  8  7 10 13 15 14 11 12 20 17 18 16 19 23 24 22 21 25 26 29 27 28 30 33 32 31 35 34 36 38 39 40 37 45 44 41 42 43
 29 28 26 27 30 32 31 33 34 35 39 36 38 37 40 43 45 44 41 42 50 47 48 46 49  3  4  2  1  5  6  9  7  8 10 13 12 11 15 14 16 18 19 20 17 25 24 21 22 23
 19 18 16 17 20 22 21 23 24 25 29 26 28 27 30 33 35 34 31 32 40 37 38 36 39 43 44 42 41 45 46 49 47 48 50  3  2  1  5  4  6  8  9 10  7 15 14 11 12 13
  4  3  1  2  5  7  6  8  9 10 14 11 13 12 15 18 20 19 16 17 25 22 23 21 24 28 29 27 26 30 31 34 32 33 35 38 37 36 40 39 41 43 44 45 42 50 49 46 47 48
 44 43 41 42 45 47 46 48 49 50  4  1  3  2  5  8 10  9  6  7 15 12 13 11 14 18 19 17 16 20 21 24 22 23 25 28 27 26 30 29 31 33 34 35 32 40 39 36 37 38
 24 23 21 22 25 27 26 28 29 30 34 31 33 32 35 38 40 39 36 37 45 42 43 41 44 48 49 47 46 50  1  4  2  3  5  8  7  6 10  9 11 13 14 15 12 20 19 16 17 18
 39 38 36 37 40 42 41 43 44 45 49 46 48 47 50  3  5  4  1  2 10  7  8  6  9 13 14 12 11 15 16 19 17 18 20 23 22 21 25 24 26 28 29 30 27 35 34 31 32 33
  9  8  6  7 10 12 11 13 14 15 19 16 18 17 20 23 25 24 21 22 30 27 28 26 29 33 34 32 31 35 36 39 37 38 40 43 42 41 45 44 46 48 49 50 47  5  4  1  2  3
 34 33 31 32 35 37 36 38 39 40 44 41 43 42 45 48 50 49 46 47  5  2  3  1  4  8  9  7  6 10 11 14 12 13 15 18 17 16 20 19 21 23 24 25 22 30 29 26 27 28
 14 13 11 12 15 17 16 18 19 20 24 21 23 22 25 28 30 29 26 27 35 32 33 31 34 38 39 37 36 40 41 44 42 43 45 48 47 46 50 49  1  3  4  5  2 10  9  6  7  8
 40 39 37 38 36 43 42 44 45 41 50 47 49 48 46  4  1  5  2  3  6  8  9  7 10 14 15 13 12 11 17 20 18 19 16 24 23 22 21 25 27 29 30 26 28 31 35 32 33 34
  5  4  2  3  1  8  7  9 10  6 15 12 14 13 11 19 16 20 17 18 21 23 24 22 25 29 30 28 27 26 32 35 33 34 31 39 38 37 36 40 42 44 45 41 43 46 50 47 48 49
 45 44 42 43 41 48 47 49 50 46  5  2  4  3  1  9  6 10  7  8 11 13 14 12 15 19 20 18 17 16 22 25 23 24 21 29 28 27 26 30 32 34 35 31 33 36 40 37 38 39
 50 49 47 48 46  3  2  4  5  1 10  7  9  8  6 14 11 15 12 13 16 18 19 17 20 24 25 23 22 21 27 30 28 29 26 34 33 32 31 35 37 39 40 36 38 41 45 42 43 44
 15 14 12 13 11 18 17 19 20 16 25 22 24 23 21 29 26 30 27 28 31 33 34 32 35 39 40 38 37 36 42 45 43 44 41 49 48 47 46 50  2  4  5  1  3  6 10  7  8  9
 30 29 27 28 26 33 32 34 35 31 40 37 39 38 36 44 41 45 42 43 46 48 49 47 50  4  5  3  2  1  7 10  8  9  6 14 13 12 11 15 17 19 20 16 18 21 25 22 23 24
 20 19 17 18 16 23 22 24 25 21 30 27 29 28 26 34 31 35 32 33 36 38 39 37 40 44 45 43 42 41 47 50 48 49 46  4  3  2  1  5  7  9 10  6  8 11 15 12 13 14
 10  9  7  8  6 13 12 14 15 11 20 17 19 18 16 24 21 25 22 23 26 28 29 27 30 34 35 33 32 31 37 40 38 39 36 44 43 42 41 45 47 49 50 46 48  1  5  2  3  4
 35 34 32 33 31 38 37 39 40 36 45 42 44 43 41 49 46 50 47 48  1  3  4  2  5  9 10  8  7  6 12 15 13 14 11 19 18 17 16 20 22 24 25 21 23 26 30 27 28 29
 25 24 22 23 21 28 27 29 30 26 35 32 34 33 31 39 36 40 37 38 41 43 44 42 45 49 50 48 47 46  2  5  3  4  1  9  8  7  6 10 12 14 15 11 13 16 20 17 18 19
 21 25 23 24 22 29 28 30 26 27 31 33 35 34 32 40 37 36 38 39 42 44 45 43 41 50 46 49 48 47  3  1  4  5  2 10  9  8  7  6 13 15 11 12 14 17 16 18 19 20
 26 30 28 29 27 34 33 35 31 32 36 38 40 39 37 45 42 41 43 44 47 49 50 48 46  5  1  4  3  2  8  6  9 10  7 15 14 13 12 11 18 20 16 17 19 22 21 23 24 25
 11 15 13 14 12 19 18 20 16 17 21 23 25 24 22 30 27 26 28 29 32 34 35 33 31 40 36 39 38 37 43 41 44 45 42 50 49 48 47 46  3  5  1  2  4  7  6  8  9 10
  6 10  8  9  7 14 13 15 11 12 16 18 20 19 17 25 22 21 23 24 27 29 30 28 26 35 31 34 33 32 38 36 39 40 37 45 44 43 42 41 48 50 46 47 49  2  1  3  4  5
  1  5  3  4  2  9  8 10  6  7 11 13 15 14 12 20 17 16 18 19 22 24 25 23 21 30 26 29 28 27 33 31 34 35 32 40 39 38 37 36 43 45 41 42 44 47 46 48 49 50
 46 50 48 49 47  4  3  5  1  2  6  8 10  9  7 15 12 11 13 14 17 19 20 18 16 25 21 24 23 22 28 26 29 30 27 35 34 33 32 31 38 40 36 37 39 42 41 43 44 45
 41 45 43 44 42 49 48 50 46 47  1  3  5  4  2 10  7  6  8  9 12 14 15 13 11 20 16 19 18 17 23 21 24 25 22 30 29 28 27 26 33 35 31 32 34 37 36 38 39 40
 16 20 18 19 17 24 23 25 21 22 26 28 30 29 27 35 32 31 33 34 37 39 40 38 36 45 41 44 43 42 48 46 49 50 47  5  4  3  2  1  8 10  6  7  9 12 11 13 14 15
 36 40 38 39 37 44 43 45 41 42 46 48 50 49 47  5  2  1  3  4  7  9 10  8  6 15 11 14 13 12 18 16 19 20 17 25 24 23 22 21 28 30 26 27 29 32 31 33 34 35
 31 35 33 34 32 39 38 40 36 37 41 43 45 44 42 50 47 46 48 49  2  4  5  3  1 10  6  9  8  7 13 11 14 15 12 20 19 18 17 16 23 25 21 22 24 27 26 28 29 30
 32 31 34 35 33 40 39 36 37 38 42 44 41 45 43 46 48 47 49 50  3  5  1  4  2  6  7 10  9  8 14 12 15 11 13 16 20 19 18 17 24 21 22 23 25 28 27 29 30 26
 12 11 14 15 13 20 19 16 17 18 22 24 21 25 23 26 28 27 29 30 33 35 31 34 32 36 37 40 39 38 44 42 45 41 43 46 50 49 48 47  4  1  2  3  5  8  7  9 10  6
 42 41 44 45 43 50 49 46 47 48  2  4  1  5  3  6  8  7  9 10 13 15 11 14 12 16 17 20 19 18 24 22 25 21 23 26 30 29 28 27 34 31 32 33 35 38 37 39 40 36
  2  1  4  5  3 10  9  6  7  8 12 14 11 15 13 16 18 17 19 20 23 25 21 24 22 26 27 30 29 28 34 32 35 31 33 36 40 39 38 37 44 41 42 43 45 48 47 49 50 46
  7  6  9 10  8 15 14 11 12 13 17 19 16 20 18 21 23 22 24 25 28 30 26 29 27 31 32 35 34 33 39 37 40 36 38 41 45 44 43 42 49 46 47 48 50  3  2  4  5  1
 37 36 39 40 38 45 44 41 42 43 47 49 46 50 48  1  3  2  4  5  8 10  6  9  7 11 12 15 14 13 19 17 20 16 18 21 25 24 23 22 29 26 27 28 30 33 32 34 35 31
 22 21 24 25 23 30 29 26 27 28 32 34 31 35 33 36 38 37 39 40 43 45 41 44 42 46 47 50 49 48  4  2  5  1  3  6 10  9  8  7 14 11 12 13 15 18 17 19 20 16
 27 26 29 30 28 35 34 31 32 33 37 39 36 40 38 41 43 42 44 45 48 50 46 49 47  1  2  5  4  3  9  7 10  6  8 11 15 14 13 12 19 16 17 18 20 23 22 24 25 21
 17 16 19 20 18 25 24 21 22 23 27 29 26 30 28 31 33 32 34 35 38 40 36 39 37 41 42 45 44 43 49 47 50 46 48  1  5  4  3  2  9  6  7  8 10 13 12 14 15 11
 47 46 49 50 48  5  4  1  2  3  7  9  6 10  8 11 13 12 14 15 18 20 16 19 17 21 22 25 24 23 29 27 30 26 28 31 35 34 33 32 39 36 37 38 40 43 42 44 45 41
 13 12 15 11 14 16 20 17 18 19 23 25 22 21 24 27 29 28 30 26 34 31 32 35 33 37 38 36 40 39 45 43 41 42 44 47 46 50 49 48  5  2  3  4  1  9  8 10  6  7
 33 32 35 31 34 36 40 37 38 39 43 45 42 41 44 47 49 48 50 46  4  1  2  5  3  7  8  6 10  9 15 13 11 12 14 17 16 20 19 18 25 22 23 24 21 29 28 30 26 27
 18 17 20 16 19 21 25 22 23 24 28 30 27 26 29 32 34 33 35 31 39 36 37 40 38 42 43 41 45 44 50 48 46 47 49  2  1  5  4  3 10  7  8  9  6 14 13 15 11 12
  3  2  5  1  4  6 10  7  8  9 13 15 12 11 14 17 19 18 20 16 24 21 22 25 23 27 28 26 30 29 35 33 31 32 34 37 36 40 39 38 45 42 43 44 41 49 48 50 46 47
 43 42 45 41 44 46 50 47 48 49  3  5  2  1  4  7  9  8 10  6 14 11 12 15 13 17 18 16 20 19 25 23 21 22 24 27 26 30 29 28 35 32 33 34 31 39 38 40 36 37
 48 47 50 46 49  1  5  2  3  4  8 10  7  6  9 12 14 13 15 11 19 16 17 20 18 22 23 21 25 24 30 28 26 27 29 32 31 35 34 33 40 37 38 39 36 44 43 45 41 42
 38 37 40 36 39 41 45 42 43 44 48 50 47 46 49  2  4  3  5  1  9  6  7 10  8 12 13 11 15 14 20 18 16 17 19 22 21 25 24 23 30 27 28 29 26 34 33 35 31 32
 28 27 30 26 29 31 35 32 33 34 38 40 37 36 39 42 44 43 45 41 49 46 47 50 48  2  3  1  5  4 10  8  6  7  9 12 11 15 14 13 20 17 18 19 16 24 23 25 21 22
 23 22 25 21 24 26 30 27 28 29 33 35 32 31 34 37 39 38 40 36 44 41 42 45 43 47 48 46 50 49  5  3  1  2  4  7  6 10  9  8 15 12 13 14 11 19 18 20 16 17
  8  7 10  6  9 11 15 12 13 14 18 20 17 16 19 22 24 23 25 21 29 26 27 30 28 32 33 31 35 34 40 38 36 37 39 42 41 45 44 43 50 47 48 49 46  4  3  5  1  2
