 14  1 13  4 18 15  6  7 10 12  9  2  5 17  8 11 16  3
 12  8 11  6  4  5  9 16  1 17 14  7  2 15  3 18 13 10
  6 15  1  3  9 14  4 13 16  7 12 11 10 18  5 17  2  8
 10 18  5  8  1  3  2 14  6  9 13  4  7 11 15 16 17 12
  7  9 15 18 11 13  1  8 14  2  6 17  3 16 10 12  5  4
 16  4 12  7 10  6 18 17 11 13  5  3 14  8  2  1 15  9
  5 11 14 10 17  2 15  3  4 18 16  8 12  9  7 13  6  1
 13 17 16  2  7  8 11 12  3  5 10 15  6  1  9  4 18 14
  3  2 17  9 12 16  5 10 15  8  1 18  4 13 14  6 11  7
 15 10  6 16 14  9 17  1  7  4  3  5 18 12 13  2  8 11
  2  3  9 11  6  7 14  4  8 15 18 12 17 10 16  5  1 13
  1  7  3 15  8 17 10  6  5 16  4  9 13  2 11 14 12 18
 18  6  2  1  3  4 12  9 13 10  7 16 11  5 17  8 14 15
  9 16 10 14  5  1  8 11 18  3 17 13 15  6 12  7  4  2
 17 12 18 13 15 11 16  2  9  6  8 14  1  3  4 10  7  5
 11  5  7 17  2 10 13 18 12 14 15  6  8  4  1  3  9 16
  4 14  8  5 13 12  3 15 17 11  2  1 16  7 18  9 10  6
  8 13  4 12 16 18  7  5  2  1 11 10  9 14  6 15  3 17
