 15 12  3 11  6  2  5 17 14 16 13  9  4 18  1  7  8 10
 17 13 12  9  1  3 15  8 10 11 18  4  5  2  6 14 16  7
 16  7  5 14  8 11  3  6  9 12 15 10 13 17  2 18  4  1
 10  4 18  2  7  9 11 13  3  5  8 14  1 12 17 16  6 15
 11  5  4 13 12 10 16  2  6 18  3  1  8  7 15  9 17 14
  1 14 10 15 13 16 12  4 17  2  5  7  6  3  8 11 18  9
 18  8  7  1 14  4 10  9 13 15  6 17 16 11  3  5  2 12
  9  3 16  6  5 17 18  1  8  7 12  2 15 14  4 10 11 13
  6  2  8 17 15 18 14  7  1  4 11 16  9 10 13 12  5  3
 12  1  9 18 17 15 13 11  2  6 16  5 14  8 10  3  7  4
  7  6 11 10 18  1 17 14  4  9  2  8  3 15  5 13 12 16
 14  9 17  5 10 13  6 18 11  1  7 15  2 16 12  4  3  8
  5 11 14 12 16  6  1  3  7 17  4 13 10  9 18  8 15  2
  2 18 13  7 11 12  9 10 15  8  1  3 17  4 16  6 14  5
  8 17  1  4  9  5  7 15 16  3 10 12 11  6 14  2 13 18
  4 15  6  8  3  7  2 16 18 13 14 11 12  5  9  1 10 17
 13 16  2  3  4 14  8  5 12 10 17  6 18  1  7 15  9 11
  3 10 15 16  2  8  4 12  5 14  9 18  7 13 11 17  1  6
