  9 18  6  1 13  3 12 16 17  5 10  4 15  2  8 11 14  7
  2  6 18  3 16 14  5  4 13 10 17 11  9 12  7 15  8  1
  8  5  2 10  4  9  1 18 16 14  7 13  6 11  3 12 15 17
  7 11  4  9 18  8 14 13  2  3 16 15 17  5  1 10  6 12
  4  3  7 17  6  2  9 11 12 15  5  1 10  8 16 14 13 18
 13 17  8  5  7  1  2 15 11  9 12 14 16  3 18  6 10  4
 15 16 11 13  5 12  3 10  1  7  6  8 14 18 17  4  9  2
  1 12 15 14 17 10  7  6 18  8  3  2 13  4  5  9 16 11
 10 14 12 16 11 15  8 17  4  6 18  9  7  1 13  2  5  3
 12  1 13  7 15  6 11 14  8 16  2  5  3  9  4 18 17 10
 14  9  3 11 12 16  6  7 15 17  4 18  5 10  2  8  1 13
 18  7  1  6  9  5  4  8  3 11 14 17  2 16 10 13 12 15
 11 15 14 12  2  7 16  3  6  1 13 10 18 17  9  5  4  8
  5 13 10  8 14 11 17 12  7 18  1 16  4 15  6  3  2  9
  6  2  5 18  1 17 10  9 14  4  8  3 12 13 15  7 11 16
 16  4  9  2  8 13 18  1 10 12 15  6 11  7 14 17  3  5
  3  8 17  4 10 18 15  2  5 13  9 12  1  6 11 16  7 14
 17 10 16 15  3  4 13  5  9  2 11  7  8 14 12  1 18  6
