  1  3 14 10 12 16  2  9 11  8 18  5  6  4 13 15  7 17
  2 11 13 15 10 17 12  7 18 14  3  8  5 16  4  1  9  6
 17 13  2  8  7 14 16  6 12  1 11  4 10  9  5 18 15  3
  6 15  1  4 13  5 14 11  7 10 12  9  8 18  3 17  2 16
  7 12 17  6  1 11 13 18  9  2 14 16  3 15 10  8  5  4
 18  4  7  5  2  6  1 17 13  3 10 15 14 12  9 16  8 11
 10  5 12 18  8  9  4  3 16 15 13 17 11  7  6  2  1 14
 14 16  3  9  4 18  8 15  6  5  7  1  2 17 12 11 10 13
  9  8 11 16  3 15  5 10  4 17  6  2 13  1 14  7 12 18
 16 18  4 14 15  7  3 13  2 12  9  6 17  8  1  5 11 10
 11  6  5  7 16  8 17 14 10  9  4 13 12  2 15  3 18  1
  4  2 10 17 18  3 11 16 15  6  5  7  1 13  8 12 14  9
  8  9 18 11  5  2  7 12 17 13  1  3  4 14 16 10  6 15
  5 14 16  3  9 10 18  8  1  4 17 12 15 11  7  6 13  2
 13 10  8  1 17 12 15  2  3 11 16 14  7  6 18  9  4  5
 12  1  9  2 11  4  6  5 14  7 15 10 18  3 17 13 16  8
 15 17  6 12 14 13  9  1  5 18  8 11 16 10  2  4  3  7
  3  7 15 13  6  1 10  4  8 16  2 18  9  5 11 14 17 12
