  5  4  3  9 15 14  8  2 16  6 17 12 13  1 10 18 11  7
  8  3  4  7 11 12 17  5  9 13 16  2  6 15 14  1 10 18
 16 10 12  2  3  8 11  4  5 14  9  1  7 18 13  6 15 17
 15 13 14 16  4 10  3  1 17  2  5 18  9 11  7 12  6  8
 17 12  5 15 16  1 14  6  3 18  7 13  2 10 11  8  4  9
  7  9 10  6  5  2 16 18  1 11 14  3 17  8  4 15 13 12
 11  2 13  1  7 18 15  9  4 10  8  6  5 12 17 16 14  3
 18 14 11  8 17  6  7 13 15 12  4 10 16  3  2  9  1  5
  6  1 17 18  9 13 10 12  8  7 15 11 14  4  5  3 16  2
  2 17  8 13 18  7 12 15  6  1  3  5  4 14 16 10  9 11
  1  5  7 17 13  3  6 11 12  4  2 16 10  9  8 14 18 15
  3  8  1  5 10 15 18  7 11  9 13  4 12 16  6 17  2 14
 13 16 18 11  2 17  4  3  7  8 10 14 15  6  9  5 12  1
 10  7  6  4 12 11  5 14 13  3  1  9 18 17 15  2  8 16
 14 11  9  3  1  5  2 16 10 15 12  7  8 13 18  4 17  6
  4  6 16 10  8  9  1 17 14  5 18 15  3  2 12 11  7 13
  9 18 15 12 14 16 13 10  2 17  6  8 11  5  1  7  3  4
 12 15  2 14  6  4  9  8 18 16 11 17  1  7  3 13  5 10
