  9  1  2  3 14  8 12  6 15  4 10 18  5 17  7 11 13 16
 17  6  4 10  7  2 14  1 16  8 13 12 18 11  9  3  5 15
  7 12 18  9 10 13  3  4  6 14 15 11 16  1 17  5  8  2
 13  3  8 11  4 15  5 10 12 18 14  6  7  2  1 16  9 17
 15 10  1 17 18 12 13  2  9 11 16  5  3 14  6  8  7  4
  2  8  7 13 11 16 18 15 10  5 17  1  6  9 14  4  3 12
  4  5 15 12  3 17 11 16 13  1  9  7 10  8 18  2 14  6
 18 11 16 14  5  6  8  9  7 17  2  3 13  4 12 15  1 10
 16 14  6  5  9  1  7 17  3  2  4  8 12 15 10 13 18 11
 11  9  5 15 12 14 10  3 17  6  8 16  4  7 13  1  2 18
  3 15 11  6 17 10  1 12  2 13  7  9  8  5 16 18  4 14
  8  4 17  2 15  5  6  7  1  3 12 10  9 18 11 14 16 13
 10 13  3  4  1 11 17  5  8 16 18 15 14 12  2  9  6  7
  6 16 14  1  2  7  9 11 18 12  3  4 15 13  8 17 10  5
 12  7 10  8 13 18 16 14 11  9  5 17  2  3  4  6 15  1
  1 17 13 16  8  4  2 18  5 15  6 14 11 10  3  7 12  9
 14 18  9  7 16  3 15 13  4 10  1  2 17  6  5 12 11  8
  5  2 12 18  6  9  4  8 14  7 11 13  1 16 15 10 17  3
