 16  3 12  6  8 11 15 18  4  9  1 13 14 10  2 17  7  5
  9 18 17  2  6 14 11  7  8 15  4 12  1 16 10  5 13  3
 12  8 13  1  2  3  6 10 11 18  9 14  4  5 16  7 15 17
  5 14  4 16 15  1 12  2  6 17  8 10 13  7  9  3 18 11
  2 17  9 15 16  4  1 13 10 14  7  5  3  8 18 11  6 12
 11  4 18  7 13  9 17  3  2  5  6 16 12 15 14  8  1 10
 10 13 11  3 12  7  4  5  1 16 18 17  9  2 15  6 14  8
 15  1  8 10 17  5  9 14  7 13 11  3  6 18  4 12 16  2
  7  6 14  5 18 10 16  8 12  3  2 15 17 11 13  1  9  4
  1  9  6 14  7 13 18 15 17 11  5  2  8  3 12 10  4 16
  8  7 10 13  3 16  2  6 15 12 14  9 18 17 11  4  5  1
  4 16  1 17 11  6  8 12 13 10 15 18  2  9  5 14  3  7
 13  2 15  9  1 12  7 16  5  8 10  6 11  4  3 18 17 14
 17 10  2  4  9  8 14  1 16  6  3 11  5 13  7 15 12 18
  3 12  5  8  4 15 10  9 18  2 13  1  7 14 17 16 11  6
 18 11 16 12  5  2  3  4 14  1 17  7 15  6  8  9 10 13
 14  5  3 18 10 17 13 11  9  7 12  4 16  1  6  2  8 15
  6 15  7 11 14 18  5 17  3  4 16  8 10 12  1 13  2  9
