  7 16  4 10 15 12 13  9  3 18 17  2  5 11  8  6 14  1
 11  6 12 13  8  1  3 14  9 17 18  4 15  7 16  5 10  2
 13  4 18  2  7 16  8 17 14 12 10  1  6  3  9 11  5 15
  1  9  6 16 13  4 12  2  5  7  3 15 17 10 18 14 11  8
  5  3 11  8  6 18 16 10  2  4 14  7 12 13  1 15  9 17
  2 12  7  9  3 14 15 11 13  8  6  5  4  1 17 10 16 18
  8 14 15  5 17 11  7 18 10  1 12 13  9 16  4  2  6  3
 10 18  1 17  5  2  4  6 11 15  9 16 14  8  7  3 13 12
 15 17  3 14 10  9  1  5  6 16  8 11 18  2 12 13  4  7
  6  2 10  4 18  7  9  3  8 14 13 12  1  5 11 17 15 16
 12  1 13  3  9 15 11  7 18  2 16 14  8  6  5  4 17 10
 17  8  2 11 14  5 18  4  7  3 15  6 16 12 10  9  1 13
 16 10  8 18  2 17  5 13  4  9  7  3 11 15  6  1 12 14
  4  7  9  1 12  3  2 15 16  6  5 10 13 17 14 18  8 11
 14 11 16  7  1  6 10  8 15  5  2 17  3  4 13 12 18  9
 18 15 14  6  4 13 17 16 12 11  1  8 10  9  3  7  2  5
  3 13  5 12 11  8 14  1 17 10  4  9  2 18 15 16  7  6
  9  5 17 15 16 10  6 12  1 13 11 18  7 14  2  8  3  4
