  6 13 17 16  4  2  3  8 14 12  9  7 15 11  5 10 18  1
 15 12 10  5 18  7  1 11  9 16 14 17  6  3 13  4  8  2
  2 16  9  6  5  1 11  4 17 18 10 14 12  7  3 13 15  8
 12 15  3 13 14  8 10 18  7  9 16  1 17  6  4  2  5 11
 14 11 15  9  3 10  8  7  4  6 12  5 18 13 17  1  2 16
 17  5  6  1 16 13  2 12 18 11  4  8  9 14 10  3  7 15
 10  2  4 15  8  5 14 17 11  3 13 12 16  9  6 18  1  7
  3  1 18  7 12  6 13  9 16 14  8  4  2 10 11 15 17  5
  4 14 12 17  9  3  6  1  8 13 18  2  5 16 15  7 11 10
 16 10  2 18 15 11  7 13  5 17  6  3  8 12  1 14  4  9
  7  6  1 14 13 18 17  3 10  8  5 16  4 15  2 11  9 12
 11  8 16 12  2  9  4  5 15  7 17 18 10  1 14  6 13  3
  5  4  8 11  6 12  9 16  1  2  3 15 14 18  7 17 10 13
 18  7 13 10 17 14 15  2  3  5  1  9 11  8 12 16  6  4
 13 18  5  4  7 17 12 10  6  1 15 11  3  2  9  8 16 14
  9  3 11  8  1 15 16 14  2 10  7  6 13  4 18  5 12 17
  1 17 14  2 10 16 18 15 12  4 11 13  7  5  8  9  3  6
  8  9  7  3 11  4  5  6 13 15  2 10  1 17 16 12 14 18
