 13  1 16  7 11 18 14  4  9 12  3  8  2 15 17 10  5  6
  6  5  2 10  8  3 12 15 17 14 18  4  7 11  9 16  1 13
  9 18  5 12  7 13  8  6 16 10 14  3  4  2 15 11 17  1
  4 15  1  2 10 11  3 17 14 13  8 16  5  7  6 12 18  9
 17 11 18  1 13  9 15 14  8  4 16 10  3  5  2  6 12  7
  7  4 12  6  2 10 16  5  3  8 17 11  1 14 13  9 15 18
 14 17  7 16 12  1 11  3 15 18 13  9  6  4  8  2 10  5
 10  9 13  5  4  6  2  8 18 11 15 17 12  3  7  1 16 14
  2 16 10  9  3  4  7 11 12  6  1 14  8 18  5 15 13 17
  8 14 17 13  1 15  6 18  5  7 11  2 10 16  3  4  9 12
 12 10  8 18  6 17  4  7  2  3  5  1 14  9 16 13 11 15
  5 13 15  3  9 14  1 16 11 17  2 12 18 10  4  7  6  8
  3 12  9 17 14  7 13  1  4  2 10 15 16  6 18  5  8 11
 18  2 11 15 16  8  5 10  6  9  4  7 13  1 12 17 14  3
  1  7 14  8  5  2 18  9 10 15 12  6 17 13 11  3  4 16
 11  3  6  4 15 16 17 12 13  5  7 18  9  8  1 14  2 10
 16  6  4 11 18 12 10 13  7  1  9  5 15 17 14  8  3  2
 15  8  3 14 17  5  9  2  1 16  6 13 11 12 10 18  7  4
