  4  1  8  9  5 16 14  2 17 15  7 13 10 12  6 11 18  3
  6  3 13 18 11 12 10 15  7 14  2  5  9  1  8  4 17 16
  3  9  4 16  1 15 11 13  8  5 10  2  7 14 12 17  6 18
  2  5 10 14 12 18 17  7  6 11  8 15 13  9  1 16  3  4
 18  6  3 12 14  4  1 11 10  7 13  8  5  2 16 15  9 17
 13 16 15 17  9  7  8  5  2 10 18  1 12  3 11  6  4 14
 12 13  9  3 18  2  6 10 15 17 14 16 11  5  4  1  8  7
  8  4  5 11  7 14 16 17  1 13  6 12  2 15  3 18 10  9
  5 18  6  2 13  3  7  4 16 12 17 11  8 10  9 14 15  1
 15 11 17 10  8  9 12  1 14  6 16  3  4 13 18  7  2  5
 10  7 14  4  6  8  5  9 11  2  3 18 16 17 13 12  1 15
 16 12  2  1 15 17 18  3 13  4 11 14  6  7 10  9  5  8
 17 10 18 13  4  1 15 14 12 16  5  9  3  6  2  8  7 11
  9  8 16  7  3 11  2  6  5 18 12 17  1  4 15 13 14 10
 11 17  7  5  2 13  9 12  3  8  1  4 15 18 14 10 16  6
 14 15  1  8 10  6  4 16 18  3  9  7 17 11  5  2 12 13
  7  2 11 15 16 10  3 18  9  1  4  6 14  8 17  5 13 12
  1 14 12  6 17  5 13  8  4  9 15 10 18 16  7  3 11  2
