  3  1  5 17 15 14  6 13 10  9 11  8 18 12  2  4  7 16
  8  4 16  9 11  2 18 12  7 10  3  6  5 17 13  1 15 14
 16  8 11  7 17 12 14  2  9  1  5  3 15 10  6 13  4 18
  5 13  1 18  3 15  4 10  6 11  9 16 12  8 14 17  2  7
 17 12 14  8 18  6  9 16  1 15  7 11  4  5 10  2  3 13
 10 11 13 15  7  5  2  3  4 12 16  1  8  6 18  9 14 17
  1  6  4 11  8 18 17 14 13  3 15 10 16  9 12  7  5  2
  2 10 12 16  9  7  5 15  3  6  1 18 11  4 17 14 13  8
 13  3  2 14 16  9 12  1  5  4  6  7 10 11  8 18 17 15
  6 17 18  4 10 11  7  8 15 13  2 12  3 14  9  5 16  1
  9  2  3 13  5  8 15  7 11 17  4 14  1 18 16 12 10  6
 12 16  6  1 14 17 10  4 18  7 13  9  2  3 15  8 11  5
 18 14 10  6 12  3 11  5 16  8 17 13  9  2  7 15  1  4
  4  7 15  2 13  1  8  9 17 18 12  5 14 16 11 10  6  3
 15  5  9 10  4 16  1  6 14  2  8 17  7 13  3 11 18 12
 11 18  7 12  2 13  3 17  8  5 14 15  6  1  4 16  9 10
  7  9 17  5  6  4 16 18 12 14 10  2 13 15  1  3  8 11
 14 15  8  3  1 10 13 11  2 16 18  4 17  7  5  6 12  9
