 15 12 16 13 20 14 11 18 19 17 30 28 24 25 27 26 29 23 22 21 38 31 32 36 39 33 37 40 34 35 44 43 50 42 45 47 48 41 46 49 60 54 53 56 51 52 59 57 58 55 65 61 64 68 66 69 67 62 63 70 10  2  1  5  7  9  3  6  4  8
 25 22 26 23 30 24 21 28 29 27 40 38 34 35 37 36 39 33 32 31 48 41 42 46 49 43 47 50 44 45 54 53 60 52 55 57 58 51 56 59 70 64 63 66 61 62 69 67 68 65  5  1  4  8  6  9  7  2  3 10 20 12 11 15 17 19 13 16 14 18
 45 42 46 43 50 44 41 48 49 47 60 58 54 55 57 56 59 53 52 51 68 61 62 66 69 63 67 70 64 65  4  3 10  2  5  7  8  1  6  9 20 14 13 16 11 12 19 17 18 15 25 21 24 28 26 29 27 22 23 30 40 32 31 35 37 39 33 36 34 38
 35 32 36 33 40 34 31 38 39 37 50 48 44 45 47 46 49 43 42 41 58 51 52 56 59 53 57 60 54 55 64 63 70 62 65 67 68 61 66 69 10  4  3  6  1  2  9  7  8  5 15 11 14 18 16 19 17 12 13 20 30 22 21 25 27 29 23 26 24 28
  5  2  6  3 10  4  1  8  9  7 20 18 14 15 17 16 19 13 12 11 28 21 22 26 29 23 27 30 24 25 34 33 40 32 35 37 38 31 36 39 50 44 43 46 41 42 49 47 48 45 55 51 54 58 56 59 57 52 53 60 70 62 61 65 67 69 63 66 64 68
 55 52 56 53 60 54 51 58 59 57 70 68 64 65 67 66 69 63 62 61  8  1  2  6  9  3  7 10  4  5 14 13 20 12 15 17 18 11 16 19 30 24 23 26 21 22 29 27 28 25 35 31 34 38 36 39 37 32 33 40 50 42 41 45 47 49 43 46 44 48
 65 62 66 63 70 64 61 68 69 67 10  8  4  5  7  6  9  3  2  1 18 11 12 16 19 13 17 20 14 15 24 23 30 22 25 27 28 21 26 29 40 34 33 36 31 32 39 37 38 35 45 41 44 48 46 49 47 42 43 50 60 52 51 55 57 59 53 56 54 58
 46 43 47 44 41 45 42 49 50 48 51 59 55 56 58 57 60 54 53 52 69 62 63 67 70 64 68 61 65 66  5  4  1  3  6  8  9  2  7 10 11 15 14 17 12 13 20 18 19 16 26 22 25 29 27 30 28 23 24 21 31 33 32 36 38 40 34 37 35 39
 16 13 17 14 11 15 12 19 20 18 21 29 25 26 28 27 30 24 23 22 39 32 33 37 40 34 38 31 35 36 45 44 41 43 46 48 49 42 47 50 51 55 54 57 52 53 60 58 59 56 66 62 65 69 67 70 68 63 64 61  1  3  2  6  8 10  4  7  5  9
  6  3  7  4  1  5  2  9 10  8 11 19 15 16 18 17 20 14 13 12 29 22 23 27 30 24 28 21 25 26 35 34 31 33 36 38 39 32 37 40 41 45 44 47 42 43 50 48 49 46 56 52 55 59 57 60 58 53 54 51 61 63 62 66 68 70 64 67 65 69
 26 23 27 24 21 25 22 29 30 28 31 39 35 36 38 37 40 34 33 32 49 42 43 47 50 44 48 41 45 46 55 54 51 53 56 58 59 52 57 60 61 65 64 67 62 63 70 68 69 66  6  2  5  9  7 10  8  3  4  1 11 13 12 16 18 20 14 17 15 19
 36 33 37 34 31 35 32 39 40 38 41 49 45 46 48 47 50 44 43 42 59 52 53 57 60 54 58 51 55 56 65 64 61 63 66 68 69 62 67 70  1  5  4  7  2  3 10  8  9  6 16 12 15 19 17 20 18 13 14 11 21 23 22 26 28 30 24 27 25 29
 56 53 57 54 51 55 52 59 60 58 61 69 65 66 68 67 70 64 63 62  9  2  3  7 10  4  8  1  5  6 15 14 11 13 16 18 19 12 17 20 21 25 24 27 22 23 30 28 29 26 36 32 35 39 37 40 38 33 34 31 41 43 42 46 48 50 44 47 45 49
 66 63 67 64 61 65 62 69 70 68  1  9  5  6  8  7 10  4  3  2 19 12 13 17 20 14 18 11 15 16 25 24 21 23 26 28 29 22 27 30 31 35 34 37 32 33 40 38 39 36 46 42 45 49 47 50 48 43 44 41 51 53 52 56 58 60 54 57 55 59
 27 24 28 25 22 26 23 30 21 29 32 40 36 37 39 38 31 35 34 33 50 43 44 48 41 45 49 42 46 47 56 55 52 54 57 59 60 53 58 51 62 66 65 68 63 64 61 69 70 67  7  3  6 10  8  1  9  4  5  2 12 14 13 17 19 11 15 18 16 20
 17 14 18 15 12 16 13 20 11 19 22 30 26 27 29 28 21 25 24 23 40 33 34 38 31 35 39 32 36 37 46 45 42 44 47 49 50 43 48 41 52 56 55 58 53 54 51 59 60 57 67 63 66 70 68 61 69 64 65 62  2  4  3  7  9  1  5  8  6 10
  7  4  8  5  2  6  3 10  1  9 12 20 16 17 19 18 11 15 14 13 30 23 24 28 21 25 29 22 26 27 36 35 32 34 37 39 40 33 38 31 42 46 45 48 43 44 41 49 50 47 57 53 56 60 58 51 59 54 55 52 62 64 63 67 69 61 65 68 66 70
 67 64 68 65 62 66 63 70 61 69  2 10  6  7  9  8  1  5  4  3 20 13 14 18 11 15 19 12 16 17 26 25 22 24 27 29 30 23 28 21 32 36 35 38 33 34 31 39 40 37 47 43 46 50 48 41 49 44 45 42 52 54 53 57 59 51 55 58 56 60
 37 34 38 35 32 36 33 40 31 39 42 50 46 47 49 48 41 45 44 43 60 53 54 58 51 55 59 52 56 57 66 65 62 64 67 69 70 63 68 61  2  6  5  8  3  4  1  9 10  7 17 13 16 20 18 11 19 14 15 12 22 24 23 27 29 21 25 28 26 30
 57 54 58 55 52 56 53 60 51 59 62 70 66 67 69 68 61 65 64 63 10  3  4  8  1  5  9  2  6  7 16 15 12 14 17 19 20 13 18 11 22 26 25 28 23 24 21 29 30 27 37 33 36 40 38 31 39 34 35 32 42 44 43 47 49 41 45 48 46 50
 47 44 48 45 42 46 43 50 41 49 52 60 56 57 59 58 51 55 54 53 70 63 64 68 61 65 69 62 66 67  6  5  2  4  7  9 10  3  8  1 12 16 15 18 13 14 11 19 20 17 27 23 26 30 28 21 29 24 25 22 32 34 33 37 39 31 35 38 36 40
  8  5  9  6  3  7  4  1  2 10 13 11 17 18 20 19 12 16 15 14 21 24 25 29 22 26 30 23 27 28 37 36 33 35 38 40 31 34 39 32 43 47 46 49 44 45 42 50 41 48 58 54 57 51 59 52 60 55 56 53 63 65 64 68 70 62 66 69 67 61
 28 25 29 26 23 27 24 21 22 30 33 31 37 38 40 39 32 36 35 34 41 44 45 49 42 46 50 43 47 48 57 56 53 55 58 60 51 54 59 52 63 67 66 69 64 65 62 70 61 68  8  4  7  1  9  2 10  5  6  3 13 15 14 18 20 12 16 19 17 11
 68 65 69 66 63 67 64 61 62 70  3  1  7  8 10  9  2  6  5  4 11 14 15 19 12 16 20 13 17 18 27 26 23 25 28 30 21 24 29 22 33 37 36 39 34 35 32 40 31 38 48 44 47 41 49 42 50 45 46 43 53 55 54 58 60 52 56 59 57 51
 38 35 39 36 33 37 34 31 32 40 43 41 47 48 50 49 42 46 45 44 51 54 55 59 52 56 60 53 57 58 67 66 63 65 68 70 61 64 69 62  3  7  6  9  4  5  2 10  1  8 18 14 17 11 19 12 20 15 16 13 23 25 24 28 30 22 26 29 27 21
 48 45 49 46 43 47 44 41 42 50 53 51 57 58 60 59 52 56 55 54 61 64 65 69 62 66 70 63 67 68  7  6  3  5  8 10  1  4  9  2 13 17 16 19 14 15 12 20 11 18 28 24 27 21 29 22 30 25 26 23 33 35 34 38 40 32 36 39 37 31
 58 55 59 56 53 57 54 51 52 60 63 61 67 68 70 69 62 66 65 64  1  4  5  9  2  6 10  3  7  8 17 16 13 15 18 20 11 14 19 12 23 27 26 29 24 25 22 30 21 28 38 34 37 31 39 32 40 35 36 33 43 45 44 48 50 42 46 49 47 41
 18 15 19 16 13 17 14 11 12 20 23 21 27 28 30 29 22 26 25 24 31 34 35 39 32 36 40 33 37 38 47 46 43 45 48 50 41 44 49 42 53 57 56 59 54 55 52 60 51 58 68 64 67 61 69 62 70 65 66 63  3  5  4  8 10  2  6  9  7  1
 29 26 30 27 24 28 25 22 23 21 34 32 38 39 31 40 33 37 36 35 42 45 46 50 43 47 41 44 48 49 58 57 54 56 59 51 52 55 60 53 64 68 67 70 65 66 63 61 62 69  9  5  8  2 10  3  1  6  7  4 14 16 15 19 11 13 17 20 18 12
 69 66 70 67 64 68 65 62 63 61  4  2  8  9  1 10  3  7  6  5 12 15 16 20 13 17 11 14 18 19 28 27 24 26 29 21 22 25 30 23 34 38 37 40 35 36 33 31 32 39 49 45 48 42 50 43 41 46 47 44 54 56 55 59 51 53 57 60 58 52
  9  6 10  7  4  8  5  2  3  1 14 12 18 19 11 20 13 17 16 15 22 25 26 30 23 27 21 24 28 29 38 37 34 36 39 31 32 35 40 33 44 48 47 50 45 46 43 41 42 49 59 55 58 52 60 53 51 56 57 54 64 66 65 69 61 63 67 70 68 62
 59 56 60 57 54 58 55 52 53 51 64 62 68 69 61 70 63 67 66 65  2  5  6 10  3  7  1  4  8  9 18 17 14 16 19 11 12 15 20 13 24 28 27 30 25 26 23 21 22 29 39 35 38 32 40 33 31 36 37 34 44 46 45 49 41 43 47 50 48 42
 39 36 40 37 34 38 35 32 33 31 44 42 48 49 41 50 43 47 46 45 52 55 56 60 53 57 51 54 58 59 68 67 64 66 69 61 62 65 70 63  4  8  7 10  5  6  3  1  2  9 19 15 18 12 20 13 11 16 17 14 24 26 25 29 21 23 27 30 28 22
 49 46 50 47 44 48 45 42 43 41 54 52 58 59 51 60 53 57 56 55 62 65 66 70 63 67 61 64 68 69  8  7  4  6  9  1  2  5 10  3 14 18 17 20 15 16 13 11 12 19 29 25 28 22 30 23 21 26 27 24 34 36 35 39 31 33 37 40 38 32
 19 16 20 17 14 18 15 12 13 11 24 22 28 29 21 30 23 27 26 25 32 35 36 40 33 37 31 34 38 39 48 47 44 46 49 41 42 45 50 43 54 58 57 60 55 56 53 51 52 59 69 65 68 62 70 63 61 66 67 64  4  6  5  9  1  3  7 10  8  2
 60 57 51 58 55 59 56 53 54 52 65 63 69 70 62 61 64 68 67 66  3  6  7  1  4  8  2  5  9 10 19 18 15 17 20 12 13 16 11 14 25 29 28 21 26 27 24 22 23 30 40 36 39 33 31 34 32 37 38 35 45 47 46 50 42 44 48 41 49 43
 50 47 41 48 45 49 46 43 44 42 55 53 59 60 52 51 54 58 57 56 63 66 67 61 64 68 62 65 69 70  9  8  5  7 10  2  3  6  1  4 15 19 18 11 16 17 14 12 13 20 30 26 29 23 21 24 22 27 28 25 35 37 36 40 32 34 38 31 39 33
 20 17 11 18 15 19 16 13 14 12 25 23 29 30 22 21 24 28 27 26 33 36 37 31 34 38 32 35 39 40 49 48 45 47 50 42 43 46 41 44 55 59 58 51 56 57 54 52 53 60 70 66 69 63 61 64 62 67 68 65  5  7  6 10  2  4  8  1  9  3
 40 37 31 38 35 39 36 33 34 32 45 43 49 50 42 41 44 48 47 46 53 56 57 51 54 58 52 55 59 60 69 68 65 67 70 62 63 66 61 64  5  9  8  1  6  7  4  2  3 10 20 16 19 13 11 14 12 17 18 15 25 27 26 30 22 24 28 21 29 23
 10  7  1  8  5  9  6  3  4  2 15 13 19 20 12 11 14 18 17 16 23 26 27 21 24 28 22 25 29 30 39 38 35 37 40 32 33 36 31 34 45 49 48 41 46 47 44 42 43 50 60 56 59 53 51 54 52 57 58 55 65 67 66 70 62 64 68 61 69 63
 70 67 61 68 65 69 66 63 64 62  5  3  9 10  2  1  4  8  7  6 13 16 17 11 14 18 12 15 19 20 29 28 25 27 30 22 23 26 21 24 35 39 38 31 36 37 34 32 33 40 50 46 49 43 41 44 42 47 48 45 55 57 56 60 52 54 58 51 59 53
 30 27 21 28 25 29 26 23 24 22 35 33 39 40 32 31 34 38 37 36 43 46 47 41 44 48 42 45 49 50 59 58 55 57 60 52 53 56 51 54 65 69 68 61 66 67 64 62 63 70 10  6  9  3  1  4  2  7  8  5 15 17 16 20 12 14 18 11 19 13
 11 18 12 19 16 20 17 14 15 13 26 24 30 21 23 22 25 29 28 27 34 37 38 32 35 39 33 36 40 31 50 49 46 48 41 43 44 47 42 45 56 60 59 52 57 58 55 53 54 51 61 67 70 64 62 65 63 68 69 66  6  8  7  1  3  5  9  2 10  4
 51 58 52 59 56 60 57 54 55 53 66 64 70 61 63 62 65 69 68 67  4  7  8  2  5  9  3  6 10  1 20 19 16 18 11 13 14 17 12 15 26 30 29 22 27 28 25 23 24 21 31 37 40 34 32 35 33 38 39 36 46 48 47 41 43 45 49 42 50 44
 61 68 62 69 66 70 67 64 65 63  6  4 10  1  3  2  5  9  8  7 14 17 18 12 15 19 13 16 20 11 30 29 26 28 21 23 24 27 22 25 36 40 39 32 37 38 35 33 34 31 41 47 50 44 42 45 43 48 49 46 56 58 57 51 53 55 59 52 60 54
 31 38 32 39 36 40 37 34 35 33 46 44 50 41 43 42 45 49 48 47 54 57 58 52 55 59 53 56 60 51 70 69 66 68 61 63 64 67 62 65  6 10  9  2  7  8  5  3  4  1 11 17 20 14 12 15 13 18 19 16 26 28 27 21 23 25 29 22 30 24
 41 48 42 49 46 50 47 44 45 43 56 54 60 51 53 52 55 59 58 57 64 67 68 62 65 69 63 66 70 61 10  9  6  8  1  3  4  7  2  5 16 20 19 12 17 18 15 13 14 11 21 27 30 24 22 25 23 28 29 26 36 38 37 31 33 35 39 32 40 34
 21 28 22 29 26 30 27 24 25 23 36 34 40 31 33 32 35 39 38 37 44 47 48 42 45 49 43 46 50 41 60 59 56 58 51 53 54 57 52 55 66 70 69 62 67 68 65 63 64 61  1  7 10  4  2  5  3  8  9  6 16 18 17 11 13 15 19 12 20 14
  1  8  2  9  6 10  7  4  5  3 16 14 20 11 13 12 15 19 18 17 24 27 28 22 25 29 23 26 30 21 40 39 36 38 31 33 34 37 32 35 46 50 49 42 47 48 45 43 44 41 51 57 60 54 52 55 53 58 59 56 66 68 67 61 63 65 69 62 70 64
 32 39 33 40 37 31 38 35 36 34 47 45 41 42 44 43 46 50 49 48 55 58 59 53 56 60 54 57 51 52 61 70 67 69 62 64 65 68 63 66  7  1 10  3  8  9  6  4  5  2 12 18 11 15 13 16 14 19 20 17 27 29 28 22 24 26 30 23 21 25
 12 19 13 20 17 11 18 15 16 14 27 25 21 22 24 23 26 30 29 28 35 38 39 33 36 40 34 37 31 32 41 50 47 49 42 44 45 48 43 46 57 51 60 53 58 59 56 54 55 52 62 68 61 65 63 66 64 69 70 67  7  9  8  2  4  6 10  3  1  5
 22 29 23 30 27 21 28 25 26 24 37 35 31 32 34 33 36 40 39 38 45 48 49 43 46 50 44 47 41 42 51 60 57 59 52 54 55 58 53 56 67 61 70 63 68 69 66 64 65 62  2  8  1  5  3  6  4  9 10  7 17 19 18 12 14 16 20 13 11 15
 62 69 63 70 67 61 68 65 66 64  7  5  1  2  4  3  6 10  9  8 15 18 19 13 16 20 14 17 11 12 21 30 27 29 22 24 25 28 23 26 37 31 40 33 38 39 36 34 35 32 42 48 41 45 43 46 44 49 50 47 57 59 58 52 54 56 60 53 51 55
  2  9  3 10  7  1  8  5  6  4 17 15 11 12 14 13 16 20 19 18 25 28 29 23 26 30 24 27 21 22 31 40 37 39 32 34 35 38 33 36 47 41 50 43 48 49 46 44 45 42 52 58 51 55 53 56 54 59 60 57 67 69 68 62 64 66 70 63 61 65
 52 59 53 60 57 51 58 55 56 54 67 65 61 62 64 63 66 70 69 68  5  8  9  3  6 10  4  7  1  2 11 20 17 19 12 14 15 18 13 16 27 21 30 23 28 29 26 24 25 22 32 38 31 35 33 36 34 39 40 37 47 49 48 42 44 46 50 43 41 45
 42 49 43 50 47 41 48 45 46 44 57 55 51 52 54 53 56 60 59 58 65 68 69 63 66 70 64 67 61 62  1 10  7  9  2  4  5  8  3  6 17 11 20 13 18 19 16 14 15 12 22 28 21 25 23 26 24 29 30 27 37 39 38 32 34 36 40 33 31 35
 23 30 24 21 28 22 29 26 27 25 38 36 32 33 35 34 37 31 40 39 46 49 50 44 47 41 45 48 42 43 52 51 58 60 53 55 56 59 54 57 68 62 61 64 69 70 67 65 66 63  3  9  2  6  4  7  5 10  1  8 18 20 19 13 15 17 11 14 12 16
 43 50 44 41 48 42 49 46 47 45 58 56 52 53 55 54 57 51 60 59 66 69 70 64 67 61 65 68 62 63  2  1  8 10  3  5  6  9  4  7 18 12 11 14 19 20 17 15 16 13 23 29 22 26 24 27 25 30 21 28 38 40 39 33 35 37 31 34 32 36
 63 70 64 61 68 62 69 66 67 65  8  6  2  3  5  4  7  1 10  9 16 19 20 14 17 11 15 18 12 13 22 21 28 30 23 25 26 29 24 27 38 32 31 34 39 40 37 35 36 33 43 49 42 46 44 47 45 50 41 48 58 60 59 53 55 57 51 54 52 56
  3 10  4  1  8  2  9  6  7  5 18 16 12 13 15 14 17 11 20 19 26 29 30 24 27 21 25 28 22 23 32 31 38 40 33 35 36 39 34 37 48 42 41 44 49 50 47 45 46 43 53 59 52 56 54 57 55 60 51 58 68 70 69 63 65 67 61 64 62 66
 13 20 14 11 18 12 19 16 17 15 28 26 22 23 25 24 27 21 30 29 36 39 40 34 37 31 35 38 32 33 42 41 48 50 43 45 46 49 44 47 58 52 51 54 59 60 57 55 56 53 63 69 62 66 64 67 65 70 61 68  8 10  9  3  5  7  1  4  2  6
 33 40 34 31 38 32 39 36 37 35 48 46 42 43 45 44 47 41 50 49 56 59 60 54 57 51 55 58 52 53 62 61 68 70 63 65 66 69 64 67  8  2  1  4  9 10  7  5  6  3 13 19 12 16 14 17 15 20 11 18 28 30 29 23 25 27 21 24 22 26
 53 60 54 51 58 52 59 56 57 55 68 66 62 63 65 64 67 61 70 69  6  9 10  4  7  1  5  8  2  3 12 11 18 20 13 15 16 19 14 17 28 22 21 24 29 30 27 25 26 23 33 39 32 36 34 37 35 40 31 38 48 50 49 43 45 47 41 44 42 46
 24 21 25 22 29 23 30 27 28 26 39 37 33 34 36 35 38 32 31 40 47 50 41 45 48 42 46 49 43 44 53 52 59 51 54 56 57 60 55 58 69 63 62 65 70 61 68 66 67 64  4 10  3  7  5  8  6  1  2  9 19 11 20 14 16 18 12 15 13 17
 44 41 45 42 49 43 50 47 48 46 59 57 53 54 56 55 58 52 51 60 67 70 61 65 68 62 66 69 63 64  3  2  9  1  4  6  7 10  5  8 19 13 12 15 20 11 18 16 17 14 24 30 23 27 25 28 26 21 22 29 39 31 40 34 36 38 32 35 33 37
 34 31 35 32 39 33 40 37 38 36 49 47 43 44 46 45 48 42 41 50 57 60 51 55 58 52 56 59 53 54 63 62 69 61 64 66 67 70 65 68  9  3  2  5 10  1  8  6  7  4 14 20 13 17 15 18 16 11 12 19 29 21 30 24 26 28 22 25 23 27
 14 11 15 12 19 13 20 17 18 16 29 27 23 24 26 25 28 22 21 30 37 40 31 35 38 32 36 39 33 34 43 42 49 41 44 46 47 50 45 48 59 53 52 55 60 51 58 56 57 54 64 70 63 67 65 68 66 61 62 69  9  1 10  4  6  8  2  5  3  7
 54 51 55 52 59 53 60 57 58 56 69 67 63 64 66 65 68 62 61 70  7 10  1  5  8  2  6  9  3  4 13 12 19 11 14 16 17 20 15 18 29 23 22 25 30 21 28 26 27 24 34 40 33 37 35 38 36 31 32 39 49 41 50 44 46 48 42 45 43 47
  4  1  5  2  9  3 10  7  8  6 19 17 13 14 16 15 18 12 11 20 27 30 21 25 28 22 26 29 23 24 33 32 39 31 34 36 37 40 35 38 49 43 42 45 50 41 48 46 47 44 54 60 53 57 55 58 56 51 52 59 69 61 70 64 66 68 62 65 63 67
 64 61 65 62 69 63 70 67 68 66  9  7  3  4  6  5  8  2  1 10 17 20 11 15 18 12 16 19 13 14 23 22 29 21 24 26 27 30 25 28 39 33 32 35 40 31 38 36 37 34 44 50 43 47 45 48 46 41 42 49 59 51 60 54 56 58 52 55 53 57
