 22 23 24 21 19 20 29 27 25 28 26 30  6  1  4  2  3  5 11 12 10  9  8  7 16 17 14 15 18 13
 28 29 30 27 25 26  5  3  1  4  2  6 12  7 10  8  9 11 17 18 16 15 14 13 22 23 20 21 24 19
 16 17 18 15 13 14 23 21 19 22 20 24 30 25 28 26 27 29  5  6  4  3  2  1 10 11  8  9 12  7
  4  5  6  3  1  2 11  9  7 10  8 12 18 13 16 14 15 17 23 24 22 21 20 19 28 29 26 27 30 25
 10 11 12  9  7  8 17 15 13 16 14 18 24 19 22 20 21 23 29 30 28 27 26 25  4  5  2  3  6  1
  5  6  1  4  2  3 12 10  8 11  9  7 13 14 17 15 16 18 24 19 23 22 21 20 29 30 27 28 25 26
 29 30 25 28 26 27  6  4  2  5  3  1  7  8 11  9 10 12 18 13 17 16 15 14 23 24 21 22 19 20
 17 18 13 16 14 15 24 22 20 23 21 19 25 26 29 27 28 30  6  1  5  4  3  2 11 12  9 10  7  8
 23 24 19 22 20 21 30 28 26 29 27 25  1  2  5  3  4  6 12  7 11 10  9  8 17 18 15 16 13 14
 11 12  7 10  8  9 18 16 14 17 15 13 19 20 23 21 22 24 30 25 29 28 27 26  5  6  3  4  1  2
  6  1  2  5  3  4  7 11  9 12 10  8 14 15 18 16 17 13 19 20 24 23 22 21 30 25 28 29 26 27
 18 13 14 17 15 16 19 23 21 24 22 20 26 27 30 28 29 25  1  2  6  5  4  3 12  7 10 11  8  9
 24 19 20 23 21 22 25 29 27 30 28 26  2  3  6  4  5  1  7  8 12 11 10  9 18 13 16 17 14 15
 30 25 26 29 27 28  1  5  3  6  4  2  8  9 12 10 11  7 13 14 18 17 16 15 24 19 22 23 20 21
 12  7  8 11  9 10 13 17 15 18 16 14 20 21 24 22 23 19 25 26 30 29 28 27  6  1  4  5  2  3
  7  8  9 12 10 11 14 18 16 13 17 15 21 22 19 23 24 20 26 27 25 30 29 28  1  2  5  6  3  4
  1  2  3  6  4  5  8 12 10  7 11  9 15 16 13 17 18 14 20 21 19 24 23 22 25 26 29 30 27 28
 13 14 15 18 16 17 20 24 22 19 23 21 27 28 25 29 30 26  2  3  1  6  5  4  7  8 11 12  9 10
 25 26 27 30 28 29  2  6  4  1  5  3  9 10  7 11 12  8 14 15 13 18 17 16 19 20 23 24 21 22
 19 20 21 24 22 23 26 30 28 25 29 27  3  4  1  5  6  2  8  9  7 12 11 10 13 14 17 18 15 16
 20 21 22 19 23 24 27 25 29 26 30 28  4  5  2  6  1  3  9 10  8  7 12 11 14 15 18 13 16 17
  2  3  4  1  5  6  9  7 11  8 12 10 16 17 14 18 13 15 21 22 20 19 24 23 26 27 30 25 28 29
 26 27 28 25 29 30  3  1  5  2  6  4 10 11  8 12  7  9 15 16 14 13 18 17 20 21 24 19 22 23
  8  9 10  7 11 12 15 13 17 14 18 16 22 23 20 24 19 21 27 28 26 25 30 29  2  3  6  1  4  5
 14 15 16 13 17 18 21 19 23 20 24 22 28 29 26 30 25 27  3  4  2  1  6  5  8  9 12  7 10 11
 15 16 17 14 18 13 22 20 24 21 19 23 29 30 27 25 26 28  4  5  3  2  1  6  9 10  7  8 11 12
 21 22 23 20 24 19 28 26 30 27 25 29  5  6  3  1  2  4 10 11  9  8  7 12 15 16 13 14 17 18
 27 28 29 26 30 25  4  2  6  3  1  5 11 12  9  7  8 10 16 17 15 14 13 18 21 22 19 20 23 24
  3  4  5  2  6  1 10  8 12  9  7 11 17 18 15 13 14 16 22 23 21 20 19 24 27 28 25 26 29 30
  9 10 11  8 12  7 16 14 18 15 13 17 23 24 21 19 20 22 28 29 27 26 25 30  3  4  1  2  5  6
