 10 18 23  1  2 17 11 20 16 24  9  6  7 12  5 15 19 14  4  8 22  3 13 21
 14 16 11 20  5 10  7  3  1 21 12 18  6  9  8  2 13 24 19 23  4 15 17 22
 21 17  6  7 14 20  9 22  4  5  3  2  8 16 24 13 18 10 11 12 23 19 15  1
 20 23 10  5  6 16 12 21 19  7  4 22  2 24 11 17 15  8 18 13 14  1  3  9
  6  5  8  9 19 15 10  2 14 22 21 16  1 13  3 20 12  4  7 24 11 17 18 23
  7  4 21 22  9 23  6  1 10 17  5  8 20 14 16 18  2 11  3 15 13 12 24 19
  8 19 14 18 21 12 13 23  2 11 10 17  3 15  1  7 22 20  6  5  9 24  4 16
  3 24  4 16  7 18  8  5  6 15  1 13 19 22 12 14 17 23  2  9 10 21 11 20
  9 22 15 24 11  4 18 14 20 13  7 19  5 17  6 23  3  1 16 21  2  8 12 10
 12  2 13 19 24  3  4 16 23 18 14 15 21 11 22 10  6  9  1 17  5 20  8  7
 11 15  2  3 13  1 17 19 12  8 23 24 18 10  9  4  5 21 22 20  7 16 14  6
  1 13 17 12  8 22 15 24  3  9 11 20 23  4 19 21  7 16 14 10  6 18  2  5
 23  8  1 21 18 19  3  4  9  2 15 14 13  5 10 16 24  7 17 11 20  6 22 12
 17 21 24 11  4  2 22 10  5  3 19  7 15  6 18  8 23 12 20 16  1 13  9 14
  2 10  9  6 15  8 19 13 24  4 20 23 12  3 17  1 11 22 21 14 16  7  5 18
 19 11 16  8 20 24  5 18 15 12 17  4  9 23 21 22 14  6 13  7  3 10  1  2
 22 20  7 23 16 11 21 17  8 10  2  1 24 18 15  6  4  5  9  3 12 14 19 13
 15  3 12 10 17  7 24  8 11 20 16  5 22 19 14  9  1 13 23  6 18  2 21  4
  5  6  3 15 12  9  2 11 22 16 24 21 14  7 13 19 20 18 10  1 17  4 23  8
 16 14 22 13  1 21 20  9  7 19  6 11  4  2 23  3  8 17 12 18 24  5 10 15
 24 12  5  2 23  6 16  7 13 14 18  9 17  1  4 11 10 15  8 19 21 22 20  3
  4  9 20 14  3 13  1 15 18 23  8 12 10 21  7 24 16  2  5 22 19 11  6 17
 18  1 19  4 22 14 23 12 17  6 13 10 16  8 20  5 21  3 24  2 15  9  7 11
 13  7 18 17 10  5 14  6 21  1 22  3 11 20  2 12  9 19 15  4  8 23 16 24
