 19 18  7 21 11 15  8 14 22 12  3 23 17 20 13 16  9  6  5  1 10  2  4 24
  5 11 18  6 12  1  3  9 21 24 22 20  4 10 17 15 14  8 13 16 19 23  2  7
  9 24 19 17 21  6 18  7 23 10  8  2  3  5 20  4 11 15 22 12 16 13 14  1
 10 22  4  2 17  8 21  5 19  6 14 13 24  1  7 23 20 12  9  3 18 11 15 16
 23 20 13 11 19  9  6 15  7  4  1 18 14 22  3  5 21 16  2 10 12 24  8 17
 17 15 23 24 20 22 19  4 16  2 12  6 13 21  1 14  5 10 18  7  8  3 11  9
  6 12 10 15 18  4 20 13  9  3 19  7 16 23 22 24 17  2 11  8  1 14 21  5
  1 14 12  3 23 24 17  2 18 20 21 16  8  7 10 11 13 22  4 15  5  9  6 19
  8  7 14  9 16  3 12  1 11 15  4  5  6 19 21  2 24 18 20 23 22 17 13 10
 13  4  8 22 14 10 23 16 17  5 15 24  2 11 18  9  3  1 21 19  7  6 12 20
  3 21 20 16  2  5 22 24 13  1 10 11  9 12  8  6  7 19 17 14 15  4 18 23
 16  2  5  1  7 13 11 10  8 14 17  9 15 18 19 12 23  4  6 24 20 21  3 22
 21 19  1 12 10 23 13 18  5  8 16  3 22 14 24 20  4 17  7 11  2 15  9  6
 22 17  3 10  4 12 24 23 15 19 11  8  5 13 14  1  2 20 16  9  6 18  7 21
 14  5  9 19  1 20 15 12  3 18  7 17 23  2  6 10 16 11  8 13 21 22 24  4
 24  3 17  8  9 16 10 11 14 23  5 15 19  6  2 22 18 21 12 20  4  7  1 13
 15 23 11 14 24  7  1  3 10  9  6 22 21  8  4 18 12  5 19 17 13 20 16  2
  2  9 22 23 15 21  7 19 12 13 18  4 11  3  5 17 10 24  1  6 14 16 20  8
 20  6 15 13  5  2  4 21  1 17 23 10 18 16 11  7  8  9 24 22  3 12 19 14
 18 16 21  5  3 19  9 17 24 11 20 14  7  4 12  8  6 13 10  2 23  1 22 15
 12 13 24 18  6 17  5 22  4 16  2 19 20 15 23  3  1  7 14 21  9  8 10 11
 11 10 16 20 22 18  2  8  6  7 13 12  1 17  9 21 15 14 23  4 24 19  5  3
  4  8  6  7 13 14 16 20  2 21  9  1 10 24 15 19 22 23  3 18 11  5 17 12
  7  1  2  4  8 11 14  6 20 22 24 21 12  9 16 13 19  3 15  5 17 10 23 18
