------------------------------------------------------------------------------
|  8 13  |  7 14  |  9 10  | 12  3  |  5  1  |  6 11  |  4  2  |
|  5  2  |  8 10  |  7  6  | 14  1  | 12  3  |  9  4  | 11 13  |
|  6  7  | 11  4  |  8  2  | 10  9  | 14 13  |  3  1  | 12  5  |
| 12 11  |  9  6  |  4  3  |  8  7  | 10  2  |  5 13  |  1 14  |
|  3  9  |  5 12  | 11  1  |  2 13  |  8  4  | 10 14  |  6  7  |
|  1 14  | 13  3  | 12  5  |  4  6  |  7 11  |  2  8  | 10  9  |
|  4 10  |  1  2  | 14 13  | 11  5  |  6  9  | 12  7  |  8  3  |
------------------------------------------------------------------------------
|  9  6  |  3  8  |  5 11  |  1 10  | 13  7  |  4  2  | 14 12  |
| 13  8  |  2  7  |  3 14  |  9 12  |  1  6  | 11 10  |  5  4  |
| 14  4  |  6  1  | 10  9  |  3  8  |  2 12  | 13  5  |  7 11  |
| 10  5  |  4 13  |  6 12  |  7  2  | 11  8  | 14  9  |  3  1  |
| 11 12  | 10  9  |  1  7  | 13 14  |  4  5  |  8  3  |  2  6  |
|  7  3  | 14  5  |  2  4  |  6 11  |  9 10  |  1 12  | 13  8  |
|  2  1  | 12 11  | 13  8  |  5  4  |  3 14  |  7  6  |  9 10  |
------------------------------------------------------------------------------
