------------------------------------------------------------------------------
|  1 12  |  2  8  |  9 14  | 11  7  |  4  5  |  3 10  | 13  6  |
| 14  2  |  9  5  |  6  3  |  1 13  |  8 10  | 12 11  |  7  4  |
|  9  8  | 14  6  |  5  1  | 10  4  |  3  7  |  2 13  | 11 12  |
|  3 10  | 12  1  |  8  4  |  6  9  | 11 13  |  7  5  |  2 14  |
|  4  5  | 13  7  |  2 11  |  3 12  |  9  1  |  6 14  | 10  8  |
| 13  6  |  4 11  | 10  7  |  8  2  | 14 12  |  9  1  |  3  5  |
| 11  7  | 10  3  | 13 12  | 14  5  |  2  6  |  4  8  |  9  1  |
------------------------------------------------------------------------------
|  5 13  |  6 14  |  7  8  |  4  3  | 10  2  |  1  9  | 12 11  |
|  8  9  |  5 13  | 14  2  |  7 11  |  1  4  | 10 12  |  6  3  |
|  6  1  |  7  2  | 12 13  |  9 14  |  5 11  |  8  3  |  4 10  |
|  7  3  |  1  4  | 11  6  | 13 10  | 12  8  |  5  2  | 14  9  |
| 12 14  |  3 10  |  1  5  |  2  6  |  7  9  | 11  4  |  8 13  |
| 10  4  | 11 12  |  3  9  |  5  8  |  6 14  | 13  7  |  1  2  |
|  2 11  |  8  9  |  4 10  | 12  1  | 13  3  | 14  6  |  5  7  |
------------------------------------------------------------------------------
