------------------------------------------------------------------------------
|  1 13  |  8  7  | 10  2  | 14 11  |  6  5  |  9  4  |  3 12  |
|  8  7  |  2  4  |  1  6  |  9 13  | 14 10  | 12  3  | 11  5  |
| 10  3  | 13 11  |  8  4  |  6  1  |  9 12  | 14  5  |  2  7  |
| 11 12  |  9  1  |  7 13  |  8  5  |  4  3  |  6  2  | 14 10  |
|  2  5  | 12 14  | 11  9  |  7  3  |  1  8  | 10 13  |  6  4  |
|  9  4  |  5  6  | 14  3  | 10 12  |  7  2  |  1 11  | 13  8  |
| 14  6  |  3 10  | 12  5  |  2  4  | 13 11  |  7  8  |  1  9  |
------------------------------------------------------------------------------
| 12  2  |  6  9  |  3  7  | 13 10  |  8  1  |  4 14  |  5 11  |
| 13  8  | 10  2  |  5  1  | 11 14  | 12  4  |  3  7  |  9  6  |
|  4 11  | 14  8  |  2 12  |  5  7  |  3  6  | 13  9  | 10  1  |
|  6 10  |  4 13  |  9 11  | 12  8  |  2 14  |  5  1  |  7  3  |
|  5  9  |  7  3  |  6  8  |  1  2  | 10 13  | 11 12  |  4 14  |
|  3 14  |  1  5  | 13 10  |  4  9  | 11  7  |  8  6  | 12  2  |
|  7  1  | 11 12  |  4 14  |  3  6  |  5  9  |  2 10  |  8 13  |
------------------------------------------------------------------------------
