------------------------------------------------------------------------------
|  5 14  | 10  6  |  9 13  |  3  4  |  2 12  |  1 11  |  7  8  |
|  3  4  | 14 13  |  1  6  |  7  5  | 10 11  |  2  8  |  9 12  |
| 12  9  |  3  4  |  5  2  |  1 13  |  7  8  | 10 14  | 11  6  |
|  8  2  | 11  9  |  4  3  | 14 10  | 13  6  | 12  7  |  5  1  |
|  1 13  |  2 12  | 11  7  |  6  8  | 14  3  |  5  9  | 10  4  |
| 11  7  |  1  5  | 10  8  |  2 12  |  4  9  |  3  6  | 13 14  |
|  6 10  |  8  7  | 14 12  | 11  9  |  5  1  | 13  4  |  3  2  |
------------------------------------------------------------------------------
| 14  1  |  4 11  |  7  5  |  8  6  | 12 10  |  9  3  |  2 13  |
| 10 11  |  7  1  |  3  4  | 13 14  |  8  5  |  6  2  | 12  9  |
|  4 12  | 13 10  |  8  1  |  9  2  |  6  7  | 11  5  | 14  3  |
|  2  3  | 12  8  |  6  9  |  4  7  | 11 13  | 14 10  |  1  5  |
| 13  8  |  6 14  | 12 10  |  5  3  |  9  2  |  7  1  |  4 11  |
|  7  5  |  9  3  |  2 14  | 12 11  |  1  4  |  8 13  |  6 10  |
|  9  6  |  5  2  | 13 11  | 10  1  |  3 14  |  4 12  |  8  7  |
------------------------------------------------------------------------------
