------------------------------------------------------------------------------
|  9  1  | 13 11  |  2  5  | 14  8  |  6  7  | 12  3  |  4 10  |
| 13  6  | 12  8  | 10 14  | 11  2  |  1  4  |  7  5  |  3  9  |
| 14 12  |  9 10  |  8  3  | 13  6  |  2 11  |  4  1  |  5  7  |
|  7  2  | 14  1  | 11 12  |  5  4  | 10  3  |  6  9  |  8 13  |
|  5  4  |  2  7  |  9  1  | 12  3  | 14  8  | 13 10  |  6 11  |
| 10  3  |  5  4  | 13  6  |  1  7  | 12  9  |  8 11  | 14  2  |
| 11  8  |  6  3  |  4  7  |  9 10  | 13  5  | 14  2  |  1 12  |
------------------------------------------------------------------------------
| 12  7  |  1  6  |  3  4  | 10 14  | 11 13  |  2  8  |  9  5  |
|  6 11  |  8  2  | 12 10  |  7  9  |  3  1  |  5 14  | 13  4  |
|  4  9  |  3 12  |  6  8  |  2 13  |  5 14  | 11  7  | 10  1  |
|  3 14  | 11  5  |  7 13  |  4  1  |  8 10  |  9 12  |  2  6  |
|  8 10  |  7 14  |  5  9  |  6 12  |  4  2  |  1 13  | 11  3  |
|  2 13  | 10  9  |  1 11  |  8  5  |  7  6  |  3  4  | 12 14  |
|  1  5  |  4 13  | 14  2  |  3 11  |  9 12  | 10  6  |  7  8  |
------------------------------------------------------------------------------
