------------------------------------------------------------------------------
|  7  1  | 12 10  |  2  8  | 11  3  | 14  6  |  9  4  |  5 13  |
| 14 12  | 13  2  |  6  9  |  5  1  | 11  3  |  7  8  |  4 10  |
|  9  8  |  7  4  | 10 11  |  2  6  | 12  1  |  5 13  | 14  3  |
|  5  3  | 11  1  |  4 12  | 14 13  |  2  7  |  6 10  |  8  9  |
| 13  6  |  3  8  |  7  5  | 10 12  |  9  4  |  2 14  |  1 11  |
| 10  4  |  5  6  | 14  3  |  7  9  |  8 13  |  1 11  |  2 12  |
| 11  2  | 14  9  | 13  1  |  4  8  | 10  5  | 12  3  |  6  7  |
------------------------------------------------------------------------------
|  4 11  |  6  5  |  9  7  |  3  2  |  1  8  | 13 12  | 10 14  |
|  1 13  |  9 14  | 12  2  |  8  7  |  3 10  |  4  5  | 11  6  |
|  6  7  | 10 11  |  8  4  | 12  5  | 13  2  | 14  9  |  3  1  |
|  2  9  |  1 12  | 11 10  | 13  4  |  5 14  |  3  6  |  7  8  |
| 12 14  |  4  7  |  3 13  |  1 10  |  6 11  |  8  2  |  9  5  |
|  3  5  |  8 13  |  1 14  |  6 11  |  4  9  | 10  7  | 12  2  |
|  8 10  |  2  3  |  5  6  |  9 14  |  7 12  | 11  1  | 13  4  |
------------------------------------------------------------------------------
