------------------------------------------------------------------------------
| 10  1  |  9  5  |  4  3  |  8  6  | 13 11  | 12  7  |  2 14  |
| 11  8  | 10 14  |  5  2  | 13  9  | 12  7  |  4  1  |  6  3  |
| 13  5  | 12  7  |  9  1  | 11  2  |  8  3  | 14  6  | 10  4  |
|  2  9  |  6  8  | 10 14  |  5  3  |  4  1  | 13 11  | 12  7  |
|  7  3  | 13  4  | 12  8  | 10 14  |  5  6  |  2  9  | 11  1  |
|  6  4  |  3 11  | 13  7  |  1 12  | 14  2  |  5 10  |  9  8  |
| 12 14  |  2  1  |  6 11  |  4  7  |  9 10  |  3  8  |  5 13  |
------------------------------------------------------------------------------
|  9  6  |  1  3  |  7  4  |  2 10  | 11 14  |  8 12  | 13  5  |
|  4 12  |  8  2  | 11 13  |  9  1  | 10  5  |  7 14  |  3  6  |
|  8 13  |  4 10  |  3  5  |  7 11  |  1 12  |  6  2  | 14  9  |
|  3 10  | 14  6  |  1  9  | 12  4  |  7 13  | 11  5  |  8  2  |
|  1  7  |  5  9  | 14 12  |  6 13  |  2  8  | 10  3  |  4 11  |
| 14  2  | 11 13  |  8 10  |  3  5  |  6  9  |  1  4  |  7 12  |
|  5 11  |  7 12  |  2  6  | 14  8  |  3  4  |  9 13  |  1 10  |
------------------------------------------------------------------------------
