------------------------------------------------------------------------------
| 12  5  | 10  9  |  3 13  |  7 14  |  1 11  |  2  8  |  4  6  |
| 10  6  | 14  3  |  9 12  |  8  5  |  7 13  | 11  4  |  2  1  |
|  4 11  | 13 12  | 10  1  |  2  6  |  3  8  |  7  5  |  9 14  |
|  2  8  |  7 11  |  4 14  | 10  1  | 12  5  |  6  9  |  3 13  |
| 13 14  |  8  5  | 11  6  | 12  9  |  4  2  |  3  1  |  7 10  |
|  3  9  |  4  1  |  2  7  | 11 13  | 10  6  | 12 14  |  8  5  |
|  7  1  |  2  6  |  5  8  |  3  4  | 14  9  | 13 10  | 12 11  |
------------------------------------------------------------------------------
|  5 12  | 11  4  |  6  9  |  1  3  |  8  7  | 10 13  | 14  2  |
|  6  7  |  1  8  | 13  5  |  4  2  |  9  3  | 14 11  | 10 12  |
|  8  2  |  6 10  | 12  3  |  5 11  | 13 14  |  4  7  |  1  9  |
|  1 10  |  3  2  | 14 11  |  9 12  |  5  4  |  8  6  | 13  7  |
| 11  4  |  9 13  |  8  2  | 14  7  |  6 10  |  1 12  |  5  3  |
|  9  3  | 12 14  |  7  4  | 13 10  | 11  1  |  5  2  |  6  8  |
| 14 13  |  5  7  |  1 10  |  6  8  |  2 12  |  9  3  | 11  4  |
------------------------------------------------------------------------------
