------------------------------------------------------------------------------
|  2 13  |  5  4  |  3  7  | 14  8  | 10  9  |  1 11  | 12  6  |
|  7 12  |  2 14  |  4  5  | 11  9  | 13  1  |  6 10  |  8  3  |
|  6  8  | 10  9  | 11  2  | 12  7  | 14  4  | 13  3  |  1  5  |
| 10  4  |  8  6  | 12 14  |  5  1  |  7  3  |  2  9  | 13 11  |
| 14  9  | 12 13  |  6  1  |  3 10  | 11  2  |  5  8  |  4  7  |
| 11  1  |  7  3  | 13 10  |  4  6  |  8  5  | 14 12  |  9  2  |
|  3  5  | 11  1  |  9  8  | 13  2  | 12  6  |  7  4  | 10 14  |
------------------------------------------------------------------------------
| 13 14  |  6  8  | 10 11  |  9  3  |  1  7  |  4  5  |  2 12  |
|  1 11  | 14  2  |  7  4  | 10 13  |  5 12  |  9  6  |  3  8  |
| 12  3  | 13 10  | 14  6  |  2  4  |  9  8  | 11  7  |  5  1  |
|  5 10  |  1 11  |  2  9  |  7 12  |  3 13  |  8 14  |  6  4  |
|  8  7  |  9 12  |  1 13  |  6  5  |  4 11  |  3  2  | 14 10  |
|  4  6  |  3  5  |  8 12  |  1 11  |  2 14  | 10 13  |  7  9  |
|  9  2  |  4  7  |  5  3  |  8 14  |  6 10  | 12  1  | 11 13  |
------------------------------------------------------------------------------
