 11 16  9  8 22 21  2  7 13  5  1 17  4 14 15  3  6 20 10 19 18 12
  9 18 11  2  8 13 21 16 10 22 14 15 12 17  1 19  3  7  4  5 20  6
  8  3 10  1 11  2 22 17 18 19  5 20 21 13 12  9 15 16 14  6  7  4
  2 19 16 21  4  7 13 11  8 17  3 10 15 22 14  6  5 12 20 18  9  1
  1 21  3 14 10 12 18 20 11 15 22 13  6  8 17 16 19  4  7  9  5  2
 14 10 19  7  1 20  8 12 21  2 18  6  3 16  4  5  9 17 15 22 11 13
  5  6 18 20 19 16  3  1  7 12  8  4  2  9 21 22 14 13 17 11 15 10
  4  7  5 15  3 14  6 10 20  1 21  9 11 18 13  2 22  8 12 16 17 19
 17 20  4  6 15 18  5 19 16  9  2 12 10  1  8  7 21 11 13  3 22 14
 12 15 22 13  5 17  4  9  6 14 16 11 19  7 10 20  2 18 21  1  3  8
 22 13 12 17  9  6 14 15  3  4  7 19 20  5 11 18 10  1  8  2 21 16
 10 14 21  9 18 15 11  2 19  6 12  3 17  4  5  1  7 22 16 13  8 20
 16  4 14  5  7 22 12 18  9 20 15  1  8 19  3 10 17  2  6 21 13 11
 19  5 20  4  6 10 16 14  1 11 13 18  7 21  2 17  8  9 22 15 12  3
  3  1 15 10 21  9 20  4 12 18 11 16 22  6  7  8 13 14  2 17 19  5
 15 17  2 11 16  4  9  6 22 13 19  8  1 12 18 21 20  3  5 10 14  7
 13  2  6 18 20  8 15 21  4 16  9  7  5 11 22 14  1 19  3 12 10 17
 18 12  8 19  2  5 10  3 15  7 17 22  9 20 16 13  4  6 11 14  1 21
 21  9 13  3 14  1 19  5 17  8  4  2 16 15 20 12 11 10 18  7  6 22
  6 11  1 22 17  3  7  8  2 21 20 14 13 10  9 15 12  5 19  4 16 18
  7  8 17 12 13 11  1 22 14 10  6  5 18  3 19  4 16 21  9 20  2 15
 20 22  7 16 12 19 17 13  5  3 10 21 14  2  6 11 18 15  1  8  4  9
