 12  4  1  9 11  6 17  8 10  7 13 20  5 16  3 21 14 22  2 18 19 15
  5 15 20  6 14  8 11  7  9  2 12  3 13 19 16  1 21  4 10 17 22 18
  1  6  2 16 13  7 18  9 21 19 10 17 20  4  8 15 12  3 11 22 14  5
 20  9 11 22 12 17 14  6  8 13  2 21 10 15 19  4  1 18 16  5  7  3
 10 19 17 18  1 16  2 13 22  3  9 11  6 21 20  5 15  7  4 14  8 12
 14  2 15  4 20  3 16  1 12  6  7  5 17  8 18 22 10 19 21  9 13 11
 21 18  5 14 19  9 22  3  1 16  6  8  2 11 17 12 20 13  7 15 10  4
  3 11 10 19  4 15 20 12 18 14 16  1  9 22  6  7 17  5  8 13 21  2
 13  8 21  3 10  5  4 19 11 20 15 22  7 18  9 14  6  2 12  1 17 16
 22  7 12  8 18  2 21 15 17  5 19  4  3 14 13 10 16 11  6 20  1  9
 16 17 13  7 22 21  5 10 15  4 18 14  1 12  2 11  9  8 19  3 20  6
 11 21  4  2  9 12 10 16 20  8  1 15 22 17  7 13  3  6  5 19 18 14
 17 20 16 12 15  1 13  2 19 22  8  9  4  3 21 18  5 10 14 11  6  7
 18  5  7  1 16  4 15 22 13 10 21  2 14  9 11 20  8 17  3  6 12 19
  6 14 19 21  7 13  3 20 16 15  4 18 11  5  1  2 22 12 17  8  9 10
  8 13 18  5  2 20  7 14  4  1 22 10 12  6 15 19 11 16  9 21  3 17
  4 22  8 13  3 14 12 17  7 18 20 16 15 10  5  6 19  9  1  2 11 21
  9  3  6 11  8 22  1  5  2 21 17 13 19  7 12 16 18 14 15 10  4 20
  7 12 14 20  5 11  8 21  6 17  3 19 16  1 10  9 13 15 18  4  2 22
 15 16  3 10  6 18 19  4 14  9 11  7 21 13 22 17  2  1 20 12  5  8
  2 10 22 15 17 19  9 11  3 12  5  6 18 20 14  8  4 21 13  7 16  1
 19  1  9 17 21 10  6 18  5 11 14 12  8  2  4  3  7 20 22 16 15 13
