 22  1 14 15 13 12  5 17  9  4 10 21 16  2  7 20  8  6  3 18 19 11
  2  4 22 10 15  6 13 11 16 17  1  5 18  9  8 19  7 20 14 21  3 12
  3 15  1  5 10 11 12 18  8  6  7  9  4 20 16 17  2 22 19 13 14 21
 17  8 18  7 21  1 15 10 11 19  6 20 14 22  9  2  3 16 12  4  5 13
 14 11 13 16  9 22  6 21 12 15  2  4  1  3 18 10 17 19 20  5  8  7
 21 16  4 17 14 19  7  3 13 10 15  8  6 11  1  5 18 12 22  2 20  9
 18 12 21 11  4  3 16 14  5 20 19 13 10  8  6 15  1  9  7 17  2 22
 19  5  8 12 16 18  1 20  2  7 11 17 15 13  3 22 21 14  6  9  4 10
 13 10  2 20  8  5  4  9 18 22  3 14  7 19 21 12 15 11  1 16  6 17
  7  9  6 19 17 20  8  2  1  3 16 22 12 21 14 13  4  5 11 10 18 15
  6 20  3  9  2  7 19 22 14 21 12 18  5 17  4 11 13 10  8 15  1 16
  8  6  5 21  3  4 18 19 10 11 14 12 13 15 17  9 22  1  2  7 16 20
  5 18 17  8  1 10  9 15  7 16 20  3 21 12 13  6 19  2  4 22 11 14
  1 22 20 14  5  9 21 13 19  2 17  7  8  6 15 18 10  4 16 11 12  3
  4 17 15 22 19 16 10  7 21 18  5  6  2 14 12  8 11  3 13 20  9  1
 12  2 10  3  6 21 20  5  4  8 18  1 22  7 11 16  9 13 15 14 17 19
 15 14 12  1 20  8  2  4  6  9 22 19 11 18 10  7 16 17 21  3 13  5
 10 21  9  6 12 14 17  8 20 13  4 11 19 16 22  3  5  7 18  1 15  2
 11 13 19  2  7 17 14  1 22 12  9 16  3  4 20 21  6 15  5  8 10 18
 16  3 11  4 18 15 22  6 17  1 13 10 20  5  2 14 12 21  9 19  7  8
  9 19  7 18 11 13  3 16 15 14 21  2 17  1  5  4 20  8 10 12 22  6
 20  7 16 13 22  2 11 12  3  5  8 15  9 10 19  1 14 18 17  6 21  4
