  1  5 19 10  9 13  4 22  6 16 18  7  8 17 14 11 21  2 20  3 12 15
 13  7  5  3  4 20  2  9 11 14  6 16 19 18 15 21 12  1  8 10 17 22
 11  3 21 14 19  2 13 20  9  4 17  8 10 15 18  6  7  5 12 22  1 16
 16  8  7 18  3 15  5 14 10 12  4 11  6  9  2 22 13 20  1 17 19 21
 22 20  8 11  5 17  3 21  1 19 14 10  4  2  7 12 15  6 13 16  9 18
 14 18 20 13 11  8  6 15  5  2 12 19 16  1 10  4 17 22 21  9  3  7
  6 21 16 22  7 10  8 18 13  3 20  5 12 14  1 17  4  9 15 19 11  2
  4  9  6 15 22 14 11 12 17 18  1  2 21 13 20 16 19  3  7  5 10  8
 10 19  1  9 18 12  7 17 15 21 13  3 11 22  8  5 14 16  4  2  6 20
  2 15 12 17 21  1 10 16  8 20  9 22  5  7 19  3 11 18  6 14  4 13
 12 17  2  4  6 16  1 19 22  7 21 15 20  3 13  9  8 10 18 11  5 14
  5 16 15  6  1  3  9 11  2 13 22 20 17  4 21  7 10 14 19  8 18 12
  8  1 10 16 20  6 17  3 18 11 15  4  7 21  9 13  2 19 22 12 14  5
 17 10 11  2 16  4 21  1  3  5  7 12 13  6 22 15  9  8 14 18 20 19
  3  4 17  8 10 22 16  6 20  1  5 14 15 19 12  2 18  7  9 13 21 11
 18  2  3  7 14 11 15  8 16  6 10 17  9 12  4 19 22 21  5 20 13  1
 21 11 18  5 17  9 12 13  4  8 19  6 22 10 16 14 20 15  2  1  7  3
 19 22 13 12  2 21 20 10 14 17  3  1 18 16  6  8  5  4 11  7 15  9
 15 12  9 19  8  5 22  4  7 10  2 13 14 20 17 18  1 11  3 21 16  6
 20 14  4 21 15 19 18  7 12 22 16  9  2  5 11  1  3 13 10  6  8 17
  9  6 14  1 13  7 19  2 21 15 11 18  3  8  5 20 16 12 17  4 22 10
  7 13 22 20 12 18 14  5 19  9  8 21  1 11  3 10  6 17 16 15  2  4
