 14 20  4 18 15  2 16 21  1 22 12  8 11  5 19  9 17 13 10  3  6  7
 11  6 20 13 16 21  2  7 12 17 22  1  3  9 10 15  4 19 14  8  5 18
  5  1 19  8 22 18 17 12  2 15  3  9 10  7 11 14  6 16 20 21 13  4
  8 17  6  2  4  9 11 10 21 16 14 20 12 19 22 13 15  5  7 18  3  1
 21 19  5 10 13  1 22 20 14  6  7  4  8 18  3 17  9 11 15  2 12 16
 22 12  3 15 14 17 13  8 20 10 18 16  4  1  7  5 21  2 19  6 11  9
  7  4  9 21  6  3 18 14 13  5 17 19 20 22  1  2 12 10 16 11  8 15
 15 18 22 17 20  8  4  3  9  7  2 11 13 16 21  6  1 14  5 12 19 10
 16 10 12 14  5 19  9  6 18 11 21 13  2 15  8 20  3  7  1  4 17 22
  3  9  1 11 12  7  5 15  4 19  6 10 14 21 16 18 22  8 13 17  2 20
 13  2 16  7 10 11 19  1  8  3 15  5 17  6  4 12 20 18  9 22 21 14
  9 14 21 22 17 15  3 18  5  2  4  6 19 11 12 16 10 20  8  7  1 13
 19 22 10  5  7  6 21  2 11 18  1 15 16 17 20  3 13 12  4  9 14  8
  2  8 18 19  1 13 15 17  6 12 11 22 21 10  9  7 14  4  3 20 16  5
  1 11  2  4 19  5 14 13 17 20 16 12  6  8 18 22  7  9 21 10 15  3
 18 16  7 12  2 14 10 19 15 21 13 17  5 20  6  4  8  3 22  1  9 11
 20  7 17  1  3 12  6 16 10 14 19  2  9  4  5  8 18 15 11 13 22 21
 12 13 14  9 18 10  8 11 16  4  5  7  1  3 17 21 19 22  6 15 20  2
 10  5 15  3  8 22 12  9 19  1 20 21  7  2 13 11 16  6 18 14  4 17
  4 15  8  6  9 16 20  5  3 13 10 18 22 14  2  1 11 21 17 19  7 12
 17  3 11 16 21 20  7  4 22  9  8 14 18 13 15 19  2  1 12  5 10  6
  6 21 13 20 11  4  1 22  7  8  9  3 15 12 14 10  5 17  2 16 18 19
