 13 17  2 10 12  5  4  7 11 14 16 18  8  9  3  1 15  6
  4 11 18 15  6 16  2  5  9  8  3  1  7 14 17 13 12 10
 14  7  1  9  8  3 17 13  6 10 12 15 11  4  5  2 18 16
 11 10  3  1 14  8 16  9 17 15 18 12  6  5  7  4  2 13
  9 13  4  7  5 15  8  1 14  3  2  6 17 12 18 10 16 11
 17 16  6 18  2 12  7 10  4 13 11  5  1  3 15  8 14  9
 16  9 11  5  3 14  6 15 10 18 17  2 12  1  4  7 13  8
  7 12 17  2 18  4 11  8  5 16  1 13 15  6  9  3 10 14
  6 15 10  8  1 13 14 12  7  4  9  3 18 11  2 16 17  5
  2  4  9 12 10  7  3 14  8  1 13 17  5 18 16 11  6 15
  3 14 16  6 15  1 12  4 18  7  5 11 13  8 10 17  9  2
 18  5  8 11 13 17  9  2 15  6 10 16  4  7  1 14  3 12
  5  8 15 16 11 10  1  3 12  9  7 14  2 13  6 18  4 17
 12  6 13 17  7 18 15 11 16  2  8  4  3 10 14  9  5  1
  1  2 14  3  4  9  5 18 13 17  6 10 16 15 11 12  8  7
 10  1 12  4  9  6 18 17  2 11 15  8 14 16 13  5  7  3
 15 18  5 13 17 11 10 16  3 12 14  7  9  2  8  6  1  4
  8  3  7 14 16  2 13  6  1  5  4  9 10 17 12 15 11 18
