 11  6 13 15  3 10 16  9 18  4  7 14  2 17 12  5  1  8
 18 14  5  2 17  7  6 13  3  1  8 12  4  9 11 15 16 10
  1  8  4 16 12  9  5  2 10 15 11 17  7  3 18 13 14  6
 13 17 14 18  6  5  9 12  1  7  4  8 10  2 15 11  3 16
  7  3  1  4  2 16 13 14 17 11 10 15  9 12  8 18  6  5
 10 11  8 12  9 15  2  6 16  3 18  5 14  7  4 17 13  1
 12 10 15  7 16 18  4  5 14 17  3 13 11  8  6  1  2  9
  8  1 11 14  5  2 10 16 12  6  9 18 17 13  3  7  4 15
  3  4  6  9 13 17  1  8 11  2 15  7  5 10 14 16 18 12
 14 16 12  6 18  4  8 10  5 13  2  9 15 11  1  3 17  7
 17 13  9  8 10 11 12 15  7 14  1  3 18  4 16  6  5  2
 15  7  2  5  1  3 17  4  6 18 16 11  8 14  9 10 12 13
  5  9 17 11  8 13 14  1  4 12  6 16  3 15 10  2  7 18
  4 15 18 10 14  6  7  3  9  5 17  2 16  1 13 12  8 11
  2 12 16  3  7  1 11 18 15  8 13 10  6  5 17  4  9 14
  6 18  3 13  4  8 15 11  2  9  5  1 12 16  7 14 10 17
  9  2 10 17 15 14  3  7 13 16 12  6  1 18  5  8 11  4
 16  5  7  1 11 12 18 17  8 10 14  4 13  6  2  9 15  3
