 15 18 17 10 14 12 11 13 16 25 19 22 23 24 21 27 26 20 34 36 28 32 29 31 30 33 35 41 37 42 40 44 38 39 43 45 46 52 51 48 54 47 53 49 50 62 60 61 56 57 59 55 58 63 70 67 69 68 71 64 65 66 72 81 75 80 78 74 73 76 77 79  1  8  2  7  9  5  4  3  6
 42 45 44 37 41 39 38 40 43 52 46 49 50 51 48 54 53 47 61 63 55 59 56 58 57 60 62 68 64 69 67 71 65 66 70 72 73 79 78 75 81 74 80 76 77  8  6  7  2  3  5  1  4  9 16 13 15 14 17 10 11 12 18 27 21 26 24 20 19 22 23 25 28 35 29 34 36 32 31 30 33
 78 81 80 73 77 75 74 76 79  7  1  4  5  6  3  9  8  2 16 18 10 14 11 13 12 15 17 23 19 24 22 26 20 21 25 27 28 34 33 30 36 29 35 31 32 44 42 43 38 39 41 37 40 45 52 49 51 50 53 46 47 48 54 63 57 62 60 56 55 58 59 61 64 71 65 70 72 68 67 66 69
 24 27 26 19 23 21 20 22 25 34 28 31 32 33 30 36 35 29 43 45 37 41 38 40 39 42 44 50 46 51 49 53 47 48 52 54 55 61 60 57 63 56 62 58 59 71 69 70 65 66 68 64 67 72 79 76 78 77 80 73 74 75 81  9  3  8  6  2  1  4  5  7 10 17 11 16 18 14 13 12 15
 69 72 71 64 68 66 65 67 70 79 73 76 77 78 75 81 80 74  7  9  1  5  2  4  3  6  8 14 10 15 13 17 11 12 16 18 19 25 24 21 27 20 26 22 23 35 33 34 29 30 32 28 31 36 43 40 42 41 44 37 38 39 45 54 48 53 51 47 46 49 50 52 55 62 56 61 63 59 58 57 60
 33 36 35 28 32 30 29 31 34 43 37 40 41 42 39 45 44 38 52 54 46 50 47 49 48 51 53 59 55 60 58 62 56 57 61 63 64 70 69 66 72 65 71 67 68 80 78 79 74 75 77 73 76 81  7  4  6  5  8  1  2  3  9 18 12 17 15 11 10 13 14 16 19 26 20 25 27 23 22 21 24
 60 63 62 55 59 57 56 58 61 70 64 67 68 69 66 72 71 65 79 81 73 77 74 76 75 78 80  5  1  6  4  8  2  3  7  9 10 16 15 12 18 11 17 13 14 26 24 25 20 21 23 19 22 27 34 31 33 32 35 28 29 30 36 45 39 44 42 38 37 40 41 43 46 53 47 52 54 50 49 48 51
  6  9  8  1  5  3  2  4  7 16 10 13 14 15 12 18 17 11 25 27 19 23 20 22 21 24 26 32 28 33 31 35 29 30 34 36 37 43 42 39 45 38 44 40 41 53 51 52 47 48 50 46 49 54 61 58 60 59 62 55 56 57 63 72 66 71 69 65 64 67 68 70 73 80 74 79 81 77 76 75 78
 51 54 53 46 50 48 47 49 52 61 55 58 59 60 57 63 62 56 70 72 64 68 65 67 66 69 71 77 73 78 76 80 74 75 79 81  1  7  6  3  9  2  8  4  5 17 15 16 11 12 14 10 13 18 25 22 24 23 26 19 20 21 27 36 30 35 33 29 28 31 32 34 37 44 38 43 45 41 40 39 42
 34 28 36 29 33 31 30 32 35 44 38 41 42 43 40 37 45 39 53 46 47 51 48 50 49 52 54 60 56 61 59 63 57 58 62 55 65 71 70 67 64 66 72 68 69 81 79 80 75 76 78 74 77 73  8  5  7  6  9  2  3  4  1 10 13 18 16 12 11 14 15 17 20 27 21 26 19 24 23 22 25
 61 55 63 56 60 58 57 59 62 71 65 68 69 70 67 64 72 66 80 73 74 78 75 77 76 79 81  6  2  7  5  9  3  4  8  1 11 17 16 13 10 12 18 14 15 27 25 26 21 22 24 20 23 19 35 32 34 33 36 29 30 31 28 37 40 45 43 39 38 41 42 44 47 54 48 53 46 51 50 49 52
 16 10 18 11 15 13 12 14 17 26 20 23 24 25 22 19 27 21 35 28 29 33 30 32 31 34 36 42 38 43 41 45 39 40 44 37 47 53 52 49 46 48 54 50 51 63 61 62 57 58 60 56 59 55 71 68 70 69 72 65 66 67 64 73 76 81 79 75 74 77 78 80  2  9  3  8  1  6  5  4  7
 79 73 81 74 78 76 75 77 80  8  2  5  6  7  4  1  9  3 17 10 11 15 12 14 13 16 18 24 20 25 23 27 21 22 26 19 29 35 34 31 28 30 36 32 33 45 43 44 39 40 42 38 41 37 53 50 52 51 54 47 48 49 46 55 58 63 61 57 56 59 60 62 65 72 66 71 64 69 68 67 70
 70 64 72 65 69 67 66 68 71 80 74 77 78 79 76 73 81 75  8  1  2  6  3  5  4  7  9 15 11 16 14 18 12 13 17 10 20 26 25 22 19 21 27 23 24 36 34 35 30 31 33 29 32 28 44 41 43 42 45 38 39 40 37 46 49 54 52 48 47 50 51 53 56 63 57 62 55 60 59 58 61
  7  1  9  2  6  4  3  5  8 17 11 14 15 16 13 10 18 12 26 19 20 24 21 23 22 25 27 33 29 34 32 36 30 31 35 28 38 44 43 40 37 39 45 41 42 54 52 53 48 49 51 47 50 46 62 59 61 60 63 56 57 58 55 64 67 72 70 66 65 68 69 71 74 81 75 80 73 78 77 76 79
 43 37 45 38 42 40 39 41 44 53 47 50 51 52 49 46 54 48 62 55 56 60 57 59 58 61 63 69 65 70 68 72 66 67 71 64 74 80 79 76 73 75 81 77 78  9  7  8  3  4  6  2  5  1 17 14 16 15 18 11 12 13 10 19 22 27 25 21 20 23 24 26 29 36 30 35 28 33 32 31 34
 25 19 27 20 24 22 21 23 26 35 29 32 33 34 31 28 36 30 44 37 38 42 39 41 40 43 45 51 47 52 50 54 48 49 53 46 56 62 61 58 55 57 63 59 60 72 70 71 66 67 69 65 68 64 80 77 79 78 81 74 75 76 73  1  4  9  7  3  2  5  6  8 11 18 12 17 10 15 14 13 16
 52 46 54 47 51 49 48 50 53 62 56 59 60 61 58 55 63 57 71 64 65 69 66 68 67 70 72 78 74 79 77 81 75 76 80 73  2  8  7  4  1  3  9  5  6 18 16 17 12 13 15 11 14 10 26 23 25 24 27 20 21 22 19 28 31 36 34 30 29 32 33 35 38 45 39 44 37 42 41 40 43
 80 74 73 75 79 77 76 78 81  9  3  6  7  8  5  2  1  4 18 11 12 16 13 15 14 17 10 25 21 26 24 19 22 23 27 20 30 36 35 32 29 31 28 33 34 37 44 45 40 41 43 39 42 38 54 51 53 52 46 48 49 50 47 56 59 55 62 58 57 60 61 63 66 64 67 72 65 70 69 68 71
 26 20 19 21 25 23 22 24 27 36 30 33 34 35 32 29 28 31 45 38 39 43 40 42 41 44 37 52 48 53 51 46 49 50 54 47 57 63 62 59 56 58 55 60 61 64 71 72 67 68 70 66 69 65 81 78 80 79 73 75 76 77 74  2  5  1  8  4  3  6  7  9 12 10 13 18 11 16 15 14 17
 44 38 37 39 43 41 40 42 45 54 48 51 52 53 50 47 46 49 63 56 57 61 58 60 59 62 55 70 66 71 69 64 67 68 72 65 75 81 80 77 74 76 73 78 79  1  8  9  4  5  7  3  6  2 18 15 17 16 10 12 13 14 11 20 23 19 26 22 21 24 25 27 30 28 31 36 29 34 33 32 35
 71 65 64 66 70 68 67 69 72 81 75 78 79 80 77 74 73 76  9  2  3  7  4  6  5  8  1 16 12 17 15 10 13 14 18 11 21 27 26 23 20 22 19 24 25 28 35 36 31 32 34 30 33 29 45 42 44 43 37 39 40 41 38 47 50 46 53 49 48 51 52 54 57 55 58 63 56 61 60 59 62
 53 47 46 48 52 50 49 51 54 63 57 60 61 62 59 56 55 58 72 65 66 70 67 69 68 71 64 79 75 80 78 73 76 77 81 74  3  9  8  5  2  4  1  6  7 10 17 18 13 14 16 12 15 11 27 24 26 25 19 21 22 23 20 29 32 28 35 31 30 33 34 36 39 37 40 45 38 43 42 41 44
  8  2  1  3  7  5  4  6  9 18 12 15 16 17 14 11 10 13 27 20 21 25 22 24 23 26 19 34 30 35 33 28 31 32 36 29 39 45 44 41 38 40 37 42 43 46 53 54 49 50 52 48 51 47 63 60 62 61 55 57 58 59 56 65 68 64 71 67 66 69 70 72 75 73 76 81 74 79 78 77 80
 35 29 28 30 34 32 31 33 36 45 39 42 43 44 41 38 37 40 54 47 48 52 49 51 50 53 46 61 57 62 60 55 58 59 63 56 66 72 71 68 65 67 64 69 70 73 80 81 76 77 79 75 78 74  9  6  8  7  1  3  4  5  2 11 14 10 17 13 12 15 16 18 21 19 22 27 20 25 24 23 26
 62 56 55 57 61 59 58 60 63 72 66 69 70 71 68 65 64 67 81 74 75 79 76 78 77 80 73  7  3  8  6  1  4  5  9  2 12 18 17 14 11 13 10 15 16 19 26 27 22 23 25 21 24 20 36 33 35 34 28 30 31 32 29 38 41 37 44 40 39 42 43 45 48 46 49 54 47 52 51 50 53
 17 11 10 12 16 14 13 15 18 27 21 24 25 26 23 20 19 22 36 29 30 34 31 33 32 35 28 43 39 44 42 37 40 41 45 38 48 54 53 50 47 49 46 51 52 55 62 63 58 59 61 57 60 56 72 69 71 70 64 66 67 68 65 74 77 73 80 76 75 78 79 81  3  1  4  9  2  7  6  5  8
 63 57 56 58 62 60 59 61 55 64 67 70 71 72 69 66 65 68 73 75 76 80 77 79 78 81 74  8  4  9  7  2  5  6  1  3 13 10 18 15 12 14 11 16 17 20 27 19 23 24 26 22 25 21 28 34 36 35 29 31 32 33 30 39 42 38 45 41 40 43 44 37 49 47 50 46 48 53 52 51 54
 54 48 47 49 53 51 50 52 46 55 58 61 62 63 60 57 56 59 64 66 67 71 68 70 69 72 65 80 76 81 79 74 77 78 73 75  4  1  9  6  3  5  2  7  8 11 18 10 14 15 17 13 16 12 19 25 27 26 20 22 23 24 21 30 33 29 36 32 31 34 35 28 40 38 41 37 39 44 43 42 45
 18 12 11 13 17 15 14 16 10 19 22 25 26 27 24 21 20 23 28 30 31 35 32 34 33 36 29 44 40 45 43 38 41 42 37 39 49 46 54 51 48 50 47 52 53 56 63 55 59 60 62 58 61 57 64 70 72 71 65 67 68 69 66 75 78 74 81 77 76 79 80 73  4  2  5  1  3  8  7  6  9
  9  3  2  4  8  6  5  7  1 10 13 16 17 18 15 12 11 14 19 21 22 26 23 25 24 27 20 35 31 36 34 29 32 33 28 30 40 37 45 42 39 41 38 43 44 47 54 46 50 51 53 49 52 48 55 61 63 62 56 58 59 60 57 66 69 65 72 68 67 70 71 64 76 74 77 73 75 80 79 78 81
 45 39 38 40 44 42 41 43 37 46 49 52 53 54 51 48 47 50 55 57 58 62 59 61 60 63 56 71 67 72 70 65 68 69 64 66 76 73 81 78 75 77 74 79 80  2  9  1  5  6  8  4  7  3 10 16 18 17 11 13 14 15 12 21 24 20 27 23 22 25 26 19 31 29 32 28 30 35 34 33 36
 36 30 29 31 35 33 32 34 28 37 40 43 44 45 42 39 38 41 46 48 49 53 50 52 51 54 47 62 58 63 61 56 59 60 55 57 67 64 72 69 66 68 65 70 71 74 81 73 77 78 80 76 79 75  1  7  9  8  2  4  5  6  3 12 15 11 18 14 13 16 17 10 22 20 23 19 21 26 25 24 27
 27 21 20 22 26 24 23 25 19 28 31 34 35 36 33 30 29 32 37 39 40 44 41 43 42 45 38 53 49 54 52 47 50 51 46 48 58 55 63 60 57 59 56 61 62 65 72 64 68 69 71 67 70 66 73 79 81 80 74 76 77 78 75  3  6  2  9  5  4  7  8  1 13 11 14 10 12 17 16 15 18
 81 75 74 76 80 78 77 79 73  1  4  7  8  9  6  3  2  5 10 12 13 17 14 16 15 18 11 26 22 27 25 20 23 24 19 21 31 28 36 33 30 32 29 34 35 38 45 37 41 42 44 40 43 39 46 52 54 53 47 49 50 51 48 57 60 56 63 59 58 61 62 55 67 65 68 64 66 71 70 69 72
 72 66 65 67 71 69 68 70 64 73 76 79 80 81 78 75 74 77  1  3  4  8  5  7  6  9  2 17 13 18 16 11 14 15 10 12 22 19 27 24 21 23 20 25 26 29 36 28 32 33 35 31 34 30 37 43 45 44 38 40 41 42 39 48 51 47 54 50 49 52 53 46 58 56 59 55 57 62 61 60 63
 10 13 12 14 18 16 15 17 11 20 23 26 27 19 25 22 21 24 29 31 32 36 33 35 34 28 30 45 41 37 44 39 42 43 38 40 50 47 46 52 49 51 48 53 54 57 55 56 60 61 63 59 62 58 65 71 64 72 66 68 69 70 67 76 79 75 73 78 77 80 81 74  5  3  6  2  4  9  8  7  1
  1  4  3  5  9  7  6  8  2 11 14 17 18 10 16 13 12 15 20 22 23 27 24 26 25 19 21 36 32 28 35 30 33 34 29 31 41 38 37 43 40 42 39 44 45 48 46 47 51 52 54 50 53 49 56 62 55 63 57 59 60 61 58 67 70 66 64 69 68 71 72 65 77 75 78 74 76 81 80 79 73
 55 58 57 59 63 61 60 62 56 65 68 71 72 64 70 67 66 69 74 76 77 81 78 80 79 73 75  9  5  1  8  3  6  7  2  4 14 11 10 16 13 15 12 17 18 21 19 20 24 25 27 23 26 22 29 35 28 36 30 32 33 34 31 40 43 39 37 42 41 44 45 38 50 48 51 47 49 54 53 52 46
 28 31 30 32 36 34 33 35 29 38 41 44 45 37 43 40 39 42 47 49 50 54 51 53 52 46 48 63 59 55 62 57 60 61 56 58 68 65 64 70 67 69 66 71 72 75 73 74 78 79 81 77 80 76  2  8  1  9  3  5  6  7  4 13 16 12 10 15 14 17 18 11 23 21 24 20 22 27 26 25 19
 19 22 21 23 27 25 24 26 20 29 32 35 36 28 34 31 30 33 38 40 41 45 42 44 43 37 39 54 50 46 53 48 51 52 47 49 59 56 55 61 58 60 57 62 63 66 64 65 69 70 72 68 71 67 74 80 73 81 75 77 78 79 76  4  7  3  1  6  5  8  9  2 14 12 15 11 13 18 17 16 10
 37 40 39 41 45 43 42 44 38 47 50 53 54 46 52 49 48 51 56 58 59 63 60 62 61 55 57 72 68 64 71 66 69 70 65 67 77 74 73 79 76 78 75 80 81  3  1  2  6  7  9  5  8  4 11 17 10 18 12 14 15 16 13 22 25 21 19 24 23 26 27 20 32 30 33 29 31 36 35 34 28
 46 49 48 50 54 52 51 53 47 56 59 62 63 55 61 58 57 60 65 67 68 72 69 71 70 64 66 81 77 73 80 75 78 79 74 76  5  2  1  7  4  6  3  8  9 12 10 11 15 16 18 14 17 13 20 26 19 27 21 23 24 25 22 31 34 30 28 33 32 35 36 29 41 39 42 38 40 45 44 43 37
 73 76 75 77 81 79 78 80 74  2  5  8  9  1  7  4  3  6 11 13 14 18 15 17 16 10 12 27 23 19 26 21 24 25 20 22 32 29 28 34 31 33 30 35 36 39 37 38 42 43 45 41 44 40 47 53 46 54 48 50 51 52 49 58 61 57 55 60 59 62 63 56 68 66 69 65 67 72 71 70 64
 64 67 66 68 72 70 69 71 65 74 77 80 81 73 79 76 75 78  2  4  5  9  6  8  7  1  3 18 14 10 17 12 15 16 11 13 23 20 19 25 22 24 21 26 27 30 28 29 33 34 36 32 35 31 38 44 37 45 39 41 42 43 40 49 52 48 46 51 50 53 54 47 59 57 60 56 58 63 62 61 55
 56 59 58 60 55 62 61 63 57 66 69 72 64 65 71 68 67 70 75 77 78 73 79 81 80 74 76  1  6  2  9  4  7  8  3  5 15 12 11 17 14 16 13 18 10 22 20 21 25 26 19 24 27 23 30 36 29 28 31 33 34 35 32 41 44 40 38 43 42 45 37 39 51 49 52 48 50 46 54 53 47
 29 32 31 33 28 35 34 36 30 39 42 45 37 38 44 41 40 43 48 50 51 46 52 54 53 47 49 55 60 56 63 58 61 62 57 59 69 66 65 71 68 70 67 72 64 76 74 75 79 80 73 78 81 77  3  9  2  1  4  6  7  8  5 14 17 13 11 16 15 18 10 12 24 22 25 21 23 19 27 26 20
  2  5  4  6  1  8  7  9  3 12 15 18 10 11 17 14 13 16 21 23 24 19 25 27 26 20 22 28 33 29 36 31 34 35 30 32 42 39 38 44 41 43 40 45 37 49 47 48 52 53 46 51 54 50 57 63 56 55 58 60 61 62 59 68 71 67 65 70 69 72 64 66 78 76 79 75 77 73 81 80 74
 74 77 76 78 73 80 79 81 75  3  6  9  1  2  8  5  4  7 12 14 15 10 16 18 17 11 13 19 24 20 27 22 25 26 21 23 33 30 29 35 32 34 31 36 28 40 38 39 43 44 37 42 45 41 48 54 47 46 49 51 52 53 50 59 62 58 56 61 60 63 55 57 69 67 70 66 68 64 72 71 65
 11 14 13 15 10 17 16 18 12 21 24 27 19 20 26 23 22 25 30 32 33 28 34 36 35 29 31 37 42 38 45 40 43 44 39 41 51 48 47 53 50 52 49 54 46 58 56 57 61 62 55 60 63 59 66 72 65 64 67 69 70 71 68 77 80 76 74 79 78 81 73 75  6  4  7  3  5  1  9  8  2
 47 50 49 51 46 53 52 54 48 57 60 63 55 56 62 59 58 61 66 68 69 64 70 72 71 65 67 73 78 74 81 76 79 80 75 77  6  3  2  8  5  7  4  9  1 13 11 12 16 17 10 15 18 14 21 27 20 19 22 24 25 26 23 32 35 31 29 34 33 36 28 30 42 40 43 39 41 37 45 44 38
 20 23 22 24 19 26 25 27 21 30 33 36 28 29 35 32 31 34 39 41 42 37 43 45 44 38 40 46 51 47 54 49 52 53 48 50 60 57 56 62 59 61 58 63 55 67 65 66 70 71 64 69 72 68 75 81 74 73 76 78 79 80 77  5  8  4  2  7  6  9  1  3 15 13 16 12 14 10 18 17 11
 38 41 40 42 37 44 43 45 39 48 51 54 46 47 53 50 49 52 57 59 60 55 61 63 62 56 58 64 69 65 72 67 70 71 66 68 78 75 74 80 77 79 76 81 73  4  2  3  7  8  1  6  9  5 12 18 11 10 13 15 16 17 14 23 26 22 20 25 24 27 19 21 33 31 34 30 32 28 36 35 29
 65 68 67 69 64 71 70 72 66 75 78 81 73 74 80 77 76 79  3  5  6  1  7  9  8  2  4 10 15 11 18 13 16 17 12 14 24 21 20 26 23 25 22 27 19 31 29 30 34 35 28 33 36 32 39 45 38 37 40 42 43 44 41 50 53 49 47 52 51 54 46 48 60 58 61 57 59 55 63 62 56
 39 42 41 43 38 45 44 37 40 49 52 46 47 48 54 51 50 53 58 60 61 56 62 55 63 57 59 65 70 66 64 68 71 72 67 69 79 76 75 81 78 80 77 73 74  5  3  4  8  9  2  7  1  6 13 10 12 11 14 16 17 18 15 24 27 23 21 26 25 19 20 22 34 32 35 31 33 29 28 36 30
 12 15 14 16 11 18 17 10 13 22 25 19 20 21 27 24 23 26 31 33 34 29 35 28 36 30 32 38 43 39 37 41 44 45 40 42 52 49 48 54 51 53 50 46 47 59 57 58 62 63 56 61 55 60 67 64 66 65 68 70 71 72 69 78 81 77 75 80 79 73 74 76  7  5  8  4  6  2  1  9  3
 66 69 68 70 65 72 71 64 67 76 79 73 74 75 81 78 77 80  4  6  7  2  8  1  9  3  5 11 16 12 10 14 17 18 13 15 25 22 21 27 24 26 23 19 20 32 30 31 35 36 29 34 28 33 40 37 39 38 41 43 44 45 42 51 54 50 48 53 52 46 47 49 61 59 62 58 60 56 55 63 57
 75 78 77 79 74 81 80 73 76  4  7  1  2  3  9  6  5  8 13 15 16 11 17 10 18 12 14 20 25 21 19 23 26 27 22 24 34 31 30 36 33 35 32 28 29 41 39 40 44 45 38 43 37 42 49 46 48 47 50 52 53 54 51 60 63 59 57 62 61 55 56 58 70 68 71 67 69 65 64 72 66
  3  6  5  7  2  9  8  1  4 13 16 10 11 12 18 15 14 17 22 24 25 20 26 19 27 21 23 29 34 30 28 32 35 36 31 33 43 40 39 45 42 44 41 37 38 50 48 49 53 54 47 52 46 51 58 55 57 56 59 61 62 63 60 69 72 68 66 71 70 64 65 67 79 77 80 76 78 74 73 81 75
 48 51 50 52 47 54 53 46 49 58 61 55 56 57 63 60 59 62 67 69 70 65 71 64 72 66 68 74 79 75 73 77 80 81 76 78  7  4  3  9  6  8  5  1  2 14 12 13 17 18 11 16 10 15 22 19 21 20 23 25 26 27 24 33 36 32 30 35 34 28 29 31 43 41 44 40 42 38 37 45 39
 21 24 23 25 20 27 26 19 22 31 34 28 29 30 36 33 32 35 40 42 43 38 44 37 45 39 41 47 52 48 46 50 53 54 49 51 61 58 57 63 60 62 59 55 56 68 66 67 71 72 65 70 64 69 76 73 75 74 77 79 80 81 78  6  9  5  3  8  7  1  2  4 16 14 17 13 15 11 10 18 12
 57 60 59 61 56 63 62 55 58 67 70 64 65 66 72 69 68 71 76 78 79 74 80 73 81 75 77  2  7  3  1  5  8  9  4  6 16 13 12 18 15 17 14 10 11 23 21 22 26 27 20 25 19 24 31 28 30 29 32 34 35 36 33 42 45 41 39 44 43 37 38 40 52 50 53 49 51 47 46 54 48
 30 33 32 34 29 36 35 28 31 40 43 37 38 39 45 42 41 44 49 51 52 47 53 46 54 48 50 56 61 57 55 59 62 63 58 60 70 67 66 72 69 71 68 64 65 77 75 76 80 81 74 79 73 78  4  1  3  2  5  7  8  9  6 15 18 14 12 17 16 10 11 13 25 23 26 22 24 20 19 27 21
 76 79 78 80 75 73 81 74 77  5  8  2  3  4  1  7  6  9 14 16 17 12 18 11 10 13 15 21 26 22 20 24 27 19 23 25 35 32 31 28 34 36 33 29 30 42 40 41 45 37 39 44 38 43 50 47 49 48 51 53 54 46 52 61 55 60 58 63 62 56 57 59 71 69 72 68 70 66 65 64 67
 49 52 51 53 48 46 54 47 50 59 62 56 57 58 55 61 60 63 68 70 71 66 72 65 64 67 69 75 80 76 74 78 81 73 77 79  8  5  4  1  7  9  6  2  3 15 13 14 18 10 12 17 11 16 23 20 22 21 24 26 27 19 25 34 28 33 31 36 35 29 30 32 44 42 45 41 43 39 38 37 40
 58 61 60 62 57 55 63 56 59 68 71 65 66 67 64 70 69 72 77 79 80 75 81 74 73 76 78  3  8  4  2  6  9  1  5  7 17 14 13 10 16 18 15 11 12 24 22 23 27 19 21 26 20 25 32 29 31 30 33 35 36 28 34 43 37 42 40 45 44 38 39 41 53 51 54 50 52 48 47 46 49
 40 43 42 44 39 37 45 38 41 50 53 47 48 49 46 52 51 54 59 61 62 57 63 56 55 58 60 66 71 67 65 69 72 64 68 70 80 77 76 73 79 81 78 74 75  6  4  5  9  1  3  8  2  7 14 11 13 12 15 17 18 10 16 25 19 24 22 27 26 20 21 23 35 33 36 32 34 30 29 28 31
 31 34 33 35 30 28 36 29 32 41 44 38 39 40 37 43 42 45 50 52 53 48 54 47 46 49 51 57 62 58 56 60 63 55 59 61 71 68 67 64 70 72 69 65 66 78 76 77 81 73 75 80 74 79  5  2  4  3  6  8  9  1  7 16 10 15 13 18 17 11 12 14 26 24 27 23 25 21 20 19 22
 67 70 69 71 66 64 72 65 68 77 80 74 75 76 73 79 78 81  5  7  8  3  9  2  1  4  6 12 17 13 11 15 18 10 14 16 26 23 22 19 25 27 24 20 21 33 31 32 36 28 30 35 29 34 41 38 40 39 42 44 45 37 43 52 46 51 49 54 53 47 48 50 62 60 63 59 61 57 56 55 58
 22 25 24 26 21 19 27 20 23 32 35 29 30 31 28 34 33 36 41 43 44 39 45 38 37 40 42 48 53 49 47 51 54 46 50 52 62 59 58 55 61 63 60 56 57 69 67 68 72 64 66 71 65 70 77 74 76 75 78 80 81 73 79  7  1  6  4  9  8  2  3  5 17 15 18 14 16 12 11 10 13
  4  7  6  8  3  1  9  2  5 14 17 11 12 13 10 16 15 18 23 25 26 21 27 20 19 22 24 30 35 31 29 33 36 28 32 34 44 41 40 37 43 45 42 38 39 51 49 50 54 46 48 53 47 52 59 56 58 57 60 62 63 55 61 70 64 69 67 72 71 65 66 68 80 78 81 77 79 75 74 73 76
 13 16 15 17 12 10 18 11 14 23 26 20 21 22 19 25 24 27 32 34 35 30 36 29 28 31 33 39 44 40 38 42 45 37 41 43 53 50 49 46 52 54 51 47 48 60 58 59 63 55 57 62 56 61 68 65 67 66 69 71 72 64 70 79 73 78 76 81 80 74 75 77  8  6  9  5  7  3  2  1  4
 50 53 52 54 49 47 46 48 51 60 63 57 58 59 56 62 61 55 69 71 72 67 64 66 65 68 70 76 81 77 75 79 73 74 78 80  9  6  5  2  8  1  7  3  4 16 14 15 10 11 13 18 12 17 24 21 23 22 25 27 19 20 26 35 29 34 32 28 36 30 31 33 45 43 37 42 44 40 39 38 41
 41 44 43 45 40 38 37 39 42 51 54 48 49 50 47 53 52 46 60 62 63 58 55 57 56 59 61 67 72 68 66 70 64 65 69 71 81 78 77 74 80 73 79 75 76  7  5  6  1  2  4  9  3  8 15 12 14 13 16 18 10 11 17 26 20 25 23 19 27 21 22 24 36 34 28 33 35 31 30 29 32
  5  8  7  9  4  2  1  3  6 15 18 12 13 14 11 17 16 10 24 26 27 22 19 21 20 23 25 31 36 32 30 34 28 29 33 35 45 42 41 38 44 37 43 39 40 52 50 51 46 47 49 54 48 53 60 57 59 58 61 63 55 56 62 71 65 70 68 64 72 66 67 69 81 79 73 78 80 76 75 74 77
 14 17 16 18 13 11 10 12 15 24 27 21 22 23 20 26 25 19 33 35 36 31 28 30 29 32 34 40 45 41 39 43 37 38 42 44 54 51 50 47 53 46 52 48 49 61 59 60 55 56 58 63 57 62 69 66 68 67 70 72 64 65 71 80 74 79 77 73 81 75 76 78  9  7  1  6  8  4  3  2  5
 68 71 70 72 67 65 64 66 69 78 81 75 76 77 74 80 79 73  6  8  9  4  1  3  2  5  7 13 18 14 12 16 10 11 15 17 27 24 23 20 26 19 25 21 22 34 32 33 28 29 31 36 30 35 42 39 41 40 43 45 37 38 44 53 47 52 50 46 54 48 49 51 63 61 55 60 62 58 57 56 59
 23 26 25 27 22 20 19 21 24 33 36 30 31 32 29 35 34 28 42 44 45 40 37 39 38 41 43 49 54 50 48 52 46 47 51 53 63 60 59 56 62 55 61 57 58 70 68 69 64 65 67 72 66 71 78 75 77 76 79 81 73 74 80  8  2  7  5  1  9  3  4  6 18 16 10 15 17 13 12 11 14
 32 35 34 36 31 29 28 30 33 42 45 39 40 41 38 44 43 37 51 53 54 49 46 48 47 50 52 58 63 59 57 61 55 56 60 62 72 69 68 65 71 64 70 66 67 79 77 78 73 74 76 81 75 80  6  3  5  4  7  9  1  2  8 17 11 16 14 10 18 12 13 15 27 25 19 24 26 22 21 20 23
 59 62 61 63 58 56 55 57 60 69 72 66 67 68 65 71 70 64 78 80 81 76 73 75 74 77 79  4  9  5  3  7  1  2  6  8 18 15 14 11 17 10 16 12 13 25 23 24 19 20 22 27 21 26 33 30 32 31 34 36 28 29 35 44 38 43 41 37 45 39 40 42 54 52 46 51 53 49 48 47 50
 77 80 79 81 76 74 73 75 78  6  9  3  4  5  2  8  7  1 15 17 18 13 10 12 11 14 16 22 27 23 21 25 19 20 24 26 36 33 32 29 35 28 34 30 31 43 41 42 37 38 40 45 39 44 51 48 50 49 52 54 46 47 53 62 56 61 59 55 63 57 58 60 72 70 64 69 71 67 66 65 68
