0.004257199998392025
0.003919799997675
0.004640500003006309
0.003916400000889553
0.004194199998892145
0.004088599998794962
0.003951700000470737
0.004218800000671763
0.004041100000904407
0.00396069999987958
0.004140499997447478
0.004756400001497241
0.00396309999996447
0.004096799999388168
0.004471000000194181
0.004443300000275485
0.004793600000994047
0.00420980000126292
0.004565999999613268
0.004920100000163075
0.00416409999888856
0.0040219999973487575
0.0047074999965843745
0.004535099997156067
0.004520300000876887
0.004369199999928242
0.004390600002807332
0.004065400000399677
0.004108400000404799
0.00459440000122413
0.004674100000556791
0.00417609999931301
0.004071399998792913
0.004077600002347026
0.005316300001140917
0.004094300002179807
0.00401150000107009
0.0048397999998996966
0.004770899999130052
0.003974600000219652
0.004820100002689287
0.004487400001380593
0.004300299999158597
0.0052243000027374364
0.00480980000065756
0.004434200000105193
0.005154200000106357
0.004188999999314547
0.004585200000292389
0.00404520000302
0.004188700000668177
0.004165300000749994
0.003994900001998758
0.004347100002632942
0.0043084999997518025
0.0042212999978801236
0.005928099999437109
0.004186000001936918
0.0042317000006733
0.004177400001935894
0.004133899998123525
0.004440500000782777
0.00453189999825554
0.004011899996839929
0.004518600002484163
0.004036999998788815
0.005013300000427989
0.004027499999210704
0.004122300000744872
0.004130699999222998
0.00482910000209813
0.0044834000000264496
0.004479800001718104
0.004258799999661278
0.004557599997497164
0.003959100002248306
0.004205900000670226
0.004165800000919262
0.0040380999998888
0.004235500000504544
0.004648300000553718
0.004265700001269579
0.004196600002615014
0.004244299998390488
0.004561800000374205
0.004569400000036694
0.0040683999977773055
0.004656699999031844
0.004725400001916569
0.004527600001893006
0.004078900001331931
0.004366400000435533
0.004294299997127382
0.004136899999139132
0.006131000001914799
0.007034000002022367
0.006993200000579236
0.0072489999984099995
0.007549900001322385
0.007001300000410993
