 10 12 11 15 14 13 16 17 18  3  2  1  4  6  5  9  8  7
  7  9  8 12 11 10 13 14 15 18 17 16  1  3  2  6  5  4
 13 15 14 18 17 16  1  2  3  6  5  4  7  9  8 12 11 10
  4  6  5  9  8  7 10 11 12 15 14 13 16 18 17  3  2  1
  1  3  2  6  5  4  7  8  9 12 11 10 13 15 14 18 17 16
 16 18 17  3  2  1  4  5  6  9  8  7 10 12 11 15 14 13
 11 10 12 13 15 14 17 18 16  1  3  2  5  4  6  7  9  8
  5  4  6  7  9  8 11 12 10 13 15 14 17 16 18  1  3  2
  2  1  3  4  6  5  8  9  7 10 12 11 14 13 15 16 18 17
  8  7  9 10 12 11 14 15 13 16 18 17  2  1  3  4  6  5
 17 16 18  1  3  2  5  6  4  7  9  8 11 10 12 13 15 14
 14 13 15 16 18 17  2  3  1  4  6  5  8  7  9 10 12 11
  9  8  7 11 10 12 15 13 14 17 16 18  3  2  1  5  4  6
 12 11 10 14 13 15 18 16 17  2  1  3  6  5  4  8  7  9
 15 14 13 17 16 18  3  1  2  5  4  6  9  8  7 11 10 12
 18 17 16  2  1  3  6  4  5  8  7  9 12 11 10 14 13 15
  6  5  4  8  7  9 12 10 11 14 13 15 18 17 16  2  1  3
  3  2  1  5  4  6  9  7  8 11 10 12 15 14 13 17 16 18
