 17 16 15  1  2 10  7  8 19  3  5 12  6 13  9 14 18 20 11  4
 18  6  9 11 12 20  4 13  5 14  2 15 19 16  1  7  8 17  3 10
 11 15 19  8 16  9  2  5 10  1 20  3 18  4 14  6 17 12 13  7
  3  4  6 12 18 17 13 20 14  7 16  8  9  2 19  1 10 11  5 15
 10  1 16  9  4 11 15  2  6  5  3 18 14 12  8 20 13 19  7 17
 20 19  7 13  8 12 17 14  3 18  9 16 10  6  4  2  1  5 15 11
  7 13 12 19  9 16  1 10  8 11 18  2  4 15  6  3  5 14 17 20
  6  3  4 17  5 18 14 15  2 20  8 11 16 10 12  9  7 13  1 19
 12  5 20 16 11  8 18  1 17  4 14  7 15  3  2 13  6 10 19  9
 15  9  3  2  6 14 19  7 13 10 17 20  8 11  5 18  4  1 12 16
  9  7  1  3 20 15  6 17 12 19 10 14  2 18 16  5 11  4  8 13
 16 18  8 14 13  5 10  4 11  2  7  9 20 17 15 12 19  3  6  1
 19 20 10  4  1  7 12 18 15  9 11 13 17 14  3  8  2  6 16  5
 14 11  2  6 17 13  5  3 16  8 12 19  7  1 20  4  9 15 10 18
  2 17 14  7  3  4  9 16 18 15  1  5 13 19 11 10 12  8 20  6
 13 12 11  5 10  1  8 19 20  6 15 17  3  9 18 16 14  7  4  2
  1  2 13 20 14  3 16  6  7 17 19  4 12  5 10 11 15 18  9  8
  8 10  5 18 15 19 11  9  4 12 13  6  1 20  7 17 16  2 14  3
  4 14 17 15  7  2  3 11  1 16  6 10  5  8 13 19 20  9 18 12
  5  8 18 10 19  6 20 12  9 13  4  1 11  7 17 15  3 16  2 14
