 13 17 11  3  5 10  2 15 14  7  8  9 19  1 18 16  6 20 12  4
 16  8  4 12  9 20  6  1 19 18 10  7  5 14 15  3 11  2 13 17
  7  5 17 16 20  1  4  3 13  2 14 10  8 18  9 11 15 12 19  6
 19 18 12  6 15  9 14  8 10 11  5 17  7 16 13  2  3  4 20  1
  3  1 10 11  2 19 18  6  4  8 20 13 17 15 12  7 14 16  9  5
 14 15 16  5 12 17  9 20  7 13  1  2  6  8 19  4 18  3 11 10
 17 19  2  1  3  6  5 12 20 10  9  8 13  7 11 18 16 15  4 14
  4 16  8  7 11 15 13  9 18 14 19  3 10 12  2 17  5  6  1 20
 18 20 19 10 17 11 12  4  6 15 13 14  9  3  8  1  7  5 16  2
  1 13  7 14 16  5  8  2  9  3  6 15 11 17  4 19 20 10 18 12
 20  9 18 17 19  4 11  7 15  6 12  1 16 10 14 13  2  8  5  3
  5 14  1  8 10 13  3 16  2 12  4 11 20  9  7 15 17 18  6 19
  6  4  3 19  1 16 17 13  8  5 18 12 14 11 10 20  9  7  2 15
 15  2 14 18  7 12 20 10 11  9 16  5  1 13  3  6  4 19 17  8
 12 11 20 13  6 18 19 17  3  1  7 16  2  4  5  8 10 14 15  9
  9 10  5 15  8  2  7 14 16  4 11 19 18 20  6 12  1 17  3 13
 11  7  6  4 14  8 16  5 17 19  3 20 15  2  1  9 12 13 10 18
 10 12  9  2 13  3 15 18  1 20 17  6  4 19 16  5  8 11 14  7
  2  6 13  9  4  7 10 11 12 17 15 18  3  5 20 14 19  1  8 16
  8  3 15 20 18 14  1 19  5 16  2  4 12  6 17 10 13  9  7 11
