 23 22 21 24 25 29 28 30 26 27 33 32 34 31 35 38 36 37 39 40 44 41 43 42 45  4  1  2  5  3  7 10  6  9  8 15 13 11 12 14 16 18 20 17 19
 18 17 16 19 20 24 23 25 21 22 28 27 29 26 30 33 31 32 34 35 39 36 38 37 40 44 41 42 45 43  2  5  1  4  3 10  8  6  7  9 11 13 15 12 14
  8  7  6  9 10 14 13 15 11 12 18 17 19 16 20 23 21 22 24 25 29 26 28 27 30 34 31 32 35 33 37 40 36 39 38 45 43 41 42 44  1  3  5  2  4
 43 42 41 44 45  4  3  5  1  2  8  7  9  6 10 13 11 12 14 15 19 16 18 17 20 24 21 22 25 23 27 30 26 29 28 35 33 31 32 34 36 38 40 37 39
 38 37 36 39 40 44 43 45 41 42  3  2  4  1  5  8  6  7  9 10 14 11 13 12 15 19 16 17 20 18 22 25 21 24 23 30 28 26 27 29 31 33 35 32 34
 33 32 31 34 35 39 38 40 36 37 43 42 44 41 45  3  1  2  4  5  9  6  8  7 10 14 11 12 15 13 17 20 16 19 18 25 23 21 22 24 26 28 30 27 29
 13 12 11 14 15 19 18 20 16 17 23 22 24 21 25 28 26 27 29 30 34 31 33 32 35 39 36 37 40 38 42 45 41 44 43  5  3  1  2  4  6  8 10  7  9
  3  2  1  4  5  9  8 10  6  7 13 12 14 11 15 18 16 17 19 20 24 21 23 22 25 29 26 27 30 28 32 35 31 34 33 40 38 36 37 39 41 43 45 42 44
 28 27 26 29 30 34 33 35 31 32 38 37 39 36 40 43 41 42 44 45  4  1  3  2  5  9  6  7 10  8 12 15 11 14 13 20 18 16 17 19 21 23 25 22 24
 19 18 17 20 16 25 24 21 22 23 29 28 30 27 26 34 32 33 35 31 40 37 39 38 36 45 42 43 41 44  3  1  2  5  4  6  9  7  8 10 12 14 11 13 15
 39 38 37 40 36 45 44 41 42 43  4  3  5  2  1  9  7  8 10  6 15 12 14 13 11 20 17 18 16 19 23 21 22 25 24 26 29 27 28 30 32 34 31 33 35
 24 23 22 25 21 30 29 26 27 28 34 33 35 32 31 39 37 38 40 36 45 42 44 43 41  5  2  3  1  4  8  6  7 10  9 11 14 12 13 15 17 19 16 18 20
 29 28 27 30 26 35 34 31 32 33 39 38 40 37 36 44 42 43 45 41  5  2  4  3  1 10  7  8  6  9 13 11 12 15 14 16 19 17 18 20 22 24 21 23 25
 14 13 12 15 11 20 19 16 17 18 24 23 25 22 21 29 27 28 30 26 35 32 34 33 31 40 37 38 36 39 43 41 42 45 44  1  4  2  3  5  7  9  6  8 10
  4  3  2  5  1 10  9  6  7  8 14 13 15 12 11 19 17 18 20 16 25 22 24 23 21 30 27 28 26 29 33 31 32 35 34 36 39 37 38 40 42 44 41 43 45
  9  8  7 10  6 15 14 11 12 13 19 18 20 17 16 24 22 23 25 21 30 27 29 28 26 35 32 33 31 34 38 36 37 40 39 41 44 42 43 45  2  4  1  3  5
 34 33 32 35 31 40 39 36 37 38 44 43 45 42 41  4  2  3  5  1 10  7  9  8  6 15 12 13 11 14 18 16 17 20 19 21 24 22 23 25 27 29 26 28 30
 44 43 42 45 41  5  4  1  2  3  9  8 10  7  6 14 12 13 15 11 20 17 19 18 16 25 22 23 21 24 28 26 27 30 29 31 34 32 33 35 37 39 36 38 40
  5  4  3  1  2  6 10  7  8  9 15 14 11 13 12 20 18 19 16 17 21 23 25 24 22 26 28 29 27 30 34 32 33 31 35 37 40 38 39 36 43 45 42 44 41
 30 29 28 26 27 31 35 32 33 34 40 39 36 38 37 45 43 44 41 42  1  3  5  4  2  6  8  9  7 10 14 12 13 11 15 17 20 18 19 16 23 25 22 24 21
 25 24 23 21 22 26 30 27 28 29 35 34 31 33 32 40 38 39 36 37 41 43 45 44 42  1  3  4  2  5  9  7  8  6 10 12 15 13 14 11 18 20 17 19 16
 10  9  8  6  7 11 15 12 13 14 20 19 16 18 17 25 23 24 21 22 26 28 30 29 27 31 33 34 32 35 39 37 38 36 40 42 45 43 44 41  3  5  2  4  1
 20 19 18 16 17 21 25 22 23 24 30 29 26 28 27 35 33 34 31 32 36 38 40 39 37 41 43 44 42 45  4  2  3  1  5  7 10  8  9  6 13 15 12 14 11
 45 44 43 41 42  1  5  2  3  4 10  9  6  8  7 15 13 14 11 12 16 18 20 19 17 21 23 24 22 25 29 27 28 26 30 32 35 33 34 31 38 40 37 39 36
 40 39 38 36 37 41 45 42 43 44  5  4  1  3  2 10  8  9  6  7 11 13 15 14 12 16 18 19 17 20 24 22 23 21 25 27 30 28 29 26 33 35 32 34 31
 35 34 33 31 32 36 40 37 38 39 45 44 41 43 42  5  3  4  1  2  6  8 10  9  7 11 13 14 12 15 19 17 18 16 20 22 25 23 24 21 28 30 27 29 26
 15 14 13 11 12 16 20 17 18 19 25 24 21 23 22 30 28 29 26 27 31 33 35 34 32 36 38 39 37 40 44 42 43 41 45  2  5  3  4  1  8 10  7  9  6
 11 15 14 12 13 17 16 18 19 20 21 25 22 24 23 26 29 30 27 28 32 34 31 35 33 37 39 40 38 36 45 43 44 42 41  3  1  4  5  2  9  6  8 10  7
  6 10  9  7  8 12 11 13 14 15 16 20 17 19 18 21 24 25 22 23 27 29 26 30 28 32 34 35 33 31 40 38 39 37 36 43 41 44 45 42  4  1  3  5  2
 26 30 29 27 28 32 31 33 34 35 36 40 37 39 38 41 44 45 42 43  2  4  1  5  3  7  9 10  8  6 15 13 14 12 11 18 16 19 20 17 24 21 23 25 22
  1  5  4  2  3  7  6  8  9 10 11 15 12 14 13 16 19 20 17 18 22 24 21 25 23 27 29 30 28 26 35 33 34 32 31 38 36 39 40 37 44 41 43 45 42
 31 35 34 32 33 37 36 38 39 40 41 45 42 44 43  1  4  5  2  3  7  9  6 10  8 12 14 15 13 11 20 18 19 17 16 23 21 24 25 22 29 26 28 30 27
 16 20 19 17 18 22 21 23 24 25 26 30 27 29 28 31 34 35 32 33 37 39 36 40 38 42 44 45 43 41  5  3  4  2  1  8  6  9 10  7 14 11 13 15 12
 36 40 39 37 38 42 41 43 44 45  1  5  2  4  3  6  9 10  7  8 12 14 11 15 13 17 19 20 18 16 25 23 24 22 21 28 26 29 30 27 34 31 33 35 32
 41 45 44 42 43  2  1  3  4  5  6 10  7  9  8 11 14 15 12 13 17 19 16 20 18 22 24 25 23 21 30 28 29 27 26 33 31 34 35 32 39 36 38 40 37
 21 25 24 22 23 27 26 28 29 30 31 35 32 34 33 36 39 40 37 38 42 44 41 45 43  2  4  5  3  1 10  8  9  7  6 13 11 14 15 12 19 16 18 20 17
 27 26 30 28 29 33 32 34 35 31 37 36 38 40 39 42 45 41 43 44  3  5  2  1  4  8 10  6  9  7 11 14 15 13 12 19 17 20 16 18 25 22 24 21 23
 32 31 35 33 34 38 37 39 40 36 42 41 43 45 44  2  5  1  3  4  8 10  7  6  9 13 15 11 14 12 16 19 20 18 17 24 22 25 21 23 30 27 29 26 28
 22 21 25 23 24 28 27 29 30 26 32 31 33 35 34 37 40 36 38 39 43 45 42 41 44  3  5  1  4  2  6  9 10  8  7 14 12 15 11 13 20 17 19 16 18
 12 11 15 13 14 18 17 19 20 16 22 21 23 25 24 27 30 26 28 29 33 35 32 31 34 38 40 36 39 37 41 44 45 43 42  4  2  5  1  3 10  7  9  6  8
  7  6 10  8  9 13 12 14 15 11 17 16 18 20 19 22 25 21 23 24 28 30 27 26 29 33 35 31 34 32 36 39 40 38 37 44 42 45 41 43  5  2  4  1  3
 42 41 45 43 44  3  2  4  5  1  7  6  8 10  9 12 15 11 13 14 18 20 17 16 19 23 25 21 24 22 26 29 30 28 27 34 32 35 31 33 40 37 39 36 38
 17 16 20 18 19 23 22 24 25 21 27 26 28 30 29 32 35 31 33 34 38 40 37 36 39 43 45 41 44 42  1  4  5  3  2  9  7 10  6  8 15 12 14 11 13
  2  1  5  3  4  8  7  9 10  6 12 11 13 15 14 17 20 16 18 19 23 25 22 21 24 28 30 26 29 27 31 34 35 33 32 39 37 40 36 38 45 42 44 41 43
 37 36 40 38 39 43 42 44 45 41  2  1  3  5  4  7 10  6  8  9 13 15 12 11 14 18 20 16 19 17 21 24 25 23 22 29 27 30 26 28 35 32 34 31 33
