  6 10  9  8  7 12 14 15 13 11 19 18 17 16 20  2  3  5  4  1
 11 15 14 13 12 17 19 20 18 16  4  3  2  1  5  7  8 10  9  6
  1  5  4  3  2  7  9 10  8  6 14 13 12 11 15 17 18 20 19 16
 16 20 19 18 17  2  4  5  3  1  9  8  7  6 10 12 13 15 14 11
 12 11 15 14 13 18 20 16 19 17  5  4  3  2  1  8  9  6 10  7
  2  1  5  4  3  8 10  6  9  7 15 14 13 12 11 18 19 16 20 17
  7  6 10  9  8 13 15 11 14 12 20 19 18 17 16  3  4  1  5  2
 17 16 20 19 18  3  5  1  4  2 10  9  8  7  6 13 14 11 15 12
 13 12 11 15 14 19 16 17 20 18  1  5  4  3  2  9 10  7  6  8
  3  2  1  5  4  9  6  7 10  8 11 15 14 13 12 19 20 17 16 18
  8  7  6 10  9 14 11 12 15 13 16 20 19 18 17  4  5  2  1  3
 18 17 16 20 19  4  1  2  5  3  6 10  9  8  7 14 15 12 11 13
 14 13 12 11 15 20 17 18 16 19  2  1  5  4  3 10  6  8  7  9
  4  3  2  1  5 10  7  8  6  9 12 11 15 14 13 20 16 18 17 19
  9  8  7  6 10 15 12 13 11 14 17 16 20 19 18  5  1  3  2  4
 19 18 17 16 20  5  2  3  1  4  7  6 10  9  8 15 11 13 12 14
 10  9  8  7  6 11 13 14 12 15 18 17 16 20 19  1  2  4  3  5
 20 19 18 17 16  1  3  4  2  5  8  7  6 10  9 11 12 14 13 15
  5  4  3  2  1  6  8  9  7 10 13 12 11 15 14 16 17 19 18 20
 15 14 13 12 11 16 18 19 17 20  3  2  1  5  4  6  7  9  8 10
