  3  7  2  6  8  1  5  4 15  9 11 10 16 14 12 13 20 23 19 17 18 24 21 22 27 28 29 31 30 32 25 26
 27 31 26 30 32 25 29 28  7  1  3  2  8  6  4  5 12 15 11  9 10 16 13 14 19 20 21 23 22 24 17 18
 19 23 18 22 24 17 21 20 31 25 27 26 32 30 28 29  4  7  3  1  2  8  5  6 11 12 13 15 14 16  9 10
 11 15 10 14 16  9 13 12 23 17 19 18 24 22 20 21 28 31 27 25 26 32 29 30  3  4  5  7  6  8  1  2
 28 32 27 31 25 26 30 29  8  2  4  3  1  7  5  6 13 16 12 10 11  9 14 15 20 21 22 24 23 17 18 19
 12 16 11 15  9 10 14 13 24 18 20 19 17 23 21 22 29 32 28 26 27 25 30 31  4  5  6  8  7  1  2  3
 20 24 19 23 17 18 22 21 32 26 28 27 25 31 29 30  5  8  4  2  3  1  6  7 12 13 14 16 15  9 10 11
  4  8  3  7  1  2  6  5 16 10 12 11  9 15 13 14 21 24 20 18 19 17 22 23 28 29 30 32 31 25 26 27
  5  1  4  8  2  3  7  6  9 11 13 12 10 16 14 15 22 17 21 19 20 18 23 24 29 30 31 25 32 26 27 28
 13  9 12 16 10 11 15 14 17 19 21 20 18 24 22 23 30 25 29 27 28 26 31 32  5  6  7  1  8  2  3  4
 21 17 20 24 18 19 23 22 25 27 29 28 26 32 30 31  6  1  5  3  4  2  7  8 13 14 15  9 16 10 11 12
 29 25 28 32 26 27 31 30  1  3  5  4  2  8  6  7 14  9 13 11 12 10 15 16 21 22 23 17 24 18 19 20
 14 10 13  9 11 12 16 15 18 20 22 21 19 17 23 24 31 26 30 28 29 27 32 25  6  7  8  2  1  3  4  5
 22 18 21 17 19 20 24 23 26 28 30 29 27 25 31 32  7  2  6  4  5  3  8  1 14 15 16 10  9 11 12 13
 30 26 29 25 27 28 32 31  2  4  6  5  3  1  7  8 15 10 14 12 13 11 16  9 22 23 24 18 17 19 20 21
  6  2  5  1  3  4  8  7 10 12 14 13 11  9 15 16 23 18 22 20 21 19 24 17 30 31 32 26 25 27 28 29
 23 19 22 18 20 21 17 24 27 29 31 30 28 26 32 25  8  3  7  5  6  4  1  2 15 16  9 11 10 12 13 14
  7  3  6  2  4  5  1  8 11 13 15 14 12 10 16  9 24 19 23 21 22 20 17 18 31 32 25 27 26 28 29 30
 15 11 14 10 12 13  9 16 19 21 23 22 20 18 24 17 32 27 31 29 30 28 25 26  7  8  1  3  2  4  5  6
 31 27 30 26 28 29 25 32  3  5  7  6  4  2  8  1 16 11 15 13 14 12  9 10 23 24 17 19 18 20 21 22
 16 12 15 11 13 14 10  9 20 22 24 23 21 19 17 18 25 28 32 30 31 29 26 27  8  1  2  4  3  5  6  7
 32 28 31 27 29 30 26 25  4  6  8  7  5  3  1  2  9 12 16 14 15 13 10 11 24 17 18 20 19 21 22 23
 24 20 23 19 21 22 18 17 28 30 32 31 29 27 25 26  1  4  8  6  7  5  2  3 16  9 10 12 11 13 14 15
  8  4  7  3  5  6  2  1 12 14 16 15 13 11  9 10 17 20 24 22 23 21 18 19 32 25 26 28 27 29 30 31
 17 21 24 20 22 23 19 18 29 31 25 32 30 28 26 27  2  5  1  7  8  6  3  4  9 10 11 13 12 14 15 16
  9 13 16 12 14 15 11 10 21 23 17 24 22 20 18 19 26 29 25 31 32 30 27 28  1  2  3  5  4  6  7  8
 25 29 32 28 30 31 27 26  5  7  1  8  6  4  2  3 10 13  9 15 16 14 11 12 17 18 19 21 20 22 23 24
  1  5  8  4  6  7  3  2 13 15  9 16 14 12 10 11 18 21 17 23 24 22 19 20 25 26 27 29 28 30 31 32
  2  6  1  5  7  8  4  3 14 16 10  9 15 13 11 12 19 22 18 24 17 23 20 21 26 27 28 30 29 31 32 25
 18 22 17 21 23 24 20 19 30 32 26 25 31 29 27 28  3  6  2  8  1  7  4  5 10 11 12 14 13 15 16  9
 10 14  9 13 15 16 12 11 22 24 18 17 23 21 19 20 27 30 26 32 25 31 28 29  2  3  4  6  5  7  8  1
 26 30 25 29 31 32 28 27  6  8  2  1  7  5  3  4 11 14 10 16  9 15 12 13 18 19 20 22 21 23 24 17
