 10 11 15 13 16 12  9 14 21 24 19 20 18 22 17 23 28 30 25 32 29 27 31 26  8  3  5  4  7  1  2  6
  2  3  7  5  8  4  1  6 13 16 11 12 10 14  9 15 20 22 17 24 21 19 23 18 32 27 29 28 31 25 26 30
 18 19 23 21 24 20 17 22 29 32 27 28 26 30 25 31  4  6  1  8  5  3  7  2 16 11 13 12 15  9 10 14
 26 27 31 29 32 28 25 30  5  8  3  4  2  6  1  7 12 14  9 16 13 11 15 10 24 19 21 20 23 17 18 22
  3  4  8  6  1  5  2  7 14  9 12 13 11 15 10 16 21 23 18 17 22 20 24 19 25 28 30 29 32 26 27 31
 19 20 24 22 17 21 18 23 30 25 28 29 27 31 26 32  5  7  2  1  6  4  8  3  9 12 14 13 16 10 11 15
 11 12 16 14  9 13 10 15 22 17 20 21 19 23 18 24 29 31 26 25 30 28 32 27  1  4  6  5  8  2  3  7
 27 28 32 30 25 29 26 31  6  1  4  5  3  7  2  8 13 15 10  9 14 12 16 11 17 20 22 21 24 18 19 23
 28 29 25 31 26 30 27 32  7  2  5  6  4  8  3  1 14 16 11 10 15 13  9 12 18 21 23 22 17 19 20 24
 12 13  9 15 10 14 11 16 23 18 21 22 20 24 19 17 30 32 27 26 31 29 25 28  2  5  7  6  1  3  4  8
  4  5  1  7  2  6  3  8 15 10 13 14 12 16 11  9 22 24 19 18 23 21 17 20 26 29 31 30 25 27 28 32
 20 21 17 23 18 22 19 24 31 26 29 30 28 32 27 25  6  8  3  2  7  5  1  4 10 13 15 14  9 11 12 16
 13 14 10 16 11 15 12  9 24 19 22 23 21 17 20 18 31 25 28 27 32 30 26 29  3  6  8  7  2  4  5  1
  5  6  2  8  3  7  4  1 16 11 14 15 13  9 12 10 23 17 20 19 24 22 18 21 27 30 32 31 26 28 29 25
 21 22 18 24 19 23 20 17 32 27 30 31 29 25 28 26  7  1  4  3  8  6  2  5 11 14 16 15 10 12 13  9
 29 30 26 32 27 31 28 25  8  3  6  7  5  1  4  2 15  9 12 11 16 14 10 13 19 22 24 23 18 20 21 17
 14 15 11  9 12 16 13 10 17 20 23 24 22 18 21 19 32 26 29 28 25 31 27 30  4  7  1  8  3  5  6  2
 30 31 27 25 28 32 29 26  1  4  7  8  6  2  5  3 16 10 13 12  9 15 11 14 20 23 17 24 19 21 22 18
 22 23 19 17 20 24 21 18 25 28 31 32 30 26 29 27  8  2  5  4  1  7  3  6 12 15  9 16 11 13 14 10
  6  7  3  1  4  8  5  2  9 12 15 16 14 10 13 11 24 18 21 20 17 23 19 22 28 31 25 32 27 29 30 26
 31 32 28 26 29 25 30 27  2  5  8  1  7  3  6  4  9 11 14 13 10 16 12 15 21 24 18 17 20 22 23 19
 15 16 12 10 13  9 14 11 18 21 24 17 23 19 22 20 25 27 30 29 26 32 28 31  5  8  2  1  4  6  7  3
  7  8  4  2  5  1  6  3 10 13 16  9 15 11 14 12 17 19 22 21 18 24 20 23 29 32 26 25 28 30 31 27
 23 24 20 18 21 17 22 19 26 29 32 25 31 27 30 28  1  3  6  5  2  8  4  7 13 16 10  9 12 14 15 11
 32 25 29 27 30 26 31 28  3  6  1  2  8  4  7  5 10 12 15 14 11  9 13 16 22 17 19 18 21 23 24 20
 16  9 13 11 14 10 15 12 19 22 17 18 24 20 23 21 26 28 31 30 27 25 29 32  6  1  3  2  5  7  8  4
  8  1  5  3  6  2  7  4 11 14  9 10 16 12 15 13 18 20 23 22 19 17 21 24 30 25 27 26 29 31 32 28
 24 17 21 19 22 18 23 20 27 30 25 26 32 28 31 29  2  4  7  6  3  1  5  8 14  9 11 10 13 15 16 12
  1  2  6  4  7  3  8  5 12 15 10 11  9 13 16 14 19 21 24 23 20 18 22 17 31 26 28 27 30 32 25 29
  9 10 14 12 15 11 16 13 20 23 18 19 17 21 24 22 27 29 32 31 28 26 30 25  7  2  4  3  6  8  1  5
 25 26 30 28 31 27 32 29  4  7  2  3  1  5  8  6 11 13 16 15 12 10 14  9 23 18 20 19 22 24 17 21
 17 18 22 20 23 19 24 21 28 31 26 27 25 29 32 30  3  5  8  7  4  2  6  1 15 10 12 11 14 16  9 13
