  7  9  6 15  8  5  4 13 14 12 10  2  1 16  3 11
 14 15  4  5 11 16  7  6 10  2  9 13  3 12  8  1
 12 16  3 14  5 10  2  4 11  1  8  7  6 15 13  9
  8  5 12  4 14 15  9  2  1 10 11  6  7 13 16  3
  4 11  2  3 15 13  5  8 12  7  6  9 14  1 10 16
 10  4  8 11  3 12 15  5  2 14 16  1  9  6  7 13
  6 12 13  7 10  3 14 11  8  4  2  5 16  9  1 15
 16  7 11 12  2  6 10  1  5 13 14  8 15  3  9  4
  3  1  7  2 13 14 12 10 15  9  5 16  8  4 11  6
 15  6 16 10  7  2 13 14  9  8  1  3 12 11  4  5
  9  3  5 16  4 11  1 12 13 15  7 10  2 14  6  8
  5 10  9 13 16  1  8 15  6 11  3 14  4  2 12  7
 13 14 10  8  1  9 11 16  3  6 12  4  5  7 15  2
 11  8 14  1 12  7  6  9 16  3  4 15 13  5  2 10
  1  2 15  9  6  4 16  3  7  5 13 11 10  8 14 12
  2 13  1  6  9  8  3  7  4 16 15 12 11 10  5 14
