  2  9  8 13  7 15 10  1 16 12  6  4 14  3  5 11
 13  1  6 15  2  9  3  5 12 16  7 14 10  4 11  8
  1 14  2  3 15 13 11  8  6  9 12  5  7 16 10  4
  4  2 16  8  5  6 14 13  7  1 11 12  9 15  3 10
  8  4  5 12 13  1 15  9  3  7  2  6 11 10 14 16
 12 13  4  2 16  3  1 11  9 15  5 10  6 14  8  7
  7  3 10  9 12  2  5 14 13  8  1 15  4 11 16  6
  3 16  1 14  4 12 13 15  8 10  9 11  5  6  7  2
 11 15  9  1 10  4 12  3  5  2  8  7 16 13  6 14
 14  8  3  6  9  5  2  7  1 11 10 16 15 12  4 13
  5 11 14  4  8  7 16  2 10  6 13  9 12  1 15  3
  6  7 11 16  1 10  4 12  2  3 14  8 13  5  9 15
  9 10  7 11  6 16  8  4 15 14  3 13  1  2 12  5
 15 12 13  7 11 14  6 10  4  5 16  1  3  8  2  9
 16  5 15 10 14  8  9  6 11 13  4  3  2  7  1 12
 10  6 12  5  3 11  7 16 14  4 15  2  8  9 13  1
