0.0020450000010896474
0.0026813000004040077
0.002268500000354834
0.001738199993269518
0.0033934999955818057
0.0013238999963505194
0.0024462000001221895
0.0025348000053782016
0.007811499992385507
0.002378300006967038
0.001595699999597855
0.0041221999999834225
0.003959399997256696
0.0010779000003822148
0.002235899999504909
0.007408499994198792
0.001789599991752766
0.0014274999994086102
0.0009227999980794266
0.0016992000018944964
0.0011563000007299706
0.0032789000106276944
0.002562699999543838
0.00300470000365749
0.0027646999951684847
0.0022492999996757135
0.0010566999990260229
0.0023815000022295862
0.0011457999935373664
0.0025839999871095642
0.003846100007649511
0.001467100009904243
0.004895999998552725
0.004551500009256415
0.0017192999948747456
0.0024802999978419393
0.002904199995100498
0.0017088000022340566
0.0025825000047916546
0.005561500001931563
0.008109099988359958
0.002215900007286109
0.00589090000721626
0.0016049999976530671
0.0024050000065471977
0.0011479999957373366
0.0036158000002615154
0.002661300008185208
0.00755689998914022
0.001698700012639165
0.0021200999908614904
0.0016746000037528574
0.001262899997527711
0.00132379999558907
0.0033303999953204766
0.005277500007650815
0.0054432000033557415
0.0045343999954639
0.0029439000063575804
0.002011999997193925
0.0011033000046154484
0.004328600000008009
0.0013924000086262822
0.0014073000056669116
0.001698199994280003
0.002778900001430884
0.0019216999935451895
0.003281299999798648
0.0011306999949738383
0.0017987000028369948
0.0021717000054195523
0.006979599987971596
0.001808600005460903
0.0012022000009892508
0.0019017000013263896
0.008756700000958517
0.0011442999966675416
0.004508999991230667
0.0020982999994885176
0.0017826000112108886
0.0018573999986983836
0.0016611000028206035
0.002072000002954155
0.004448100007721223
0.0008818999922368675
0.0010830999963218346
0.001902799995150417
0.0019211000035284087
0.004038500002934597
0.0012245000107213855
0.007742499990854412
0.0015890999929979444
0.0037632000021403655
0.0016545000107726082
0.0021760999952675775
0.0013630000030389056
0.001483499989262782
0.002118799995514564
0.0031248000013874844
0.0009731000027386472
0.003425800008699298
