 35 30 28 29 34 31 32 36 33  1  3  5  8  4  6  9  7  2 16 15 12 10 13 18 14 11 17 22 20 25 23 26 24 27 21 19
 26 21 19 20 25 22 23 27 24 28 30 32 35 31 33 36 34 29  7  6  3  1  4  9  5  2  8 13 11 16 14 17 15 18 12 10
  8  3  1  2  7  4  5  9  6 10 12 14 17 13 15 18 16 11 25 24 21 19 22 27 23 20 26 31 29 34 32 35 33 36 30 28
 17 12 10 11 16 13 14 18 15 19 21 23 26 22 24 27 25 20 34 33 30 28 31 36 32 29 35  4  2  7  5  8  6  9  3  1
 36 31 29 30 35 32 33 28 34  2  4  6  9  5  7  1  8  3 17 16 13 11 14 10 15 12 18 23 21 26 24 27 25 19 22 20
  9  4  2  3  8  5  6  1  7 11 13 15 18 14 16 10 17 12 26 25 22 20 23 19 24 21 27 32 30 35 33 36 34 28 31 29
 27 22 20 21 26 23 24 19 25 29 31 33 36 32 34 28 35 30  8  7  4  2  5  1  6  3  9 14 12 17 15 18 16 10 13 11
 18 13 11 12 17 14 15 10 16 20 22 24 27 23 25 19 26 21 35 34 31 29 32 28 33 30 36  5  3  8  6  9  7  1  4  2
 28 32 30 31 36 33 34 29 35  3  5  7  1  6  8  2  9  4 18 17 14 12 15 11 16 13 10 24 22 27 25 19 26 20 23 21
  1  5  3  4  9  6  7  2  8 12 14 16 10 15 17 11 18 13 27 26 23 21 24 20 25 22 19 33 31 36 34 28 35 29 32 30
 19 23 21 22 27 24 25 20 26 30 32 34 28 33 35 29 36 31  9  8  5  3  6  2  7  4  1 15 13 18 16 10 17 11 14 12
 10 14 12 13 18 15 16 11 17 21 23 25 19 24 26 20 27 22 36 35 32 30 33 29 34 31 28  6  4  9  7  1  8  2  5  3
  2  6  4  5  1  7  8  3  9 13 15 17 11 16 18 12 10 14 19 27 24 22 25 21 26 23 20 34 32 28 35 29 36 30 33 31
 11 15 13 14 10 16 17 12 18 22 24 26 20 25 27 21 19 23 28 36 33 31 34 30 35 32 29  7  5  1  8  2  9  3  6  4
 20 24 22 23 19 25 26 21 27 31 33 35 29 34 36 30 28 32  1  9  6  4  7  3  8  5  2 16 14 10 17 11 18 12 15 13
 29 33 31 32 28 34 35 30 36  4  6  8  2  7  9  3  1  5 10 18 15 13 16 12 17 14 11 25 23 19 26 20 27 21 24 22
  3  7  5  6  2  8  9  4  1 14 16 18 12 17 10 13 11 15 20 19 25 23 26 22 27 24 21 35 33 29 36 30 28 31 34 32
 21 25 23 24 20 26 27 22 19 32 34 36 30 35 28 31 29 33  2  1  7  5  8  4  9  6  3 17 15 11 18 12 10 13 16 14
 30 34 32 33 29 35 36 31 28  5  7  9  3  8  1  4  2  6 11 10 16 14 17 13 18 15 12 26 24 20 27 21 19 22 25 23
 12 16 14 15 11 17 18 13 10 23 25 27 21 26 19 22 20 24 29 28 34 32 35 31 36 33 30  8  6  2  9  3  1  4  7  5
 31 35 33 34 30 36 28 32 29  6  8  1  4  9  2  5  3  7 12 11 17 15 18 14 10 16 13 27 25 21 19 22 20 23 26 24
 22 26 24 25 21 27 19 23 20 33 35 28 31 36 29 32 30 34  3  2  8  6  9  5  1  7  4 18 16 12 10 13 11 14 17 15
 13 17 15 16 12 18 10 14 11 24 26 19 22 27 20 23 21 25 30 29 35 33 36 32 28 34 31  9  7  3  1  4  2  5  8  6
  4  8  6  7  3  9  1  5  2 15 17 10 13 18 11 14 12 16 21 20 26 24 27 23 19 25 22 36 34 30 28 31 29 32 35 33
 32 36 34 35 31 28 29 33 30  7  9  2  5  1  3  6  4  8 13 12 18 16 10 15 11 17 14 19 26 22 20 23 21 24 27 25
 14 18 16 17 13 10 11 15 12 25 27 20 23 19 21 24 22 26 31 30 36 34 28 33 29 35 32  1  8  4  2  5  3  6  9  7
 23 27 25 26 22 19 20 24 21 34 36 29 32 28 30 33 31 35  4  3  9  7  1  6  2  8  5 10 17 13 11 14 12 15 18 16
  5  9  7  8  4  1  2  6  3 16 18 11 14 10 12 15 13 17 22 21 27 25 19 24 20 26 23 28 35 31 29 32 30 33 36 34
 24 19 26 27 23 20 21 25 22 35 28 30 33 29 31 34 32 36  5  4  1  8  2  7  3  9  6 11 18 14 12 15 13 16 10 17
 33 28 35 36 32 29 30 34 31  8  1  3  6  2  4  7  5  9 14 13 10 17 11 16 12 18 15 20 27 23 21 24 22 25 19 26
  6  1  8  9  5  2  3  7  4 17 10 12 15 11 13 16 14 18 23 22 19 26 20 25 21 27 24 29 36 32 30 33 31 34 28 35
 15 10 17 18 14 11 12 16 13 26 19 21 24 20 22 25 23 27 32 31 28 35 29 34 30 36 33  2  9  5  3  6  4  7  1  8
 34 29 36 28 33 30 31 35 32  9  2  4  7  3  5  8  6  1 15 14 11 18 12 17 13 10 16 21 19 24 22 25 23 26 20 27
  7  2  9  1  6  3  4  8  5 18 11 13 16 12 14 17 15 10 24 23 20 27 21 26 22 19 25 30 28 33 31 34 32 35 29 36
 16 11 18 10 15 12 13 17 14 27 20 22 25 21 23 26 24 19 33 32 29 36 30 35 31 28 34  3  1  6  4  7  5  8  2  9
 25 20 27 19 24 21 22 26 23 36 29 31 34 30 32 35 33 28  6  5  2  9  3  8  4  1  7 12 10 15 13 16 14 17 11 18
