 19 23 25 24 27 20 21 22 26 34 32 35 29 31 28 36 30 33  2  5  9  4  7  3  6  1  8 11 18 17 16 15 12 10 14 13
 10 14 16 15 18 11 12 13 17 25 23 26 20 22 19 27 21 24 29 32 36 31 34 30 33 28 35  2  9  8  7  6  3  1  5  4
  1  5  7  6  9  2  3  4  8 16 14 17 11 13 10 18 12 15 20 23 27 22 25 21 24 19 26 29 36 35 34 33 30 28 32 31
 28 32 34 33 36 29 30 31 35  7  5  8  2  4  1  9  3  6 11 14 18 13 16 12 15 10 17 20 27 26 25 24 21 19 23 22
 29 33 35 34 28 30 31 32 36  8  6  9  3  5  2  1  4  7 12 15 10 14 17 13 16 11 18 21 19 27 26 25 22 20 24 23
 11 15 17 16 10 12 13 14 18 26 24 27 21 23 20 19 22 25 30 33 28 32 35 31 34 29 36  3  1  9  8  7  4  2  6  5
 20 24 26 25 19 21 22 23 27 35 33 36 30 32 29 28 31 34  3  6  1  5  8  4  7  2  9 12 10 18 17 16 13 11 15 14
  2  6  8  7  1  3  4  5  9 17 15 18 12 14 11 10 13 16 21 24 19 23 26 22 25 20 27 30 28 36 35 34 31 29 33 32
 12 16 18 17 11 13 14 15 10 27 25 19 22 24 21 20 23 26 31 34 29 33 36 32 35 30 28  4  2  1  9  8  5  3  7  6
  3  7  9  8  2  4  5  6  1 18 16 10 13 15 12 11 14 17 22 25 20 24 27 23 26 21 19 31 29 28 36 35 32 30 34 33
 30 34 36 35 29 31 32 33 28  9  7  1  4  6  3  2  5  8 13 16 11 15 18 14 17 12 10 22 20 19 27 26 23 21 25 24
 21 25 27 26 20 22 23 24 19 36 34 28 31 33 30 29 32 35  4  7  2  6  9  5  8  3  1 13 11 10 18 17 14 12 16 15
 13 17 10 18 12 14 15 16 11 19 26 20 23 25 22 21 24 27 32 35 30 34 28 33 36 31 29  5  3  2  1  9  6  4  8  7
  4  8  1  9  3  5  6  7  2 10 17 11 14 16 13 12 15 18 23 26 21 25 19 24 27 22 20 32 30 29 28 36 33 31 35 34
 22 26 19 27 21 23 24 25 20 28 35 29 32 34 31 30 33 36  5  8  3  7  1  6  9  4  2 14 12 11 10 18 15 13 17 16
 31 35 28 36 30 32 33 34 29  1  8  2  5  7  4  3  6  9 14 17 12 16 10 15 18 13 11 23 21 20 19 27 24 22 26 25
  5  9  2  1  4  6  7  8  3 11 18 12 15 17 14 13 16 10 24 27 22 26 20 25 19 23 21 33 31 30 29 28 34 32 36 35
 14 18 11 10 13 15 16 17 12 20 27 21 24 26 23 22 25 19 33 36 31 35 29 34 28 32 30  6  4  3  2  1  7  5  9  8
 23 27 20 19 22 24 25 26 21 29 36 30 33 35 32 31 34 28  6  9  4  8  2  7  1  5  3 15 13 12 11 10 16 14 18 17
 32 36 29 28 31 33 34 35 30  2  9  3  6  8  5  4  7  1 15 18 13 17 11 16 10 14 12 24 22 21 20 19 25 23 27 26
 33 28 30 29 32 34 35 36 31  3  1  4  7  9  6  5  8  2 16 10 14 18 12 17 11 15 13 25 23 22 21 20 26 24 19 27
 15 10 12 11 14 16 17 18 13 21 19 22 25 27 24 23 26 20 34 28 32 36 30 35 29 33 31  7  5  4  3  2  8  6  1  9
  6  1  3  2  5  7  8  9  4 12 10 13 16 18 15 14 17 11 25 19 23 27 21 26 20 24 22 34 32 31 30 29 35 33 28 36
 24 19 21 20 23 25 26 27 22 30 28 31 34 36 33 32 35 29  7  1  5  9  3  8  2  6  4 16 14 13 12 11 17 15 10 18
 34 29 31 30 33 35 36 28 32  4  2  5  8  1  7  6  9  3 17 11 15 10 13 18 12 16 14 26 24 23 22 21 27 25 20 19
 25 20 22 21 24 26 27 19 23 31 29 32 35 28 34 33 36 30  8  2  6  1  4  9  3  7  5 17 15 14 13 12 18 16 11 10
 16 11 13 12 15 17 18 10 14 22 20 23 26 19 25 24 27 21 35 29 33 28 31 36 30 34 32  8  6  5  4  3  9  7  2  1
  7  2  4  3  6  8  9  1  5 13 11 14 17 10 16 15 18 12 26 20 24 19 22 27 21 25 23 35 33 32 31 30 36 34 29 28
 17 12 14 13 16 18 10 11 15 23 21 24 27 20 26 25 19 22 36 30 34 29 32 28 31 35 33  9  7  6  5  4  1  8  3  2
 35 30 32 31 34 36 28 29 33  5  3  6  9  2  8  7  1  4 18 12 16 11 14 10 13 17 15 27 25 24 23 22 19 26 21 20
 26 21 23 22 25 27 19 20 24 32 30 33 36 29 35 34 28 31  9  3  7  2  5  1  4  8  6 18 16 15 14 13 10 17 12 11
  8  3  5  4  7  9  1  2  6 14 12 15 18 11 17 16 10 13 27 21 25 20 23 19 22 26 24 36 34 33 32 31 28 35 30 29
 18 13 15 14 17 10 11 12 16 24 22 25 19 21 27 26 20 23 28 31 35 30 33 29 32 36 34  1  8  7  6  5  2  9  4  3
  9  4  6  5  8  1  2  3  7 15 13 16 10 12 18 17 11 14 19 22 26 21 24 20 23 27 25 28 35 34 33 32 29 36 31 30
 27 22 24 23 26 19 20 21 25 33 31 34 28 30 36 35 29 32  1  4  8  3  6  2  5  9  7 10 17 16 15 14 11 18 13 12
 36 31 33 32 35 28 29 30 34  6  4  7  1  3  9  8  2  5 10 13 17 12 15 11 14 18 16 19 26 25 24 23 20 27 22 21
