 13 11  5 14  8 15 10  4  9  7  2 12  6  1  3
  6 15  7 12  1 13  5  8  3  2  4  9 10 14 11
  4  3  2  9 10 12  1  6 14 11 15 13  8  7  5
 10  2 13  7 11  1  9 12  8  3  6  5 15  4 14
 15  1  4  3 12 10  2 14  6  5  9  8 11 13  7
  5  6  9  8 14  4  7 15 11 13 12  1  3  2 10
  3  7 15  2  5  9  8 10  1 12 11  4 14  6 13
 14  9  1  6 13  3 15 11  7  4  8 10 12  5  2
  8 12 10 11  4 14 13  5  2  6  7  3  1  9 15
  9 10  3 15  2  6 12  1  5 14 13 11  7  8  4
  1  8 12 13  7 11  4  9 15 10 14  2  5  3  6
 11  4 14  5  6  2  3  7 13  8  1 15  9 10 12
 12 13  8 10  9  7  6  3  4 15  5 14  2 11  1
  7  5 11  4 15  8 14  2 10  1  3  6 13 12  9
  2 14  6  1  3  5 11 13 12  9 10  7  4 15  8
