  7  5  4  6  3  8  9  1  2 10 14 16 13 15 11 17 20 18 12 19 30 27 21 23 22 25 24 28 26 29 39 32 34 37 31 33 35 40 36 38 46 47 50 44 42 49 43 48 41 45
 27 25 24 26 23 28 29 21 22 30 34 36 33 35 31 37 40 38 32 39 50 47 41 43 42 45 44 48 46 49  9  2  4  7  1  3  5 10  6  8 16 17 20 14 12 19 13 18 11 15
 17 15 14 16 13 18 19 11 12 20 24 26 23 25 21 27 30 28 22 29 40 37 31 33 32 35 34 38 36 39 49 42 44 47 41 43 45 50 46 48  6  7 10  4  2  9  3  8  1  5
 47 45 44 46 43 48 49 41 42 50  4  6  3  5  1  7 10  8  2  9 20 17 11 13 12 15 14 18 16 19 29 22 24 27 21 23 25 30 26 28 36 37 40 34 32 39 33 38 31 35
 37 35 34 36 33 38 39 31 32 40 44 46 43 45 41 47 50 48 42 49 10  7  1  3  2  5  4  8  6  9 19 12 14 17 11 13 15 20 16 18 26 27 30 24 22 29 23 28 21 25
 28 26 25 27 24 29 30 22 23 21 35 37 34 36 32 38 31 39 33 40 41 48 42 44 43 46 45 49 47 50 10  3  5  8  2  4  6  1  7  9 17 18 11 15 13 20 14 19 12 16
 38 36 35 37 34 39 40 32 33 31 45 47 44 46 42 48 41 49 43 50  1  8  2  4  3  6  5  9  7 10 20 13 15 18 12 14 16 11 17 19 27 28 21 25 23 30 24 29 22 26
  8  6  5  7  4  9 10  2  3  1 15 17 14 16 12 18 11 19 13 20 21 28 22 24 23 26 25 29 27 30 40 33 35 38 32 34 36 31 37 39 47 48 41 45 43 50 44 49 42 46
 48 46 45 47 44 49 50 42 43 41  5  7  4  6  2  8  1  9  3 10 11 18 12 14 13 16 15 19 17 20 30 23 25 28 22 24 26 21 27 29 37 38 31 35 33 40 34 39 32 36
 18 16 15 17 14 19 20 12 13 11 25 27 24 26 22 28 21 29 23 30 31 38 32 34 33 36 35 39 37 40 50 43 45 48 42 44 46 41 47 49  7  8  1  5  3 10  4  9  2  6
 29 27 26 28 25 30 21 23 24 22 36 38 35 37 33 39 32 40 34 31 42 49 43 45 44 47 46 50 48 41  1  4  6  9  3  5  7  2  8 10 18 19 12 16 14 11 15 20 13 17
 39 37 36 38 35 40 31 33 34 32 46 48 45 47 43 49 42 50 44 41  2  9  3  5  4  7  6 10  8  1 11 14 16 19 13 15 17 12 18 20 28 29 22 26 24 21 25 30 23 27
 19 17 16 18 15 20 11 13 14 12 26 28 25 27 23 29 22 30 24 21 32 39 33 35 34 37 36 40 38 31 41 44 46 49 43 45 47 42 48 50  8  9  2  6  4  1  5 10  3  7
  9  7  6  8  5 10  1  3  4  2 16 18 15 17 13 19 12 20 14 11 22 29 23 25 24 27 26 30 28 21 31 34 36 39 33 35 37 32 38 40 48 49 42 46 44 41 45 50 43 47
 49 47 46 48 45 50 41 43 44 42  6  8  5  7  3  9  2 10  4  1 12 19 13 15 14 17 16 20 18 11 21 24 26 29 23 25 27 22 28 30 38 39 32 36 34 31 35 40 33 37
 30 28 27 29 26 21 22 24 25 23 37 39 36 38 34 40 33 31 35 32 43 50 44 46 45 48 47 41 49 42  2  5  7 10  4  6  8  3  9  1 19 20 13 17 15 12 16 11 14 18
 20 18 17 19 16 11 12 14 15 13 27 29 26 28 24 30 23 21 25 22 33 40 34 36 35 38 37 31 39 32 42 45 47 50 44 46 48 43 49 41  9 10  3  7  5  2  6  1  4  8
 10  8  7  9  6  1  2  4  5  3 17 19 16 18 14 20 13 11 15 12 23 30 24 26 25 28 27 21 29 22 32 35 37 40 34 36 38 33 39 31 49 50 43 47 45 42 46 41 44 48
 50 48 47 49 46 41 42 44 45 43  7  9  6  8  4 10  3  1  5  2 13 20 14 16 15 18 17 11 19 12 22 25 27 30 24 26 28 23 29 21 39 40 33 37 35 32 36 31 34 38
 40 38 37 39 36 31 32 34 35 33 47 49 46 48 44 50 43 41 45 42  3 10  4  6  5  8  7  1  9  2 12 15 17 20 14 16 18 13 19 11 29 30 23 27 25 22 26 21 24 28
  1  9  8 10  7  2  3  5  6  4 18 20 17 19 15 11 14 12 16 13 24 21 25 27 26 29 28 22 30 23 33 36 38 31 35 37 39 34 40 32 50 41 44 48 46 43 47 42 45 49
 21 29 28 30 27 22 23 25 26 24 38 40 37 39 35 31 34 32 36 33 44 41 45 47 46 49 48 42 50 43  3  6  8  1  5  7  9  4 10  2 20 11 14 18 16 13 17 12 15 19
 41 49 48 50 47 42 43 45 46 44  8 10  7  9  5  1  4  2  6  3 14 11 15 17 16 19 18 12 20 13 23 26 28 21 25 27 29 24 30 22 40 31 34 38 36 33 37 32 35 39
 31 39 38 40 37 32 33 35 36 34 48 50 47 49 45 41 44 42 46 43  4  1  5  7  6  9  8  2 10  3 13 16 18 11 15 17 19 14 20 12 30 21 24 28 26 23 27 22 25 29
 11 19 18 20 17 12 13 15 16 14 28 30 27 29 25 21 24 22 26 23 34 31 35 37 36 39 38 32 40 33 43 46 48 41 45 47 49 44 50 42 10  1  4  8  6  3  7  2  5  9
 12 20 19 11 18 13 14 16 17 15 29 21 28 30 26 22 25 23 27 24 35 32 36 38 37 40 39 33 31 34 44 47 49 42 46 48 50 45 41 43  1  2  5  9  7  4  8  3  6 10
 22 30 29 21 28 23 24 26 27 25 39 31 38 40 36 32 35 33 37 34 45 42 46 48 47 50 49 43 41 44  4  7  9  2  6  8 10  5  1  3 11 12 15 19 17 14 18 13 16 20
  2 10  9  1  8  3  4  6  7  5 19 11 18 20 16 12 15 13 17 14 25 22 26 28 27 30 29 23 21 24 34 37 39 32 36 38 40 35 31 33 41 42 45 49 47 44 48 43 46 50
 42 50 49 41 48 43 44 46 47 45  9  1  8 10  6  2  5  3  7  4 15 12 16 18 17 20 19 13 11 14 24 27 29 22 26 28 30 25 21 23 31 32 35 39 37 34 38 33 36 40
 32 40 39 31 38 33 34 36 37 35 49 41 48 50 46 42 45 43 47 44  5  2  6  8  7 10  9  3  1  4 14 17 19 12 16 18 20 15 11 13 21 22 25 29 27 24 28 23 26 30
  3  1 10  2  9  4  5  7  8  6 20 12 19 11 17 13 16 14 18 15 26 23 27 29 28 21 30 24 22 25 35 38 40 33 37 39 31 36 32 34 42 43 46 50 48 45 49 44 47 41
 33 31 40 32 39 34 35 37 38 36 50 42 49 41 47 43 46 44 48 45  6  3  7  9  8  1 10  4  2  5 15 18 20 13 17 19 11 16 12 14 22 23 26 30 28 25 29 24 27 21
 43 41 50 42 49 44 45 47 48 46 10  2  9  1  7  3  6  4  8  5 16 13 17 19 18 11 20 14 12 15 25 28 30 23 27 29 21 26 22 24 32 33 36 40 38 35 39 34 37 31
 23 21 30 22 29 24 25 27 28 26 40 32 39 31 37 33 36 34 38 35 46 43 47 49 48 41 50 44 42 45  5  8 10  3  7  9  1  6  2  4 12 13 16 20 18 15 19 14 17 11
 13 11 20 12 19 14 15 17 18 16 30 22 29 21 27 23 26 24 28 25 36 33 37 39 38 31 40 34 32 35 45 48 50 43 47 49 41 46 42 44  2  3  6 10  8  5  9  4  7  1
 44 42 41 43 50 45 46 48 49 47  1  3 10  2  8  4  7  5  9  6 17 14 18 20 19 12 11 15 13 16 26 29 21 24 28 30 22 27 23 25 33 34 37 31 39 36 40 35 38 32
 24 22 21 23 30 25 26 28 29 27 31 33 40 32 38 34 37 35 39 36 47 44 48 50 49 42 41 45 43 46  6  9  1  4  8 10  2  7  3  5 13 14 17 11 19 16 20 15 18 12
 14 12 11 13 20 15 16 18 19 17 21 23 30 22 28 24 27 25 29 26 37 34 38 40 39 32 31 35 33 36 46 49 41 44 48 50 42 47 43 45  3  4  7  1  9  6 10  5  8  2
 34 32 31 33 40 35 36 38 39 37 41 43 50 42 48 44 47 45 49 46  7  4  8 10  9  2  1  5  3  6 16 19 11 14 18 20 12 17 13 15 23 24 27 21 29 26 30 25 28 22
  4  2  1  3 10  5  6  8  9  7 11 13 20 12 18 14 17 15 19 16 27 24 28 30 29 22 21 25 23 26 36 39 31 34 38 40 32 37 33 35 43 44 47 41 49 46 50 45 48 42
 15 13 12 14 11 16 17 19 20 18 22 24 21 23 29 25 28 26 30 27 38 35 39 31 40 33 32 36 34 37 47 50 42 45 49 41 43 48 44 46  4  5  8  2 10  7  1  6  9  3
 45 43 42 44 41 46 47 49 50 48  2  4  1  3  9  5  8  6 10  7 18 15 19 11 20 13 12 16 14 17 27 30 22 25 29 21 23 28 24 26 34 35 38 32 40 37 31 36 39 33
 35 33 32 34 31 36 37 39 40 38 42 44 41 43 49 45 48 46 50 47  8  5  9  1 10  3  2  6  4  7 17 20 12 15 19 11 13 18 14 16 24 25 28 22 30 27 21 26 29 23
 25 23 22 24 21 26 27 29 30 28 32 34 31 33 39 35 38 36 40 37 48 45 49 41 50 43 42 46 44 47  7 10  2  5  9  1  3  8  4  6 14 15 18 12 20 17 11 16 19 13
  5  3  2  4  1  6  7  9 10  8 12 14 11 13 19 15 18 16 20 17 28 25 29 21 30 23 22 26 24 27 37 40 32 35 39 31 33 38 34 36 44 45 48 42 50 47 41 46 49 43
 26 24 23 25 22 27 28 30 21 29 33 35 32 34 40 36 39 37 31 38 49 46 50 42 41 44 43 47 45 48  8  1  3  6 10  2  4  9  5  7 15 16 19 13 11 18 12 17 20 14
 36 34 33 35 32 37 38 40 31 39 43 45 42 44 50 46 49 47 41 48  9  6 10  2  1  4  3  7  5  8 18 11 13 16 20 12 14 19 15 17 25 26 29 23 21 28 22 27 30 24
  6  4  3  5  2  7  8 10  1  9 13 15 12 14 20 16 19 17 11 18 29 26 30 22 21 24 23 27 25 28 38 31 33 36 40 32 34 39 35 37 45 46 49 43 41 48 42 47 50 44
 46 44 43 45 42 47 48 50 41 49  3  5  2  4 10  6  9  7  1  8 19 16 20 12 11 14 13 17 15 18 28 21 23 26 30 22 24 29 25 27 35 36 39 33 31 38 32 37 40 34
 16 14 13 15 12 17 18 20 11 19 23 25 22 24 30 26 29 27 21 28 39 36 40 32 31 34 33 37 35 38 48 41 43 46 50 42 44 49 45 47  5  6  9  3  1  8  2  7 10  4
