  3 10  9  7  2  6  4  1  5  8 19 17 15 12 13 11 16 14 20 18 24 30 26 22 28 25 29 23 21 27 38 37 36 32 34 35 39 31 33 40 44 47 50 48 42 41 49 45 43 46
 13 20 19 17 12 16 14 11 15 18 29 27 25 22 23 21 26 24 30 28 34 40 36 32 38 35 39 33 31 37 48 47 46 42 44 45 49 41 43 50  4  7 10  8  2  1  9  5  3  6
 43 50 49 47 42 46 44 41 45 48  9  7  5  2  3  1  6  4 10  8 14 20 16 12 18 15 19 13 11 17 28 27 26 22 24 25 29 21 23 30 34 37 40 38 32 31 39 35 33 36
 23 30 29 27 22 26 24 21 25 28 39 37 35 32 33 31 36 34 40 38 44 50 46 42 48 45 49 43 41 47  8  7  6  2  4  5  9  1  3 10 14 17 20 18 12 11 19 15 13 16
 33 40 39 37 32 36 34 31 35 38 49 47 45 42 43 41 46 44 50 48  4 10  6  2  8  5  9  3  1  7 18 17 16 12 14 15 19 11 13 20 24 27 30 28 22 21 29 25 23 26
 14 11 20 18 13 17 15 12 16 19 30 28 26 23 24 22 27 25 21 29 35 31 37 33 39 36 40 34 32 38 49 48 47 43 45 46 50 42 44 41  5  8  1  9  3  2 10  6  4  7
 44 41 50 48 43 47 45 42 46 49 10  8  6  3  4  2  7  5  1  9 15 11 17 13 19 16 20 14 12 18 29 28 27 23 25 26 30 22 24 21 35 38 31 39 33 32 40 36 34 37
 24 21 30 28 23 27 25 22 26 29 40 38 36 33 34 32 37 35 31 39 45 41 47 43 49 46 50 44 42 48  9  8  7  3  5  6 10  2  4  1 15 18 11 19 13 12 20 16 14 17
 34 31 40 38 33 37 35 32 36 39 50 48 46 43 44 42 47 45 41 49  5  1  7  3  9  6 10  4  2  8 19 18 17 13 15 16 20 12 14 11 25 28 21 29 23 22 30 26 24 27
  4  1 10  8  3  7  5  2  6  9 20 18 16 13 14 12 17 15 11 19 25 21 27 23 29 26 30 24 22 28 39 38 37 33 35 36 40 32 34 31 45 48 41 49 43 42 50 46 44 47
 45 42 41 49 44 48 46 43 47 50  1  9  7  4  5  3  8  6  2 10 16 12 18 14 20 17 11 15 13 19 30 29 28 24 26 27 21 23 25 22 36 39 32 40 34 33 31 37 35 38
  5  2  1  9  4  8  6  3  7 10 11 19 17 14 15 13 18 16 12 20 26 22 28 24 30 27 21 25 23 29 40 39 38 34 36 37 31 33 35 32 46 49 42 50 44 43 41 47 45 48
 35 32 31 39 34 38 36 33 37 40 41 49 47 44 45 43 48 46 42 50  6  2  8  4 10  7  1  5  3  9 20 19 18 14 16 17 11 13 15 12 26 29 22 30 24 23 21 27 25 28
 25 22 21 29 24 28 26 23 27 30 31 39 37 34 35 33 38 36 32 40 46 42 48 44 50 47 41 45 43 49 10  9  8  4  6  7  1  3  5  2 16 19 12 20 14 13 11 17 15 18
 15 12 11 19 14 18 16 13 17 20 21 29 27 24 25 23 28 26 22 30 36 32 38 34 40 37 31 35 33 39 50 49 48 44 46 47 41 43 45 42  6  9  2 10  4  3  1  7  5  8
 46 43 42 50 45 49 47 44 48 41  2 10  8  5  6  4  9  7  3  1 17 13 19 15 11 18 12 16 14 20 21 30 29 25 27 28 22 24 26 23 37 40 33 31 35 34 32 38 36 39
 36 33 32 40 35 39 37 34 38 31 42 50 48 45 46 44 49 47 43 41  7  3  9  5  1  8  2  6  4 10 11 20 19 15 17 18 12 14 16 13 27 30 23 21 25 24 22 28 26 29
 26 23 22 30 25 29 27 24 28 21 32 40 38 35 36 34 39 37 33 31 47 43 49 45 41 48 42 46 44 50  1 10  9  5  7  8  2  4  6  3 17 20 13 11 15 14 12 18 16 19
 16 13 12 20 15 19 17 14 18 11 22 30 28 25 26 24 29 27 23 21 37 33 39 35 31 38 32 36 34 40 41 50 49 45 47 48 42 44 46 43  7 10  3  1  5  4  2  8  6  9
  6  3  2 10  5  9  7  4  8  1 12 20 18 15 16 14 19 17 13 11 27 23 29 25 21 28 22 26 24 30 31 40 39 35 37 38 32 34 36 33 47 50 43 41 45 44 42 48 46 49
  7  4  3  1  6 10  8  5  9  2 13 11 19 16 17 15 20 18 14 12 28 24 30 26 22 29 23 27 25 21 32 31 40 36 38 39 33 35 37 34 48 41 44 42 46 45 43 49 47 50
 37 34 33 31 36 40 38 35 39 32 43 41 49 46 47 45 50 48 44 42  8  4 10  6  2  9  3  7  5  1 12 11 20 16 18 19 13 15 17 14 28 21 24 22 26 25 23 29 27 30
 47 44 43 41 46 50 48 45 49 42  3  1  9  6  7  5 10  8  4  2 18 14 20 16 12 19 13 17 15 11 22 21 30 26 28 29 23 25 27 24 38 31 34 32 36 35 33 39 37 40
 17 14 13 11 16 20 18 15 19 12 23 21 29 26 27 25 30 28 24 22 38 34 40 36 32 39 33 37 35 31 42 41 50 46 48 49 43 45 47 44  8  1  4  2  6  5  3  9  7 10
 27 24 23 21 26 30 28 25 29 22 33 31 39 36 37 35 40 38 34 32 48 44 50 46 42 49 43 47 45 41  2  1 10  6  8  9  3  5  7  4 18 11 14 12 16 15 13 19 17 20
 38 35 34 32 37 31 39 36 40 33 44 42 50 47 48 46 41 49 45 43  9  5  1  7  3 10  4  8  6  2 13 12 11 17 19 20 14 16 18 15 29 22 25 23 27 26 24 30 28 21
  8  5  4  2  7  1  9  6 10  3 14 12 20 17 18 16 11 19 15 13 29 25 21 27 23 30 24 28 26 22 33 32 31 37 39 40 34 36 38 35 49 42 45 43 47 46 44 50 48 41
 28 25 24 22 27 21 29 26 30 23 34 32 40 37 38 36 31 39 35 33 49 45 41 47 43 50 44 48 46 42  3  2  1  7  9 10  4  6  8  5 19 12 15 13 17 16 14 20 18 11
 48 45 44 42 47 41 49 46 50 43  4  2 10  7  8  6  1  9  5  3 19 15 11 17 13 20 14 18 16 12 23 22 21 27 29 30 24 26 28 25 39 32 35 33 37 36 34 40 38 31
 18 15 14 12 17 11 19 16 20 13 24 22 30 27 28 26 21 29 25 23 39 35 31 37 33 40 34 38 36 32 43 42 41 47 49 50 44 46 48 45  9  2  5  3  7  6  4 10  8  1
  9  6  5  3  8  2 10  7  1  4 15 13 11 18 19 17 12 20 16 14 30 26 22 28 24 21 25 29 27 23 34 33 32 38 40 31 35 37 39 36 50 43 46 44 48 47 45 41 49 42
 19 16 15 13 18 12 20 17 11 14 25 23 21 28 29 27 22 30 26 24 40 36 32 38 34 31 35 39 37 33 44 43 42 48 50 41 45 47 49 46 10  3  6  4  8  7  5  1  9  2
 49 46 45 43 48 42 50 47 41 44  5  3  1  8  9  7  2 10  6  4 20 16 12 18 14 11 15 19 17 13 24 23 22 28 30 21 25 27 29 26 40 33 36 34 38 37 35 31 39 32
 29 26 25 23 28 22 30 27 21 24 35 33 31 38 39 37 32 40 36 34 50 46 42 48 44 41 45 49 47 43  4  3  2  8 10  1  5  7  9  6 20 13 16 14 18 17 15 11 19 12
 39 36 35 33 38 32 40 37 31 34 45 43 41 48 49 47 42 50 46 44 10  6  2  8  4  1  5  9  7  3 14 13 12 18 20 11 15 17 19 16 30 23 26 24 28 27 25 21 29 22
 50 47 46 44 49 43 41 48 42 45  6  4  2  9 10  8  3  1  7  5 11 17 13 19 15 12 16 20 18 14 25 24 23 29 21 22 26 28 30 27 31 34 37 35 39 38 36 32 40 33
 10  7  6  4  9  3  1  8  2  5 16 14 12 19 20 18 13 11 17 15 21 27 23 29 25 22 26 30 28 24 35 34 33 39 31 32 36 38 40 37 41 44 47 45 49 48 46 42 50 43
 30 27 26 24 29 23 21 28 22 25 36 34 32 39 40 38 33 31 37 35 41 47 43 49 45 42 46 50 48 44  5  4  3  9  1  2  6  8 10  7 11 14 17 15 19 18 16 12 20 13
 20 17 16 14 19 13 11 18 12 15 26 24 22 29 30 28 23 21 27 25 31 37 33 39 35 32 36 40 38 34 45 44 43 49 41 42 46 48 50 47  1  4  7  5  9  8  6  2 10  3
 40 37 36 34 39 33 31 38 32 35 46 44 42 49 50 48 43 41 47 45  1  7  3  9  5  2  6 10  8  4 15 14 13 19 11 12 16 18 20 17 21 24 27 25 29 28 26 22 30 23
 21 28 27 25 30 24 22 29 23 26 37 35 33 40 31 39 34 32 38 36 42 48 44 50 46 43 47 41 49 45  6  5  4 10  2  3  7  9  1  8 12 15 18 16 20 19 17 13 11 14
 31 38 37 35 40 34 32 39 33 36 47 45 43 50 41 49 44 42 48 46  2  8  4 10  6  3  7  1  9  5 16 15 14 20 12 13 17 19 11 18 22 25 28 26 30 29 27 23 21 24
 41 48 47 45 50 44 42 49 43 46  7  5  3 10  1  9  4  2  8  6 12 18 14 20 16 13 17 11 19 15 26 25 24 30 22 23 27 29 21 28 32 35 38 36 40 39 37 33 31 34
  1  8  7  5 10  4  2  9  3  6 17 15 13 20 11 19 14 12 18 16 22 28 24 30 26 23 27 21 29 25 36 35 34 40 32 33 37 39 31 38 42 45 48 46 50 49 47 43 41 44
 11 18 17 15 20 14 12 19 13 16 27 25 23 30 21 29 24 22 28 26 32 38 34 40 36 33 37 31 39 35 46 45 44 50 42 43 47 49 41 48  2  5  8  6 10  9  7  3  1  4
 12 19 18 16 11 15 13 20 14 17 28 26 24 21 22 30 25 23 29 27 33 39 35 31 37 34 38 32 40 36 47 46 45 41 43 44 48 50 42 49  3  6  9  7  1 10  8  4  2  5
  2  9  8  6  1  5  3 10  4  7 18 16 14 11 12 20 15 13 19 17 23 29 25 21 27 24 28 22 30 26 37 36 35 31 33 34 38 40 32 39 43 46 49 47 41 50 48 44 42 45
 42 49 48 46 41 45 43 50 44 47  8  6  4  1  2 10  5  3  9  7 13 19 15 11 17 14 18 12 20 16 27 26 25 21 23 24 28 30 22 29 33 36 39 37 31 40 38 34 32 35
 32 39 38 36 31 35 33 40 34 37 48 46 44 41 42 50 45 43 49 47  3  9  5  1  7  4  8  2 10  6 17 16 15 11 13 14 18 20 12 19 23 26 29 27 21 30 28 24 22 25
 22 29 28 26 21 25 23 30 24 27 38 36 34 31 32 40 35 33 39 37 43 49 45 41 47 44 48 42 50 46  7  6  5  1  3  4  8 10  2  9 13 16 19 17 11 20 18 14 12 15
