 44 45 42 41 43 47 46 49 48 50  3  2  1  5  4  9  8  7  6 10 14 15 13 12 11 19 17 20 18 16 25 21 23 22 24 27 30 26 28 29 31 32 35 33 34 39 38 36 40 37
 19 20 17 16 18 22 21 24 23 25 28 27 26 30 29 34 33 32 31 35 39 40 38 37 36 44 42 45 43 41 50 46 48 47 49  2  5  1  3  4  6  7 10  8  9 14 13 11 15 12
 14 15 12 11 13 17 16 19 18 20 23 22 21 25 24 29 28 27 26 30 34 35 33 32 31 39 37 40 38 36 45 41 43 42 44 47 50 46 48 49  1  2  5  3  4  9  8  6 10  7
  4  5  2  1  3  7  6  9  8 10 13 12 11 15 14 19 18 17 16 20 24 25 23 22 21 29 27 30 28 26 35 31 33 32 34 37 40 36 38 39 41 42 45 43 44 49 48 46 50 47
 29 30 27 26 28 32 31 34 33 35 38 37 36 40 39 44 43 42 41 45 49 50 48 47 46  4  2  5  3  1 10  6  8  7  9 12 15 11 13 14 16 17 20 18 19 24 23 21 25 22
  9 10  7  6  8 12 11 14 13 15 18 17 16 20 19 24 23 22 21 25 29 30 28 27 26 34 32 35 33 31 40 36 38 37 39 42 45 41 43 44 46 47 50 48 49  4  3  1  5  2
 24 25 22 21 23 27 26 29 28 30 33 32 31 35 34 39 38 37 36 40 44 45 43 42 41 49 47 50 48 46  5  1  3  2  4  7 10  6  8  9 11 12 15 13 14 19 18 16 20 17
 34 35 32 31 33 37 36 39 38 40 43 42 41 45 44 49 48 47 46 50  4  5  3  2  1  9  7 10  8  6 15 11 13 12 14 17 20 16 18 19 21 22 25 23 24 29 28 26 30 27
 49 50 47 46 48  2  1  4  3  5  8  7  6 10  9 14 13 12 11 15 19 20 18 17 16 24 22 25 23 21 30 26 28 27 29 32 35 31 33 34 36 37 40 38 39 44 43 41 45 42
 39 40 37 36 38 42 41 44 43 45 48 47 46 50 49  4  3  2  1  5  9 10  8  7  6 14 12 15 13 11 20 16 18 17 19 22 25 21 23 24 26 27 30 28 29 34 33 31 35 32
 25 21 23 22 24 28 27 30 29 26 34 33 32 31 35 40 39 38 37 36 45 41 44 43 42 50 48 46 49 47  1  2  4  3  5  8  6  7  9 10 12 13 11 14 15 20 19 17 16 18
 10  6  8  7  9 13 12 15 14 11 19 18 17 16 20 25 24 23 22 21 30 26 29 28 27 35 33 31 34 32 36 37 39 38 40 43 41 42 44 45 47 48 46 49 50  5  4  2  1  3
 35 31 33 32 34 38 37 40 39 36 44 43 42 41 45 50 49 48 47 46  5  1  4  3  2 10  8  6  9  7 11 12 14 13 15 18 16 17 19 20 22 23 21 24 25 30 29 27 26 28
 30 26 28 27 29 33 32 35 34 31 39 38 37 36 40 45 44 43 42 41 50 46 49 48 47  5  3  1  4  2  6  7  9  8 10 13 11 12 14 15 17 18 16 19 20 25 24 22 21 23
 40 36 38 37 39 43 42 45 44 41 49 48 47 46 50  5  4  3  2  1 10  6  9  8  7 15 13 11 14 12 16 17 19 18 20 23 21 22 24 25 27 28 26 29 30 35 34 32 31 33
 15 11 13 12 14 18 17 20 19 16 24 23 22 21 25 30 29 28 27 26 35 31 34 33 32 40 38 36 39 37 41 42 44 43 45 48 46 47 49 50  2  3  1  4  5 10  9  7  6  8
 20 16 18 17 19 23 22 25 24 21 29 28 27 26 30 35 34 33 32 31 40 36 39 38 37 45 43 41 44 42 46 47 49 48 50  3  1  2  4  5  7  8  6  9 10 15 14 12 11 13
 50 46 48 47 49  3  2  5  4  1  9  8  7  6 10 15 14 13 12 11 20 16 19 18 17 25 23 21 24 22 26 27 29 28 30 33 31 32 34 35 37 38 36 39 40 45 44 42 41 43
  5  1  3  2  4  8  7 10  9  6 14 13 12 11 15 20 19 18 17 16 25 21 24 23 22 30 28 26 29 27 31 32 34 33 35 38 36 37 39 40 42 43 41 44 45 50 49 47 46 48
 45 41 43 42 44 48 47 50 49 46  4  3  2  1  5 10  9  8  7  6 15 11 14 13 12 20 18 16 19 17 21 22 24 23 25 28 26 27 29 30 32 33 31 34 35 40 39 37 36 38
 41 42 44 43 45 49 48 46 50 47  5  4  3  2  1  6 10  9  8  7 11 12 15 14 13 16 19 17 20 18 22 23 25 24 21 29 27 28 30 26 33 34 32 35 31 36 40 38 37 39
 26 27 29 28 30 34 33 31 35 32 40 39 38 37 36 41 45 44 43 42 46 47 50 49 48  1  4  2  5  3  7  8 10  9  6 14 12 13 15 11 18 19 17 20 16 21 25 23 22 24
 46 47 49 48 50  4  3  1  5  2 10  9  8  7  6 11 15 14 13 12 16 17 20 19 18 21 24 22 25 23 27 28 30 29 26 34 32 33 35 31 38 39 37 40 36 41 45 43 42 44
 31 32 34 33 35 39 38 36 40 37 45 44 43 42 41 46 50 49 48 47  1  2  5  4  3  6  9  7 10  8 12 13 15 14 11 19 17 18 20 16 23 24 22 25 21 26 30 28 27 29
 11 12 14 13 15 19 18 16 20 17 25 24 23 22 21 26 30 29 28 27 31 32 35 34 33 36 39 37 40 38 42 43 45 44 41 49 47 48 50 46  3  4  2  5  1  6 10  8  7  9
 16 17 19 18 20 24 23 21 25 22 30 29 28 27 26 31 35 34 33 32 36 37 40 39 38 41 44 42 45 43 47 48 50 49 46  4  2  3  5  1  8  9  7 10  6 11 15 13 12 14
  1  2  4  3  5  9  8  6 10  7 15 14 13 12 11 16 20 19 18 17 21 22 25 24 23 26 29 27 30 28 32 33 35 34 31 39 37 38 40 36 43 44 42 45 41 46 50 48 47 49
 36 37 39 38 40 44 43 41 45 42 50 49 48 47 46  1  5  4  3  2  6  7 10  9  8 11 14 12 15 13 17 18 20 19 16 24 22 23 25 21 28 29 27 30 26 31 35 33 32 34
  6  7  9  8 10 14 13 11 15 12 20 19 18 17 16 21 25 24 23 22 26 27 30 29 28 31 34 32 35 33 37 38 40 39 36 44 42 43 45 41 48 49 47 50 46  1  5  3  2  4
 21 22 24 23 25 29 28 26 30 27 35 34 33 32 31 36 40 39 38 37 41 42 45 44 43 46 49 47 50 48  2  3  5  4  1  9  7  8 10  6 13 14 12 15 11 16 20 18 17 19
 37 38 40 39 36 45 44 42 41 43 46 50 49 48 47  2  1  5  4  3  7  8  6 10  9 12 15 13 11 14 18 19 16 20 17 25 23 24 21 22 29 30 28 26 27 32 31 34 33 35
 12 13 15 14 11 20 19 17 16 18 21 25 24 23 22 27 26 30 29 28 32 33 31 35 34 37 40 38 36 39 43 44 41 45 42 50 48 49 46 47  4  5  3  1  2  7  6  9  8 10
 27 28 30 29 26 35 34 32 31 33 36 40 39 38 37 42 41 45 44 43 47 48 46 50 49  2  5  3  1  4  8  9  6 10  7 15 13 14 11 12 19 20 18 16 17 22 21 24 23 25
 47 48 50 49 46  5  4  2  1  3  6 10  9  8  7 12 11 15 14 13 17 18 16 20 19 22 25 23 21 24 28 29 26 30 27 35 33 34 31 32 39 40 38 36 37 42 41 44 43 45
 17 18 20 19 16 25 24 22 21 23 26 30 29 28 27 32 31 35 34 33 37 38 36 40 39 42 45 43 41 44 48 49 46 50 47  5  3  4  1  2  9 10  8  6  7 12 11 14 13 15
 42 43 45 44 41 50 49 47 46 48  1  5  4  3  2  7  6 10  9  8 12 13 11 15 14 17 20 18 16 19 23 24 21 25 22 30 28 29 26 27 34 35 33 31 32 37 36 39 38 40
 22 23 25 24 21 30 29 27 26 28 31 35 34 33 32 37 36 40 39 38 42 43 41 45 44 47 50 48 46 49  3  4  1  5  2 10  8  9  6  7 14 15 13 11 12 17 16 19 18 20
  7  8 10  9  6 15 14 12 11 13 16 20 19 18 17 22 21 25 24 23 27 28 26 30 29 32 35 33 31 34 38 39 36 40 37 45 43 44 41 42 49 50 48 46 47  2  1  4  3  5
  2  3  5  4  1 10  9  7  6  8 11 15 14 13 12 17 16 20 19 18 22 23 21 25 24 27 30 28 26 29 33 34 31 35 32 40 38 39 36 37 44 45 43 41 42 47 46 49 48 50
 32 33 35 34 31 40 39 37 36 38 41 45 44 43 42 47 46 50 49 48  2  3  1  5  4  7 10  8  6  9 13 14 11 15 12 20 18 19 16 17 24 25 23 21 22 27 26 29 28 30
 28 29 26 30 27 31 35 33 32 34 37 36 40 39 38 43 42 41 45 44 48 49 47 46 50  3  1  4  2  5  9 10  7  6  8 11 14 15 12 13 20 16 19 17 18 23 22 25 24 21
  3  4  1  5  2  6 10  8  7  9 12 11 15 14 13 18 17 16 20 19 23 24 22 21 25 28 26 29 27 30 34 35 32 31 33 36 39 40 37 38 45 41 44 42 43 48 47 50 49 46
 13 14 11 15 12 16 20 18 17 19 22 21 25 24 23 28 27 26 30 29 33 34 32 31 35 38 36 39 37 40 44 45 42 41 43 46 49 50 47 48  5  1  4  2  3  8  7 10  9  6
 23 24 21 25 22 26 30 28 27 29 32 31 35 34 33 38 37 36 40 39 43 44 42 41 45 48 46 49 47 50  4  5  2  1  3  6  9 10  7  8 15 11 14 12 13 18 17 20 19 16
 33 34 31 35 32 36 40 38 37 39 42 41 45 44 43 48 47 46 50 49  3  4  2  1  5  8  6  9  7 10 14 15 12 11 13 16 19 20 17 18 25 21 24 22 23 28 27 30 29 26
 43 44 41 45 42 46 50 48 47 49  2  1  5  4  3  8  7  6 10  9 13 14 12 11 15 18 16 19 17 20 24 25 22 21 23 26 29 30 27 28 35 31 34 32 33 38 37 40 39 36
  8  9  6 10  7 11 15 13 12 14 17 16 20 19 18 23 22 21 25 24 28 29 27 26 30 33 31 34 32 35 39 40 37 36 38 41 44 45 42 43 50 46 49 47 48  3  2  5  4  1
 38 39 36 40 37 41 45 43 42 44 47 46 50 49 48  3  2  1  5  4  8  9  7  6 10 13 11 14 12 15 19 20 17 16 18 21 24 25 22 23 30 26 29 27 28 33 32 35 34 31
 18 19 16 20 17 21 25 23 22 24 27 26 30 29 28 33 32 31 35 34 38 39 37 36 40 43 41 44 42 45 49 50 47 46 48  1  4  5  2  3 10  6  9  7  8 13 12 15 14 11
 48 49 46 50 47  1  5  3  2  4  7  6 10  9  8 13 12 11 15 14 18 19 17 16 20 23 21 24 22 25 29 30 27 26 28 31 34 35 32 33 40 36 39 37 38 43 42 45 44 41
