  1  7 12  2  9 21  4  6  8 18 14 17  5 13 11 10  3 20 19 15 16
  3 21 10  1 11 12 20 18  9  2 13  5  8  6 15  4 19 16 14  7 17
 14  6 15  7 20 17  2 10 12  9  4 16 21  3 19  5 11 13  8 18  1
 17 16  4  6  8  5  3 21 14 12  7 19  9 18 20 15  1  2 13 11 10
 13 20 18 14 10  3  7  1 19 21 11 15  2  4 16  9 17  8  5  6 12
  9  5 11 19 13  4 17 16 15  6  3  8 12 10  1 18 14  7  2 20 21
  2 19  8 15 16 18  5 11 13 10 20  1 14  7 17 21 12  6  4  9  3
 19 18 21  9 12 20 10  5  1 15 16 11  3  8  2  6  7  4 17 13 14
 20 14  1  4  7 11  9  8  2  5 10 12 13 15  6 16 18 17 21  3 19
  7 17  6 21 15 19 12 14 16  8  9  4 10 20  5 11 13  3 18  1  2
  4  8 13  3 14  2 11  7 20 19 17  6 18 12  9  1 10 21 16  5 15
 16 15  9 13  1 10 19 17  4 20 18  3 11 14 21 12  2  5  6  8  7
  5 11  3  8 17 16  6 13 18  7  2 21 19  1  4 20 15 14 12 10  9
 12 10  2  5 18  6 21 15  3 14  1 13 17 16  7  8  9 19 11  4 20
 21  2  5 17  6 13  1 20 11 16  8  7 15  9  3 14  4 12 10 19 18
 10  1 17 11 21  8 15  3  7  4  6  9 16  2 14 19  5 18 20 12 13
 18  3 20 12  4 14  8 19 17 11  5 10  1 21 13  7 16  9 15  2  6
 11 13  7 10  3  1 16  4  6 17 19 18 20  5 12  2 21 15  9 14  8
 15  4 16 18  2  9 13 12  5  1 21 14  6 19  8  3 20 10  7 17 11
  6  9 19 16  5 15 14  2 10 13 12 20  7 11 18 17  8  1  3 21  4
  8 12 14 20 19  7 18  9 21  3 15  2  4 17 10 13  6 11  1 16  5
