 14 15 16 12  6  8 13  1 11  9 20 19 10  5  4  3  2 17  7 18
  9  2 15  3  5 14 12 16 10 13 18  7  8 19  6 17 20  4  1 11
 16  5 11  8 15  4 18 17 12  2 10 13 19 20  9  7  1 14  3  6
  8 13 14 16 10  6  3 11 19  7  9 20  2 18 17  4  5 15 12  1
 17  1 20  7 16 11  9 15  6  3  5 18 13  8 19  2 10 12  4 14
 11 16  5  2 18  7 19 12 15  1  4  9 20 13  8 10  3  6 14 17
 10 17 12 20 19  5 15  4 16  6  2 14  7 11 13 18  8  1  9  3
  4  9  1 18  3 19 20 10  2 16 14 11 17  7 12  8  6 13  5 15
  5  4  2 13  8  3  1 18  7 10 16 15  9 14 11 19 17 20  6 12
  6 11 19 10 20  2  7 13  3 12 15  5  1 17 14  9  4 18  8 16
 19  3  4 14 11 20  2  5  8 15  1 10  6 12  7 16 18  9 17 13
  1 20  9 17  7 16 14  2  4  8 12  6 18 10  5 13 11  3 15 19
 15 10 13  5  9 18 11  6 17  4  8 16 12  2  3  1 14 19 20  7
 12 14 10  1 13 15  5 20 18 17  3  2 11  9 16  6  7  8 19  4
 20  6  8  9  2 10 16 19 14 18 17  3  4 15  1 12 13  7 11  5
  7 12  3  4 17  1  6 14 13 19 11  8 15 16  2  5  9 10 18 20
 18  7  6 11 12  9 10  8  1 14 19 17  3  4 20 15 16  5 13  2
  3 19  7  6 14 17  4  9 20  5 13 12 16  1 18 11 15  2 10  8
 13  8 18 15  1 12 17  3  5 11  7  4 14  6 10 20 19 16  2  9
  2 18 17 19  4 13  8  7  9 20  6  1  5  3 15 14 12 11 16 10
