 20 13  5 19  3  6  9  7 18 11 17  4 12  1 14  2 10 15  8 16
 18 11 12  8 14 20  7  2 17  5 13 19 15  4  1 16  6 10  9  3
 15  2 19 18 16  3 13  1  6 14  5  8  9  7 11 20  4 17 10 12
  2  3 13  9  7 18  4 10 11  1 14 17  5 16 15 19 20  8 12  6
 13 12 16 15 11 19 17  9  7 10  1  3  8  2  4  6  5 14 20 18
  8 17 20 11 18 13 15 14  4 16  2 12  1  3 10  7 19  6  5  9
  7  6  2 13  9  1 20  5  3  8 11 16  4 17 19 15 14 12 18 10
 17  9 15 20 13 16  3 18  5  4 19  2 14 11  6 10 12  7  1  8
 12 18 17  7  2 11 16 13  1  6 10  5 20  8  9 14  3 19  4 15
  6 16  8  5 15 14 11  3 13  7  9  1 19 10 12 17 18  4  2 20
 14  7  9 16 17  2 18 19 10  3 15 11  6  5  8 12  1 20 13  4
 16  1  3  6 19 10  2 20  8 13  7  9 11 12  5  4 15 18 17 14
 11 20  1 10  6  9  5  8 12 18  4 15 16 19 17 13  2  3 14  7
  1  5 11  3 20 12  6  4 19 17 18 10  2 14  7  8  9 16 15 13
 19  4 10  2 12  8  1 11 20  9  3 14 17 15 16 18  7 13  6  5
 10 19  6 12  5  4  8 16 14 15 20  7  3  9 18  1 13  2 11 17
  3 14 18 17  4  5 19  6 15 12  8 13 10 20  2 11 16  9  7  1
  9 15  7  4 10 17 14 12  2 19  6 20 13 18  3  5  8  1 16 11
  5  8  4 14  1  7 10 15 16  2 12  6 18 13 20  9 17 11  3 19
  4 10 14  1  8 15 12 17  9 20 16 18  7  6 13  3 11  5 19  2
