 18  9 10 13  6  1 11  3  2 12  4 15 20 16 14  7  5  8 17 19
 10 14  6  8 11  3 19 20 13  7 12 16  4  1 17 18  2  5 15  9
  9  3 20  1  2 12 13 19  6 16 15  7 11  8 10 17 18  4  5 14
 20  7 18  5  8 13  4  2  3 11  6  9 16 15 12 10  1 19 14 17
 17 20 14  6 13  2 12  8 11  3 16  5  9 18  1 15  7 10 19  4
  5  6  9 20 12 17  1  7 15 18 14  8 10  3 16  4 19  2 13 11
  3 18  1  4 10  6 15 12 16  5 13 11 17  9 19 20  8 14  2  7
  4  8 12 14  9 20  2 13  1 17  3 18  7 10 11 19  6 15 16  5
 15  5  3  9 14 18  6 10 20 13 19 12  1  7  4 16 17 11  8  2
 11 12  7  3  4 14  8 15 19  1  9 13  2 17  5  6 10 16 20 18
  8 15  5  7 17 10  9 18 12 19  2  3  6 20 13 14 11  1  4 16
 13 16  8 18  5 15 10  6  7 20 17 19 12 14  9  2  4  3 11  1
  6  2 15 10 20  5  7  9 17 14 11  4 19 13  3 12 16 18  1  8
 19  4 13 15  7  9 20 16 10  2 18 17  5 11  8  1 14  6  3 12
  7 11 17 12  3  8 16  1  9  4 20 14 18 19  2  5 15 13  6 10
 16 13 11  2 15 19 14  4 18  9  1 20  3  5  7  8 12 17 10  6
 14 19  4 17 16 11  3  5  8 10  7  1 13  2  6  9 20 12 18 15
  2 10 19 11  1 16 18 17  4  8  5  6 14 12 15  3  9 20  7 13
  1 17  2 16 19  7  5 11 14  6  8 10 15  4 18 13  3  9 12 20
 12  1 16 19 18  4 17 14  5 15 10  2  8  6 20 11 13  7  9  3
