1750
16740
7108
27832
3340
11830
23692
2526
67074
3582
15254
1956
13198
9922
6438
5426
16314
19290
7162
19324
11466
36214
9334
69734
4818
334782
9908
26950
4660
10538
6576
71164
7598
8390
33078
487484
2328
10954
40654
8038
20370
139132
4540
55892
4058
9670
35528
88522
48856
180224
4644
6408
3188
1704
44764
13068
12228
2406
4542
4672
21060
3184
6188
4908
9006
8682
3484
3596
56530
33076
51952
35878
267814
8602
7010
9462
32182
14780
13676
37548
4666
13402
1800
6888
98630
4524
57276
69734
69268
130610
6280
4306
33792
177950
7710
7468
842
34722
28908
81238
5830
