 20 16 18 21 17 19 15 23 27 26 24 25 22 28  2  3  1  6  7  5  4 14 12  8 11 10 13  9
  6  2  4  7  3  5  1  9 13 12 10 11  8 14 16 17 15 20 21 19 18 28 26 22 25 24 27 23
 13  9 11 14 10 12  8 16 20 19 17 18 15 21 23 24 22 27 28 26 25  7  5  1  4  3  6  2
 27 23 25 28 24 26 22  2  6  5  3  4  1  7  9 10  8 13 14 12 11 21 19 15 18 17 20 16
 21 17 19 15 18 20 16 24 28 27 25 26 23 22  3  4  2  7  1  6  5  8 13  9 12 11 14 10
 28 24 26 22 25 27 23  3  7  6  4  5  2  1 10 11  9 14  8 13 12 15 20 16 19 18 21 17
  7  3  5  1  4  6  2 10 14 13 11 12  9  8 17 18 16 21 15 20 19 22 27 23 26 25 28 24
 14 10 12  8 11 13  9 17 21 20 18 19 16 15 24 25 23 28 22 27 26  1  6  2  5  4  7  3
 22 25 27 23 26 28 24  4  1  7  5  6  3  2 11 12 10  8  9 14 13 16 21 17 20 19 15 18
  1  4  6  2  5  7  3 11  8 14 12 13 10  9 18 19 17 15 16 21 20 23 28 24 27 26 22 25
 15 18 20 16 19 21 17 25 22 28 26 27 24 23  4  5  3  1  2  7  6  9 14 10 13 12  8 11
  8 11 13  9 12 14 10 18 15 21 19 20 17 16 25 26 24 22 23 28 27  2  7  3  6  5  1  4
  2  5  7  3  6  1  4 12  9  8 13 14 11 10 19 20 18 16 17 15 21 24 22 25 28 27 23 26
 16 19 21 17 20 15 18 26 23 22 27 28 25 24  5  6  4  2  3  1  7 10  8 11 14 13  9 12
  9 12 14 10 13  8 11 19 16 15 20 21 18 17 26 27 25 23 24 22 28  3  1  4  7  6  2  5
 23 26 28 24 27 22 25  5  2  1  6  7  4  3 12 13 11  9 10  8 14 17 15 18 21 20 16 19
 10 13  8 11 14  9 12 20 17 16 21 15 19 18 27 28 26 24 25 23 22  4  2  5  1  7  3  6
 24 27 22 25 28 23 26  6  3  2  7  1  5  4 13 14 12 10 11  9  8 18 16 19 15 21 17 20
 17 20 15 18 21 16 19 27 24 23 28 22 26 25  6  7  5  3  4  2  1 11  9 12  8 14 10 13
  3  6  1  4  7  2  5 13 10  9 14  8 12 11 20 21 19 17 18 16 15 25 23 26 22 28 24 27
 25 28 23 26 22 24 27  7  4  3  1  2  6  5 14  8 13 11 12 10  9 19 17 20 16 15 18 21
 11 14  9 12  8 10 13 21 18 17 15 16 20 19 28 22 27 25 26 24 23  5  3  6  2  1  4  7
 18 21 16 19 15 17 20 28 25 24 22 23 27 26  7  1  6  4  5  3  2 12 10 13  9  8 11 14
  4  7  2  5  1  3  6 14 11 10  8  9 13 12 21 15 20 18 19 17 16 26 24 27 23 22 25 28
  5  1  3  6  2  4  7  8 12 11  9 10 14 13 15 16 21 19 20 18 17 27 25 28 24 23 26 22
 12  8 10 13  9 11 14 15 19 18 16 17 21 20 22 23 28 26 27 25 24  6  4  7  3  2  5  1
 26 22 24 27 23 25 28  1  5  4  2  3  7  6  8  9 14 12 13 11 10 20 18 21 17 16 19 15
 19 15 17 20 16 18 21 22 26 25 23 24 28 27  1  2  7  5  6  4  3 13 11 14 10  9 12  8
