  5  1  2  7  4  3  6 13  9 12 14  8 11 10 16 17 19 20 21 15 18 23 26 25 28 27 24 22
 19 15 16 21 18 17 20 27 23 26 28 22 25 24  2  3  5  6  7  1  4  9 12 11 14 13 10  8
 12  8  9 14 11 10 13 20 16 19 21 15 18 17 23 24 26 27 28 22 25  2  5  4  7  6  3  1
 26 22 23 28 25 24 27  6  2  5  7  1  4  3  9 10 12 13 14  8 11 16 19 18 21 20 17 15
 20 16 17 15 19 18 21 28 24 27 22 23 26 25  3  4  6  7  1  2  5 10 13 12  8 14 11  9
 13  9 10  8 12 11 14 21 17 20 15 16 19 18 24 25 27 28 22 23 26  3  6  5  1  7  4  2
  6  2  3  1  5  4  7 14 10 13  8  9 12 11 17 18 20 21 15 16 19 24 27 26 22 28 25 23
 27 23 24 22 26 25 28  7  3  6  1  2  5  4 10 11 13 14  8  9 12 17 20 19 15 21 18 16
 14 10 11  9 13 12  8 15 18 21 16 17 20 19 25 26 28 22 23 24 27  4  7  6  2  1  5  3
 21 17 18 16 20 19 15 22 25 28 23 24 27 26  4  5  7  1  2  3  6 11 14 13  9  8 12 10
 28 24 25 23 27 26 22  1  4  7  2  3  6  5 11 12 14  8  9 10 13 18 21 20 16 15 19 17
  7  3  4  2  6  5  1  8 11 14  9 10 13 12 18 19 21 15 16 17 20 25 28 27 23 22 26 24
  1  4  5  3  7  6  2  9 12  8 10 11 14 13 19 20 15 16 17 18 21 26 22 28 24 23 27 25
 22 25 26 24 28 27 23  2  5  1  3  4  7  6 12 13  8  9 10 11 14 19 15 21 17 16 20 18
 15 18 19 17 21 20 16 23 26 22 24 25 28 27  5  6  1  2  3  4  7 12  8 14 10  9 13 11
  8 11 12 10 14 13  9 16 19 15 17 18 21 20 26 27 22 23 24 25 28  5  1  7  3  2  6  4
 16 19 20 18 15 21 17 24 27 23 25 26 22 28  6  7  2  3  4  5  1 13  9  8 11 10 14 12
  9 12 13 11  8 14 10 17 20 16 18 19 15 21 27 28 23 24 25 26 22  6  2  1  4  3  7  5
  2  5  6  4  1  7  3 10 13  9 11 12  8 14 20 21 16 17 18 19 15 27 23 22 25 24 28 26
 23 26 27 25 22 28 24  3  6  2  4  5  1  7 13 14  9 10 11 12  8 20 16 15 18 17 21 19
  3  6  7  5  2  1  4 11 14 10 12 13  9  8 21 15 17 18 19 20 16 28 24 23 26 25 22 27
 10 13 14 12  9  8 11 18 21 17 19 20 16 15 28 22 24 25 26 27 23  7  3  2  5  4  1  6
 17 20 21 19 16 15 18 25 28 24 26 27 23 22  7  1  3  4  5  6  2 14 10  9 12 11  8 13
 24 27 28 26 23 22 25  4  7  3  5  6  2  1 14  8 10 11 12 13  9 21 17 16 19 18 15 20
 25 28 22 27 24 23 26  5  1  4  6  7  3  2  8  9 11 12 13 14 10 15 18 17 20 19 16 21
 18 21 15 20 17 16 19 26 22 25 27 28 24 23  1  2  4  5  6  7  3  8 11 10 13 12  9 14
  4  7  1  6  3  2  5 12  8 11 13 14 10  9 15 16 18 19 20 21 17 22 25 24 27 26 23 28
 11 14  8 13 10  9 12 19 15 18 20 21 17 16 22 23 25 26 27 28 24  1  4  3  6  5  2  7
