  4  7  5  6  8  3  2  1 16 13  9 12 15 14 10 11 23 17 24 18 20 22 19 21 28 29 27 26 30 31 25 32 35 36 37 34 33 40 39 38
 36 39 37 38 40 35 34 33  8  5  1  4  7  6  2  3 15  9 16 10 12 14 11 13 20 21 19 18 22 23 17 24 27 28 29 26 25 32 31 30
 12 15 13 14 16 11 10  9 24 21 17 20 23 22 18 19 31 25 32 26 28 30 27 29 36 37 35 34 38 39 33 40  3  4  5  2  1  8  7  6
 28 31 29 30 32 27 26 25 40 37 33 36 39 38 34 35  7  1  8  2  4  6  3  5 12 13 11 10 14 15  9 16 19 20 21 18 17 24 23 22
 20 23 21 22 24 19 18 17 32 29 25 28 31 30 26 27 39 33 40 34 36 38 35 37  4  5  3  2  6  7  1  8 11 12 13 10  9 16 15 14
 37 40 38 39 33 36 35 34  1  6  2  5  8  7  3  4 16 10  9 11 13 15 12 14 21 22 20 19 23 24 18 17 28 29 30 27 26 25 32 31
 21 24 22 23 17 20 19 18 25 30 26 29 32 31 27 28 40 34 33 35 37 39 36 38  5  6  4  3  7  8  2  1 12 13 14 11 10  9 16 15
 29 32 30 31 25 28 27 26 33 38 34 37 40 39 35 36  8  2  1  3  5  7  4  6 13 14 12 11 15 16 10  9 20 21 22 19 18 17 24 23
  5  8  6  7  1  4  3  2  9 14 10 13 16 15 11 12 24 18 17 19 21 23 20 22 29 30 28 27 31 32 26 25 36 37 38 35 34 33 40 39
 13 16 14 15  9 12 11 10 17 22 18 21 24 23 19 20 32 26 25 27 29 31 28 30 37 38 36 35 39 40 34 33  4  5  6  3  2  1  8  7
 14  9 15 16 10 13 12 11 18 23 19 22 17 24 20 21 25 27 26 28 30 32 29 31 38 39 37 36 40 33 35 34  5  6  7  4  3  2  1  8
 22 17 23 24 18 21 20 19 26 31 27 30 25 32 28 29 33 35 34 36 38 40 37 39  6  7  5  4  8  1  3  2 13 14 15 12 11 10  9 16
 30 25 31 32 26 29 28 27 34 39 35 38 33 40 36 37  1  3  2  4  6  8  5  7 14 15 13 12 16  9 11 10 21 22 23 20 19 18 17 24
 38 33 39 40 34 37 36 35  2  7  3  6  1  8  4  5  9 11 10 12 14 16 13 15 22 23 21 20 24 17 19 18 29 30 31 28 27 26 25 32
  6  1  7  8  2  5  4  3 10 15 11 14  9 16 12 13 17 19 18 20 22 24 21 23 30 31 29 28 32 25 27 26 37 38 39 36 35 34 33 40
 31 26 32 25 27 30 29 28 35 40 36 39 34 33 37 38  2  4  3  5  7  1  6  8 15 16 14 13  9 10 12 11 22 23 24 21 20 19 18 17
 39 34 40 33 35 38 37 36  3  8  4  7  2  1  5  6 10 12 11 13 15  9 14 16 23 24 22 21 17 18 20 19 30 31 32 29 28 27 26 25
 15 10 16  9 11 14 13 12 19 24 20 23 18 17 21 22 26 28 27 29 31 25 30 32 39 40 38 37 33 34 36 35  6  7  8  5  4  3  2  1
  7  2  8  1  3  6  5  4 11 16 12 15 10  9 13 14 18 20 19 21 23 17 22 24 31 32 30 29 25 26 28 27 38 39 40 37 36 35 34 33
 23 18 24 17 19 22 21 20 27 32 28 31 26 25 29 30 34 36 35 37 39 33 38 40  7  8  6  5  1  2  4  3 14 15 16 13 12 11 10  9
 40 35 33 34 36 39 38 37  4  1  5  8  3  2  6  7 11 13 12 14 16 10 15  9 24 17 23 22 18 19 21 20 31 32 25 30 29 28 27 26
  8  3  1  2  4  7  6  5 12  9 13 16 11 10 14 15 19 21 20 22 24 18 23 17 32 25 31 30 26 27 29 28 39 40 33 38 37 36 35 34
 32 27 25 26 28 31 30 29 36 33 37 40 35 34 38 39  3  5  4  6  8  2  7  1 16  9 15 14 10 11 13 12 23 24 17 22 21 20 19 18
 16 11  9 10 12 15 14 13 20 17 21 24 19 18 22 23 27 29 28 30 32 26 31 25 40 33 39 38 34 35 37 36  7  8  1  6  5  4  3  2
 24 19 17 18 20 23 22 21 28 25 29 32 27 26 30 31 35 37 36 38 40 34 39 33  8  1  7  6  2  3  5  4 15 16  9 14 13 12 11 10
 33 36 34 35 37 40 39 38  5  2  6  1  4  3  7  8 12 14 13 15  9 11 16 10 17 18 24 23 19 20 22 21 32 25 26 31 30 29 28 27
 17 20 18 19 21 24 23 22 29 26 30 25 28 27 31 32 36 38 37 39 33 35 40 34  1  2  8  7  3  4  6  5 16  9 10 15 14 13 12 11
  1  4  2  3  5  8  7  6 13 10 14  9 12 11 15 16 20 22 21 23 17 19 24 18 25 26 32 31 27 28 30 29 40 33 34 39 38 37 36 35
 25 28 26 27 29 32 31 30 37 34 38 33 36 35 39 40  4  6  5  7  1  3  8  2  9 10 16 15 11 12 14 13 24 17 18 23 22 21 20 19
  9 12 10 11 13 16 15 14 21 18 22 17 20 19 23 24 28 30 29 31 25 27 32 26 33 34 40 39 35 36 38 37  8  1  2  7  6  5  4  3
 26 29 27 28 30 25 32 31 38 35 39 34 37 36 40 33  5  7  6  8  2  4  1  3 10 11  9 16 12 13 15 14 17 18 19 24 23 22 21 20
 34 37 35 36 38 33 40 39  6  3  7  2  5  4  8  1 13 15 14 16 10 12  9 11 18 19 17 24 20 21 23 22 25 26 27 32 31 30 29 28
 10 13 11 12 14  9 16 15 22 19 23 18 21 20 24 17 29 31 30 32 26 28 25 27 34 35 33 40 36 37 39 38  1  2  3  8  7  6  5  4
  2  5  3  4  6  1  8  7 14 11 15 10 13 12 16  9 21 23 22 24 18 20 17 19 26 27 25 32 28 29 31 30 33 34 35 40 39 38 37 36
 18 21 19 20 22 17 24 23 30 27 31 26 29 28 32 25 37 39 38 40 34 36 33 35  2  3  1  8  4  5  7  6  9 10 11 16 15 14 13 12
 11 14 12 13 15 10  9 16 23 20 24 19 22 21 17 18 30 32 31 25 27 29 26 28 35 36 34 33 37 38 40 39  2  3  4  1  8  7  6  5
 19 22 20 21 23 18 17 24 31 28 32 27 30 29 25 26 38 40 39 33 35 37 34 36  3  4  2  1  5  6  8  7 10 11 12  9 16 15 14 13
  3  6  4  5  7  2  1  8 15 12 16 11 14 13  9 10 22 24 23 17 19 21 18 20 27 28 26 25 29 30 32 31 34 35 36 33 40 39 38 37
 27 30 28 29 31 26 25 32 39 36 40 35 38 37 33 34  6  8  7  1  3  5  2  4 11 12 10  9 13 14 16 15 18 19 20 17 24 23 22 21
 35 38 36 37 39 34 33 40  7  4  8  3  6  5  1  2 14 16 15  9 11 13 10 12 19 20 18 17 21 22 24 23 26 27 28 25 32 31 30 29
