 20 19 17 18  3  2  1  4  5  6  7  8  9 11 10 12 16 13 14 15
  4  3  1  2  7  6  5  8  9 10 11 12 13 15 14 16 20 17 18 19
 16 15 13 14 19 18 17 20  1  2  3  4  5  7  6  8 12  9 10 11
  8  7  5  6 11 10  9 12 13 14 15 16 17 19 18 20  4  1  2  3
 12 11  9 10 15 14 13 16 17 18 19 20  1  3  2  4  8  5  6  7
  9 12 10 11 16 15 14 13 18 19 20 17  2  4  3  1  5  6  7  8
  1  4  2  3  8  7  6  5 10 11 12  9 14 16 15 13 17 18 19 20
 17 20 18 19  4  3  2  1  6  7  8  5 10 12 11  9 13 14 15 16
 13 16 14 15 20 19 18 17  2  3  4  1  6  8  7  5  9 10 11 12
  5  8  6  7 12 11 10  9 14 15 16 13 18 20 19 17  1  2  3  4
  2  1  3  4  5  8  7  6 11 12  9 10 15 13 16 14 18 19 20 17
  6  5  7  8  9 12 11 10 15 16 13 14 19 17 20 18  2  3  4  1
 10  9 11 12 13 16 15 14 19 20 17 18  3  1  4  2  6  7  8  5
 18 17 19 20  1  4  3  2  7  8  5  6 11  9 12 10 14 15 16 13
 14 13 15 16 17 20 19 18  3  4  1  2  7  5  8  6 10 11 12  9
 15 14 16 13 18 17 20 19  4  1  2  3  8  6  5  7 11 12  9 10
  3  2  4  1  6  5  8  7 12  9 10 11 16 14 13 15 19 20 17 18
 19 18 20 17  2  1  4  3  8  5  6  7 12 10  9 11 15 16 13 14
  7  6  8  5 10  9 12 11 16 13 14 15 20 18 17 19  3  4  1  2
 11 10 12  9 14 13 16 15 20 17 18 19  4  2  1  3  7  8  5  6
