 14 15 16 13 19 17 20 18  3  1  4  2  7  6  8  5 10 11  9 12
  2  3  4  1  7  5  8  6 11  9 12 10 15 14 16 13 18 19 17 20
  6  7  8  5 11  9 12 10 15 13 16 14 19 18 20 17  2  3  1  4
 10 11 12  9 15 13 16 14 19 17 20 18  3  2  4  1  6  7  5  8
 18 19 20 17  3  1  4  2  7  5  8  6 11 10 12  9 14 15 13 16
 15 16 13 14 20 18 17 19  4  2  1  3  8  7  5  6 11 12 10  9
  3  4  1  2  8  6  5  7 12 10  9 11 16 15 13 14 19 20 18 17
 11 12  9 10 16 14 13 15 20 18 17 19  4  3  1  2  7  8  6  5
  7  8  5  6 12 10  9 11 16 14 13 15 20 19 17 18  3  4  2  1
 19 20 17 18  4  2  1  3  8  6  5  7 12 11  9 10 15 16 14 13
 16 13 14 15 17 19 18 20  1  3  2  4  5  8  6  7 12  9 11 10
  8  5  6  7  9 11 10 12 13 15 14 16 17 20 18 19  4  1  3  2
 12  9 10 11 13 15 14 16 17 19 18 20  1  4  2  3  8  5  7  6
  4  1  2  3  5  7  6  8  9 11 10 12 13 16 14 15 20 17 19 18
 20 17 18 19  1  3  2  4  5  7  6  8  9 12 10 11 16 13 15 14
  5  6  7  8 10 12 11  9 14 16 15 13 18 17 19 20  1  2  4  3
 17 18 19 20  2  4  3  1  6  8  7  5 10  9 11 12 13 14 16 15
 13 14 15 16 18 20 19 17  2  4  3  1  6  5  7  8  9 10 12 11
  9 10 11 12 14 16 15 13 18 20 19 17  2  1  3  4  5  6  8  7
  1  2  3  4  6  8  7  5 10 12 11  9 14 13 15 16 17 18 20 19
