 19 20 21 23 22 24 25 27 26  1  3  2  4  6  5  8  7  9 10 12 11 14 13 15 17 16 18
  4  5  6  8  7  9 10 12 11 13 15 14 16 18 17 20 19 21 22 24 23 26 25 27  2  1  3
 22 23 24 26 25 27  1  3  2  4  6  5  7  9  8 11 10 12 13 15 14 17 16 18 20 19 21
 13 14 15 17 16 18 19 21 20 22 24 23 25 27 26  2  1  3  4  6  5  8  7  9 11 10 12
  1  2  3  5  4  6  7  9  8 10 12 11 13 15 14 17 16 18 19 21 20 23 22 24 26 25 27
 10 11 12 14 13 15 16 18 17 19 21 20 22 24 23 26 25 27  1  3  2  5  4  6  8  7  9
 16 17 18 20 19 21 22 24 23 25 27 26  1  3  2  5  4  6  7  9  8 11 10 12 14 13 15
 25 26 27  2  1  3  4  6  5  7  9  8 10 12 11 14 13 15 16 18 17 20 19 21 23 22 24
  7  8  9 11 10 12 13 15 14 16 18 17 19 21 20 23 22 24 25 27 26  2  1  3  5  4  6
  8  9  7 12 11 10 14 13 15 17 16 18 20 19 21 24 23 22 26 25 27  3  2  1  6  5  4
 17 18 16 21 20 19 23 22 24 26 25 27  2  1  3  6  5  4  8  7  9 12 11 10 15 14 13
 11 12 10 15 14 13 17 16 18 20 19 21 23 22 24 27 26 25  2  1  3  6  5  4  9  8  7
 26 27 25  3  2  1  5  4  6  8  7  9 11 10 12 15 14 13 17 16 18 21 20 19 24 23 22
 23 24 22 27 26 25  2  1  3  5  4  6  8  7  9 12 11 10 14 13 15 18 17 16 21 20 19
 20 21 19 24 23 22 26 25 27  2  1  3  5  4  6  9  8  7 11 10 12 15 14 13 18 17 16
  2  3  1  6  5  4  8  7  9 11 10 12 14 13 15 18 17 16 20 19 21 24 23 22 27 26 25
 14 15 13 18 17 16 20 19 21 23 22 24 26 25 27  3  2  1  5  4  6  9  8  7 12 11 10
  5  6  4  9  8  7 11 10 12 14 13 15 17 16 18 21 20 19 23 22 24 27 26 25  3  2  1
  6  4  5  7  9  8 12 11 10 15 14 13 18 17 16 19 21 20 24 23 22 25 27 26  1  3  2
 18 16 17 19 21 20 24 23 22 27 26 25  3  2  1  4  6  5  9  8  7 10 12 11 13 15 14
  3  1  2  4  6  5  9  8  7 12 11 10 15 14 13 16 18 17 21 20 19 22 24 23 25 27 26
 27 25 26  1  3  2  6  5  4  9  8  7 12 11 10 13 15 14 18 17 16 19 21 20 22 24 23
 24 22 23 25 27 26  3  2  1  6  5  4  9  8  7 10 12 11 15 14 13 16 18 17 19 21 20
 12 10 11 13 15 14 18 17 16 21 20 19 24 23 22 25 27 26  3  2  1  4  6  5  7  9  8
 21 19 20 22 24 23 27 26 25  3  2  1  6  5  4  7  9  8 12 11 10 13 15 14 16 18 17
 15 13 14 16 18 17 21 20 19 24 23 22 27 26 25  1  3  2  6  5  4  7  9  8 10 12 11
  9  7  8 10 12 11 15 14 13 18 17 16 21 20 19 22 24 23 27 26 25  1  3  2  4  6  5
