 18 17 19 20 23 21 24 22  3  4  2  1  8  5  6  7  9 11 12 10 16 13 15 14
 10  9 11 12 15 13 16 14 19 20 18 17 24 21 22 23  1  3  4  2  8  5  7  6
  6  5  7  8 11  9 12 10 15 16 14 13 20 17 18 19 21 23 24 22  4  1  3  2
 22 21 23 24  3  1  4  2  7  8  6  5 12  9 10 11 13 15 16 14 20 17 19 18
  2  1  3  4  7  5  8  6 11 12 10  9 16 13 14 15 17 19 20 18 24 21 23 22
 14 13 15 16 19 17 20 18 23 24 22 21  4  1  2  3  5  7  8  6 12  9 11 10
  3  2  4  1  8  6  5  7 12  9 11 10 13 14 15 16 18 20 17 19 21 22 24 23
 11 10 12  9 16 14 13 15 20 17 19 18 21 22 23 24  2  4  1  3  5  6  8  7
 19 18 20 17 24 22 21 23  4  1  3  2  5  6  7  8 10 12  9 11 13 14 16 15
  7  6  8  5 12 10  9 11 16 13 15 14 17 18 19 20 22 24 21 23  1  2  4  3
 15 14 16 13 20 18 17 19 24 21 23 22  1  2  3  4  6  8  5  7  9 10 12 11
 23 22 24 21  4  2  1  3  8  5  7  6  9 10 11 12 14 16 13 15 17 18 20 19
  4  3  1  2  5  7  6  8  9 10 12 11 14 15 16 13 19 17 18 20 22 23 21 24
 16 15 13 14 17 19 18 20 21 22 24 23  2  3  4  1  7  5  6  8 10 11  9 12
 12 11  9 10 13 15 14 16 17 18 20 19 22 23 24 21  3  1  2  4  6  7  5  8
 24 23 21 22  1  3  2  4  5  6  8  7 10 11 12  9 15 13 14 16 18 19 17 20
 20 19 17 18 21 23 22 24  1  2  4  3  6  7  8  5 11  9 10 12 14 15 13 16
  8  7  5  6  9 11 10 12 13 14 16 15 18 19 20 17 23 21 22 24  2  3  1  4
 13 16 14 15 18 20 19 17 22 23 21 24  3  4  1  2  8  6  7  5 11 12 10  9
  9 12 10 11 14 16 15 13 18 19 17 20 23 24 21 22  4  2  3  1  7  8  6  5
  1  4  2  3  6  8  7  5 10 11  9 12 15 16 13 14 20 18 19 17 23 24 22 21
 17 20 18 19 22 24 23 21  2  3  1  4  7  8  5  6 12 10 11  9 15 16 14 13
  5  8  6  7 10 12 11  9 14 15 13 16 19 20 17 18 24 22 23 21  3  4  2  1
 21 24 22 23  2  4  3  1  6  7  5  8 11 12  9 10 16 14 15 13 19 20 18 17
