 13 14 16 11 17 15 10 12 18 26 25 24 20 23 22 19 21 27 28 32 30 33 36 31 29 34 35 44 40 42 41 45 38 37 43 39  9  6  4  5  2  3  8  7  1
  4  5  7  2  8  6  1  3  9 17 16 15 11 14 13 10 12 18 19 23 21 24 27 22 20 25 26 35 31 33 32 36 29 28 34 30 45 42 40 41 38 39 44 43 37
 40 41 43 38 44 42 37 39 45  8  7  6  2  5  4  1  3  9 10 14 12 15 18 13 11 16 17 26 22 24 23 27 20 19 25 21 36 33 31 32 29 30 35 34 28
 22 23 25 20 26 24 19 21 27 35 34 33 29 32 31 28 30 36 37 41 39 42 45 40 38 43 44  8  4  6  5  9  2  1  7  3 18 15 13 14 11 12 17 16 10
 31 32 34 29 35 33 28 30 36 44 43 42 38 41 40 37 39 45  1  5  3  6  9  4  2  7  8 17 13 15 14 18 11 10 16 12 27 24 22 23 20 21 26 25 19
 14 15 17 12 18 16 11 13 10 27 26 25 21 24 23 20 22 19 29 33 31 34 28 32 30 35 36 45 41 43 42 37 39 38 44 40  1  7  5  6  3  4  9  8  2
 41 42 44 39 45 43 38 40 37  9  8  7  3  6  5  2  4  1 11 15 13 16 10 14 12 17 18 27 23 25 24 19 21 20 26 22 28 34 32 33 30 31 36 35 29
  5  6  8  3  9  7  2  4  1 18 17 16 12 15 14 11 13 10 20 24 22 25 19 23 21 26 27 36 32 34 33 28 30 29 35 31 37 43 41 42 39 40 45 44 38
 32 33 35 30 36 34 29 31 28 45 44 43 39 42 41 38 40 37  2  6  4  7  1  5  3  8  9 18 14 16 15 10 12 11 17 13 19 25 23 24 21 22 27 26 20
 23 24 26 21 27 25 20 22 19 36 35 34 30 33 32 29 31 28 38 42 40 43 37 41 39 44 45  9  5  7  6  1  3  2  8  4 10 16 14 15 12 13 18 17 11
 33 34 36 31 28 35 30 32 29 37 45 44 40 43 42 39 41 38  3  7  5  8  2  6  4  9  1 10 15 17 16 11 13 12 18 14 20 26 24 25 22 23 19 27 21
  6  7  9  4  1  8  3  5  2 10 18 17 13 16 15 12 14 11 21 25 23 26 20 24 22 27 19 28 33 35 34 29 31 30 36 32 38 44 42 43 40 41 37 45 39
 42 43 45 40 37 44 39 41 38  1  9  8  4  7  6  3  5  2 12 16 14 17 11 15 13 18 10 19 24 26 25 20 22 21 27 23 29 35 33 34 31 32 28 36 30
 24 25 27 22 19 26 21 23 20 28 36 35 31 34 33 30 32 29 39 43 41 44 38 42 40 45 37  1  6  8  7  2  4  3  9  5 11 17 15 16 13 14 10 18 12
 15 16 18 13 10 17 12 14 11 19 27 26 22 25 24 21 23 20 30 34 32 35 29 33 31 36 28 37 42 44 43 38 40 39 45 41  2  8  6  7  4  5  1  9  3
 43 44 37 41 38 45 40 42 39  2  1  9  5  8  7  4  6  3 13 17 15 18 12 16 14 10 11 20 25 27 26 21 23 22 19 24 30 36 34 35 32 33 29 28 31
  7  8  1  5  2  9  4  6  3 11 10 18 14 17 16 13 15 12 22 26 24 27 21 25 23 19 20 29 34 36 35 30 32 31 28 33 39 45 43 44 41 42 38 37 40
 34 35 28 32 29 36 31 33 30 38 37 45 41 44 43 40 42 39  4  8  6  9  3  7  5  1  2 11 16 18 17 12 14 13 10 15 21 27 25 26 23 24 20 19 22
 25 26 19 23 20 27 22 24 21 29 28 36 32 35 34 31 33 30 40 44 42 45 39 43 41 37 38  2  7  9  8  3  5  4  1  6 12 18 16 17 14 15 11 10 13
 16 17 10 14 11 18 13 15 12 20 19 27 23 26 25 22 24 21 31 35 33 36 30 34 32 28 29 38 43 45 44 39 41 40 37 42  3  9  7  8  5  6  2  1  4
 26 27 20 24 21 19 23 25 22 30 29 28 33 36 35 32 34 31 41 45 43 37 40 44 42 38 39  3  8  1  9  4  6  5  2  7 13 10 17 18 15 16 12 11 14
 35 36 29 33 30 28 32 34 31 39 38 37 42 45 44 41 43 40  5  9  7  1  4  8  6  2  3 12 17 10 18 13 15 14 11 16 22 19 26 27 24 25 21 20 23
 17 18 11 15 12 10 14 16 13 21 20 19 24 27 26 23 25 22 32 36 34 28 31 35 33 29 30 39 44 37 45 40 42 41 38 43  4  1  8  9  6  7  3  2  5
 44 45 38 42 39 37 41 43 40  3  2  1  6  9  8  5  7  4 14 18 16 10 13 17 15 11 12 21 26 19 27 22 24 23 20 25 31 28 35 36 33 34 30 29 32
  8  9  2  6  3  1  5  7  4 12 11 10 15 18 17 14 16 13 23 27 25 19 22 26 24 20 21 30 35 28 36 31 33 32 29 34 40 37 44 45 42 43 39 38 41
 45 37 39 43 40 38 42 44 41  4  3  2  7  1  9  6  8  5 15 10 17 11 14 18 16 12 13 22 27 20 19 23 25 24 21 26 32 29 36 28 34 35 31 30 33
 27 19 21 25 22 20 24 26 23 31 30 29 34 28 36 33 35 32 42 37 44 38 41 45 43 39 40  4  9  2  1  5  7  6  3  8 14 11 18 10 16 17 13 12 15
 18 10 12 16 13 11 15 17 14 22 21 20 25 19 27 24 26 23 33 28 35 29 32 36 34 30 31 40 45 38 37 41 43 42 39 44  5  2  9  1  7  8  4  3  6
  9  1  3  7  4  2  6  8  5 13 12 11 16 10 18 15 17 14 24 19 26 20 23 27 25 21 22 31 36 29 28 32 34 33 30 35 41 38 45 37 43 44 40 39 42
 36 28 30 34 31 29 33 35 32 40 39 38 43 37 45 42 44 41  6  1  8  2  5  9  7  3  4 13 18 11 10 14 16 15 12 17 23 20 27 19 25 26 22 21 24
 37 38 40 44 41 39 43 45 42  5  4  3  8  2  1  7  9  6 16 11 18 12 15 10 17 13 14 23 19 21 20 24 26 25 22 27 33 30 28 29 35 36 32 31 34
  1  2  4  8  5  3  7  9  6 14 13 12 17 11 10 16 18 15 25 20 27 21 24 19 26 22 23 32 28 30 29 33 35 34 31 36 42 39 37 38 44 45 41 40 43
 19 20 22 26 23 21 25 27 24 32 31 30 35 29 28 34 36 33 43 38 45 39 42 37 44 40 41  5  1  3  2  6  8  7  4  9 15 12 10 11 17 18 14 13 16
 28 29 31 35 32 30 34 36 33 41 40 39 44 38 37 43 45 42  7  2  9  3  6  1  8  4  5 14 10 12 11 15 17 16 13 18 24 21 19 20 26 27 23 22 25
 10 11 13 17 14 12 16 18 15 23 22 21 26 20 19 25 27 24 34 29 36 30 33 28 35 31 32 41 37 39 38 42 44 43 40 45  6  3  1  2  8  9  5  4  7
  2  3  5  9  6  4  8  1  7 15 14 13 18 12 11 17 10 16 26 21 19 22 25 20 27 23 24 33 29 31 30 34 36 35 32 28 43 40 38 39 45 37 42 41 44
 38 39 41 45 42 40 44 37 43  6  5  4  9  3  2  8  1  7 17 12 10 13 16 11 18 14 15 24 20 22 21 25 27 26 23 19 34 31 29 30 36 28 33 32 35
 20 21 23 27 24 22 26 19 25 33 32 31 36 30 29 35 28 34 44 39 37 40 43 38 45 41 42  6  2  4  3  7  9  8  5  1 16 13 11 12 18 10 15 14 17
 29 30 32 36 33 31 35 28 34 42 41 40 45 39 38 44 37 43  8  3  1  4  7  2  9  5  6 15 11 13 12 16 18 17 14 10 25 22 20 21 27 19 24 23 26
 11 12 14 18 15 13 17 10 16 24 23 22 27 21 20 26 19 25 35 30 28 31 34 29 36 32 33 42 38 40 39 43 45 44 41 37  7  4  2  3  9  1  6  5  8
 12 13 15 10 16 14 18 11 17 25 24 23 19 22 21 27 20 26 36 31 29 32 35 30 28 33 34 43 39 41 40 44 37 45 42 38  8  5  3  4  1  2  7  6  9
 30 31 33 28 34 32 36 29 35 43 42 41 37 40 39 45 38 44  9  4  2  5  8  3  1  6  7 16 12 14 13 17 10 18 15 11 26 23 21 22 19 20 25 24 27
 39 40 42 37 43 41 45 38 44  7  6  5  1  4  3  9  2  8 18 13 11 14 17 12 10 15 16 25 21 23 22 26 19 27 24 20 35 32 30 31 28 29 34 33 36
 21 22 24 19 25 23 27 20 26 34 33 32 28 31 30 36 29 35 45 40 38 41 44 39 37 42 43  7  3  5  4  8  1  9  6  2 17 14 12 13 10 11 16 15 18
  3  4  6  1  7  5  9  2  8 16 15 14 10 13 12 18 11 17 27 22 20 23 26 21 19 24 25 34 30 32 31 35 28 36 33 29 44 41 39 40 37 38 43 42 45
