  9  8 13 10 12 11 14 16 17 21 15 18 20 19 25 22 26 23 24 28 27  1  6  2  7  4  5  3
 16 15 20 17 19 18 21 23 24 28 22 25 27 26  4  1  5  2  3  7  6  8 13  9 14 11 12 10
 23 22 27 24 26 25 28  2  3  7  1  4  6  5 11  8 12  9 10 14 13 15 20 16 21 18 19 17
  2  1  6  3  5  4  7  9 10 14  8 11 13 12 18 15 19 16 17 21 20 22 27 23 28 25 26 24
 10  9 14 11 13 12  8 17 18 15 16 19 21 20 26 23 27 24 25 22 28  2  7  3  1  5  6  4
 17 16 21 18 20 19 15 24 25 22 23 26 28 27  5  2  6  3  4  1  7  9 14 10  8 12 13 11
  3  2  7  4  6  5  1 10 11  8  9 12 14 13 19 16 20 17 18 15 21 23 28 24 22 26 27 25
 24 23 28 25 27 26 22  3  4  1  2  5  7  6 12  9 13 10 11  8 14 16 21 17 15 19 20 18
  4  3  1  5  7  6  2 11 12  9 10 13  8 14 20 17 21 18 19 16 15 24 22 25 23 27 28 26
 25 24 22 26 28 27 23  4  5  2  3  6  1  7 13 10 14 11 12  9  8 17 15 18 16 20 21 19
 11 10  8 12 14 13  9 18 19 16 17 20 15 21 27 24 28 25 26 23 22  3  1  4  2  6  7  5
 18 17 15 19 21 20 16 25 26 23 24 27 22 28  6  3  7  4  5  2  1 10  8 11  9 13 14 12
 19 18 16 20 15 21 17 26 27 24 25 28 23 22  7  4  1  5  6  3  2 11  9 12 10 14  8 13
  5  4  2  6  1  7  3 12 13 10 11 14  9  8 21 18 15 19 20 17 16 25 23 26 24 28 22 27
 26 25 23 27 22 28 24  5  6  3  4  7  2  1 14 11  8 12 13 10  9 18 16 19 17 21 15 20
 12 11  9 13  8 14 10 19 20 17 18 21 16 15 28 25 22 26 27 24 23  4  2  5  3  7  1  6
 13 12 10 14  9  8 11 20 21 18 19 15 17 16 22 26 23 27 28 25 24  5  3  6  4  1  2  7
  6  5  3  7  2  1  4 13 14 11 12  8 10  9 15 19 16 20 21 18 17 26 24 27 25 22 23 28
 27 26 24 28 23 22 25  6  7  4  5  1  3  2  8 12  9 13 14 11 10 19 17 20 18 15 16 21
 20 19 17 21 16 15 18 27 28 25 26 22 24 23  1  5  2  6  7  4  3 12 10 13 11  8  9 14
 28 27 25 22 24 23 26  7  1  5  6  2  4  3  9 13 10 14  8 12 11 20 18 21 19 16 17 15
 21 20 18 15 17 16 19 28 22 26 27 23 25 24  2  6  3  7  1  5  4 13 11 14 12  9 10  8
 14 13 11  8 10  9 12 21 15 19 20 16 18 17 23 27 24 28 22 26 25  6  4  7  5  2  3  1
  7  6  4  1  3  2  5 14  8 12 13  9 11 10 16 20 17 21 15 19 18 27 25 28 26 23 24 22
 22 28 26 23 25 24 27  1  2  6  7  3  5  4 10 14 11  8  9 13 12 21 19 15 20 17 18 16
  8 14 12  9 11 10 13 15 16 20 21 17 19 18 24 28 25 22 23 27 26  7  5  1  6  3  4  2
  1  7  5  2  4  3  6  8  9 13 14 10 12 11 17 21 18 15 16 20 19 28 26 22 27 24 25 23
 15 21 19 16 18 17 20 22 23 27 28 24 26 25  3  7  4  1  2  6  5 14 12  8 13 10 11  9
