 17 15 20 21 18 19 16 27 24 28 22 26 25 23  2  6  3  7  5  4  1 11 13 14  9 12 10  8
 10  8 13 14 11 12  9 20 17 21 15 19 18 16 23 27 24 28 26 25 22  4  6  7  2  5  3  1
  3  1  6  7  4  5  2 13 10 14  8 12 11  9 16 20 17 21 19 18 15 25 27 28 23 26 24 22
 24 22 27 28 25 26 23  6  3  7  1  5  4  2  9 13 10 14 12 11  8 18 20 21 16 19 17 15
 25 23 28 22 26 27 24  7  4  1  2  6  5  3 10 14 11  8 13 12  9 19 21 15 17 20 18 16
 18 16 21 15 19 20 17 28 25 22 23 27 26 24  3  7  4  1  6  5  2 12 14  8 10 13 11  9
  4  2  7  1  5  6  3 14 11  8  9 13 12 10 17 21 18 15 20 19 16 26 28 22 24 27 25 23
 11  9 14  8 12 13 10 21 18 15 16 20 19 17 24 28 25 22 27 26 23  5  7  1  3  6  4  2
  5  3  1  2  6  7  4  8 12  9 10 14 13 11 18 15 19 16 21 20 17 27 22 23 25 28 26 24
 26 24 22 23 27 28 25  1  5  2  3  7  6  4 11  8 12  9 14 13 10 20 15 16 18 21 19 17
 19 17 15 16 20 21 18 22 26 23 24 28 27 25  4  1  5  2  7  6  3 13  8  9 11 14 12 10
 12 10  8  9 13 14 11 15 19 16 17 21 20 18 25 22 26 23 28 27 24  6  1  2  4  7  5  3
 27 25 23 24 28 22 26  2  6  3  4  1  7  5 12  9 13 10  8 14 11 21 16 17 19 15 20 18
  6  4  2  3  7  1  5  9 13 10 11  8 14 12 19 16 20 17 15 21 18 28 23 24 26 22 27 25
 13 11  9 10 14  8 12 16 20 17 18 15 21 19 26 23 27 24 22 28 25  7  2  3  5  1  6  4
 20 18 16 17 21 15 19 23 27 24 25 22 28 26  5  2  6  3  1  7  4 14  9 10 12  8 13 11
 28 26 24 25 22 23 27  3  7  4  5  2  1  6 13 10 14 11  9  8 12 15 17 18 20 16 21 19
  7  5  3  4  1  2  6 10 14 11 12  9  8 13 20 17 21 18 16 15 19 22 24 25 27 23 28 26
 14 12 10 11  8  9 13 17 21 18 19 16 15 20 27 24 28 25 23 22 26  1  3  4  6  2  7  5
 21 19 17 18 15 16 20 24 28 25 26 23 22 27  6  3  7  4  2  1  5  8 10 11 13  9 14 12
  8 13 11 12  9 10 14 18 15 19 20 17 16 21 28 25 22 26 24 23 27  2  4  5  7  3  1  6
  1  6  4  5  2  3  7 11  8 12 13 10  9 14 21 18 15 19 17 16 20 23 25 26 28 24 22 27
 15 20 18 19 16 17 21 25 22 26 27 24 23 28  7  4  1  5  3  2  6  9 11 12 14 10  8 13
 22 27 25 26 23 24 28  4  1  5  6  3  2  7 14 11  8 12 10  9 13 16 18 19 21 17 15 20
  9 14 12 13 10 11  8 19 16 20 21 18 17 15 22 26 23 27 25 24 28  3  5  6  1  4  2  7
 23 28 26 27 24 25 22  5  2  6  7  4  3  1  8 12  9 13 11 10 14 17 19 20 15 18 16 21
  2  7  5  6  3  4  1 12  9 13 14 11 10  8 15 19 16 20 18 17 21 24 26 27 22 25 23 28
 16 21 19 20 17 18 15 26 23 27 28 25 24 22  1  5  2  6  4  3  7 10 12 13  8 11  9 14
