  9 19  1 12  3  7 11  6  4 10 18 14 16  5  8 20 13 15 17  2
 10  4 14 17 13  2 20 15  6  1  5  7 18 12  9  3  8 16 19 11
  2  3 18 20 10  1 19 12 15  9  8 16 17  4 13 11  5  7 14  6
  5  7  6 11  9 14 16  8 20 13 12 17  1 15 19  2 18  4  3 10
 13 15  8 16 18 17  5  4 11  2 19  3  7 10 14  6 12  9  1 20
 19  1  4  9 12 15 14 11  7 20 13  2  3  8  5 16  6 18 10 17
  7 10  2  6  1  4 13 17  8 15  3 11 19 14 12 18  9  5 20 16
  8 11 20 13  7  3  9  5 12 17 16 18  6  1 10 15 14  2  4 19
 12  5  3 14 19 18  2 16  9  4  6 10 11 20  7 17 15  8 13  1
 18 16 17 15  8 20  6 10 19  5 14  1  9 13  2  4 11 12  7  3
 11 12  5  8 17 16  7 19 13  6  4 15  2 18  3 10 20  1  9 14
 14 17 15 10  4  5  8  9 18 11  7 19 12  6 20  1  2  3 16 13
  3  9  7  4 11 13  1  2 16  8 10 20 14 19 15  5 17  6 18 12
 16  2 13  1  6 12 18 20 14  3 17  5  8  7 11  9 19 10 15  4
 20  6 19 18 15 10  3 14  1 12  2  9  4 16 17 13  7 11  8  5
 15  8 16  7  5  9 10  3 17 19 11  6 20  2  4 14  1 13 12 18
  6 20  9  2 14  8 17 18  5 16 15  4 13  3  1 12 10 19 11  7
  1 14 12 19 20  6  4 13  2 18  9  8 10 11 16  7  3 17  5 15
 17 18 10  5 16 11 12  7  3 14  1 13 15  9  6 19  4 20  2  8
  4 13 11  3  2 19 15  1 10  7 20 12  5 17 18  8 16 14  6  9
