 11 13 18  9 20  7 19 14  2  5  3  8 15  1  4 12 10 16 17  6
 20 16  7 15 13 10  2 18 19  9 17 14  8  5  6  3  1  4 12 11
 10 12  8  3  9 15  1 16  7 20  4  6 17 11  2 14  5 19 13 18
  1 14  4  2  3  5  6 17 15 16 12 11 19 10 13 18  8  7 20  9
  6  5 19 17  4 12  8 11 13 10  1 18 16  9  7 20  3 15 14  2
  7 20  9 18  2  3 10 19 11 13  5  4 14 15  8  1 16 17  6 12
  3 10 13 12  7  6 16  4 17  2 19 20  5 18 11  9 15 14  1  8
 15  2 16  1 18 20 13  5 10  8 14  9  4 17 12  6 11  3  7 19
 17  8  5 11 14  9 15  1  3 18  6 12 13  7 19 16  4 10  2 20
 14 19  6  4  8 11 17 12 16 15  7  1  2 20  3 10  9 18  5 13
 19  4 12  8 17 16  3  9  1  7 15 13 18 14  5  2 20  6 11 10
 13  7  3 14 10  2 12  6  9  4 16  5  1 19 20 11 18  8 15 17
 16  1 20 10 19  4  7 13  6 11 18 17 12  8  9 15 14  2  3  5
  2  9 17  6 11 18  5 15  8 14 20  3  7  4 10 13 19 12 16  1
 18 11 15  5  1 14 20  8 12 19 10  2  3  6 16 17  7 13  9  4
 12 18  1 19  5 17  4  2 14  3  9  7 11 13 15  8  6 20 10 16
  9  3 11 20  6 19 14  7  4 17 13 16 10 12 18  5  2  1  8 15
  5 15  2  7 16  1  9 20 18 12  8 10  6  3 17  4 13 11 19 14
  4 17 14 13 15  8 11 10  5  6  2 19 20 16  1  7 12  9 18  3
  8  6 10 16 12 13 18  3 20  1 11 15  9  2 14 19 17  5  4  7
