  1  5  3  4  2  7  9  8  6 10 12 13 14 15 11 20 19 18 16 17 25 21 23 24 22 27 28 30 26 29 35 31 34 32 33 38 36 40 39 37 41 44 42 43 45 48 46 49 50 47
 41 45 43 44 42 47 49 48 46 50  2  3  4  5  1 10  9  8  6  7 15 11 13 14 12 17 18 20 16 19 25 21 24 22 23 28 26 30 29 27 31 34 32 33 35 38 36 39 40 37
 11 15 13 14 12 17 19 18 16 20 22 23 24 25 21 30 29 28 26 27 35 31 33 34 32 37 38 40 36 39 45 41 44 42 43 48 46 50 49 47  1  4  2  3  5  8  6  9 10  7
 16 20 18 19 17 22 24 23 21 25 27 28 29 30 26 35 34 33 31 32 40 36 38 39 37 42 43 45 41 44 50 46 49 47 48  3  1  5  4  2  6  9  7  8 10 13 11 14 15 12
 26 30 28 29 27 32 34 33 31 35 37 38 39 40 36 45 44 43 41 42 50 46 48 49 47  2  3  5  1  4 10  6  9  7  8 13 11 15 14 12 16 19 17 18 20 23 21 24 25 22
  6 10  8  9  7 12 14 13 11 15 17 18 19 20 16 25 24 23 21 22 30 26 28 29 27 32 33 35 31 34 40 36 39 37 38 43 41 45 44 42 46 49 47 48 50  3  1  4  5  2
 21 25 23 24 22 27 29 28 26 30 32 33 34 35 31 40 39 38 36 37 45 41 43 44 42 47 48 50 46 49  5  1  4  2  3  8  6 10  9  7 11 14 12 13 15 18 16 19 20 17
 46 50 48 49 47  2  4  3  1  5  7  8  9 10  6 15 14 13 11 12 20 16 18 19 17 22 23 25 21 24 30 26 29 27 28 33 31 35 34 32 36 39 37 38 40 43 41 44 45 42
 31 35 33 34 32 37 39 38 36 40 42 43 44 45 41 50 49 48 46 47  5  1  3  4  2  7  8 10  6  9 15 11 14 12 13 18 16 20 19 17 21 24 22 23 25 28 26 29 30 27
 36 40 38 39 37 42 44 43 41 45 47 48 49 50 46  5  4  3  1  2 10  6  8  9  7 12 13 15 11 14 20 16 19 17 18 23 21 25 24 22 26 29 27 28 30 33 31 34 35 32
 22 21 24 25 23 28 30 29 27 26 33 34 35 31 32 36 40 39 37 38 41 42 44 45 43 48 49 46 47 50  1  2  5  3  4  9  7  6 10  8 12 15 13 14 11 19 17 20 16 18
  2  1  4  5  3  8 10  9  7  6 13 14 15 11 12 16 20 19 17 18 21 22 24 25 23 28 29 26 27 30 31 32 35 33 34 39 37 36 40 38 42 45 43 44 41 49 47 50 46 48
 27 26 29 30 28 33 35 34 32 31 38 39 40 36 37 41 45 44 42 43 46 47 49 50 48  3  4  1  2  5  6  7 10  8  9 14 12 11 15 13 17 20 18 19 16 24 22 25 21 23
  7  6  9 10  8 13 15 14 12 11 18 19 20 16 17 21 25 24 22 23 26 27 29 30 28 33 34 31 32 35 36 37 40 38 39 44 42 41 45 43 47 50 48 49 46  4  2  5  1  3
 47 46 49 50 48  3  5  4  2  1  8  9 10  6  7 11 15 14 12 13 16 17 19 20 18 23 24 21 22 25 26 27 30 28 29 34 32 31 35 33 37 40 38 39 36 44 42 45 41 43
 42 41 44 45 43 48 50 49 47 46  3  4  5  1  2  6 10  9  7  8 11 12 14 15 13 18 19 16 17 20 21 22 25 23 24 29 27 26 30 28 32 35 33 34 31 39 37 40 36 38
 17 16 19 20 18 23 25 24 22 21 28 29 30 26 27 31 35 34 32 33 36 37 39 40 38 43 44 41 42 45 46 47 50 48 49  4  2  1  5  3  7 10  8  9  6 14 12 15 11 13
 32 31 34 35 33 38 40 39 37 36 43 44 45 41 42 46 50 49 47 48  1  2  4  5  3  8  9  6  7 10 11 12 15 13 14 19 17 16 20 18 22 25 23 24 21 29 27 30 26 28
 37 36 39 40 38 43 45 44 42 41 48 49 50 46 47  1  5  4  2  3  6  7  9 10  8 13 14 11 12 15 16 17 20 18 19 24 22 21 25 23 27 30 28 29 26 34 32 35 31 33
 12 11 14 15 13 18 20 19 17 16 23 24 25 21 22 26 30 29 27 28 31 32 34 35 33 38 39 36 37 40 41 42 45 43 44 49 47 46 50 48  2  5  3  4  1  9  7 10  6  8
 23 22 25 21 24 29 26 30 28 27 34 35 31 32 33 37 36 40 38 39 42 43 45 41 44 49 50 47 48 46  2  3  1  4  5 10  8  7  6  9 13 11 14 15 12 20 18 16 17 19
 13 12 15 11 14 19 16 20 18 17 24 25 21 22 23 27 26 30 28 29 32 33 35 31 34 39 40 37 38 36 42 43 41 44 45 50 48 47 46 49  3  1  4  5  2 10  8  6  7  9
 28 27 30 26 29 34 31 35 33 32 39 40 36 37 38 42 41 45 43 44 47 48 50 46 49  4  5  2  3  1  7  8  6  9 10 15 13 12 11 14 18 16 19 20 17 25 23 21 22 24
  8  7 10  6  9 14 11 15 13 12 19 20 16 17 18 22 21 25 23 24 27 28 30 26 29 34 35 32 33 31 37 38 36 39 40 45 43 42 41 44 48 46 49 50 47  5  3  1  2  4
 18 17 20 16 19 24 21 25 23 22 29 30 26 27 28 32 31 35 33 34 37 38 40 36 39 44 45 42 43 41 47 48 46 49 50  5  3  2  1  4  8  6  9 10  7 15 13 11 12 14
 43 42 45 41 44 49 46 50 48 47  4  5  1  2  3  7  6 10  8  9 12 13 15 11 14 19 20 17 18 16 22 23 21 24 25 30 28 27 26 29 33 31 34 35 32 40 38 36 37 39
  3  2  5  1  4  9  6 10  8  7 14 15 11 12 13 17 16 20 18 19 22 23 25 21 24 29 30 27 28 26 32 33 31 34 35 40 38 37 36 39 43 41 44 45 42 50 48 46 47 49
 38 37 40 36 39 44 41 45 43 42 49 50 46 47 48  2  1  5  3  4  7  8 10  6  9 14 15 12 13 11 17 18 16 19 20 25 23 22 21 24 28 26 29 30 27 35 33 31 32 34
 33 32 35 31 34 39 36 40 38 37 44 45 41 42 43 47 46 50 48 49  2  3  5  1  4  9 10  7  8  6 12 13 11 14 15 20 18 17 16 19 23 21 24 25 22 30 28 26 27 29
 48 47 50 46 49  4  1  5  3  2  9 10  6  7  8 12 11 15 13 14 17 18 20 16 19 24 25 22 23 21 27 28 26 29 30 35 33 32 31 34 38 36 39 40 37 45 43 41 42 44
 24 23 21 22 25 30 27 26 29 28 35 31 32 33 34 38 37 36 39 40 43 44 41 42 45 50 46 48 49 47  3  4  2  5  1  6  9  8  7 10 14 12 15 11 13 16 19 17 18 20
 14 13 11 12 15 20 17 16 19 18 25 21 22 23 24 28 27 26 29 30 33 34 31 32 35 40 36 38 39 37 43 44 42 45 41 46 49 48 47 50  4  2  5  1  3  6  9  7  8 10
 49 48 46 47 50  5  2  1  4  3 10  6  7  8  9 13 12 11 14 15 18 19 16 17 20 25 21 23 24 22 28 29 27 30 26 31 34 33 32 35 39 37 40 36 38 41 44 42 43 45
 29 28 26 27 30 35 32 31 34 33 40 36 37 38 39 43 42 41 44 45 48 49 46 47 50  5  1  3  4  2  8  9  7 10  6 11 14 13 12 15 19 17 20 16 18 21 24 22 23 25
 34 33 31 32 35 40 37 36 39 38 45 41 42 43 44 48 47 46 49 50  3  4  1  2  5 10  6  8  9  7 13 14 12 15 11 16 19 18 17 20 24 22 25 21 23 26 29 27 28 30
  9  8  6  7 10 15 12 11 14 13 20 16 17 18 19 23 22 21 24 25 28 29 26 27 30 35 31 33 34 32 38 39 37 40 36 41 44 43 42 45 49 47 50 46 48  1  4  2  3  5
  4  3  1  2  5 10  7  6  9  8 15 11 12 13 14 18 17 16 19 20 23 24 21 22 25 30 26 28 29 27 33 34 32 35 31 36 39 38 37 40 44 42 45 41 43 46 49 47 48 50
 44 43 41 42 45 50 47 46 49 48  5  1  2  3  4  8  7  6  9 10 13 14 11 12 15 20 16 18 19 17 23 24 22 25 21 26 29 28 27 30 34 32 35 31 33 36 39 37 38 40
 19 18 16 17 20 25 22 21 24 23 30 26 27 28 29 33 32 31 34 35 38 39 36 37 40 45 41 43 44 42 48 49 47 50 46  1  4  3  2  5  9  7 10  6  8 11 14 12 13 15
 39 38 36 37 40 45 42 41 44 43 50 46 47 48 49  3  2  1  4  5  8  9  6  7 10 15 11 13 14 12 18 19 17 20 16 21 24 23 22 25 29 27 30 26 28 31 34 32 33 35
 15 14 12 13 11 16 18 17 20 19 21 22 23 24 25 29 28 27 30 26 34 35 32 33 31 36 37 39 40 38 44 45 43 41 42 47 50 49 48 46  5  3  1  2  4  7 10  8  9  6
 10  9  7  8  6 11 13 12 15 14 16 17 18 19 20 24 23 22 25 21 29 30 27 28 26 31 32 34 35 33 39 40 38 36 37 42 45 44 43 41 50 48 46 47 49  2  5  3  4  1
  5  4  2  3  1  6  8  7 10  9 11 12 13 14 15 19 18 17 20 16 24 25 22 23 21 26 27 29 30 28 34 35 33 31 32 37 40 39 38 36 45 43 41 42 44 47 50 48 49 46
 40 39 37 38 36 41 43 42 45 44 46 47 48 49 50  4  3  2  5  1  9 10  7  8  6 11 12 14 15 13 19 20 18 16 17 22 25 24 23 21 30 28 26 27 29 32 35 33 34 31
 35 34 32 33 31 36 38 37 40 39 41 42 43 44 45 49 48 47 50 46  4  5  2  3  1  6  7  9 10  8 14 15 13 11 12 17 20 19 18 16 25 23 21 22 24 27 30 28 29 26
 50 49 47 48 46  1  3  2  5  4  6  7  8  9 10 14 13 12 15 11 19 20 17 18 16 21 22 24 25 23 29 30 28 26 27 32 35 34 33 31 40 38 36 37 39 42 45 43 44 41
 20 19 17 18 16 21 23 22 25 24 26 27 28 29 30 34 33 32 35 31 39 40 37 38 36 41 42 44 45 43 49 50 48 46 47  2  5  4  3  1 10  8  6  7  9 12 15 13 14 11
 30 29 27 28 26 31 33 32 35 34 36 37 38 39 40 44 43 42 45 41 49 50 47 48 46  1  2  4  5  3  9 10  8  6  7 12 15 14 13 11 20 18 16 17 19 22 25 23 24 21
 25 24 22 23 21 26 28 27 30 29 31 32 33 34 35 39 38 37 40 36 44 45 42 43 41 46 47 49 50 48  4  5  3  1  2  7 10  9  8  6 15 13 11 12 14 17 20 18 19 16
 45 44 42 43 41 46 48 47 50 49  1  2  3  4  5  9  8  7 10  6 14 15 12 13 11 16 17 19 20 18 24 25 23 21 22 27 30 29 28 26 35 33 31 32 34 37 40 38 39 36
