 28 30 26 27 29 32 31 25 38 35 39 36 37 34 40 33 42 48 43 44 45 47 41 46 56 49 50 53 51 52 54 55  2  6  7  4  8  1  5  3 12 10 14 13 16 11 15  9 18 17 22 24 19 23 21 20
  4  6  2  3  5  8  7  1 14 11 15 12 13 10 16  9 18 24 19 20 21 23 17 22 32 25 26 29 27 28 30 31 34 38 39 36 40 33 37 35 44 42 46 45 48 43 47 41 50 49 54 56 51 55 53 52
 20 22 18 19 21 24 23 17 30 27 31 28 29 26 32 25 34 40 35 36 37 39 33 38 48 41 42 45 43 44 46 47 50 54 55 52 56 49 53 51  4  2  6  5  8  3  7  1 10  9 14 16 11 15 13 12
 52 54 50 51 53 56 55 49  6  3  7  4  5  2  8  1 10 16 11 12 13 15  9 14 24 17 18 21 19 20 22 23 26 30 31 28 32 25 29 27 36 34 38 37 40 35 39 33 42 41 46 48 43 47 45 44
 12 14 10 11 13 16 15  9 22 19 23 20 21 18 24 17 26 32 27 28 29 31 25 30 40 33 34 37 35 36 38 39 42 46 47 44 48 41 45 43 52 50 54 53 56 51 55 49  2  1  6  8  3  7  5  4
 44 46 42 43 45 48 47 41 54 51 55 52 53 50 56 49  2  8  3  4  5  7  1  6 16  9 10 13 11 12 14 15 18 22 23 20 24 17 21 19 28 26 30 29 32 27 31 25 34 33 38 40 35 39 37 36
 36 38 34 35 37 40 39 33 46 43 47 44 45 42 48 41 50 56 51 52 53 55 49 54  8  1  2  5  3  4  6  7 10 14 15 12 16  9 13 11 20 18 22 21 24 19 23 17 26 25 30 32 27 31 29 28
 45 47 43 44 46 41 48 42 55 52 56 53 54 51 49 50  3  1  4  5  6  8  2  7  9 10 11 14 12 13 15 16 19 23 24 21 17 18 22 20 29 27 31 30 25 28 32 26 35 34 39 33 36 40 38 37
 13 15 11 12 14  9 16 10 23 20 24 21 22 19 17 18 27 25 28 29 30 32 26 31 33 34 35 38 36 37 39 40 43 47 48 45 41 42 46 44 53 51 55 54 49 52 56 50  3  2  7  1  4  8  6  5
 37 39 35 36 38 33 40 34 47 44 48 45 46 43 41 42 51 49 52 53 54 56 50 55  1  2  3  6  4  5  7  8 11 15 16 13  9 10 14 12 21 19 23 22 17 20 24 18 27 26 31 25 28 32 30 29
 53 55 51 52 54 49 56 50  7  4  8  5  6  3  1  2 11  9 12 13 14 16 10 15 17 18 19 22 20 21 23 24 27 31 32 29 25 26 30 28 37 35 39 38 33 36 40 34 43 42 47 41 44 48 46 45
  5  7  3  4  6  1  8  2 15 12 16 13 14 11  9 10 19 17 20 21 22 24 18 23 25 26 27 30 28 29 31 32 35 39 40 37 33 34 38 36 45 43 47 46 41 44 48 42 51 50 55 49 52 56 54 53
 29 31 27 28 30 25 32 26 39 36 40 37 38 35 33 34 43 41 44 45 46 48 42 47 49 50 51 54 52 53 55 56  3  7  8  5  1  2  6  4 13 11 15 14  9 12 16 10 19 18 23 17 20 24 22 21
 21 23 19 20 22 17 24 18 31 28 32 29 30 27 25 26 35 33 36 37 38 40 34 39 41 42 43 46 44 45 47 48 51 55 56 53 49 50 54 52  5  3  7  6  1  4  8  2 11 10 15  9 12 16 14 13
 54 56 52 53 55 50 49 51  8  5  1  6  7  4  2  3 12 10 13 14 15  9 11 16 18 19 20 23 21 22 24 17 28 32 25 30 26 27 31 29 38 36 40 39 34 37 33 35 44 43 48 42 45 41 47 46
 22 24 20 21 23 18 17 19 32 29 25 30 31 28 26 27 36 34 37 38 39 33 35 40 42 43 44 47 45 46 48 41 52 56 49 54 50 51 55 53  6  4  8  7  2  5  1  3 12 11 16 10 13  9 15 14
 30 32 28 29 31 26 25 27 40 37 33 38 39 36 34 35 44 42 45 46 47 41 43 48 50 51 52 55 53 54 56 49  4  8  1  6  2  3  7  5 14 12 16 15 10 13  9 11 20 19 24 18 21 17 23 22
 46 48 44 45 47 42 41 43 56 53 49 54 55 52 50 51  4  2  5  6  7  1  3  8 10 11 12 15 13 14 16  9 20 24 17 22 18 19 23 21 30 28 32 31 26 29 25 27 36 35 40 34 37 33 39 38
 14 16 12 13 15 10  9 11 24 21 17 22 23 20 18 19 28 26 29 30 31 25 27 32 34 35 36 39 37 38 40 33 44 48 41 46 42 43 47 45 54 52 56 55 50 53 49 51  4  3  8  2  5  1  7  6
 38 40 36 37 39 34 33 35 48 45 41 46 47 44 42 43 52 50 53 54 55 49 51 56  2  3  4  7  5  6  8  1 12 16  9 14 10 11 15 13 22 20 24 23 18 21 17 19 28 27 32 26 29 25 31 30
  6  8  4  5  7  2  1  3 16 13  9 14 15 12 10 11 20 18 21 22 23 17 19 24 26 27 28 31 29 30 32 25 36 40 33 38 34 35 39 37 46 44 48 47 42 45 41 43 52 51 56 50 53 49 55 54
 55 49 53 54 56 51 50 52  1  6  2  7  8  5  3  4 13 11 14 15 16 10 12  9 19 20 21 24 22 23 17 18 29 25 26 31 27 28 32 30 39 37 33 40 35 38 34 36 45 44 41 43 46 42 48 47
 23 17 21 22 24 19 18 20 25 30 26 31 32 29 27 28 37 35 38 39 40 34 36 33 43 44 45 48 46 47 41 42 53 49 50 55 51 52 56 54  7  5  1  8  3  6  2  4 13 12  9 11 14 10 16 15
  7  1  5  6  8  3  2  4  9 14 10 15 16 13 11 12 21 19 22 23 24 18 20 17 27 28 29 32 30 31 25 26 37 33 34 39 35 36 40 38 47 45 41 48 43 46 42 44 53 52 49 51 54 50 56 55
 15  9 13 14 16 11 10 12 17 22 18 23 24 21 19 20 29 27 30 31 32 26 28 25 35 36 37 40 38 39 33 34 45 41 42 47 43 44 48 46 55 53 49 56 51 54 50 52  5  4  1  3  6  2  8  7
 47 41 45 46 48 43 42 44 49 54 50 55 56 53 51 52  5  3  6  7  8  2  4  1 11 12 13 16 14 15  9 10 21 17 18 23 19 20 24 22 31 29 25 32 27 30 26 28 37 36 33 35 38 34 40 39
 39 33 37 38 40 35 34 36 41 46 42 47 48 45 43 44 53 51 54 55 56 50 52 49  3  4  5  8  6  7  1  2 13  9 10 15 11 12 16 14 23 21 17 24 19 22 18 20 29 28 25 27 30 26 32 31
 31 25 29 30 32 27 26 28 33 38 34 39 40 37 35 36 45 43 46 47 48 42 44 41 51 52 53 56 54 55 49 50  5  1  2  7  3  4  8  6 15 13  9 16 11 14 10 12 21 20 17 19 22 18 24 23
  8  2  6  7  1  4  3  5 10 15 11 16  9 14 12 13 22 20 23 24 17 19 21 18 28 29 30 25 31 32 26 27 38 34 35 40 36 37 33 39 48 46 42 41 44 47 43 45 54 53 50 52 55 51 49 56
 24 18 22 23 17 20 19 21 26 31 27 32 25 30 28 29 38 36 39 40 33 35 37 34 44 45 46 41 47 48 42 43 54 50 51 56 52 53 49 55  8  6  2  1  4  7  3  5 14 13 10 12 15 11  9 16
 16 10 14 15  9 12 11 13 18 23 19 24 17 22 20 21 30 28 31 32 25 27 29 26 36 37 38 33 39 40 34 35 46 42 43 48 44 45 41 47 56 54 50 49 52 55 51 53  6  5  2  4  7  3  1  8
 40 34 38 39 33 36 35 37 42 47 43 48 41 46 44 45 54 52 55 56 49 51 53 50  4  5  6  1  7  8  2  3 14 10 11 16 12 13  9 15 24 22 18 17 20 23 19 21 30 29 26 28 31 27 25 32
 56 50 54 55 49 52 51 53  2  7  3  8  1  6  4  5 14 12 15 16  9 11 13 10 20 21 22 17 23 24 18 19 30 26 27 32 28 29 25 31 40 38 34 33 36 39 35 37 46 45 42 44 47 43 41 48
 32 26 30 31 25 28 27 29 34 39 35 40 33 38 36 37 46 44 47 48 41 43 45 42 52 53 54 49 55 56 50 51  6  2  3  8  4  5  1  7 16 14 10  9 12 15 11 13 22 21 18 20 23 19 17 24
 48 42 46 47 41 44 43 45 50 55 51 56 49 54 52 53  6  4  7  8  1  3  5  2 12 13 14  9 15 16 10 11 22 18 19 24 20 21 17 23 32 30 26 25 28 31 27 29 38 37 34 36 39 35 33 40
 17 19 23 24 18 21 20 22 27 32 28 25 26 31 29 30 39 37 40 33 34 36 38 35 45 46 47 42 48 41 43 44 55 51 52 49 53 54 50 56  1  7  3  2  5  8  4  6 15 14 11 13 16 12 10  9
  9 11 15 16 10 13 12 14 19 24 20 17 18 23 21 22 31 29 32 25 26 28 30 27 37 38 39 34 40 33 35 36 47 43 44 41 45 46 42 48 49 55 51 50 53 56 52 54  7  6  3  5  8  4  2  1
 41 43 47 48 42 45 44 46 51 56 52 49 50 55 53 54  7  5  8  1  2  4  6  3 13 14 15 10 16  9 11 12 23 19 20 17 21 22 18 24 25 31 27 26 29 32 28 30 39 38 35 37 40 36 34 33
 25 27 31 32 26 29 28 30 35 40 36 33 34 39 37 38 47 45 48 41 42 44 46 43 53 54 55 50 56 49 51 52  7  3  4  1  5  6  2  8  9 15 11 10 13 16 12 14 23 22 19 21 24 20 18 17
 49 51 55 56 50 53 52 54  3  8  4  1  2  7  5  6 15 13 16  9 10 12 14 11 21 22 23 18 24 17 19 20 31 27 28 25 29 30 26 32 33 39 35 34 37 40 36 38 47 46 43 45 48 44 42 41
 33 35 39 40 34 37 36 38 43 48 44 41 42 47 45 46 55 53 56 49 50 52 54 51  5  6  7  2  8  1  3  4 15 11 12  9 13 14 10 16 17 23 19 18 21 24 20 22 31 30 27 29 32 28 26 25
  1  3  7  8  2  5  4  6 11 16 12  9 10 15 13 14 23 21 24 17 18 20 22 19 29 30 31 26 32 25 27 28 39 35 36 33 37 38 34 40 41 47 43 42 45 48 44 46 55 54 51 53 56 52 50 49
 18 20 24 17 19 22 21 23 28 25 29 26 27 32 30 31 40 38 33 34 35 37 39 36 46 47 48 43 41 42 44 45 56 52 53 50 54 55 51 49  2  8  4  3  6  1  5  7 16 15 12 14  9 13 11 10
 26 28 32 25 27 30 29 31 36 33 37 34 35 40 38 39 48 46 41 42 43 45 47 44 54 55 56 51 49 50 52 53  8  4  5  2  6  7  3  1 10 16 12 11 14  9 13 15 24 23 20 22 17 21 19 18
 34 36 40 33 35 38 37 39 44 41 45 42 43 48 46 47 56 54 49 50 51 53 55 52  6  7  8  3  1  2  4  5 16 12 13 10 14 15 11  9 18 24 20 19 22 17 21 23 32 31 28 30 25 29 27 26
 50 52 56 49 51 54 53 55  4  1  5  2  3  8  6  7 16 14  9 10 11 13 15 12 22 23 24 19 17 18 20 21 32 28 29 26 30 31 27 25 34 40 36 35 38 33 37 39 48 47 44 46 41 45 43 42
 10 12 16  9 11 14 13 15 20 17 21 18 19 24 22 23 32 30 25 26 27 29 31 28 38 39 40 35 33 34 36 37 48 44 45 42 46 47 43 41 50 56 52 51 54 49 53 55  8  7  4  6  1  5  3  2
 42 44 48 41 43 46 45 47 52 49 53 50 51 56 54 55  8  6  1  2  3  5  7  4 14 15 16 11  9 10 12 13 24 20 21 18 22 23 19 17 26 32 28 27 30 25 29 31 40 39 36 38 33 37 35 34
  2  4  8  1  3  6  5  7 12  9 13 10 11 16 14 15 24 22 17 18 19 21 23 20 30 31 32 27 25 26 28 29 40 36 37 34 38 39 35 33 42 48 44 43 46 41 45 47 56 55 52 54 49 53 51 50
 51 53 49 50 52 55 54 56  5  2  6  3  4  1  7  8  9 15 10 11 12 14 16 13 23 24 17 20 18 19 21 22 25 29 30 27 31 32 28 26 35 33 37 36 39 34 38 40 41 48 45 47 42 46 44 43
 27 29 25 26 28 31 30 32 37 34 38 35 36 33 39 40 41 47 42 43 44 46 48 45 55 56 49 52 50 51 53 54  1  5  6  3  7  8  4  2 11  9 13 12 15 10 14 16 17 24 21 23 18 22 20 19
 35 37 33 34 36 39 38 40 45 42 46 43 44 41 47 48 49 55 50 51 52 54 56 53  7  8  1  4  2  3  5  6  9 13 14 11 15 16 12 10 19 17 21 20 23 18 22 24 25 32 29 31 26 30 28 27
  3  5  1  2  4  7  6  8 13 10 14 11 12  9 15 16 17 23 18 19 20 22 24 21 31 32 25 28 26 27 29 30 33 37 38 35 39 40 36 34 43 41 45 44 47 42 46 48 49 56 53 55 50 54 52 51
 43 45 41 42 44 47 46 48 53 50 54 51 52 49 55 56  1  7  2  3  4  6  8  5 15 16  9 12 10 11 13 14 17 21 22 19 23 24 20 18 27 25 29 28 31 26 30 32 33 40 37 39 34 38 36 35
 11 13  9 10 12 15 14 16 21 18 22 19 20 17 23 24 25 31 26 27 28 30 32 29 39 40 33 36 34 35 37 38 41 45 46 43 47 48 44 42 51 49 53 52 55 50 54 56  1  8  5  7  2  6  4  3
 19 21 17 18 20 23 22 24 29 26 30 27 28 25 31 32 33 39 34 35 36 38 40 37 47 48 41 44 42 43 45 46 49 53 54 51 55 56 52 50  3  1  5  4  7  2  6  8  9 16 13 15 10 14 12 11
