 19 24 18 23 22 21 17 20 27 28 32 31 29 30 26 25 40 33 34 37 36 35 39 38 43 48 46 41 42 47 45 44 54 50 51 55 53 52 49 56  1  4  8  3  2  7  5  6 15 11 16 12 10  9 13 14
 27 32 26 31 30 29 25 28 35 36 40 39 37 38 34 33 48 41 42 45 44 43 47 46 51 56 54 49 50 55 53 52  6  2  3  7  5  4  1  8  9 12 16 11 10 15 13 14 23 19 24 20 18 17 21 22
 51 56 50 55 54 53 49 52  3  4  8  7  5  6  2  1 16  9 10 13 12 11 15 14 19 24 22 17 18 23 21 20 30 26 27 31 29 28 25 32 33 36 40 35 34 39 37 38 47 43 48 44 42 41 45 46
 43 48 42 47 46 45 41 44 51 52 56 55 53 54 50 49  8  1  2  5  4  3  7  6 11 16 14  9 10 15 13 12 22 18 19 23 21 20 17 24 25 28 32 27 26 31 29 30 39 35 40 36 34 33 37 38
 35 40 34 39 38 37 33 36 43 44 48 47 45 46 42 41 56 49 50 53 52 51 55 54  3  8  6  1  2  7  5  4 14 10 11 15 13 12  9 16 17 20 24 19 18 23 21 22 31 27 32 28 26 25 29 30
  3  8  2  7  6  5  1  4 11 12 16 15 13 14 10  9 24 17 18 21 20 19 23 22 27 32 30 25 26 31 29 28 38 34 35 39 37 36 33 40 41 44 48 43 42 47 45 46 55 51 56 52 50 49 53 54
 11 16 10 15 14 13  9 12 19 20 24 23 21 22 18 17 32 25 26 29 28 27 31 30 35 40 38 33 34 39 37 36 46 42 43 47 45 44 41 48 49 52 56 51 50 55 53 54  7  3  8  4  2  1  5  6
  4  1  3  8  7  6  2  5 12 13  9 16 14 15 11 10 17 18 19 22 21 20 24 23 28 25 31 26 27 32 30 29 39 35 36 40 38 37 34 33 42 45 41 44 43 48 46 47 56 52 49 53 51 50 54 55
 44 41 43 48 47 46 42 45 52 53 49 56 54 55 51 50  1  2  3  6  5  4  8  7 12  9 15 10 11 16 14 13 23 19 20 24 22 21 18 17 26 29 25 28 27 32 30 31 40 36 33 37 35 34 38 39
 36 33 35 40 39 38 34 37 44 45 41 48 46 47 43 42 49 50 51 54 53 52 56 55  4  1  7  2  3  8  6  5 15 11 12 16 14 13 10  9 18 21 17 20 19 24 22 23 32 28 25 29 27 26 30 31
 12  9 11 16 15 14 10 13 20 21 17 24 22 23 19 18 25 26 27 30 29 28 32 31 36 33 39 34 35 40 38 37 47 43 44 48 46 45 42 41 50 53 49 52 51 56 54 55  8  4  1  5  3  2  6  7
 28 25 27 32 31 30 26 29 36 37 33 40 38 39 35 34 41 42 43 46 45 44 48 47 52 49 55 50 51 56 54 53  7  3  4  8  6  5  2  1 10 13  9 12 11 16 14 15 24 20 17 21 19 18 22 23
 20 17 19 24 23 22 18 21 28 29 25 32 30 31 27 26 33 34 35 38 37 36 40 39 44 41 47 42 43 48 46 45 55 51 52 56 54 53 50 49  2  5  1  4  3  8  6  7 16 12  9 13 11 10 14 15
 52 49 51 56 55 54 50 53  4  5  1  8  6  7  3  2  9 10 11 14 13 12 16 15 20 17 23 18 19 24 22 21 31 27 28 32 30 29 26 25 34 37 33 36 35 40 38 39 48 44 41 45 43 42 46 47
 45 42 44 41 48 47 43 46 53 54 50 49 55 56 52 51  2  3  4  7  6  5  1  8 13 10 16 11 12  9 15 14 24 20 21 17 23 22 19 18 27 30 26 29 28 25 31 32 33 37 34 38 36 35 39 40
 53 50 52 49 56 55 51 54  5  6  2  1  7  8  4  3 10 11 12 15 14 13  9 16 21 18 24 19 20 17 23 22 32 28 29 25 31 30 27 26 35 38 34 37 36 33 39 40 41 45 42 46 44 43 47 48
 21 18 20 17 24 23 19 22 29 30 26 25 31 32 28 27 34 35 36 39 38 37 33 40 45 42 48 43 44 41 47 46 56 52 53 49 55 54 51 50  3  6  2  5  4  1  7  8  9 13 10 14 12 11 15 16
 37 34 36 33 40 39 35 38 45 46 42 41 47 48 44 43 50 51 52 55 54 53 49 56  5  2  8  3  4  1  7  6 16 12 13  9 15 14 11 10 19 22 18 21 20 17 23 24 25 29 26 30 28 27 31 32
  5  2  4  1  8  7  3  6 13 14 10  9 15 16 12 11 18 19 20 23 22 21 17 24 29 26 32 27 28 25 31 30 40 36 37 33 39 38 35 34 43 46 42 45 44 41 47 48 49 53 50 54 52 51 55 56
 13 10 12  9 16 15 11 14 21 22 18 17 23 24 20 19 26 27 28 31 30 29 25 32 37 34 40 35 36 33 39 38 48 44 45 41 47 46 43 42 51 54 50 53 52 49 55 56  1  5  2  6  4  3  7  8
 29 26 28 25 32 31 27 30 37 38 34 33 39 40 36 35 42 43 44 47 46 45 41 48 53 50 56 51 52 49 55 54  8  4  5  1  7  6  3  2 11 14 10 13 12  9 15 16 17 21 18 22 20 19 23 24
 22 19 21 18 17 24 20 23 30 31 27 26 32 25 29 28 35 36 37 40 39 38 34 33 46 43 41 44 45 42 48 47 49 53 54 50 56 55 52 51  4  7  3  6  5  2  8  1 10 14 11 15 13 12 16  9
 46 43 45 42 41 48 44 47 54 55 51 50 56 49 53 52  3  4  5  8  7  6  2  1 14 11  9 12 13 10 16 15 17 21 22 18 24 23 20 19 28 31 27 30 29 26 32 25 34 38 35 39 37 36 40 33
 14 11 13 10  9 16 12 15 22 23 19 18 24 17 21 20 27 28 29 32 31 30 26 25 38 35 33 36 37 34 40 39 41 45 46 42 48 47 44 43 52 55 51 54 53 50 56 49  2  6  3  7  5  4  8  1
 38 35 37 34 33 40 36 39 46 47 43 42 48 41 45 44 51 52 53 56 55 54 50 49  6  3  1  4  5  2  8  7  9 13 14 10 16 15 12 11 20 23 19 22 21 18 24 17 26 30 27 31 29 28 32 25
 54 51 53 50 49 56 52 55  6  7  3  2  8  1  5  4 11 12 13 16 15 14 10  9 22 19 17 20 21 18 24 23 25 29 30 26 32 31 28 27 36 39 35 38 37 34 40 33 42 46 43 47 45 44 48 41
 30 27 29 26 25 32 28 31 38 39 35 34 40 33 37 36 43 44 45 48 47 46 42 41 54 51 49 52 53 50 56 55  1  5  6  2  8  7  4  3 12 15 11 14 13 10 16  9 18 22 19 23 21 20 24 17
  6  3  5  2  1  8  4  7 14 15 11 10 16  9 13 12 19 20 21 24 23 22 18 17 30 27 25 28 29 26 32 31 33 37 38 34 40 39 36 35 44 47 43 46 45 42 48 41 50 54 51 55 53 52 56 49
 55 52 54 51 50 49 53 56  7  8  4  3  1  2  6  5 12 13 14  9 16 15 11 10 23 20 18 21 22 19 17 24 26 30 31 27 25 32 29 28 37 40 36 39 38 35 33 34 43 47 44 48 46 45 41 42
 31 28 30 27 26 25 29 32 39 40 36 35 33 34 38 37 44 45 46 41 48 47 43 42 55 52 50 53 54 51 49 56  2  6  7  3  1  8  5  4 13 16 12 15 14 11  9 10 19 23 20 24 22 21 17 18
 47 44 46 43 42 41 45 48 55 56 52 51 49 50 54 53  4  5  6  1  8  7  3  2 15 12 10 13 14 11  9 16 18 22 23 19 17 24 21 20 29 32 28 31 30 27 25 26 35 39 36 40 38 37 33 34
  7  4  6  3  2  1  5  8 15 16 12 11  9 10 14 13 20 21 22 17 24 23 19 18 31 28 26 29 30 27 25 32 34 38 39 35 33 40 37 36 45 48 44 47 46 43 41 42 51 55 52 56 54 53 49 50
 23 20 22 19 18 17 21 24 31 32 28 27 25 26 30 29 36 37 38 33 40 39 35 34 47 44 42 45 46 43 41 48 50 54 55 51 49 56 53 52  5  8  4  7  6  3  1  2 11 15 12 16 14 13  9 10
 39 36 38 35 34 33 37 40 47 48 44 43 41 42 46 45 52 53 54 49 56 55 51 50  7  4  2  5  6  3  1  8 10 14 15 11  9 16 13 12 21 24 20 23 22 19 17 18 27 31 28 32 30 29 25 26
 15 12 14 11 10  9 13 16 23 24 20 19 17 18 22 21 28 29 30 25 32 31 27 26 39 36 34 37 38 35 33 40 42 46 47 43 41 48 45 44 53 56 52 55 54 51 49 50  3  7  4  8  6  5  1  2
 48 45 47 44 43 42 46 41 56 49 53 52 50 51 55 54  5  6  7  2  1  8  4  3 16 13 11 14 15 12 10  9 19 23 24 20 18 17 22 21 30 25 29 32 31 28 26 27 36 40 37 33 39 38 34 35
 40 37 39 36 35 34 38 33 48 41 45 44 42 43 47 46 53 54 55 50 49 56 52 51  8  5  3  6  7  4  2  1 11 15 16 12 10  9 14 13 22 17 21 24 23 20 18 19 28 32 29 25 31 30 26 27
  8  5  7  4  3  2  6  1 16  9 13 12 10 11 15 14 21 22 23 18 17 24 20 19 32 29 27 30 31 28 26 25 35 39 40 36 34 33 38 37 46 41 45 48 47 44 42 43 52 56 53 49 55 54 50 51
 16 13 15 12 11 10 14  9 24 17 21 20 18 19 23 22 29 30 31 26 25 32 28 27 40 37 35 38 39 36 34 33 43 47 48 44 42 41 46 45 54 49 53 56 55 52 50 51  4  8  5  1  7  6  2  3
 32 29 31 28 27 26 30 25 40 33 37 36 34 35 39 38 45 46 47 42 41 48 44 43 56 53 51 54 55 52 50 49  3  7  8  4  2  1  6  5 14  9 13 16 15 12 10 11 20 24 21 17 23 22 18 19
 24 21 23 20 19 18 22 17 32 25 29 28 26 27 31 30 37 38 39 34 33 40 36 35 48 45 43 46 47 44 42 41 51 55 56 52 50 49 54 53  6  1  5  8  7  4  2  3 12 16 13  9 15 14 10 11
 56 53 55 52 51 50 54 49  8  1  5  4  2  3  7  6 13 14 15 10  9 16 12 11 24 21 19 22 23 20 18 17 27 31 32 28 26 25 30 29 38 33 37 40 39 36 34 35 44 48 45 41 47 46 42 43
 33 38 40 37 36 35 39 34 41 42 46 45 43 44 48 47 54 55 56 51 50 49 53 52  1  6  4  7  8  5  3  2 12 16  9 13 11 10 15 14 23 18 22 17 24 21 19 20 29 25 30 26 32 31 27 28
  1  6  8  5  4  3  7  2  9 10 14 13 11 12 16 15 22 23 24 19 18 17 21 20 25 30 28 31 32 29 27 26 36 40 33 37 35 34 39 38 47 42 46 41 48 45 43 44 53 49 54 50 56 55 51 52
 41 46 48 45 44 43 47 42 49 50 54 53 51 52 56 55  6  7  8  3  2  1  5  4  9 14 12 15 16 13 11 10 20 24 17 21 19 18 23 22 31 26 30 25 32 29 27 28 37 33 38 34 40 39 35 36
 17 22 24 21 20 19 23 18 25 26 30 29 27 28 32 31 38 39 40 35 34 33 37 36 41 46 44 47 48 45 43 42 52 56 49 53 51 50 55 54  7  2  6  1  8  5  3  4 13  9 14 10 16 15 11 12
 49 54 56 53 52 51 55 50  1  2  6  5  3  4  8  7 14 15 16 11 10  9 13 12 17 22 20 23 24 21 19 18 28 32 25 29 27 26 31 30 39 34 38 33 40 37 35 36 45 41 46 42 48 47 43 44
 25 30 32 29 28 27 31 26 33 34 38 37 35 36 40 39 46 47 48 43 42 41 45 44 49 54 52 55 56 53 51 50  4  8  1  5  3  2  7  6 15 10 14  9 16 13 11 12 21 17 22 18 24 23 19 20
  9 14 16 13 12 11 15 10 17 18 22 21 19 20 24 23 30 31 32 27 26 25 29 28 33 38 36 39 40 37 35 34 44 48 41 45 43 42 47 46 55 50 54 49 56 53 51 52  5  1  6  2  8  7  3  4
 50 55 49 54 53 52 56 51  2  3  7  6  4  5  1  8 15 16  9 12 11 10 14 13 18 23 21 24 17 22 20 19 29 25 26 30 28 27 32 31 40 35 39 34 33 38 36 37 46 42 47 43 41 48 44 45
 26 31 25 30 29 28 32 27 34 35 39 38 36 37 33 40 47 48 41 44 43 42 46 45 50 55 53 56 49 54 52 51  5  1  2  6  4  3  8  7 16 11 15 10  9 14 12 13 22 18 23 19 17 24 20 21
  2  7  1  6  5  4  8  3 10 11 15 14 12 13  9 16 23 24 17 20 19 18 22 21 26 31 29 32 25 30 28 27 37 33 34 38 36 35 40 39 48 43 47 42 41 46 44 45 54 50 55 51 49 56 52 53
 10 15  9 14 13 12 16 11 18 19 23 22 20 21 17 24 31 32 25 28 27 26 30 29 34 39 37 40 33 38 36 35 45 41 42 46 44 43 48 47 56 51 55 50 49 54 52 53  6  2  7  3  1  8  4  5
 18 23 17 22 21 20 24 19 26 27 31 30 28 29 25 32 39 40 33 36 35 34 38 37 42 47 45 48 41 46 44 43 53 49 50 54 52 51 56 55  8  3  7  2  1  6  4  5 14 10 15 11  9 16 12 13
 34 39 33 38 37 36 40 35 42 43 47 46 44 45 41 48 55 56 49 52 51 50 54 53  2  7  5  8  1  6  4  3 13  9 10 14 12 11 16 15 24 19 23 18 17 22 20 21 30 26 31 27 25 32 28 29
 42 47 41 46 45 44 48 43 50 51 55 54 52 53 49 56  7  8  1  4  3  2  6  5 10 15 13 16  9 14 12 11 21 17 18 22 20 19 24 23 32 27 31 26 25 30 28 29 38 34 39 35 33 40 36 37
