 50 54 53 52 51 49 56 55  2  7  1  8  5  3  4  6 12 13  9 14 10 15 11 16 24 18 19 20 23 17 22 21 29 25 30 26 27 28 32 31 40 39 35 34 38 33 37 36 47 48 46 43 44 42 45 41
 34 38 37 36 35 33 40 39 42 47 41 48 45 43 44 46 52 53 49 54 50 55 51 56  8  2  3  4  7  1  6  5 13  9 14 10 11 12 16 15 24 23 19 18 22 17 21 20 31 32 30 27 28 26 29 25
 42 46 45 44 43 41 48 47 50 55 49 56 53 51 52 54  4  5  1  6  2  7  3  8 16 10 11 12 15  9 14 13 21 17 22 18 19 20 24 23 32 31 27 26 30 25 29 28 39 40 38 35 36 34 37 33
 26 30 29 28 27 25 32 31 34 39 33 40 37 35 36 38 44 45 41 46 42 47 43 48 56 50 51 52 55 49 54 53  5  1  6  2  3  4  8  7 16 15 11 10 14  9 13 12 23 24 22 19 20 18 21 17
  2  6  5  4  3  1  8  7 10 15  9 16 13 11 12 14 20 21 17 22 18 23 19 24 32 26 27 28 31 25 30 29 37 33 38 34 35 36 40 39 48 47 43 42 46 41 45 44 55 56 54 51 52 50 53 49
 10 14 13 12 11  9 16 15 18 23 17 24 21 19 20 22 28 29 25 30 26 31 27 32 40 34 35 36 39 33 38 37 45 41 46 42 43 44 48 47 56 55 51 50 54 49 53 52  7  8  6  3  4  2  5  1
 18 22 21 20 19 17 24 23 26 31 25 32 29 27 28 30 36 37 33 38 34 39 35 40 48 42 43 44 47 41 46 45 53 49 54 50 51 52 56 55  8  7  3  2  6  1  5  4 15 16 14 11 12 10 13  9
 35 39 38 37 36 34 33 40 43 48 42 41 46 44 45 47 53 54 50 55 51 56 52 49  1  3  4  5  8  2  7  6 14 10 15 11 12 13  9 16 17 24 20 19 23 18 22 21 32 25 31 28 29 27 30 26
  3  7  6  5  4  2  1  8 11 16 10  9 14 12 13 15 21 22 18 23 19 24 20 17 25 27 28 29 32 26 31 30 38 34 39 35 36 37 33 40 41 48 44 43 47 42 46 45 56 49 55 52 53 51 54 50
 11 15 14 13 12 10  9 16 19 24 18 17 22 20 21 23 29 30 26 31 27 32 28 25 33 35 36 37 40 34 39 38 46 42 47 43 44 45 41 48 49 56 52 51 55 50 54 53  8  1  7  4  5  3  6  2
 43 47 46 45 44 42 41 48 51 56 50 49 54 52 53 55  5  6  2  7  3  8  4  1  9 11 12 13 16 10 15 14 22 18 23 19 20 21 17 24 25 32 28 27 31 26 30 29 40 33 39 36 37 35 38 34
 51 55 54 53 52 50 49 56  3  8  2  1  6  4  5  7 13 14 10 15 11 16 12  9 17 19 20 21 24 18 23 22 30 26 31 27 28 29 25 32 33 40 36 35 39 34 38 37 48 41 47 44 45 43 46 42
 27 31 30 29 28 26 25 32 35 40 34 33 38 36 37 39 45 46 42 47 43 48 44 41 49 51 52 53 56 50 55 54  6  2  7  3  4  5  1  8  9 16 12 11 15 10 14 13 24 17 23 20 21 19 22 18
 19 23 22 21 20 18 17 24 27 32 26 25 30 28 29 31 37 38 34 39 35 40 36 33 41 43 44 45 48 42 47 46 54 50 55 51 52 53 49 56  1  8  4  3  7  2  6  5 16  9 15 12 13 11 14 10
 28 32 31 30 29 27 26 25 36 33 35 34 39 37 38 40 46 47 43 48 44 41 45 42 50 52 53 54 49 51 56 55  7  3  8  4  5  6  2  1 10  9 13 12 16 11 15 14 17 18 24 21 22 20 23 19
 44 48 47 46 45 43 42 41 52 49 51 50 55 53 54 56  6  7  3  8  4  1  5  2 10 12 13 14  9 11 16 15 23 19 24 20 21 22 18 17 26 25 29 28 32 27 31 30 33 34 40 37 38 36 39 35
 12 16 15 14 13 11 10  9 20 17 19 18 23 21 22 24 30 31 27 32 28 25 29 26 34 36 37 38 33 35 40 39 47 43 48 44 45 46 42 41 50 49 53 52 56 51 55 54  1  2  8  5  6  4  7  3
 52 56 55 54 53 51 50 49  4  1  3  2  7  5  6  8 14 15 11 16 12  9 13 10 18 20 21 22 17 19 24 23 31 27 32 28 29 30 26 25 34 33 37 36 40 35 39 38 41 42 48 45 46 44 47 43
 36 40 39 38 37 35 34 33 44 41 43 42 47 45 46 48 54 55 51 56 52 49 53 50  2  4  5  6  1  3  8  7 15 11 16 12 13 14 10  9 18 17 21 20 24 19 23 22 25 26 32 29 30 28 31 27
  4  8  7  6  5  3  2  1 12  9 11 10 15 13 14 16 22 23 19 24 20 17 21 18 26 28 29 30 25 27 32 31 39 35 40 36 37 38 34 33 42 41 45 44 48 43 47 46 49 50 56 53 54 52 55 51
 20 24 23 22 21 19 18 17 28 25 27 26 31 29 30 32 38 39 35 40 36 33 37 34 42 44 45 46 41 43 48 47 55 51 56 52 53 54 50 49  2  1  5  4  8  3  7  6  9 10 16 13 14 12 15 11
 37 33 40 39 38 36 35 34 45 42 44 43 48 46 47 41 55 56 52 49 53 50 54 51  3  5  6  7  2  4  1  8 16 12  9 13 14 15 11 10 19 18 22 21 17 20 24 23 26 27 25 30 31 29 32 28
 45 41 48 47 46 44 43 42 53 50 52 51 56 54 55 49  7  8  4  1  5  2  6  3 11 13 14 15 10 12  9 16 24 20 17 21 22 23 19 18 27 26 30 29 25 28 32 31 34 35 33 38 39 37 40 36
 53 49 56 55 54 52 51 50  5  2  4  3  8  6  7  1 15 16 12  9 13 10 14 11 19 21 22 23 18 20 17 24 32 28 25 29 30 31 27 26 35 34 38 37 33 36 40 39 42 43 41 46 47 45 48 44
 13  9 16 15 14 12 11 10 21 18 20 19 24 22 23 17 31 32 28 25 29 26 30 27 35 37 38 39 34 36 33 40 48 44 41 45 46 47 43 42 51 50 54 53 49 52 56 55  2  3  1  6  7  5  8  4
  5  1  8  7  6  4  3  2 13 10 12 11 16 14 15  9 23 24 20 17 21 18 22 19 27 29 30 31 26 28 25 32 40 36 33 37 38 39 35 34 43 42 46 45 41 44 48 47 50 51 49 54 55 53 56 52
 29 25 32 31 30 28 27 26 37 34 36 35 40 38 39 33 47 48 44 41 45 42 46 43 51 53 54 55 50 52 49 56  8  4  1  5  6  7  3  2 11 10 14 13  9 12 16 15 18 19 17 22 23 21 24 20
 21 17 24 23 22 20 19 18 29 26 28 27 32 30 31 25 39 40 36 33 37 34 38 35 43 45 46 47 42 44 41 48 56 52 49 53 54 55 51 50  3  2  6  5  1  4  8  7 10 11  9 14 15 13 16 12
 38 34 33 40 39 37 36 35 46 43 45 44 41 47 48 42 56 49 53 50 54 51 55 52  4  6  7  8  3  5  2  1  9 13 10 14 15 16 12 11 20 19 23 22 18 21 17 24 27 28 26 31 32 30 25 29
 30 26 25 32 31 29 28 27 38 35 37 36 33 39 40 34 48 41 45 42 46 43 47 44 52 54 55 56 51 53 50 49  1  5  2  6  7  8  4  3 12 11 15 14 10 13  9 16 19 20 18 23 24 22 17 21
 54 50 49 56 55 53 52 51  6  3  5  4  1  7  8  2 16  9 13 10 14 11 15 12 20 22 23 24 19 21 18 17 25 29 26 30 31 32 28 27 36 35 39 38 34 37 33 40 43 44 42 47 48 46 41 45
 22 18 17 24 23 21 20 19 30 27 29 28 25 31 32 26 40 33 37 34 38 35 39 36 44 46 47 48 43 45 42 41 49 53 50 54 55 56 52 51  4  3  7  6  2  5  1  8 11 12 10 15 16 14  9 13
 46 42 41 48 47 45 44 43 54 51 53 52 49 55 56 50  8  1  5  2  6  3  7  4 12 14 15 16 11 13 10  9 17 21 18 22 23 24 20 19 28 27 31 30 26 29 25 32 35 36 34 39 40 38 33 37
  6  2  1  8  7  5  4  3 14 11 13 12  9 15 16 10 24 17 21 18 22 19 23 20 28 30 31 32 27 29 26 25 33 37 34 38 39 40 36 35 44 43 47 46 42 45 41 48 51 52 50 55 56 54 49 53
 14 10  9 16 15 13 12 11 22 19 21 20 17 23 24 18 32 25 29 26 30 27 31 28 36 38 39 40 35 37 34 33 41 45 42 46 47 48 44 43 52 51 55 54 50 53 49 56  3  4  2  7  8  6  1  5
 23 19 18 17 24 22 21 20 31 28 30 29 26 32 25 27 33 34 38 35 39 36 40 37 45 47 48 41 44 46 43 42 50 54 51 55 56 49 53 52  5  4  8  7  3  6  2  1 12 13 11 16  9 15 10 14
 55 51 50 49 56 54 53 52  7  4  6  5  2  8  1  3  9 10 14 11 15 12 16 13 21 23 24 17 20 22 19 18 26 30 27 31 32 25 29 28 37 36 40 39 35 38 34 33 44 45 43 48 41 47 42 46
 31 27 26 25 32 30 29 28 39 36 38 37 34 40 33 35 41 42 46 43 47 44 48 45 53 55 56 49 52 54 51 50  2  6  3  7  8  1  5  4 13 12 16 15 11 14 10  9 20 21 19 24 17 23 18 22
  7  3  2  1  8  6  5  4 15 12 14 13 10 16  9 11 17 18 22 19 23 20 24 21 29 31 32 25 28 30 27 26 34 38 35 39 40 33 37 36 45 44 48 47 43 46 42 41 52 53 51 56 49 55 50 54
 47 43 42 41 48 46 45 44 55 52 54 53 50 56 49 51  1  2  6  3  7  4  8  5 13 15 16  9 12 14 11 10 18 22 19 23 24 17 21 20 29 28 32 31 27 30 26 25 36 37 35 40 33 39 34 38
 15 11 10  9 16 14 13 12 23 20 22 21 18 24 17 19 25 26 30 27 31 28 32 29 37 39 40 33 36 38 35 34 42 46 43 47 48 41 45 44 53 52 56 55 51 54 50 49  4  5  3  8  1  7  2  6
 39 35 34 33 40 38 37 36 47 44 46 45 42 48 41 43 49 50 54 51 55 52 56 53  5  7  8  1  4  6  3  2 10 14 11 15 16  9 13 12 21 20 24 23 19 22 18 17 28 29 27 32 25 31 26 30
 56 52 51 50 49 55 54 53  8  5  7  6  3  1  2  4 10 11 15 12 16 13  9 14 22 24 17 18 21 23 20 19 27 31 28 32 25 26 30 29 38 37 33 40 36 39 35 34 45 46 44 41 42 48 43 47
 24 20 19 18 17 23 22 21 32 29 31 30 27 25 26 28 34 35 39 36 40 37 33 38 46 48 41 42 45 47 44 43 51 55 52 56 49 50 54 53  6  5  1  8  4  7  3  2 13 14 12  9 10 16 11 15
 32 28 27 26 25 31 30 29 40 37 39 38 35 33 34 36 42 43 47 44 48 45 41 46 54 56 49 50 53 55 52 51  3  7  4  8  1  2  6  5 14 13  9 16 12 15 11 10 21 22 20 17 18 24 19 23
 16 12 11 10  9 15 14 13 24 21 23 22 19 17 18 20 26 27 31 28 32 29 25 30 38 40 33 34 37 39 36 35 43 47 44 48 41 42 46 45 54 53 49 56 52 55 51 50  5  6  4  1  2  8  3  7
 40 36 35 34 33 39 38 37 48 45 47 46 43 41 42 44 50 51 55 52 56 53 49 54  6  8  1  2  5  7  4  3 11 15 12 16  9 10 14 13 22 21 17 24 20 23 19 18 29 30 28 25 26 32 27 31
  8  4  3  2  1  7  6  5 16 13 15 14 11  9 10 12 18 19 23 20 24 21 17 22 30 32 25 26 29 31 28 27 35 39 36 40 33 34 38 37 46 45 41 48 44 47 43 42 53 54 52 49 50 56 51 55
 48 44 43 42 41 47 46 45 56 53 55 54 51 49 50 52  2  3  7  4  8  5  1  6 14 16  9 10 13 15 12 11 19 23 20 24 17 18 22 21 30 29 25 32 28 31 27 26 37 38 36 33 34 40 35 39
 49 53 52 51 50 56 55 54  1  6  8  7  4  2  3  5 11 12 16 13  9 14 10 15 23 17 18 19 22 24 21 20 28 32 29 25 26 27 31 30 39 38 34 33 37 40 36 35 46 47 45 42 43 41 44 48
 33 37 36 35 34 40 39 38 41 46 48 47 44 42 43 45 51 52 56 53 49 54 50 55  7  1  2  3  6  8  5  4 12 16 13  9 10 11 15 14 23 22 18 17 21 24 20 19 30 31 29 26 27 25 28 32
  9 13 12 11 10 16 15 14 17 22 24 23 20 18 19 21 27 28 32 29 25 30 26 31 39 33 34 35 38 40 37 36 44 48 45 41 42 43 47 46 55 54 50 49 53 56 52 51  6  7  5  2  3  1  4  8
 17 21 20 19 18 24 23 22 25 30 32 31 28 26 27 29 35 36 40 37 33 38 34 39 47 41 42 43 46 48 45 44 52 56 53 49 50 51 55 54  7  6  2  1  5  8  4  3 14 15 13 10 11  9 12 16
  1  5  4  3  2  8  7  6  9 14 16 15 12 10 11 13 19 20 24 21 17 22 18 23 31 25 26 27 30 32 29 28 36 40 37 33 34 35 39 38 47 46 42 41 45 48 44 43 54 55 53 50 51 49 52 56
 41 45 44 43 42 48 47 46 49 54 56 55 52 50 51 53  3  4  8  5  1  6  2  7 15  9 10 11 14 16 13 12 20 24 21 17 18 19 23 22 31 30 26 25 29 32 28 27 38 39 37 34 35 33 36 40
 25 29 28 27 26 32 31 30 33 38 40 39 36 34 35 37 43 44 48 45 41 46 42 47 55 49 50 51 54 56 53 52  4  8  5  1  2  3  7  6 15 14 10  9 13 16 12 11 22 23 21 18 19 17 20 24
