 44 43 47 48 46 45  5  4  2  6  3  1 10  7 11 12  8  9 16 14 17 13 15 18 20 22 24 23 19 21 30 26 27 25 29 28 31 32 35 34 33 36 38 40 42 37 39 41
 14 13 17 18 16 15 23 22 20 24 21 19 28 25 29 30 26 27 34 32 35 31 33 36 38 40 42 41 37 39 48 44 45 43 47 46  1  2  5  4  3  6  8 10 12  7  9 11
  8  7 11 12 10  9 17 16 14 18 15 13 22 19 23 24 20 21 28 26 29 25 27 30 32 34 36 35 31 33 42 38 39 37 41 40 43 44 47 46 45 48  2  4  6  1  3  5
 32 31 35 36 34 33 41 40 38 42 39 37 46 43 47 48 44 45  4  2  5  1  3  6  8 10 12 11  7  9 18 14 15 13 17 16 19 20 23 22 21 24 26 28 30 25 27 29
 20 19 23 24 22 21 29 28 26 30 27 25 34 31 35 36 32 33 40 38 41 37 39 42 44 46 48 47 43 45  6  2  3  1  5  4  7  8 11 10  9 12 14 16 18 13 15 17
 26 25 29 30 28 27 35 34 32 36 33 31 40 37 41 42 38 39 46 44 47 43 45 48  2  4  6  5  1  3 12  8  9  7 11 10 13 14 17 16 15 18 20 22 24 19 21 23
  2  1  5  6  4  3 11 10  8 12  9  7 16 13 17 18 14 15 22 20 23 19 21 24 26 28 30 29 25 27 36 32 33 31 35 34 37 38 41 40 39 42 44 46 48 43 45 47
 38 37 41 42 40 39 47 46 44 48 45 43  4  1  5  6  2  3 10  8 11  7  9 12 14 16 18 17 13 15 24 20 21 19 23 22 25 26 29 28 27 30 32 34 36 31 33 35
  3  2  6  1  5  4 12 11  9  7 10  8 17 14 18 13 15 16 23 21 24 20 22 19 27 29 25 30 26 28 31 33 34 32 36 35 38 39 42 41 40 37 45 47 43 44 46 48
 21 20 24 19 23 22 30 29 27 25 28 26 35 32 36 31 33 34 41 39 42 38 40 37 45 47 43 48 44 46  1  3  4  2  6  5  8  9 12 11 10  7 15 17 13 14 16 18
 33 32 36 31 35 34 42 41 39 37 40 38 47 44 48 43 45 46  5  3  6  2  4  1  9 11  7 12  8 10 13 15 16 14 18 17 20 21 24 23 22 19 27 29 25 26 28 30
 27 26 30 25 29 28 36 35 33 31 34 32 41 38 42 37 39 40 47 45 48 44 46 43  3  5  1  6  2  4  7  9 10  8 12 11 14 15 18 17 16 13 21 23 19 20 22 24
 39 38 42 37 41 40 48 47 45 43 46 44  5  2  6  1  3  4 11  9 12  8 10  7 15 17 13 18 14 16 19 21 22 20 24 23 26 27 30 29 28 25 33 35 31 32 34 36
 45 44 48 43 47 46  6  5  3  1  4  2 11  8 12  7  9 10 17 15 18 14 16 13 21 23 19 24 20 22 25 27 28 26 30 29 32 33 36 35 34 31 39 41 37 38 40 42
  9  8 12  7 11 10 18 17 15 13 16 14 23 20 24 19 21 22 29 27 30 26 28 25 33 35 31 36 32 34 37 39 40 38 42 41 44 45 48 47 46 43  3  5  1  2  4  6
 15 14 18 13 17 16 24 23 21 19 22 20 29 26 30 25 27 28 35 33 36 32 34 31 39 41 37 42 38 40 43 45 46 44 48 47  2  3  6  5  4  1  9 11  7  8 10 12
 28 27 25 26 30 29 31 36 34 32 35 33 42 39 37 38 40 41 48 46 43 45 47 44  4  6  2  1  3  5  8 10 11  9  7 12 15 16 13 18 17 14 22 24 20 21 23 19
 16 15 13 14 18 17 19 24 22 20 23 21 30 27 25 26 28 29 36 34 31 33 35 32 40 42 38 37 39 41 44 46 47 45 43 48  3  4  1  6  5  2 10 12  8  9 11  7
 34 33 31 32 36 35 37 42 40 38 41 39 48 45 43 44 46 47  6  4  1  3  5  2 10 12  8  7  9 11 14 16 17 15 13 18 21 22 19 24 23 20 28 30 26 27 29 25
 22 21 19 20 24 23 25 30 28 26 29 27 36 33 31 32 34 35 42 40 37 39 41 38 46 48 44 43 45 47  2  4  5  3  1  6  9 10  7 12 11  8 16 18 14 15 17 13
  4  3  1  2  6  5  7 12 10  8 11  9 18 15 13 14 16 17 24 22 19 21 23 20 28 30 26 25 27 29 32 34 35 33 31 36 39 40 37 42 41 38 46 48 44 45 47 43
 46 45 43 44 48 47  1  6  4  2  5  3 12  9  7  8 10 11 18 16 13 15 17 14 22 24 20 19 21 23 26 28 29 27 25 30 33 34 31 36 35 32 40 42 38 39 41 37
 10  9  7  8 12 11 13 18 16 14 17 15 24 21 19 20 22 23 30 28 25 27 29 26 34 36 32 31 33 35 38 40 41 39 37 42 45 46 43 48 47 44  4  6  2  3  5  1
 40 39 37 38 42 41 43 48 46 44 47 45  6  3  1  2  4  5 12 10  7  9 11  8 16 18 14 13 15 17 20 22 23 21 19 24 27 28 25 30 29 26 34 36 32 33 35 31
 35 34 32 33 31 36 38 37 41 39 42 40 43 46 44 45 47 48  1  5  2  4  6  3 11  7  9  8 10 12 15 17 18 16 14 13 22 23 20 19 24 21 29 25 27 28 30 26
 47 46 44 45 43 48  2  1  5  3  6  4  7 10  8  9 11 12 13 17 14 16 18 15 23 19 21 20 22 24 27 29 30 28 26 25 34 35 32 31 36 33 41 37 39 40 42 38
  5  4  2  3  1  6  8  7 11  9 12 10 13 16 14 15 17 18 19 23 20 22 24 21 29 25 27 26 28 30 33 35 36 34 32 31 40 41 38 37 42 39 47 43 45 46 48 44
 23 22 20 21 19 24 26 25 29 27 30 28 31 34 32 33 35 36 37 41 38 40 42 39 47 43 45 44 46 48  3  5  6  4  2  1 10 11  8  7 12  9 17 13 15 16 18 14
 17 16 14 15 13 18 20 19 23 21 24 22 25 28 26 27 29 30 31 35 32 34 36 33 41 37 39 38 40 42 45 47 48 46 44 43  4  5  2  1  6  3 11  7  9 10 12  8
 29 28 26 27 25 30 32 31 35 33 36 34 37 40 38 39 41 42 43 47 44 46 48 45  5  1  3  2  4  6  9 11 12 10  8  7 16 17 14 13 18 15 23 19 21 22 24 20
 11 10  8  9  7 12 14 13 17 15 18 16 19 22 20 21 23 24 25 29 26 28 30 27 35 31 33 32 34 36 39 41 42 40 38 37 46 47 44 43 48 45  5  1  3  4  6  2
 41 40 38 39 37 42 44 43 47 45 48 46  1  4  2  3  5  6  7 11  8 10 12  9 17 13 15 14 16 18 21 23 24 22 20 19 28 29 26 25 30 27 35 31 33 34 36 32
 36 35 33 34 32 31 39 38 42 40 37 41 44 47 45 46 48 43  2  6  3  5  1  4 12  8 10  9 11  7 16 18 13 17 15 14 23 24 21 20 19 22 30 26 28 29 25 27
 24 23 21 22 20 19 27 26 30 28 25 29 32 35 33 34 36 31 38 42 39 41 37 40 48 44 46 45 47 43  4  6  1  5  3  2 11 12  9  8  7 10 18 14 16 17 13 15
 30 29 27 28 26 25 33 32 36 34 31 35 38 41 39 40 42 37 44 48 45 47 43 46  6  2  4  3  5  1 10 12  7 11  9  8 17 18 15 14 13 16 24 20 22 23 19 21
  6  5  3  4  2  1  9  8 12 10  7 11 14 17 15 16 18 13 20 24 21 23 19 22 30 26 28 27 29 25 34 36 31 35 33 32 41 42 39 38 37 40 48 44 46 47 43 45
 48 47 45 46 44 43  3  2  6  4  1  5  8 11  9 10 12  7 14 18 15 17 13 16 24 20 22 21 23 19 28 30 25 29 27 26 35 36 33 32 31 34 42 38 40 41 37 39
 12 11  9 10  8  7 15 14 18 16 13 17 20 23 21 22 24 19 26 30 27 29 25 28 36 32 34 33 35 31 40 42 37 41 39 38 47 48 45 44 43 46  6  2  4  5  1  3
 42 41 39 40 38 37 45 44 48 46 43 47  2  5  3  4  6  1  8 12  9 11  7 10 18 14 16 15 17 13 22 24 19 23 21 20 29 30 27 26 25 28 36 32 34 35 31 33
 18 17 15 16 14 13 21 20 24 22 19 23 26 29 27 28 30 25 32 36 33 35 31 34 42 38 40 39 41 37 46 48 43 47 45 44  5  6  3  2  1  4 12  8 10 11  7  9
 31 36 34 35 33 32 40 39 37 41 38 42 45 48 46 47 43 44  3  1  4  6  2  5  7  9 11 10 12  8 17 13 14 18 16 15 24 19 22 21 20 23 25 27 29 30 26 28
  7 12 10 11  9  8 16 15 13 17 14 18 21 24 22 23 19 20 27 25 28 30 26 29 31 33 35 34 36 32 41 37 38 42 40 39 48 43 46 45 44 47  1  3  5  6  2  4
 37 42 40 41 39 38 46 45 43 47 44 48  3  6  4  5  1  2  9  7 10 12  8 11 13 15 17 16 18 14 23 19 20 24 22 21 30 25 28 27 26 29 31 33 35 36 32 34
 43 48 46 47 45 44  4  3  1  5  2  6  9 12 10 11  7  8 15 13 16 18 14 17 19 21 23 22 24 20 29 25 26 30 28 27 36 31 34 33 32 35 37 39 41 42 38 40
  1  6  4  5  3  2 10  9  7 11  8 12 15 18 16 17 13 14 21 19 22 24 20 23 25 27 29 28 30 26 35 31 32 36 34 33 42 37 40 39 38 41 43 45 47 48 44 46
 13 18 16 17 15 14 22 21 19 23 20 24 27 30 28 29 25 26 33 31 34 36 32 35 37 39 41 40 42 38 47 43 44 48 46 45  6  1  4  3  2  5  7  9 11 12  8 10
 25 30 28 29 27 26 34 33 31 35 32 36 39 42 40 41 37 38 45 43 46 48 44 47  1  3  5  4  6  2 11  7  8 12 10  9 18 13 16 15 14 17 19 21 23 24 20 22
 19 24 22 23 21 20 28 27 25 29 26 30 33 36 34 35 31 32 39 37 40 42 38 41 43 45 47 46 48 44  5  1  2  6  4  3 12  7 10  9  8 11 13 15 17 18 14 16
