 15 17 18 13 10 14 11 16 12 21 22 26 27 19 23 24 25 20 35 28 36 31 30 34 33 32 29 43 42 45 41 38 37 44 39 40 51 54 50 53 48 46 47 49 52 55 56 61 57 63 60 58 59 62 64 70 72 67 66 68 71 69 65 74 81 76 80 75 77 73 79 78 84 86 88 82 83 85 90 89 87  4  3  6  8  9  7  2  5  1
 24 26 27 22 19 23 20 25 21 30 31 35 36 28 32 33 34 29 44 37 45 40 39 43 42 41 38 52 51 54 50 47 46 53 48 49 60 63 59 62 57 55 56 58 61 64 65 70 66 72 69 67 68 71 73 79 81 76 75 77 80 78 74 83 90 85 89 84 86 82 88 87  3  5  7  1  2  4  9  8  6 13 12 15 17 18 16 11 14 10
 33 35 36 31 28 32 29 34 30 39 40 44 45 37 41 42 43 38 53 46 54 49 48 52 51 50 47 61 60 63 59 56 55 62 57 58 69 72 68 71 66 64 65 67 70 73 74 79 75 81 78 76 77 80 82 88 90 85 84 86 89 87 83  2  9  4  8  3  5  1  7  6 12 14 16 10 11 13 18 17 15 22 21 24 26 27 25 20 23 19
 87 89 90 85 82 86 83 88 84  3  4  8  9  1  5  6  7  2 17 10 18 13 12 16 15 14 11 25 24 27 23 20 19 26 21 22 33 36 32 35 30 28 29 31 34 37 38 43 39 45 42 40 41 44 46 52 54 49 48 50 53 51 47 56 63 58 62 57 59 55 61 60 66 68 70 64 65 67 72 71 69 76 75 78 80 81 79 74 77 73
 42 44 45 40 37 41 38 43 39 48 49 53 54 46 50 51 52 47 62 55 63 58 57 61 60 59 56 70 69 72 68 65 64 71 66 67 78 81 77 80 75 73 74 76 79 82 83 88 84 90 87 85 86 89  1  7  9  4  3  5  8  6  2 11 18 13 17 12 14 10 16 15 21 23 25 19 20 22 27 26 24 31 30 33 35 36 34 29 32 28
 78 80 81 76 73 77 74 79 75 84 85 89 90 82 86 87 88 83  8  1  9  4  3  7  6  5  2 16 15 18 14 11 10 17 12 13 24 27 23 26 21 19 20 22 25 28 29 34 30 36 33 31 32 35 37 43 45 40 39 41 44 42 38 47 54 49 53 48 50 46 52 51 57 59 61 55 56 58 63 62 60 67 66 69 71 72 70 65 68 64
 60 62 63 58 55 59 56 61 57 66 67 71 72 64 68 69 70 65 80 73 81 76 75 79 78 77 74 88 87 90 86 83 82 89 84 85  6  9  5  8  3  1  2  4  7 10 11 16 12 18 15 13 14 17 19 25 27 22 21 23 26 24 20 29 36 31 35 30 32 28 34 33 39 41 43 37 38 40 45 44 42 49 48 51 53 54 52 47 50 46
 69 71 72 67 64 68 65 70 66 75 76 80 81 73 77 78 79 74 89 82 90 85 84 88 87 86 83  7  6  9  5  2  1  8  3  4 15 18 14 17 12 10 11 13 16 19 20 25 21 27 24 22 23 26 28 34 36 31 30 32 35 33 29 38 45 40 44 39 41 37 43 42 48 50 52 46 47 49 54 53 51 58 57 60 62 63 61 56 59 55
  6  8  9  4  1  5  2  7  3 12 13 17 18 10 14 15 16 11 26 19 27 22 21 25 24 23 20 34 33 36 32 29 28 35 30 31 42 45 41 44 39 37 38 40 43 46 47 52 48 54 51 49 50 53 55 61 63 58 57 59 62 60 56 65 72 67 71 66 68 64 70 69 75 77 79 73 74 76 81 80 78 85 84 87 89 90 88 83 86 82
 51 53 54 49 46 50 47 52 48 57 58 62 63 55 59 60 61 56 71 64 72 67 66 70 69 68 65 79 78 81 77 74 73 80 75 76 87 90 86 89 84 82 83 85 88  1  2  7  3  9  6  4  5  8 10 16 18 13 12 14 17 15 11 20 27 22 26 21 23 19 25 24 30 32 34 28 29 31 36 35 33 40 39 42 44 45 43 38 41 37
 70 72 64 68 65 69 66 71 67 76 77 81 73 74 78 79 80 75 90 83 82 86 85 89 88 87 84  8  7  1  6  3  2  9  4  5 16 10 15 18 13 11 12 14 17 20 21 26 22 19 25 23 24 27 29 35 28 32 31 33 36 34 30 39 37 41 45 40 42 38 44 43 49 51 53 47 48 50 46 54 52 59 58 61 63 55 62 57 60 56
 25 27 19 23 20 24 21 26 22 31 32 36 28 29 33 34 35 30 45 38 37 41 40 44 43 42 39 53 52 46 51 48 47 54 49 50 61 55 60 63 58 56 57 59 62 65 66 71 67 64 70 68 69 72 74 80 73 77 76 78 81 79 75 84 82 86 90 85 87 83 89 88  4  6  8  2  3  5  1  9  7 14 13 16 18 10 17 12 15 11
 16 18 10 14 11 15 12 17 13 22 23 27 19 20 24 25 26 21 36 29 28 32 31 35 34 33 30 44 43 37 42 39 38 45 40 41 52 46 51 54 49 47 48 50 53 56 57 62 58 55 61 59 60 63 65 71 64 68 67 69 72 70 66 75 73 77 81 76 78 74 80 79 85 87 89 83 84 86 82 90 88  5  4  7  9  1  8  3  6  2
 88 90 82 86 83 87 84 89 85  4  5  9  1  2  6  7  8  3 18 11 10 14 13 17 16 15 12 26 25 19 24 21 20 27 22 23 34 28 33 36 31 29 30 32 35 38 39 44 40 37 43 41 42 45 47 53 46 50 49 51 54 52 48 57 55 59 63 58 60 56 62 61 67 69 71 65 66 68 64 72 70 77 76 79 81 73 80 75 78 74
 34 36 28 32 29 33 30 35 31 40 41 45 37 38 42 43 44 39 54 47 46 50 49 53 52 51 48 62 61 55 60 57 56 63 58 59 70 64 69 72 67 65 66 68 71 74 75 80 76 73 79 77 78 81 83 89 82 86 85 87 90 88 84  3  1  5  9  4  6  2  8  7 13 15 17 11 12 14 10 18 16 23 22 25 27 19 26 21 24 20
  7  9  1  5  2  6  3  8  4 13 14 18 10 11 15 16 17 12 27 20 19 23 22 26 25 24 21 35 34 28 33 30 29 36 31 32 43 37 42 45 40 38 39 41 44 47 48 53 49 46 52 50 51 54 56 62 55 59 58 60 63 61 57 66 64 68 72 67 69 65 71 70 76 78 80 74 75 77 73 81 79 86 85 88 90 82 89 84 87 83
 79 81 73 77 74 78 75 80 76 85 86 90 82 83 87 88 89 84  9  2  1  5  4  8  7  6  3 17 16 10 15 12 11 18 13 14 25 19 24 27 22 20 21 23 26 29 30 35 31 28 34 32 33 36 38 44 37 41 40 42 45 43 39 48 46 50 54 49 51 47 53 52 58 60 62 56 57 59 55 63 61 68 67 70 72 64 71 66 69 65
 61 63 55 59 56 60 57 62 58 67 68 72 64 65 69 70 71 66 81 74 73 77 76 80 79 78 75 89 88 82 87 84 83 90 85 86  7  1  6  9  4  2  3  5  8 11 12 17 13 10 16 14 15 18 20 26 19 23 22 24 27 25 21 30 28 32 36 31 33 29 35 34 40 42 44 38 39 41 37 45 43 50 49 52 54 46 53 48 51 47
 43 45 37 41 38 42 39 44 40 49 50 54 46 47 51 52 53 48 63 56 55 59 58 62 61 60 57 71 70 64 69 66 65 72 67 68 79 73 78 81 76 74 75 77 80 83 84 89 85 82 88 86 87 90  2  8  1  5  4  6  9  7  3 12 10 14 18 13 15 11 17 16 22 24 26 20 21 23 19 27 25 32 31 34 36 28 35 30 33 29
 52 54 46 50 47 51 48 53 49 58 59 63 55 56 60 61 62 57 72 65 64 68 67 71 70 69 66 80 79 73 78 75 74 81 76 77 88 82 87 90 85 83 84 86 89  2  3  8  4  1  7  5  6  9 11 17 10 14 13 15 18 16 12 21 19 23 27 22 24 20 26 25 31 33 35 29 30 32 28 36 34 41 40 43 45 37 44 39 42 38
 89 82 83 87 84 88 85 90 86  5  6  1  2  3  7  8  9  4 10 12 11 15 14 18 17 16 13 27 26 20 25 22 21 19 23 24 35 29 34 28 32 30 31 33 36 39 40 45 41 38 44 42 43 37 48 54 47 51 50 52 46 53 49 58 56 60 55 59 61 57 63 62 68 70 72 66 67 69 65 64 71 78 77 80 73 74 81 76 79 75
 44 37 38 42 39 43 40 45 41 50 51 46 47 48 52 53 54 49 55 57 56 60 59 63 62 61 58 72 71 65 70 67 66 64 68 69 80 74 79 73 77 75 76 78 81 84 85 90 86 83 89 87 88 82  3  9  2  6  5  7  1  8  4 13 11 15 10 14 16 12 18 17 23 25 27 21 22 24 20 19 26 33 32 35 28 29 36 31 34 30
  8  1  2  6  3  7  4  9  5 14 15 10 11 12 16 17 18 13 19 21 20 24 23 27 26 25 22 36 35 29 34 31 30 28 32 33 44 38 43 37 41 39 40 42 45 48 49 54 50 47 53 51 52 46 57 63 56 60 59 61 55 62 58 67 65 69 64 68 70 66 72 71 77 79 81 75 76 78 74 73 80 87 86 89 82 83 90 85 88 84
 71 64 65 69 66 70 67 72 68 77 78 73 74 75 79 80 81 76 82 84 83 87 86 90 89 88 85  9  8  2  7  4  3  1  5  6 17 11 16 10 14 12 13 15 18 21 22 27 23 20 26 24 25 19 30 36 29 33 32 34 28 35 31 40 38 42 37 41 43 39 45 44 50 52 54 48 49 51 47 46 53 60 59 62 55 56 63 58 61 57
 53 46 47 51 48 52 49 54 50 59 60 55 56 57 61 62 63 58 64 66 65 69 68 72 71 70 67 81 80 74 79 76 75 73 77 78 89 83 88 82 86 84 85 87 90  3  4  9  5  2  8  6  7  1 12 18 11 15 14 16 10 17 13 22 20 24 19 23 25 21 27 26 32 34 36 30 31 33 29 28 35 42 41 44 37 38 45 40 43 39
 62 55 56 60 57 61 58 63 59 68 69 64 65 66 70 71 72 67 73 75 74 78 77 81 80 79 76 90 89 83 88 85 84 82 86 87  8  2  7  1  5  3  4  6  9 12 13 18 14 11 17 15 16 10 21 27 20 24 23 25 19 26 22 31 29 33 28 32 34 30 36 35 41 43 45 39 40 42 38 37 44 51 50 53 46 47 54 49 52 48
 17 10 11 15 12 16 13 18 14 23 24 19 20 21 25 26 27 22 28 30 29 33 32 36 35 34 31 45 44 38 43 40 39 37 41 42 53 47 52 46 50 48 49 51 54 57 58 63 59 56 62 60 61 55 66 72 65 69 68 70 64 71 67 76 74 78 73 77 79 75 81 80 86 88 90 84 85 87 83 82 89  6  5  8  1  2  9  4  7  3
 26 19 20 24 21 25 22 27 23 32 33 28 29 30 34 35 36 31 37 39 38 42 41 45 44 43 40 54 53 47 52 49 48 46 50 51 62 56 61 55 59 57 58 60 63 66 67 72 68 65 71 69 70 64 75 81 74 78 77 79 73 80 76 85 83 87 82 86 88 84 90 89  5  7  9  3  4  6  2  1  8 15 14 17 10 11 18 13 16 12
 80 73 74 78 75 79 76 81 77 86 87 82 83 84 88 89 90 85  1  3  2  6  5  9  8  7  4 18 17 11 16 13 12 10 14 15 26 20 25 19 23 21 22 24 27 30 31 36 32 29 35 33 34 28 39 45 38 42 41 43 37 44 40 49 47 51 46 50 52 48 54 53 59 61 63 57 58 60 56 55 62 69 68 71 64 65 72 67 70 66
 35 28 29 33 30 34 31 36 32 41 42 37 38 39 43 44 45 40 46 48 47 51 50 54 53 52 49 63 62 56 61 58 57 55 59 60 71 65 70 64 68 66 67 69 72 75 76 81 77 74 80 78 79 73 84 90 83 87 86 88 82 89 85  4  2  6  1  5  7  3  9  8 14 16 18 12 13 15 11 10 17 24 23 26 19 20 27 22 25 21
 72 65 66 70 67 71 68 64 69 78 79 74 75 76 80 81 73 77 83 85 84 88 87 82 90 89 86  1  9  3  8  5  4  2  6  7 18 12 17 11 15 13 14 16 10 22 23 19 24 21 27 25 26 20 31 28 30 34 33 35 29 36 32 41 39 43 38 42 44 40 37 45 51 53 46 49 50 52 48 47 54 61 60 63 56 57 55 59 62 58
 45 38 39 43 40 44 41 37 42 51 52 47 48 49 53 54 46 50 56 58 57 61 60 55 63 62 59 64 72 66 71 68 67 65 69 70 81 75 80 74 78 76 77 79 73 85 86 82 87 84 90 88 89 83  4  1  3  7  6  8  2  9  5 14 12 16 11 15 17 13 10 18 24 26 19 22 23 25 21 20 27 34 33 36 29 30 28 32 35 31
 18 11 12 16 13 17 14 10 15 24 25 20 21 22 26 27 19 23 29 31 30 34 33 28 36 35 32 37 45 39 44 41 40 38 42 43 54 48 53 47 51 49 50 52 46 58 59 55 60 57 63 61 62 56 67 64 66 70 69 71 65 72 68 77 75 79 74 78 80 76 73 81 87 89 82 85 86 88 84 83 90  7  6  9  2  3  1  5  8  4
 36 29 30 34 31 35 32 28 33 42 43 38 39 40 44 45 37 41 47 49 48 52 51 46 54 53 50 55 63 57 62 59 58 56 60 61 72 66 71 65 69 67 68 70 64 76 77 73 78 75 81 79 80 74 85 82 84 88 87 89 83 90 86  5  3  7  2  6  8  4  1  9 15 17 10 13 14 16 12 11 18 25 24 27 20 21 19 23 26 22
 27 20 21 25 22 26 23 19 24 33 34 29 30 31 35 36 28 32 38 40 39 43 42 37 45 44 41 46 54 48 53 50 49 47 51 52 63 57 62 56 60 58 59 61 55 67 68 64 69 66 72 70 71 65 76 73 75 79 78 80 74 81 77 86 84 88 83 87 89 85 82 90  6  8  1  4  5  7  3  2  9 16 15 18 11 12 10 14 17 13
 54 47 48 52 49 53 50 46 51 60 61 56 57 58 62 63 55 59 65 67 66 70 69 64 72 71 68 73 81 75 80 77 76 74 78 79 90 84 89 83 87 85 86 88 82  4  5  1  6  3  9  7  8  2 13 10 12 16 15 17 11 18 14 23 21 25 20 24 26 22 19 27 33 35 28 31 32 34 30 29 36 43 42 45 38 39 37 41 44 40
 81 74 75 79 76 80 77 73 78 87 88 83 84 85 89 90 82 86  2  4  3  7  6  1  9  8  5 10 18 12 17 14 13 11 15 16 27 21 26 20 24 22 23 25 19 31 32 28 33 30 36 34 35 29 40 37 39 43 42 44 38 45 41 50 48 52 47 51 53 49 46 54 60 62 55 58 59 61 57 56 63 70 69 72 65 66 64 68 71 67
 90 83 84 88 85 89 86 82 87  6  7  2  3  4  8  9  1  5 11 13 12 16 15 10 18 17 14 19 27 21 26 23 22 20 24 25 36 30 35 29 33 31 32 34 28 40 41 37 42 39 45 43 44 38 49 46 48 52 51 53 47 54 50 59 57 61 56 60 62 58 55 63 69 71 64 67 68 70 66 65 72 79 78 81 74 75 73 77 80 76
  9  2  3  7  4  8  5  1  6 15 16 11 12 13 17 18 10 14 20 22 21 25 24 19 27 26 23 28 36 30 35 32 31 29 33 34 45 39 44 38 42 40 41 43 37 49 50 46 51 48 54 52 53 47 58 55 57 61 60 62 56 63 59 68 66 70 65 69 71 67 64 72 78 80 73 76 77 79 75 74 81 88 87 90 83 84 82 86 89 85
 63 56 57 61 58 62 59 55 60 69 70 65 66 67 71 72 64 68 74 76 75 79 78 73 81 80 77 82 90 84 89 86 85 83 87 88  9  3  8  2  6  4  5  7  1 13 14 10 15 12 18 16 17 11 22 19 21 25 24 26 20 27 23 32 30 34 29 33 35 31 28 36 42 44 37 40 41 43 39 38 45 52 51 54 47 48 46 50 53 49
 73 75 76 80 77 81 78 74 79 88 89 84 85 86 90 82 83 87  3  5  4  8  7  2  1  9  6 11 10 13 18 15 14 12 16 17 19 22 27 21 25 23 24 26 20 32 33 29 34 31 28 35 36 30 41 38 40 44 43 45 39 37 42 51 49 53 48 52 54 50 47 46 61 63 56 59 60 62 58 57 55 71 70 64 66 67 65 69 72 68
  1  3  4  8  5  9  6  2  7 16 17 12 13 14 18 10 11 15 21 23 22 26 25 20 19 27 24 29 28 31 36 33 32 30 34 35 37 40 45 39 43 41 42 44 38 50 51 47 52 49 46 53 54 48 59 56 58 62 61 63 57 55 60 69 67 71 66 70 72 68 65 64 79 81 74 77 78 80 76 75 73 89 88 82 84 85 83 87 90 86
 64 66 67 71 68 72 69 65 70 79 80 75 76 77 81 73 74 78 84 86 85 89 88 83 82 90 87  2  1  4  9  6  5  3  7  8 10 13 18 12 16 14 15 17 11 23 24 20 25 22 19 26 27 21 32 29 31 35 34 36 30 28 33 42 40 44 39 43 45 41 38 37 52 54 47 50 51 53 49 48 46 62 61 55 57 58 56 60 63 59
 28 30 31 35 32 36 33 29 34 43 44 39 40 41 45 37 38 42 48 50 49 53 52 47 46 54 51 56 55 58 63 60 59 57 61 62 64 67 72 66 70 68 69 71 65 77 78 74 79 76 73 80 81 75 86 83 85 89 88 90 84 82 87  6  4  8  3  7  9  5  2  1 16 18 11 14 15 17 13 12 10 26 25 19 21 22 20 24 27 23
 10 12 13 17 14 18 15 11 16 25 26 21 22 23 27 19 20 24 30 32 31 35 34 29 28 36 33 38 37 40 45 42 41 39 43 44 46 49 54 48 52 50 51 53 47 59 60 56 61 58 55 62 63 57 68 65 67 71 70 72 66 64 69 78 76 80 75 79 81 77 74 73 88 90 83 86 87 89 85 84 82  8  7  1  3  4  2  6  9  5
 37 39 40 44 41 45 42 38 43 52 53 48 49 50 54 46 47 51 57 59 58 62 61 56 55 63 60 65 64 67 72 69 68 66 70 71 73 76 81 75 79 77 78 80 74 86 87 83 88 85 82 89 90 84  5  2  4  8  7  9  3  1  6 15 13 17 12 16 18 14 11 10 25 27 20 23 24 26 22 21 19 35 34 28 30 31 29 33 36 32
 19 21 22 26 23 27 24 20 25 34 35 30 31 32 36 28 29 33 39 41 40 44 43 38 37 45 42 47 46 49 54 51 50 48 52 53 55 58 63 57 61 59 60 62 56 68 69 65 70 67 64 71 72 66 77 74 76 80 79 81 75 73 78 87 85 89 84 88 90 86 83 82  7  9  2  5  6  8  4  3  1 17 16 10 12 13 11 15 18 14
 82 84 85 89 86 90 87 83 88  7  8  3  4  5  9  1  2  6 12 14 13 17 16 11 10 18 15 20 19 22 27 24 23 21 25 26 28 31 36 30 34 32 33 35 29 41 42 38 43 40 37 44 45 39 50 47 49 53 52 54 48 46 51 60 58 62 57 61 63 59 56 55 70 72 65 68 69 71 67 66 64 80 79 73 75 76 74 78 81 77
 55 57 58 62 59 63 60 56 61 70 71 66 67 68 72 64 65 69 75 77 76 80 79 74 73 81 78 83 82 85 90 87 86 84 88 89  1  4  9  3  7  5  6  8  2 14 15 11 16 13 10 17 18 12 23 20 22 26 25 27 21 19 24 33 31 35 30 34 36 32 29 28 43 45 38 41 42 44 40 39 37 53 52 46 48 49 47 51 54 50
 46 48 49 53 50 54 51 47 52 61 62 57 58 59 63 55 56 60 66 68 67 71 70 65 64 72 69 74 73 76 81 78 77 75 79 80 82 85 90 84 88 86 87 89 83  5  6  2  7  4  1  8  9  3 14 11 13 17 16 18 12 10 15 24 22 26 21 25 27 23 20 19 34 36 29 32 33 35 31 30 28 44 43 37 39 40 38 42 45 41
 56 58 59 63 60 55 61 57 62 71 72 67 68 69 64 65 66 70 76 78 77 81 80 75 74 73 79 84 83 86 82 88 87 85 89 90  2  5  1  4  8  6  7  9  3 15 16 12 17 14 11 18 10 13 24 21 23 27 26 19 22 20 25 34 32 36 31 35 28 33 30 29 44 37 39 42 43 45 41 40 38 54 53 47 49 50 48 52 46 51
 20 22 23 27 24 19 25 21 26 35 36 31 32 33 28 29 30 34 40 42 41 45 44 39 38 37 43 48 47 50 46 52 51 49 53 54 56 59 55 58 62 60 61 63 57 69 70 66 71 68 65 72 64 67 78 75 77 81 80 73 76 74 79 88 86 90 85 89 82 87 84 83  8  1  3  6  7  9  5  4  2 18 17 11 13 14 12 16 10 15
 29 31 32 36 33 28 34 30 35 44 45 40 41 42 37 38 39 43 49 51 50 54 53 48 47 46 52 57 56 59 55 61 60 58 62 63 65 68 64 67 71 69 70 72 66 78 79 75 80 77 74 81 73 76 87 84 86 90 89 82 85 83 88  7  5  9  4  8  1  6  3  2 17 10 12 15 16 18 14 13 11 27 26 20 22 23 21 25 19 24
 38 40 41 45 42 37 43 39 44 53 54 49 50 51 46 47 48 52 58 60 59 63 62 57 56 55 61 66 65 68 64 70 69 67 71 72 74 77 73 76 80 78 79 81 75 87 88 84 89 86 83 90 82 85  6  3  5  9  8  1  4  2  7 16 14 18 13 17 10 15 12 11 26 19 21 24 25 27 23 22 20 36 35 29 31 32 30 34 28 33
  2  4  5  9  6  1  7  3  8 17 18 13 14 15 10 11 12 16 22 24 23 27 26 21 20 19 25 30 29 32 28 34 33 31 35 36 38 41 37 40 44 42 43 45 39 51 52 48 53 50 47 54 46 49 60 57 59 63 62 55 58 56 61 70 68 72 67 71 64 69 66 65 80 73 75 78 79 81 77 76 74 90 89 83 85 86 84 88 82 87
 11 13 14 18 15 10 16 12 17 26 27 22 23 24 19 20 21 25 31 33 32 36 35 30 29 28 34 39 38 41 37 43 42 40 44 45 47 50 46 49 53 51 52 54 48 60 61 57 62 59 56 63 55 58 69 66 68 72 71 64 67 65 70 79 77 81 76 80 73 78 75 74 89 82 84 87 88 90 86 85 83  9  8  2  4  5  3  7  1  6
 47 49 50 54 51 46 52 48 53 62 63 58 59 60 55 56 57 61 67 69 68 72 71 66 65 64 70 75 74 77 73 79 78 76 80 81 83 86 82 85 89 87 88 90 84  6  7  3  8  5  2  9  1  4 15 12 14 18 17 10 13 11 16 25 23 27 22 26 19 24 21 20 35 28 30 33 34 36 32 31 29 45 44 38 40 41 39 43 37 42
 74 76 77 81 78 73 79 75 80 89 90 85 86 87 82 83 84 88  4  6  5  9  8  3  2  1  7 12 11 14 10 16 15 13 17 18 20 23 19 22 26 24 25 27 21 33 34 30 35 32 29 36 28 31 42 39 41 45 44 37 40 38 43 52 50 54 49 53 46 51 48 47 62 55 57 60 61 63 59 58 56 72 71 65 67 68 66 70 64 69
 83 85 86 90 87 82 88 84 89  8  9  4  5  6  1  2  3  7 13 15 14 18 17 12 11 10 16 21 20 23 19 25 24 22 26 27 29 32 28 31 35 33 34 36 30 42 43 39 44 41 38 45 37 40 51 48 50 54 53 46 49 47 52 61 59 63 58 62 55 60 57 56 71 64 66 69 70 72 68 67 65 81 80 74 76 77 75 79 73 78
 65 67 68 72 69 64 70 66 71 80 81 76 77 78 73 74 75 79 85 87 86 90 89 84 83 82 88  3  2  5  1  7  6  4  8  9 11 14 10 13 17 15 16 18 12 24 25 21 26 23 20 27 19 22 33 30 32 36 35 28 31 29 34 43 41 45 40 44 37 42 39 38 53 46 48 51 52 54 50 49 47 63 62 56 58 59 57 61 55 60
 39 41 42 37 43 38 44 40 45 54 46 50 51 52 47 48 49 53 59 61 60 55 63 58 57 56 62 67 66 69 65 71 70 68 72 64 75 78 74 77 81 79 80 73 76 88 89 85 90 87 84 82 83 86  7  4  6  1  9  2  5  3  8 17 15 10 14 18 11 16 13 12 27 20 22 25 26 19 24 23 21 28 36 30 32 33 31 35 29 34
 57 59 60 55 61 56 62 58 63 72 64 68 69 70 65 66 67 71 77 79 78 73 81 76 75 74 80 85 84 87 83 89 88 86 90 82  3  6  2  5  9  7  8  1  4 16 17 13 18 15 12 10 11 14 25 22 24 19 27 20 23 21 26 35 33 28 32 36 29 34 31 30 45 38 40 43 44 37 42 41 39 46 54 48 50 51 49 53 47 52
 84 86 87 82 88 83 89 85 90  9  1  5  6  7  2  3  4  8 14 16 15 10 18 13 12 11 17 22 21 24 20 26 25 23 27 19 30 33 29 32 36 34 35 28 31 43 44 40 45 42 39 37 38 41 52 49 51 46 54 47 50 48 53 62 60 55 59 63 56 61 58 57 72 65 67 70 71 64 69 68 66 73 81 75 77 78 76 80 74 79
 21 23 24 19 25 20 26 22 27 36 28 32 33 34 29 30 31 35 41 43 42 37 45 40 39 38 44 49 48 51 47 53 52 50 54 46 57 60 56 59 63 61 62 55 58 70 71 67 72 69 66 64 65 68 79 76 78 73 81 74 77 75 80 89 87 82 86 90 83 88 85 84  9  2  4  7  8  1  6  5  3 10 18 12 14 15 13 17 11 16
 75 77 78 73 79 74 80 76 81 90 82 86 87 88 83 84 85 89  5  7  6  1  9  4  3  2  8 13 12 15 11 17 16 14 18 10 21 24 20 23 27 25 26 19 22 34 35 31 36 33 30 28 29 32 43 40 42 37 45 38 41 39 44 53 51 46 50 54 47 52 49 48 63 56 58 61 62 55 60 59 57 64 72 66 68 69 67 71 65 70
 30 32 33 28 34 29 35 31 36 45 37 41 42 43 38 39 40 44 50 52 51 46 54 49 48 47 53 58 57 60 56 62 61 59 63 55 66 69 65 68 72 70 71 64 67 79 80 76 81 78 75 73 74 77 88 85 87 82 90 83 86 84 89  8  6  1  5  9  2  7  4  3 18 11 13 16 17 10 15 14 12 19 27 21 23 24 22 26 20 25
 12 14 15 10 16 11 17 13 18 27 19 23 24 25 20 21 22 26 32 34 33 28 36 31 30 29 35 40 39 42 38 44 43 41 45 37 48 51 47 50 54 52 53 46 49 61 62 58 63 60 57 55 56 59 70 67 69 64 72 65 68 66 71 80 78 73 77 81 74 79 76 75 90 83 85 88 89 82 87 86 84  1  9  3  5  6  4  8  2  7
 48 50 51 46 52 47 53 49 54 63 55 59 60 61 56 57 58 62 68 70 69 64 72 67 66 65 71 76 75 78 74 80 79 77 81 73 84 87 83 86 90 88 89 82 85  7  8  4  9  6  3  1  2  5 16 13 15 10 18 11 14 12 17 26 24 19 23 27 20 25 22 21 36 29 31 34 35 28 33 32 30 37 45 39 41 42 40 44 38 43
 66 68 69 64 70 65 71 67 72 81 73 77 78 79 74 75 76 80 86 88 87 82 90 85 84 83 89  4  3  6  2  8  7  5  9  1 12 15 11 14 18 16 17 10 13 25 26 22 27 24 21 19 20 23 34 31 33 28 36 29 32 30 35 44 42 37 41 45 38 43 40 39 54 47 49 52 53 46 51 50 48 55 63 57 59 60 58 62 56 61
  3  5  6  1  7  2  8  4  9 18 10 14 15 16 11 12 13 17 23 25 24 19 27 22 21 20 26 31 30 33 29 35 34 32 36 28 39 42 38 41 45 43 44 37 40 52 53 49 54 51 48 46 47 50 61 58 60 55 63 56 59 57 62 71 69 64 68 72 65 70 67 66 81 74 76 79 80 73 78 77 75 82 90 84 86 87 85 89 83 88
 76 78 79 74 80 75 81 77 73 82 83 87 88 89 84 85 86 90  6  8  7  2  1  5  4  3  9 14 13 16 12 18 17 15 10 11 22 25 21 24 19 26 27 20 23 35 36 32 28 34 31 29 30 33 44 41 43 38 37 39 42 40 45 54 52 47 51 46 48 53 50 49 55 57 59 62 63 56 61 60 58 65 64 67 69 70 68 72 66 71
 85 87 88 83 89 84 90 86 82  1  2  6  7  8  3  4  5  9 15 17 16 11 10 14 13 12 18 23 22 25 21 27 26 24 19 20 31 34 30 33 28 35 36 29 32 44 45 41 37 43 40 38 39 42 53 50 52 47 46 48 51 49 54 63 61 56 60 55 57 62 59 58 64 66 68 71 72 65 70 69 67 74 73 76 78 79 77 81 75 80
 49 51 52 47 53 48 54 50 46 55 56 60 61 62 57 58 59 63 69 71 70 65 64 68 67 66 72 77 76 79 75 81 80 78 73 74 85 88 84 87 82 89 90 83 86  8  9  5  1  7  4  2  3  6 17 14 16 11 10 12 15 13 18 27 25 20 24 19 21 26 23 22 28 30 32 35 36 29 34 33 31 38 37 40 42 43 41 45 39 44
 58 60 61 56 62 57 63 59 55 64 65 69 70 71 66 67 68 72 78 80 79 74 73 77 76 75 81 86 85 88 84 90 89 87 82 83  4  7  3  6  1  8  9  2  5 17 18 14 10 16 13 11 12 15 26 23 25 20 19 21 24 22 27 36 34 29 33 28 30 35 32 31 37 39 41 44 45 38 43 42 40 47 46 49 51 52 50 54 48 53
 67 69 70 65 71 66 72 68 64 73 74 78 79 80 75 76 77 81 87 89 88 83 82 86 85 84 90  5  4  7  3  9  8  6  1  2 13 16 12 15 10 17 18 11 14 26 27 23 19 25 22 20 21 24 35 32 34 29 28 30 33 31 36 45 43 38 42 37 39 44 41 40 46 48 50 53 54 47 52 51 49 56 55 58 60 61 59 63 57 62
 13 15 16 11 17 12 18 14 10 19 20 24 25 26 21 22 23 27 33 35 34 29 28 32 31 30 36 41 40 43 39 45 44 42 37 38 49 52 48 51 46 53 54 47 50 62 63 59 55 61 58 56 57 60 71 68 70 65 64 66 69 67 72 81 79 74 78 73 75 80 77 76 82 84 86 89 90 83 88 87 85  2  1  4  6  7  5  9  3  8
 31 33 34 29 35 30 36 32 28 37 38 42 43 44 39 40 41 45 51 53 52 47 46 50 49 48 54 59 58 61 57 63 62 60 55 56 67 70 66 69 64 71 72 65 68 80 81 77 73 79 76 74 75 78 89 86 88 83 82 84 87 85 90  9  7  2  6  1  3  8  5  4 10 12 14 17 18 11 16 15 13 20 19 22 24 25 23 27 21 26
 22 24 25 20 26 21 27 23 19 28 29 33 34 35 30 31 32 36 42 44 43 38 37 41 40 39 45 50 49 52 48 54 53 51 46 47 58 61 57 60 55 62 63 56 59 71 72 68 64 70 67 65 66 69 80 77 79 74 73 75 78 76 81 90 88 83 87 82 84 89 86 85  1  3  5  8  9  2  7  6  4 11 10 13 15 16 14 18 12 17
 40 42 43 38 44 39 45 41 37 46 47 51 52 53 48 49 50 54 60 62 61 56 55 59 58 57 63 68 67 70 66 72 71 69 64 65 76 79 75 78 73 80 81 74 77 89 90 86 82 88 85 83 84 87  8  5  7  2  1  3  6  4  9 18 16 11 15 10 12 17 14 13 19 21 23 26 27 20 25 24 22 29 28 31 33 34 32 36 30 35
  4  6  7  2  8  3  9  5  1 10 11 15 16 17 12 13 14 18 24 26 25 20 19 23 22 21 27 32 31 34 30 36 35 33 28 29 40 43 39 42 37 44 45 38 41 53 54 50 46 52 49 47 48 51 62 59 61 56 55 57 60 58 63 72 70 65 69 64 66 71 68 67 73 75 77 80 81 74 79 78 76 83 82 85 87 88 86 90 84 89
 14 16 17 12 18 13 10 15 11 20 21 25 26 27 22 23 24 19 34 36 35 30 29 33 32 31 28 42 41 44 40 37 45 43 38 39 50 53 49 52 47 54 46 48 51 63 55 60 56 62 59 57 58 61 72 69 71 66 65 67 70 68 64 73 80 75 79 74 76 81 78 77 83 85 87 90 82 84 89 88 86  3  2  5  7  8  6  1  4  9
  5  7  8  3  9  4  1  6  2 11 12 16 17 18 13 14 15 10 25 27 26 21 20 24 23 22 19 33 32 35 31 28 36 34 29 30 41 44 40 43 38 45 37 39 42 54 46 51 47 53 50 48 49 52 63 60 62 57 56 58 61 59 55 64 71 66 70 65 67 72 69 68 74 76 78 81 73 75 80 79 77 84 83 86 88 89 87 82 85 90
 32 34 35 30 36 31 28 33 29 38 39 43 44 45 40 41 42 37 52 54 53 48 47 51 50 49 46 60 59 62 58 55 63 61 56 57 68 71 67 70 65 72 64 66 69 81 73 78 74 80 77 75 76 79 90 87 89 84 83 85 88 86 82  1  8  3  7  2  4  9  6  5 11 13 15 18 10 12 17 16 14 21 20 23 25 26 24 19 22 27
 77 79 80 75 81 76 73 78 74 83 84 88 89 90 85 86 87 82  7  9  8  3  2  6  5  4  1 15 14 17 13 10 18 16 11 12 23 26 22 25 20 27 19 21 24 36 28 33 29 35 32 30 31 34 45 42 44 39 38 40 43 41 37 46 53 48 52 47 49 54 51 50 56 58 60 63 55 57 62 61 59 66 65 68 70 71 69 64 67 72
 41 43 44 39 45 40 37 42 38 47 48 52 53 54 49 50 51 46 61 63 62 57 56 60 59 58 55 69 68 71 67 64 72 70 65 66 77 80 76 79 74 81 73 75 78 90 82 87 83 89 86 84 85 88  9  6  8  3  2  4  7  5  1 10 17 12 16 11 13 18 15 14 20 22 24 27 19 21 26 25 23 30 29 32 34 35 33 28 31 36
 86 88 89 84 90 85 82 87 83  2  3  7  8  9  4  5  6  1 16 18 17 12 11 15 14 13 10 24 23 26 22 19 27 25 20 21 32 35 31 34 29 36 28 30 33 45 37 42 38 44 41 39 40 43 54 51 53 48 47 49 52 50 46 55 62 57 61 56 58 63 60 59 65 67 69 72 64 66 71 70 68 75 74 77 79 80 78 73 76 81
 68 70 71 66 72 67 64 69 65 74 75 79 80 81 76 77 78 73 88 90 89 84 83 87 86 85 82  6  5  8  4  1  9  7  2  3 14 17 13 16 11 18 10 12 15 27 19 24 20 26 23 21 22 25 36 33 35 30 29 31 34 32 28 37 44 39 43 38 40 45 42 41 47 49 51 54 46 48 53 52 50 57 56 59 61 62 60 55 58 63
 23 25 26 21 27 22 19 24 20 29 30 34 35 36 31 32 33 28 43 45 44 39 38 42 41 40 37 51 50 53 49 46 54 52 47 48 59 62 58 61 56 63 55 57 60 72 64 69 65 71 68 66 67 70 81 78 80 75 74 76 79 77 73 82 89 84 88 83 85 90 87 86  2  4  6  9  1  3  8  7  5 12 11 14 16 17 15 10 13 18
 59 61 62 57 63 58 55 60 56 65 66 70 71 72 67 68 69 64 79 81 80 75 74 78 77 76 73 87 86 89 85 82 90 88 83 84  5  8  4  7  2  9  1  3  6 18 10 15 11 17 14 12 13 16 27 24 26 21 20 22 25 23 19 28 35 30 34 29 31 36 33 32 38 40 42 45 37 39 44 43 41 48 47 50 52 53 51 46 49 54
 50 52 53 48 54 49 46 51 47 56 57 61 62 63 58 59 60 55 70 72 71 66 65 69 68 67 64 78 77 80 76 73 81 79 74 75 86 89 85 88 83 90 82 84 87  9  1  6  2  8  5  3  4  7 18 15 17 12 11 13 16 14 10 19 26 21 25 20 22 27 24 23 29 31 33 36 28 30 35 34 32 39 38 41 43 44 42 37 40 45
