 34 28 31 33 29 30 36 32 35 43 39 40 42 37 45 44 41 38 46 53 52 54 51 49 48 47 50 61 58 62 59 56 57 63 60 55 71 68 70 64 66 67 65 72 69 79 80 78 75 81 77 73 74 76 90 83 87 82 88 84 86 89 85  2  8  6  4  7  5  3  9  1 10 17 16 15 18 14 11 13 12 22 25 21 24 26 27 20 23 19
 43 37 40 42 38 39 45 41 44 52 48 49 51 46 54 53 50 47 55 62 61 63 60 58 57 56 59 70 67 71 68 65 66 72 69 64 80 77 79 73 75 76 74 81 78 88 89 87 84 90 86 82 83 85  9  2  6  1  7  3  5  8  4 11 17 15 13 16 14 12 18 10 19 26 25 24 27 23 20 22 21 31 34 30 33 35 36 29 32 28
 52 46 49 51 47 48 54 50 53 61 57 58 60 55 63 62 59 56 64 71 70 72 69 67 66 65 68 79 76 80 77 74 75 81 78 73 89 86 88 82 84 85 83 90 87  7  8  6  3  9  5  1  2  4 18 11 15 10 16 12 14 17 13 20 26 24 22 25 23 21 27 19 28 35 34 33 36 32 29 31 30 40 43 39 42 44 45 38 41 37
 79 73 76 78 74 75 81 77 80 88 84 85 87 82 90 89 86 83  1  8  7  9  6  4  3  2  5 16 13 17 14 11 12 18 15 10 26 23 25 19 21 22 20 27 24 34 35 33 30 36 32 28 29 31 45 38 42 37 43 39 41 44 40 47 53 51 49 52 50 48 54 46 55 62 61 60 63 59 56 58 57 67 70 66 69 71 72 65 68 64
 16 10 13 15 11 12 18 14 17 25 21 22 24 19 27 26 23 20 28 35 34 36 33 31 30 29 32 43 40 44 41 38 39 45 42 37 53 50 52 46 48 49 47 54 51 61 62 60 57 63 59 55 56 58 72 65 69 64 70 66 68 71 67 74 80 78 76 79 77 75 81 73 82 89 88 87 90 86 83 85 84  4  7  3  6  8  9  2  5  1
 70 64 67 69 65 66 72 68 71 79 75 76 78 73 81 80 77 74 82 89 88 90 87 85 84 83 86  7  4  8  5  2  3  9  6  1 17 14 16 10 12 13 11 18 15 25 26 24 21 27 23 19 20 22 36 29 33 28 34 30 32 35 31 38 44 42 40 43 41 39 45 37 46 53 52 51 54 50 47 49 48 58 61 57 60 62 63 56 59 55
 25 19 22 24 20 21 27 23 26 34 30 31 33 28 36 35 32 29 37 44 43 45 42 40 39 38 41 52 49 53 50 47 48 54 51 46 62 59 61 55 57 58 56 63 60 70 71 69 66 72 68 64 65 67 81 74 78 73 79 75 77 80 76 83 89 87 85 88 86 84 90 82  1  8  7  6  9  5  2  4  3 13 16 12 15 17 18 11 14 10
  7  1  4  6  2  3  9  5  8 16 12 13 15 10 18 17 14 11 19 26 25 27 24 22 21 20 23 34 31 35 32 29 30 36 33 28 44 41 43 37 39 40 38 45 42 52 53 51 48 54 50 46 47 49 63 56 60 55 61 57 59 62 58 65 71 69 67 70 68 66 72 64 73 80 79 78 81 77 74 76 75 85 88 84 87 89 90 83 86 82
 61 55 58 60 56 57 63 59 62 70 66 67 69 64 72 71 68 65 73 80 79 81 78 76 75 74 77 88 85 89 86 83 84 90 87 82  8  5  7  1  3  4  2  9  6 16 17 15 12 18 14 10 11 13 27 20 24 19 25 21 23 26 22 29 35 33 31 34 32 30 36 28 37 44 43 42 45 41 38 40 39 49 52 48 51 53 54 47 50 46
 88 82 85 87 83 84 90 86 89  7  3  4  6  1  9  8  5  2 10 17 16 18 15 13 12 11 14 25 22 26 23 20 21 27 24 19 35 32 34 28 30 31 29 36 33 43 44 42 39 45 41 37 38 40 54 47 51 46 52 48 50 53 49 56 62 60 58 61 59 57 63 55 64 71 70 69 72 68 65 67 66 76 79 75 78 80 81 74 77 73
 62 56 59 61 57 58 55 60 63 71 67 68 70 65 64 72 69 66 74 81 80 73 79 77 76 75 78 89 86 90 87 84 85 82 88 83  9  6  8  2  4  5  3  1  7 17 18 16 13 10 15 11 12 14 19 21 25 20 26 22 24 27 23 30 36 34 32 35 33 31 28 29 38 45 44 43 37 42 39 41 40 50 53 49 52 54 46 48 51 47
 35 29 32 34 30 31 28 33 36 44 40 41 43 38 37 45 42 39 47 54 53 46 52 50 49 48 51 62 59 63 60 57 58 55 61 56 72 69 71 65 67 68 66 64 70 80 81 79 76 73 78 74 75 77 82 84 88 83 89 85 87 90 86  3  9  7  5  8  6  4  1  2 11 18 17 16 10 15 12 14 13 23 26 22 25 27 19 21 24 20
 17 11 14 16 12 13 10 15 18 26 22 23 25 20 19 27 24 21 29 36 35 28 34 32 31 30 33 44 41 45 42 39 40 37 43 38 54 51 53 47 49 50 48 46 52 62 63 61 58 55 60 56 57 59 64 66 70 65 71 67 69 72 68 75 81 79 77 80 78 76 73 74 83 90 89 88 82 87 84 86 85  5  8  4  7  9  1  3  6  2
 80 74 77 79 75 76 73 78 81 89 85 86 88 83 82 90 87 84  2  9  8  1  7  5  4  3  6 17 14 18 15 12 13 10 16 11 27 24 26 20 22 23 21 19 25 35 36 34 31 28 33 29 30 32 37 39 43 38 44 40 42 45 41 48 54 52 50 53 51 49 46 47 56 63 62 61 55 60 57 59 58 68 71 67 70 72 64 66 69 65
  8  2  5  7  3  4  1  6  9 17 13 14 16 11 10 18 15 12 20 27 26 19 25 23 22 21 24 35 32 36 33 30 31 28 34 29 45 42 44 38 40 41 39 37 43 53 54 52 49 46 51 47 48 50 55 57 61 56 62 58 60 63 59 66 72 70 68 71 69 67 64 65 74 81 80 79 73 78 75 77 76 86 89 85 88 90 82 84 87 83
 53 47 50 52 48 49 46 51 54 62 58 59 61 56 55 63 60 57 65 72 71 64 70 68 67 66 69 80 77 81 78 75 76 73 79 74 90 87 89 83 85 86 84 82 88  8  9  7  4  1  6  2  3  5 10 12 16 11 17 13 15 18 14 21 27 25 23 26 24 22 19 20 29 36 35 34 28 33 30 32 31 41 44 40 43 45 37 39 42 38
 89 83 86 88 84 85 82 87 90  8  4  5  7  2  1  9  6  3 11 18 17 10 16 14 13 12 15 26 23 27 24 21 22 19 25 20 36 33 35 29 31 32 30 28 34 44 45 43 40 37 42 38 39 41 46 48 52 47 53 49 51 54 50 57 63 61 59 62 60 58 55 56 65 72 71 70 64 69 66 68 67 77 80 76 79 81 73 75 78 74
 26 20 23 25 21 22 19 24 27 35 31 32 34 29 28 36 33 30 38 45 44 37 43 41 40 39 42 53 50 54 51 48 49 46 52 47 63 60 62 56 58 59 57 55 61 71 72 70 67 64 69 65 66 68 73 75 79 74 80 76 78 81 77 84 90 88 86 89 87 85 82 83  2  9  8  7  1  6  3  5  4 14 17 13 16 18 10 12 15 11
 44 38 41 43 39 40 37 42 45 53 49 50 52 47 46 54 51 48 56 63 62 55 61 59 58 57 60 71 68 72 69 66 67 64 70 65 81 78 80 74 76 77 75 73 79 89 90 88 85 82 87 83 84 86  1  3  7  2  8  4  6  9  5 12 18 16 14 17 15 13 10 11 20 27 26 25 19 24 21 23 22 32 35 31 34 36 28 30 33 29
 71 65 68 70 66 67 64 69 72 80 76 77 79 74 73 81 78 75 83 90 89 82 88 86 85 84 87  8  5  9  6  3  4  1  7  2 18 15 17 11 13 14 12 10 16 26 27 25 22 19 24 20 21 23 28 30 34 29 35 31 33 36 32 39 45 43 41 44 42 40 37 38 47 54 53 52 46 51 48 50 49 59 62 58 61 63 55 57 60 56
 81 75 78 80 76 77 74 79 73 90 86 87 89 84 83 82 88 85  3  1  9  2  8  6  5  4  7 18 15 10 16 13 14 11 17 12 19 25 27 21 23 24 22 20 26 36 28 35 32 29 34 30 31 33 38 40 44 39 45 41 43 37 42 49 46 53 51 54 52 50 47 48 57 55 63 62 56 61 58 60 59 69 72 68 71 64 65 67 70 66
 72 66 69 71 67 68 65 70 64 81 77 78 80 75 74 73 79 76 84 82 90 83 89 87 86 85 88  9  6  1  7  4  5  2  8  3 10 16 18 12 14 15 13 11 17 27 19 26 23 20 25 21 22 24 29 31 35 30 36 32 34 28 33 40 37 44 42 45 43 41 38 39 48 46 54 53 47 52 49 51 50 60 63 59 62 55 56 58 61 57
 18 12 15 17 13 14 11 16 10 27 23 24 26 21 20 19 25 22 30 28 36 29 35 33 32 31 34 45 42 37 43 40 41 38 44 39 46 52 54 48 50 51 49 47 53 63 55 62 59 56 61 57 58 60 65 67 71 66 72 68 70 64 69 76 73 80 78 81 79 77 74 75 84 82 90 89 83 88 85 87 86  6  9  5  8  1  2  4  7  3
 36 30 33 35 31 32 29 34 28 45 41 42 44 39 38 37 43 40 48 46 54 47 53 51 50 49 52 63 60 55 61 58 59 56 62 57 64 70 72 66 68 69 67 65 71 81 73 80 77 74 79 75 76 78 83 85 89 84 90 86 88 82 87  4  1  8  6  9  7  5  2  3 12 10 18 17 11 16 13 15 14 24 27 23 26 19 20 22 25 21
  9  3  6  8  4  5  2  7  1 18 14 15 17 12 11 10 16 13 21 19 27 20 26 24 23 22 25 36 33 28 34 31 32 29 35 30 37 43 45 39 41 42 40 38 44 54 46 53 50 47 52 48 49 51 56 58 62 57 63 59 61 55 60 67 64 71 69 72 70 68 65 66 75 73 81 80 74 79 76 78 77 87 90 86 89 82 83 85 88 84
 54 48 51 53 49 50 47 52 46 63 59 60 62 57 56 55 61 58 66 64 72 65 71 69 68 67 70 81 78 73 79 76 77 74 80 75 82 88 90 84 86 87 85 83 89  9  1  8  5  2  7  3  4  6 11 13 17 12 18 14 16 10 15 22 19 26 24 27 25 23 20 21 30 28 36 35 29 34 31 33 32 42 45 41 44 37 38 40 43 39
 27 21 24 26 22 23 20 25 19 36 32 33 35 30 29 28 34 31 39 37 45 38 44 42 41 40 43 54 51 46 52 49 50 47 53 48 55 61 63 57 59 60 58 56 62 72 64 71 68 65 70 66 67 69 74 76 80 75 81 77 79 73 78 85 82 89 87 90 88 86 83 84  3  1  9  8  2  7  4  6  5 15 18 14 17 10 11 13 16 12
 90 84 87 89 85 86 83 88 82  9  5  6  8  3  2  1  7  4 12 10 18 11 17 15 14 13 16 27 24 19 25 22 23 20 26 21 28 34 36 30 32 33 31 29 35 45 37 44 41 38 43 39 40 42 47 49 53 48 54 50 52 46 51 58 55 62 60 63 61 59 56 57 66 64 72 71 65 70 67 69 68 78 81 77 80 73 74 76 79 75
 63 57 60 62 58 59 56 61 55 72 68 69 71 66 65 64 70 67 75 73 81 74 80 78 77 76 79 90 87 82 88 85 86 83 89 84  1  7  9  3  5  6  4  2  8 18 10 17 14 11 16 12 13 15 20 22 26 21 27 23 25 19 24 31 28 35 33 36 34 32 29 30 39 37 45 44 38 43 40 42 41 51 54 50 53 46 47 49 52 48
 45 39 42 44 40 41 38 43 37 54 50 51 53 48 47 46 52 49 57 55 63 56 62 60 59 58 61 72 69 64 70 67 68 65 71 66 73 79 81 75 77 78 76 74 80 90 82 89 86 83 88 84 85 87  2  4  8  3  9  5  7  1  6 13 10 17 15 18 16 14 11 12 21 19 27 26 20 25 22 24 23 33 36 32 35 28 29 31 34 30
 10 13 16 18 14 15 12 17 11 19 24 25 27 22 21 20 26 23 31 29 28 30 36 34 33 32 35 37 43 38 44 41 42 39 45 40 47 53 46 49 51 52 50 48 54 55 56 63 60 57 62 58 59 61 66 68 72 67 64 69 71 65 70 77 74 81 79 73 80 78 75 76 85 83 82 90 84 89 86 88 87  7  1  6  9  2  3  5  8  4
 46 49 52 54 50 51 48 53 47 55 60 61 63 58 57 56 62 59 67 65 64 66 72 70 69 68 71 73 79 74 80 77 78 75 81 76 83 89 82 85 87 88 86 84 90  1  2  9  6  3  8  4  5  7 12 14 18 13 10 15 17 11 16 23 20 27 25 19 26 24 21 22 31 29 28 36 30 35 32 34 33 43 37 42 45 38 39 41 44 40
 19 22 25 27 23 24 21 26 20 28 33 34 36 31 30 29 35 32 40 38 37 39 45 43 42 41 44 46 52 47 53 50 51 48 54 49 56 62 55 58 60 61 59 57 63 64 65 72 69 66 71 67 68 70 75 77 81 76 73 78 80 74 79 86 83 90 88 82 89 87 84 85  4  2  1  9  3  8  5  7  6 16 10 15 18 11 12 14 17 13
 55 58 61 63 59 60 57 62 56 64 69 70 72 67 66 65 71 68 76 74 73 75 81 79 78 77 80 82 88 83 89 86 87 84 90 85  2  8  1  4  6  7  5  3  9 10 11 18 15 12 17 13 14 16 21 23 27 22 19 24 26 20 25 32 29 36 34 28 35 33 30 31 40 38 37 45 39 44 41 43 42 52 46 51 54 47 48 50 53 49
 64 67 70 72 68 69 66 71 65 73 78 79 81 76 75 74 80 77 85 83 82 84 90 88 87 86 89  1  7  2  8  5  6  3  9  4 11 17 10 13 15 16 14 12 18 19 20 27 24 21 26 22 23 25 30 32 36 31 28 33 35 29 34 41 38 45 43 37 44 42 39 40 49 47 46 54 48 53 50 52 51 61 55 60 63 56 57 59 62 58
 28 31 34 36 32 33 30 35 29 37 42 43 45 40 39 38 44 41 49 47 46 48 54 52 51 50 53 55 61 56 62 59 60 57 63 58 65 71 64 67 69 70 68 66 72 73 74 81 78 75 80 76 77 79 84 86 90 85 82 87 89 83 88  5  2  9  7  1  8  6  3  4 13 11 10 18 12 17 14 16 15 25 19 24 27 20 21 23 26 22
 37 40 43 45 41 42 39 44 38 46 51 52 54 49 48 47 53 50 58 56 55 57 63 61 60 59 62 64 70 65 71 68 69 66 72 67 74 80 73 76 78 79 77 75 81 82 83 90 87 84 89 85 86 88  3  5  9  4  1  6  8  2  7 14 11 18 16 10 17 15 12 13 22 20 19 27 21 26 23 25 24 34 28 33 36 29 30 32 35 31
 73 76 79 81 77 78 75 80 74 82 87 88 90 85 84 83 89 86  4  2  1  3  9  7  6  5  8 10 16 11 17 14 15 12 18 13 20 26 19 22 24 25 23 21 27 28 29 36 33 30 35 31 32 34 39 41 45 40 37 42 44 38 43 50 47 54 52 46 53 51 48 49 58 56 55 63 57 62 59 61 60 70 64 69 72 65 66 68 71 67
 82 85 88 90 86 87 84 89 83  1  6  7  9  4  3  2  8  5 13 11 10 12 18 16 15 14 17 19 25 20 26 23 24 21 27 22 29 35 28 31 33 34 32 30 36 37 38 45 42 39 44 40 41 43 48 50 54 49 46 51 53 47 52 59 56 63 61 55 62 60 57 58 67 65 64 72 66 71 68 70 69 79 73 78 81 74 75 77 80 76
  1  4  7  9  5  6  3  8  2 10 15 16 18 13 12 11 17 14 22 20 19 21 27 25 24 23 26 28 34 29 35 32 33 30 36 31 38 44 37 40 42 43 41 39 45 46 47 54 51 48 53 49 50 52 57 59 63 58 55 60 62 56 61 68 65 72 70 64 71 69 66 67 76 74 73 81 75 80 77 79 78 88 82 87 90 83 84 86 89 85
 56 59 62 55 60 61 58 63 57 65 70 71 64 68 67 66 72 69 77 75 74 76 73 80 79 78 81 83 89 84 90 87 88 85 82 86  3  9  2  5  7  8  6  4  1 11 12 10 16 13 18 14 15 17 22 24 19 23 20 25 27 21 26 33 30 28 35 29 36 34 31 32 41 39 38 37 40 45 42 44 43 53 47 52 46 48 49 51 54 50
  2  5  8  1  6  7  4  9  3 11 16 17 10 14 13 12 18 15 23 21 20 22 19 26 25 24 27 29 35 30 36 33 34 31 28 32 39 45 38 41 43 44 42 40 37 47 48 46 52 49 54 50 51 53 58 60 55 59 56 61 63 57 62 69 66 64 71 65 72 70 67 68 77 75 74 73 76 81 78 80 79 89 83 88 82 84 85 87 90 86
 65 68 71 64 69 70 67 72 66 74 79 80 73 77 76 75 81 78 86 84 83 85 82 89 88 87 90  2  8  3  9  6  7  4  1  5 12 18 11 14 16 17 15 13 10 20 21 19 25 22 27 23 24 26 31 33 28 32 29 34 36 30 35 42 39 37 44 38 45 43 40 41 50 48 47 46 49 54 51 53 52 62 56 61 55 57 58 60 63 59
 29 32 35 28 33 34 31 36 30 38 43 44 37 41 40 39 45 42 50 48 47 49 46 53 52 51 54 56 62 57 63 60 61 58 55 59 66 72 65 68 70 71 69 67 64 74 75 73 79 76 81 77 78 80 85 87 82 86 83 88 90 84 89  6  3  1  8  2  9  7  4  5 14 12 11 10 13 18 15 17 16 26 20 25 19 21 22 24 27 23
 83 86 89 82 87 88 85 90 84  2  7  8  1  5  4  3  9  6 14 12 11 13 10 17 16 15 18 20 26 21 27 24 25 22 19 23 30 36 29 32 34 35 33 31 28 38 39 37 43 40 45 41 42 44 49 51 46 50 47 52 54 48 53 60 57 55 62 56 63 61 58 59 68 66 65 64 67 72 69 71 70 80 74 79 73 75 76 78 81 77
 38 41 44 37 42 43 40 45 39 47 52 53 46 50 49 48 54 51 59 57 56 58 55 62 61 60 63 65 71 66 72 69 70 67 64 68 75 81 74 77 79 80 78 76 73 83 84 82 88 85 90 86 87 89  4  6  1  5  2  7  9  3  8 15 12 10 17 11 18 16 13 14 23 21 20 19 22 27 24 26 25 35 29 34 28 30 31 33 36 32
 20 23 26 19 24 25 22 27 21 29 34 35 28 32 31 30 36 33 41 39 38 40 37 44 43 42 45 47 53 48 54 51 52 49 46 50 57 63 56 59 61 62 60 58 55 65 66 64 70 67 72 68 69 71 76 78 73 77 74 79 81 75 80 87 84 82 89 83 90 88 85 86  5  3  2  1  4  9  6  8  7 17 11 16 10 12 13 15 18 14
 47 50 53 46 51 52 49 54 48 56 61 62 55 59 58 57 63 60 68 66 65 67 64 71 70 69 72 74 80 75 81 78 79 76 73 77 84 90 83 86 88 89 87 85 82  2  3  1  7  4  9  5  6  8 13 15 10 14 11 16 18 12 17 24 21 19 26 20 27 25 22 23 32 30 29 28 31 36 33 35 34 44 38 43 37 39 40 42 45 41
 11 14 17 10 15 16 13 18 12 20 25 26 19 23 22 21 27 24 32 30 29 31 28 35 34 33 36 38 44 39 45 42 43 40 37 41 48 54 47 50 52 53 51 49 46 56 57 55 61 58 63 59 60 62 67 69 64 68 65 70 72 66 71 78 75 73 80 74 81 79 76 77 86 84 83 82 85 90 87 89 88  8  2  7  1  3  4  6  9  5
 74 77 80 73 78 79 76 81 75 83 88 89 82 86 85 84 90 87  5  3  2  4  1  8  7  6  9 11 17 12 18 15 16 13 10 14 21 27 20 23 25 26 24 22 19 29 30 28 34 31 36 32 33 35 40 42 37 41 38 43 45 39 44 51 48 46 53 47 54 52 49 50 59 57 56 55 58 63 60 62 61 71 65 70 64 66 67 69 72 68
 48 51 54 47 52 53 50 46 49 57 62 63 56 60 59 58 55 61 69 67 66 68 65 72 71 70 64 75 81 76 73 79 80 77 74 78 85 82 84 87 89 90 88 86 83  3  4  2  8  5  1  6  7  9 14 16 11 15 12 17 10 13 18 25 22 20 27 21 19 26 23 24 33 31 30 29 32 28 34 36 35 45 39 44 38 40 41 43 37 42
  3  6  9  2  7  8  5  1  4 12 17 18 11 15 14 13 10 16 24 22 21 23 20 27 26 25 19 30 36 31 28 34 35 32 29 33 40 37 39 42 44 45 43 41 38 48 49 47 53 50 46 51 52 54 59 61 56 60 57 62 55 58 63 70 67 65 72 66 64 71 68 69 78 76 75 74 77 73 79 81 80 90 84 89 83 85 86 88 82 87
 21 24 27 20 25 26 23 19 22 30 35 36 29 33 32 31 28 34 42 40 39 41 38 45 44 43 37 48 54 49 46 52 53 50 47 51 58 55 57 60 62 63 61 59 56 66 67 65 71 68 64 69 70 72 77 79 74 78 75 80 73 76 81 88 85 83 90 84 82 89 86 87  6  4  3  2  5  1  7  9  8 18 12 17 11 13 14 16 10 15
 30 33 36 29 34 35 32 28 31 39 44 45 38 42 41 40 37 43 51 49 48 50 47 54 53 52 46 57 63 58 55 61 62 59 56 60 67 64 66 69 71 72 70 68 65 75 76 74 80 77 73 78 79 81 86 88 83 87 84 89 82 85 90  7  4  2  9  3  1  8  5  6 15 13 12 11 14 10 16 18 17 27 21 26 20 22 23 25 19 24
 66 69 72 65 70 71 68 64 67 75 80 81 74 78 77 76 73 79 87 85 84 86 83 90 89 88 82  3  9  4  1  7  8  5  2  6 13 10 12 15 17 18 16 14 11 21 22 20 26 23 19 24 25 27 32 34 29 33 30 35 28 31 36 43 40 38 45 39 37 44 41 42 51 49 48 47 50 46 52 54 53 63 57 62 56 58 59 61 55 60
 57 60 63 56 61 62 59 55 58 66 71 72 65 69 68 67 64 70 78 76 75 77 74 81 80 79 73 84 90 85 82 88 89 86 83 87  4  1  3  6  8  9  7  5  2 12 13 11 17 14 10 15 16 18 23 25 20 24 21 26 19 22 27 34 31 29 36 30 28 35 32 33 42 40 39 38 41 37 43 45 44 54 48 53 47 49 50 52 46 51
 12 15 18 11 16 17 14 10 13 21 26 27 20 24 23 22 19 25 33 31 30 32 29 36 35 34 28 39 45 40 37 43 44 41 38 42 49 46 48 51 53 54 52 50 47 57 58 56 62 59 55 60 61 63 68 70 65 69 66 71 64 67 72 79 76 74 81 75 73 80 77 78 87 85 84 83 86 82 88 90 89  9  3  8  2  4  5  7  1  6
 39 42 45 38 43 44 41 37 40 48 53 54 47 51 50 49 46 52 60 58 57 59 56 63 62 61 55 66 72 67 64 70 71 68 65 69 76 73 75 78 80 81 79 77 74 84 85 83 89 86 82 87 88 90  5  7  2  6  3  8  1  4  9 16 13 11 18 12 10 17 14 15 24 22 21 20 23 19 25 27 26 36 30 35 29 31 32 34 28 33
 75 78 81 74 79 80 77 73 76 84 89 90 83 87 86 85 82 88  6  4  3  5  2  9  8  7  1 12 18 13 10 16 17 14 11 15 22 19 21 24 26 27 25 23 20 30 31 29 35 32 28 33 34 36 41 43 38 42 39 44 37 40 45 52 49 47 54 48 46 53 50 51 60 58 57 56 59 55 61 63 62 72 66 71 65 67 68 70 64 69
 84 87 90 83 88 89 86 82 85  3  8  9  2  6  5  4  1  7 15 13 12 14 11 18 17 16 10 21 27 22 19 25 26 23 20 24 31 28 30 33 35 36 34 32 29 39 40 38 44 41 37 42 43 45 50 52 47 51 48 53 46 49 54 61 58 56 63 57 55 62 59 60 69 67 66 65 68 64 70 72 71 81 75 80 74 76 77 79 73 78
 40 43 37 39 44 45 42 38 41 49 54 46 48 52 51 50 47 53 61 59 58 60 57 55 63 62 56 67 64 68 65 71 72 69 66 70 77 74 76 79 81 73 80 78 75 85 86 84 90 87 83 88 89 82  6  8  3  7  4  9  2  5  1 17 14 12 10 13 11 18 15 16 25 23 22 21 24 20 26 19 27 28 31 36 30 32 33 35 29 34
 58 61 55 57 62 63 60 56 59 67 72 64 66 70 69 68 65 71 79 77 76 78 75 73 81 80 74 85 82 86 83 89 90 87 84 88  5  2  4  7  9  1  8  6  3 13 14 12 18 15 11 16 17 10 24 26 21 25 22 27 20 23 19 35 32 30 28 31 29 36 33 34 43 41 40 39 42 38 44 37 45 46 49 54 48 50 51 53 47 52
 85 88 82 84 89 90 87 83 86  4  9  1  3  7  6  5  2  8 16 14 13 15 12 10 18 17 11 22 19 23 20 26 27 24 21 25 32 29 31 34 36 28 35 33 30 40 41 39 45 42 38 43 44 37 51 53 48 52 49 54 47 50 46 62 59 57 55 58 56 63 60 61 70 68 67 66 69 65 71 64 72 73 76 81 75 77 78 80 74 79
  4  7  1  3  8  9  6  2  5 13 18 10 12 16 15 14 11 17 25 23 22 24 21 19 27 26 20 31 28 32 29 35 36 33 30 34 41 38 40 43 45 37 44 42 39 49 50 48 54 51 47 52 53 46 60 62 57 61 58 63 56 59 55 71 68 66 64 67 65 72 69 70 79 77 76 75 78 74 80 73 81 82 85 90 84 86 87 89 83 88
 49 52 46 48 53 54 51 47 50 58 63 55 57 61 60 59 56 62 70 68 67 69 66 64 72 71 65 76 73 77 74 80 81 78 75 79 86 83 85 88 90 82 89 87 84  4  5  3  9  6  2  7  8  1 15 17 12 16 13 18 11 14 10 26 23 21 19 22 20 27 24 25 34 32 31 30 33 29 35 28 36 37 40 45 39 41 42 44 38 43
 13 16 10 12 17 18 15 11 14 22 27 19 21 25 24 23 20 26 34 32 31 33 30 28 36 35 29 40 37 41 38 44 45 42 39 43 50 47 49 52 54 46 53 51 48 58 59 57 63 60 56 61 62 55 69 71 66 70 67 72 65 68 64 80 77 75 73 76 74 81 78 79 88 86 85 84 87 83 89 82 90  1  4  9  3  5  6  8  2  7
 31 34 28 30 35 36 33 29 32 40 45 37 39 43 42 41 38 44 52 50 49 51 48 46 54 53 47 58 55 59 56 62 63 60 57 61 68 65 67 70 72 64 71 69 66 76 77 75 81 78 74 79 80 73 87 89 84 88 85 90 83 86 82  8  5  3  1  4  2  9  6  7 16 14 13 12 15 11 17 10 18 19 22 27 21 23 24 26 20 25
 22 25 19 21 26 27 24 20 23 31 36 28 30 34 33 32 29 35 43 41 40 42 39 37 45 44 38 49 46 50 47 53 54 51 48 52 59 56 58 61 63 55 62 60 57 67 68 66 72 69 65 70 71 64 78 80 75 79 76 81 74 77 73 89 86 84 82 85 83 90 87 88  7  5  4  3  6  2  8  1  9 10 13 18 12 14 15 17 11 16
 67 70 64 66 71 72 69 65 68 76 81 73 75 79 78 77 74 80 88 86 85 87 84 82 90 89 83  4  1  5  2  8  9  6  3  7 14 11 13 16 18 10 17 15 12 22 23 21 27 24 20 25 26 19 33 35 30 34 31 36 29 32 28 44 41 39 37 40 38 45 42 43 52 50 49 48 51 47 53 46 54 55 58 63 57 59 60 62 56 61
 76 79 73 75 80 81 78 74 77 85 90 82 84 88 87 86 83 89  7  5  4  6  3  1  9  8  2 13 10 14 11 17 18 15 12 16 23 20 22 25 27 19 26 24 21 31 32 30 36 33 29 34 35 28 42 44 39 43 40 45 38 41 37 53 50 48 46 49 47 54 51 52 61 59 58 57 60 56 62 55 63 64 67 72 66 68 69 71 65 70
 86 89 83 85 90 82 88 84 87  5  1  2  4  8  7  6  3  9 17 15 14 16 13 11 10 18 12 23 20 24 21 27 19 25 22 26 33 30 32 35 28 29 36 34 31 41 42 40 37 43 39 44 45 38 52 54 49 53 50 46 48 51 47 63 60 58 56 59 57 55 61 62 71 69 68 67 70 66 72 65 64 74 77 73 76 78 79 81 75 80
  5  8  2  4  9  1  7  3  6 14 10 11 13 17 16 15 12 18 26 24 23 25 22 20 19 27 21 32 29 33 30 36 28 34 31 35 42 39 41 44 37 38 45 43 40 50 51 49 46 52 48 53 54 47 61 63 58 62 59 55 57 60 56 72 69 67 65 68 66 64 70 71 80 78 77 76 79 75 81 74 73 83 86 82 85 87 88 90 84 89
 59 62 56 58 63 55 61 57 60 68 64 65 67 71 70 69 66 72 80 78 77 79 76 74 73 81 75 86 83 87 84 90 82 88 85 89  6  3  5  8  1  2  9  7  4 14 15 13 10 16 12 17 18 11 25 27 22 26 23 19 21 24 20 36 33 31 29 32 30 28 34 35 44 42 41 40 43 39 45 38 37 47 50 46 49 51 52 54 48 53
 23 26 20 22 27 19 25 21 24 32 28 29 31 35 34 33 30 36 44 42 41 43 40 38 37 45 39 50 47 51 48 54 46 52 49 53 60 57 59 62 55 56 63 61 58 68 69 67 64 70 66 71 72 65 79 81 76 80 77 73 75 78 74 90 87 85 83 86 84 82 88 89  8  6  5  4  7  3  9  2  1 11 14 10 13 15 16 18 12 17
 68 71 65 67 72 64 70 66 69 77 73 74 76 80 79 78 75 81 89 87 86 88 85 83 82 90 84  5  2  6  3  9  1  7  4  8 15 12 14 17 10 11 18 16 13 23 24 22 19 25 21 26 27 20 34 36 31 35 32 28 30 33 29 45 42 40 38 41 39 37 43 44 53 51 50 49 52 48 54 47 46 56 59 55 58 60 61 63 57 62
 14 17 11 13 18 10 16 12 15 23 19 20 22 26 25 24 21 27 35 33 32 34 31 29 28 36 30 41 38 42 39 45 37 43 40 44 51 48 50 53 46 47 54 52 49 59 60 58 55 61 57 62 63 56 70 72 67 71 68 64 66 69 65 81 78 76 74 77 75 73 79 80 89 87 86 85 88 84 90 83 82  2  5  1  4  6  7  9  3  8
 77 80 74 76 81 73 79 75 78 86 82 83 85 89 88 87 84 90  8  6  5  7  4  2  1  9  3 14 11 15 12 18 10 16 13 17 24 21 23 26 19 20 27 25 22 32 33 31 28 34 30 35 36 29 43 45 40 44 41 37 39 42 38 54 51 49 47 50 48 46 52 53 62 60 59 58 61 57 63 56 55 65 68 64 67 69 70 72 66 71
 50 53 47 49 54 46 52 48 51 59 55 56 58 62 61 60 57 63 71 69 68 70 67 65 64 72 66 77 74 78 75 81 73 79 76 80 87 84 86 89 82 83 90 88 85  5  6  4  1  7  3  8  9  2 16 18 13 17 14 10 12 15 11 27 24 22 20 23 21 19 25 26 35 33 32 31 34 30 36 29 28 38 41 37 40 42 43 45 39 44
 32 35 29 31 36 28 34 30 33 41 37 38 40 44 43 42 39 45 53 51 50 52 49 47 46 54 48 59 56 60 57 63 55 61 58 62 69 66 68 71 64 65 72 70 67 77 78 76 73 79 75 80 81 74 88 90 85 89 86 82 84 87 83  9  6  4  2  5  3  1  7  8 17 15 14 13 16 12 18 11 10 20 23 19 22 24 25 27 21 26
 41 44 38 40 45 37 43 39 42 50 46 47 49 53 52 51 48 54 62 60 59 61 58 56 55 63 57 68 65 69 66 72 64 70 67 71 78 75 77 80 73 74 81 79 76 86 87 85 82 88 84 89 90 83  7  9  4  8  5  1  3  6  2 18 15 13 11 14 12 10 16 17 26 24 23 22 25 21 27 20 19 29 32 28 31 33 34 36 30 35
 33 36 30 32 28 29 35 31 34 42 38 39 41 45 44 43 40 37 54 52 51 53 50 48 47 46 49 60 57 61 58 55 56 62 59 63 70 67 69 72 65 66 64 71 68 78 79 77 74 80 76 81 73 75 89 82 86 90 87 83 85 88 84  1  7  5  3  6  4  2  8  9 18 16 15 14 17 13 10 12 11 21 24 20 23 25 26 19 22 27
 69 72 66 68 64 65 71 67 70 78 74 75 77 81 80 79 76 73 90 88 87 89 86 84 83 82 85  6  3  7  4  1  2  8  5  9 16 13 15 18 11 12 10 17 14 24 25 23 20 26 22 27 19 21 35 28 32 36 33 29 31 34 30 37 43 41 39 42 40 38 44 45 54 52 51 50 53 49 46 48 47 57 60 56 59 61 62 55 58 63
 15 18 12 14 10 11 17 13 16 24 20 21 23 27 26 25 22 19 36 34 33 35 32 30 29 28 31 42 39 43 40 37 38 44 41 45 52 49 51 54 47 48 46 53 50 60 61 59 56 62 58 63 55 57 71 64 68 72 69 65 67 70 66 73 79 77 75 78 76 74 80 81 90 88 87 86 89 85 82 84 83  3  6  2  5  7  8  1  4  9
 42 45 39 41 37 38 44 40 43 51 47 48 50 54 53 52 49 46 63 61 60 62 59 57 56 55 58 69 66 70 67 64 65 71 68 72 79 76 78 81 74 75 73 80 77 87 88 86 83 89 85 90 82 84  8  1  5  9  6  2  4  7  3 10 16 14 12 15 13 11 17 18 27 25 24 23 26 22 19 21 20 30 33 29 32 34 35 28 31 36
 60 63 57 59 55 56 62 58 61 69 65 66 68 72 71 70 67 64 81 79 78 80 77 75 74 73 76 87 84 88 85 82 83 89 86 90  7  4  6  9  2  3  1  8  5 15 16 14 11 17 13 18 10 12 26 19 23 27 24 20 22 25 21 28 34 32 30 33 31 29 35 36 45 43 42 41 44 40 37 39 38 48 51 47 50 52 53 46 49 54
 51 54 48 50 46 47 53 49 52 60 56 57 59 63 62 61 58 55 72 70 69 71 68 66 65 64 67 78 75 79 76 73 74 80 77 81 88 85 87 90 83 84 82 89 86  6  7  5  2  8  4  9  1  3 17 10 14 18 15 11 13 16 12 19 25 23 21 24 22 20 26 27 36 34 33 32 35 31 28 30 29 39 42 38 41 43 44 37 40 45
 24 27 21 23 19 20 26 22 25 33 29 30 32 36 35 34 31 28 45 43 42 44 41 39 38 37 40 51 48 52 49 46 47 53 50 54 61 58 60 63 56 57 55 62 59 69 70 68 65 71 67 72 64 66 80 73 77 81 78 74 76 79 75 82 88 86 84 87 85 83 89 90  9  7  6  5  8  4  1  3  2 12 15 11 14 16 17 10 13 18
 78 81 75 77 73 74 80 76 79 87 83 84 86 90 89 88 85 82  9  7  6  8  5  3  2  1  4 15 12 16 13 10 11 17 14 18 25 22 24 27 20 21 19 26 23 33 34 32 29 35 31 36 28 30 44 37 41 45 42 38 40 43 39 46 52 50 48 51 49 47 53 54 63 61 60 59 62 58 55 57 56 66 69 65 68 70 71 64 67 72
  6  9  3  5  1  2  8  4  7 15 11 12 14 18 17 16 13 10 27 25 24 26 23 21 20 19 22 33 30 34 31 28 29 35 32 36 43 40 42 45 38 39 37 44 41 51 52 50 47 53 49 54 46 48 62 55 59 63 60 56 58 61 57 64 70 68 66 69 67 65 71 72 81 79 78 77 80 76 73 75 74 84 87 83 86 88 89 82 85 90
 87 90 84 86 82 83 89 85 88  6  2  3  5  9  8  7  4  1 18 16 15 17 14 12 11 10 13 24 21 25 22 19 20 26 23 27 34 31 33 36 29 30 28 35 32 42 43 41 38 44 40 45 37 39 53 46 50 54 51 47 49 52 48 55 61 59 57 60 58 56 62 63 72 70 69 68 71 67 64 66 65 75 78 74 77 79 80 73 76 81
