  5  4  3  7  1  2  6  9  8 15 16 12 11 10 18 13 17 14 27 22 25 23 26 24 20 19 21 29 31 32 34 35 30 36 28 33 38 44 43 39 45 41 42 40 37 48 52 50 46 54 49 47 51 53 59 58 56 55 57 61 62 60 63 65 71 66 72 70 64 68 69 67 74 80 76 81 73 79 78 77 75 89 86 87 84 88 82 83 85 90
 77 76 75 79 73 74 78 81 80 87 88 84 83 82 90 85 89 86  9  4  7  5  8  6  2  1  3 11 13 14 16 17 12 18 10 15 20 26 25 21 27 23 24 22 19 30 34 32 28 36 31 29 33 35 41 40 38 37 39 43 44 42 45 47 53 48 54 52 46 50 51 49 56 62 58 63 55 61 60 59 57 71 68 69 66 70 64 65 67 72
 59 58 57 61 55 56 60 63 62 69 70 66 65 64 72 67 71 68 81 76 79 77 80 78 74 73 75 83 85 86 88 89 84 90 82 87  2  8  7  3  9  5  6  4  1 12 16 14 10 18 13 11 15 17 23 22 20 19 21 25 26 24 27 29 35 30 36 34 28 32 33 31 38 44 40 45 37 43 42 41 39 53 50 51 48 52 46 47 49 54
 23 22 21 25 19 20 24 27 26 33 34 30 29 28 36 31 35 32 45 40 43 41 44 42 38 37 39 47 49 50 52 53 48 54 46 51 56 62 61 57 63 59 60 58 55 66 70 68 64 72 67 65 69 71 77 76 74 73 75 79 80 78 81 83 89 84 90 88 82 86 87 85  2  8  4  9  1  7  6  5  3 17 14 15 12 16 10 11 13 18
 32 31 30 34 28 29 33 36 35 42 43 39 38 37 45 40 44 41 54 49 52 50 53 51 47 46 48 56 58 59 61 62 57 63 55 60 65 71 70 66 72 68 69 67 64 75 79 77 73 81 76 74 78 80 86 85 83 82 84 88 89 87 90  2  8  3  9  7  1  5  6  4 11 17 13 18 10 16 15 14 12 26 23 24 21 25 19 20 22 27
 14 13 12 16 10 11 15 18 17 24 25 21 20 19 27 22 26 23 36 31 34 32 35 33 29 28 30 38 40 41 43 44 39 45 37 42 47 53 52 48 54 50 51 49 46 57 61 59 55 63 58 56 60 62 68 67 65 64 66 70 71 69 72 74 80 75 81 79 73 77 78 76 83 89 85 90 82 88 87 86 84  8  5  6  3  7  1  2  4  9
 41 40 39 43 37 38 42 45 44 51 52 48 47 46 54 49 53 50 63 58 61 59 62 60 56 55 57 65 67 68 70 71 66 72 64 69 74 80 79 75 81 77 78 76 73 84 88 86 82 90 85 83 87 89  5  4  2  1  3  7  8  6  9 11 17 12 18 16 10 14 15 13 20 26 22 27 19 25 24 23 21 35 32 33 30 34 28 29 31 36
 68 67 66 70 64 65 69 72 71 78 79 75 74 73 81 76 80 77 90 85 88 86 89 87 83 82 84  2  4  5  7  8  3  9  1  6 11 17 16 12 18 14 15 13 10 21 25 23 19 27 22 20 24 26 32 31 29 28 30 34 35 33 36 38 44 39 45 43 37 41 42 40 47 53 49 54 46 52 51 50 48 62 59 60 57 61 55 56 58 63
 50 49 48 52 46 47 51 54 53 60 61 57 56 55 63 58 62 59 72 67 70 68 71 69 65 64 66 74 76 77 79 80 75 81 73 78 83 89 88 84 90 86 87 85 82  3  7  5  1  9  4  2  6  8 14 13 11 10 12 16 17 15 18 20 26 21 27 25 19 23 24 22 29 35 31 36 28 34 33 32 30 44 41 42 39 43 37 38 40 45
 86 85 84 88 82 83 87 90 89  6  7  3  2  1  9  4  8  5 18 13 16 14 17 15 11 10 12 20 22 23 25 26 21 27 19 24 29 35 34 30 36 32 33 31 28 39 43 41 37 45 40 38 42 44 50 49 47 46 48 52 53 51 54 56 62 57 63 61 55 59 60 58 65 71 67 72 64 70 69 68 66 80 77 78 75 79 73 74 76 81
 42 41 40 44 38 39 43 37 45 52 53 49 48 47 46 50 54 51 55 59 62 60 63 61 57 56 58 66 68 69 71 72 67 64 65 70 75 81 80 76 73 78 79 77 74 85 89 87 83 82 86 84 88 90  6  5  3  2  4  8  9  7  1 12 18 13 10 17 11 15 16 14 21 27 23 19 20 26 25 24 22 36 33 34 31 35 29 30 32 28
 15 14 13 17 11 12 16 10 18 25 26 22 21 20 19 23 27 24 28 32 35 33 36 34 30 29 31 39 41 42 44 45 40 37 38 43 48 54 53 49 46 51 52 50 47 58 62 60 56 55 59 57 61 63 69 68 66 65 67 71 72 70 64 75 81 76 73 80 74 78 79 77 84 90 86 82 83 89 88 87 85  9  6  7  4  8  2  3  5  1
 51 50 49 53 47 48 52 46 54 61 62 58 57 56 55 59 63 60 64 68 71 69 72 70 66 65 67 75 77 78 80 81 76 73 74 79 84 90 89 85 82 87 88 86 83  4  8  6  2  1  5  3  7  9 15 14 12 11 13 17 18 16 10 21 27 22 19 26 20 24 25 23 30 36 32 28 29 35 34 33 31 45 42 43 40 44 38 39 41 37
  6  5  4  8  2  3  7  1  9 16 17 13 12 11 10 14 18 15 19 23 26 24 27 25 21 20 22 30 32 33 35 36 31 28 29 34 39 45 44 40 37 42 43 41 38 49 53 51 47 46 50 48 52 54 60 59 57 56 58 62 63 61 55 66 72 67 64 71 65 69 70 68 75 81 77 73 74 80 79 78 76 90 87 88 85 89 83 84 86 82
 69 68 67 71 65 66 70 64 72 79 80 76 75 74 73 77 81 78 82 86 89 87 90 88 84 83 85  3  5  6  8  9  4  1  2  7 12 18 17 13 10 15 16 14 11 22 26 24 20 19 23 21 25 27 33 32 30 29 31 35 36 34 28 39 45 40 37 44 38 42 43 41 48 54 50 46 47 53 52 51 49 63 60 61 58 62 56 57 59 55
 60 59 58 62 56 57 61 55 63 70 71 67 66 65 64 68 72 69 73 77 80 78 81 79 75 74 76 84 86 87 89 90 85 82 83 88  3  9  8  4  1  6  7  5  2 13 17 15 11 10 14 12 16 18 24 23 21 20 22 26 27 25 19 30 36 31 28 35 29 33 34 32 39 45 41 37 38 44 43 42 40 54 51 52 49 53 47 48 50 46
 24 23 22 26 20 21 25 19 27 34 35 31 30 29 28 32 36 33 37 41 44 42 45 43 39 38 40 48 50 51 53 54 49 46 47 52 57 63 62 58 55 60 61 59 56 67 71 69 65 64 68 66 70 72 78 77 75 74 76 80 81 79 73 84 90 85 82 89 83 87 88 86  3  9  5  1  2  8  7  6  4 18 15 16 13 17 11 12 14 10
 78 77 76 80 74 75 79 73 81 88 89 85 84 83 82 86 90 87  1  5  8  6  9  7  3  2  4 12 14 15 17 18 13 10 11 16 21 27 26 22 19 24 25 23 20 31 35 33 29 28 32 30 34 36 42 41 39 38 40 44 45 43 37 48 54 49 46 53 47 51 52 50 57 63 59 55 56 62 61 60 58 72 69 70 67 71 65 66 68 64
 33 32 31 35 29 30 34 28 36 43 44 40 39 38 37 41 45 42 46 50 53 51 54 52 48 47 49 57 59 60 62 63 58 55 56 61 66 72 71 67 64 69 70 68 65 76 80 78 74 73 77 75 79 81 87 86 84 83 85 89 90 88 82  3  9  4  1  8  2  6  7  5 12 18 14 10 11 17 16 15 13 27 24 25 22 26 20 21 23 19
 87 86 85 89 83 84 88 82 90  7  8  4  3  2  1  5  9  6 10 14 17 15 18 16 12 11 13 21 23 24 26 27 22 19 20 25 30 36 35 31 28 33 34 32 29 40 44 42 38 37 41 39 43 45 51 50 48 47 49 53 54 52 46 57 63 58 55 62 56 60 61 59 66 72 68 64 65 71 70 69 67 81 78 79 76 80 74 75 77 73
 61 60 59 63 57 58 62 56 55 71 72 68 67 66 65 69 64 70 74 78 81 79 73 80 76 75 77 85 87 88 90 82 86 83 84 89  4  1  9  5  2  7  8  6  3 14 18 16 12 11 15 13 17 10 25 24 22 21 23 27 19 26 20 31 28 32 29 36 30 34 35 33 40 37 42 38 39 45 44 43 41 46 52 53 50 54 48 49 51 47
 34 33 32 36 30 31 35 29 28 44 45 41 40 39 38 42 37 43 47 51 54 52 46 53 49 48 50 58 60 61 63 55 59 56 57 62 67 64 72 68 65 70 71 69 66 77 81 79 75 74 78 76 80 73 88 87 85 84 86 90 82 89 83  4  1  5  2  9  3  7  8  6 13 10 15 11 12 18 17 16 14 19 25 26 23 27 21 22 24 20
 88 87 86 90 84 85 89 83 82  8  9  5  4  3  2  6  1  7 11 15 18 16 10 17 13 12 14 22 24 25 27 19 23 20 21 26 31 28 36 32 29 34 35 33 30 41 45 43 39 38 42 40 44 37 52 51 49 48 50 54 46 53 47 58 55 59 56 63 57 61 62 60 67 64 69 65 66 72 71 70 68 73 79 80 77 81 75 76 78 74
 70 69 68 72 66 67 71 65 64 80 81 77 76 75 74 78 73 79 83 87 90 88 82 89 85 84 86  4  6  7  9  1  5  2  3  8 13 10 18 14 11 16 17 15 12 23 27 25 21 20 24 22 26 19 34 33 31 30 32 36 28 35 29 40 37 41 38 45 39 43 44 42 49 46 51 47 48 54 53 52 50 55 61 62 59 63 57 58 60 56
  7  6  5  9  3  4  8  2  1 17 18 14 13 12 11 15 10 16 20 24 27 25 19 26 22 21 23 31 33 34 36 28 32 29 30 35 40 37 45 41 38 43 44 42 39 50 54 52 48 47 51 49 53 46 61 60 58 57 59 63 55 62 56 67 64 68 65 72 66 70 71 69 76 73 78 74 75 81 80 79 77 82 88 89 86 90 84 85 87 83
 16 15 14 18 12 13 17 11 10 26 27 23 22 21 20 24 19 25 29 33 36 34 28 35 31 30 32 40 42 43 45 37 41 38 39 44 49 46 54 50 47 52 53 51 48 59 63 61 57 56 60 58 62 55 70 69 67 66 68 72 64 71 65 76 73 77 74 81 75 79 80 78 85 82 87 83 84 90 89 88 86  1  7  8  5  9  3  4  6  2
 43 42 41 45 39 40 44 38 37 53 54 50 49 48 47 51 46 52 56 60 63 61 55 62 58 57 59 67 69 70 72 64 68 65 66 71 76 73 81 77 74 79 80 78 75 86 90 88 84 83 87 85 89 82  7  6  4  3  5  9  1  8  2 13 10 14 11 18 12 16 17 15 22 19 24 20 21 27 26 25 23 28 34 35 32 36 30 31 33 29
 79 78 77 81 75 76 80 74 73 89 90 86 85 84 83 87 82 88  2  6  9  7  1  8  4  3  5 13 15 16 18 10 14 11 12 17 22 19 27 23 20 25 26 24 21 32 36 34 30 29 33 31 35 28 43 42 40 39 41 45 37 44 38 49 46 50 47 54 48 52 53 51 58 55 60 56 57 63 62 61 59 64 70 71 68 72 66 67 69 65
 25 24 23 27 21 22 26 20 19 35 36 32 31 30 29 33 28 34 38 42 45 43 37 44 40 39 41 49 51 52 54 46 50 47 48 53 58 55 63 59 56 61 62 60 57 68 72 70 66 65 69 67 71 64 79 78 76 75 77 81 73 80 74 85 82 86 83 90 84 88 89 87  4  1  6  2  3  9  8  7  5 10 16 17 14 18 12 13 15 11
 52 51 50 54 48 49 53 47 46 62 63 59 58 57 56 60 55 61 65 69 72 70 64 71 67 66 68 76 78 79 81 73 77 74 75 80 85 82 90 86 83 88 89 87 84  5  9  7  3  2  6  4  8  1 16 15 13 12 14 18 10 17 11 22 19 23 20 27 21 25 26 24 31 28 33 29 30 36 35 34 32 37 43 44 41 45 39 40 42 38
 17 16 15 10 13 14 18 12 11 27 19 24 23 22 21 25 20 26 30 34 28 35 29 36 32 31 33 41 43 44 37 38 42 39 40 45 50 47 46 51 48 53 54 52 49 60 55 62 58 57 61 59 63 56 71 70 68 67 69 64 65 72 66 77 74 78 75 73 76 80 81 79 86 83 88 84 85 82 90 89 87  2  8  9  6  1  4  5  7  3
 80 79 78 73 76 77 81 75 74 90 82 87 86 85 84 88 83 89  3  7  1  8  2  9  5  4  6 14 16 17 10 11 15 12 13 18 23 20 19 24 21 26 27 25 22 33 28 35 31 30 34 32 36 29 44 43 41 40 42 37 38 45 39 50 47 51 48 46 49 53 54 52 59 56 61 57 58 55 63 62 60 65 71 72 69 64 67 68 70 66
 35 34 33 28 31 32 36 30 29 45 37 42 41 40 39 43 38 44 48 52 46 53 47 54 50 49 51 59 61 62 55 56 60 57 58 63 68 65 64 69 66 71 72 70 67 78 73 80 76 75 79 77 81 74 89 88 86 85 87 82 83 90 84  5  2  6  3  1  4  8  9  7 14 11 16 12 13 10 18 17 15 20 26 27 24 19 22 23 25 21
 89 88 87 82 85 86 90 84 83  9  1  6  5  4  3  7  2  8 12 16 10 17 11 18 14 13 15 23 25 26 19 20 24 21 22 27 32 29 28 33 30 35 36 34 31 42 37 44 40 39 43 41 45 38 53 52 50 49 51 46 47 54 48 59 56 60 57 55 58 62 63 61 68 65 70 66 67 64 72 71 69 74 80 81 78 73 76 77 79 75
 26 25 24 19 22 23 27 21 20 36 28 33 32 31 30 34 29 35 39 43 37 44 38 45 41 40 42 50 52 53 46 47 51 48 49 54 59 56 55 60 57 62 63 61 58 69 64 71 67 66 70 68 72 65 80 79 77 76 78 73 74 81 75 86 83 87 84 82 85 89 90 88  5  2  7  3  4  1  9  8  6 11 17 18 15 10 13 14 16 12
 71 70 69 64 67 68 72 66 65 81 73 78 77 76 75 79 74 80 84 88 82 89 83 90 86 85 87  5  7  8  1  2  6  3  4  9 14 11 10 15 12 17 18 16 13 24 19 26 22 21 25 23 27 20 35 34 32 31 33 28 29 36 30 41 38 42 39 37 40 44 45 43 50 47 52 48 49 46 54 53 51 56 62 63 60 55 58 59 61 57
 44 43 42 37 40 41 45 39 38 54 46 51 50 49 48 52 47 53 57 61 55 62 56 63 59 58 60 68 70 71 64 65 69 66 67 72 77 74 73 78 75 80 81 79 76 87 82 89 85 84 88 86 90 83  8  7  5  4  6  1  2  9  3 14 11 15 12 10 13 17 18 16 23 20 25 21 22 19 27 26 24 29 35 36 33 28 31 32 34 30
 62 61 60 55 58 59 63 57 56 72 64 69 68 67 66 70 65 71 75 79 73 80 74 81 77 76 78 86 88 89 82 83 87 84 85 90  5  2  1  6  3  8  9  7  4 15 10 17 13 12 16 14 18 11 26 25 23 22 24 19 20 27 21 32 29 33 30 28 31 35 36 34 41 38 43 39 40 37 45 44 42 47 53 54 51 46 49 50 52 48
 53 52 51 46 49 50 54 48 47 63 55 60 59 58 57 61 56 62 66 70 64 71 65 72 68 67 69 77 79 80 73 74 78 75 76 81 86 83 82 87 84 89 90 88 85  6  1  8  4  3  7  5  9  2 17 16 14 13 15 10 11 18 12 23 20 24 21 19 22 26 27 25 32 29 34 30 31 28 36 35 33 38 44 45 42 37 40 41 43 39
  8  7  6  1  4  5  9  3  2 18 10 15 14 13 12 16 11 17 21 25 19 26 20 27 23 22 24 32 34 35 28 29 33 30 31 36 41 38 37 42 39 44 45 43 40 51 46 53 49 48 52 50 54 47 62 61 59 58 60 55 56 63 57 68 65 69 66 64 67 71 72 70 77 74 79 75 76 73 81 80 78 83 89 90 87 82 85 86 88 84
 63 62 61 56 59 60 55 58 57 64 65 70 69 68 67 71 66 72 76 80 74 81 75 73 78 77 79 87 89 90 83 84 88 85 86 82  6  3  2  7  4  9  1  8  5 16 11 18 14 13 17 15 10 12 27 26 24 23 25 20 21 19 22 33 30 34 31 29 32 36 28 35 42 39 44 40 41 38 37 45 43 48 54 46 52 47 50 51 53 49
 18 17 16 11 14 15 10 13 12 19 20 25 24 23 22 26 21 27 31 35 29 36 30 28 33 32 34 42 44 45 38 39 43 40 41 37 51 48 47 52 49 54 46 53 50 61 56 63 59 58 62 60 55 57 72 71 69 68 70 65 66 64 67 78 75 79 76 74 77 81 73 80 87 84 89 85 86 83 82 90 88  3  9  1  7  2  5  6  8  4
 27 26 25 20 23 24 19 22 21 28 29 34 33 32 31 35 30 36 40 44 38 45 39 37 42 41 43 51 53 54 47 48 52 49 50 46 60 57 56 61 58 63 55 62 59 70 65 72 68 67 71 69 64 66 81 80 78 77 79 74 75 73 76 87 84 88 85 83 86 90 82 89  6  3  8  4  5  2  1  9  7 12 18 10 16 11 14 15 17 13
  9  8  7  2  5  6  1  4  3 10 11 16 15 14 13 17 12 18 22 26 20 27 21 19 24 23 25 33 35 36 29 30 34 31 32 28 42 39 38 43 40 45 37 44 41 52 47 54 50 49 53 51 46 48 63 62 60 59 61 56 57 55 58 69 66 70 67 65 68 72 64 71 78 75 80 76 77 74 73 81 79 84 90 82 88 83 86 87 89 85
 45 44 43 38 41 42 37 40 39 46 47 52 51 50 49 53 48 54 58 62 56 63 57 55 60 59 61 69 71 72 65 66 70 67 68 64 78 75 74 79 76 81 73 80 77 88 83 90 86 85 89 87 82 84  9  8  6  5  7  2  3  1  4 15 12 16 13 11 14 18 10 17 24 21 26 22 23 20 19 27 25 30 36 28 34 29 32 33 35 31
 54 53 52 47 50 51 46 49 48 55 56 61 60 59 58 62 57 63 67 71 65 72 66 64 69 68 70 78 80 81 74 75 79 76 77 73 87 84 83 88 85 90 82 89 86  7  2  9  5  4  8  6  1  3 18 17 15 14 16 11 12 10 13 24 21 25 22 20 23 27 19 26 33 30 35 31 32 29 28 36 34 39 45 37 43 38 41 42 44 40
 90 89 88 83 86 87 82 85 84  1  2  7  6  5  4  8  3  9 13 17 11 18 12 10 15 14 16 24 26 27 20 21 25 22 23 19 33 30 29 34 31 36 28 35 32 43 38 45 41 40 44 42 37 39 54 53 51 50 52 47 48 46 49 60 57 61 58 56 59 63 55 62 69 66 71 67 68 65 64 72 70 75 81 73 79 74 77 78 80 76
 72 71 70 65 68 69 64 67 66 73 74 79 78 77 76 80 75 81 85 89 83 90 84 82 87 86 88  6  8  9  2  3  7  4  5  1 15 12 11 16 13 18 10 17 14 25 20 27 23 22 26 24 19 21 36 35 33 32 34 29 30 28 31 42 39 43 40 38 41 45 37 44 51 48 53 49 50 47 46 54 52 57 63 55 61 56 59 60 62 58
 81 80 79 74 77 78 73 76 75 82 83 88 87 86 85 89 84 90  4  8  2  9  3  1  6  5  7 15 17 18 11 12 16 13 14 10 24 21 20 25 22 27 19 26 23 34 29 36 32 31 35 33 28 30 45 44 42 41 43 38 39 37 40 51 48 52 49 47 50 54 46 53 60 57 62 58 59 56 55 63 61 66 72 64 70 65 68 69 71 67
 36 35 34 29 32 33 28 31 30 37 38 43 42 41 40 44 39 45 49 53 47 54 48 46 51 50 52 60 62 63 56 57 61 58 59 55 69 66 65 70 67 72 64 71 68 79 74 81 77 76 80 78 73 75 90 89 87 86 88 83 84 82 85  6  3  7  4  2  5  9  1  8 15 12 17 13 14 11 10 18 16 21 27 19 25 20 23 24 26 22
 82 90 89 84 87 88 83 86 85  2  3  8  7  6  5  9  4  1 14 18 12 10 13 11 16 15 17 25 27 19 21 22 26 23 24 20 34 31 30 35 32 28 29 36 33 44 39 37 42 41 45 43 38 40 46 54 52 51 53 48 49 47 50 61 58 62 59 57 60 55 56 63 70 67 72 68 69 66 65 64 71 76 73 74 80 75 78 79 81 77
  1  9  8  3  6  7  2  5  4 11 12 17 16 15 14 18 13 10 23 27 21 19 22 20 25 24 26 34 36 28 30 31 35 32 33 29 43 40 39 44 41 37 38 45 42 53 48 46 51 50 54 52 47 49 55 63 61 60 62 57 58 56 59 70 67 71 68 66 69 64 65 72 79 76 81 77 78 75 74 73 80 85 82 83 89 84 87 88 90 86
 10 18 17 12 15 16 11 14 13 20 21 26 25 24 23 27 22 19 32 36 30 28 31 29 34 33 35 43 45 37 39 40 44 41 42 38 52 49 48 53 50 46 47 54 51 62 57 55 60 59 63 61 56 58 64 72 70 69 71 66 67 65 68 79 76 80 77 75 78 73 74 81 88 85 90 86 87 84 83 82 89  4  1  2  8  3  6  7  9  5
 37 45 44 39 42 43 38 41 40 47 48 53 52 51 50 54 49 46 59 63 57 55 58 56 61 60 62 70 72 64 66 67 71 68 69 65 79 76 75 80 77 73 74 81 78 89 84 82 87 86 90 88 83 85  1  9  7  6  8  3  4  2  5 16 13 17 14 12 15 10 11 18 25 22 27 23 24 21 20 19 26 31 28 29 35 30 33 34 36 32
 64 72 71 66 69 70 65 68 67 74 75 80 79 78 77 81 76 73 86 90 84 82 85 83 88 87 89  7  9  1  3  4  8  5  6  2 16 13 12 17 14 10 11 18 15 26 21 19 24 23 27 25 20 22 28 36 34 33 35 30 31 29 32 43 40 44 41 39 42 37 38 45 52 49 54 50 51 48 47 46 53 58 55 56 62 57 60 61 63 59
 46 54 53 48 51 52 47 50 49 56 57 62 61 60 59 63 58 55 68 72 66 64 67 65 70 69 71 79 81 73 75 76 80 77 78 74 88 85 84 89 86 82 83 90 87  8  3  1  6  5  9  7  2  4 10 18 16 15 17 12 13 11 14 25 22 26 23 21 24 19 20 27 34 31 36 32 33 30 29 28 35 40 37 38 44 39 42 43 45 41
 19 27 26 21 24 25 20 23 22 29 30 35 34 33 32 36 31 28 41 45 39 37 40 38 43 42 44 52 54 46 48 49 53 50 51 47 61 58 57 62 59 55 56 63 60 71 66 64 69 68 72 70 65 67 73 81 79 78 80 75 76 74 77 88 85 89 86 84 87 82 83 90  7  4  9  5  6  3  2  1  8 13 10 11 17 12 15 16 18 14
 55 63 62 57 60 61 56 59 58 65 66 71 70 69 68 72 67 64 77 81 75 73 76 74 79 78 80 88 90 82 84 85 89 86 87 83  7  4  3  8  5  1  2  9  6 17 12 10 15 14 18 16 11 13 19 27 25 24 26 21 22 20 23 34 31 35 32 30 33 28 29 36 43 40 45 41 42 39 38 37 44 49 46 47 53 48 51 52 54 50
 73 81 80 75 78 79 74 77 76 83 84 89 88 87 86 90 85 82  5  9  3  1  4  2  7  6  8 16 18 10 12 13 17 14 15 11 25 22 21 26 23 19 20 27 24 35 30 28 33 32 36 34 29 31 37 45 43 42 44 39 40 38 41 52 49 53 50 48 51 46 47 54 61 58 63 59 60 57 56 55 62 67 64 65 71 66 69 70 72 68
 28 36 35 30 33 34 29 32 31 38 39 44 43 42 41 45 40 37 50 54 48 46 49 47 52 51 53 61 63 55 57 58 62 59 60 56 70 67 66 71 68 64 65 72 69 80 75 73 78 77 81 79 74 76 82 90 88 87 89 84 85 83 86  7  4  8  5  3  6  1  2  9 16 13 18 14 15 12 11 10 17 22 19 20 26 21 24 25 27 23
 47 46 54 49 52 53 48 51 50 57 58 63 62 61 60 55 59 56 69 64 67 65 68 66 71 70 72 80 73 74 76 77 81 78 79 75 89 86 85 90 87 83 84 82 88  9  4  2  7  6  1  8  3  5 11 10 17 16 18 13 14 12 15 26 23 27 24 22 25 20 21 19 35 32 28 33 34 31 30 29 36 41 38 39 45 40 43 44 37 42
  2  1  9  4  7  8  3  6  5 12 13 18 17 16 15 10 14 11 24 19 22 20 23 21 26 25 27 35 28 29 31 32 36 33 34 30 44 41 40 45 42 38 39 37 43 54 49 47 52 51 46 53 48 50 56 55 62 61 63 58 59 57 60 71 68 72 69 67 70 65 66 64 80 77 73 78 79 76 75 74 81 86 83 84 90 85 88 89 82 87
 83 82 90 85 88 89 84 87 86  3  4  9  8  7  6  1  5  2 15 10 13 11 14 12 17 16 18 26 19 20 22 23 27 24 25 21 35 32 31 36 33 29 30 28 34 45 40 38 43 42 37 44 39 41 47 46 53 52 54 49 50 48 51 62 59 63 60 58 61 56 57 55 71 68 64 69 70 67 66 65 72 77 74 75 81 76 79 80 73 78
 65 64 72 67 70 71 66 69 68 75 76 81 80 79 78 73 77 74 87 82 85 83 86 84 89 88 90  8  1  2  4  5  9  6  7  3 17 14 13 18 15 11 12 10 16 27 22 20 25 24 19 26 21 23 29 28 35 34 36 31 32 30 33 44 41 45 42 40 43 38 39 37 53 50 46 51 52 49 48 47 54 59 56 57 63 58 61 62 55 60
 11 10 18 13 16 17 12 15 14 21 22 27 26 25 24 19 23 20 33 28 31 29 32 30 35 34 36 44 37 38 40 41 45 42 43 39 53 50 49 54 51 47 48 46 52 63 58 56 61 60 55 62 57 59 65 64 71 70 72 67 68 66 69 80 77 81 78 76 79 74 75 73 89 86 82 87 88 85 84 83 90  5  2  3  9  4  7  8  1  6
 20 19 27 22 25 26 21 24 23 30 31 36 35 34 33 28 32 29 42 37 40 38 41 39 44 43 45 53 46 47 49 50 54 51 52 48 62 59 58 63 60 56 57 55 61 72 67 65 70 69 64 71 66 68 74 73 80 79 81 76 77 75 78 89 86 90 87 85 88 83 84 82  8  5  1  6  7  4  3  2  9 14 11 12 18 13 16 17 10 15
 38 37 45 40 43 44 39 42 41 48 49 54 53 52 51 46 50 47 60 55 58 56 59 57 62 61 63 71 64 65 67 68 72 69 70 66 80 77 76 81 78 74 75 73 79 90 85 83 88 87 82 89 84 86  2  1  8  7  9  4  5  3  6 17 14 18 15 13 16 11 12 10 26 23 19 24 25 22 21 20 27 32 29 30 36 31 34 35 28 33
 74 73 81 76 79 80 75 78 77 84 85 90 89 88 87 82 86 83  6  1  4  2  5  3  8  7  9 17 10 11 13 14 18 15 16 12 26 23 22 27 24 20 21 19 25 36 31 29 34 33 28 35 30 32 38 37 44 43 45 40 41 39 42 53 50 54 51 49 52 47 48 46 62 59 55 60 61 58 57 56 63 68 65 66 72 67 70 71 64 69
 29 28 36 31 34 35 30 33 32 39 40 45 44 43 42 37 41 38 51 46 49 47 50 48 53 52 54 62 55 56 58 59 63 60 61 57 71 68 67 72 69 65 66 64 70 81 76 74 79 78 73 80 75 77 83 82 89 88 90 85 86 84 87  8  5  9  6  4  7  2  3  1 17 14 10 15 16 13 12 11 18 23 20 21 27 22 25 26 19 24
 56 55 63 58 61 62 57 60 59 66 67 72 71 70 69 64 68 65 78 73 76 74 77 75 80 79 81 89 82 83 85 86 90 87 88 84  8  5  4  9  6  2  3  1  7 18 13 11 16 15 10 17 12 14 20 19 26 25 27 22 23 21 24 35 32 36 33 31 34 29 30 28 44 41 37 42 43 40 39 38 45 50 47 48 54 49 52 53 46 51
 66 65 64 68 71 72 67 70 69 76 77 73 81 80 79 74 78 75 88 83 86 84 87 85 90 89 82  9  2  3  5  6  1  7  8  4 18 15 14 10 16 12 13 11 17 19 23 21 26 25 20 27 22 24 30 29 36 35 28 32 33 31 34 45 42 37 43 41 44 39 40 38 54 51 47 52 53 50 49 48 46 60 57 58 55 59 62 63 56 61
 12 11 10 14 17 18 13 16 15 22 23 19 27 26 25 20 24 21 34 29 32 30 33 31 36 35 28 45 38 39 41 42 37 43 44 40 54 51 50 46 52 48 49 47 53 55 59 57 62 61 56 63 58 60 66 65 72 71 64 68 69 67 70 81 78 73 79 77 80 75 76 74 90 87 83 88 89 86 85 84 82  6  3  4  1  5  8  9  2  7
 75 74 73 77 80 81 76 79 78 85 86 82 90 89 88 83 87 84  7  2  5  3  6  4  9  8  1 18 11 12 14 15 10 16 17 13 27 24 23 19 25 21 22 20 26 28 32 30 35 34 29 36 31 33 39 38 45 44 37 41 42 40 43 54 51 46 52 50 53 48 49 47 63 60 56 61 62 59 58 57 55 69 66 67 64 68 71 72 65 70
 21 20 19 23 26 27 22 25 24 31 32 28 36 35 34 29 33 30 43 38 41 39 42 40 45 44 37 54 47 48 50 51 46 52 53 49 63 60 59 55 61 57 58 56 62 64 68 66 71 70 65 72 67 69 75 74 81 80 73 77 78 76 79 90 87 82 88 86 89 84 85 83  9  6  2  7  8  5  4  3  1 15 12 13 10 14 17 18 11 16
 48 47 46 50 53 54 49 52 51 58 59 55 63 62 61 56 60 57 70 65 68 66 69 67 72 71 64 81 74 75 77 78 73 79 80 76 90 87 86 82 88 84 85 83 89  1  5  3  8  7  2  9  4  6 12 11 18 17 10 14 15 13 16 27 24 19 25 23 26 21 22 20 36 33 29 34 35 32 31 30 28 42 39 40 37 41 44 45 38 43
 84 83 82 86 89 90 85 88 87  4  5  1  9  8  7  2  6  3 16 11 14 12 15 13 18 17 10 27 20 21 23 24 19 25 26 22 36 33 32 28 34 30 31 29 35 37 41 39 44 43 38 45 40 42 48 47 54 53 46 50 51 49 52 63 60 55 61 59 62 57 58 56 72 69 65 70 71 68 67 66 64 78 75 76 73 77 80 81 74 79
 57 56 55 59 62 63 58 61 60 67 68 64 72 71 70 65 69 66 79 74 77 75 78 76 81 80 73 90 83 84 86 87 82 88 89 85  9  6  5  1  7  3  4  2  8 10 14 12 17 16 11 18 13 15 21 20 27 26 19 23 24 22 25 36 33 28 34 32 35 30 31 29 45 42 38 43 44 41 40 39 37 51 48 49 46 50 53 54 47 52
 30 29 28 32 35 36 31 34 33 40 41 37 45 44 43 38 42 39 52 47 50 48 51 49 54 53 46 63 56 57 59 60 55 61 62 58 72 69 68 64 70 66 67 65 71 73 77 75 80 79 74 81 76 78 84 83 90 89 82 86 87 85 88  9  6  1  7  5  8  3  4  2 18 15 11 16 17 14 13 12 10 24 21 22 19 23 26 27 20 25
 39 38 37 41 44 45 40 43 42 49 50 46 54 53 52 47 51 48 61 56 59 57 60 58 63 62 55 72 65 66 68 69 64 70 71 67 81 78 77 73 79 75 76 74 80 82 86 84 89 88 83 90 85 87  3  2  9  8  1  5  6  4  7 18 15 10 16 14 17 12 13 11 27 24 20 25 26 23 22 21 19 33 30 31 28 32 35 36 29 34
  3  2  1  5  8  9  4  7  6 13 14 10 18 17 16 11 15 12 25 20 23 21 24 22 27 26 19 36 29 30 32 33 28 34 35 31 45 42 41 37 43 39 40 38 44 46 50 48 53 52 47 54 49 51 57 56 63 62 55 59 60 58 61 72 69 64 70 68 71 66 67 65 81 78 74 79 80 77 76 75 73 87 84 85 82 86 89 90 83 88
 31 30 29 33 36 28 32 35 34 41 42 38 37 45 44 39 43 40 53 48 51 49 52 50 46 54 47 55 57 58 60 61 56 62 63 59 64 70 69 65 71 67 68 66 72 74 78 76 81 80 75 73 77 79 85 84 82 90 83 87 88 86 89  1  7  2  8  6  9  4  5  3 10 16 12 17 18 15 14 13 11 25 22 23 20 24 27 19 21 26
 40 39 38 42 45 37 41 44 43 50 51 47 46 54 53 48 52 49 62 57 60 58 61 59 55 63 56 64 66 67 69 70 65 71 72 68 73 79 78 74 80 76 77 75 81 83 87 85 90 89 84 82 86 88  4  3  1  9  2  6  7  5  8 10 16 11 17 15 18 13 14 12 19 25 21 26 27 24 23 22 20 34 31 32 29 33 36 28 30 35
 76 75 74 78 81 73 77 80 79 86 87 83 82 90 89 84 88 85  8  3  6  4  7  5  1  9  2 10 12 13 15 16 11 17 18 14 19 25 24 20 26 22 23 21 27 29 33 31 36 35 30 28 32 34 40 39 37 45 38 42 43 41 44 46 52 47 53 51 54 49 50 48 55 61 57 62 63 60 59 58 56 70 67 68 65 69 72 64 66 71
 58 57 56 60 63 55 59 62 61 68 69 65 64 72 71 66 70 67 80 75 78 76 79 77 73 81 74 82 84 85 87 88 83 89 90 86  1  7  6  2  8  4  5  3  9 11 15 13 18 17 12 10 14 16 22 21 19 27 20 24 25 23 26 28 34 29 35 33 36 31 32 30 37 43 39 44 45 42 41 40 38 52 49 50 47 51 54 46 48 53
 49 48 47 51 54 46 50 53 52 59 60 56 55 63 62 57 61 58 71 66 69 67 70 68 64 72 65 73 75 76 78 79 74 80 81 77 82 88 87 83 89 85 86 84 90  2  6  4  9  8  3  1  5  7 13 12 10 18 11 15 16 14 17 19 25 20 26 24 27 22 23 21 28 34 30 35 36 33 32 31 29 43 40 41 38 42 45 37 39 44
 13 12 11 15 18 10 14 17 16 23 24 20 19 27 26 21 25 22 35 30 33 31 34 32 28 36 29 37 39 40 42 43 38 44 45 41 46 52 51 47 53 49 50 48 54 56 60 58 63 62 57 55 59 61 67 66 64 72 65 69 70 68 71 73 79 74 80 78 81 76 77 75 82 88 84 89 90 87 86 85 83  7  4  5  2  6  9  1  3  8
 22 21 20 24 27 19 23 26 25 32 33 29 28 36 35 30 34 31 44 39 42 40 43 41 37 45 38 46 48 49 51 52 47 53 54 50 55 61 60 56 62 58 59 57 63 65 69 67 72 71 66 64 68 70 76 75 73 81 74 78 79 77 80 82 88 83 89 87 90 85 86 84  1  7  3  8  9  6  5  4  2 16 13 14 11 15 18 10 12 17
 67 66 65 69 72 64 68 71 70 77 78 74 73 81 80 75 79 76 89 84 87 85 88 86 82 90 83  1  3  4  6  7  2  8  9  5 10 16 15 11 17 13 14 12 18 20 24 22 27 26 21 19 23 25 31 30 28 36 29 33 34 32 35 37 43 38 44 42 45 40 41 39 46 52 48 53 54 51 50 49 47 61 58 59 56 60 63 55 57 62
  4  3  2  6  9  1  5  8  7 14 15 11 10 18 17 12 16 13 26 21 24 22 25 23 19 27 20 28 30 31 33 34 29 35 36 32 37 43 42 38 44 40 41 39 45 47 51 49 54 53 48 46 50 52 58 57 55 63 56 60 61 59 62 64 70 65 71 69 72 67 68 66 73 79 75 80 81 78 77 76 74 88 85 86 83 87 90 82 84 89
 85 84 83 87 90 82 86 89 88  5  6  2  1  9  8  3  7  4 17 12 15 13 16 14 10 18 11 19 21 22 24 25 20 26 27 23 28 34 33 29 35 31 32 30 36 38 42 40 45 44 39 37 41 43 49 48 46 54 47 51 52 50 53 55 61 56 62 60 63 58 59 57 64 70 66 71 72 69 68 67 65 79 76 77 74 78 81 73 75 80
