  9  4  2  3  1  6  8  5  7 12 13 10 15 11 18 14 16 17 23 20 22 25 26 21 24 19 27 34 29 28 33 36 31 32 30 35 40 44 41 37 42 38 43 39 45 46 54 48 52 49 51 53 47 50 59 57 60 58 61 62 63 55 56 72 66 68 70 64 71 67 69 65 81 76 74 80 77 79 75 78 73 84 87 85 86 89 90 82 83 88
 72 67 65 66 64 69 71 68 70 75 76 73 78 74 81 77 79 80 86 83 85 88 89 84 87 82 90  7  2  1  6  9  4  5  3  8 13 17 14 10 15 11 16 12 18 19 27 21 25 22 24 26 20 23 32 30 33 31 34 35 36 28 29 45 39 41 43 37 44 40 42 38 54 49 47 53 50 52 48 51 46 57 60 58 59 62 63 55 56 61
 18 13 11 12 10 15 17 14 16 21 22 19 24 20 27 23 25 26 32 29 31 34 35 30 33 28 36 43 38 37 42 45 40 41 39 44 49 53 50 46 51 47 52 48 54 55 63 57 61 58 60 62 56 59 68 66 69 67 70 71 72 64 65 81 75 77 79 73 80 76 78 74 90 85 83 89 86 88 84 87 82  3  6  4  5  8  9  1  2  7
 45 40 38 39 37 42 44 41 43 48 49 46 51 47 54 50 52 53 59 56 58 61 62 57 60 55 63 70 65 64 69 72 67 68 66 71 76 80 77 73 78 74 79 75 81 82 90 84 88 85 87 89 83 86  5  3  6  4  7  8  9  1  2 18 12 14 16 10 17 13 15 11 27 22 20 26 23 25 21 24 19 30 33 31 32 35 36 28 29 34
 90 85 83 84 82 87 89 86 88  3  4  1  6  2  9  5  7  8 14 11 13 16 17 12 15 10 18 25 20 19 24 27 22 23 21 26 31 35 32 28 33 29 34 30 36 37 45 39 43 40 42 44 38 41 50 48 51 49 52 53 54 46 47 63 57 59 61 55 62 58 60 56 72 67 65 71 68 70 66 69 64 75 78 76 77 80 81 73 74 79
 54 49 47 48 46 51 53 50 52 57 58 55 60 56 63 59 61 62 68 65 67 70 71 66 69 64 72 79 74 73 78 81 76 77 75 80 85 89 86 82 87 83 88 84 90  1  9  3  7  4  6  8  2  5 14 12 15 13 16 17 18 10 11 27 21 23 25 19 26 22 24 20 36 31 29 35 32 34 30 33 28 39 42 40 41 44 45 37 38 43
 36 31 29 30 28 33 35 32 34 39 40 37 42 38 45 41 43 44 50 47 49 52 53 48 51 46 54 61 56 55 60 63 58 59 57 62 67 71 68 64 69 65 70 66 72 73 81 75 79 76 78 80 74 77 86 84 87 85 88 89 90 82 83  9  3  5  7  1  8  4  6  2 18 13 11 17 14 16 12 15 10 21 24 22 23 26 27 19 20 25
 63 58 56 57 55 60 62 59 61 66 67 64 69 65 72 68 70 71 77 74 76 79 80 75 78 73 81 88 83 82 87 90 85 86 84 89  4  8  5  1  6  2  7  3  9 10 18 12 16 13 15 17 11 14 23 21 24 22 25 26 27 19 20 36 30 32 34 28 35 31 33 29 45 40 38 44 41 43 39 42 37 48 51 49 50 53 54 46 47 52
 81 76 74 75 73 78 80 77 79 84 85 82 87 83 90 86 88 89  5  2  4  7  8  3  6  1  9 16 11 10 15 18 13 14 12 17 22 26 23 19 24 20 25 21 27 28 36 30 34 31 33 35 29 32 41 39 42 40 43 44 45 37 38 54 48 50 52 46 53 49 51 47 63 58 56 62 59 61 57 60 55 66 69 67 68 71 72 64 65 70
 27 22 20 21 19 24 26 23 25 30 31 28 33 29 36 32 34 35 41 38 40 43 44 39 42 37 45 52 47 46 51 54 49 50 48 53 58 62 59 55 60 56 61 57 63 64 72 66 70 67 69 71 65 68 77 75 78 76 79 80 81 73 74 90 84 86 88 82 89 85 87 83  9  4  2  8  5  7  3  6  1 12 15 13 14 17 18 10 11 16
 64 68 66 67 65 70 72 69 71 76 77 74 79 75 73 78 80 81 87 84 86 89 90 85 88 83 82  8  3  2  7  1  5  6  4  9 14 18 15 11 16 12 17 13 10 20 19 22 26 23 25 27 21 24 33 31 34 32 35 36 28 29 30 37 40 42 44 38 45 41 43 39 46 50 48 54 51 53 49 52 47 58 61 59 60 63 55 56 57 62
 82 86 84 85 83 88 90 87 89  4  5  2  7  3  1  6  8  9 15 12 14 17 18 13 16 11 10 26 21 20 25 19 23 24 22 27 32 36 33 29 34 30 35 31 28 38 37 40 44 41 43 45 39 42 51 49 52 50 53 54 46 47 48 55 58 60 62 56 63 59 61 57 64 68 66 72 69 71 67 70 65 76 79 77 78 81 73 74 75 80
 19 23 21 22 20 25 27 24 26 31 32 29 34 30 28 33 35 36 42 39 41 44 45 40 43 38 37 53 48 47 52 46 50 51 49 54 59 63 60 56 61 57 62 58 55 65 64 67 71 68 70 72 66 69 78 76 79 77 80 81 73 74 75 82 85 87 89 83 90 86 88 84  1  5  3  9  6  8  4  7  2 13 16 14 15 18 10 11 12 17
 28 32 30 31 29 34 36 33 35 40 41 38 43 39 37 42 44 45 51 48 50 53 54 49 52 47 46 62 57 56 61 55 59 60 58 63 68 72 69 65 70 66 71 67 64 74 73 76 80 77 79 81 75 78 87 85 88 86 89 90 82 83 84  1  4  6  8  2  9  5  7  3 10 14 12 18 15 17 13 16 11 22 25 23 24 27 19 20 21 26
 55 59 57 58 56 61 63 60 62 67 68 65 70 66 64 69 71 72 78 75 77 80 81 76 79 74 73 89 84 83 88 82 86 87 85 90  5  9  6  2  7  3  8  4  1 11 10 13 17 14 16 18 12 15 24 22 25 23 26 27 19 20 21 28 31 33 35 29 36 32 34 30 37 41 39 45 42 44 40 43 38 49 52 50 51 54 46 47 48 53
 46 50 48 49 47 52 54 51 53 58 59 56 61 57 55 60 62 63 69 66 68 71 72 67 70 65 64 80 75 74 79 73 77 78 76 81 86 90 87 83 88 84 89 85 82  2  1  4  8  5  7  9  3  6 15 13 16 14 17 18 10 11 12 19 22 24 26 20 27 23 25 21 28 32 30 36 33 35 31 34 29 40 43 41 42 45 37 38 39 44
 37 41 39 40 38 43 45 42 44 49 50 47 52 48 46 51 53 54 60 57 59 62 63 58 61 56 55 71 66 65 70 64 68 69 67 72 77 81 78 74 79 75 80 76 73 83 82 85 89 86 88 90 84 87  6  4  7  5  8  9  1  2  3 10 13 15 17 11 18 14 16 12 19 23 21 27 24 26 22 25 20 31 34 32 33 36 28 29 30 35
  1  5  3  4  2  7  9  6  8 13 14 11 16 12 10 15 17 18 24 21 23 26 27 22 25 20 19 35 30 29 34 28 32 33 31 36 41 45 42 38 43 39 44 40 37 47 46 49 53 50 52 54 48 51 60 58 61 59 62 63 55 56 57 64 67 69 71 65 72 68 70 66 73 77 75 81 78 80 76 79 74 85 88 86 87 90 82 83 84 89
 73 77 75 76 74 79 81 78 80 85 86 83 88 84 82 87 89 90  6  3  5  8  9  4  7  2  1 17 12 11 16 10 14 15 13 18 23 27 24 20 25 21 26 22 19 29 28 31 35 32 34 36 30 33 42 40 43 41 44 45 37 38 39 46 49 51 53 47 54 50 52 48 55 59 57 63 60 62 58 61 56 67 70 68 69 72 64 65 66 71
 10 14 12 13 11 16 18 15 17 22 23 20 25 21 19 24 26 27 33 30 32 35 36 31 34 29 28 44 39 38 43 37 41 42 40 45 50 54 51 47 52 48 53 49 46 56 55 58 62 59 61 63 57 60 69 67 70 68 71 72 64 65 66 73 76 78 80 74 81 77 79 75 82 86 84 90 87 89 85 88 83  4  7  5  6  9  1  2  3  8
 65 69 67 68 66 71 64 70 72 77 78 75 80 76 74 79 81 73 88 85 87 90 82 86 89 84 83  9  4  3  8  2  6  7  5  1 15 10 16 12 17 13 18 14 11 21 20 23 27 24 26 19 22 25 34 32 35 33 36 28 29 30 31 38 41 43 45 39 37 42 44 40 47 51 49 46 52 54 50 53 48 59 62 60 61 55 56 57 58 63
 29 33 31 32 30 35 28 34 36 41 42 39 44 40 38 43 45 37 52 49 51 54 46 50 53 48 47 63 58 57 62 56 60 61 59 55 69 64 70 66 71 67 72 68 65 75 74 77 81 78 80 73 76 79 88 86 89 87 90 82 83 84 85  2  5  7  9  3  1  6  8  4 11 15 13 10 16 18 14 17 12 23 26 24 25 19 20 21 22 27
 20 24 22 23 21 26 19 25 27 32 33 30 35 31 29 34 36 28 43 40 42 45 37 41 44 39 38 54 49 48 53 47 51 52 50 46 60 55 61 57 62 58 63 59 56 66 65 68 72 69 71 64 67 70 79 77 80 78 81 73 74 75 76 83 86 88 90 84 82 87 89 85  2  6  4  1  7  9  5  8  3 14 17 15 16 10 11 12 13 18
 11 15 13 14 12 17 10 16 18 23 24 21 26 22 20 25 27 19 34 31 33 36 28 32 35 30 29 45 40 39 44 38 42 43 41 37 51 46 52 48 53 49 54 50 47 57 56 59 63 60 62 55 58 61 70 68 71 69 72 64 65 66 67 74 77 79 81 75 73 78 80 76 83 87 85 82 88 90 86 89 84  5  8  6  7  1  2  3  4  9
 83 87 85 86 84 89 82 88 90  5  6  3  8  4  2  7  9  1 16 13 15 18 10 14 17 12 11 27 22 21 26 20 24 25 23 19 33 28 34 30 35 31 36 32 29 39 38 41 45 42 44 37 40 43 52 50 53 51 54 46 47 48 49 56 59 61 63 57 55 60 62 58 65 69 67 64 70 72 68 71 66 77 80 78 79 73 74 75 76 81
 74 78 76 77 75 80 73 79 81 86 87 84 89 85 83 88 90 82  7  4  6  9  1  5  8  3  2 18 13 12 17 11 15 16 14 10 24 19 25 21 26 22 27 23 20 30 29 32 36 33 35 28 31 34 43 41 44 42 45 37 38 39 40 47 50 52 54 48 46 51 53 49 56 60 58 55 61 63 59 62 57 68 71 69 70 64 65 66 67 72
 47 51 49 50 48 53 46 52 54 59 60 57 62 58 56 61 63 55 70 67 69 72 64 68 71 66 65 81 76 75 80 74 78 79 77 73 87 82 88 84 89 85 90 86 83  3  2  5  9  6  8  1  4  7 16 14 17 15 18 10 11 12 13 20 23 25 27 21 19 24 26 22 29 33 31 28 34 36 32 35 30 41 44 42 43 37 38 39 40 45
  2  6  4  5  3  8  1  7  9 14 15 12 17 13 11 16 18 10 25 22 24 27 19 23 26 21 20 36 31 30 35 29 33 34 32 28 42 37 43 39 44 40 45 41 38 48 47 50 54 51 53 46 49 52 61 59 62 60 63 55 56 57 58 65 68 70 72 66 64 69 71 67 74 78 76 73 79 81 77 80 75 86 89 87 88 82 83 84 85 90
 38 42 40 41 39 44 37 43 45 50 51 48 53 49 47 52 54 46 61 58 60 63 55 59 62 57 56 72 67 66 71 65 69 70 68 64 78 73 79 75 80 76 81 77 74 84 83 86 90 87 89 82 85 88  7  5  8  6  9  1  2  3  4 11 14 16 18 12 10 15 17 13 20 24 22 19 25 27 23 26 21 32 35 33 34 28 29 30 31 36
 56 60 58 59 57 62 55 61 63 68 69 66 71 67 65 70 72 64 79 76 78 81 73 77 80 75 74 90 85 84 89 83 87 88 86 82  6  1  7  3  8  4  9  5  2 12 11 14 18 15 17 10 13 16 25 23 26 24 27 19 20 21 22 29 32 34 36 30 28 33 35 31 38 42 40 37 43 45 41 44 39 50 53 51 52 46 47 48 49 54
 75 79 77 78 76 81 74 80 73 87 88 85 90 86 84 89 82 83  8  5  7  1  2  6  9  4  3 10 14 13 18 12 16 17 15 11 25 20 26 22 27 23 19 24 21 31 30 33 28 34 36 29 32 35 44 42 45 43 37 38 39 40 41 48 51 53 46 49 47 52 54 50 57 61 59 56 62 55 60 63 58 69 72 70 71 65 66 67 68 64
  3  7  5  6  4  9  2  8  1 15 16 13 18 14 12 17 10 11 26 23 25 19 20 24 27 22 21 28 32 31 36 30 34 35 33 29 43 38 44 40 45 41 37 42 39 49 48 51 46 52 54 47 50 53 62 60 63 61 55 56 57 58 59 66 69 71 64 67 65 70 72 68 75 79 77 74 80 73 78 81 76 87 90 88 89 83 84 85 86 82
 48 52 50 51 49 54 47 53 46 60 61 58 63 59 57 62 55 56 71 68 70 64 65 69 72 67 66 73 77 76 81 75 79 80 78 74 88 83 89 85 90 86 82 87 84  4  3  6  1  7  9  2  5  8 17 15 18 16 10 11 12 13 14 21 24 26 19 22 20 25 27 23 30 34 32 29 35 28 33 36 31 42 45 43 44 38 39 40 41 37
 39 43 41 42 40 45 38 44 37 51 52 49 54 50 48 53 46 47 62 59 61 55 56 60 63 58 57 64 68 67 72 66 70 71 69 65 79 74 80 76 81 77 73 78 75 85 84 87 82 88 90 83 86 89  8  6  9  7  1  2  3  4  5 12 15 17 10 13 11 16 18 14 21 25 23 20 26 19 24 27 22 33 36 34 35 29 30 31 32 28
 30 34 32 33 31 36 29 35 28 42 43 40 45 41 39 44 37 38 53 50 52 46 47 51 54 49 48 55 59 58 63 57 61 62 60 56 70 65 71 67 72 68 64 69 66 76 75 78 73 79 81 74 77 80 89 87 90 88 82 83 84 85 86  3  6  8  1  4  2  7  9  5 12 16 14 11 17 10 15 18 13 24 27 25 26 20 21 22 23 19
 12 16 14 15 13 18 11 17 10 24 25 22 27 23 21 26 19 20 35 32 34 28 29 33 36 31 30 37 41 40 45 39 43 44 42 38 52 47 53 49 54 50 46 51 48 58 57 60 55 61 63 56 59 62 71 69 72 70 64 65 66 67 68 75 78 80 73 76 74 79 81 77 84 88 86 83 89 82 87 90 85  6  9  7  8  2  3  4  5  1
 66 70 68 69 67 72 65 71 64 78 79 76 81 77 75 80 73 74 89 86 88 82 83 87 90 85 84  1  5  4  9  3  7  8  6  2 16 11 17 13 18 14 10 15 12 22 21 24 19 25 27 20 23 26 35 33 36 34 28 29 30 31 32 39 42 44 37 40 38 43 45 41 48 52 50 47 53 46 51 54 49 60 63 61 62 56 57 58 59 55
 21 25 23 24 22 27 20 26 19 33 34 31 36 32 30 35 28 29 44 41 43 37 38 42 45 40 39 46 50 49 54 48 52 53 51 47 61 56 62 58 63 59 55 60 57 67 66 69 64 70 72 65 68 71 80 78 81 79 73 74 75 76 77 84 87 89 82 85 83 88 90 86  3  7  5  2  8  1  6  9  4 15 18 16 17 11 12 13 14 10
 84 88 86 87 85 90 83 89 82  6  7  4  9  5  3  8  1  2 17 14 16 10 11 15 18 13 12 19 23 22 27 21 25 26 24 20 34 29 35 31 36 32 28 33 30 40 39 42 37 43 45 38 41 44 53 51 54 52 46 47 48 49 50 57 60 62 55 58 56 61 63 59 66 70 68 65 71 64 69 72 67 78 81 79 80 74 75 76 77 73
 57 61 59 60 58 63 56 62 55 69 70 67 72 68 66 71 64 65 80 77 79 73 74 78 81 76 75 82 86 85 90 84 88 89 87 83  7  2  8  4  9  5  1  6  3 13 12 15 10 16 18 11 14 17 26 24 27 25 19 20 21 22 23 30 33 35 28 31 29 34 36 32 39 43 41 38 44 37 42 45 40 51 54 52 53 47 48 49 50 46
 31 35 33 34 32 28 30 36 29 43 44 41 37 42 40 45 38 39 54 51 53 47 48 52 46 50 49 56 60 59 55 58 62 63 61 57 71 66 72 68 64 69 65 70 67 77 76 79 74 80 73 75 78 81 90 88 82 89 83 84 85 86 87  4  7  9  2  5  3  8  1  6 13 17 15 12 18 11 16 10 14 25 19 26 27 21 22 23 24 20
 13 17 15 16 14 10 12 18 11 25 26 23 19 24 22 27 20 21 36 33 35 29 30 34 28 32 31 38 42 41 37 40 44 45 43 39 53 48 54 50 46 51 47 52 49 59 58 61 56 62 55 57 60 63 72 70 64 71 65 66 67 68 69 76 79 81 74 77 75 80 73 78 85 89 87 84 90 83 88 82 86  7  1  8  9  3  4  5  6  2
 49 53 51 52 50 46 48 54 47 61 62 59 55 60 58 63 56 57 72 69 71 65 66 70 64 68 67 74 78 77 73 76 80 81 79 75 89 84 90 86 82 87 83 88 85  5  4  7  2  8  1  3  6  9 18 16 10 17 11 12 13 14 15 22 25 27 20 23 21 26 19 24 31 35 33 30 36 29 34 28 32 43 37 44 45 39 40 41 42 38
 40 44 42 43 41 37 39 45 38 52 53 50 46 51 49 54 47 48 63 60 62 56 57 61 55 59 58 65 69 68 64 67 71 72 70 66 80 75 81 77 73 78 74 79 76 86 85 88 83 89 82 84 87 90  9  7  1  8  2  3  4  5  6 13 16 18 11 14 12 17 10 15 22 26 24 21 27 20 25 19 23 34 28 35 36 30 31 32 33 29
 76 80 78 79 77 73 75 81 74 88 89 86 82 87 85 90 83 84  9  6  8  2  3  7  1  5  4 11 15 14 10 13 17 18 16 12 26 21 27 23 19 24 20 25 22 32 31 34 29 35 28 30 33 36 45 43 37 44 38 39 40 41 42 49 52 54 47 50 48 53 46 51 58 62 60 57 63 56 61 55 59 70 64 71 72 66 67 68 69 65
 85 89 87 88 86 82 84 90 83  7  8  5  1  6  4  9  2  3 18 15 17 11 12 16 10 14 13 20 24 23 19 22 26 27 25 21 35 30 36 32 28 33 29 34 31 41 40 43 38 44 37 39 42 45 54 52 46 53 47 48 49 50 51 58 61 63 56 59 57 62 55 60 67 71 69 66 72 65 70 64 68 79 73 80 81 75 76 77 78 74
  4  8  6  7  5  1  3  9  2 16 17 14 10 15 13 18 11 12 27 24 26 20 21 25 19 23 22 29 33 32 28 31 35 36 34 30 44 39 45 41 37 42 38 43 40 50 49 52 47 53 46 48 51 54 63 61 55 62 56 57 58 59 60 67 70 72 65 68 66 71 64 69 76 80 78 75 81 74 79 73 77 88 82 89 90 84 85 86 87 83
 22 26 24 25 23 19 21 27 20 34 35 32 28 33 31 36 29 30 45 42 44 38 39 43 37 41 40 47 51 50 46 49 53 54 52 48 62 57 63 59 55 60 56 61 58 68 67 70 65 71 64 66 69 72 81 79 73 80 74 75 76 77 78 85 88 90 83 86 84 89 82 87  4  8  6  3  9  2  7  1  5 16 10 17 18 12 13 14 15 11
 58 62 60 61 59 55 57 63 56 70 71 68 64 69 67 72 65 66 81 78 80 74 75 79 73 77 76 83 87 86 82 85 89 90 88 84  8  3  9  5  1  6  2  7  4 14 13 16 11 17 10 12 15 18 27 25 19 26 20 21 22 23 24 31 34 36 29 32 30 35 28 33 40 44 42 39 45 38 43 37 41 52 46 53 54 48 49 50 51 47
 67 71 69 70 68 64 66 72 65 79 80 77 73 78 76 81 74 75 90 87 89 83 84 88 82 86 85  2  6  5  1  4  8  9  7  3 17 12 18 14 10 15 11 16 13 23 22 25 20 26 19 21 24 27 36 34 28 35 29 30 31 32 33 40 43 45 38 41 39 44 37 42 49 53 51 48 54 47 52 46 50 61 55 62 63 57 58 59 60 56
 77 81 79 80 78 74 76 73 75 89 90 87 83 88 86 82 84 85  1  7  9  3  4  8  2  6  5 12 16 15 11 14 18 10 17 13 27 22 19 24 20 25 21 26 23 33 32 35 30 36 29 31 34 28 37 44 38 45 39 40 41 42 43 50 53 46 48 51 49 54 47 52 59 63 61 58 55 57 62 56 60 71 65 72 64 67 68 69 70 66
  5  9  7  8  6  2  4  1  3 17 18 15 11 16 14 10 12 13 19 25 27 21 22 26 20 24 23 30 34 33 29 32 36 28 35 31 45 40 37 42 38 43 39 44 41 51 50 53 48 54 47 49 52 46 55 62 56 63 57 58 59 60 61 68 71 64 66 69 67 72 65 70 77 81 79 76 73 75 80 74 78 89 83 90 82 85 86 87 88 84
 23 27 25 26 24 20 22 19 21 35 36 33 29 34 32 28 30 31 37 43 45 39 40 44 38 42 41 48 52 51 47 50 54 46 53 49 63 58 55 60 56 61 57 62 59 69 68 71 66 72 65 67 70 64 73 80 74 81 75 76 77 78 79 86 89 82 84 87 85 90 83 88  5  9  7  4  1  3  8  2  6 17 11 18 10 13 14 15 16 12
 86 90 88 89 87 83 85 82 84  8  9  6  2  7  5  1  3  4 10 16 18 12 13 17 11 15 14 21 25 24 20 23 27 19 26 22 36 31 28 33 29 34 30 35 32 42 41 44 39 45 38 40 43 37 46 53 47 54 48 49 50 51 52 59 62 55 57 60 58 63 56 61 68 72 70 67 64 66 71 65 69 80 74 81 73 76 77 78 79 75
 68 72 70 71 69 65 67 64 66 80 81 78 74 79 77 73 75 76 82 88 90 84 85 89 83 87 86  3  7  6  2  5  9  1  8  4 18 13 10 15 11 16 12 17 14 24 23 26 21 27 20 22 25 19 28 35 29 36 30 31 32 33 34 41 44 37 39 42 40 45 38 43 50 54 52 49 46 48 53 47 51 62 56 63 55 58 59 60 61 57
 14 18 16 17 15 11 13 10 12 26 27 24 20 25 23 19 21 22 28 34 36 30 31 35 29 33 32 39 43 42 38 41 45 37 44 40 54 49 46 51 47 52 48 53 50 60 59 62 57 63 56 58 61 55 64 71 65 72 66 67 68 69 70 77 80 73 75 78 76 81 74 79 86 90 88 85 82 84 89 83 87  8  2  9  1  4  5  6  7  3
 32 36 34 35 33 29 31 28 30 44 45 42 38 43 41 37 39 40 46 52 54 48 49 53 47 51 50 57 61 60 56 59 63 55 62 58 72 67 64 69 65 70 66 71 68 78 77 80 75 81 74 76 79 73 82 89 83 90 84 85 86 87 88  5  8  1  3  6  4  9  2  7 14 18 16 13 10 12 17 11 15 26 20 27 19 22 23 24 25 21
 50 54 52 53 51 47 49 46 48 62 63 60 56 61 59 55 57 58 64 70 72 66 67 71 65 69 68 75 79 78 74 77 81 73 80 76 90 85 82 87 83 88 84 89 86  6  5  8  3  9  2  4  7  1 10 17 11 18 12 13 14 15 16 23 26 19 21 24 22 27 20 25 32 36 34 31 28 30 35 29 33 44 38 45 37 40 41 42 43 39
 59 63 61 62 60 56 58 55 57 71 72 69 65 70 68 64 66 67 73 79 81 75 76 80 74 78 77 84 88 87 83 86 90 82 89 85  9  4  1  6  2  7  3  8  5 15 14 17 12 18 11 13 16 10 19 26 20 27 21 22 23 24 25 32 35 28 30 33 31 36 29 34 41 45 43 40 37 39 44 38 42 53 47 54 46 49 50 51 52 48
 41 45 43 44 42 38 40 37 39 53 54 51 47 52 50 46 48 49 55 61 63 57 58 62 56 60 59 66 70 69 65 68 72 64 71 67 81 76 73 78 74 79 75 80 77 87 86 89 84 90 83 85 88 82  1  8  2  9  3  4  5  6  7 14 17 10 12 15 13 18 11 16 23 27 25 22 19 21 26 20 24 35 29 36 28 31 32 33 34 30
 87 82 89 90 88 84 86 83 85  9  1  7  3  8  6  2  4  5 11 17 10 13 14 18 12 16 15 22 26 25 21 24 19 20 27 23 28 32 29 34 30 35 31 36 33 43 42 45 40 37 39 41 44 38 47 54 48 46 49 50 51 52 53 60 63 56 58 61 59 55 57 62 69 64 71 68 65 67 72 66 70 81 75 73 74 77 78 79 80 76
 60 55 62 63 61 57 59 56 58 72 64 70 66 71 69 65 67 68 74 80 73 76 77 81 75 79 78 85 89 88 84 87 82 83 90 86  1  5  2  7  3  8  4  9  6 16 15 18 13 10 12 14 17 11 20 27 21 19 22 23 24 25 26 33 36 29 31 34 32 28 30 35 42 37 44 41 38 40 45 39 43 54 48 46 47 50 51 52 53 49
 24 19 26 27 25 21 23 20 22 36 28 34 30 35 33 29 31 32 38 44 37 40 41 45 39 43 42 49 53 52 48 51 46 47 54 50 55 59 56 61 57 62 58 63 60 70 69 72 67 64 66 68 71 65 74 81 75 73 76 77 78 79 80 87 90 83 85 88 86 82 84 89  6  1  8  5  2  4  9  3  7 18 12 10 11 14 15 16 17 13
 15 10 17 18 16 12 14 11 13 27 19 25 21 26 24 20 22 23 29 35 28 31 32 36 30 34 33 40 44 43 39 42 37 38 45 41 46 50 47 52 48 53 49 54 51 61 60 63 58 55 57 59 62 56 65 72 66 64 67 68 69 70 71 78 81 74 76 79 77 73 75 80 87 82 89 86 83 85 90 84 88  9  3  1  2  5  6  7  8  4
 33 28 35 36 34 30 32 29 31 45 37 43 39 44 42 38 40 41 47 53 46 49 50 54 48 52 51 58 62 61 57 60 55 56 63 59 64 68 65 70 66 71 67 72 69 79 78 81 76 73 75 77 80 74 83 90 84 82 85 86 87 88 89  6  9  2  4  7  5  1  3  8 15 10 17 14 11 13 18 12 16 27 21 19 20 23 24 25 26 22
  6  1  8  9  7  3  5  2  4 18 10 16 12 17 15 11 13 14 20 26 19 22 23 27 21 25 24 31 35 34 30 33 28 29 36 32 37 41 38 43 39 44 40 45 42 52 51 54 49 46 48 50 53 47 56 63 57 55 58 59 60 61 62 69 72 65 67 70 68 64 66 71 78 73 80 77 74 76 81 75 79 90 84 82 83 86 87 88 89 85
 51 46 53 54 52 48 50 47 49 63 55 61 57 62 60 56 58 59 65 71 64 67 68 72 66 70 69 76 80 79 75 78 73 74 81 77 82 86 83 88 84 89 85 90 87  7  6  9  4  1  3  5  8  2 11 18 12 10 13 14 15 16 17 24 27 20 22 25 23 19 21 26 33 28 35 32 29 31 36 30 34 45 39 37 38 41 42 43 44 40
 42 37 44 45 43 39 41 38 40 54 46 52 48 53 51 47 49 50 56 62 55 58 59 63 57 61 60 67 71 70 66 69 64 65 72 68 73 77 74 79 75 80 76 81 78 88 87 90 85 82 84 86 89 83  2  9  3  1  4  5  6  7  8 15 18 11 13 16 14 10 12 17 24 19 26 23 20 22 27 21 25 36 30 28 29 32 33 34 35 31
 78 73 80 81 79 75 77 74 76 90 82 88 84 89 87 83 85 86  2  8  1  4  5  9  3  7  6 13 17 16 12 15 10 11 18 14 19 23 20 25 21 26 22 27 24 34 33 36 31 28 30 32 35 29 38 45 39 37 40 41 42 43 44 51 54 47 49 52 50 46 48 53 60 55 62 59 56 58 63 57 61 72 66 64 65 68 69 70 71 67
 69 64 71 72 70 66 68 65 67 81 73 79 75 80 78 74 76 77 83 89 82 85 86 90 84 88 87  4  8  7  3  6  1  2  9  5 10 14 11 16 12 17 13 18 15 25 24 27 22 19 21 23 26 20 29 36 30 28 31 32 33 34 35 42 45 38 40 43 41 37 39 44 51 46 53 50 47 49 54 48 52 63 57 55 56 59 60 61 62 58
 61 56 63 55 62 58 60 57 59 64 65 71 67 72 70 66 68 69 75 81 74 77 78 73 76 80 79 86 90 89 85 88 83 84 82 87  2  6  3  8  4  9  5  1  7 17 16 10 14 11 13 15 18 12 21 19 22 20 23 24 25 26 27 34 28 30 32 35 33 29 31 36 43 38 45 42 39 41 37 40 44 46 49 47 48 51 52 53 54 50
 52 47 54 46 53 49 51 48 50 55 56 62 58 63 61 57 59 60 66 72 65 68 69 64 67 71 70 77 81 80 76 79 74 75 73 78 83 87 84 89 85 90 86 82 88  8  7  1  5  2  4  6  9  3 12 10 13 11 14 15 16 17 18 25 19 21 23 26 24 20 22 27 34 29 36 33 30 32 28 31 35 37 40 38 39 42 43 44 45 41
 34 29 36 28 35 31 33 30 32 37 38 44 40 45 43 39 41 42 48 54 47 50 51 46 49 53 52 59 63 62 58 61 56 57 55 60 65 69 66 71 67 72 68 64 70 80 79 73 77 74 76 78 81 75 84 82 85 83 86 87 88 89 90  7  1  3  5  8  6  2  4  9 16 11 18 15 12 14 10 13 17 19 22 20 21 24 25 26 27 23
 43 38 45 37 44 40 42 39 41 46 47 53 49 54 52 48 50 51 57 63 56 59 60 55 58 62 61 68 72 71 67 70 65 66 64 69 74 78 75 80 76 81 77 73 79 89 88 82 86 83 85 87 90 84  3  1  4  2  5  6  7  8  9 16 10 12 14 17 15 11 13 18 25 20 27 24 21 23 19 22 26 28 31 29 30 33 34 35 36 32
 16 11 18 10 17 13 15 12 14 19 20 26 22 27 25 21 23 24 30 36 29 32 33 28 31 35 34 41 45 44 40 43 38 39 37 42 47 51 48 53 49 54 50 46 52 62 61 55 59 56 58 60 63 57 66 64 67 65 68 69 70 71 72 79 73 75 77 80 78 74 76 81 88 83 90 87 84 86 82 85 89  1  4  2  3  6  7  8  9  5
 79 74 81 73 80 76 78 75 77 82 83 89 85 90 88 84 86 87  3  9  2  5  6  1  4  8  7 14 18 17 13 16 11 12 10 15 20 24 21 26 22 27 23 19 25 35 34 28 32 29 31 33 36 30 39 37 40 38 41 42 43 44 45 52 46 48 50 53 51 47 49 54 61 56 63 60 57 59 55 58 62 64 67 65 66 69 70 71 72 68
 25 20 27 19 26 22 24 21 23 28 29 35 31 36 34 30 32 33 39 45 38 41 42 37 40 44 43 50 54 53 49 52 47 48 46 51 56 60 57 62 58 63 59 55 61 71 70 64 68 65 67 69 72 66 75 73 76 74 77 78 79 80 81 88 82 84 86 89 87 83 85 90  7  2  9  6  3  5  1  4  8 10 13 11 12 15 16 17 18 14
  7  2  9  1  8  4  6  3  5 10 11 17 13 18 16 12 14 15 21 27 20 23 24 19 22 26 25 32 36 35 31 34 29 30 28 33 38 42 39 44 40 45 41 37 43 53 52 46 50 47 49 51 54 48 57 55 58 56 59 60 61 62 63 70 64 66 68 71 69 65 67 72 79 74 81 78 75 77 73 76 80 82 85 83 84 87 88 89 90 86
 70 65 72 64 71 67 69 66 68 73 74 80 76 81 79 75 77 78 84 90 83 86 87 82 85 89 88  5  9  8  4  7  2  3  1  6 11 15 12 17 13 18 14 10 16 26 25 19 23 20 22 24 27 21 30 28 31 29 32 33 34 35 36 43 37 39 41 44 42 38 40 45 52 47 54 51 48 50 46 49 53 55 58 56 57 60 61 62 63 59
 88 83 90 82 89 85 87 84 86  1  2  8  4  9  7  3  5  6 12 18 11 14 15 10 13 17 16 23 27 26 22 25 20 21 19 24 29 33 30 35 31 36 32 28 34 44 43 37 41 38 40 42 45 39 48 46 49 47 50 51 52 53 54 61 55 57 59 62 60 56 58 63 70 65 72 69 66 68 64 67 71 73 76 74 75 78 79 80 81 77
 53 48 46 47 54 50 52 49 51 56 57 63 59 55 62 58 60 61 67 64 66 69 70 65 68 72 71 78 73 81 77 80 75 76 74 79 84 88 85 90 86 82 87 83 89  9  8  2  6  3  5  7  1  4 13 11 14 12 15 16 17 18 10 26 20 22 24 27 25 21 23 19 35 30 28 34 31 33 29 32 36 38 41 39 40 43 44 45 37 42
 62 57 55 56 63 59 61 58 60 65 66 72 68 64 71 67 69 70 76 73 75 78 79 74 77 81 80 87 82 90 86 89 84 85 83 88  3  7  4  9  5  1  6  2  8 18 17 11 15 12 14 16 10 13 22 20 23 21 24 25 26 27 19 35 29 31 33 36 34 30 32 28 44 39 37 43 40 42 38 41 45 47 50 48 49 52 53 54 46 51
 80 75 73 74 81 77 79 76 78 83 84 90 86 82 89 85 87 88  4  1  3  6  7  2  5  9  8 15 10 18 14 17 12 13 11 16 21 25 22 27 23 19 24 20 26 36 35 29 33 30 32 34 28 31 40 38 41 39 42 43 44 45 37 53 47 49 51 54 52 48 50 46 62 57 55 61 58 60 56 59 63 65 68 66 67 70 71 72 64 69
  8  3  1  2  9  5  7  4  6 11 12 18 14 10 17 13 15 16 22 19 21 24 25 20 23 27 26 33 28 36 32 35 30 31 29 34 39 43 40 45 41 37 42 38 44 54 53 47 51 48 50 52 46 49 58 56 59 57 60 61 62 63 55 71 65 67 69 72 70 66 68 64 80 75 73 79 76 78 74 77 81 83 86 84 85 88 89 90 82 87
 26 21 19 20 27 23 25 22 24 29 30 36 32 28 35 31 33 34 40 37 39 42 43 38 41 45 44 51 46 54 50 53 48 49 47 52 57 61 58 63 59 55 60 56 62 72 71 65 69 66 68 70 64 67 76 74 77 75 78 79 80 81 73 89 83 85 87 90 88 84 86 82  8  3  1  7  4  6  2  5  9 11 14 12 13 16 17 18 10 15
 35 30 28 29 36 32 34 31 33 38 39 45 41 37 44 40 42 43 49 46 48 51 52 47 50 54 53 60 55 63 59 62 57 58 56 61 66 70 67 72 68 64 69 65 71 81 80 74 78 75 77 79 73 76 85 83 86 84 87 88 89 90 82  8  2  4  6  9  7  3  5  1 17 12 10 16 13 15 11 14 18 20 23 21 22 25 26 27 19 24
 17 12 10 11 18 14 16 13 15 20 21 27 23 19 26 22 24 25 31 28 30 33 34 29 32 36 35 42 37 45 41 44 39 40 38 43 48 52 49 54 50 46 51 47 53 63 62 56 60 57 59 61 55 58 67 65 68 66 69 70 71 72 64 80 74 76 78 81 79 75 77 73 89 84 82 88 85 87 83 86 90  2  5  3  4  7  8  9  1  6
 71 66 64 65 72 68 70 67 69 74 75 81 77 73 80 76 78 79 85 82 84 87 88 83 86 90 89  6  1  9  5  8  3  4  2  7 12 16 13 18 14 10 15 11 17 27 26 20 24 21 23 25 19 22 31 29 32 30 33 34 35 36 28 44 38 40 42 45 43 39 41 37 53 48 46 52 49 51 47 50 54 56 59 57 58 61 62 63 55 60
 44 39 37 38 45 41 43 40 42 47 48 54 50 46 53 49 51 52 58 55 57 60 61 56 59 63 62 69 64 72 68 71 66 67 65 70 75 79 76 81 77 73 78 74 80 90 89 83 87 84 86 88 82 85  4  2  5  3  6  7  8  9  1 17 11 13 15 18 16 12 14 10 26 21 19 25 22 24 20 23 27 29 32 30 31 34 35 36 28 33
 89 84 82 83 90 86 88 85 87  2  3  9  5  1  8  4  6  7 13 10 12 15 16 11 14 18 17 24 19 27 23 26 21 22 20 25 30 34 31 36 32 28 33 29 35 45 44 38 42 39 41 43 37 40 49 47 50 48 51 52 53 54 46 62 56 58 60 63 61 57 59 55 71 66 64 70 67 69 65 68 72 74 77 75 76 79 80 81 73 78
