 18 10 16 11 12 15 13 14 17 20 27 25 23 21 19 26 22 24 29 35 31 32 36 33 30 34 28 42 40 41 39 43 44 38 37 45 50 51 48 53 46 47 54 52 49 60 62 61 56 55 59 58 57 63 66 69 70 67 72 65 68 64 71 79 77 76 74 80 78 75 81 73 87 84 85 89 82 90 83 86 88  5  2  7  1  6  4  3  8  9
 63 55 61 56 57 60 58 59 62 65 72 70 68 66 64 71 67 69 74 80 76 77 81 78 75 79 73 87 85 86 84 88 89 83 82 90  5  6  3  8  1  2  9  7  4 15 17 16 11 10 14 13 12 18 21 24 25 22 27 20 23 19 26 34 32 31 29 35 33 30 36 28 42 39 40 44 37 45 38 41 43 50 47 52 46 51 49 48 53 54
 72 64 70 65 66 69 67 68 71 74 81 79 77 75 73 80 76 78 83 89 85 86 90 87 84 88 82  6  4  5  3  7  8  2  1  9 14 15 12 17 10 11 18 16 13 24 26 25 20 19 23 22 21 27 30 33 34 31 36 29 32 28 35 43 41 40 38 44 42 39 45 37 51 48 49 53 46 54 47 50 52 59 56 61 55 60 58 57 62 63
 27 19 25 20 21 24 22 23 26 29 36 34 32 30 28 35 31 33 38 44 40 41 45 42 39 43 37 51 49 50 48 52 53 47 46 54 59 60 57 62 55 56 63 61 58 69 71 70 65 64 68 67 66 72 75 78 79 76 81 74 77 73 80 88 86 85 83 89 87 84 90 82  6  3  4  8  1  9  2  5  7 14 11 16 10 15 13 12 17 18
 45 37 43 38 39 42 40 41 44 47 54 52 50 48 46 53 49 51 56 62 58 59 63 60 57 61 55 69 67 68 66 70 71 65 64 72 77 78 75 80 73 74 81 79 76 87 89 88 83 82 86 85 84 90  3  6  7  4  9  2  5  1  8 16 14 13 11 17 15 12 18 10 24 21 22 26 19 27 20 23 25 32 29 34 28 33 31 30 35 36
  9  1  7  2  3  6  4  5  8 11 18 16 14 12 10 17 13 15 20 26 22 23 27 24 21 25 19 33 31 32 30 34 35 29 28 36 41 42 39 44 37 38 45 43 40 51 53 52 47 46 50 49 48 54 57 60 61 58 63 56 59 55 62 70 68 67 65 71 69 66 72 64 78 75 76 80 73 81 74 77 79 86 83 88 82 87 85 84 89 90
 90 82 88 83 84 87 85 86 89  2  9  7  5  3  1  8  4  6 11 17 13 14 18 15 12 16 10 24 22 23 21 25 26 20 19 27 32 33 30 35 28 29 36 34 31 42 44 43 38 37 41 40 39 45 48 51 52 49 54 47 50 46 53 61 59 58 56 62 60 57 63 55 69 66 67 71 64 72 65 68 70 77 74 79 73 78 76 75 80 81
 36 28 34 29 30 33 31 32 35 38 45 43 41 39 37 44 40 42 47 53 49 50 54 51 48 52 46 60 58 59 57 61 62 56 55 63 68 69 66 71 64 65 72 70 67 78 80 79 74 73 77 76 75 81 84 87 88 85 90 83 86 82 89  7  5  4  2  8  6  3  9  1 15 12 13 17 10 18 11 14 16 23 20 25 19 24 22 21 26 27
 81 73 79 74 75 78 76 77 80 83 90 88 86 84 82 89 85 87  2  8  4  5  9  6  3  7  1 15 13 14 12 16 17 11 10 18 23 24 21 26 19 20 27 25 22 33 35 34 29 28 32 31 30 36 39 42 43 40 45 38 41 37 44 52 50 49 47 53 51 48 54 46 60 57 58 62 55 63 56 59 61 68 65 70 64 69 67 66 71 72
 54 46 52 47 48 51 49 50 53 56 63 61 59 57 55 62 58 60 65 71 67 68 72 69 66 70 64 78 76 77 75 79 80 74 73 81 86 87 84 89 82 83 90 88 85  6  8  7  2  1  5  4  3  9 12 15 16 13 18 11 14 10 17 25 23 22 20 26 24 21 27 19 33 30 31 35 28 36 29 32 34 41 38 43 37 42 40 39 44 45
 28 29 35 30 31 34 32 33 36 39 37 44 42 40 38 45 41 43 48 54 50 51 46 52 49 53 47 61 59 60 58 62 63 57 56 55 69 70 67 72 65 66 64 71 68 79 81 80 75 74 78 77 76 73 85 88 89 86 82 84 87 83 90  8  6  5  3  9  7  4  1  2 16 13 14 18 11 10 12 15 17 24 21 26 20 25 23 22 27 19
  1  2  8  3  4  7  5  6  9 12 10 17 15 13 11 18 14 16 21 27 23 24 19 25 22 26 20 34 32 33 31 35 36 30 29 28 42 43 40 45 38 39 37 44 41 52 54 53 48 47 51 50 49 46 58 61 62 59 55 57 60 56 63 71 69 68 66 72 70 67 64 65 79 76 77 81 74 73 75 78 80 87 84 89 83 88 86 85 90 82
 55 56 62 57 58 61 59 60 63 66 64 71 69 67 65 72 68 70 75 81 77 78 73 79 76 80 74 88 86 87 85 89 90 84 83 82  6  7  4  9  2  3  1  8  5 16 18 17 12 11 15 14 13 10 22 25 26 23 19 21 24 20 27 35 33 32 30 36 34 31 28 29 43 40 41 45 38 37 39 42 44 51 48 53 47 52 50 49 54 46
 82 83 89 84 85 88 86 87 90  3  1  8  6  4  2  9  5  7 12 18 14 15 10 16 13 17 11 25 23 24 22 26 27 21 20 19 33 34 31 36 29 30 28 35 32 43 45 44 39 38 42 41 40 37 49 52 53 50 46 48 51 47 54 62 60 59 57 63 61 58 55 56 70 67 68 72 65 64 66 69 71 78 75 80 74 79 77 76 81 73
 10 11 17 12 13 16 14 15 18 21 19 26 24 22 20 27 23 25 30 36 32 33 28 34 31 35 29 43 41 42 40 44 45 39 38 37 51 52 49 54 47 48 46 53 50 61 63 62 57 56 60 59 58 55 67 70 71 68 64 66 69 65 72 80 78 77 75 81 79 76 73 74 88 85 86 90 83 82 84 87 89  6  3  8  2  7  5  4  9  1
 64 65 71 66 67 70 68 69 72 75 73 80 78 76 74 81 77 79 84 90 86 87 82 88 85 89 83  7  5  6  4  8  9  3  2  1 15 16 13 18 11 12 10 17 14 25 27 26 21 20 24 23 22 19 31 34 35 32 28 30 33 29 36 44 42 41 39 45 43 40 37 38 52 49 50 54 47 46 48 51 53 60 57 62 56 61 59 58 63 55
 46 47 53 48 49 52 50 51 54 57 55 62 60 58 56 63 59 61 66 72 68 69 64 70 67 71 65 79 77 78 76 80 81 75 74 73 87 88 85 90 83 84 82 89 86  7  9  8  3  2  6  5  4  1 13 16 17 14 10 12 15 11 18 26 24 23 21 27 25 22 19 20 34 31 32 36 29 28 30 33 35 42 39 44 38 43 41 40 45 37
 37 38 44 39 40 43 41 42 45 48 46 53 51 49 47 54 50 52 57 63 59 60 55 61 58 62 56 70 68 69 67 71 72 66 65 64 78 79 76 81 74 75 73 80 77 88 90 89 84 83 87 86 85 82  4  7  8  5  1  3  6  2  9 17 15 14 12 18 16 13 10 11 25 22 23 27 20 19 21 24 26 33 30 35 29 34 32 31 36 28
 19 20 26 21 22 25 23 24 27 30 28 35 33 31 29 36 32 34 39 45 41 42 37 43 40 44 38 52 50 51 49 53 54 48 47 46 60 61 58 63 56 57 55 62 59 70 72 71 66 65 69 68 67 64 76 79 80 77 73 75 78 74 81 89 87 86 84 90 88 85 82 83  7  4  5  9  2  1  3  6  8 15 12 17 11 16 14 13 18 10
 73 74 80 75 76 79 77 78 81 84 82 89 87 85 83 90 86 88  3  9  5  6  1  7  4  8  2 16 14 15 13 17 18 12 11 10 24 25 22 27 20 21 19 26 23 34 36 35 30 29 33 32 31 28 40 43 44 41 37 39 42 38 45 53 51 50 48 54 52 49 46 47 61 58 59 63 56 55 57 60 62 69 66 71 65 70 68 67 72 64
 56 57 63 58 59 62 60 61 55 67 65 72 70 68 66 64 69 71 76 73 78 79 74 80 77 81 75 89 87 88 86 90 82 85 84 83  7  8  5  1  3  4  2  9  6 17 10 18 13 12 16 15 14 11 23 26 27 24 20 22 25 21 19 36 34 33 31 28 35 32 29 30 44 41 42 37 39 38 40 43 45 52 49 54 48 53 51 50 46 47
 11 12 18 13 14 17 15 16 10 22 20 27 25 23 21 19 24 26 31 28 33 34 29 35 32 36 30 44 42 43 41 45 37 40 39 38 52 53 50 46 48 49 47 54 51 62 55 63 58 57 61 60 59 56 68 71 72 69 65 67 70 66 64 81 79 78 76 73 80 77 74 75 89 86 87 82 84 83 85 88 90  7  4  9  3  8  6  5  1  2
 74 75 81 76 77 80 78 79 73 85 83 90 88 86 84 82 87 89  4  1  6  7  2  8  5  9  3 17 15 16 14 18 10 13 12 11 25 26 23 19 21 22 20 27 24 35 28 36 31 30 34 33 32 29 41 44 45 42 38 40 43 39 37 54 52 51 49 46 53 50 47 48 62 59 60 55 57 56 58 61 63 70 67 72 66 71 69 68 64 65
 83 84 90 85 86 89 87 88 82  4  2  9  7  5  3  1  6  8 13 10 15 16 11 17 14 18 12 26 24 25 23 27 19 22 21 20 34 35 32 28 30 31 29 36 33 44 37 45 40 39 43 42 41 38 50 53 54 51 47 49 52 48 46 63 61 60 58 55 62 59 56 57 71 68 69 64 66 65 67 70 72 79 76 81 75 80 78 77 73 74
 65 66 72 67 68 71 69 70 64 76 74 81 79 77 75 73 78 80 85 82 87 88 83 89 86 90 84  8  6  7  5  9  1  4  3  2 16 17 14 10 12 13 11 18 15 26 19 27 22 21 25 24 23 20 32 35 36 33 29 31 34 30 28 45 43 42 40 37 44 41 38 39 53 50 51 46 48 47 49 52 54 61 58 63 57 62 60 59 55 56
 38 39 45 40 41 44 42 43 37 49 47 54 52 50 48 46 51 53 58 55 60 61 56 62 59 63 57 71 69 70 68 72 64 67 66 65 79 80 77 73 75 76 74 81 78 89 82 90 85 84 88 87 86 83  5  8  9  6  2  4  7  3  1 18 16 15 13 10 17 14 11 12 26 23 24 19 21 20 22 25 27 34 31 36 30 35 33 32 28 29
 20 21 27 22 23 26 24 25 19 31 29 36 34 32 30 28 33 35 40 37 42 43 38 44 41 45 39 53 51 52 50 54 46 49 48 47 61 62 59 55 57 58 56 63 60 71 64 72 67 66 70 69 68 65 77 80 81 78 74 76 79 75 73 90 88 87 85 82 89 86 83 84  8  5  6  1  3  2  4  7  9 16 13 18 12 17 15 14 10 11
 29 30 36 31 32 35 33 34 28 40 38 45 43 41 39 37 42 44 49 46 51 52 47 53 50 54 48 62 60 61 59 63 55 58 57 56 70 71 68 64 66 67 65 72 69 80 73 81 76 75 79 78 77 74 86 89 90 87 83 85 88 84 82  9  7  6  4  1  8  5  2  3 17 14 15 10 12 11 13 16 18 25 22 27 21 26 24 23 19 20
 47 48 54 49 50 53 51 52 46 58 56 63 61 59 57 55 60 62 67 64 69 70 65 71 68 72 66 80 78 79 77 81 73 76 75 74 88 89 86 82 84 85 83 90 87  8  1  9  4  3  7  6  5  2 14 17 18 15 11 13 16 12 10 27 25 24 22 19 26 23 20 21 35 32 33 28 30 29 31 34 36 43 40 45 39 44 42 41 37 38
  2  3  9  4  5  8  6  7  1 13 11 18 16 14 12 10 15 17 22 19 24 25 20 26 23 27 21 35 33 34 32 36 28 31 30 29 43 44 41 37 39 40 38 45 42 53 46 54 49 48 52 51 50 47 59 62 63 60 56 58 61 57 55 72 70 69 67 64 71 68 65 66 80 77 78 73 75 74 76 79 81 88 85 90 84 89 87 86 82 83
 66 67 64 68 69 72 70 71 65 77 75 73 80 78 76 74 79 81 86 83 88 89 84 90 87 82 85  9  7  8  6  1  2  5  4  3 17 18 15 11 13 14 12 10 16 27 20 19 23 22 26 25 24 21 33 36 28 34 30 32 35 31 29 37 44 43 41 38 45 42 39 40 54 51 52 47 49 48 50 53 46 62 59 55 58 63 61 60 56 57
 84 85 82 86 87 90 88 89 83  5  3  1  8  6  4  2  7  9 14 11 16 17 12 18 15 10 13 27 25 26 24 19 20 23 22 21 35 36 33 29 31 32 30 28 34 45 38 37 41 40 44 43 42 39 51 54 46 52 48 50 53 49 47 55 62 61 59 56 63 60 57 58 72 69 70 65 67 66 68 71 64 80 77 73 76 81 79 78 74 75
 30 31 28 32 33 36 34 35 29 41 39 37 44 42 40 38 43 45 50 47 52 53 48 54 51 46 49 63 61 62 60 55 56 59 58 57 71 72 69 65 67 68 66 64 70 81 74 73 77 76 80 79 78 75 87 90 82 88 84 86 89 85 83  1  8  7  5  2  9  6  3  4 18 15 16 11 13 12 14 17 10 26 23 19 22 27 25 24 20 21
  3  4  1  5  6  9  7  8  2 14 12 10 17 15 13 11 16 18 23 20 25 26 21 27 24 19 22 36 34 35 33 28 29 32 31 30 44 45 42 38 40 41 39 37 43 54 47 46 50 49 53 52 51 48 60 63 55 61 57 59 62 58 56 64 71 70 68 65 72 69 66 67 81 78 79 74 76 75 77 80 73 89 86 82 85 90 88 87 83 84
 57 58 55 59 60 63 61 62 56 68 66 64 71 69 67 65 70 72 77 74 79 80 75 81 78 73 76 90 88 89 87 82 83 86 85 84  8  9  6  2  4  5  3  1  7 18 11 10 14 13 17 16 15 12 24 27 19 25 21 23 26 22 20 28 35 34 32 29 36 33 30 31 45 42 43 38 40 39 41 44 37 53 50 46 49 54 52 51 47 48
 12 13 10 14 15 18 16 17 11 23 21 19 26 24 22 20 25 27 32 29 34 35 30 36 33 28 31 45 43 44 42 37 38 41 40 39 53 54 51 47 49 50 48 46 52 63 56 55 59 58 62 61 60 57 69 72 64 70 66 68 71 67 65 73 80 79 77 74 81 78 75 76 90 87 88 83 85 84 86 89 82  8  5  1  4  9  7  6  2  3
 48 49 46 50 51 54 52 53 47 59 57 55 62 60 58 56 61 63 68 65 70 71 66 72 69 64 67 81 79 80 78 73 74 77 76 75 89 90 87 83 85 86 84 82 88  9  2  1  5  4  8  7  6  3 15 18 10 16 12 14 17 13 11 19 26 25 23 20 27 24 21 22 36 33 34 29 31 30 32 35 28 44 41 37 40 45 43 42 38 39
 21 22 19 23 24 27 25 26 20 32 30 28 35 33 31 29 34 36 41 38 43 44 39 45 42 37 40 54 52 53 51 46 47 50 49 48 62 63 60 56 58 59 57 55 61 72 65 64 68 67 71 70 69 66 78 81 73 79 75 77 80 76 74 82 89 88 86 83 90 87 84 85  9  6  7  2  4  3  5  8  1 17 14 10 13 18 16 15 11 12
 39 40 37 41 42 45 43 44 38 50 48 46 53 51 49 47 52 54 59 56 61 62 57 63 60 55 58 72 70 71 69 64 65 68 67 66 80 81 78 74 76 77 75 73 79 90 83 82 86 85 89 88 87 84  6  9  1  7  3  5  8  4  2 10 17 16 14 11 18 15 12 13 27 24 25 20 22 21 23 26 19 35 32 28 31 36 34 33 29 30
 75 76 73 77 78 81 79 80 74 86 84 82 89 87 85 83 88 90  5  2  7  8  3  9  6  1  4 18 16 17 15 10 11 14 13 12 26 27 24 20 22 23 21 19 25 36 29 28 32 31 35 34 33 30 42 45 37 43 39 41 44 40 38 46 53 52 50 47 54 51 48 49 63 60 61 56 58 57 59 62 55 71 68 64 67 72 70 69 65 66
 31 32 29 33 34 28 35 36 30 42 40 38 45 43 41 39 44 37 51 48 53 54 49 46 52 47 50 55 62 63 61 56 57 60 59 58 72 64 70 66 68 69 67 65 71 73 75 74 78 77 81 80 79 76 88 82 83 89 85 87 90 86 84  2  9  8  6  3  1  7  4  5 10 16 17 12 14 13 15 18 11 27 24 20 23 19 26 25 21 22
 13 14 11 15 16 10 17 18 12 24 22 20 27 25 23 21 26 19 33 30 35 36 31 28 34 29 32 37 44 45 43 38 39 42 41 40 54 46 52 48 50 51 49 47 53 55 57 56 60 59 63 62 61 58 70 64 65 71 67 69 72 68 66 74 81 80 78 75 73 79 76 77 82 88 89 84 86 85 87 90 83  9  6  2  5  1  8  7  3  4
 49 50 47 51 52 46 53 54 48 60 58 56 63 61 59 57 62 55 69 66 71 72 67 64 70 65 68 73 80 81 79 74 75 78 77 76 90 82 88 84 86 87 85 83 89  1  3  2  6  5  9  8  7  4 16 10 11 17 13 15 18 14 12 20 27 26 24 21 19 25 22 23 28 34 35 30 32 31 33 36 29 45 42 38 41 37 44 43 39 40
 67 68 65 69 70 64 71 72 66 78 76 74 81 79 77 75 80 73 87 84 89 90 85 82 88 83 86  1  8  9  7  2  3  6  5  4 18 10 16 12 14 15 13 11 17 19 21 20 24 23 27 26 25 22 34 28 29 35 31 33 36 32 30 38 45 44 42 39 37 43 40 41 46 52 53 48 50 49 51 54 47 63 60 56 59 55 62 61 57 58
 22 23 20 24 25 19 26 27 21 33 31 29 36 34 32 30 35 28 42 39 44 45 40 37 43 38 41 46 53 54 52 47 48 51 50 49 63 55 61 57 59 60 58 56 62 64 66 65 69 68 72 71 70 67 79 73 74 80 76 78 81 77 75 83 90 89 87 84 82 88 85 86  1  7  8  3  5  4  6  9  2 18 15 11 14 10 17 16 12 13
 58 59 56 60 61 55 62 63 57 69 67 65 72 70 68 66 71 64 78 75 80 81 76 73 79 74 77 82 89 90 88 83 84 87 86 85  9  1  7  3  5  6  4  2  8 10 12 11 15 14 18 17 16 13 25 19 20 26 22 24 27 23 21 29 36 35 33 30 28 34 31 32 37 43 44 39 41 40 42 45 38 54 51 47 50 46 53 52 48 49
 40 41 38 42 43 37 44 45 39 51 49 47 54 52 50 48 53 46 60 57 62 63 58 55 61 56 59 64 71 72 70 65 66 69 68 67 81 73 79 75 77 78 76 74 80 82 84 83 87 86 90 89 88 85  7  1  2  8  4  6  9  5  3 11 18 17 15 12 10 16 13 14 19 25 26 21 23 22 24 27 20 36 33 29 32 28 35 34 30 31
  4  5  2  6  7  1  8  9  3 15 13 11 18 16 14 12 17 10 24 21 26 27 22 19 25 20 23 28 35 36 34 29 30 33 32 31 45 37 43 39 41 42 40 38 44 46 48 47 51 50 54 53 52 49 61 55 56 62 58 60 63 59 57 65 72 71 69 66 64 70 67 68 73 79 80 75 77 76 78 81 74 90 87 83 86 82 89 88 84 85
 76 77 74 78 79 73 80 81 75 87 85 83 90 88 86 84 89 82  6  3  8  9  4  1  7  2  5 10 17 18 16 11 12 15 14 13 27 19 25 21 23 24 22 20 26 28 30 29 33 32 36 35 34 31 43 37 38 44 40 42 45 41 39 47 54 53 51 48 46 52 49 50 55 61 62 57 59 58 60 63 56 72 69 65 68 64 71 70 66 67
 85 86 83 87 88 82 89 90 84  6  4  2  9  7  5  3  8  1 15 12 17 18 13 10 16 11 14 19 26 27 25 20 21 24 23 22 36 28 34 30 32 33 31 29 35 37 39 38 42 41 45 44 43 40 52 46 47 53 49 51 54 50 48 56 63 62 60 57 55 61 58 59 64 70 71 66 68 67 69 72 65 81 78 74 77 73 80 79 75 76
 23 24 21 25 26 20 27 19 22 34 32 30 28 35 33 31 36 29 43 40 45 37 41 38 44 39 42 47 54 46 53 48 49 52 51 50 55 56 62 58 60 61 59 57 63 65 67 66 70 69 64 72 71 68 80 74 75 81 77 79 73 78 76 84 82 90 88 85 83 89 86 87  2  8  9  4  6  5  7  1  3 10 16 12 15 11 18 17 13 14
  5  6  3  7  8  2  9  1  4 16 14 12 10 17 15 13 18 11 25 22 27 19 23 20 26 21 24 29 36 28 35 30 31 34 33 32 37 38 44 40 42 43 41 39 45 47 49 48 52 51 46 54 53 50 62 56 57 63 59 61 55 60 58 66 64 72 70 67 65 71 68 69 74 80 81 76 78 77 79 73 75 82 88 84 87 83 90 89 85 86
 86 87 84 88 89 83 90 82 85  7  5  3  1  8  6  4  9  2 16 13 18 10 14 11 17 12 15 20 27 19 26 21 22 25 24 23 28 29 35 31 33 34 32 30 36 38 40 39 43 42 37 45 44 41 53 47 48 54 50 52 46 51 49 57 55 63 61 58 56 62 59 60 65 71 72 67 69 68 70 64 66 73 79 75 78 74 81 80 76 77
 68 69 66 70 71 65 72 64 67 79 77 75 73 80 78 76 81 74 88 85 90 82 86 83 89 84 87  2  9  1  8  3  4  7  6  5 10 11 17 13 15 16 14 12 18 20 22 21 25 24 19 27 26 23 35 29 30 36 32 34 28 33 31 39 37 45 43 40 38 44 41 42 47 53 54 49 51 50 52 46 48 55 61 57 60 56 63 62 58 59
 50 51 48 52 53 47 54 46 49 61 59 57 55 62 60 58 63 56 70 67 72 64 68 65 71 66 69 74 81 73 80 75 76 79 78 77 82 83 89 85 87 88 86 84 90  2  4  3  7  6  1  9  8  5 17 11 12 18 14 16 10 15 13 21 19 27 25 22 20 26 23 24 29 35 36 31 33 32 34 28 30 37 43 39 42 38 45 44 40 41
 41 42 39 43 44 38 45 37 40 52 50 48 46 53 51 49 54 47 61 58 63 55 59 56 62 57 60 65 72 64 71 66 67 70 69 68 73 74 80 76 78 79 77 75 81 83 85 84 88 87 82 90 89 86  8  2  3  9  5  7  1  6  4 12 10 18 16 13 11 17 14 15 20 26 27 22 24 23 25 19 21 28 34 30 33 29 36 35 31 32
 14 15 12 16 17 11 18 10 13 25 23 21 19 26 24 22 27 20 34 31 36 28 32 29 35 30 33 38 45 37 44 39 40 43 42 41 46 47 53 49 51 52 50 48 54 56 58 57 61 60 55 63 62 59 71 65 66 72 68 70 64 69 67 75 73 81 79 76 74 80 77 78 83 89 90 85 87 86 88 82 84  1  7  3  6  2  9  8  4  5
 59 60 57 61 62 56 63 55 58 70 68 66 64 71 69 67 72 65 79 76 81 73 77 74 80 75 78 83 90 82 89 84 85 88 87 86  1  2  8  4  6  7  5  3  9 11 13 12 16 15 10 18 17 14 26 20 21 27 23 25 19 24 22 30 28 36 34 31 29 35 32 33 38 44 45 40 42 41 43 37 39 46 52 48 51 47 54 53 49 50
 77 78 75 79 80 74 81 73 76 88 86 84 82 89 87 85 90 83  7  4  9  1  5  2  8  3  6 11 18 10 17 12 13 16 15 14 19 20 26 22 24 25 23 21 27 29 31 30 34 33 28 36 35 32 44 38 39 45 41 43 37 42 40 48 46 54 52 49 47 53 50 51 56 62 63 58 60 59 61 55 57 64 70 66 69 65 72 71 67 68
 32 33 30 34 35 29 36 28 31 43 41 39 37 44 42 40 45 38 52 49 54 46 50 47 53 48 51 56 63 55 62 57 58 61 60 59 64 65 71 67 69 70 68 66 72 74 76 75 79 78 73 81 80 77 89 83 84 90 86 88 82 87 85  3  1  9  7  4  2  8  5  6 11 17 18 13 15 14 16 10 12 19 25 21 24 20 27 26 22 23
 42 43 40 44 45 39 37 38 41 53 51 49 47 54 52 50 46 48 62 59 55 56 60 57 63 58 61 66 64 65 72 67 68 71 70 69 74 75 81 77 79 80 78 76 73 84 86 85 89 88 83 82 90 87  9  3  4  1  6  8  2  7  5 13 11 10 17 14 12 18 15 16 21 27 19 23 25 24 26 20 22 29 35 31 34 30 28 36 32 33
 69 70 67 71 72 66 64 65 68 80 78 76 74 81 79 77 73 75 89 86 82 83 87 84 90 85 88  3  1  2  9  4  5  8  7  6 11 12 18 14 16 17 15 13 10 21 23 22 26 25 20 19 27 24 36 30 31 28 33 35 29 34 32 40 38 37 44 41 39 45 42 43 48 54 46 50 52 51 53 47 49 56 62 58 61 57 55 63 59 60
 60 61 58 62 63 57 55 56 59 71 69 67 65 72 70 68 64 66 80 77 73 74 78 75 81 76 79 84 82 83 90 85 86 89 88 87  2  3  9  5  7  8  6  4  1 12 14 13 17 16 11 10 18 15 27 21 22 19 24 26 20 25 23 31 29 28 35 32 30 36 33 34 39 45 37 41 43 42 44 38 40 47 53 49 52 48 46 54 50 51
 78 79 76 80 81 75 73 74 77 89 87 85 83 90 88 86 82 84  8  5  1  2  6  3  9  4  7 12 10 11 18 13 14 17 16 15 20 21 27 23 25 26 24 22 19 30 32 31 35 34 29 28 36 33 45 39 40 37 42 44 38 43 41 49 47 46 53 50 48 54 51 52 57 63 55 59 61 60 62 56 58 65 71 67 70 66 64 72 68 69
 87 88 85 89 90 84 82 83 86  8  6  4  2  9  7  5  1  3 17 14 10 11 15 12 18 13 16 21 19 20 27 22 23 26 25 24 29 30 36 32 34 35 33 31 28 39 41 40 44 43 38 37 45 42 54 48 49 46 51 53 47 52 50 58 56 55 62 59 57 63 60 61 66 72 64 68 70 69 71 65 67 74 80 76 79 75 73 81 77 78
 33 34 31 35 36 30 28 29 32 44 42 40 38 45 43 41 37 39 53 50 46 47 51 48 54 49 52 57 55 56 63 58 59 62 61 60 65 66 72 68 70 71 69 67 64 75 77 76 80 79 74 73 81 78 90 84 85 82 87 89 83 88 86  4  2  1  8  5  3  9  6  7 12 18 10 14 16 15 17 11 13 20 26 22 25 21 19 27 23 24
 24 25 22 26 27 21 19 20 23 35 33 31 29 36 34 32 28 30 44 41 37 38 42 39 45 40 43 48 46 47 54 49 50 53 52 51 56 57 63 59 61 62 60 58 55 66 68 67 71 70 65 64 72 69 81 75 76 73 78 80 74 79 77 85 83 82 89 86 84 90 87 88  3  9  1  5  7  6  8  2  4 11 17 13 16 12 10 18 14 15
  6  7  4  8  9  3  1  2  5 17 15 13 11 18 16 14 10 12 26 23 19 20 24 21 27 22 25 30 28 29 36 31 32 35 34 33 38 39 45 41 43 44 42 40 37 48 50 49 53 52 47 46 54 51 63 57 58 55 60 62 56 61 59 67 65 64 71 68 66 72 69 70 75 81 73 77 79 78 80 74 76 83 89 85 88 84 82 90 86 87
 15 16 13 17 18 12 10 11 14 26 24 22 20 27 25 23 19 21 35 32 28 29 33 30 36 31 34 39 37 38 45 40 41 44 43 42 47 48 54 50 52 53 51 49 46 57 59 58 62 61 56 55 63 60 72 66 67 64 69 71 65 70 68 76 74 73 80 77 75 81 78 79 84 90 82 86 88 87 89 83 85  2  8  4  7  3  1  9  5  6
 51 52 49 53 54 48 46 47 50 62 60 58 56 63 61 59 55 57 71 68 64 65 69 66 72 67 70 75 73 74 81 76 77 80 79 78 83 84 90 86 88 89 87 85 82  3  5  4  8  7  2  1  9  6 18 12 13 10 15 17 11 16 14 22 20 19 26 23 21 27 24 25 30 36 28 32 34 33 35 29 31 38 44 40 43 39 37 45 41 42
 16 17 14 18 10 13 11 12 15 27 25 23 21 19 26 24 20 22 36 33 29 30 34 31 28 32 35 40 38 39 37 41 42 45 44 43 48 49 46 51 53 54 52 50 47 58 60 59 63 62 57 56 55 61 64 67 68 65 70 72 66 71 69 77 75 74 81 78 76 73 79 80 85 82 83 87 89 88 90 84 86  3  9  5  8  4  2  1  6  7
 61 62 59 63 55 58 56 57 60 72 70 68 66 64 71 69 65 67 81 78 74 75 79 76 73 77 80 85 83 84 82 86 87 90 89 88  3  4  1  6  8  9  7  5  2 13 15 14 18 17 12 11 10 16 19 22 23 20 25 27 21 26 24 32 30 29 36 33 31 28 34 35 40 37 38 42 44 43 45 39 41 48 54 50 53 49 47 46 51 52
 34 35 32 36 28 31 29 30 33 45 43 41 39 37 44 42 38 40 54 51 47 48 52 49 46 50 53 58 56 57 55 59 60 63 62 61 66 67 64 69 71 72 70 68 65 76 78 77 81 80 75 74 73 79 82 85 86 83 88 90 84 89 87  5  3  2  9  6  4  1  7  8 13 10 11 15 17 16 18 12 14 21 27 23 26 22 20 19 24 25
 79 80 77 81 73 76 74 75 78 90 88 86 84 82 89 87 83 85  9  6  2  3  7  4  1  5  8 13 11 12 10 14 15 18 17 16 21 22 19 24 26 27 25 23 20 31 33 32 36 35 30 29 28 34 37 40 41 38 43 45 39 44 42 50 48 47 54 51 49 46 52 53 58 55 56 60 62 61 63 57 59 66 72 68 71 67 65 64 69 70
 52 53 50 54 46 49 47 48 51 63 61 59 57 55 62 60 56 58 72 69 65 66 70 67 64 68 71 76 74 75 73 77 78 81 80 79 84 85 82 87 89 90 88 86 83  4  6  5  9  8  3  2  1  7 10 13 14 11 16 18 12 17 15 23 21 20 27 24 22 19 25 26 31 28 29 33 35 34 36 30 32 39 45 41 44 40 38 37 42 43
 25 26 23 27 19 22 20 21 24 36 34 32 30 28 35 33 29 31 45 42 38 39 43 40 37 41 44 49 47 48 46 50 51 54 53 52 57 58 55 60 62 63 61 59 56 67 69 68 72 71 66 65 64 70 73 76 77 74 79 81 75 80 78 86 84 83 90 87 85 82 88 89  4  1  2  6  8  7  9  3  5 12 18 14 17 13 11 10 15 16
 43 44 41 45 37 40 38 39 42 54 52 50 48 46 53 51 47 49 63 60 56 57 61 58 55 59 62 67 65 66 64 68 69 72 71 70 75 76 73 78 80 81 79 77 74 85 87 86 90 89 84 83 82 88  1  4  5  2  7  9  3  8  6 14 12 11 18 15 13 10 16 17 22 19 20 24 26 25 27 21 23 30 36 32 35 31 29 28 33 34
 70 71 68 72 64 67 65 66 69 81 79 77 75 73 80 78 74 76 90 87 83 84 88 85 82 86 89  4  2  3  1  5  6  9  8  7 12 13 10 15 17 18 16 14 11 22 24 23 27 26 21 20 19 25 28 31 32 29 34 36 30 35 33 41 39 38 45 42 40 37 43 44 49 46 47 51 53 52 54 48 50 57 63 59 62 58 56 55 60 61
  7  8  5  9  1  4  2  3  6 18 16 14 12 10 17 15 11 13 27 24 20 21 25 22 19 23 26 31 29 30 28 32 33 36 35 34 39 40 37 42 44 45 43 41 38 49 51 50 54 53 48 47 46 52 55 58 59 56 61 63 57 62 60 68 66 65 72 69 67 64 70 71 76 73 74 78 80 79 81 75 77 84 90 86 89 85 83 82 87 88
 88 89 86 90 82 85 83 84 87  9  7  5  3  1  8  6  2  4 18 15 11 12 16 13 10 14 17 22 20 21 19 23 24 27 26 25 30 31 28 33 35 36 34 32 29 40 42 41 45 44 39 38 37 43 46 49 50 47 52 54 48 53 51 59 57 56 63 60 58 55 61 62 67 64 65 69 71 70 72 66 68 75 81 77 80 76 74 73 78 79
 26 27 24 19 20 23 21 22 25 28 35 33 31 29 36 34 30 32 37 43 39 40 44 41 38 42 45 50 48 49 47 51 52 46 54 53 58 59 56 61 63 55 62 60 57 68 70 69 64 72 67 66 65 71 74 77 78 75 80 73 76 81 79 87 85 84 82 88 86 83 89 90  5  2  3  7  9  8  1  4  6 13 10 15 18 14 12 11 16 17
 89 90 87 82 83 86 84 85 88  1  8  6  4  2  9  7  3  5 10 16 12 13 17 14 11 15 18 23 21 22 20 24 25 19 27 26 31 32 29 34 36 28 35 33 30 41 43 42 37 45 40 39 38 44 47 50 51 48 53 46 49 54 52 60 58 57 55 61 59 56 62 63 68 65 66 70 72 71 64 67 69 76 73 78 81 77 75 74 79 80
 35 36 33 28 29 32 30 31 34 37 44 42 40 38 45 43 39 41 46 52 48 49 53 50 47 51 54 59 57 58 56 60 61 55 63 62 67 68 65 70 72 64 71 69 66 77 79 78 73 81 76 75 74 80 83 86 87 84 89 82 85 90 88  6  4  3  1  7  5  2  8  9 14 11 12 16 18 17 10 13 15 22 19 24 27 23 21 20 25 26
 17 18 15 10 11 14 12 13 16 19 26 24 22 20 27 25 21 23 28 34 30 31 35 32 29 33 36 41 39 40 38 42 43 37 45 44 49 50 47 52 54 46 53 51 48 59 61 60 55 63 58 57 56 62 65 68 69 66 71 64 67 72 70 78 76 75 73 79 77 74 80 81 86 83 84 88 90 89 82 85 87  4  1  6  9  5  3  2  7  8
 53 54 51 46 47 50 48 49 52 55 62 60 58 56 63 61 57 59 64 70 66 67 71 68 65 69 72 77 75 76 74 78 79 73 81 80 85 86 83 88 90 82 89 87 84  5  7  6  1  9  4  3  2  8 11 14 15 12 17 10 13 18 16 24 22 21 19 25 23 20 26 27 32 29 30 34 36 35 28 31 33 40 37 42 45 41 39 38 43 44
  8  9  6  1  2  5  3  4  7 10 17 15 13 11 18 16 12 14 19 25 21 22 26 23 20 24 27 32 30 31 29 33 34 28 36 35 40 41 38 43 45 37 44 42 39 50 52 51 46 54 49 48 47 53 56 59 60 57 62 55 58 63 61 69 67 66 64 70 68 65 71 72 77 74 75 79 81 80 73 76 78 85 82 87 90 86 84 83 88 89
 62 63 60 55 56 59 57 58 61 64 71 69 67 65 72 70 66 68 73 79 75 76 80 77 74 78 81 86 84 85 83 87 88 82 90 89  4  5  2  7  9  1  8  6  3 14 16 15 10 18 13 12 11 17 20 23 24 21 26 19 22 27 25 33 31 30 28 34 32 29 35 36 41 38 39 43 45 44 37 40 42 49 46 51 54 50 48 47 52 53
 80 81 78 73 74 77 75 76 79 82 89 87 85 83 90 88 84 86  1  7  3  4  8  5  2  6  9 14 12 13 11 15 16 10 18 17 22 23 20 25 27 19 26 24 21 32 34 33 28 36 31 30 29 35 38 41 42 39 44 37 40 45 43 51 49 48 46 52 50 47 53 54 59 56 57 61 63 62 55 58 60 67 64 69 72 68 66 65 70 71
 44 45 42 37 38 41 39 40 43 46 53 51 49 47 54 52 48 50 55 61 57 58 62 59 56 60 63 68 66 67 65 69 70 64 72 71 76 77 74 79 81 73 80 78 75 86 88 87 82 90 85 84 83 89  2  5  6  3  8  1  4  9  7 15 13 12 10 16 14 11 17 18 23 20 21 25 27 26 19 22 24 31 28 33 36 32 30 29 34 35
 71 72 69 64 65 68 66 67 70 73 80 78 76 74 81 79 75 77 82 88 84 85 89 86 83 87 90  5  3  4  2  6  7  1  9  8 13 14 11 16 18 10 17 15 12 23 25 24 19 27 22 21 20 26 29 32 33 30 35 28 31 36 34 42 40 39 37 43 41 38 44 45 50 47 48 52 54 53 46 49 51 58 55 60 63 59 57 56 61 62
