 14 17 12 13 18 11 10 16 15 24 25 19 26 21 23 27 20 22 33 36 35 32 31 30 28 34 29 39 37 41 44 40 42 38 45 43 49 48 50 51 47 52 54 46 53 62 63 56 61 58 57 55 60 59 72 65 64 71 69 68 70 66 67 81 79 80 77 78 74 73 76 75 86 82 84 89 88 83 87 90 85  4  2  3  6  5  9  1  7  8
 86 89 84 85 90 83 82 88 87  6  7  1  8  3  5  9  2  4 15 18 17 14 13 12 10 16 11 21 19 23 26 22 24 20 27 25 31 30 32 33 29 34 36 28 35 44 45 38 43 40 39 37 42 41 54 47 46 53 51 50 52 48 49 63 61 62 59 60 56 55 58 57 68 64 66 71 70 65 69 72 67 76 74 75 78 77 81 73 79 80
 23 26 21 22 27 20 19 25 24 33 34 28 35 30 32 36 29 31 42 45 44 41 40 39 37 43 38 48 46 50 53 49 51 47 54 52 58 57 59 60 56 61 63 55 62 71 72 65 70 67 66 64 69 68 81 74 73 80 78 77 79 75 76 90 88 89 86 87 83 82 85 84  5  1  3  8  7  2  6  9  4 13 11 12 15 14 18 10 16 17
 50 53 48 49 54 47 46 52 51 60 61 55 62 57 59 63 56 58 69 72 71 68 67 66 64 70 65 75 73 77 80 76 78 74 81 79 85 84 86 87 83 88 90 82 89  8  9  2  7  4  3  1  6  5 18 11 10 17 15 14 16 12 13 27 25 26 23 24 20 19 22 21 32 28 30 35 34 29 33 36 31 40 38 39 42 41 45 37 43 44
 32 35 30 31 36 29 28 34 33 42 43 37 44 39 41 45 38 40 51 54 53 50 49 48 46 52 47 57 55 59 62 58 60 56 63 61 67 66 68 69 65 70 72 64 71 80 81 74 79 76 75 73 78 77 90 83 82 89 87 86 88 84 85  9  7  8  5  6  2  1  4  3 14 10 12 17 16 11 15 18 13 22 20 21 24 23 27 19 25 26
  5  8  3  4  9  2  1  7  6 15 16 10 17 12 14 18 11 13 24 27 26 23 22 21 19 25 20 30 28 32 35 31 33 29 36 34 40 39 41 42 38 43 45 37 44 53 54 47 52 49 48 46 51 50 63 56 55 62 60 59 61 57 58 72 70 71 68 69 65 64 67 66 77 73 75 80 79 74 78 81 76 85 83 84 87 86 90 82 88 89
 59 62 57 58 63 56 55 61 60 69 70 64 71 66 68 72 65 67 78 81 80 77 76 75 73 79 74 84 82 86 89 85 87 83 90 88  4  3  5  6  2  7  9  1  8 17 18 11 16 13 12 10 15 14 27 20 19 26 24 23 25 21 22 36 34 35 32 33 29 28 31 30 41 37 39 44 43 38 42 45 40 49 47 48 51 50 54 46 52 53
 41 44 39 40 45 38 37 43 42 51 52 46 53 48 50 54 47 49 60 63 62 59 58 57 55 61 56 66 64 68 71 67 69 65 72 70 76 75 77 78 74 79 81 73 80 89 90 83 88 85 84 82 87 86  9  2  1  8  6  5  7  3  4 18 16 17 14 15 11 10 13 12 23 19 21 26 25 20 24 27 22 31 29 30 33 32 36 28 34 35
 77 80 75 76 81 74 73 79 78 87 88 82 89 84 86 90 83 85  6  9  8  5  4  3  1  7  2 12 10 14 17 13 15 11 18 16 22 21 23 24 20 25 27 19 26 35 36 29 34 31 30 28 33 32 45 38 37 44 42 41 43 39 40 54 52 53 50 51 47 46 49 48 59 55 57 62 61 56 60 63 58 67 65 66 69 68 72 64 70 71
 68 71 66 67 72 65 64 70 69 78 79 73 80 75 77 81 74 76 87 90 89 86 85 84 82 88 83  3  1  5  8  4  6  2  9  7 13 12 14 15 11 16 18 10 17 26 27 20 25 22 21 19 24 23 36 29 28 35 33 32 34 30 31 45 43 44 41 42 38 37 40 39 50 46 48 53 52 47 51 54 49 58 56 57 60 59 63 55 61 62
 78 81 76 77 73 75 74 80 79 88 89 83 90 85 87 82 84 86  7  1  9  6  5  4  2  8  3 13 11 15 18 14 16 12 10 17 23 22 24 25 21 26 19 20 27 36 28 30 35 32 31 29 34 33 37 39 38 45 43 42 44 40 41 46 53 54 51 52 48 47 50 49 60 56 58 63 62 57 61 55 59 68 66 67 70 69 64 65 71 72
  6  9  4  5  1  3  2  8  7 16 17 11 18 13 15 10 12 14 25 19 27 24 23 22 20 26 21 31 29 33 36 32 34 30 28 35 41 40 42 43 39 44 37 38 45 54 46 48 53 50 49 47 52 51 55 57 56 63 61 60 62 58 59 64 71 72 69 70 66 65 68 67 78 74 76 81 80 75 79 73 77 86 84 85 88 87 82 83 89 90
 60 63 58 59 55 57 56 62 61 70 71 65 72 67 69 64 66 68 79 73 81 78 77 76 74 80 75 85 83 87 90 86 88 84 82 89  5  4  6  7  3  8  1  2  9 18 10 12 17 14 13 11 16 15 19 21 20 27 25 24 26 22 23 28 35 36 33 34 30 29 32 31 42 38 40 45 44 39 43 37 41 50 48 49 52 51 46 47 53 54
 87 90 85 86 82 84 83 89 88  7  8  2  9  4  6  1  3  5 16 10 18 15 14 13 11 17 12 22 20 24 27 23 25 21 19 26 32 31 33 34 30 35 28 29 36 45 37 39 44 41 40 38 43 42 46 48 47 54 52 51 53 49 50 55 62 63 60 61 57 56 59 58 69 65 67 72 71 66 70 64 68 77 75 76 79 78 73 74 80 81
 15 18 13 14 10 12 11 17 16 25 26 20 27 22 24 19 21 23 34 28 36 33 32 31 29 35 30 40 38 42 45 41 43 39 37 44 50 49 51 52 48 53 46 47 54 63 55 57 62 59 58 56 61 60 64 66 65 72 70 69 71 67 68 73 80 81 78 79 75 74 77 76 87 83 85 90 89 84 88 82 86  5  3  4  7  6  1  2  8  9
 33 36 31 32 28 30 29 35 34 43 44 38 45 40 42 37 39 41 52 46 54 51 50 49 47 53 48 58 56 60 63 59 61 57 55 62 68 67 69 70 66 71 64 65 72 81 73 75 80 77 76 74 79 78 82 84 83 90 88 87 89 85 86  1  8  9  6  7  3  2  5  4 15 11 13 18 17 12 16 10 14 23 21 22 25 24 19 20 26 27
 42 45 40 41 37 39 38 44 43 52 53 47 54 49 51 46 48 50 61 55 63 60 59 58 56 62 57 67 65 69 72 68 70 66 64 71 77 76 78 79 75 80 73 74 81 90 82 84 89 86 85 83 88 87  1  3  2  9  7  6  8  4  5 10 17 18 15 16 12 11 14 13 24 20 22 27 26 21 25 19 23 32 30 31 34 33 28 29 35 36
 24 27 22 23 19 21 20 26 25 34 35 29 36 31 33 28 30 32 43 37 45 42 41 40 38 44 39 49 47 51 54 50 52 48 46 53 59 58 60 61 57 62 55 56 63 72 64 66 71 68 67 65 70 69 73 75 74 81 79 78 80 76 77 82 89 90 87 88 84 83 86 85  6  2  4  9  8  3  7  1  5 14 12 13 16 15 10 11 17 18
 51 54 49 50 46 48 47 53 52 61 62 56 63 58 60 55 57 59 70 64 72 69 68 67 65 71 66 76 74 78 81 77 79 75 73 80 86 85 87 88 84 89 82 83 90  9  1  3  8  5  4  2  7  6 10 12 11 18 16 15 17 13 14 19 26 27 24 25 21 20 23 22 33 29 31 36 35 30 34 28 32 41 39 40 43 42 37 38 44 45
 69 72 67 68 64 66 65 71 70 79 80 74 81 76 78 73 75 77 88 82 90 87 86 85 83 89 84  4  2  6  9  5  7  3  1  8 14 13 15 16 12 17 10 11 18 27 19 21 26 23 22 20 25 24 28 30 29 36 34 33 35 31 32 37 44 45 42 43 39 38 41 40 51 47 49 54 53 48 52 46 50 59 57 58 61 60 55 56 62 63
 16 10 14 15 11 13 12 18 17 26 27 21 19 23 25 20 22 24 35 29 28 34 33 32 30 36 31 41 39 43 37 42 44 40 38 45 51 50 52 53 49 54 47 48 46 55 56 58 63 60 59 57 62 61 65 67 66 64 71 70 72 68 69 74 81 73 79 80 76 75 78 77 88 84 86 82 90 85 89 83 87  6  4  5  8  7  2  3  9  1
 88 82 86 87 83 85 84 90 89  8  9  3  1  5  7  2  4  6 17 11 10 16 15 14 12 18 13 23 21 25 19 24 26 22 20 27 33 32 34 35 31 36 29 30 28 37 38 40 45 42 41 39 44 43 47 49 48 46 53 52 54 50 51 56 63 55 61 62 58 57 60 59 70 66 68 64 72 67 71 65 69 78 76 77 80 79 74 75 81 73
 43 37 41 42 38 40 39 45 44 53 54 48 46 50 52 47 49 51 62 56 55 61 60 59 57 63 58 68 66 70 64 69 71 67 65 72 78 77 79 80 76 81 74 75 73 82 83 85 90 87 86 84 89 88  2  4  3  1  8  7  9  5  6 11 18 10 16 17 13 12 15 14 25 21 23 19 27 22 26 20 24 33 31 32 35 34 29 30 36 28
 79 73 77 78 74 76 75 81 80 89 90 84 82 86 88 83 85 87  8  2  1  7  6  5  3  9  4 14 12 16 10 15 17 13 11 18 24 23 25 26 22 27 20 21 19 28 29 31 36 33 32 30 35 34 38 40 39 37 44 43 45 41 42 47 54 46 52 53 49 48 51 50 61 57 59 55 63 58 62 56 60 69 67 68 71 70 65 66 72 64
 25 19 23 24 20 22 21 27 26 35 36 30 28 32 34 29 31 33 44 38 37 43 42 41 39 45 40 50 48 52 46 51 53 49 47 54 60 59 61 62 58 63 56 57 55 64 65 67 72 69 68 66 71 70 74 76 75 73 80 79 81 77 78 83 90 82 88 89 85 84 87 86  7  3  5  1  9  4  8  2  6 15 13 14 17 16 11 12 18 10
  7  1  5  6  2  4  3  9  8 17 18 12 10 14 16 11 13 15 26 20 19 25 24 23 21 27 22 32 30 34 28 33 35 31 29 36 42 41 43 44 40 45 38 39 37 46 47 49 54 51 50 48 53 52 56 58 57 55 62 61 63 59 60 65 72 64 70 71 67 66 69 68 79 75 77 73 81 76 80 74 78 87 85 86 89 88 83 84 90 82
 61 55 59 60 56 58 57 63 62 71 72 66 64 68 70 65 67 69 80 74 73 79 78 77 75 81 76 86 84 88 82 87 89 85 83 90  6  5  7  8  4  9  2  3  1 10 11 13 18 15 14 12 17 16 20 22 21 19 26 25 27 23 24 29 36 28 34 35 31 30 33 32 43 39 41 37 45 40 44 38 42 51 49 50 53 52 47 48 54 46
 34 28 32 33 29 31 30 36 35 44 45 39 37 41 43 38 40 42 53 47 46 52 51 50 48 54 49 59 57 61 55 60 62 58 56 63 69 68 70 71 67 72 65 66 64 73 74 76 81 78 77 75 80 79 83 85 84 82 89 88 90 86 87  2  9  1  7  8  4  3  6  5 16 12 14 10 18 13 17 11 15 24 22 23 26 25 20 21 27 19
 70 64 68 69 65 67 66 72 71 80 81 75 73 77 79 74 76 78 89 83 82 88 87 86 84 90 85  5  3  7  1  6  8  4  2  9 15 14 16 17 13 18 11 12 10 19 20 22 27 24 23 21 26 25 29 31 30 28 35 34 36 32 33 38 45 37 43 44 40 39 42 41 52 48 50 46 54 49 53 47 51 60 58 59 62 61 56 57 63 55
 52 46 50 51 47 49 48 54 53 62 63 57 55 59 61 56 58 60 71 65 64 70 69 68 66 72 67 77 75 79 73 78 80 76 74 81 87 86 88 89 85 90 83 84 82  1  2  4  9  6  5  3  8  7 11 13 12 10 17 16 18 14 15 20 27 19 25 26 22 21 24 23 34 30 32 28 36 31 35 29 33 42 40 41 44 43 38 39 45 37
 89 83 87 88 84 86 85 82 90  9  1  4  2  6  8  3  5  7 18 12 11 17 16 15 13 10 14 24 22 26 20 25 27 23 21 19 34 33 35 36 32 28 30 31 29 38 39 41 37 43 42 40 45 44 48 50 49 47 54 53 46 51 52 57 55 56 62 63 59 58 61 60 71 67 69 65 64 68 72 66 70 79 77 78 81 80 75 76 73 74
 26 20 24 25 21 23 22 19 27 36 28 31 29 33 35 30 32 34 45 39 38 44 43 42 40 37 41 51 49 53 47 52 54 50 48 46 61 60 62 63 59 55 57 58 56 65 66 68 64 70 69 67 72 71 75 77 76 74 81 80 73 78 79 84 82 83 89 90 86 85 88 87  8  4  6  2  1  5  9  3  7 16 14 15 18 17 12 13 10 11
 62 56 60 61 57 59 58 55 63 72 64 67 65 69 71 66 68 70 81 75 74 80 79 78 76 73 77 87 85 89 83 88 90 86 84 82  7  6  8  9  5  1  3  4  2 11 12 14 10 16 15 13 18 17 21 23 22 20 27 26 19 24 25 30 28 29 35 36 32 31 34 33 44 40 42 38 37 41 45 39 43 52 50 51 54 53 48 49 46 47
 80 74 78 79 75 77 76 73 81 90 82 85 83 87 89 84 86 88  9  3  2  8  7  6  4  1  5 15 13 17 11 16 18 14 12 10 25 24 26 27 23 19 21 22 20 29 30 32 28 34 33 31 36 35 39 41 40 38 45 44 37 42 43 48 46 47 53 54 50 49 52 51 62 58 60 56 55 59 63 57 61 70 68 69 72 71 66 67 64 65
 44 38 42 43 39 41 40 37 45 54 46 49 47 51 53 48 50 52 63 57 56 62 61 60 58 55 59 69 67 71 65 70 72 68 66 64 79 78 80 81 77 73 75 76 74 83 84 86 82 88 87 85 90 89  3  5  4  2  9  8  1  6  7 12 10 11 17 18 14 13 16 15 26 22 24 20 19 23 27 21 25 34 32 33 36 35 30 31 28 29
 17 11 15 16 12 14 13 10 18 27 19 22 20 24 26 21 23 25 36 30 29 35 34 33 31 28 32 42 40 44 38 43 45 41 39 37 52 51 53 54 50 46 48 49 47 56 57 59 55 61 60 58 63 62 66 68 67 65 72 71 64 69 70 75 73 74 80 81 77 76 79 78 89 85 87 83 82 86 90 84 88  7  5  6  9  8  3  4  1  2
 35 29 33 34 30 32 31 28 36 45 37 40 38 42 44 39 41 43 54 48 47 53 52 51 49 46 50 60 58 62 56 61 63 59 57 55 70 69 71 72 68 64 66 67 65 74 75 77 73 79 78 76 81 80 84 86 85 83 90 89 82 87 88  3  1  2  8  9  5  4  7  6 17 13 15 11 10 14 18 12 16 25 23 24 27 26 21 22 19 20
 53 47 51 52 48 50 49 46 54 63 55 58 56 60 62 57 59 61 72 66 65 71 70 69 67 64 68 78 76 80 74 79 81 77 75 73 88 87 89 90 86 82 84 85 83  2  3  5  1  7  6  4  9  8 12 14 13 11 18 17 10 15 16 21 19 20 26 27 23 22 25 24 35 31 33 29 28 32 36 30 34 43 41 42 45 44 39 40 37 38
 71 65 69 70 66 68 67 64 72 81 73 76 74 78 80 75 77 79 90 84 83 89 88 87 85 82 86  6  4  8  2  7  9  5  3  1 16 15 17 18 14 10 12 13 11 20 21 23 19 25 24 22 27 26 30 32 31 29 36 35 28 33 34 39 37 38 44 45 41 40 43 42 53 49 51 47 46 50 54 48 52 61 59 60 63 62 57 58 55 56
  8  2  6  7  3  5  4  1  9 18 10 13 11 15 17 12 14 16 27 21 20 26 25 24 22 19 23 33 31 35 29 34 36 32 30 28 43 42 44 45 41 37 39 40 38 47 48 50 46 52 51 49 54 53 57 59 58 56 63 62 55 60 61 66 64 65 71 72 68 67 70 69 80 76 78 74 73 77 81 75 79 88 86 87 90 89 84 85 82 83
 72 66 70 71 67 69 68 65 64 73 74 77 75 79 81 76 78 80 82 85 84 90 89 88 86 83 87  7  5  9  3  8  1  6  4  2 17 16 18 10 15 11 13 14 12 21 22 24 20 26 25 23 19 27 31 33 32 30 28 36 29 34 35 40 38 39 45 37 42 41 44 43 54 50 52 48 47 51 46 49 53 62 60 61 55 63 58 59 56 57
 36 30 34 35 31 33 32 29 28 37 38 41 39 43 45 40 42 44 46 49 48 54 53 52 50 47 51 61 59 63 57 62 55 60 58 56 71 70 72 64 69 65 67 68 66 75 76 78 74 80 79 77 73 81 85 87 86 84 82 90 83 88 89  4  2  3  9  1  6  5  8  7 18 14 16 12 11 15 10 13 17 26 24 25 19 27 22 23 20 21
 63 57 61 62 58 60 59 56 55 64 65 68 66 70 72 67 69 71 73 76 75 81 80 79 77 74 78 88 86 90 84 89 82 87 85 83  8  7  9  1  6  2  4  5  3 12 13 15 11 17 16 14 10 18 22 24 23 21 19 27 20 25 26 31 29 30 36 28 33 32 35 34 45 41 43 39 38 42 37 40 44 53 51 52 46 54 49 50 47 48
 90 84 88 89 85 87 86 83 82  1  2  5  3  7  9  4  6  8 10 13 12 18 17 16 14 11 15 25 23 27 21 26 19 24 22 20 35 34 36 28 33 29 31 32 30 39 40 42 38 44 43 41 37 45 49 51 50 48 46 54 47 52 53 58 56 57 63 55 60 59 62 61 72 68 70 66 65 69 64 67 71 80 78 79 73 81 76 77 74 75
 81 75 79 80 76 78 77 74 73 82 83 86 84 88 90 85 87 89  1  4  3  9  8  7  5  2  6 16 14 18 12 17 10 15 13 11 26 25 27 19 24 20 22 23 21 30 31 33 29 35 34 32 28 36 40 42 41 39 37 45 38 43 44 49 47 48 54 46 51 50 53 52 63 59 61 57 56 60 55 58 62 71 69 70 64 72 67 68 65 66
  9  3  7  8  4  6  5  2  1 10 11 14 12 16 18 13 15 17 19 22 21 27 26 25 23 20 24 34 32 36 30 35 28 33 31 29 44 43 45 37 42 38 40 41 39 48 49 51 47 53 52 50 46 54 58 60 59 57 55 63 56 61 62 67 65 66 72 64 69 68 71 70 81 77 79 75 74 78 73 76 80 89 87 88 82 90 85 86 83 84
 27 21 25 26 22 24 23 20 19 28 29 32 30 34 36 31 33 35 37 40 39 45 44 43 41 38 42 52 50 54 48 53 46 51 49 47 62 61 63 55 60 56 58 59 57 66 67 69 65 71 70 68 64 72 76 78 77 75 73 81 74 79 80 85 83 84 90 82 87 86 89 88  9  5  7  3  2  6  1  4  8 17 15 16 10 18 13 14 11 12
 18 12 16 17 13 15 14 11 10 19 20 23 21 25 27 22 24 26 28 31 30 36 35 34 32 29 33 43 41 45 39 44 37 42 40 38 53 52 54 46 51 47 49 50 48 57 58 60 56 62 61 59 55 63 67 69 68 66 64 72 65 70 71 76 74 75 81 73 78 77 80 79 90 86 88 84 83 87 82 85 89  8  6  7  1  9  4  5  2  3
 54 48 52 53 49 51 50 47 46 55 56 59 57 61 63 58 60 62 64 67 66 72 71 70 68 65 69 79 77 81 75 80 73 78 76 74 89 88 90 82 87 83 85 86 84  3  4  6  2  8  7  5  1  9 13 15 14 12 10 18 11 16 17 22 20 21 27 19 24 23 26 25 36 32 34 30 29 33 28 31 35 44 42 43 37 45 40 41 38 39
 45 39 43 44 40 42 41 38 37 46 47 50 48 52 54 49 51 53 55 58 57 63 62 61 59 56 60 70 68 72 66 71 64 69 67 65 80 79 81 73 78 74 76 77 75 84 85 87 83 89 88 86 82 90  4  6  5  3  1  9  2  7  8 13 11 12 18 10 15 14 17 16 27 23 25 21 20 24 19 22 26 35 33 34 28 36 31 32 29 30
 10 13 17 18 14 16 15 12 11 20 21 24 22 26 19 23 25 27 29 32 31 28 36 35 33 30 34 44 42 37 40 45 38 43 41 39 54 53 46 47 52 48 50 51 49 58 59 61 57 63 62 60 56 55 68 70 69 67 65 64 66 71 72 77 75 76 73 74 79 78 81 80 82 87 89 85 84 88 83 86 90  9  7  8  2  1  5  6  3  4
 64 67 71 72 68 70 69 66 65 74 75 78 76 80 73 77 79 81 83 86 85 82 90 89 87 84 88  8  6  1  4  9  2  7  5  3 18 17 10 11 16 12 14 15 13 22 23 25 21 27 26 24 20 19 32 34 33 31 29 28 30 35 36 41 39 40 37 38 43 42 45 44 46 51 53 49 48 52 47 50 54 63 61 62 56 55 59 60 57 58
 55 58 62 63 59 61 60 57 56 65 66 69 67 71 64 68 70 72 74 77 76 73 81 80 78 75 79 89 87 82 85 90 83 88 86 84  9  8  1  2  7  3  5  6  4 13 14 16 12 18 17 15 11 10 23 25 24 22 20 19 21 26 27 32 30 31 28 29 34 33 36 35 37 42 44 40 39 43 38 41 45 54 52 53 47 46 50 51 48 49
 73 76 80 81 77 79 78 75 74 83 84 87 85 89 82 86 88 90  2  5  4  1  9  8  6  3  7 17 15 10 13 18 11 16 14 12 27 26 19 20 25 21 23 24 22 31 32 34 30 36 35 33 29 28 41 43 42 40 38 37 39 44 45 50 48 49 46 47 52 51 54 53 55 60 62 58 57 61 56 59 63 72 70 71 65 64 68 69 66 67
 28 31 35 36 32 34 33 30 29 38 39 42 40 44 37 41 43 45 47 50 49 46 54 53 51 48 52 62 60 55 58 63 56 61 59 57 72 71 64 65 70 66 68 69 67 76 77 79 75 81 80 78 74 73 86 88 87 85 83 82 84 89 90  5  3  4  1  2  7  6  9  8 10 15 17 13 12 16 11 14 18 27 25 26 20 19 23 24 21 22
 37 40 44 45 41 43 42 39 38 47 48 51 49 53 46 50 52 54 56 59 58 55 63 62 60 57 61 71 69 64 67 72 65 70 68 66 81 80 73 74 79 75 77 78 76 85 86 88 84 90 89 87 83 82  5  7  6  4  2  1  3  8  9 14 12 13 10 11 16 15 18 17 19 24 26 22 21 25 20 23 27 36 34 35 29 28 32 33 30 31
 46 49 53 54 50 52 51 48 47 56 57 60 58 62 55 59 61 63 65 68 67 64 72 71 69 66 70 80 78 73 76 81 74 79 77 75 90 89 82 83 88 84 86 87 85  4  5  7  3  9  8  6  2  1 14 16 15 13 11 10 12 17 18 23 21 22 19 20 25 24 27 26 28 33 35 31 30 34 29 32 36 45 43 44 38 37 41 42 39 40
 19 22 26 27 23 25 24 21 20 29 30 33 31 35 28 32 34 36 38 41 40 37 45 44 42 39 43 53 51 46 49 54 47 52 50 48 63 62 55 56 61 57 59 60 58 67 68 70 66 72 71 69 65 64 77 79 78 76 74 73 75 80 81 86 84 85 82 83 88 87 90 89  1  6  8  4  3  7  2  5  9 18 16 17 11 10 14 15 12 13
  1  4  8  9  5  7  6  3  2 11 12 15 13 17 10 14 16 18 20 23 22 19 27 26 24 21 25 35 33 28 31 36 29 34 32 30 45 44 37 38 43 39 41 42 40 49 50 52 48 54 53 51 47 46 59 61 60 58 56 55 57 62 63 68 66 67 64 65 70 69 72 71 73 78 80 76 75 79 74 77 81 90 88 89 83 82 86 87 84 85
 82 85 89 90 86 88 87 84 83  2  3  6  4  8  1  5  7  9 11 14 13 10 18 17 15 12 16 26 24 19 22 27 20 25 23 21 36 35 28 29 34 30 32 33 31 40 41 43 39 45 44 42 38 37 50 52 51 49 47 46 48 53 54 59 57 58 55 56 61 60 63 62 64 69 71 67 66 70 65 68 72 81 79 80 74 73 77 78 75 76
 74 77 81 73 78 80 79 76 75 84 85 88 86 90 83 87 89 82  3  6  5  2  1  9  7  4  8 18 16 11 14 10 12 17 15 13 19 27 20 21 26 22 24 25 23 32 33 35 31 28 36 34 30 29 42 44 43 41 39 38 40 45 37 51 49 50 47 48 53 52 46 54 56 61 63 59 58 62 57 60 55 64 71 72 66 65 69 70 67 68
 83 86 90 82 87 89 88 85 84  3  4  7  5  9  2  6  8  1 12 15 14 11 10 18 16 13 17 27 25 20 23 19 21 26 24 22 28 36 29 30 35 31 33 34 32 41 42 44 40 37 45 43 39 38 51 53 52 50 48 47 49 54 46 60 58 59 56 57 62 61 55 63 65 70 72 68 67 71 66 69 64 73 80 81 75 74 78 79 76 77
  2  5  9  1  6  8  7  4  3 12 13 16 14 18 11 15 17 10 21 24 23 20 19 27 25 22 26 36 34 29 32 28 30 35 33 31 37 45 38 39 44 40 42 43 41 50 51 53 49 46 54 52 48 47 60 62 61 59 57 56 58 63 55 69 67 68 65 66 71 70 64 72 74 79 81 77 76 80 75 78 73 82 89 90 84 83 87 88 85 86
 38 41 45 37 42 44 43 40 39 48 49 52 50 54 47 51 53 46 57 60 59 56 55 63 61 58 62 72 70 65 68 64 66 71 69 67 73 81 74 75 80 76 78 79 77 86 87 89 85 82 90 88 84 83  6  8  7  5  3  2  4  9  1 15 13 14 11 12 17 16 10 18 20 25 27 23 22 26 21 24 19 28 35 36 30 29 33 34 31 32
 11 14 18 10 15 17 16 13 12 21 22 25 23 27 20 24 26 19 30 33 32 29 28 36 34 31 35 45 43 38 41 37 39 44 42 40 46 54 47 48 53 49 51 52 50 59 60 62 58 55 63 61 57 56 69 71 70 68 66 65 67 72 64 78 76 77 74 75 80 79 73 81 83 88 90 86 85 89 84 87 82  1  8  9  3  2  6  7  4  5
 56 59 63 55 60 62 61 58 57 66 67 70 68 72 65 69 71 64 75 78 77 74 73 81 79 76 80 90 88 83 86 82 84 89 87 85  1  9  2  3  8  4  6  7  5 14 15 17 13 10 18 16 12 11 24 26 25 23 21 20 22 27 19 33 31 32 29 30 35 34 28 36 38 43 45 41 40 44 39 42 37 46 53 54 48 47 51 52 49 50
 65 68 72 64 69 71 70 67 66 75 76 79 77 81 74 78 80 73 84 87 86 83 82 90 88 85 89  9  7  2  5  1  3  8  6  4 10 18 11 12 17 13 15 16 14 23 24 26 22 19 27 25 21 20 33 35 34 32 30 29 31 36 28 42 40 41 38 39 44 43 37 45 47 52 54 50 49 53 48 51 46 55 62 63 57 56 60 61 58 59
 29 32 36 28 33 35 34 31 30 39 40 43 41 45 38 42 44 37 48 51 50 47 46 54 52 49 53 63 61 56 59 55 57 62 60 58 64 72 65 66 71 67 69 70 68 77 78 80 76 73 81 79 75 74 87 89 88 86 84 83 85 90 82  6  4  5  2  3  8  7  1  9 11 16 18 14 13 17 12 15 10 19 26 27 21 20 24 25 22 23
 20 23 27 19 24 26 25 22 21 30 31 34 32 36 29 33 35 28 39 42 41 38 37 45 43 40 44 54 52 47 50 46 48 53 51 49 55 63 56 57 62 58 60 61 59 68 69 71 67 64 72 70 66 65 78 80 79 77 75 74 76 81 73 87 85 86 83 84 89 88 82 90  2  7  9  5  4  8  3  6  1 10 17 18 12 11 15 16 13 14
 47 50 54 46 51 53 52 49 48 57 58 61 59 63 56 60 62 55 66 69 68 65 64 72 70 67 71 81 79 74 77 73 75 80 78 76 82 90 83 84 89 85 87 88 86  5  6  8  4  1  9  7  3  2 15 17 16 14 12 11 13 18 10 24 22 23 20 21 26 25 19 27 29 34 36 32 31 35 30 33 28 37 44 45 39 38 42 43 40 41
 48 51 46 47 52 54 53 50 49 58 59 62 60 55 57 61 63 56 67 70 69 66 65 64 71 68 72 73 80 75 78 74 76 81 79 77 83 82 84 85 90 86 88 89 87  6  7  9  5  2  1  8  4  3 16 18 17 15 13 12 14 10 11 25 23 24 21 22 27 26 20 19 30 35 28 33 32 36 31 34 29 38 45 37 40 39 43 44 41 42
  3  6  1  2  7  9  8  5  4 13 14 17 15 10 12 16 18 11 22 25 24 21 20 19 26 23 27 28 35 30 33 29 31 36 34 32 38 37 39 40 45 41 43 44 42 51 52 54 50 47 46 53 49 48 61 63 62 60 58 57 59 55 56 70 68 69 66 67 72 71 65 64 75 80 73 78 77 81 76 79 74 83 90 82 85 84 88 89 86 87
 12 15 10 11 16 18 17 14 13 22 23 26 24 19 21 25 27 20 31 34 33 30 29 28 35 32 36 37 44 39 42 38 40 45 43 41 47 46 48 49 54 50 52 53 51 60 61 63 59 56 55 62 58 57 70 72 71 69 67 66 68 64 65 79 77 78 75 76 81 80 74 73 84 89 82 87 86 90 85 88 83  2  9  1  4  3  7  8  5  6
 75 78 73 74 79 81 80 77 76 85 86 89 87 82 84 88 90 83  4  7  6  3  2  1  8  5  9 10 17 12 15 11 13 18 16 14 20 19 21 22 27 23 25 26 24 33 34 36 32 29 28 35 31 30 43 45 44 42 40 39 41 37 38 52 50 51 48 49 54 53 47 46 57 62 55 60 59 63 58 61 56 65 72 64 67 66 70 71 68 69
 39 42 37 38 43 45 44 41 40 49 50 53 51 46 48 52 54 47 58 61 60 57 56 55 62 59 63 64 71 66 69 65 67 72 70 68 74 73 75 76 81 77 79 80 78 87 88 90 86 83 82 89 85 84  7  9  8  6  4  3  5  1  2 16 14 15 12 13 18 17 11 10 21 26 19 24 23 27 22 25 20 29 36 28 31 30 34 35 32 33
 84 87 82 83 88 90 89 86 85  4  5  8  6  1  3  7  9  2 13 16 15 12 11 10 17 14 18 19 26 21 24 20 22 27 25 23 29 28 30 31 36 32 34 35 33 42 43 45 41 38 37 44 40 39 52 54 53 51 49 48 50 46 47 61 59 60 57 58 63 62 56 55 66 71 64 69 68 72 67 70 65 74 81 73 76 75 79 80 77 78
 30 33 28 29 34 36 35 32 31 40 41 44 42 37 39 43 45 38 49 52 51 48 47 46 53 50 54 55 62 57 60 56 58 63 61 59 65 64 66 67 72 68 70 71 69 78 79 81 77 74 73 80 76 75 88 90 89 87 85 84 86 82 83  7  5  6  3  4  9  8  2  1 12 17 10 15 14 18 13 16 11 20 27 19 22 21 25 26 23 24
 57 60 55 56 61 63 62 59 58 67 68 71 69 64 66 70 72 65 76 79 78 75 74 73 80 77 81 82 89 84 87 83 85 90 88 86  2  1  3  4  9  5  7  8  6 15 16 18 14 11 10 17 13 12 25 27 26 24 22 21 23 19 20 34 32 33 30 31 36 35 29 28 39 44 37 42 41 45 40 43 38 47 54 46 49 48 52 53 50 51
 66 69 64 65 70 72 71 68 67 76 77 80 78 73 75 79 81 74 85 88 87 84 83 82 89 86 90  1  8  3  6  2  4  9  7  5 11 10 12 13 18 14 16 17 15 24 25 27 23 20 19 26 22 21 34 36 35 33 31 30 32 28 29 43 41 42 39 40 45 44 38 37 48 53 46 51 50 54 49 52 47 56 63 55 58 57 61 62 59 60
 21 24 19 20 25 27 26 23 22 31 32 35 33 28 30 34 36 29 40 43 42 39 38 37 44 41 45 46 53 48 51 47 49 54 52 50 56 55 57 58 63 59 61 62 60 69 70 72 68 65 64 71 67 66 79 81 80 78 76 75 77 73 74 88 86 87 84 85 90 89 83 82  3  8  1  6  5  9  4  7  2 11 18 10 13 12 16 17 14 15
 31 34 29 30 35 28 36 33 32 41 42 45 43 38 40 44 37 39 50 53 52 49 48 47 54 51 46 56 63 58 61 57 59 55 62 60 66 65 67 68 64 69 71 72 70 79 80 73 78 75 74 81 77 76 89 82 90 88 86 85 87 83 84  8  6  7  4  5  1  9  3  2 13 18 11 16 15 10 14 17 12 21 19 20 23 22 26 27 24 25
  4  7  2  3  8  1  9  6  5 14 15 18 16 11 13 17 10 12 23 26 25 22 21 20 27 24 19 29 36 31 34 30 32 28 35 33 39 38 40 41 37 42 44 45 43 52 53 46 51 48 47 54 50 49 62 55 63 61 59 58 60 56 57 71 69 70 67 68 64 72 66 65 76 81 74 79 78 73 77 80 75 84 82 83 86 85 89 90 87 88
 67 70 65 66 71 64 72 69 68 77 78 81 79 74 76 80 73 75 86 89 88 85 84 83 90 87 82  2  9  4  7  3  5  1  8  6 12 11 13 14 10 15 17 18 16 25 26 19 24 21 20 27 23 22 35 28 36 34 32 31 33 29 30 44 42 43 40 41 37 45 39 38 49 54 47 52 51 46 50 53 48 57 55 56 59 58 62 63 60 61
 40 43 38 39 44 37 45 42 41 50 51 54 52 47 49 53 46 48 59 62 61 58 57 56 63 60 55 65 72 67 70 66 68 64 71 69 75 74 76 77 73 78 80 81 79 88 89 82 87 84 83 90 86 85  8  1  9  7  5  4  6  2  3 17 15 16 13 14 10 18 12 11 22 27 20 25 24 19 23 26 21 30 28 29 32 31 35 36 33 34
 22 25 20 21 26 19 27 24 23 32 33 36 34 29 31 35 28 30 41 44 43 40 39 38 45 42 37 47 54 49 52 48 50 46 53 51 57 56 58 59 55 60 62 63 61 70 71 64 69 66 65 72 68 67 80 73 81 79 77 76 78 74 75 89 87 88 85 86 82 90 84 83  4  9  2  7  6  1  5  8  3 12 10 11 14 13 17 18 15 16
 85 88 83 84 89 82 90 87 86  5  6  9  7  2  4  8  1  3 14 17 16 13 12 11 18 15 10 20 27 22 25 21 23 19 26 24 30 29 31 32 28 33 35 36 34 43 44 37 42 39 38 45 41 40 53 46 54 52 50 49 51 47 48 62 60 61 58 59 55 63 57 56 67 72 65 70 69 64 68 71 66 75 73 74 77 76 80 81 78 79
 13 16 11 12 17 10 18 15 14 23 24 27 25 20 22 26 19 21 32 35 34 31 30 29 36 33 28 38 45 40 43 39 41 37 44 42 48 47 49 50 46 51 53 54 52 61 62 55 60 57 56 63 59 58 71 64 72 70 68 67 69 65 66 80 78 79 76 77 73 81 75 74 85 90 83 88 87 82 86 89 84  3  1  2  5  4  8  9  6  7
 58 61 56 57 62 55 63 60 59 68 69 72 70 65 67 71 64 66 77 80 79 76 75 74 81 78 73 83 90 85 88 84 86 82 89 87  3  2  4  5  1  6  8  9  7 16 17 10 15 12 11 18 14 13 26 19 27 25 23 22 24 20 21 35 33 34 31 32 28 36 30 29 40 45 38 43 42 37 41 44 39 48 46 47 50 49 53 54 51 52
 49 52 47 48 53 46 54 51 50 59 60 63 61 56 58 62 55 57 68 71 70 67 66 65 72 69 64 74 81 76 79 75 77 73 80 78 84 83 85 86 82 87 89 90 88  7  8  1  6  3  2  9  5  4 17 10 18 16 14 13 15 11 12 26 24 25 22 23 19 27 21 20 31 36 29 34 33 28 32 35 30 39 37 38 41 40 44 45 42 43
 76 79 74 75 80 73 81 78 77 86 87 90 88 83 85 89 82 84  5  8  7  4  3  2  9  6  1 11 18 13 16 12 14 10 17 15 21 20 22 23 19 24 26 27 25 34 35 28 33 30 29 36 32 31 44 37 45 43 41 40 42 38 39 53 51 52 49 50 46 54 48 47 58 63 56 61 60 55 59 62 57 66 64 65 68 67 71 72 69 70
