 17 13 12 16 10 15 18 11 14 26 19 23 27 21 20 24 22 25 36 33 29 30 34 31 28 35 32 38 42 43 39 37 40 44 45 41 47 51 46 52 49 53 54 50 48 56 55 60 63 58 62 57 59 61 67 65 71 64 66 69 68 70 72 80 75 79 74 73 76 81 77 78 90 89 84 87 82 88 83 86 85  4  6  9  5  3  8  2  1  7
  8  4  3  7  1  6  9  2  5 17 10 14 18 12 11 15 13 16 27 24 20 21 25 22 19 26 23 29 33 34 30 28 31 35 36 32 38 42 37 43 40 44 45 41 39 47 46 51 54 49 53 48 50 52 58 56 62 55 57 60 59 61 63 71 66 70 65 64 67 72 68 69 81 80 75 78 73 79 74 77 76 85 87 90 86 84 89 83 82 88
 44 40 39 43 37 42 45 38 41 53 46 50 54 48 47 51 49 52 63 60 56 57 61 58 55 62 59 65 69 70 66 64 67 71 72 68 74 78 73 79 76 80 81 77 75 83 82 87 90 85 89 84 86 88  4  2  8  1  3  6  5  7  9 17 12 16 11 10 13 18 14 15 27 26 21 24 19 25 20 23 22 31 33 36 32 30 35 29 28 34
 62 58 57 61 55 60 63 56 59 71 64 68 72 66 65 69 67 70 81 78 74 75 79 76 73 80 77 83 87 88 84 82 85 89 90 86  2  6  1  7  4  8  9  5  3 11 10 15 18 13 17 12 14 16 22 20 26 19 21 24 23 25 27 35 30 34 29 28 31 36 32 33 45 44 39 42 37 43 38 41 40 49 51 54 50 48 53 47 46 52
 71 67 66 70 64 69 72 65 68 80 73 77 81 75 74 78 76 79 90 87 83 84 88 85 82 89 86  2  6  7  3  1  4  8  9  5 11 15 10 16 13 17 18 14 12 20 19 24 27 22 26 21 23 25 31 29 35 28 30 33 32 34 36 44 39 43 38 37 40 45 41 42 54 53 48 51 46 52 47 50 49 58 60 63 59 57 62 56 55 61
 35 31 30 34 28 33 36 29 32 44 37 41 45 39 38 42 40 43 54 51 47 48 52 49 46 53 50 56 60 61 57 55 58 62 63 59 65 69 64 70 67 71 72 68 66 74 73 78 81 76 80 75 77 79 85 83 89 82 84 87 86 88 90  8  3  7  2  1  4  9  5  6 18 17 12 15 10 16 11 14 13 22 24 27 23 21 26 20 19 25
 89 85 84 88 82 87 90 83 86  8  1  5  9  3  2  6  4  7 18 15 11 12 16 13 10 17 14 20 24 25 21 19 22 26 27 23 29 33 28 34 31 35 36 32 30 38 37 42 45 40 44 39 41 43 49 47 53 46 48 51 50 52 54 62 57 61 56 55 58 63 59 60 72 71 66 69 64 70 65 68 67 76 78 81 77 75 80 74 73 79
 80 76 75 79 73 78 81 74 77 89 82 86 90 84 83 87 85 88  9  6  2  3  7  4  1  8  5 11 15 16 12 10 13 17 18 14 20 24 19 25 22 26 27 23 21 29 28 33 36 31 35 30 32 34 40 38 44 37 39 42 41 43 45 53 48 52 47 46 49 54 50 51 63 62 57 60 55 61 56 59 58 67 69 72 68 66 71 65 64 70
 26 22 21 25 19 24 27 20 23 35 28 32 36 30 29 33 31 34 45 42 38 39 43 40 37 44 41 47 51 52 48 46 49 53 54 50 56 60 55 61 58 62 63 59 57 65 64 69 72 67 71 66 68 70 76 74 80 73 75 78 77 79 81 89 84 88 83 82 85 90 86 87  9  8  3  6  1  7  2  5  4 13 15 18 14 12 17 11 10 16
 53 49 48 52 46 51 54 47 50 62 55 59 63 57 56 60 58 61 72 69 65 66 70 67 64 71 68 74 78 79 75 73 76 80 81 77 83 87 82 88 85 89 90 86 84  2  1  6  9  4  8  3  5  7 13 11 17 10 12 15 14 16 18 26 21 25 20 19 22 27 23 24 36 35 30 33 28 34 29 32 31 40 42 45 41 39 44 38 37 43
 18 14 13 17 11 16 10 12 15 27 20 24 19 22 21 25 23 26 28 34 30 31 35 32 29 36 33 39 43 44 40 38 41 45 37 42 48 52 47 53 50 54 46 51 49 57 56 61 55 59 63 58 60 62 68 66 72 65 67 70 69 71 64 81 76 80 75 74 77 73 78 79 82 90 85 88 83 89 84 87 86  5  7  1  6  4  9  3  2  8
 54 50 49 53 47 52 46 48 51 63 56 60 55 58 57 61 59 62 64 70 66 67 71 68 65 72 69 75 79 80 76 74 77 81 73 78 84 88 83 89 86 90 82 87 85  3  2  7  1  5  9  4  6  8 14 12 18 11 13 16 15 17 10 27 22 26 21 20 23 19 24 25 28 36 31 34 29 35 30 33 32 41 43 37 42 40 45 39 38 44
 63 59 58 62 56 61 55 57 60 72 65 69 64 67 66 70 68 71 73 79 75 76 80 77 74 81 78 84 88 89 85 83 86 90 82 87  3  7  2  8  5  9  1  6  4 12 11 16 10 14 18 13 15 17 23 21 27 20 22 25 24 26 19 36 31 35 30 29 32 28 33 34 37 45 40 43 38 44 39 42 41 50 52 46 51 49 54 48 47 53
 72 68 67 71 65 70 64 66 69 81 74 78 73 76 75 79 77 80 82 88 84 85 89 86 83 90 87  3  7  8  4  2  5  9  1  6 12 16 11 17 14 18 10 15 13 21 20 25 19 23 27 22 24 26 32 30 36 29 31 34 33 35 28 45 40 44 39 38 41 37 42 43 46 54 49 52 47 53 48 51 50 59 61 55 60 58 63 57 56 62
 27 23 22 26 20 25 19 21 24 36 29 33 28 31 30 34 32 35 37 43 39 40 44 41 38 45 42 48 52 53 49 47 50 54 46 51 57 61 56 62 59 63 55 60 58 66 65 70 64 68 72 67 69 71 77 75 81 74 76 79 78 80 73 90 85 89 84 83 86 82 87 88  1  9  4  7  2  8  3  6  5 14 16 10 15 13 18 12 11 17
 90 86 85 89 83 88 82 84 87  9  2  6  1  4  3  7  5  8 10 16 12 13 17 14 11 18 15 21 25 26 22 20 23 27 19 24 30 34 29 35 32 36 28 33 31 39 38 43 37 41 45 40 42 44 50 48 54 47 49 52 51 53 46 63 58 62 57 56 59 55 60 61 64 72 67 70 65 71 66 69 68 77 79 73 78 76 81 75 74 80
 45 41 40 44 38 43 37 39 42 54 47 51 46 49 48 52 50 53 55 61 57 58 62 59 56 63 60 66 70 71 67 65 68 72 64 69 75 79 74 80 77 81 73 78 76 84 83 88 82 86 90 85 87 89  5  3  9  2  4  7  6  8  1 18 13 17 12 11 14 10 15 16 19 27 22 25 20 26 21 24 23 32 34 28 33 31 36 30 29 35
  9  5  4  8  2  7  1  3  6 18 11 15 10 13 12 16 14 17 19 25 21 22 26 23 20 27 24 30 34 35 31 29 32 36 28 33 39 43 38 44 41 45 37 42 40 48 47 52 46 50 54 49 51 53 59 57 63 56 58 61 60 62 55 72 67 71 66 65 68 64 69 70 73 81 76 79 74 80 75 78 77 86 88 82 87 85 90 84 83 89
 36 32 31 35 29 34 28 30 33 45 38 42 37 40 39 43 41 44 46 52 48 49 53 50 47 54 51 57 61 62 58 56 59 63 55 60 66 70 65 71 68 72 64 69 67 75 74 79 73 77 81 76 78 80 86 84 90 83 85 88 87 89 82  9  4  8  3  2  5  1  6  7 10 18 13 16 11 17 12 15 14 23 25 19 24 22 27 21 20 26
 81 77 76 80 74 79 73 75 78 90 83 87 82 85 84 88 86 89  1  7  3  4  8  5  2  9  6 12 16 17 13 11 14 18 10 15 21 25 20 26 23 27 19 24 22 30 29 34 28 32 36 31 33 35 41 39 45 38 40 43 42 44 37 54 49 53 48 47 50 46 51 52 55 63 58 61 56 62 57 60 59 68 70 64 69 67 72 66 65 71
 46 51 50 54 48 53 47 49 52 55 57 61 56 59 58 62 60 63 65 71 67 68 72 69 66 64 70 76 80 81 77 75 78 73 74 79 85 89 84 90 87 82 83 88 86  4  3  8  2  6  1  5  7  9 15 13 10 12 14 17 16 18 11 19 23 27 22 21 24 20 25 26 29 28 32 35 30 36 31 34 33 42 44 38 43 41 37 40 39 45
 37 42 41 45 39 44 38 40 43 46 48 52 47 50 49 53 51 54 56 62 58 59 63 60 57 55 61 67 71 72 68 66 69 64 65 70 76 80 75 81 78 73 74 79 77 85 84 89 83 87 82 86 88 90  6  4  1  3  5  8  7  9  2 10 14 18 13 12 15 11 16 17 20 19 23 26 21 27 22 25 24 33 35 29 34 32 28 31 30 36
 55 60 59 63 57 62 56 58 61 64 66 70 65 68 67 71 69 72 74 80 76 77 81 78 75 73 79 85 89 90 86 84 87 82 83 88  4  8  3  9  6  1  2  7  5 13 12 17 11 15 10 14 16 18 24 22 19 21 23 26 25 27 20 28 32 36 31 30 33 29 34 35 38 37 41 44 39 45 40 43 42 51 53 47 52 50 46 49 48 54
  1  6  5  9  3  8  2  4  7 10 12 16 11 14 13 17 15 18 20 26 22 23 27 24 21 19 25 31 35 36 32 30 33 28 29 34 40 44 39 45 42 37 38 43 41 49 48 53 47 51 46 50 52 54 60 58 55 57 59 62 61 63 56 64 68 72 67 66 69 65 70 71 74 73 77 80 75 81 76 79 78 87 89 83 88 86 82 85 84 90
 28 33 32 36 30 35 29 31 34 37 39 43 38 41 40 44 42 45 47 53 49 50 54 51 48 46 52 58 62 63 59 57 60 55 56 61 67 71 66 72 69 64 65 70 68 76 75 80 74 78 73 77 79 81 87 85 82 84 86 89 88 90 83  1  5  9  4  3  6  2  7  8 11 10 14 17 12 18 13 16 15 24 26 20 25 23 19 22 21 27
 19 24 23 27 21 26 20 22 25 28 30 34 29 32 31 35 33 36 38 44 40 41 45 42 39 37 43 49 53 54 50 48 51 46 47 52 58 62 57 63 60 55 56 61 59 67 66 71 65 69 64 68 70 72 78 76 73 75 77 80 79 81 74 82 86 90 85 84 87 83 88 89  2  1  5  8  3  9  4  7  6 15 17 11 16 14 10 13 12 18
 64 69 68 72 66 71 65 67 70 73 75 79 74 77 76 80 78 81 83 89 85 86 90 87 84 82 88  4  8  9  5  3  6  1  2  7 13 17 12 18 15 10 11 16 14 22 21 26 20 24 19 23 25 27 33 31 28 30 32 35 34 36 29 37 41 45 40 39 42 38 43 44 47 46 50 53 48 54 49 52 51 60 62 56 61 59 55 58 57 63
 82 87 86 90 84 89 83 85 88  1  3  7  2  5  4  8  6  9 11 17 13 14 18 15 12 10 16 22 26 27 23 21 24 19 20 25 31 35 30 36 33 28 29 34 32 40 39 44 38 42 37 41 43 45 51 49 46 48 50 53 52 54 47 55 59 63 58 57 60 56 61 62 65 64 68 71 66 72 67 70 69 78 80 74 79 77 73 76 75 81
 10 15 14 18 12 17 11 13 16 19 21 25 20 23 22 26 24 27 29 35 31 32 36 33 30 28 34 40 44 45 41 39 42 37 38 43 49 53 48 54 51 46 47 52 50 58 57 62 56 60 55 59 61 63 69 67 64 66 68 71 70 72 65 73 77 81 76 75 78 74 79 80 83 82 86 89 84 90 85 88 87  6  8  2  7  5  1  4  3  9
 73 78 77 81 75 80 74 76 79 82 84 88 83 86 85 89 87 90  2  8  4  5  9  6  3  1  7 13 17 18 14 12 15 10 11 16 22 26 21 27 24 19 20 25 23 31 30 35 29 33 28 32 34 36 42 40 37 39 41 44 43 45 38 46 50 54 49 48 51 47 52 53 56 55 59 62 57 63 58 61 60 69 71 65 70 68 64 67 66 72
 20 25 24 19 22 27 21 23 26 29 31 35 30 33 32 36 34 28 39 45 41 42 37 43 40 38 44 50 54 46 51 49 52 47 48 53 59 63 58 55 61 56 57 62 60 68 67 72 66 70 65 69 71 64 79 77 74 76 78 81 80 73 75 83 87 82 86 85 88 84 89 90  3  2  6  9  4  1  5  8  7 16 18 12 17 15 11 14 13 10
 11 16 15 10 13 18 12 14 17 20 22 26 21 24 23 27 25 19 30 36 32 33 28 34 31 29 35 41 45 37 42 40 43 38 39 44 50 54 49 46 52 47 48 53 51 59 58 63 57 61 56 60 62 55 70 68 65 67 69 72 71 64 66 74 78 73 77 76 79 75 80 81 84 83 87 90 85 82 86 89 88  7  9  3  8  6  2  5  4  1
  2  7  6  1  4  9  3  5  8 11 13 17 12 15 14 18 16 10 21 27 23 24 19 25 22 20 26 32 36 28 33 31 34 29 30 35 41 45 40 37 43 38 39 44 42 50 49 54 48 52 47 51 53 46 61 59 56 58 60 63 62 55 57 65 69 64 68 67 70 66 71 72 75 74 78 81 76 73 77 80 79 88 90 84 89 87 83 86 85 82
 47 52 51 46 49 54 48 50 53 56 58 62 57 60 59 63 61 55 66 72 68 69 64 70 67 65 71 77 81 73 78 76 79 74 75 80 86 90 85 82 88 83 84 89 87  5  4  9  3  7  2  6  8  1 16 14 11 13 15 18 17 10 12 20 24 19 23 22 25 21 26 27 30 29 33 36 31 28 32 35 34 43 45 39 44 42 38 41 40 37
 83 88 87 82 85 90 84 86 89  2  4  8  3  6  5  9  7  1 12 18 14 15 10 16 13 11 17 23 27 19 24 22 25 20 21 26 32 36 31 28 34 29 30 35 33 41 40 45 39 43 38 42 44 37 52 50 47 49 51 54 53 46 48 56 60 55 59 58 61 57 62 63 66 65 69 72 67 64 68 71 70 79 81 75 80 78 74 77 76 73
 74 79 78 73 76 81 75 77 80 83 85 89 84 87 86 90 88 82  3  9  5  6  1  7  4  2  8 14 18 10 15 13 16 11 12 17 23 27 22 19 25 20 21 26 24 32 31 36 30 34 29 33 35 28 43 41 38 40 42 45 44 37 39 47 51 46 50 49 52 48 53 54 57 56 60 63 58 55 59 62 61 70 72 66 71 69 65 68 67 64
 65 70 69 64 67 72 66 68 71 74 76 80 75 78 77 81 79 73 84 90 86 87 82 88 85 83 89  5  9  1  6  4  7  2  3  8 14 18 13 10 16 11 12 17 15 23 22 27 21 25 20 24 26 19 34 32 29 31 33 36 35 28 30 38 42 37 41 40 43 39 44 45 48 47 51 54 49 46 50 53 52 61 63 57 62 60 56 59 58 55
 38 43 42 37 40 45 39 41 44 47 49 53 48 51 50 54 52 46 57 63 59 60 55 61 58 56 62 68 72 64 69 67 70 65 66 71 77 81 76 73 79 74 75 80 78 86 85 90 84 88 83 87 89 82  7  5  2  4  6  9  8  1  3 11 15 10 14 13 16 12 17 18 21 20 24 27 22 19 23 26 25 34 36 30 35 33 29 32 31 28
 29 34 33 28 31 36 30 32 35 38 40 44 39 42 41 45 43 37 48 54 50 51 46 52 49 47 53 59 63 55 60 58 61 56 57 62 68 72 67 64 70 65 66 71 69 77 76 81 75 79 74 78 80 73 88 86 83 85 87 90 89 82 84  2  6  1  5  4  7  3  8  9 12 11 15 18 13 10 14 17 16 25 27 21 26 24 20 23 22 19
 56 61 60 55 58 63 57 59 62 65 67 71 66 69 68 72 70 64 75 81 77 78 73 79 76 74 80 86 90 82 87 85 88 83 84 89  5  9  4  1  7  2  3  8  6 14 13 18 12 16 11 15 17 10 25 23 20 22 24 27 26 19 21 29 33 28 32 31 34 30 35 36 39 38 42 45 40 37 41 44 43 52 54 48 53 51 47 50 49 46
 30 35 34 29 32 28 31 33 36 39 41 45 40 43 42 37 44 38 49 46 51 52 47 53 50 48 54 60 55 56 61 59 62 57 58 63 69 64 68 65 71 66 67 72 70 78 77 73 76 80 75 79 81 74 89 87 84 86 88 82 90 83 85  3  7  2  6  5  8  4  9  1 13 12 16 10 14 11 15 18 17 26 19 22 27 25 21 24 23 20
  3  8  7  2  5  1  4  6  9 12 14 18 13 16 15 10 17 11 22 19 24 25 20 26 23 21 27 33 28 29 34 32 35 30 31 36 42 37 41 38 44 39 40 45 43 51 50 46 49 53 48 52 54 47 62 60 57 59 61 55 63 56 58 66 70 65 69 68 71 67 72 64 76 75 79 73 77 74 78 81 80 89 82 85 90 88 84 87 86 83
 12 17 16 11 14 10 13 15 18 21 23 27 22 25 24 19 26 20 31 28 33 34 29 35 32 30 36 42 37 38 43 41 44 39 40 45 51 46 50 47 53 48 49 54 52 60 59 55 58 62 57 61 63 56 71 69 66 68 70 64 72 65 67 75 79 74 78 77 80 76 81 73 85 84 88 82 86 83 87 90 89  8  1  4  9  7  3  6  5  2
 48 53 52 47 50 46 49 51 54 57 59 63 58 61 60 55 62 56 67 64 69 70 65 71 68 66 72 78 73 74 79 77 80 75 76 81 87 82 86 83 89 84 85 90 88  6  5  1  4  8  3  7  9  2 17 15 12 14 16 10 18 11 13 21 25 20 24 23 26 22 27 19 31 30 34 28 32 29 33 36 35 44 37 40 45 43 39 42 41 38
 21 26 25 20 23 19 22 24 27 30 32 36 31 34 33 28 35 29 40 37 42 43 38 44 41 39 45 51 46 47 52 50 53 48 49 54 60 55 59 56 62 57 58 63 61 69 68 64 67 71 66 70 72 65 80 78 75 77 79 73 81 74 76 84 88 83 87 86 89 85 90 82  4  3  7  1  5  2  6  9  8 17 10 13 18 16 12 15 14 11
 84 89 88 83 86 82 85 87 90  3  5  9  4  7  6  1  8  2 13 10 15 16 11 17 14 12 18 24 19 20 25 23 26 21 22 27 33 28 32 29 35 30 31 36 34 42 41 37 40 44 39 43 45 38 53 51 48 50 52 46 54 47 49 57 61 56 60 59 62 58 63 55 67 66 70 64 68 65 69 72 71 80 73 76 81 79 75 78 77 74
 57 62 61 56 59 55 58 60 63 66 68 72 67 70 69 64 71 65 76 73 78 79 74 80 77 75 81 87 82 83 88 86 89 84 85 90  6  1  5  2  8  3  4  9  7 15 14 10 13 17 12 16 18 11 26 24 21 23 25 19 27 20 22 30 34 29 33 32 35 31 36 28 40 39 43 37 41 38 42 45 44 53 46 49 54 52 48 51 50 47
 66 71 70 65 68 64 67 69 72 75 77 81 76 79 78 73 80 74 85 82 87 88 83 89 86 84 90  6  1  2  7  5  8  3  4  9 15 10 14 11 17 12 13 18 16 24 23 19 22 26 21 25 27 20 35 33 30 32 34 28 36 29 31 39 43 38 42 41 44 40 45 37 49 48 52 46 50 47 51 54 53 62 55 58 63 61 57 60 59 56
 75 80 79 74 77 73 76 78 81 84 86 90 85 88 87 82 89 83  4  1  6  7  2  8  5  3  9 15 10 11 16 14 17 12 13 18 24 19 23 20 26 21 22 27 25 33 32 28 31 35 30 34 36 29 44 42 39 41 43 37 45 38 40 48 52 47 51 50 53 49 54 46 58 57 61 55 59 56 60 63 62 71 64 67 72 70 66 69 68 65
 39 44 43 38 41 37 40 42 45 48 50 54 49 52 51 46 53 47 58 55 60 61 56 62 59 57 63 69 64 65 70 68 71 66 67 72 78 73 77 74 80 75 76 81 79 87 86 82 85 89 84 88 90 83  8  6  3  5  7  1  9  2  4 12 16 11 15 14 17 13 18 10 22 21 25 19 23 20 24 27 26 35 28 31 36 34 30 33 32 29
 13 18 17 12 15 11 14 16 10 22 24 19 23 26 25 20 27 21 32 29 34 35 30 36 33 31 28 43 38 39 44 42 45 40 41 37 52 47 51 48 54 49 50 46 53 61 60 56 59 63 58 62 55 57 72 70 67 69 71 65 64 66 68 76 80 75 79 78 81 77 73 74 86 85 89 83 87 84 88 82 90  9  2  5  1  8  4  7  6  3
 22 27 26 21 24 20 23 25 19 31 33 28 32 35 34 29 36 30 41 38 43 44 39 45 42 40 37 52 47 48 53 51 54 49 50 46 61 56 60 57 63 58 59 55 62 70 69 65 68 72 67 71 64 66 81 79 76 78 80 74 73 75 77 85 89 84 88 87 90 86 82 83  5  4  8  2  6  3  7  1  9 18 11 14 10 17 13 16 15 12
  4  9  8  3  6  2  5  7  1 13 15 10 14 17 16 11 18 12 23 20 25 26 21 27 24 22 19 34 29 30 35 33 36 31 32 28 43 38 42 39 45 40 41 37 44 52 51 47 50 54 49 53 46 48 63 61 58 60 62 56 55 57 59 67 71 66 70 69 72 68 64 65 77 76 80 74 78 75 79 73 81 90 83 86 82 89 85 88 87 84
 58 63 62 57 60 56 59 61 55 67 69 64 68 71 70 65 72 66 77 74 79 80 75 81 78 76 73 88 83 84 89 87 90 85 86 82  7  2  6  3  9  4  5  1  8 16 15 11 14 18 13 17 10 12 27 25 22 24 26 20 19 21 23 31 35 30 34 33 36 32 28 29 41 40 44 38 42 39 43 37 45 54 47 50 46 53 49 52 51 48
 31 36 35 30 33 29 32 34 28 40 42 37 41 44 43 38 45 39 50 47 52 53 48 54 51 49 46 61 56 57 62 60 63 58 59 55 70 65 69 66 72 67 68 64 71 79 78 74 77 81 76 80 73 75 90 88 85 87 89 83 82 84 86  4  8  3  7  6  9  5  1  2 14 13 17 11 15 12 16 10 18 27 20 23 19 26 22 25 24 21
 67 72 71 66 69 65 68 70 64 76 78 73 77 80 79 74 81 75 86 83 88 89 84 90 87 85 82  7  2  3  8  6  9  4  5  1 16 11 15 12 18 13 14 10 17 25 24 20 23 27 22 26 19 21 36 34 31 33 35 29 28 30 32 40 44 39 43 42 45 41 37 38 50 49 53 47 51 48 52 46 54 63 56 59 55 62 58 61 60 57
 85 90 89 84 87 83 86 88 82  4  6  1  5  8  7  2  9  3 14 11 16 17 12 18 15 13 10 25 20 21 26 24 27 22 23 19 34 29 33 30 36 31 32 28 35 43 42 38 41 45 40 44 37 39 54 52 49 51 53 47 46 48 50 58 62 57 61 60 63 59 55 56 68 67 71 65 69 66 70 64 72 81 74 77 73 80 76 79 78 75
 40 45 44 39 42 38 41 43 37 49 51 46 50 53 52 47 54 48 59 56 61 62 57 63 60 58 55 70 65 66 71 69 72 67 68 64 79 74 78 75 81 76 77 73 80 88 87 83 86 90 85 89 82 84  9  7  4  6  8  2  1  3  5 13 17 12 16 15 18 14 10 11 23 22 26 20 24 21 25 19 27 36 29 32 28 35 31 34 33 30
 76 81 80 75 78 74 77 79 73 85 87 82 86 89 88 83 90 84  5  2  7  8  3  9  6  4  1 16 11 12 17 15 18 13 14 10 25 20 24 21 27 22 23 19 26 34 33 29 32 36 31 35 28 30 45 43 40 42 44 38 37 39 41 49 53 48 52 51 54 50 46 47 59 58 62 56 60 57 61 55 63 72 65 68 64 71 67 70 69 66
 49 54 53 48 51 47 50 52 46 58 60 55 59 62 61 56 63 57 68 65 70 71 66 72 69 67 64 79 74 75 80 78 81 76 77 73 88 83 87 84 90 85 86 82 89  7  6  2  5  9  4  8  1  3 18 16 13 15 17 11 10 12 14 22 26 21 25 24 27 23 19 20 32 31 35 29 33 30 34 28 36 45 38 41 37 44 40 43 42 39
 86 82 90 85 88 84 87 89 83  5  7  2  6  9  8  3  1  4 15 12 17 18 13 10 16 14 11 26 21 22 27 25 19 23 24 20 35 30 34 31 28 32 33 29 36 44 43 39 42 37 41 45 38 40 46 53 50 52 54 48 47 49 51 59 63 58 62 61 55 60 56 57 69 68 72 66 70 67 71 65 64 73 75 78 74 81 77 80 79 76
 50 46 54 49 52 48 51 53 47 59 61 56 60 63 62 57 55 58 69 66 71 72 67 64 70 68 65 80 75 76 81 79 73 77 78 74 89 84 88 85 82 86 87 83 90  8  7  3  6  1  5  9  2  4 10 17 14 16 18 12 11 13 15 23 27 22 26 25 19 24 20 21 33 32 36 30 34 31 35 29 28 37 39 42 38 45 41 44 43 40
 59 55 63 58 61 57 60 62 56 68 70 65 69 72 71 66 64 67 78 75 80 81 76 73 79 77 74 89 84 85 90 88 82 86 87 83  8  3  7  4  1  5  6  2  9 17 16 12 15 10 14 18 11 13 19 26 23 25 27 21 20 22 24 32 36 31 35 34 28 33 29 30 42 41 45 39 43 40 44 38 37 46 48 51 47 54 50 53 52 49
 77 73 81 76 79 75 78 80 74 86 88 83 87 90 89 84 82 85  6  3  8  9  4  1  7  5  2 17 12 13 18 16 10 14 15 11 26 21 25 22 19 23 24 20 27 35 34 30 33 28 32 36 29 31 37 44 41 43 45 39 38 40 42 50 54 49 53 52 46 51 47 48 60 59 63 57 61 58 62 56 55 64 66 69 65 72 68 71 70 67
 23 19 27 22 25 21 24 26 20 32 34 29 33 36 35 30 28 31 42 39 44 45 40 37 43 41 38 53 48 49 54 52 46 50 51 47 62 57 61 58 55 59 60 56 63 71 70 66 69 64 68 72 65 67 73 80 77 79 81 75 74 76 78 86 90 85 89 88 82 87 83 84  6  5  9  3  7  4  8  2  1 10 12 15 11 18 14 17 16 13
 41 37 45 40 43 39 42 44 38 50 52 47 51 54 53 48 46 49 60 57 62 63 58 55 61 59 56 71 66 67 72 70 64 68 69 65 80 75 79 76 73 77 78 74 81 89 88 84 87 82 86 90 83 85  1  8  5  7  9  3  2  4  6 14 18 13 17 16 10 15 11 12 24 23 27 21 25 22 26 20 19 28 30 33 29 36 32 35 34 31
  5  1  9  4  7  3  6  8  2 14 16 11 15 18 17 12 10 13 24 21 26 27 22 19 25 23 20 35 30 31 36 34 28 32 33 29 44 39 43 40 37 41 42 38 45 53 52 48 51 46 50 54 47 49 55 62 59 61 63 57 56 58 60 68 72 67 71 70 64 69 65 66 78 77 81 75 79 76 80 74 73 82 84 87 83 90 86 89 88 85
 68 64 72 67 70 66 69 71 65 77 79 74 78 81 80 75 73 76 87 84 89 90 85 82 88 86 83  8  3  4  9  7  1  5  6  2 17 12 16 13 10 14 15 11 18 26 25 21 24 19 23 27 20 22 28 35 32 34 36 30 29 31 33 41 45 40 44 43 37 42 38 39 51 50 54 48 52 49 53 47 46 55 57 60 56 63 59 62 61 58
 14 10 18 13 16 12 15 17 11 23 25 20 24 27 26 21 19 22 33 30 35 36 31 28 34 32 29 44 39 40 45 43 37 41 42 38 53 48 52 49 46 50 51 47 54 62 61 57 60 55 59 63 56 58 64 71 68 70 72 66 65 67 69 77 81 76 80 79 73 78 74 75 87 86 90 84 88 85 89 83 82  1  3  6  2  9  5  8  7  4
 32 28 36 31 34 30 33 35 29 41 43 38 42 45 44 39 37 40 51 48 53 54 49 46 52 50 47 62 57 58 63 61 55 59 60 56 71 66 70 67 64 68 69 65 72 80 79 75 78 73 77 81 74 76 82 89 86 88 90 84 83 85 87  5  9  4  8  7  1  6  2  3 15 14 18 12 16 13 17 11 10 19 21 24 20 27 23 26 25 22
 33 29 28 32 35 31 34 36 30 42 44 39 43 37 45 40 38 41 52 49 54 46 50 47 53 51 48 63 58 59 55 62 56 60 61 57 72 67 71 68 65 69 70 66 64 81 80 76 79 74 78 73 75 77 83 90 87 89 82 85 84 86 88  6  1  5  9  8  2  7  3  4 16 15 10 13 17 14 18 12 11 20 22 25 21 19 24 27 26 23
 78 74 73 77 80 76 79 81 75 87 89 84 88 82 90 85 83 86  7  4  9  1  5  2  8  6  3 18 13 14 10 17 11 15 16 12 27 22 26 23 20 24 25 21 19 36 35 31 34 29 33 28 30 32 38 45 42 44 37 40 39 41 43 51 46 50 54 53 47 52 48 49 61 60 55 58 62 59 63 57 56 65 67 70 66 64 69 72 71 68
 24 20 19 23 26 22 25 27 21 33 35 30 34 28 36 31 29 32 43 40 45 37 41 38 44 42 39 54 49 50 46 53 47 51 52 48 63 58 62 59 56 60 61 57 55 72 71 67 70 65 69 64 66 68 74 81 78 80 73 76 75 77 79 87 82 86 90 89 83 88 84 85  7  6  1  4  8  5  9  3  2 11 13 16 12 10 15 18 17 14
 60 56 55 59 62 58 61 63 57 69 71 66 70 64 72 67 65 68 79 76 81 73 77 74 80 78 75 90 85 86 82 89 83 87 88 84  9  4  8  5  2  6  7  3  1 18 17 13 16 11 15 10 12 14 20 27 24 26 19 22 21 23 25 33 28 32 36 35 29 34 30 31 43 42 37 40 44 41 45 39 38 47 49 52 48 46 51 54 53 50
 42 38 37 41 44 40 43 45 39 51 53 48 52 46 54 49 47 50 61 58 63 55 59 56 62 60 57 72 67 68 64 71 65 69 70 66 81 76 80 77 74 78 79 75 73 90 89 85 88 83 87 82 84 86  2  9  6  8  1  4  3  5  7 15 10 14 18 17 11 16 12 13 25 24 19 22 26 23 27 21 20 29 31 34 30 28 33 36 35 32
  6  2  1  5  8  4  7  9  3 15 17 12 16 10 18 13 11 14 25 22 27 19 23 20 26 24 21 36 31 32 28 35 29 33 34 30 45 40 44 41 38 42 43 39 37 54 53 49 52 47 51 46 48 50 56 63 60 62 55 58 57 59 61 69 64 68 72 71 65 70 66 67 79 78 73 76 80 77 81 75 74 83 85 88 84 82 87 90 89 86
 51 47 46 50 53 49 52 54 48 60 62 57 61 55 63 58 56 59 70 67 72 64 68 65 71 69 66 81 76 77 73 80 74 78 79 75 90 85 89 86 83 87 88 84 82  9  8  4  7  2  6  1  3  5 11 18 15 17 10 13 12 14 16 24 19 23 27 26 20 25 21 22 34 33 28 31 35 32 36 30 29 38 40 43 39 37 42 45 44 41
 69 65 64 68 71 67 70 72 66 78 80 75 79 73 81 76 74 77 88 85 90 82 86 83 89 87 84  9  4  5  1  8  2  6  7  3 18 13 17 14 11 15 16 12 10 27 26 22 25 20 24 19 21 23 29 36 33 35 28 31 30 32 34 42 37 41 45 44 38 43 39 40 52 51 46 49 53 50 54 48 47 56 58 61 57 55 60 63 62 59
 15 11 10 14 17 13 16 18 12 24 26 21 25 19 27 22 20 23 34 31 36 28 32 29 35 33 30 45 40 41 37 44 38 42 43 39 54 49 53 50 47 51 52 48 46 63 62 58 61 56 60 55 57 59 65 72 69 71 64 67 66 68 70 78 73 77 81 80 74 79 75 76 88 87 82 85 89 86 90 84 83  2  4  7  3  1  6  9  8  5
 87 83 82 86 89 85 88 90 84  6  8  3  7  1  9  4  2  5 16 13 18 10 14 11 17 15 12 27 22 23 19 26 20 24 25 21 36 31 35 32 29 33 34 30 28 45 44 40 43 38 42 37 39 41 47 54 51 53 46 49 48 50 52 60 55 59 63 62 56 61 57 58 70 69 64 67 71 68 72 66 65 74 76 79 75 73 78 81 80 77
 16 12 11 15 18 14 17 10 13 25 27 22 26 20 19 23 21 24 35 32 28 29 33 30 36 34 31 37 41 42 38 45 39 43 44 40 46 50 54 51 48 52 53 49 47 55 63 59 62 57 61 56 58 60 66 64 70 72 65 68 67 69 71 79 74 78 73 81 75 80 76 77 89 88 83 86 90 87 82 85 84  3  5  8  4  2  7  1  9  6
 25 21 20 24 27 23 26 19 22 34 36 31 35 29 28 32 30 33 44 41 37 38 42 39 45 43 40 46 50 51 47 54 48 52 53 49 55 59 63 60 57 61 62 58 56 64 72 68 71 66 70 65 67 69 75 73 79 81 74 77 76 78 80 88 83 87 82 90 84 89 85 86  8  7  2  5  9  6  1  4  3 12 14 17 13 11 16 10 18 15
 79 75 74 78 81 77 80 73 76 88 90 85 89 83 82 86 84 87  8  5  1  2  6  3  9  7  4 10 14 15 11 18 12 16 17 13 19 23 27 24 21 25 26 22 20 28 36 32 35 30 34 29 31 33 39 37 43 45 38 41 40 42 44 52 47 51 46 54 48 53 49 50 62 61 56 59 63 60 55 58 57 66 68 71 67 65 70 64 72 69
 88 84 83 87 90 86 89 82 85  7  9  4  8  2  1  5  3  6 17 14 10 11 15 12 18 16 13 19 23 24 20 27 21 25 26 22 28 32 36 33 30 34 35 31 29 37 45 41 44 39 43 38 40 42 48 46 52 54 47 50 49 51 53 61 56 60 55 63 57 62 58 59 71 70 65 68 72 69 64 67 66 75 77 80 76 74 79 73 81 78
 61 57 56 60 63 59 62 55 58 70 72 67 71 65 64 68 66 69 80 77 73 74 78 75 81 79 76 82 86 87 83 90 84 88 89 85  1  5  9  6  3  7  8  4  2 10 18 14 17 12 16 11 13 15 21 19 25 27 20 23 22 24 26 34 29 33 28 36 30 35 31 32 44 43 38 41 45 42 37 40 39 48 50 53 49 47 52 46 54 51
  7  3  2  6  9  5  8  1  4 16 18 13 17 11 10 14 12 15 26 23 19 20 24 21 27 25 22 28 32 33 29 36 30 34 35 31 37 41 45 42 39 43 44 40 38 46 54 50 53 48 52 47 49 51 57 55 61 63 56 59 58 60 62 70 65 69 64 72 66 71 67 68 80 79 74 77 81 78 73 76 75 84 86 89 85 83 88 82 90 87
 34 30 29 33 36 32 35 28 31 43 45 40 44 38 37 41 39 42 53 50 46 47 51 48 54 52 49 55 59 60 56 63 57 61 62 58 64 68 72 69 66 70 71 67 65 73 81 77 80 75 79 74 76 78 84 82 88 90 83 86 85 87 89  7  2  6  1  9  3  8  4  5 17 16 11 14 18 15 10 13 12 21 23 26 22 20 25 19 27 24
 52 48 47 51 54 50 53 46 49 61 63 58 62 56 55 59 57 60 71 68 64 65 69 66 72 70 67 73 77 78 74 81 75 79 80 76 82 86 90 87 84 88 89 85 83  1  9  5  8  3  7  2  4  6 12 10 16 18 11 14 13 15 17 25 20 24 19 27 21 26 22 23 35 34 29 32 36 33 28 31 30 39 41 44 40 38 43 37 45 42
 70 66 65 69 72 68 71 64 67 79 81 76 80 74 73 77 75 78 89 86 82 83 87 84 90 88 85  1  5  6  2  9  3  7  8  4 10 14 18 15 12 16 17 13 11 19 27 23 26 21 25 20 22 24 30 28 34 36 29 32 31 33 35 43 38 42 37 45 39 44 40 41 53 52 47 50 54 51 46 49 48 57 59 62 58 56 61 55 63 60
 43 39 38 42 45 41 44 37 40 52 54 49 53 47 46 50 48 51 62 59 55 56 60 57 63 61 58 64 68 69 65 72 66 70 71 67 73 77 81 78 75 79 80 76 74 82 90 86 89 84 88 83 85 87  3  1  7  9  2  5  4  6  8 16 11 15 10 18 12 17 13 14 26 25 20 23 27 24 19 22 21 30 32 35 31 29 34 28 36 33
