 38 39 43 41 40 42 45 44 37 53 49 54 47 46 51 48 50 52 61 63 58 57 60 59 56 55 62 71 69 67 70 68 66 72 65 64 79 78 77 76 75 74 81 73 80 82 84 85 88 83 86 87 90 89  2  5  3  8  4  6  1  7  9 17 13 10 15 14 16 12 18 11 24 20 23 27 26 19 21 25 22 33 30 35 34 32 29 28 36 31
 47 48 52 50 49 51 54 53 46 62 58 63 56 55 60 57 59 61 70 72 67 66 69 68 65 64 71 80 78 76 79 77 75 81 74 73 88 87 86 85 84 83 90 82 89  1  3  4  7  2  5  6  9  8 11 14 12 17 13 15 10 16 18 26 22 19 24 23 25 21 27 20 33 29 32 36 35 28 30 34 31 42 39 44 43 41 38 37 45 40
 29 30 34 32 31 33 36 35 28 44 40 45 38 37 42 39 41 43 52 54 49 48 51 50 47 46 53 62 60 58 61 59 57 63 56 55 70 69 68 67 66 65 72 64 71 73 75 76 79 74 77 78 81 80 83 86 84 89 85 87 82 88 90  8  4  1  6  5  7  3  9  2 15 11 14 18 17 10 12 16 13 24 21 26 25 23 20 19 27 22
  2  3  7  5  4  6  9  8  1 17 13 18 11 10 15 12 14 16 25 27 22 21 24 23 20 19 26 35 33 31 34 32 30 36 29 28 43 42 41 40 39 38 45 37 44 46 48 49 52 47 50 51 54 53 56 59 57 62 58 60 55 61 63 71 67 64 69 68 70 66 72 65 78 74 77 81 80 73 75 79 76 87 84 89 88 86 83 82 90 85
 65 66 70 68 67 69 72 71 64 80 76 81 74 73 78 75 77 79 88 90 85 84 87 86 83 82 89  8  6  4  7  5  3  9  2  1 16 15 14 13 12 11 18 10 17 19 21 22 25 20 23 24 27 26 29 32 30 35 31 33 28 34 36 44 40 37 42 41 43 39 45 38 51 47 50 54 53 46 48 52 49 60 57 62 61 59 56 55 63 58
 74 75 79 77 76 78 81 80 73 89 85 90 83 82 87 84 86 88  7  9  4  3  6  5  2  1  8 17 15 13 16 14 12 18 11 10 25 24 23 22 21 20 27 19 26 28 30 31 34 29 32 33 36 35 38 41 39 44 40 42 37 43 45 53 49 46 51 50 52 48 54 47 60 56 59 63 62 55 57 61 58 69 66 71 70 68 65 64 72 67
 83 84 88 86 85 87 90 89 82  8  4  9  2  1  6  3  5  7 16 18 13 12 15 14 11 10 17 26 24 22 25 23 21 27 20 19 34 33 32 31 30 29 36 28 35 37 39 40 43 38 41 42 45 44 47 50 48 53 49 51 46 52 54 62 58 55 60 59 61 57 63 56 69 65 68 72 71 64 66 70 67 78 75 80 79 77 74 73 81 76
 56 57 61 59 58 60 63 62 55 71 67 72 65 64 69 66 68 70 79 81 76 75 78 77 74 73 80 89 87 85 88 86 84 90 83 82  7  6  5  4  3  2  9  1  8 10 12 13 16 11 14 15 18 17 20 23 21 26 22 24 19 25 27 35 31 28 33 32 34 30 36 29 42 38 41 45 44 37 39 43 40 51 48 53 52 50 47 46 54 49
 11 12 16 14 13 15 18 17 10 26 22 27 20 19 24 21 23 25 34 36 31 30 33 32 29 28 35 44 42 40 43 41 39 45 38 37 52 51 50 49 48 47 54 46 53 55 57 58 61 56 59 60 63 62 65 68 66 71 67 69 64 70 72 80 76 73 78 77 79 75 81 74 87 83 86 90 89 82 84 88 85  6  3  8  7  5  2  1  9  4
 20 21 25 23 22 24 27 26 19 35 31 36 29 28 33 30 32 34 43 45 40 39 42 41 38 37 44 53 51 49 52 50 48 54 47 46 61 60 59 58 57 56 63 55 62 64 66 67 70 65 68 69 72 71 74 77 75 80 76 78 73 79 81 89 85 82 87 86 88 84 90 83  6  2  5  9  8  1  3  7  4 15 12 17 16 14 11 10 18 13
 12 13 17 15 14 16 10 18 11 27 23 19 21 20 25 22 24 26 35 28 32 31 34 33 30 29 36 45 43 41 44 42 40 37 39 38 53 52 51 50 49 48 46 47 54 56 58 59 62 57 60 61 55 63 66 69 67 72 68 70 65 71 64 81 77 74 79 78 80 76 73 75 88 84 87 82 90 83 85 89 86  7  4  9  8  6  3  2  1  5
 66 67 71 69 68 70 64 72 65 81 77 73 75 74 79 76 78 80 89 82 86 85 88 87 84 83 90  9  7  5  8  6  4  1  3  2 17 16 15 14 13 12 10 11 18 20 22 23 26 21 24 25 19 27 30 33 31 36 32 34 29 35 28 45 41 38 43 42 44 40 37 39 52 48 51 46 54 47 49 53 50 61 58 63 62 60 57 56 55 59
  3  4  8  6  5  7  1  9  2 18 14 10 12 11 16 13 15 17 26 19 23 22 25 24 21 20 27 36 34 32 35 33 31 28 30 29 44 43 42 41 40 39 37 38 45 47 49 50 53 48 51 52 46 54 57 60 58 63 59 61 56 62 55 72 68 65 70 69 71 67 64 66 79 75 78 73 81 74 76 80 77 88 85 90 89 87 84 83 82 86
 75 76 80 78 77 79 73 81 74 90 86 82 84 83 88 85 87 89  8  1  5  4  7  6  3  2  9 18 16 14 17 15 13 10 12 11 26 25 24 23 22 21 19 20 27 29 31 32 35 30 33 34 28 36 39 42 40 45 41 43 38 44 37 54 50 47 52 51 53 49 46 48 61 57 60 55 63 56 58 62 59 70 67 72 71 69 66 65 64 68
 84 85 89 87 86 88 82 90 83  9  5  1  3  2  7  4  6  8 17 10 14 13 16 15 12 11 18 27 25 23 26 24 22 19 21 20 35 34 33 32 31 30 28 29 36 38 40 41 44 39 42 43 37 45 48 51 49 54 50 52 47 53 46 63 59 56 61 60 62 58 55 57 70 66 69 64 72 65 67 71 68 79 76 81 80 78 75 74 73 77
 48 49 53 51 50 52 46 54 47 63 59 55 57 56 61 58 60 62 71 64 68 67 70 69 66 65 72 81 79 77 80 78 76 73 75 74 89 88 87 86 85 84 82 83 90  2  4  5  8  3  6  7  1  9 12 15 13 18 14 16 11 17 10 27 23 20 25 24 26 22 19 21 34 30 33 28 36 29 31 35 32 43 40 45 44 42 39 38 37 41
 39 40 44 42 41 43 37 45 38 54 50 46 48 47 52 49 51 53 62 55 59 58 61 60 57 56 63 72 70 68 71 69 67 64 66 65 80 79 78 77 76 75 73 74 81 83 85 86 89 84 87 88 82 90  3  6  4  9  5  7  2  8  1 18 14 11 16 15 17 13 10 12 25 21 24 19 27 20 22 26 23 34 31 36 35 33 30 29 28 32
 21 22 26 24 23 25 19 27 20 36 32 28 30 29 34 31 33 35 44 37 41 40 43 42 39 38 45 54 52 50 53 51 49 46 48 47 62 61 60 59 58 57 55 56 63 65 67 68 71 66 69 70 64 72 75 78 76 81 77 79 74 80 73 90 86 83 88 87 89 85 82 84  7  3  6  1  9  2  4  8  5 16 13 18 17 15 12 11 10 14
 57 58 62 60 59 61 55 63 56 72 68 64 66 65 70 67 69 71 80 73 77 76 79 78 75 74 81 90 88 86 89 87 85 82 84 83  8  7  6  5  4  3  1  2  9 11 13 14 17 12 15 16 10 18 21 24 22 27 23 25 20 26 19 36 32 29 34 33 35 31 28 30 43 39 42 37 45 38 40 44 41 52 49 54 53 51 48 47 46 50
 30 31 35 33 32 34 28 36 29 45 41 37 39 38 43 40 42 44 53 46 50 49 52 51 48 47 54 63 61 59 62 60 58 55 57 56 71 70 69 68 67 66 64 65 72 74 76 77 80 75 78 79 73 81 84 87 85 90 86 88 83 89 82  9  5  2  7  6  8  4  1  3 16 12 15 10 18 11 13 17 14 25 22 27 26 24 21 20 19 23
 22 23 27 25 24 26 20 19 21 28 33 29 31 30 35 32 34 36 45 38 42 41 44 43 40 39 37 46 53 51 54 52 50 47 49 48 63 62 61 60 59 58 56 57 55 66 68 69 72 67 70 71 65 64 76 79 77 73 78 80 75 81 74 82 87 84 89 88 90 86 83 85  8  4  7  2  1  3  5  9  6 17 14 10 18 16 13 12 11 15
 76 77 81 79 78 80 74 73 75 82 87 83 85 84 89 86 88 90  9  2  6  5  8  7  4  3  1 10 17 15 18 16 14 11 13 12 27 26 25 24 23 22 20 21 19 30 32 33 36 31 34 35 29 28 40 43 41 37 42 44 39 45 38 46 51 48 53 52 54 50 47 49 62 58 61 56 55 57 59 63 60 71 68 64 72 70 67 66 65 69
 58 59 63 61 60 62 56 55 57 64 69 65 67 66 71 68 70 72 81 74 78 77 80 79 76 75 73 82 89 87 90 88 86 83 85 84  9  8  7  6  5  4  2  3  1 12 14 15 18 13 16 17 11 10 22 25 23 19 24 26 21 27 20 28 33 30 35 34 36 32 29 31 44 40 43 38 37 39 41 45 42 53 50 46 54 52 49 48 47 51
 40 41 45 43 42 44 38 37 39 46 51 47 49 48 53 50 52 54 63 56 60 59 62 61 58 57 55 64 71 69 72 70 68 65 67 66 81 80 79 78 77 76 74 75 73 84 86 87 90 85 88 89 83 82  4  7  5  1  6  8  3  9  2 10 15 12 17 16 18 14 11 13 26 22 25 20 19 21 23 27 24 35 32 28 36 34 31 30 29 33
  4  5  9  7  6  8  2  1  3 10 15 11 13 12 17 14 16 18 27 20 24 23 26 25 22 21 19 28 35 33 36 34 32 29 31 30 45 44 43 42 41 40 38 39 37 48 50 51 54 49 52 53 47 46 58 61 59 55 60 62 57 63 56 64 69 66 71 70 72 68 65 67 80 76 79 74 73 75 77 81 78 89 86 82 90 88 85 84 83 87
 67 68 72 70 69 71 65 64 66 73 78 74 76 75 80 77 79 81 90 83 87 86 89 88 85 84 82  1  8  6  9  7  5  2  4  3 18 17 16 15 14 13 11 12 10 21 23 24 27 22 25 26 20 19 31 34 32 28 33 35 30 36 29 37 42 39 44 43 45 41 38 40 53 49 52 47 46 48 50 54 51 62 59 55 63 61 58 57 56 60
 31 32 36 34 33 35 29 28 30 37 42 38 40 39 44 41 43 45 54 47 51 50 53 52 49 48 46 55 62 60 63 61 59 56 58 57 72 71 70 69 68 67 65 66 64 75 77 78 81 76 79 80 74 73 85 88 86 82 87 89 84 90 83  1  6  3  8  7  9  5  2  4 17 13 16 11 10 12 14 18 15 26 23 19 27 25 22 21 20 24
 85 86 90 88 87 89 83 82 84  1  6  2  4  3  8  5  7  9 18 11 15 14 17 16 13 12 10 19 26 24 27 25 23 20 22 21 36 35 34 33 32 31 29 30 28 39 41 42 45 40 43 44 38 37 49 52 50 46 51 53 48 54 47 55 60 57 62 61 63 59 56 58 71 67 70 65 64 66 68 72 69 80 77 73 81 79 76 75 74 78
 49 50 54 52 51 53 47 46 48 55 60 56 58 57 62 59 61 63 72 65 69 68 71 70 67 66 64 73 80 78 81 79 77 74 76 75 90 89 88 87 86 85 83 84 82  3  5  6  9  4  7  8  2  1 13 16 14 10 15 17 12 18 11 19 24 21 26 25 27 23 20 22 35 31 34 29 28 30 32 36 33 44 41 37 45 43 40 39 38 42
 13 14 18 16 15 17 11 10 12 19 24 20 22 21 26 23 25 27 36 29 33 32 35 34 31 30 28 37 44 42 45 43 41 38 40 39 54 53 52 51 50 49 47 48 46 57 59 60 63 58 61 62 56 55 67 70 68 64 69 71 66 72 65 73 78 75 80 79 81 77 74 76 89 85 88 83 82 84 86 90 87  8  5  1  9  7  4  3  2  6
 68 69 64 71 70 72 66 65 67 74 79 75 77 76 81 78 80 73 82 84 88 87 90 89 86 85 83  2  9  7  1  8  6  3  5  4 10 18 17 16 15 14 12 13 11 22 24 25 19 23 26 27 21 20 32 35 33 29 34 36 31 28 30 38 43 40 45 44 37 42 39 41 54 50 53 48 47 49 51 46 52 63 60 56 55 62 59 58 57 61
 32 33 28 35 34 36 30 29 31 38 43 39 41 40 45 42 44 37 46 48 52 51 54 53 50 49 47 56 63 61 55 62 60 57 59 58 64 72 71 70 69 68 66 67 65 76 78 79 73 77 80 81 75 74 86 89 87 83 88 90 85 82 84  2  7  4  9  8  1  6  3  5 18 14 17 12 11 13 15 10 16 27 24 20 19 26 23 22 21 25
  5  6  1  8  7  9  3  2  4 11 16 12 14 13 18 15 17 10 19 21 25 24 27 26 23 22 20 29 36 34 28 35 33 30 32 31 37 45 44 43 42 41 39 40 38 49 51 52 46 50 53 54 48 47 59 62 60 56 61 63 58 55 57 65 70 67 72 71 64 69 66 68 81 77 80 75 74 76 78 73 79 90 87 83 82 89 86 85 84 88
 14 15 10 17 16 18 12 11 13 20 25 21 23 22 27 24 26 19 28 30 34 33 36 35 32 31 29 38 45 43 37 44 42 39 41 40 46 54 53 52 51 50 48 49 47 58 60 61 55 59 62 63 57 56 68 71 69 65 70 72 67 64 66 74 79 76 81 80 73 78 75 77 90 86 89 84 83 85 87 82 88  9  6  2  1  8  5  4  3  7
 23 24 19 26 25 27 21 20 22 29 34 30 32 31 36 33 35 28 37 39 43 42 45 44 41 40 38 47 54 52 46 53 51 48 50 49 55 63 62 61 60 59 57 58 56 67 69 70 64 68 71 72 66 65 77 80 78 74 79 81 76 73 75 83 88 85 90 89 82 87 84 86  9  5  8  3  2  4  6  1  7 18 15 11 10 17 14 13 12 16
 59 60 55 62 61 63 57 56 58 65 70 66 68 67 72 69 71 64 73 75 79 78 81 80 77 76 74 83 90 88 82 89 87 84 86 85  1  9  8  7  6  5  3  4  2 13 15 16 10 14 17 18 12 11 23 26 24 20 25 27 22 19 21 29 34 31 36 35 28 33 30 32 45 41 44 39 38 40 42 37 43 54 51 47 46 53 50 49 48 52
 41 42 37 44 43 45 39 38 40 47 52 48 50 49 54 51 53 46 55 57 61 60 63 62 59 58 56 65 72 70 64 71 69 66 68 67 73 81 80 79 78 77 75 76 74 85 87 88 82 86 89 90 84 83  5  8  6  2  7  9  4  1  3 11 16 13 18 17 10 15 12 14 27 23 26 21 20 22 24 19 25 36 33 29 28 35 32 31 30 34
 50 51 46 53 52 54 48 47 49 56 61 57 59 58 63 60 62 55 64 66 70 69 72 71 68 67 65 74 81 79 73 80 78 75 77 76 82 90 89 88 87 86 84 85 83  4  6  7  1  5  8  9  3  2 14 17 15 11 16 18 13 10 12 20 25 22 27 26 19 24 21 23 36 32 35 30 29 31 33 28 34 45 42 38 37 44 41 40 39 43
 77 78 73 80 79 81 75 74 76 83 88 84 86 85 90 87 89 82  1  3  7  6  9  8  5  4  2 11 18 16 10 17 15 12 14 13 19 27 26 25 24 23 21 22 20 31 33 34 28 32 35 36 30 29 41 44 42 38 43 45 40 37 39 47 52 49 54 53 46 51 48 50 63 59 62 57 56 58 60 55 61 72 69 65 64 71 68 67 66 70
 86 87 82 89 88 90 84 83 85  2  7  3  5  4  9  6  8  1 10 12 16 15 18 17 14 13 11 20 27 25 19 26 24 21 23 22 28 36 35 34 33 32 30 31 29 40 42 43 37 41 44 45 39 38 50 53 51 47 52 54 49 46 48 56 61 58 63 62 55 60 57 59 72 68 71 66 65 67 69 64 70 81 78 74 73 80 77 76 75 79
 15 16 11 18 17 10 13 12 14 21 26 22 24 23 19 25 27 20 29 31 35 34 28 36 33 32 30 39 37 44 38 45 43 40 42 41 47 46 54 53 52 51 49 50 48 59 61 62 56 60 63 55 58 57 69 72 70 66 71 64 68 65 67 75 80 77 73 81 74 79 76 78 82 87 90 85 84 86 88 83 89  1  7  3  2  9  6  5  4  8
 42 43 38 45 44 37 40 39 41 48 53 49 51 50 46 52 54 47 56 58 62 61 55 63 60 59 57 66 64 71 65 72 70 67 69 68 74 73 81 80 79 78 76 77 75 86 88 89 83 87 90 82 85 84  6  9  7  3  8  1  5  2  4 12 17 14 10 18 11 16 13 15 19 24 27 22 21 23 25 20 26 28 34 30 29 36 33 32 31 35
 51 52 47 54 53 46 49 48 50 57 62 58 60 59 55 61 63 56 65 67 71 70 64 72 69 68 66 75 73 80 74 81 79 76 78 77 83 82 90 89 88 87 85 86 84  5  7  8  2  6  9  1  4  3 15 18 16 12 17 10 14 11 13 21 26 23 19 27 20 25 22 24 28 33 36 31 30 32 34 29 35 37 43 39 38 45 42 41 40 44
 78 79 74 81 80 73 76 75 77 84 89 85 87 86 82 88 90 83  2  4  8  7  1  9  6  5  3 12 10 17 11 18 16 13 15 14 20 19 27 26 25 24 22 23 21 32 34 35 29 33 36 28 31 30 42 45 43 39 44 37 41 38 40 48 53 50 46 54 47 52 49 51 55 60 63 58 57 59 61 56 62 64 70 66 65 72 69 68 67 71
 33 34 29 36 35 28 31 30 32 39 44 40 42 41 37 43 45 38 47 49 53 52 46 54 51 50 48 57 55 62 56 63 61 58 60 59 65 64 72 71 70 69 67 68 66 77 79 80 74 78 81 73 76 75 87 90 88 84 89 82 86 83 85  3  8  5  1  9  2  7  4  6 10 15 18 13 12 14 16 11 17 19 25 21 20 27 24 23 22 26
 87 88 83 90 89 82 85 84 86  3  8  4  6  5  1  7  9  2 11 13 17 16 10 18 15 14 12 21 19 26 20 27 25 22 24 23 29 28 36 35 34 33 31 32 30 41 43 44 38 42 45 37 40 39 51 54 52 48 53 46 50 47 49 57 62 59 55 63 56 61 58 60 64 69 72 67 66 68 70 65 71 73 79 75 74 81 78 77 76 80
 60 61 56 63 62 55 58 57 59 66 71 67 69 68 64 70 72 65 74 76 80 79 73 81 78 77 75 84 82 89 83 90 88 85 87 86  2  1  9  8  7  6  4  5  3 14 16 17 11 15 18 10 13 12 24 27 25 21 26 19 23 20 22 30 35 32 28 36 29 34 31 33 37 42 45 40 39 41 43 38 44 46 52 48 47 54 51 50 49 53
 24 25 20 27 26 19 22 21 23 30 35 31 33 32 28 34 36 29 38 40 44 43 37 45 42 41 39 48 46 53 47 54 52 49 51 50 56 55 63 62 61 60 58 59 57 68 70 71 65 69 72 64 67 66 78 81 79 75 80 73 77 74 76 84 89 86 82 90 83 88 85 87  1  6  9  4  3  5  7  2  8 10 16 12 11 18 15 14 13 17
 69 70 65 72 71 64 67 66 68 75 80 76 78 77 73 79 81 74 83 85 89 88 82 90 87 86 84  3  1  8  2  9  7  4  6  5 11 10 18 17 16 15 13 14 12 23 25 26 20 24 27 19 22 21 33 36 34 30 35 28 32 29 31 39 44 41 37 45 38 43 40 42 46 51 54 49 48 50 52 47 53 55 61 57 56 63 60 59 58 62
  6  7  2  9  8  1  4  3  5 12 17 13 15 14 10 16 18 11 20 22 26 25 19 27 24 23 21 30 28 35 29 36 34 31 33 32 38 37 45 44 43 42 40 41 39 50 52 53 47 51 54 46 49 48 60 63 61 57 62 55 59 56 58 66 71 68 64 72 65 70 67 69 73 78 81 76 75 77 79 74 80 82 88 84 83 90 87 86 85 89
 52 53 48 46 54 47 50 49 51 58 63 59 61 60 56 62 55 57 66 68 72 71 65 64 70 69 67 76 74 81 75 73 80 77 79 78 84 83 82 90 89 88 86 87 85  6  8  9  3  7  1  2  5  4 16 10 17 13 18 11 15 12 14 22 27 24 20 19 21 26 23 25 29 34 28 32 31 33 35 30 36 38 44 40 39 37 43 42 41 45
 34 35 30 28 36 29 32 31 33 40 45 41 43 42 38 44 37 39 48 50 54 53 47 46 52 51 49 58 56 63 57 55 62 59 61 60 66 65 64 72 71 70 68 69 67 78 80 81 75 79 73 74 77 76 88 82 89 85 90 83 87 84 86  4  9  6  2  1  3  8  5  7 11 16 10 14 13 15 17 12 18 20 26 22 21 19 25 24 23 27
 61 62 57 55 63 56 59 58 60 67 72 68 70 69 65 71 64 66 75 77 81 80 74 73 79 78 76 85 83 90 84 82 89 86 88 87  3  2  1  9  8  7  5  6  4 15 17 18 12 16 10 11 14 13 25 19 26 22 27 20 24 21 23 31 36 33 29 28 30 35 32 34 38 43 37 41 40 42 44 39 45 47 53 49 48 46 52 51 50 54
 79 80 75 73 81 74 77 76 78 85 90 86 88 87 83 89 82 84  3  5  9  8  2  1  7  6  4 13 11 18 12 10 17 14 16 15 21 20 19 27 26 25 23 24 22 33 35 36 30 34 28 29 32 31 43 37 44 40 45 38 42 39 41 49 54 51 47 46 48 53 50 52 56 61 55 59 58 60 62 57 63 65 71 67 66 64 70 69 68 72
 70 71 66 64 72 65 68 67 69 76 81 77 79 78 74 80 73 75 84 86 90 89 83 82 88 87 85  4  2  9  3  1  8  5  7  6 12 11 10 18 17 16 14 15 13 24 26 27 21 25 19 20 23 22 34 28 35 31 36 29 33 30 32 40 45 42 38 37 39 44 41 43 47 52 46 50 49 51 53 48 54 56 62 58 57 55 61 60 59 63
 88 89 84 82 90 83 86 85 87  4  9  5  7  6  2  8  1  3 12 14 18 17 11 10 16 15 13 22 20 27 21 19 26 23 25 24 30 29 28 36 35 34 32 33 31 42 44 45 39 43 37 38 41 40 52 46 53 49 54 47 51 48 50 58 63 60 56 55 57 62 59 61 65 70 64 68 67 69 71 66 72 74 80 76 75 73 79 78 77 81
 43 44 39 37 45 38 41 40 42 49 54 50 52 51 47 53 46 48 57 59 63 62 56 55 61 60 58 67 65 72 66 64 71 68 70 69 75 74 73 81 80 79 77 78 76 87 89 90 84 88 82 83 86 85  7  1  8  4  9  2  6  3  5 13 18 15 11 10 12 17 14 16 20 25 19 23 22 24 26 21 27 29 35 31 30 28 34 33 32 36
 16 17 12 10 18 11 14 13 15 22 27 23 25 24 20 26 19 21 30 32 36 35 29 28 34 33 31 40 38 45 39 37 44 41 43 42 48 47 46 54 53 52 50 51 49 60 62 63 57 61 55 56 59 58 70 64 71 67 72 65 69 66 68 76 81 78 74 73 75 80 77 79 83 88 82 86 85 87 89 84 90  2  8  4  3  1  7  6  5  9
  7  8  3  1  9  2  5  4  6 13 18 14 16 15 11 17 10 12 21 23 27 26 20 19 25 24 22 31 29 36 30 28 35 32 34 33 39 38 37 45 44 43 41 42 40 51 53 54 48 52 46 47 50 49 61 55 62 58 63 56 60 57 59 67 72 69 65 64 66 71 68 70 74 79 73 77 76 78 80 75 81 83 89 85 84 82 88 87 86 90
 25 26 21 19 27 20 23 22 24 31 36 32 34 33 29 35 28 30 39 41 45 44 38 37 43 42 40 49 47 54 48 46 53 50 52 51 57 56 55 63 62 61 59 60 58 69 71 72 66 70 64 65 68 67 79 73 80 76 81 74 78 75 77 85 90 87 83 82 84 89 86 88  2  7  1  5  4  6  8  3  9 11 17 13 12 10 16 15 14 18
 53 54 49 47 46 48 51 50 52 59 55 60 62 61 57 63 56 58 67 69 64 72 66 65 71 70 68 77 75 73 76 74 81 78 80 79 85 84 83 82 90 89 87 88 86  7  9  1  4  8  2  3  6  5 17 11 18 14 10 12 16 13 15 23 19 25 21 20 22 27 24 26 30 35 29 33 32 34 36 31 28 39 45 41 40 38 44 43 42 37
 62 63 58 56 55 57 60 59 61 68 64 69 71 70 66 72 65 67 76 78 73 81 75 74 80 79 77 86 84 82 85 83 90 87 89 88  4  3  2  1  9  8  6  7  5 16 18 10 13 17 11 12 15 14 26 20 27 23 19 21 25 22 24 32 28 34 30 29 31 36 33 35 39 44 38 42 41 43 45 40 37 48 54 50 49 47 53 52 51 46
 80 81 76 74 73 75 78 77 79 86 82 87 89 88 84 90 83 85  4  6  1  9  3  2  8  7  5 14 12 10 13 11 18 15 17 16 22 21 20 19 27 26 24 25 23 34 36 28 31 35 29 30 33 32 44 38 45 41 37 39 43 40 42 50 46 52 48 47 49 54 51 53 57 62 56 60 59 61 63 58 55 66 72 68 67 65 71 70 69 64
 17 18 13 11 10 12 15 14 16 23 19 24 26 25 21 27 20 22 31 33 28 36 30 29 35 34 32 41 39 37 40 38 45 42 44 43 49 48 47 46 54 53 51 52 50 61 63 55 58 62 56 57 60 59 71 65 72 68 64 66 70 67 69 77 73 79 75 74 76 81 78 80 84 89 83 87 86 88 90 85 82  3  9  5  4  2  8  7  6  1
 44 45 40 38 37 39 42 41 43 50 46 51 53 52 48 54 47 49 58 60 55 63 57 56 62 61 59 68 66 64 67 65 72 69 71 70 76 75 74 73 81 80 78 79 77 88 90 82 85 89 83 84 87 86  8  2  9  5  1  3  7  4  6 14 10 16 12 11 13 18 15 17 21 26 20 24 23 25 27 22 19 30 36 32 31 29 35 34 33 28
 71 72 67 65 64 66 69 68 70 77 73 78 80 79 75 81 74 76 85 87 82 90 84 83 89 88 86  5  3  1  4  2  9  6  8  7 13 12 11 10 18 17 15 16 14 25 27 19 22 26 20 21 24 23 35 29 36 32 28 30 34 31 33 41 37 43 39 38 40 45 42 44 48 53 47 51 50 52 54 49 46 57 63 59 58 56 62 61 60 55
 35 36 31 29 28 30 33 32 34 41 37 42 44 43 39 45 38 40 49 51 46 54 48 47 53 52 50 59 57 55 58 56 63 60 62 61 67 66 65 64 72 71 69 70 68 79 81 73 76 80 74 75 78 77 89 83 90 86 82 84 88 85 87  5  1  7  3  2  4  9  6  8 12 17 11 15 14 16 18 13 10 21 27 23 22 20 26 25 24 19
 89 90 85 83 82 84 87 86 88  5  1  6  8  7  3  9  2  4 13 15 10 18 12 11 17 16 14 23 21 19 22 20 27 24 26 25 31 30 29 28 36 35 33 34 32 43 45 37 40 44 38 39 42 41 53 47 54 50 46 48 52 49 51 59 55 61 57 56 58 63 60 62 66 71 65 69 68 70 72 67 64 75 81 77 76 74 80 79 78 73
  8  9  4  2  1  3  6  5  7 14 10 15 17 16 12 18 11 13 22 24 19 27 21 20 26 25 23 32 30 28 31 29 36 33 35 34 40 39 38 37 45 44 42 43 41 52 54 46 49 53 47 48 51 50 62 56 63 59 55 57 61 58 60 68 64 70 66 65 67 72 69 71 75 80 74 78 77 79 81 76 73 84 90 86 85 83 89 88 87 82
 26 27 22 20 19 21 24 23 25 32 28 33 35 34 30 36 29 31 40 42 37 45 39 38 44 43 41 50 48 46 49 47 54 51 53 52 58 57 56 55 63 62 60 61 59 70 72 64 67 71 65 66 69 68 80 74 81 77 73 75 79 76 78 86 82 88 84 83 85 90 87 89  3  8  2  6  5  7  9  4  1 12 18 14 13 11 17 16 15 10
 18 10 14 12 11 13 16 15 17 24 20 25 27 26 22 19 21 23 32 34 29 28 31 30 36 35 33 42 40 38 41 39 37 43 45 44 50 49 48 47 46 54 52 53 51 62 55 56 59 63 57 58 61 60 72 66 64 69 65 67 71 68 70 78 74 80 76 75 77 73 79 81 85 90 84 88 87 89 82 86 83  4  1  6  5  3  9  8  7  2
 81 73 77 75 74 76 79 78 80 87 83 88 90 89 85 82 84 86  5  7  2  1  4  3  9  8  6 15 13 11 14 12 10 16 18 17 23 22 21 20 19 27 25 26 24 35 28 29 32 36 30 31 34 33 45 39 37 42 38 40 44 41 43 51 47 53 49 48 50 46 52 54 58 63 57 61 60 62 55 59 56 67 64 69 68 66 72 71 70 65
 54 46 50 48 47 49 52 51 53 60 56 61 63 62 58 55 57 59 68 70 65 64 67 66 72 71 69 78 76 74 77 75 73 79 81 80 86 85 84 83 82 90 88 89 87  8  1  2  5  9  3  4  7  6 18 12 10 15 11 13 17 14 16 24 20 26 22 21 23 19 25 27 31 36 30 34 33 35 28 32 29 40 37 42 41 39 45 44 43 38
 27 19 23 21 20 22 25 24 26 33 29 34 36 35 31 28 30 32 41 43 38 37 40 39 45 44 42 51 49 47 50 48 46 52 54 53 59 58 57 56 55 63 61 62 60 71 64 65 68 72 66 67 70 69 81 75 73 78 74 76 80 77 79 87 83 89 85 84 86 82 88 90  4  9  3  7  6  8  1  5  2 13 10 15 14 12 18 17 16 11
 63 55 59 57 56 58 61 60 62 69 65 70 72 71 67 64 66 68 77 79 74 73 76 75 81 80 78 87 85 83 86 84 82 88 90 89  5  4  3  2  1  9  7  8  6 17 10 11 14 18 12 13 16 15 27 21 19 24 20 22 26 23 25 33 29 35 31 30 32 28 34 36 40 45 39 43 42 44 37 41 38 49 46 51 50 48 54 53 52 47
 72 64 68 66 65 67 70 69 71 78 74 79 81 80 76 73 75 77 86 88 83 82 85 84 90 89 87  6  4  2  5  3  1  7  9  8 14 13 12 11 10 18 16 17 15 26 19 20 23 27 21 22 25 24 36 30 28 33 29 31 35 32 34 42 38 44 40 39 41 37 43 45 49 54 48 52 51 53 46 50 47 58 55 60 59 57 63 62 61 56
 45 37 41 39 38 40 43 42 44 51 47 52 54 53 49 46 48 50 59 61 56 55 58 57 63 62 60 69 67 65 68 66 64 70 72 71 77 76 75 74 73 81 79 80 78 89 82 83 86 90 84 85 88 87  9  3  1  6  2  4  8  5  7 15 11 17 13 12 14 10 16 18 22 27 21 25 24 26 19 23 20 31 28 33 32 30 36 35 34 29
 36 28 32 30 29 31 34 33 35 42 38 43 45 44 40 37 39 41 50 52 47 46 49 48 54 53 51 60 58 56 59 57 55 61 63 62 68 67 66 65 64 72 70 71 69 80 73 74 77 81 75 76 79 78 90 84 82 87 83 85 89 86 88  6  2  8  4  3  5  1  7  9 13 18 12 16 15 17 10 14 11 22 19 24 23 21 27 26 25 20
 90 82 86 84 83 85 88 87 89  6  2  7  9  8  4  1  3  5 14 16 11 10 13 12 18 17 15 24 22 20 23 21 19 25 27 26 32 31 30 29 28 36 34 35 33 44 37 38 41 45 39 40 43 42 54 48 46 51 47 49 53 50 52 60 56 62 58 57 59 55 61 63 67 72 66 70 69 71 64 68 65 76 73 78 77 75 81 80 79 74
  9  1  5  3  2  4  7  6  8 15 11 16 18 17 13 10 12 14 23 25 20 19 22 21 27 26 24 33 31 29 32 30 28 34 36 35 41 40 39 38 37 45 43 44 42 53 46 47 50 54 48 49 52 51 63 57 55 60 56 58 62 59 61 69 65 71 67 66 68 64 70 72 76 81 75 79 78 80 73 77 74 85 82 87 86 84 90 89 88 83
 19 20 24 22 21 23 26 25 27 34 30 35 28 36 32 29 31 33 42 44 39 38 41 40 37 45 43 52 50 48 51 49 47 53 46 54 60 59 58 57 56 55 62 63 61 72 65 66 69 64 67 68 71 70 73 76 74 79 75 77 81 78 80 88 84 90 86 85 87 83 89 82  5  1  4  8  7  9  2  6  3 14 11 16 15 13 10 18 17 12
 37 38 42 40 39 41 44 43 45 52 48 53 46 54 50 47 49 51 60 62 57 56 59 58 55 63 61 70 68 66 69 67 65 71 64 72 78 77 76 75 74 73 80 81 79 90 83 84 87 82 85 86 89 88  1  4  2  7  3  5  9  6  8 16 12 18 14 13 15 11 17 10 23 19 22 26 25 27 20 24 21 32 29 34 33 31 28 36 35 30
 46 47 51 49 48 50 53 52 54 61 57 62 55 63 59 56 58 60 69 71 66 65 68 67 64 72 70 79 77 75 78 76 74 80 73 81 87 86 85 84 83 82 89 90 88  9  2  3  6  1  4  5  8  7 10 13 11 16 12 14 18 15 17 25 21 27 23 22 24 20 26 19 32 28 31 35 34 36 29 33 30 41 38 43 42 40 37 45 44 39
 64 65 69 67 66 68 71 70 72 79 75 80 73 81 77 74 76 78 87 89 84 83 86 85 82 90 88  7  5  3  6  4  2  8  1  9 15 14 13 12 11 10 17 18 16 27 20 21 24 19 22 23 26 25 28 31 29 34 30 32 36 33 35 43 39 45 41 40 42 38 44 37 50 46 49 53 52 54 47 51 48 59 56 61 60 58 55 63 62 57
 10 11 15 13 12 14 17 16 18 25 21 26 19 27 23 20 22 24 33 35 30 29 32 31 28 36 34 43 41 39 42 40 38 44 37 45 51 50 49 48 47 46 53 54 52 63 56 57 60 55 58 59 62 61 64 67 65 70 66 68 72 69 71 79 75 81 77 76 78 74 80 73 86 82 85 89 88 90 83 87 84  5  2  7  6  4  1  9  8  3
  1  2  6  4  3  5  8  7  9 16 12 17 10 18 14 11 13 15 24 26 21 20 23 22 19 27 25 34 32 30 33 31 29 35 28 36 42 41 40 39 38 37 44 45 43 54 47 48 51 46 49 50 53 52 55 58 56 61 57 59 63 60 62 70 66 72 68 67 69 65 71 64 77 73 76 80 79 81 74 78 75 86 83 88 87 85 82 90 89 84
 55 56 60 58 57 59 62 61 63 70 66 71 64 72 68 65 67 69 78 80 75 74 77 76 73 81 79 88 86 84 87 85 83 89 82 90  6  5  4  3  2  1  8  9  7 18 11 12 15 10 13 14 17 16 19 22 20 25 21 23 27 24 26 34 30 36 32 31 33 29 35 28 41 37 40 44 43 45 38 42 39 50 47 52 51 49 46 54 53 48
 73 74 78 76 75 77 80 79 81 88 84 89 82 90 86 83 85 87  6  8  3  2  5  4  1  9  7 16 14 12 15 13 11 17 10 18 24 23 22 21 20 19 26 27 25 36 29 30 33 28 31 32 35 34 37 40 38 43 39 41 45 42 44 52 48 54 50 49 51 47 53 46 59 55 58 62 61 63 56 60 57 68 65 70 69 67 64 72 71 66
 82 83 87 85 84 86 89 88 90  7  3  8  1  9  5  2  4  6 15 17 12 11 14 13 10 18 16 25 23 21 24 22 20 26 19 27 33 32 31 30 29 28 35 36 34 45 38 39 42 37 40 41 44 43 46 49 47 52 48 50 54 51 53 61 57 63 59 58 60 56 62 55 68 64 67 71 70 72 65 69 66 77 74 79 78 76 73 81 80 75
 28 29 33 31 30 32 35 34 36 43 39 44 37 45 41 38 40 42 51 53 48 47 50 49 46 54 52 61 59 57 60 58 56 62 55 63 69 68 67 66 65 64 71 72 70 81 74 75 78 73 76 77 80 79 82 85 83 88 84 86 90 87 89  7  3  9  5  4  6  2  8  1 14 10 13 17 16 18 11 15 12 23 20 25 24 22 19 27 26 21
