  7  6  1  2  5  3  8  4 14 13 11 15 10 12  9 16
 15 14  9 10 13 11 16 12  6  5  3  7  2  4  1  8
 16 15 10 11 14 12  9 13  7  6  4  8  3  5  2  1
  8  7  2  3  6  4  1  5 15 14 12 16 11 13 10  9
  1  8  3  4  7  5  2  6 16 15 13  9 12 14 11 10
  9 16 11 12 15 13 10 14  8  7  5  1  4  6  3  2
 10  9 12 13 16 14 11 15  1  8  6  2  5  7  4  3
  2  1  4  5  8  6  3  7  9 16 14 10 13 15 12 11
 11 10 13 14  9 15 12 16  2  1  7  3  6  8  5  4
  3  2  5  6  1  7  4  8 10  9 15 11 14 16 13 12
  4  3  6  7  2  8  5  1 11 10 16 12 15  9 14 13
 12 11 14 15 10 16 13  9  3  2  8  4  7  1  6  5
 13 12 15 16 11  9 14 10  4  3  1  5  8  2  7  6
  5  4  7  8  3  1  6  2 12 11  9 13 16 10 15 14
 14 13 16  9 12 10 15 11  5  4  2  6  1  3  8  7
  6  5  8  1  4  2  7  3 13 12 10 14  9 11 16 15
