-------------------------------------------------------------------
|  4  5  |  3  6  | 10 12  |  2  8  |  9 11  |  7  1  |
|  2 10  |  5  9  |  7  3  | 12 11  |  4  1  |  8  6  |
| 12  3  |  4 10  |  8  1  |  6  9  |  2  7  |  5 11  |
|  6 11  |  1  2  |  5  9  |  3  7  |  8 12  |  4 10  |
|  1  9  |  8  7  |  2 11  | 10  4  |  6  5  | 12  3  |
|  7  8  | 12 11  |  4  6  |  5  1  |  3 10  |  2  9  |
-------------------------------------------------------------------
| 10  1  |  9  3  |  6  5  |  7  2  | 12  8  | 11  4  |
|  8 12  | 10  5  |  3  2  |  1  6  | 11  4  |  9  7  |
|  5  7  |  2  8  | 11  4  |  9  3  |  1  6  | 10 12  |
| 11  6  |  7 12  |  9  8  |  4  5  | 10  3  |  1  2  |
|  3  2  | 11  4  |  1 10  |  8 12  |  7  9  |  6  5  |
|  9  4  |  6  1  | 12  7  | 11 10  |  5  2  |  3  8  |
-------------------------------------------------------------------
