-------------------------------------------------------------------
|  1  5  |  7  9  | 12  6  |  3  8  |  4 10  |  2 11  |
| 10  6  | 11  4  |  9  3  |  2 12  |  7  5  |  8  1  |
|  7  3  |  5  6  |  2  1  | 10 11  | 12  8  |  4  9  |
| 12  4  | 10  1  |  5  8  |  7  9  | 11  2  |  3  6  |
| 11  9  |  2  8  |  7 10  |  4  6  |  3  1  | 12  5  |
|  2  8  | 12  3  |  4 11  |  5  1  |  6  9  |  7 10  |
-------------------------------------------------------------------
|  5  1  |  4  2  |  6 12  | 11  7  | 10  3  |  9  8  |
|  6 10  |  8 12  |  1  4  |  9  3  |  2 11  |  5  7  |
|  4 12  |  6 11  |  3  9  |  1  5  |  8  7  | 10  2  |
|  8  2  |  1  7  | 11  5  | 12 10  |  9  4  |  6  3  |
|  3  7  |  9  5  | 10  2  |  8  4  |  1  6  | 11 12  |
|  9 11  |  3 10  |  8  7  |  6  2  |  5 12  |  1  4  |
-------------------------------------------------------------------
