-------------------------------------------------------------------
|  1  5  |  7  2  | 10  4  |  8 11  |  3 12  |  9  6  |
| 10  8  |  9 11  |  2  3  |  4  6  |  1  7  | 12  5  |
| 11  7  | 10  1  |  9  5  |  3 12  |  4  6  |  2  8  |
|  4  9  |  8  5  |  6 12  | 10  7  | 11  2  |  3  1  |
|  2 12  |  6  3  | 11  7  |  9  1  |  8  5  |  4 10  |
|  6  3  | 12  4  |  8  1  |  5  2  | 10  9  |  7 11  |
-------------------------------------------------------------------
|  9 10  |  3 12  |  4  6  | 11  8  |  7  1  |  5  2  |
|  3  2  | 11 10  |  1  9  | 12  4  |  5  8  |  6  7  |
|  7 11  |  2  6  |  3  8  |  1  5  | 12  4  | 10  9  |
|  8  6  |  4  9  |  5 11  |  7  3  |  2 10  |  1 12  |
| 12  1  |  5  8  |  7 10  |  2  9  |  6  3  | 11  4  |
|  5  4  |  1  7  | 12  2  |  6 10  |  9 11  |  8  3  |
-------------------------------------------------------------------
