  1  2  4 17 12 15 13  3 11 18 16  7  6 10 14  8  5  9
  8  4 17  6  2 12 18  7 13  1 15 16 11  9 10  5 14  3
 15  1  2  3 13  5 17  8  7 14  9 18 16 11  6 10 12  4
 18 14  1  2  8  6  5  4 12 13  7  3 10 16  9 17 15 11
 13 15 14 18  6 11 12  5  9  2  1 10  3 17  8 16  4  7
 14 13 11 12 15  1  6 16  5  3  2 17 18  8  7  4  9 10
 12  8 15 16 17 14  4  6  3 11 13  5  7  2  1  9 10 18
  3  6 18  7  9  2  1 12 10 15 11 13 17  5  4 14 16  8
 17 16  5  1 18  9 14 10  6 12  3 11 15  4  2  7  8 13
 10  5  8  9  4 16  2 15 18  6 12  1 13  3 17 11  7 14
 11 18 13 14  3 17  7  9 16 10  6  4  8 15  5  1  2 12
 16 11  9 13  7  4 15 14 17  8 10  6  5  1  3 12 18  2
  9 12 16 11  1  3 10 13 15  7  5  8  4 14 18  2 17  6
  2  3 12  4  5 10 11 18  1  9  8 15 14  7 16  6 13 17
  6  7  3 15 10  8  9  1  4  5 17 14  2 13 12 18 11 16
  5 10  7  8 16 18  3  2 14 17  4 12  9  6 11 13  1 15
  7  9 10  5 11 13 16 17  8  4 14  2 12 18 15  3  6  1
  4 17  6 10 14  7  8 11  2 16 18  9  1 12 13 15  3  5
