 18 13  3 14 11  7  8  9  4  2 17  6  5  1 10 15 12 16
  3 18 12  6 10 15 16 14 11  4 13  5 17  9  1  8  2  7
 11  9  4  1 16 17  3 13 14  7  2  8 10 15  6  5 18 12
  5  6  7  2 17 11 18 15  9  1  8 16 12  4  3 10 13 14
 16  5 18  3  9 14 15  2  6 17 10  4  7 13  8 12  1 11
  1  7 13 18  3 16 12  8 15 11  9  2  6 10  4 14  5 17
  7 15  5 12 13 10 14 18  2  6 11  9  1  3 16  4 17  8
  2 11  1 13  7  6 10 16 12  5 18  3  8 17 14  9  4 15
 13  1 16  7 18  4  6 11 17  8 14 12  2  5  9  3 15 10
 15 10  6  5  1 13 11  7  3  9 12 17 18 14  2 16  8  4
 14  2 11 15  5  8 13  6  1 10  4 18  9 16 12 17  7  3
  4  3  9 11 12  2  7 17 13 15  6 14 16  8 18  1 10  5
  6 14  8 17  2 12  4  3 18 13 16 10 15  7  5 11  9  1
 10 16  2  4  6  1  5 12  8 14 15 13 11 18 17  7  3  9
 12  8 10  9  4 18 17  5 16  3  7  1 13 11 15  6 14  2
 17 12 14 10  8  5  9  4  7 16  1 15  3  6 13  2 11 18
  8  4 17 16 15  9  1 10  5 12  3 11 14  2  7 18  6 13
  9 17 15  8 14  3  2  1 10 18  5  7  4 12 11 13 16  6
