 60 63 57 59 58 62 61  3  2  5  6  1  7  4  8 14 13 10 12 11  9 17 20 19 18 21 15 16 25 22 24 28 26 23 27 29 31 34 32 33 35 30 42 37 36 38 39 41 40 49 47 43 48 44 45 46 51 50 55 56 54 52 53
 11 14  8 10  9 13 12 17 16 19 20 15 21 18 22 28 27 24 26 25 23 31 34 33 32 35 29 30 39 36 38 42 40 37 41 43 45 48 46 47 49 44 56 51 50 52 53 55 54 63 61 57 62 58 59 60  2  1  6  7  5  3  4
 46 49 43 45 44 48 47 52 51 54 55 50 56 53 57 63 62 59 61 60 58  3  6  5  4  7  1  2 11  8 10 14 12  9 13 15 17 20 18 19 21 16 28 23 22 24 25 27 26 35 33 29 34 30 31 32 37 36 41 42 40 38 39
 25 28 22 24 23 27 26 31 30 33 34 29 35 32 36 42 41 38 40 39 37 45 48 47 46 49 43 44 53 50 52 56 54 51 55 57 59 62 60 61 63 58  7  2  1  3  4  6  5 14 12  8 13  9 10 11 16 15 20 21 19 17 18
 32 35 29 31 30 34 33 38 37 40 41 36 42 39 43 49 48 45 47 46 44 52 55 54 53 56 50 51 60 57 59 63 61 58 62  1  3  6  4  5  7  2 14  9  8 10 11 13 12 21 19 15 20 16 17 18 23 22 27 28 26 24 25
 18 21 15 17 16 20 19 24 23 26 27 22 28 25 29 35 34 31 33 32 30 38 41 40 39 42 36 37 46 43 45 49 47 44 48 50 52 55 53 54 56 51 63 58 57 59 60 62 61  7  5  1  6  2  3  4  9  8 13 14 12 10 11
  4  7  1  3  2  6  5 10  9 12 13  8 14 11 15 21 20 17 19 18 16 24 27 26 25 28 22 23 32 29 31 35 33 30 34 36 38 41 39 40 42 37 49 44 43 45 46 48 47 56 54 50 55 51 52 53 58 57 62 63 61 59 60
 39 42 36 38 37 41 40 45 44 47 48 43 49 46 50 56 55 52 54 53 51 59 62 61 60 63 57 58  4  1  3  7  5  2  6  8 10 13 11 12 14  9 21 16 15 17 18 20 19 28 26 22 27 23 24 25 30 29 34 35 33 31 32
 53 56 50 52 51 55 54 59 58 61 62 57 63 60  1  7  6  3  5  4  2 10 13 12 11 14  8  9 18 15 17 21 19 16 20 22 24 27 25 26 28 23 35 30 29 31 32 34 33 42 40 36 41 37 38 39 44 43 48 49 47 45 46
 33 29 30 32 31 35 34 39 38 41 42 37 36 40 44 43 49 46 48 47 45 53 56 55 54 50 51 52 61 58 60 57 62 59 63  2  4  7  5  6  1  3  8 10  9 11 12 14 13 15 20 16 21 17 18 19 24 23 28 22 27 25 26
 40 36 37 39 38 42 41 46 45 48 49 44 43 47 51 50 56 53 55 54 52 60 63 62 61 57 58 59  5  2  4  1  6  3  7  9 11 14 12 13  8 10 15 17 16 18 19 21 20 22 27 23 28 24 25 26 31 30 35 29 34 32 33
 26 22 23 25 24 28 27 32 31 34 35 30 29 33 37 36 42 39 41 40 38 46 49 48 47 43 44 45 54 51 53 50 55 52 56 58 60 63 61 62 57 59  1  3  2  4  5  7  6  8 13  9 14 10 11 12 17 16 21 15 20 18 19
 19 15 16 18 17 21 20 25 24 27 28 23 22 26 30 29 35 32 34 33 31 39 42 41 40 36 37 38 47 44 46 43 48 45 49 51 53 56 54 55 50 52 57 59 58 60 61 63 62  1  6  2  7  3  4  5 10  9 14  8 13 11 12
 54 50 51 53 52 56 55 60 59 62 63 58 57 61  2  1  7  4  6  5  3 11 14 13 12  8  9 10 19 16 18 15 20 17 21 23 25 28 26 27 22 24 29 31 30 32 33 35 34 36 41 37 42 38 39 40 45 44 49 43 48 46 47
 47 43 44 46 45 49 48 53 52 55 56 51 50 54 58 57 63 60 62 61 59  4  7  6  5  1  2  3 12  9 11  8 13 10 14 16 18 21 19 20 15 17 22 24 23 25 26 28 27 29 34 30 35 31 32 33 38 37 42 36 41 39 40
 12  8  9 11 10 14 13 18 17 20 21 16 15 19 23 22 28 25 27 26 24 32 35 34 33 29 30 31 40 37 39 36 41 38 42 44 46 49 47 48 43 45 50 52 51 53 54 56 55 57 62 58 63 59 60 61  3  2  7  1  6  4  5
  5  1  2  4  3  7  6 11 10 13 14  9  8 12 16 15 21 18 20 19 17 25 28 27 26 22 23 24 33 30 32 29 34 31 35 37 39 42 40 41 36 38 43 45 44 46 47 49 48 50 55 51 56 52 53 54 59 58 63 57 62 60 61
 61 57 58 60 59 63 62  4  3  6  7  2  1  5  9  8 14 11 13 12 10 18 21 20 19 15 16 17 26 23 25 22 27 24 28 30 32 35 33 34 29 31 36 38 37 39 40 42 41 43 48 44 49 45 46 47 52 51 56 50 55 53 54
 13  9 10 12 11  8 14 19 18 21 15 17 16 20 24 23 22 26 28 27 25 33 29 35 34 30 31 32 41 38 40 37 42 39 36 45 47 43 48 49 44 46 51 53 52 54 55 50 56 58 63 59 57 60 61 62  4  3  1  2  7  5  6
 34 30 31 33 32 29 35 40 39 42 36 38 37 41 45 44 43 47 49 48 46 54 50 56 55 51 52 53 62 59 61 58 63 60 57  3  5  1  6  7  2  4  9 11 10 12 13  8 14 16 21 17 15 18 19 20 25 24 22 23 28 26 27
 55 51 52 54 53 50 56 61 60 63 57 59 58 62  3  2  1  5  7  6  4 12  8 14 13  9 10 11 20 17 19 16 21 18 15 24 26 22 27 28 23 25 30 32 31 33 34 29 35 37 42 38 36 39 40 41 46 45 43 44 49 47 48
 20 16 17 19 18 15 21 26 25 28 22 24 23 27 31 30 29 33 35 34 32 40 36 42 41 37 38 39 48 45 47 44 49 46 43 52 54 50 55 56 51 53 58 60 59 61 62 57 63  2  7  3  1  4  5  6 11 10  8  9 14 12 13
 41 37 38 40 39 36 42 47 46 49 43 45 44 48 52 51 50 54 56 55 53 61 57 63 62 58 59 60  6  3  5  2  7  4  1 10 12  8 13 14  9 11 16 18 17 19 20 15 21 23 28 24 22 25 26 27 32 31 29 30 35 33 34
  6  2  3  5  4  1  7 12 11 14  8 10  9 13 17 16 15 19 21 20 18 26 22 28 27 23 24 25 34 31 33 30 35 32 29 38 40 36 41 42 37 39 44 46 45 47 48 43 49 51 56 52 50 53 54 55 60 59 57 58 63 61 62
 62 58 59 61 60 57 63  5  4  7  1  3  2  6 10  9  8 12 14 13 11 19 15 21 20 16 17 18 27 24 26 23 28 25 22 31 33 29 34 35 30 32 37 39 38 40 41 36 42 44 49 45 43 46 47 48 53 52 50 51 56 54 55
 48 44 45 47 46 43 49 54 53 56 50 52 51 55 59 58 57 61 63 62 60  5  1  7  6  2  3  4 13 10 12  9 14 11  8 17 19 15 20 21 16 18 23 25 24 26 27 22 28 30 35 31 29 32 33 34 39 38 36 37 42 40 41
 27 23 24 26 25 22 28 33 32 35 29 31 30 34 38 37 36 40 42 41 39 47 43 49 48 44 45 46 55 52 54 51 56 53 50 59 61 57 62 63 58 60  2  4  3  5  6  1  7  9 14 10  8 11 12 13 18 17 15 16 21 19 20
 63 59 60 62 61 58 57  6  5  1  2  4  3  7 11 10  9 13  8 14 12 20 16 15 21 17 18 19 28 25 27 24 22 26 23 32 34 30 35 29 31 33 38 40 39 41 42 37 36 45 43 46 44 47 48 49 54 53 51 52 50 55 56
  7  3  4  6  5  2  1 13 12  8  9 11 10 14 18 17 16 20 15 21 19 27 23 22 28 24 25 26 35 32 34 31 29 33 30 39 41 37 42 36 38 40 45 47 46 48 49 44 43 52 50 53 51 54 55 56 61 60 58 59 57 62 63
 21 17 18 20 19 16 15 27 26 22 23 25 24 28 32 31 30 34 29 35 33 41 37 36 42 38 39 40 49 46 48 45 43 47 44 53 55 51 56 50 52 54 59 61 60 62 63 58 57  3  1  4  2  5  6  7 12 11  9 10  8 13 14
 42 38 39 41 40 37 36 48 47 43 44 46 45 49 53 52 51 55 50 56 54 62 58 57 63 59 60 61  7  4  6  3  1  5  2 11 13  9 14  8 10 12 17 19 18 20 21 16 15 24 22 25 23 26 27 28 33 32 30 31 29 34 35
 56 52 53 55 54 51 50 62 61 57 58 60 59 63  4  3  2  6  1  7  5 13  9  8 14 10 11 12 21 18 20 17 15 19 16 25 27 23 28 22 24 26 31 33 32 34 35 30 29 38 36 39 37 40 41 42 47 46 44 45 43 48 49
 28 24 25 27 26 23 22 34 33 29 30 32 31 35 39 38 37 41 36 42 40 48 44 43 49 45 46 47 56 53 55 52 50 54 51 60 62 58 63 57 59 61  3  5  4  6  7  2  1 10  8 11  9 12 13 14 19 18 16 17 15 20 21
 14 10 11 13 12  9  8 20 19 15 16 18 17 21 25 24 23 27 22 28 26 34 30 29 35 31 32 33 42 39 41 38 36 40 37 46 48 44 49 43 45 47 52 54 53 55 56 51 50 59 57 60 58 61 62 63  5  4  2  3  1  6  7
 35 31 32 34 33 30 29 41 40 36 37 39 38 42 46 45 44 48 43 49 47 55 51 50 56 52 53 54 63 60 62 59 57 61 58  4  6  2  7  1  3  5 10 12 11 13 14  9  8 17 15 18 16 19 20 21 26 25 23 24 22 27 28
 49 45 46 48 47 44 43 55 54 50 51 53 52 56 60 59 58 62 57 63 61  6  2  1  7  3  4  5 14 11 13 10  8 12  9 18 20 16 21 15 17 19 24 26 25 27 28 23 22 31 29 32 30 33 34 35 40 39 37 38 36 41 42
 22 25 26 28 27 24 23 35 34 30 31 33 32 29 40 39 38 42 37 36 41 49 45 44 43 46 47 48 50 54 56 53 51 55 52 61 63 59 57 58 60 62  4  6  5  7  1  3  2 11  9 12 10 13 14  8 20 19 17 18 16 21 15
 43 46 47 49 48 45 44 56 55 51 52 54 53 50 61 60 59 63 58 57 62  7  3  2  1  4  5  6  8 12 14 11  9 13 10 19 21 17 15 16 18 20 25 27 26 28 22 24 23 32 30 33 31 34 35 29 41 40 38 39 37 42 36
 57 60 61 63 62 59 58  7  6  2  3  5  4  1 12 11 10 14  9  8 13 21 17 16 15 18 19 20 22 26 28 25 23 27 24 33 35 31 29 30 32 34 39 41 40 42 36 38 37 46 44 47 45 48 49 43 55 54 52 53 51 56 50
 50 53 54 56 55 52 51 63 62 58 59 61 60 57  5  4  3  7  2  1  6 14 10  9  8 11 12 13 15 19 21 18 16 20 17 26 28 24 22 23 25 27 32 34 33 35 29 31 30 39 37 40 38 41 42 36 48 47 45 46 44 49 43
 15 18 19 21 20 17 16 28 27 23 24 26 25 22 33 32 31 35 30 29 34 42 38 37 36 39 40 41 43 47 49 46 44 48 45 54 56 52 50 51 53 55 60 62 61 63 57 59 58  4  2  5  3  6  7  1 13 12 10 11  9 14  8
  1  4  5  7  6  3  2 14 13  9 10 12 11  8 19 18 17 21 16 15 20 28 24 23 22 25 26 27 29 33 35 32 30 34 31 40 42 38 36 37 39 41 46 48 47 49 43 45 44 53 51 54 52 55 56 50 62 61 59 60 58 63 57
  8 11 12 14 13 10  9 21 20 16 17 19 18 15 26 25 24 28 23 22 27 35 31 30 29 32 33 34 36 40 42 39 37 41 38 47 49 45 43 44 46 48 53 55 54 56 50 52 51 60 58 61 59 62 63 57  6  5  3  4  2  7  1
 36 39 40 42 41 38 37 49 48 44 45 47 46 43 54 53 52 56 51 50 55 63 59 58 57 60 61 62  1  5  7  4  2  6  3 12 14 10  8  9 11 13 18 20 19 21 15 17 16 25 23 26 24 27 28 22 34 33 31 32 30 35 29
 29 32 33 35 34 31 30 42 41 37 38 40 39 36 47 46 45 49 44 43 48 56 52 51 50 53 54 55 57 61 63 60 58 62 59  5  7  3  1  2  4  6 11 13 12 14  8 10  9 18 16 19 17 20 21 15 27 26 24 25 23 28 22
 58 61 62 57 63 60 59  1  7  3  4  6  5  2 13 12 11  8 10  9 14 15 18 17 16 19 20 21 23 27 22 26 24 28 25 34 29 32 30 31 33 35 40 42 41 36 37 39 38 47 45 48 46 49 43 44 56 55 53 54 52 50 51
 44 47 48 43 49 46 45 50 56 52 53 55 54 51 62 61 60 57 59 58 63  1  4  3  2  5  6  7  9 13  8 12 10 14 11 20 15 18 16 17 19 21 26 28 27 22 23 25 24 33 31 34 32 35 29 30 42 41 39 40 38 36 37
  9 12 13  8 14 11 10 15 21 17 18 20 19 16 27 26 25 22 24 23 28 29 32 31 30 33 34 35 37 41 36 40 38 42 39 48 43 46 44 45 47 49 54 56 55 50 51 53 52 61 59 62 60 63 57 58  7  6  4  5  3  1  2
 37 40 41 36 42 39 38 43 49 45 46 48 47 44 55 54 53 50 52 51 56 57 60 59 58 61 62 63  2  6  1  5  3  7  4 13  8 11  9 10 12 14 19 21 20 15 16 18 17 26 24 27 25 28 22 23 35 34 32 33 31 29 30
 23 26 27 22 28 25 24 29 35 31 32 34 33 30 41 40 39 36 38 37 42 43 46 45 44 47 48 49 51 55 50 54 52 56 53 62 57 60 58 59 61 63  5  7  6  1  2  4  3 12 10 13 11 14  8  9 21 20 18 19 17 15 16
 16 19 20 15 21 18 17 22 28 24 25 27 26 23 34 33 32 29 31 30 35 36 39 38 37 40 41 42 44 48 43 47 45 49 46 55 50 53 51 52 54 56 61 63 62 57 58 60 59  5  3  6  4  7  1  2 14 13 11 12 10  8  9
 30 33 34 29 35 32 31 36 42 38 39 41 40 37 48 47 46 43 45 44 49 50 53 52 51 54 55 56 58 62 57 61 59 63 60  6  1  4  2  3  5  7 12 14 13  8  9 11 10 19 17 20 18 21 15 16 28 27 25 26 24 22 23
  2  5  6  1  7  4  3  8 14 10 11 13 12  9 20 19 18 15 17 16 21 22 25 24 23 26 27 28 30 34 29 33 31 35 32 41 36 39 37 38 40 42 47 49 48 43 44 46 45 54 52 55 53 56 50 51 63 62 60 61 59 57 58
 51 54 55 50 56 53 52 57 63 59 60 62 61 58  6  5  4  1  3  2  7  8 11 10  9 12 13 14 16 20 15 19 17 21 18 27 22 25 23 24 26 28 33 35 34 29 30 32 31 40 38 41 39 42 36 37 49 48 46 47 45 43 44
 38 41 42 37 36 40 39 44 43 46 47 49 48 45 56 55 54 51 53 52 50 58 61 60 59 62 63 57  3  7  2  6  4  1  5 14  9 12 10 11 13  8 20 15 21 16 17 19 18 27 25 28 26 22 23 24 29 35 33 34 32 30 31
 24 27 28 23 22 26 25 30 29 32 33 35 34 31 42 41 40 37 39 38 36 44 47 46 45 48 49 43 52 56 51 55 53 50 54 63 58 61 59 60 62 57  6  1  7  2  3  5  4 13 11 14 12  8  9 10 15 21 19 20 18 16 17
 45 48 49 44 43 47 46 51 50 53 54 56 55 52 63 62 61 58 60 59 57  2  5  4  3  6  7  1 10 14  9 13 11  8 12 21 16 19 17 18 20 15 27 22 28 23 24 26 25 34 32 35 33 29 30 31 36 42 40 41 39 37 38
 52 55 56 51 50 54 53 58 57 60 61 63 62 59  7  6  5  2  4  3  1  9 12 11 10 13 14  8 17 21 16 20 18 15 19 28 23 26 24 25 27 22 34 29 35 30 31 33 32 41 39 42 40 36 37 38 43 49 47 48 46 44 45
 10 13 14  9  8 12 11 16 15 18 19 21 20 17 28 27 26 23 25 24 22 30 33 32 31 34 35 29 38 42 37 41 39 36 40 49 44 47 45 46 48 43 55 50 56 51 52 54 53 62 60 63 61 57 58 59  1  7  5  6  4  2  3
 31 34 35 30 29 33 32 37 36 39 40 42 41 38 49 48 47 44 46 45 43 51 54 53 52 55 56 50 59 63 58 62 60 57 61  7  2  5  3  4  6  1 13  8 14  9 10 12 11 20 18 21 19 15 16 17 22 28 26 27 25 23 24
 17 20 21 16 15 19 18 23 22 25 26 28 27 24 35 34 33 30 32 31 29 37 40 39 38 41 42 36 45 49 44 48 46 43 47 56 51 54 52 53 55 50 62 57 63 58 59 61 60  6  4  7  5  1  2  3  8 14 12 13 11  9 10
 59 62 63 58 57 61 60  2  1  4  5  7  6  3 14 13 12  9 11 10  8 16 19 18 17 20 21 15 24 28 23 27 25 22 26 35 30 33 31 32 34 29 41 36 42 37 38 40 39 48 46 49 47 43 44 45 50 56 54 55 53 51 52
  3  6  7  2  1  5  4  9  8 11 12 14 13 10 21 20 19 16 18 17 15 23 26 25 24 27 28 22 31 35 30 34 32 29 33 42 37 40 38 39 41 36 48 43 49 44 45 47 46 55 53 56 54 50 51 52 57 63 61 62 60 58 59
