 13 10 12  9 11 14  8 15 21 20 19 18 16 17 25 27 24 26 22 28 23 31 29 33 30 34 35 32 40 36 39 42 41 37 38 44 46 47 45 48 49 43 50 54 55 53 51 52 56 57 58 59 60 63 61 62  5  3  6  7  2  1  4
  6  3  5  2  4  7  1  8 14 13 12 11  9 10 18 20 17 19 15 21 16 24 22 26 23 27 28 25 33 29 32 35 34 30 31 37 39 40 38 41 42 36 43 47 48 46 44 45 49 50 51 52 53 56 54 55 61 59 62 63 58 57 60
 34 31 33 30 32 35 29 36 42 41 40 39 37 38 46 48 45 47 43 49 44 52 50 54 51 55 56 53 61 57 60 63 62 58 59  2  4  5  3  6  7  1  8 12 13 11  9 10 14 15 16 17 18 21 19 20 26 24 27 28 23 22 25
 48 45 47 44 46 49 43 50 56 55 54 53 51 52 60 62 59 61 57 63 58  3  1  5  2  6  7  4 12  8 11 14 13  9 10 16 18 19 17 20 21 15 22 26 27 25 23 24 28 29 30 31 32 35 33 34 40 38 41 42 37 36 39
 20 17 19 16 18 21 15 22 28 27 26 25 23 24 32 34 31 33 29 35 30 38 36 40 37 41 42 39 47 43 46 49 48 44 45 51 53 54 52 55 56 50 57 61 62 60 58 59 63  1  2  3  4  7  5  6 12 10 13 14  9  8 11
 55 52 54 51 53 56 50 57 63 62 61 60 58 59  4  6  3  5  1  7  2 10  8 12  9 13 14 11 19 15 18 21 20 16 17 23 25 26 24 27 28 22 29 33 34 32 30 31 35 36 37 38 39 42 40 41 47 45 48 49 44 43 46
 41 38 40 37 39 42 36 43 49 48 47 46 44 45 53 55 52 54 50 56 51 59 57 61 58 62 63 60  5  1  4  7  6  2  3  9 11 12 10 13 14  8 15 19 20 18 16 17 21 22 23 24 25 28 26 27 33 31 34 35 30 29 32
 27 24 26 23 25 28 22 29 35 34 33 32 30 31 39 41 38 40 36 42 37 45 43 47 44 48 49 46 54 50 53 56 55 51 52 58 60 61 59 62 63 57  1  5  6  4  2  3  7  8  9 10 11 14 12 13 19 17 20 21 16 15 18
 62 59 61 58 60 63 57  1  7  6  5  4  2  3 11 13 10 12  8 14  9 17 15 19 16 20 21 18 26 22 25 28 27 23 24 30 32 33 31 34 35 29 36 40 41 39 37 38 42 43 44 45 46 49 47 48 54 52 55 56 51 50 53
 14 11 13 10 12  8  9 16 15 21 20 19 17 18 26 28 25 27 23 22 24 32 30 34 31 35 29 33 41 37 40 36 42 38 39 45 47 48 46 49 43 44 51 55 56 54 52 53 50 58 59 60 61 57 62 63  6  4  7  1  3  2  5
 49 46 48 45 47 43 44 51 50 56 55 54 52 53 61 63 60 62 58 57 59  4  2  6  3  7  1  5 13  9 12  8 14 10 11 17 19 20 18 21 15 16 23 27 28 26 24 25 22 30 31 32 33 29 34 35 41 39 42 36 38 37 40
 56 53 55 52 54 50 51 58 57 63 62 61 59 60  5  7  4  6  2  1  3 11  9 13 10 14  8 12 20 16 19 15 21 17 18 24 26 27 25 28 22 23 30 34 35 33 31 32 29 37 38 39 40 36 41 42 48 46 49 43 45 44 47
 35 32 34 31 33 29 30 37 36 42 41 40 38 39 47 49 46 48 44 43 45 53 51 55 52 56 50 54 62 58 61 57 63 59 60  3  5  6  4  7  1  2  9 13 14 12 10 11  8 16 17 18 19 15 20 21 27 25 28 22 24 23 26
 28 25 27 24 26 22 23 30 29 35 34 33 31 32 40 42 39 41 37 36 38 46 44 48 45 49 43 47 55 51 54 50 56 52 53 59 61 62 60 63 57 58  2  6  7  5  3  4  1  9 10 11 12  8 13 14 20 18 21 15 17 16 19
 42 39 41 38 40 36 37 44 43 49 48 47 45 46 54 56 53 55 51 50 52 60 58 62 59 63 57 61  6  2  5  1  7  3  4 10 12 13 11 14  8  9 16 20 21 19 17 18 15 23 24 25 26 22 27 28 34 32 35 29 31 30 33
  7  4  6  3  5  1  2  9  8 14 13 12 10 11 19 21 18 20 16 15 17 25 23 27 24 28 22 26 34 30 33 29 35 31 32 38 40 41 39 42 36 37 44 48 49 47 45 46 43 51 52 53 54 50 55 56 62 60 63 57 59 58 61
 63 60 62 59 61 57 58  2  1  7  6  5  3  4 12 14 11 13  9  8 10 18 16 20 17 21 15 19 27 23 26 22 28 24 25 31 33 34 32 35 29 30 37 41 42 40 38 39 36 44 45 46 47 43 48 49 55 53 56 50 52 51 54
 21 18 20 17 19 15 16 23 22 28 27 26 24 25 33 35 32 34 30 29 31 39 37 41 38 42 36 40 48 44 47 43 49 45 46 52 54 55 53 56 50 51 58 62 63 61 59 60 57  2  3  4  5  1  6  7 13 11 14  8 10  9 12
 50 54 56 53 55 51 52 59 58 57 63 62 60 61  6  1  5  7  3  2  4 12 10 14 11  8  9 13 21 17 20 16 15 18 19 25 27 28 26 22 23 24 31 35 29 34 32 33 30 38 39 40 41 37 42 36 49 47 43 44 46 45 48
 36 40 42 39 41 37 38 45 44 43 49 48 46 47 55 50 54 56 52 51 53 61 59 63 60 57 58 62  7  3  6  2  1  4  5 11 13 14 12  8  9 10 17 21 15 20 18 19 16 24 25 26 27 23 28 22 35 33 29 30 32 31 34
 29 33 35 32 34 30 31 38 37 36 42 41 39 40 48 43 47 49 45 44 46 54 52 56 53 50 51 55 63 59 62 58 57 60 61  4  6  7  5  1  2  3 10 14  8 13 11 12  9 17 18 19 20 16 21 15 28 26 22 23 25 24 27
  8 12 14 11 13  9 10 17 16 15 21 20 18 19 27 22 26 28 24 23 25 33 31 35 32 29 30 34 42 38 41 37 36 39 40 46 48 49 47 43 44 45 52 56 50 55 53 54 51 59 60 61 62 58 63 57  7  5  1  2  4  3  6
 15 19 21 18 20 16 17 24 23 22 28 27 25 26 34 29 33 35 31 30 32 40 38 42 39 36 37 41 49 45 48 44 43 46 47 53 55 56 54 50 51 52 59 63 57 62 60 61 58  3  4  5  6  2  7  1 14 12  8  9 11 10 13
  1  5  7  4  6  2  3 10  9  8 14 13 11 12 20 15 19 21 17 16 18 26 24 28 25 22 23 27 35 31 34 30 29 32 33 39 41 42 40 36 37 38 45 49 43 48 46 47 44 52 53 54 55 51 56 50 63 61 57 58 60 59 62
 57 61 63 60 62 58 59  3  2  1  7  6  4  5 13  8 12 14 10  9 11 19 17 21 18 15 16 20 28 24 27 23 22 25 26 32 34 35 33 29 30 31 38 42 36 41 39 40 37 45 46 47 48 44 49 43 56 54 50 51 53 52 55
 22 26 28 25 27 23 24 31 30 29 35 34 32 33 41 36 40 42 38 37 39 47 45 49 46 43 44 48 56 52 55 51 50 53 54 60 62 63 61 57 58 59  3  7  1  6  4  5  2 10 11 12 13  9 14  8 21 19 15 16 18 17 20
 43 47 49 46 48 44 45 52 51 50 56 55 53 54 62 57 61 63 59 58 60  5  3  7  4  1  2  6 14 10 13  9  8 11 12 18 20 21 19 15 16 17 24 28 22 27 25 26 23 31 32 33 34 30 35 29 42 40 36 37 39 38 41
 16 20 15 19 21 17 18 25 24 23 22 28 26 27 35 30 34 29 32 31 33 41 39 36 40 37 38 42 43 46 49 45 44 47 48 54 56 50 55 51 52 53 60 57 58 63 61 62 59  4  5  6  7  3  1  2  8 13  9 10 12 11 14
 51 55 50 54 56 52 53 60 59 58 57 63 61 62  7  2  6  1  4  3  5 13 11  8 12  9 10 14 15 18 21 17 16 19 20 26 28 22 27 23 24 25 32 29 30 35 33 34 31 39 40 41 42 38 36 37 43 48 44 45 47 46 49
  2  6  1  5  7  3  4 11 10  9  8 14 12 13 21 16 20 15 18 17 19 27 25 22 26 23 24 28 29 32 35 31 30 33 34 40 42 36 41 37 38 39 46 43 44 49 47 48 45 53 54 55 56 52 50 51 57 62 58 59 61 60 63
 44 48 43 47 49 45 46 53 52 51 50 56 54 55 63 58 62 57 60 59 61  6  4  1  5  2  3  7  8 11 14 10  9 12 13 19 21 15 20 16 17 18 25 22 23 28 26 27 24 32 33 34 35 31 29 30 36 41 37 38 40 39 42
 37 41 36 40 42 38 39 46 45 44 43 49 47 48 56 51 55 50 53 52 54 62 60 57 61 58 59 63  1  4  7  3  2  5  6 12 14  8 13  9 10 11 18 15 16 21 19 20 17 25 26 27 28 24 22 23 29 34 30 31 33 32 35
 58 62 57 61 63 59 60  4  3  2  1  7  5  6 14  9 13  8 11 10 12 20 18 15 19 16 17 21 22 25 28 24 23 26 27 33 35 29 34 30 31 32 39 36 37 42 40 41 38 46 47 48 49 45 43 44 50 55 51 52 54 53 56
 23 27 22 26 28 24 25 32 31 30 29 35 33 34 42 37 41 36 39 38 40 48 46 43 47 44 45 49 50 53 56 52 51 54 55 61 63 57 62 58 59 60  4  1  2  7  5  6  3 11 12 13 14 10  8  9 15 20 16 17 19 18 21
  9 13  8 12 14 10 11 18 17 16 15 21 19 20 28 23 27 22 25 24 26 34 32 29 33 30 31 35 36 39 42 38 37 40 41 47 49 43 48 44 45 46 53 50 51 56 54 55 52 60 61 62 63 59 57 58  1  6  2  3  5  4  7
 30 34 29 33 35 31 32 39 38 37 36 42 40 41 49 44 48 43 46 45 47 55 53 50 54 51 52 56 57 60 63 59 58 61 62  5  7  1  6  2  3  4 11  8  9 14 12 13 10 18 19 20 21 17 15 16 22 27 23 24 26 25 28
 17 21 16 20 15 18 19 26 25 24 23 22 27 28 29 31 35 30 33 32 34 42 40 37 41 38 39 36 44 47 43 46 45 48 49 55 50 51 56 52 53 54 61 58 59 57 62 63 60  5  6  7  1  4  2  3  9 14 10 11 13 12  8
  3  7  2  6  1  4  5 12 11 10  9  8 13 14 15 17 21 16 19 18 20 28 26 23 27 24 25 22 30 33 29 32 31 34 35 41 36 37 42 38 39 40 47 44 45 43 48 49 46 54 55 56 50 53 51 52 58 63 59 60 62 61 57
 38 42 37 41 36 39 40 47 46 45 44 43 48 49 50 52 56 51 54 53 55 63 61 58 62 59 60 57  2  5  1  4  3  6  7 13  8  9 14 10 11 12 19 16 17 15 20 21 18 26 27 28 22 25 23 24 30 35 31 32 34 33 29
 31 35 30 34 29 32 33 40 39 38 37 36 41 42 43 45 49 44 47 46 48 56 54 51 55 52 53 50 58 61 57 60 59 62 63  6  1  2  7  3  4  5 12  9 10  8 13 14 11 19 20 21 15 18 16 17 23 28 24 25 27 26 22
 52 56 51 55 50 53 54 61 60 59 58 57 62 63  1  3  7  2  5  4  6 14 12  9 13 10 11  8 16 19 15 18 17 20 21 27 22 23 28 24 25 26 33 30 31 29 34 35 32 40 41 42 36 39 37 38 44 49 45 46 48 47 43
 24 28 23 27 22 25 26 33 32 31 30 29 34 35 36 38 42 37 40 39 41 49 47 44 48 45 46 43 51 54 50 53 52 55 56 62 57 58 63 59 60 61  5  2  3  1  6  7  4 12 13 14  8 11  9 10 16 21 17 18 20 19 15
 59 63 58 62 57 60 61  5  4  3  2  1  6  7  8 10 14  9 12 11 13 21 19 16 20 17 18 15 23 26 22 25 24 27 28 34 29 30 35 31 32 33 40 37 38 36 41 42 39 47 48 49 43 46 44 45 51 56 52 53 55 54 50
 45 49 44 48 43 46 47 54 53 52 51 50 55 56 57 59 63 58 61 60 62  7  5  2  6  3  4  1  9 12  8 11 10 13 14 20 15 16 21 17 18 19 26 23 24 22 27 28 25 33 34 35 29 32 30 31 37 42 38 39 41 40 36
 10 14  9 13  8 11 12 19 18 17 16 15 20 21 22 24 28 23 26 25 27 35 33 30 34 31 32 29 37 40 36 39 38 41 42 48 43 44 49 45 46 47 54 51 52 50 55 56 53 61 62 63 57 60 58 59  2  7  3  4  6  5  1
 46 43 45 49 44 47 48 55 54 53 52 51 56 50 58 60 57 59 62 61 63  1  6  3  7  4  5  2 10 13  9 12 11 14  8 21 16 17 15 18 19 20 27 24 25 23 28 22 26 34 35 29 30 33 31 32 38 36 39 40 42 41 37
 32 29 31 35 30 33 34 41 40 39 38 37 42 36 44 46 43 45 48 47 49 50 55 52 56 53 54 51 59 62 58 61 60 63 57  7  2  3  1  4  5  6 13 10 11  9 14  8 12 20 21 15 16 19 17 18 24 22 25 26 28 27 23
 39 36 38 42 37 40 41 48 47 46 45 44 49 43 51 53 50 52 55 54 56 57 62 59 63 60 61 58  3  6  2  5  4  7  1 14  9 10  8 11 12 13 20 17 18 16 21 15 19 27 28 22 23 26 24 25 31 29 32 33 35 34 30
 11  8 10 14  9 12 13 20 19 18 17 16 21 15 23 25 22 24 27 26 28 29 34 31 35 32 33 30 38 41 37 40 39 42 36 49 44 45 43 46 47 48 55 52 53 51 56 50 54 62 63 57 58 61 59 60  3  1  4  5  7  6  2
 25 22 24 28 23 26 27 34 33 32 31 30 35 29 37 39 36 38 41 40 42 43 48 45 49 46 47 44 52 55 51 54 53 56 50 63 58 59 57 60 61 62  6  3  4  2  7  1  5 13 14  8  9 12 10 11 17 15 18 19 21 20 16
 60 57 59 63 58 61 62  6  5  4  3  2  7  1  9 11  8 10 13 12 14 15 20 17 21 18 19 16 24 27 23 26 25 28 22 35 30 31 29 32 33 34 41 38 39 37 42 36 40 48 49 43 44 47 45 46 52 50 53 54 56 55 51
 53 50 52 56 51 54 55 62 61 60 59 58 63 57  2  4  1  3  6  5  7  8 13 10 14 11 12  9 17 20 16 19 18 21 15 28 23 24 22 25 26 27 34 31 32 30 35 29 33 41 42 36 37 40 38 39 45 43 46 47 49 48 44
  4  1  3  7  2  5  6 13 12 11 10  9 14  8 16 18 15 17 20 19 21 22 27 24 28 25 26 23 31 34 30 33 32 35 29 42 37 38 36 39 40 41 48 45 46 44 49 43 47 55 56 50 51 54 52 53 59 57 60 61 63 62 58
 18 15 17 21 16 19 20 27 26 25 24 23 28 22 30 32 29 31 34 33 35 36 41 38 42 39 40 37 45 48 44 47 46 49 43 56 51 52 50 53 54 55 62 59 60 58 63 57 61  6  7  1  2  5  3  4 10  8 11 12 14 13  9
 47 44 46 43 45 48 49 56 55 54 53 52 50 51 59 61 58 60 63 62 57  2  7  4  1  5  6  3 11 14 10 13 12  8  9 15 17 18 16 19 20 21 28 25 26 24 22 23 27 35 29 30 31 34 32 33 39 37 40 41 36 42 38
  5  2  4  1  3  6  7 14 13 12 11 10  8  9 17 19 16 18 21 20 15 23 28 25 22 26 27 24 32 35 31 34 33 29 30 36 38 39 37 40 41 42 49 46 47 45 43 44 48 56 50 51 52 55 53 54 60 58 61 62 57 63 59
 26 23 25 22 24 27 28 35 34 33 32 31 29 30 38 40 37 39 42 41 36 44 49 46 43 47 48 45 53 56 52 55 54 50 51 57 59 60 58 61 62 63  7  4  5  3  1  2  6 14  8  9 10 13 11 12 18 16 19 20 15 21 17
 19 16 18 15 17 20 21 28 27 26 25 24 22 23 31 33 30 32 35 34 29 37 42 39 36 40 41 38 46 49 45 48 47 43 44 50 52 53 51 54 55 56 63 60 61 59 57 58 62  7  1  2  3  6  4  5 11  9 12 13  8 14 10
 61 58 60 57 59 62 63  7  6  5  4  3  1  2 10 12  9 11 14 13  8 16 21 18 15 19 20 17 25 28 24 27 26 22 23 29 31 32 30 33 34 35 42 39 40 38 36 37 41 49 43 44 45 48 46 47 53 51 54 55 50 56 52
 33 30 32 29 31 34 35 42 41 40 39 38 36 37 45 47 44 46 49 48 43 51 56 53 50 54 55 52 60 63 59 62 61 57 58  1  3  4  2  5  6  7 14 11 12 10  8  9 13 21 15 16 17 20 18 19 25 23 26 27 22 28 24
 54 51 53 50 52 55 56 63 62 61 60 59 57 58  3  5  2  4  7  6  1  9 14 11  8 12 13 10 18 21 17 20 19 15 16 22 24 25 23 26 27 28 35 32 33 31 29 30 34 42 36 37 38 41 39 40 46 44 47 48 43 49 45
 40 37 39 36 38 41 42 49 48 47 46 45 43 44 52 54 51 53 56 55 50 58 63 60 57 61 62 59  4  7  3  6  5  1  2  8 10 11  9 12 13 14 21 18 19 17 15 16 20 28 22 23 24 27 25 26 32 30 33 34 29 35 31
 12  9 11  8 10 13 14 21 20 19 18 17 15 16 24 26 23 25 28 27 22 30 35 32 29 33 34 31 39 42 38 41 40 36 37 43 45 46 44 47 48 49 56 53 54 52 50 51 55 63 57 58 59 62 60 61  4  2  5  6  1  7  3
