 14 12 11  8 10  9 13 15 16 21 17 19 20 18 23 26 24 27 25 28 22 34 32 35 33 31 29 30 39 40 42 38 41 37 36 46 47 43 48 49 45 44 51 55 52 54 56 50 53 60 59 57 62 58 61 63  6  4  7  2  5  1  3
 21 19 18 15 17 16 20 22 23 28 24 26 27 25 30 33 31 34 32 35 29 41 39 42 40 38 36 37 46 47 49 45 48 44 43 53 54 50 55 56 52 51 58 62 59 61 63 57 60  4  3  1  6  2  5  7 13 11 14  9 12  8 10
 28 26 25 22 24 23 27 29 30 35 31 33 34 32 37 40 38 41 39 42 36 48 46 49 47 45 43 44 53 54 56 52 55 51 50 60 61 57 62 63 59 58  2  6  3  5  7  1  4 11 10  8 13  9 12 14 20 18 21 16 19 15 17
 49 47 46 43 45 44 48 50 51 56 52 54 55 53 58 61 59 62 60 63 57  6  4  7  5  3  1  2 11 12 14 10 13  9  8 18 19 15 20 21 17 16 23 27 24 26 28 22 25 32 31 29 34 30 33 35 41 39 42 37 40 36 38
 35 33 32 29 31 30 34 36 37 42 38 40 41 39 44 47 45 48 46 49 43 55 53 56 54 52 50 51 60 61 63 59 62 58 57  4  5  1  6  7  3  2  9 13 10 12 14  8 11 18 17 15 20 16 19 21 27 25 28 23 26 22 24
 56 54 53 50 52 51 55 57 58 63 59 61 62 60  2  5  3  6  4  7  1 13 11 14 12 10  8  9 18 19 21 17 20 16 15 25 26 22 27 28 24 23 30 34 31 33 35 29 32 39 38 36 41 37 40 42 48 46 49 44 47 43 45
 42 40 39 36 38 37 41 43 44 49 45 47 48 46 51 54 52 55 53 56 50 62 60 63 61 59 57 58  4  5  7  3  6  2  1 11 12  8 13 14 10  9 16 20 17 19 21 15 18 25 24 22 27 23 26 28 34 32 35 30 33 29 31
 63 61 60 57 59 58 62  1  2  7  3  5  6  4  9 12 10 13 11 14  8 20 18 21 19 17 15 16 25 26 28 24 27 23 22 32 33 29 34 35 31 30 37 41 38 40 42 36 39 46 45 43 48 44 47 49 55 53 56 51 54 50 52
  7  5  4  1  3  2  6  8  9 14 10 12 13 11 16 19 17 20 18 21 15 27 25 28 26 24 22 23 32 33 35 31 34 30 29 39 40 36 41 42 38 37 44 48 45 47 49 43 46 53 52 50 55 51 54 56 62 60 63 58 61 57 59
  1  6  5  2  4  3  7  9 10  8 11 13 14 12 17 20 18 21 19 15 16 28 26 22 27 25 23 24 33 34 29 32 35 31 30 40 41 37 42 36 39 38 45 49 46 48 43 44 47 54 53 51 56 52 55 50 63 61 57 59 62 58 60
 57 62 61 58 60 59 63  2  3  1  4  6  7  5 10 13 11 14 12  8  9 21 19 15 20 18 16 17 26 27 22 25 28 24 23 33 34 30 35 29 32 31 38 42 39 41 36 37 40 47 46 44 49 45 48 43 56 54 50 52 55 51 53
  8 13 12  9 11 10 14 16 17 15 18 20 21 19 24 27 25 28 26 22 23 35 33 29 34 32 30 31 40 41 36 39 42 38 37 47 48 44 49 43 46 45 52 56 53 55 50 51 54 61 60 58 63 59 62 57  7  5  1  3  6  2  4
 50 55 54 51 53 52 56 58 59 57 60 62 63 61  3  6  4  7  5  1  2 14 12  8 13 11  9 10 19 20 15 18 21 17 16 26 27 23 28 22 25 24 31 35 32 34 29 30 33 40 39 37 42 38 41 36 49 47 43 45 48 44 46
 29 34 33 30 32 31 35 37 38 36 39 41 42 40 45 48 46 49 47 43 44 56 54 50 55 53 51 52 61 62 57 60 63 59 58  5  6  2  7  1  4  3 10 14 11 13  8  9 12 19 18 16 21 17 20 15 28 26 22 24 27 23 25
 15 20 19 16 18 17 21 23 24 22 25 27 28 26 31 34 32 35 33 29 30 42 40 36 41 39 37 38 47 48 43 46 49 45 44 54 55 51 56 50 53 52 59 63 60 62 57 58 61  5  4  2  7  3  6  1 14 12  8 10 13  9 11
 43 48 47 44 46 45 49 51 52 50 53 55 56 54 59 62 60 63 61 57 58  7  5  1  6  4  2  3 12 13  8 11 14 10  9 19 20 16 21 15 18 17 24 28 25 27 22 23 26 33 32 30 35 31 34 29 42 40 36 38 41 37 39
 22 27 26 23 25 24 28 30 31 29 32 34 35 33 38 41 39 42 40 36 37 49 47 43 48 46 44 45 54 55 50 53 56 52 51 61 62 58 63 57 60 59  3  7  4  6  1  2  5 12 11  9 14 10 13  8 21 19 15 17 20 16 18
 36 41 40 37 39 38 42 44 45 43 46 48 49 47 52 55 53 56 54 50 51 63 61 57 62 60 58 59  5  6  1  4  7  3  2 12 13  9 14  8 11 10 17 21 18 20 15 16 19 26 25 23 28 24 27 22 35 33 29 31 34 30 32
 30 35 34 31 33 32 29 38 39 37 40 42 36 41 46 49 47 43 48 44 45 50 55 51 56 54 52 53 62 63 58 61 57 60 59  6  7  3  1  2  5  4 11  8 12 14  9 10 13 20 19 17 15 18 21 16 22 27 23 25 28 24 26
 51 56 55 52 54 53 50 59 60 58 61 63 57 62  4  7  5  1  6  2  3  8 13  9 14 12 10 11 20 21 16 19 15 18 17 27 28 24 22 23 26 25 32 29 33 35 30 31 34 41 40 38 36 39 42 37 43 48 44 46 49 45 47
  2  7  6  3  5  4  1 10 11  9 12 14  8 13 18 21 19 15 20 16 17 22 27 23 28 26 24 25 34 35 30 33 29 32 31 41 42 38 36 37 40 39 46 43 47 49 44 45 48 55 54 52 50 53 56 51 57 62 58 60 63 59 61
 16 21 20 17 19 18 15 24 25 23 26 28 22 27 32 35 33 29 34 30 31 36 41 37 42 40 38 39 48 49 44 47 43 46 45 55 56 52 50 51 54 53 60 57 61 63 58 59 62  6  5  3  1  4  7  2  8 13  9 11 14 10 12
 58 63 62 59 61 60 57  3  4  2  5  7  1  6 11 14 12  8 13  9 10 15 20 16 21 19 17 18 27 28 23 26 22 25 24 34 35 31 29 30 33 32 39 36 40 42 37 38 41 48 47 45 43 46 49 44 50 55 51 53 56 52 54
 37 42 41 38 40 39 36 45 46 44 47 49 43 48 53 56 54 50 55 51 52 57 62 58 63 61 59 60  6  7  2  5  1  4  3 13 14 10  8  9 12 11 18 15 19 21 16 17 20 27 26 24 22 25 28 23 29 34 30 32 35 31 33
 23 28 27 24 26 25 22 31 32 30 33 35 29 34 39 42 40 36 41 37 38 43 48 44 49 47 45 46 55 56 51 54 50 53 52 62 63 59 57 58 61 60  4  1  5  7  2  3  6 13 12 10  8 11 14  9 15 20 16 18 21 17 19
  9 14 13 10 12 11  8 17 18 16 19 21 15 20 25 28 26 22 27 23 24 29 34 30 35 33 31 32 41 42 37 40 36 39 38 48 49 45 43 44 47 46 53 50 54 56 51 52 55 62 61 59 57 60 63 58  1  6  2  4  7  3  5
 44 49 48 45 47 46 43 52 53 51 54 56 50 55 60 63 61 57 62 58 59  1  6  2  7  5  3  4 13 14  9 12  8 11 10 20 21 17 15 16 19 18 25 22 26 28 23 24 27 34 33 31 29 32 35 30 36 41 37 39 42 38 40
 31 29 35 32 34 33 30 39 40 38 41 36 37 42 47 43 48 44 49 45 46 51 56 52 50 55 53 54 63 57 59 62 58 61 60  7  1  4  2  3  6  5 12  9 13  8 10 11 14 21 20 18 16 19 15 17 23 28 24 26 22 25 27
  3  1  7  4  6  5  2 11 12 10 13  8  9 14 19 15 20 16 21 17 18 23 28 24 22 27 25 26 35 29 31 34 30 33 32 42 36 39 37 38 41 40 47 44 48 43 45 46 49 56 55 53 51 54 50 52 58 63 59 61 57 60 62
 38 36 42 39 41 40 37 46 47 45 48 43 44 49 54 50 55 51 56 52 53 58 63 59 57 62 60 61  7  1  3  6  2  5  4 14  8 11  9 10 13 12 19 16 20 15 17 18 21 28 27 25 23 26 22 24 30 35 31 33 29 32 34
 10  8 14 11 13 12  9 18 19 17 20 15 16 21 26 22 27 23 28 24 25 30 35 31 29 34 32 33 42 36 38 41 37 40 39 49 43 46 44 45 48 47 54 51 55 50 52 53 56 63 62 60 58 61 57 59  2  7  3  5  1  4  6
 59 57 63 60 62 61 58  4  5  3  6  1  2  7 12  8 13  9 14 10 11 16 21 17 15 20 18 19 28 22 24 27 23 26 25 35 29 32 30 31 34 33 40 37 41 36 38 39 42 49 48 46 44 47 43 45 51 56 52 54 50 53 55
 45 43 49 46 48 47 44 53 54 52 55 50 51 56 61 57 62 58 63 59 60  2  7  3  1  6  4  5 14  8 10 13  9 12 11 21 15 18 16 17 20 19 26 23 27 22 24 25 28 35 34 32 30 33 29 31 37 42 38 40 36 39 41
 24 22 28 25 27 26 23 32 33 31 34 29 30 35 40 36 41 37 42 38 39 44 49 45 43 48 46 47 56 50 52 55 51 54 53 63 57 60 58 59 62 61  5  2  6  1  3  4  7 14 13 11  9 12  8 10 16 21 17 19 15 18 20
 52 50 56 53 55 54 51 60 61 59 62 57 58 63  5  1  6  2  7  3  4  9 14 10  8 13 11 12 21 15 17 20 16 19 18 28 22 25 23 24 27 26 33 30 34 29 31 32 35 42 41 39 37 40 36 38 44 49 45 47 43 46 48
 17 15 21 18 20 19 16 25 26 24 27 22 23 28 33 29 34 30 35 31 32 37 42 38 36 41 39 40 49 43 45 48 44 47 46 56 50 53 51 52 55 54 61 58 62 57 59 60 63  7  6  4  2  5  1  3  9 14 10 12  8 11 13
 11  9  8 12 14 13 10 19 20 18 21 16 17 15 27 23 28 24 22 25 26 31 29 32 30 35 33 34 36 37 39 42 38 41 40 43 44 47 45 46 49 48 55 52 56 51 53 54 50 57 63 61 59 62 58 60  3  1  4  6  2  5  7
 32 30 29 33 35 34 31 40 41 39 42 37 38 36 48 44 49 45 43 46 47 52 50 53 51 56 54 55 57 58 60 63 59 62 61  1  2  5  3  4  7  6 13 10 14  9 11 12  8 15 21 19 17 20 16 18 24 22 25 27 23 26 28
 53 51 50 54 56 55 52 61 62 60 63 58 59 57  6  2  7  3  1  4  5 10  8 11  9 14 12 13 15 16 18 21 17 20 19 22 23 26 24 25 28 27 34 31 35 30 32 33 29 36 42 40 38 41 37 39 45 43 46 48 44 47 49
 18 16 15 19 21 20 17 26 27 25 28 23 24 22 34 30 35 31 29 32 33 38 36 39 37 42 40 41 43 44 46 49 45 48 47 50 51 54 52 53 56 55 62 59 63 58 60 61 57  1  7  5  3  6  2  4 10  8 11 13  9 12 14
  4  2  1  5  7  6  3 12 13 11 14  9 10  8 20 16 21 17 15 18 19 24 22 25 23 28 26 27 29 30 32 35 31 34 33 36 37 40 38 39 42 41 48 45 49 44 46 47 43 50 56 54 52 55 51 53 59 57 60 62 58 61 63
 60 58 57 61 63 62 59  5  6  4  7  2  3  1 13  9 14 10  8 11 12 17 15 18 16 21 19 20 22 23 25 28 24 27 26 29 30 33 31 32 35 34 41 38 42 37 39 40 36 43 49 47 45 48 44 46 52 50 53 55 51 54 56
 46 44 43 47 49 48 45 54 55 53 56 51 52 50 62 58 63 59 57 60 61  3  1  4  2  7  5  6  8  9 11 14 10 13 12 15 16 19 17 18 21 20 27 24 28 23 25 26 22 29 35 33 31 34 30 32 38 36 39 41 37 40 42
 39 37 36 40 42 41 38 47 48 46 49 44 45 43 55 51 56 52 50 53 54 59 57 60 58 63 61 62  1  2  4  7  3  6  5  8  9 12 10 11 14 13 20 17 21 16 18 19 15 22 28 26 24 27 23 25 31 29 32 34 30 33 35
 25 23 22 26 28 27 24 33 34 32 35 30 31 29 41 37 42 38 36 39 40 45 43 46 44 49 47 48 50 51 53 56 52 55 54 57 58 61 59 60 63 62  6  3  7  2  4  5  1  8 14 12 10 13  9 11 17 15 18 20 16 19 21
  5  3  2  6  1  7  4 13 14 12  8 10 11  9 21 17 15 18 16 19 20 25 23 26 24 22 27 28 30 31 33 29 32 35 34 37 38 41 39 40 36 42 49 46 43 45 47 48 44 51 50 55 53 56 52 54 60 58 61 63 59 62 57
 54 52 51 55 50 56 53 62 63 61 57 59 60 58  7  3  1  4  2  5  6 11  9 12 10  8 13 14 16 17 19 15 18 21 20 23 24 27 25 26 22 28 35 32 29 31 33 34 30 37 36 41 39 42 38 40 46 44 47 49 45 48 43
 61 59 58 62 57 63 60  6  7  5  1  3  4  2 14 10  8 11  9 12 13 18 16 19 17 15 20 21 23 24 26 22 25 28 27 30 31 34 32 33 29 35 42 39 36 38 40 41 37 44 43 48 46 49 45 47 53 51 54 56 52 55 50
 40 38 37 41 36 42 39 48 49 47 43 45 46 44 56 52 50 53 51 54 55 60 58 61 59 57 62 63  2  3  5  1  4  7  6  9 10 13 11 12  8 14 21 18 15 17 19 20 16 23 22 27 25 28 24 26 32 30 33 35 31 34 29
 26 24 23 27 22 28 25 34 35 33 29 31 32 30 42 38 36 39 37 40 41 46 44 47 45 43 48 49 51 52 54 50 53 56 55 58 59 62 60 61 57 63  7  4  1  3  5  6  2  9  8 13 11 14 10 12 18 16 19 21 17 20 15
 47 45 44 48 43 49 46 55 56 54 50 52 53 51 63 59 57 60 58 61 62  4  2  5  3  1  6  7  9 10 12  8 11 14 13 16 17 20 18 19 15 21 28 25 22 24 26 27 23 30 29 34 32 35 31 33 39 37 40 42 38 41 36
 33 31 30 34 29 35 32 41 42 40 36 38 39 37 49 45 43 46 44 47 48 53 51 54 52 50 55 56 58 59 61 57 60 63 62  2  3  6  4  5  1  7 14 11  8 10 12 13  9 16 15 20 18 21 17 19 25 23 26 28 24 27 22
 19 17 16 20 15 21 18 27 28 26 22 24 25 23 35 31 29 32 30 33 34 39 37 40 38 36 41 42 44 45 47 43 46 49 48 51 52 55 53 54 50 56 63 60 57 59 61 62 58  2  1  6  4  7  3  5 11  9 12 14 10 13  8
 12 10  9 13  8 14 11 20 21 19 15 17 18 16 28 24 22 25 23 26 27 32 30 33 31 29 34 35 37 38 40 36 39 42 41 44 45 48 46 47 43 49 56 53 50 52 54 55 51 58 57 62 60 63 59 61  4  2  5  7  3  6  1
  6  4  3  7  2  1  5 14  8 13  9 11 12 10 15 18 16 19 17 20 21 26 24 27 25 23 28 22 31 32 34 30 33 29 35 38 39 42 40 41 37 36 43 47 44 46 48 49 45 52 51 56 54 50 53 55 61 59 62 57 60 63 58
 55 53 52 56 51 50 54 63 57 62 58 60 61 59  1  4  2  5  3  6  7 12 10 13 11  9 14  8 17 18 20 16 19 15 21 24 25 28 26 27 23 22 29 33 30 32 34 35 31 38 37 42 40 36 39 41 47 45 48 43 46 49 44
 13 11 10 14  9  8 12 21 15 20 16 18 19 17 22 25 23 26 24 27 28 33 31 34 32 30 35 29 38 39 41 37 40 36 42 45 46 49 47 48 44 43 50 54 51 53 55 56 52 59 58 63 61 57 60 62  5  3  6  1  4  7  2
 41 39 38 42 37 36 40 49 43 48 44 46 47 45 50 53 51 54 52 55 56 61 59 62 60 58 63 57  3  4  6  2  5  1  7 10 11 14 12 13  9  8 15 19 16 18 20 21 17 24 23 28 26 22 25 27 33 31 34 29 32 35 30
 62 60 59 63 58 57 61  7  1  6  2  4  5  3  8 11  9 12 10 13 14 19 17 20 18 16 21 15 24 25 27 23 26 22 28 31 32 35 33 34 30 29 36 40 37 39 41 42 38 45 44 49 47 43 46 48 54 52 55 50 53 56 51
 34 32 31 35 30 29 33 42 36 41 37 39 40 38 43 46 44 47 45 48 49 54 52 55 53 51 56 50 59 60 62 58 61 57 63  3  4  7  5  6  2  1  8 12  9 11 13 14 10 17 16 21 19 15 18 20 26 24 27 22 25 28 23
 20 18 17 21 16 15 19 28 22 27 23 25 26 24 29 32 30 33 31 34 35 40 38 41 39 37 42 36 45 46 48 44 47 43 49 52 53 56 54 55 51 50 57 61 58 60 62 63 59  3  2  7  5  1  4  6 12 10 13  8 11 14  9
 48 46 45 49 44 43 47 56 50 55 51 53 54 52 57 60 58 61 59 62 63  5  3  6  4  2  7  1 10 11 13  9 12  8 14 17 18 21 19 20 16 15 22 26 23 25 27 28 24 31 30 35 33 29 32 34 40 38 41 36 39 42 37
 27 25 24 28 23 22 26 35 29 34 30 32 33 31 36 39 37 40 38 41 42 47 45 48 46 44 49 43 52 53 55 51 54 50 56 59 60 63 61 62 58 57  1  5  2  4  6  7  3 10  9 14 12  8 11 13 19 17 20 15 18 21 16
