  8  7 10  3  5 11  4 15 13  6 14  9  1 12  2
 15  8  7 11 10  1 14  2  5  9  6  3 13  4 12
  3  2  8 12  4 14  5  1 15 10  9  6 11 13  7
  7  4  5  9  1  3  8 14  6 15  2 12 10 11 13
  6 15  4  2 12  5  7 10  9  1 13 11  8  3 14
 14 11 15 13  9 12  1  8  2  7  3 10  6  5  4
 11 10  9 15  7  4 13  5 14  8  1  2 12  6  3
  4  6  1 10 15  9 12 11  8 14  7 13  3  2  5
  1  9 13  8  6  7 11 12  3  5  4 14  2 10 15
  5 12  2  4  8 10  6 13  1  3 15  7 14  9 11
  2  1  3 14 13  8 15  6 11  4 12  5  9  7 10
  9  3 11  7  2  6 10  4 12 13  8 15  5 14  1
 12 14  6  5  3 13  9  7 10  2 11  1  4 15  8
 13  5 12  6 14 15  2  3  4 11 10  8  7  1  9
 10 13 14  1 11  2  3  9  7 12  5  4 15  8  6
