  2 13 10  8 14 12  4  6  9  7 15 11  1  5  3
 11  2 13  3  1  8  9  5  6  4 10  7 12 15 14
  4  8 11  5 13 14  7 12  2 10  1  3  6  9 15
 15 11  2  4  8 10  1 13  5  3  7  6 14 12  9
 13  3 14  1 15  5  8 11 12  9  4 10  7  6  2
  9 15 12  2 10  3 14  8  1 13 11  4  5  7  6
 12  9  8 14  7  6 11  1  4  2  5 15  3 10 13
 10  4  9 12  6 15 13 14 11  5  2  1  8  3  7
 14 12  5 10  9 11  6  7  8  1  3  2 15 13  4
  6 14  3 11  2  9 10 15  7 12  8  5 13  4  1
  1  7  4  6 12  2  3 10 15 11 14 13  9  8  5
  5  1  7 15  3  4 12  9 14  6 13  8 11  2 10
  7  5 15  9  4  1  2  3 13 14  6 12 10 11  8
  3  6  1  7  5 13 15  2 10  8 12  9  4 14 11
  8 10  6 13 11  7  5  4  3 15  9 14  2  1 12
