 10  5  1 11 12 14  9  4  8  2  3 13  7  6
  5 11 10 12 13  8  1  7  6  3  2  4 14  9
 13  3  2  1 10  5  7 14 11  9  8  6  4 12
 12  6  9  8 11 10 13  3  2  1  4 14  5  7
  4 12  6 14  1 13  2  9  5  8  7  3 10 11
  2  9 11  4  7  1 10 13 14 12  6  8  3  5
  9  2  3  7 14  4 12  1 13 10 11  5  6  8
  1  4  5  2  8 11  3 12  7  6 14  9 13 10
 11  1  4  9  2  7  5  6  3 13 12 10  8 14
  6 10 14  5  4 12 11  8  9  7 13  2  1  3
  7 13 12 10  3  6  8 11  4 14  5  1  9  2
  3  8  7 13  6  2 14 10  1  5  9 11 12  4
 14  7  8  3  5  9  6  2 10  4  1 12 11 13
  8 14 13  6  9  3  4  5 12 11 10  7  2  1
