  7  6  9  5 10  2  1  3  4  8 12 17 11 13 16 15 20 14 19 18 25 23 22 21 28 30 29 27 24 26
 27 26 29 25 30 22 21 23 24 28  2  7  1  3  6  5 10  4  9  8 15 13 12 11 18 20 19 17 14 16
 17 16 19 15 20 12 11 13 14 18 22 27 21 23 26 25 30 24 29 28  5  3  2  1  8 10  9  7  4  6
 28 27 30 26 21 23 22 24 25 29  3  8  2  4  7  6  1  5 10  9 16 14 13 12 19 11 20 18 15 17
 18 17 20 16 11 13 12 14 15 19 23 28 22 24 27 26 21 25 30 29  6  4  3  2  9  1 10  8  5  7
  8  7 10  6  1  3  2  4  5  9 13 18 12 14 17 16 11 15 20 19 26 24 23 22 29 21 30 28 25 27
 29 28 21 27 22 24 23 25 26 30  4  9  3  5  8  7  2  6  1 10 17 15 14 13 20 12 11 19 16 18
 19 18 11 17 12 14 13 15 16 20 24 29 23 25 28 27 22 26 21 30  7  5  4  3 10  2  1  9  6  8
  9  8  1  7  2  4  3  5  6 10 14 19 13 15 18 17 12 16 11 20 27 25 24 23 30 22 21 29 26 28
 10  9  2  8  3  5  4  6  7  1 15 20 14 16 19 18 13 17 12 11 28 26 25 24 21 23 22 30 27 29
 30 29 22 28 23 25 24 26 27 21  5 10  4  6  9  8  3  7  2  1 18 16 15 14 11 13 12 20 17 19
 20 19 12 18 13 15 14 16 17 11 25 30 24 26 29 28 23 27 22 21  8  6  5  4  1  3  2 10  7  9
 11 20 13 19 14 16 15 17 18 12 26 21 25 27 30 29 24 28 23 22  9  7  6  5  2  4  3  1  8 10
 21 30 23 29 24 26 25 27 28 22  6  1  5  7 10  9  4  8  3  2 19 17 16 15 12 14 13 11 18 20
  1 10  3  9  4  6  5  7  8  2 16 11 15 17 20 19 14 18 13 12 29 27 26 25 22 24 23 21 28 30
  2  1  4 10  5  7  6  8  9  3 17 12 16 18 11 20 15 19 14 13 30 28 27 26 23 25 24 22 29 21
 22 21 24 30 25 27 26 28 29 23  7  2  6  8  1 10  5  9  4  3 20 18 17 16 13 15 14 12 19 11
 12 11 14 20 15 17 16 18 19 13 27 22 26 28 21 30 25 29 24 23 10  8  7  6  3  5  4  2  9  1
  3  2  5  1  6  8  7  9 10  4 18 13 17 19 12 11 16 20 15 14 21 29 28 27 24 26 25 23 30 22
 13 12 15 11 16 18 17 19 20 14 28 23 27 29 22 21 26 30 25 24  1  9  8  7  4  6  5  3 10  2
 23 22 25 21 26 28 27 29 30 24  8  3  7  9  2  1  6 10  5  4 11 19 18 17 14 16 15 13 20 12
 24 23 26 22 27 29 28 30 21 25  9  4  8 10  3  2  7  1  6  5 12 20 19 18 15 17 16 14 11 13
  4  3  6  2  7  9  8 10  1  5 19 14 18 20 13 12 17 11 16 15 22 30 29 28 25 27 26 24 21 23
 14 13 16 12 17 19 18 20 11 15 29 24 28 30 23 22 27 21 26 25  2 10  9  8  5  7  6  4  1  3
 25 24 27 23 28 30 29 21 22 26 10  5  9  1  4  3  8  2  7  6 13 11 20 19 16 18 17 15 12 14
  5  4  7  3  8 10  9  1  2  6 20 15 19 11 14 13 18 12 17 16 23 21 30 29 26 28 27 25 22 24
 15 14 17 13 18 20 19 11 12 16 30 25 29 21 24 23 28 22 27 26  3  1 10  9  6  8  7  5  2  4
  6  5  8  4  9  1 10  2  3  7 11 16 20 12 15 14 19 13 18 17 24 22 21 30 27 29 28 26 23 25
 16 15 18 14 19 11 20 12 13 17 21 26 30 22 25 24 29 23 28 27  4  2  1 10  7  9  8  6  3  5
 26 25 28 24 29 21 30 22 23 27  1  6 10  2  5  4  9  3  8  7 14 12 11 20 17 19 18 16 13 15
