  4  7 10  6 11  3 15 14 17  2  8 16  5 18  1 12  9 13
  1 11  4  9 10 16 18  2 15 14  6 13  7 17  3  8 12  5
 18 12  7  1  4 14 13 10  3  9 15 17  2  8 16  5 11  6
  9 17 18 13  1  6  4 11  5 10  3 12 15 14  7  2  8 16
 15  5 12 14  9 18 16  6  8  4 10  1  3 13 17 11  2  7
  2 14 15  5  7 12  8  1 18 11  4  9 10 16  6 13  3 17
  3  8 11 17 15  5  9  7 16 13 18  2 12  6 10 14  4  1
  6 16  3  2 13  8 12 17  1  7 14  5  9 11 15  4 10 18
 13 10  8 16 17  2  3  5  6 12 11  7  1  4  9 18 15 14
 11  2  5  7 16  4  1 13 14 15 17  8  6  3 12 10 18  9
 16  1  2  3  8 15 10  9 13 17  7  4 18 12  5  6 14 11
 12  3 17  8 14  1  5 16 10  6 13 15 11  2 18  9  7  4
  8 18  1 11 12  7 17  3  9 16  5  6 14 10  4 15 13  2
  5 15 16  4  2  9 14  8 12 18  1 11 17  7 13  3  6 10
 17 13  9 12 18 10  6 15  7  8  2 14  4  1 11 16  5  3
 14  9 13 15  6 17 11 18  4  3 16 10  8  5  2  7  1 12
 10  6 14 18  5 11  7  4  2  1 12  3 13  9  8 17 16 15
  7  4  6 10  3 13  2 12 11  5  9 18 16 15 14  1 17  8
