  9 11  3 17 16 14  5  2  1 18  6 15 13  7 10  4 12  8
 13  8  1 10  3 11  4  6 15 16 14 12  9 17 18  7  5  2
  3  6 12 15  8 18  7  1  4 14  9 17  2  5 16 11 10 13
 16  5  2 13 12  6  3 11  7  9  1 10 15  4 17  8 14 18
 15 17  8 18  5  4  9 13  3  2 16 11 12 10  1 14  7  6
  1  4 16  5 13  7 15  8 12 10  3  2 18 14  9  6 17 11
 14  7  9  6  1 15 16 10 17 13 18  5  8 11  2 12  4  3
 18  2  7  4 10 17 12 14 11  6  8 13  3  1 15  5 16  9
 12 10 14 11  9  2 18 17  8  5  4  7  6 16  3 13 15  1
 10 16  4  9  7 13  8 12 14 15  2  3  1  6 11 17 18  5
  6  1 11 14 18 16 13  3  2  4  7  9 10 12  5 15  8 17
  2 14 15  7  4  9 17 16 10  1 13 18  5  8  6  3 11 12
 11 15 10  3  6 12  1  7 16  8  5 14 17 18 13  9  2  4
  8  9  6  1 15  3 14 18  5 17 11 16  4  2 12 10 13  7
  7 18 17 12 14  1 10  5  6  3 15  8 11 13  4  2  9 16
  5 13 18  8 17 10  2  4  9 11 12  6 14  3  7 16  1 15
 17  3 13 16  2  5 11 15 18 12 10  4  7  9  8  1  6 14
  4 12  5  2 11  8  6  9 13  7 17  1 16 15 14 18  3 10
