 17 18  2 11 10  7  5 16  4  8  6 14 12 15  9 13  1  3
 13  5 17 18 11  4  7 14  9 12  1 10 15  3  8 16  2  6
 10  3  4  8  1  5 18 12 11  2 13  7 14 16 17  6  9 15
 15  2 16 14 13  6 17  7 12 18  8 11 10  9  1  5  3  4
 16  9 14  2  4 12  1  8  7  5  3 18 13 11  6 17 15 10
  6 15 13 17  8 10 14 11  1 16 12  5 18  2  7  3  4  9
 14 16  7 13  9  8  2 17 15 11  4 12  1  5  3 10  6 18
  9 10 11  3  6  2  4  5  8 13 14  1  7 12 16 15 18 17
 11  6 18  9 14  3 16  2  5 17  7  8  4  1 15 12 10 13
  4  8  1 16  2 18 13  9 17  7 10 15  3  6 12 11  5 14
  7 13  5  4 12 16  6 10  3  9 15  2  8 14 18  1 17 11
 12 17  9  1  3 14 11 18  2 15 16 13  6  8 10  4  7  5
  1  7  8  5 15 13  9  3 18 10  2  6 11 17  4 14 12 16
  5  4 10  7 18 11 12 15 14  6  9  3 17 13  2  8 16  1
 18  1  6 10 16  9 15  4 13  3 11 17  5  7 14  2  8 12
  2 14 15 12  7  1  3 13  6  4 17  9 16 10  5 18 11  8
  8 12  3  6 17 15 10  1 16 14  5  4  2 18 11  9 13  7
  3 11 12 15  5 17  8  6 10  1 18 16  9  4 13  7 14  2
