 17 16 19 21 20 18 15 26 27 25 24 22 23 28 31 32 33 29 30 35 34  3  5  2  4  1  6  7 14 12  9  8 11 13 10
  3  2  5  7  6  4  1 12 13 11 10  8  9 14 17 18 19 15 16 21 20 24 26 23 25 22 27 28 35 33 30 29 32 34 31
 10  9 12 14 13 11  8 19 20 18 17 15 16 21 24 25 26 22 23 28 27 31 33 30 32 29 34 35  7  5  2  1  4  6  3
 31 30 33 35 34 32 29  5  6  4  3  1  2  7 10 11 12  8  9 14 13 17 19 16 18 15 20 21 28 26 23 22 25 27 24
 24 23 26 28 27 25 22 33 34 32 31 29 30 35  3  4  5  1  2  7  6 10 12  9 11  8 13 14 21 19 16 15 18 20 17
 18 17 20 15 21 19 16 27 28 26 25 23 24 22 32 33 34 30 31 29 35  4  6  3  5  2  7  1  8 13 10  9 12 14 11
 32 31 34 29 35 33 30  6  7  5  4  2  3  1 11 12 13  9 10  8 14 18 20 17 19 16 21 15 22 27 24 23 26 28 25
 11 10 13  8 14 12  9 20 21 19 18 16 17 15 25 26 27 23 24 22 28 32 34 31 33 30 35 29  1  6  3  2  5  7  4
  4  3  6  1  7  5  2 13 14 12 11  9 10  8 18 19 20 16 17 15 21 25 27 24 26 23 28 22 29 34 31 30 33 35 32
 25 24 27 22 28 26 23 34 35 33 32 30 31 29  4  5  6  2  3  1  7 11 13 10 12  9 14  8 15 20 17 16 19 21 18
 12 11 14  9  8 13 10 21 15 20 19 17 18 16 26 27 28 24 25 23 22 33 35 32 34 31 29 30  2  7  4  3  6  1  5
 19 18 21 16 15 20 17 28 22 27 26 24 25 23 33 34 35 31 32 30 29  5  7  4  6  3  1  2  9 14 11 10 13  8 12
 33 32 35 30 29 34 31  7  1  6  5  3  4  2 12 13 14 10 11  9  8 19 21 18 20 17 15 16 23 28 25 24 27 22 26
  5  4  7  2  1  6  3 14  8 13 12 10 11  9 19 20 21 17 18 16 15 26 28 25 27 24 22 23 30 35 32 31 34 29 33
 26 25 28 23 22 27 24 35 29 34 33 31 32 30  5  6  7  3  4  2  1 12 14 11 13 10  8  9 16 21 18 17 20 15 19
 34 33 29 31 30 35 32  1  2  7  6  4  5  3 13 14  8 11 12 10  9 20 15 19 21 18 16 17 24 22 26 25 28 23 27
  6  5  1  3  2  7  4  8  9 14 13 11 12 10 20 21 15 18 19 17 16 27 22 26 28 25 23 24 31 29 33 32 35 30 34
 13 12  8 10  9 14 11 15 16 21 20 18 19 17 27 28 22 25 26 24 23 34 29 33 35 32 30 31  3  1  5  4  7  2  6
 27 26 22 24 23 28 25 29 30 35 34 32 33 31  6  7  1  4  5  3  2 13  8 12 14 11  9 10 17 15 19 18 21 16 20
 20 19 15 17 16 21 18 22 23 28 27 25 26 24 34 35 29 32 33 31 30  6  1  5  7  4  2  3 10  8 12 11 14  9 13
 14 13  9 11 10  8 12 16 17 15 21 19 20 18 28 22 23 26 27 25 24 35 30 34 29 33 31 32  4  2  6  5  1  3  7
 28 27 23 25 24 22 26 30 31 29 35 33 34 32  7  1  2  5  6  4  3 14  9 13  8 12 10 11 18 16 20 19 15 17 21
 35 34 30 32 31 29 33  2  3  1  7  5  6  4 14  8  9 12 13 11 10 21 16 20 15 19 17 18 25 23 27 26 22 24 28
  7  6  2  4  3  1  5  9 10  8 14 12 13 11 21 15 16 19 20 18 17 28 23 27 22 26 24 25 32 30 34 33 29 31 35
 21 20 16 18 17 15 19 23 24 22 28 26 27 25 35 29 30 33 34 32 31  7  2  6  1  5  3  4 11  9 13 12  8 10 14
 29 35 31 33 32 30 34  3  4  2  1  6  7  5  8  9 10 13 14 12 11 15 17 21 16 20 18 19 26 24 28 27 23 25 22
 15 21 17 19 18 16 20 24 25 23 22 27 28 26 29 30 31 34 35 33 32  1  3  7  2  6  4  5 12 10 14 13  9 11  8
 22 28 24 26 25 23 27 31 32 30 29 34 35 33  1  2  3  6  7  5  4  8 10 14  9 13 11 12 19 17 21 20 16 18 15
  1  7  3  5  4  2  6 10 11  9  8 13 14 12 15 16 17 20 21 19 18 22 24 28 23 27 25 26 33 31 35 34 30 32 29
  8 14 10 12 11  9 13 17 18 16 15 20 21 19 22 23 24 27 28 26 25 29 31 35 30 34 32 33  5  3  7  6  2  4  1
  9  8 11 13 12 10 14 18 19 17 16 21 15 20 23 24 25 28 22 27 26 30 32 29 31 35 33 34  6  4  1  7  3  5  2
 23 22 25 27 26 24 28 32 33 31 30 35 29 34  2  3  4  7  1  6  5  9 11  8 10 14 12 13 20 18 15 21 17 19 16
 16 15 18 20 19 17 21 25 26 24 23 28 22 27 30 31 32 35 29 34 33  2  4  1  3  7  5  6 13 11  8 14 10 12  9
 30 29 32 34 33 31 35  4  5  3  2  7  1  6  9 10 11 14  8 13 12 16 18 15 17 21 19 20 27 25 22 28 24 26 23
  2  1  4  6  5  3  7 11 12 10  9 14  8 13 16 17 18 21 15 20 19 23 25 22 24 28 26 27 34 32 29 35 31 33 30
