 30 33 34 35 29 32 31  2  6  1  5  3  4  7 13 12 10 11  9  8 14 15 16 17 18 21 19 20 26 23 27 22 24 25 28
  2  5  6  7  1  4  3  9 13  8 12 10 11 14 20 19 17 18 16 15 21 22 23 24 25 28 26 27 33 30 34 29 31 32 35
  9 12 13 14  8 11 10 16 20 15 19 17 18 21 27 26 24 25 23 22 28 29 30 31 32 35 33 34  5  2  6  1  3  4  7
 16 19 20 21 15 18 17 23 27 22 26 24 25 28 34 33 31 32 30 29 35  1  2  3  4  7  5  6 12  9 13  8 10 11 14
 23 26 27 28 22 25 24 30 34 29 33 31 32 35  6  5  3  4  2  1  7  8  9 10 11 14 12 13 19 16 20 15 17 18 21
 10 13 14  8  9 12 11 17 21 16 20 18 19 15 28 27 25 26 24 23 22 30 31 32 33 29 34 35  6  3  7  2  4  5  1
  3  6  7  1  2  5  4 10 14  9 13 11 12  8 21 20 18 19 17 16 15 23 24 25 26 22 27 28 34 31 35 30 32 33 29
 31 34 35 29 30 33 32  3  7  2  6  4  5  1 14 13 11 12 10  9  8 16 17 18 19 15 20 21 27 24 28 23 25 26 22
 17 20 21 15 16 19 18 24 28 23 27 25 26 22 35 34 32 33 31 30 29  2  3  4  5  1  6  7 13 10 14  9 11 12  8
 24 27 28 22 23 26 25 31 35 30 34 32 33 29  7  6  4  5  3  2  1  9 10 11 12  8 13 14 20 17 21 16 18 19 15
 11 14  8  9 10 13 12 18 15 17 21 19 20 16 22 28 26 27 25 24 23 31 32 33 34 30 35 29  7  4  1  3  5  6  2
 25 28 22 23 24 27 26 32 29 31 35 33 34 30  1  7  5  6  4  3  2 10 11 12 13  9 14  8 21 18 15 17 19 20 16
 18 21 15 16 17 20 19 25 22 24 28 26 27 23 29 35 33 34 32 31 30  3  4  5  6  2  7  1 14 11  8 10 12 13  9
 32 35 29 30 31 34 33  4  1  3  7  5  6  2  8 14 12 13 11 10  9 17 18 19 20 16 21 15 28 25 22 24 26 27 23
  4  7  1  2  3  6  5 11  8 10 14 12 13  9 15 21 19 20 18 17 16 24 25 26 27 23 28 22 35 32 29 31 33 34 30
 26 22 23 24 25 28 27 33 30 32 29 34 35 31  2  1  6  7  5  4  3 11 12 13 14 10  8  9 15 19 16 18 20 21 17
 33 29 30 31 32 35 34  5  2  4  1  6  7  3  9  8 13 14 12 11 10 18 19 20 21 17 15 16 22 26 23 25 27 28 24
 19 15 16 17 18 21 20 26 23 25 22 27 28 24 30 29 34 35 33 32 31  4  5  6  7  3  1  2  8 12  9 11 13 14 10
  5  1  2  3  4  7  6 12  9 11  8 13 14 10 16 15 20 21 19 18 17 25 26 27 28 24 22 23 29 33 30 32 34 35 31
 12  8  9 10 11 14 13 19 16 18 15 20 21 17 23 22 27 28 26 25 24 32 33 34 35 31 29 30  1  5  2  4  6  7  3
 27 23 24 25 26 22 28 34 31 33 30 35 29 32  3  2  7  1  6  5  4 12 13 14  8 11  9 10 16 20 17 19 21 15 18
  6  2  3  4  5  1  7 13 10 12  9 14  8 11 17 16 21 15 20 19 18 26 27 28 22 25 23 24 30 34 31 33 35 29 32
 34 30 31 32 33 29 35  6  3  5  2  7  1  4 10  9 14  8 13 12 11 19 20 21 15 18 16 17 23 27 24 26 28 22 25
 20 16 17 18 19 15 21 27 24 26 23 28 22 25 31 30 35 29 34 33 32  5  6  7  1  4  2  3  9 13 10 12 14  8 11
 13  9 10 11 12  8 14 20 17 19 16 21 15 18 24 23 28 22 27 26 25 33 34 35 29 32 30 31  2  6  3  5  7  1  4
 28 24 25 26 27 23 22 35 32 34 31 29 30 33  4  3  1  2  7  6  5 13 14  8  9 12 10 11 17 21 18 20 15 16 19
 35 31 32 33 34 30 29  7  4  6  3  1  2  5 11 10  8  9 14 13 12 20 21 15 16 19 17 18 24 28 25 27 22 23 26
  7  3  4  5  6  2  1 14 11 13 10  8  9 12 18 17 15 16 21 20 19 27 28 22 23 26 24 25 31 35 32 34 29 30 33
 14 10 11 12 13  9  8 21 18 20 17 15 16 19 25 24 22 23 28 27 26 34 35 29 30 33 31 32  3  7  4  6  1  2  5
 21 17 18 19 20 16 15 28 25 27 24 22 23 26 32 31 29 30 35 34 33  6  7  1  2  5  3  4 10 14 11 13  8  9 12
 22 25 26 27 28 24 23 29 33 35 32 30 31 34  5  4  2  3  1  7  6 14  8  9 10 13 11 12 18 15 19 21 16 17 20
  8 11 12 13 14 10  9 15 19 21 18 16 17 20 26 25 23 24 22 28 27 35 29 30 31 34 32 33  4  1  5  7  2  3  6
 29 32 33 34 35 31 30  1  5  7  4  2  3  6 12 11  9 10  8 14 13 21 15 16 17 20 18 19 25 22 26 28 23 24 27
 15 18 19 20 21 17 16 22 26 28 25 23 24 27 33 32 30 31 29 35 34  7  1  2  3  6  4  5 11  8 12 14  9 10 13
  1  4  5  6  7  3  2  8 12 14 11  9 10 13 19 18 16 17 15 21 20 28 22 23 24 27 25 26 32 29 33 35 30 31 34
