 14 20 18 15 19 17 13 16 12 11  3  2  7  1 10  5  9  8  6  4
  4 10  8  5  9  7  3  6  2  1 13 12 17 11 20 15 19 18 16 14
  5  1  9  6 10  8  4  7  3  2 14 13 18 12 11 16 20 19 17 15
 15 11 19 16 20 18 14 17 13 12  4  3  8  2  1  6 10  9  7  5
  6  2 10  7  1  9  5  8  4  3 15 14 19 13 12 17 11 20 18 16
 16 12 20 17 11 19 15 18 14 13  5  4  9  3  2  7  1 10  8  6
 17 13 11 18 12 20 16 19 15 14  6  5 10  4  3  8  2  1  9  7
  7  3  1  8  2 10  6  9  5  4 16 15 20 14 13 18 12 11 19 17
  8  4  2  9  3  1  7 10  6  5 17 16 11 15 14 19 13 12 20 18
 18 14 12 19 13 11 17 20 16 15  7  6  1  5  4  9  3  2 10  8
 19 15 13 20 14 12 18 11 17 16  8  7  2  6  5 10  4  3  1  9
  9  5  3 10  4  2  8  1  7  6 18 17 12 16 15 20 14 13 11 19
 20 16 14 11 15 13 19 12 18 17  9  8  3  7  6  1  5  4  2 10
 10  6  4  1  5  3  9  2  8  7 19 18 13 17 16 11 15 14 12 20
 11 17 15 12 16 14 20 13 19 18 10  9  4  8  7  2  6  5  3  1
  1  7  5  2  6  4 10  3  9  8 20 19 14 18 17 12 16 15 13 11
 12 18 16 13 17 15 11 14 20 19  1 10  5  9  8  3  7  6  4  2
  2  8  6  3  7  5  1  4 10  9 11 20 15 19 18 13 17 16 14 12
  3  9  7  4  8  6  2  5  1 10 12 11 16 20 19 14 18 17 15 13
 13 19 17 14 18 16 12 15 11 20  2  1  6 10  9  4  8  7  5  3
