  3  8  5  6  4  9  2 10  7  1 20 11 14 15 13 16 17 18 19 12
 13 18 15 16 14 19 12 20 17 11 10  1  4  5  3  6  7  8  9  2
  4  9  6  7  5 10  3  1  8  2 11 12 15 16 14 17 18 19 20 13
 14 19 16 17 15 20 13 11 18 12  1  2  5  6  4  7  8  9 10  3
 15 20 17 18 16 11 14 12 19 13  2  3  6  7  5  8  9 10  1  4
  5 10  7  8  6  1  4  2  9  3 12 13 16 17 15 18 19 20 11 14
  6  1  8  9  7  2  5  3 10  4 13 14 17 18 16 19 20 11 12 15
 16 11 18 19 17 12 15 13 20 14  3  4  7  8  6  9 10  1  2  5
 17 12 19 20 18 13 16 14 11 15  4  5  8  9  7 10  1  2  3  6
  7  2  9 10  8  3  6  4  1  5 14 15 18 19 17 20 11 12 13 16
  8  3 10  1  9  4  7  5  2  6 15 16 19 20 18 11 12 13 14 17
 18 13 20 11 19 14 17 15 12 16  5  6  9 10  8  1  2  3  4  7
 19 14 11 12 20 15 18 16 13 17  6  7 10  1  9  2  3  4  5  8
  9  4  1  2 10  5  8  6  3  7 16 17 20 11 19 12 13 14 15 18
 20 15 12 13 11 16 19 17 14 18  7  8  1  2 10  3  4  5  6  9
 10  5  2  3  1  6  9  7  4  8 17 18 11 12 20 13 14 15 16 19
 11 16 13 14 12 17 20 18 15 19  8  9  2  3  1  4  5  6  7 10
  1  6  3  4  2  7 10  8  5  9 18 19 12 13 11 14 15 16 17 20
  2  7  4  5  3  8  1  9  6 10 19 20 13 14 12 15 16 17 18 11
 12 17 14 15 13 18 11 19 16 20  9 10  3  4  2  5  6  7  8  1
