 13  9  7  8  5  4  6  2 12 11  1  3 10
  6  8  1 10 12 11  3 13  2  9  5  7  4
 12  3  8 13 10  2 11  1  7  6  9  4  5
  2 13 10  4  1  7  9  3  8 12  6  5 11
 10  1 13  5  7  9 12  4 11  2  8  6  3
 11 12  5  9  4  6  7 10  1  8  3  2 13
  5  4 12  3  8 13 10 11  9  7  2  1  6
  7  5  6 12 13 10  2  8  3  4 11  9  1
  1  2  9  6  3  5  8 12  4 10 13 11  7
  4  6  2 11  9  1  5  7 10  3 12 13  8
  8 11  4  2  6  3 13  9  5  1  7 10 12
  9 10  3  7 11  8  1  5  6 13  4 12  2
  3  7 11  1  2 12  4  6 13  5 10  8  9
