 10  5  9  2  6  8  7  4  3  1 19 18 14 11 13 15 17 20 16 12 26 29 27 25 21 23 22 28 30 24 38 34 35 31 39 32 37 40 33 36
 20 15 19 12 16 18 17 14 13 11 29 28 24 21 23 25 27 30 26 22 36 39 37 35 31 33 32 38 40 34  8  4  5  1  9  2  7 10  3  6
 40 35 39 32 36 38 37 34 33 31  9  8  4  1  3  5  7 10  6  2 16 19 17 15 11 13 12 18 20 14 28 24 25 21 29 22 27 30 23 26
 30 25 29 22 26 28 27 24 23 21 39 38 34 31 33 35 37 40 36 32  6  9  7  5  1  3  2  8 10  4 18 14 15 11 19 12 17 20 13 16
 31 36 40 33 37 39 38 35 34 32 10  9  5  2  4  6  8  1  7  3 17 20 18 16 12 14 13 19 11 15 29 25 26 22 30 23 28 21 24 27
 21 26 30 23 27 29 28 25 24 22 40 39 35 32 34 36 38 31 37 33  7 10  8  6  2  4  3  9  1  5 19 15 16 12 20 13 18 11 14 17
  1  6 10  3  7  9  8  5  4  2 20 19 15 12 14 16 18 11 17 13 27 30 28 26 22 24 23 29 21 25 39 35 36 32 40 33 38 31 34 37
 11 16 20 13 17 19 18 15 14 12 30 29 25 22 24 26 28 21 27 23 37 40 38 36 32 34 33 39 31 35  9  5  6  2 10  3  8  1  4  7
 22 27 21 24 28 30 29 26 25 23 31 40 36 33 35 37 39 32 38 34  8  1  9  7  3  5  4 10  2  6 20 16 17 13 11 14 19 12 15 18
 12 17 11 14 18 20 19 16 15 13 21 30 26 23 25 27 29 22 28 24 38 31 39 37 33 35 34 40 32 36 10  6  7  3  1  4  9  2  5  8
  2  7  1  4  8 10  9  6  5  3 11 20 16 13 15 17 19 12 18 14 28 21 29 27 23 25 24 30 22 26 40 36 37 33 31 34 39 32 35 38
 32 37 31 34 38 40 39 36 35 33  1 10  6  3  5  7  9  2  8  4 18 11 19 17 13 15 14 20 12 16 30 26 27 23 21 24 29 22 25 28
 13 18 12 15 19 11 20 17 16 14 22 21 27 24 26 28 30 23 29 25 39 32 40 38 34 36 35 31 33 37  1  7  8  4  2  5 10  3  6  9
 33 38 32 35 39 31 40 37 36 34  2  1  7  4  6  8 10  3  9  5 19 12 20 18 14 16 15 11 13 17 21 27 28 24 22 25 30 23 26 29
 23 28 22 25 29 21 30 27 26 24 32 31 37 34 36 38 40 33 39 35  9  2 10  8  4  6  5  1  3  7 11 17 18 14 12 15 20 13 16 19
  3  8  2  5  9  1 10  7  6  4 12 11 17 14 16 18 20 13 19 15 29 22 30 28 24 26 25 21 23 27 31 37 38 34 32 35 40 33 36 39
 14 19 13 16 20 12 11 18 17 15 23 22 28 25 27 29 21 24 30 26 40 33 31 39 35 37 36 32 34 38  2  8  9  5  3  6  1  4  7 10
 34 39 33 36 40 32 31 38 37 35  3  2  8  5  7  9  1  4 10  6 20 13 11 19 15 17 16 12 14 18 22 28 29 25 23 26 21 24 27 30
  4  9  3  6 10  2  1  8  7  5 13 12 18 15 17 19 11 14 20 16 30 23 21 29 25 27 26 22 24 28 32 38 39 35 33 36 31 34 37 40
 24 29 23 26 30 22 21 28 27 25 33 32 38 35 37 39 31 34 40 36 10  3  1  9  5  7  6  2  4  8 12 18 19 15 13 16 11 14 17 20
 15 20 14 17 11 13 12 19 18 16 24 23 29 26 28 30 22 25 21 27 31 34 32 40 36 38 37 33 35 39  3  9 10  6  4  7  2  5  8  1
  5 10  4  7  1  3  2  9  8  6 14 13 19 16 18 20 12 15 11 17 21 24 22 30 26 28 27 23 25 29 33 39 40 36 34 37 32 35 38 31
 35 40 34 37 31 33 32 39 38 36  4  3  9  6  8 10  2  5  1  7 11 14 12 20 16 18 17 13 15 19 23 29 30 26 24 27 22 25 28 21
 25 30 24 27 21 23 22 29 28 26 34 33 39 36 38 40 32 35 31 37  1  4  2 10  6  8  7  3  5  9 13 19 20 16 14 17 12 15 18 11
  6  1  5  8  2  4  3 10  9  7 15 14 20 17 19 11 13 16 12 18 22 25 23 21 27 29 28 24 26 30 34 40 31 37 35 38 33 36 39 32
 36 31 35 38 32 34 33 40 39 37  5  4 10  7  9  1  3  6  2  8 12 15 13 11 17 19 18 14 16 20 24 30 21 27 25 28 23 26 29 22
 16 11 15 18 12 14 13 20 19 17 25 24 30 27 29 21 23 26 22 28 32 35 33 31 37 39 38 34 36 40  4 10  1  7  5  8  3  6  9  2
 26 21 25 28 22 24 23 30 29 27 35 34 40 37 39 31 33 36 32 38  2  5  3  1  7  9  8  4  6 10 14 20 11 17 15 18 13 16 19 12
 17 12 16 19 13 15 14 11 20 18 26 25 21 28 30 22 24 27 23 29 33 36 34 32 38 40 39 35 37 31  5  1  2  8  6  9  4  7 10  3
  7  2  6  9  3  5  4  1 10  8 16 15 11 18 20 12 14 17 13 19 23 26 24 22 28 30 29 25 27 21 35 31 32 38 36 39 34 37 40 33
 27 22 26 29 23 25 24 21 30 28 36 35 31 38 40 32 34 37 33 39  3  6  4  2  8 10  9  5  7  1 15 11 12 18 16 19 14 17 20 13
 37 32 36 39 33 35 34 31 40 38  6  5  1  8 10  2  4  7  3  9 13 16 14 12 18 20 19 15 17 11 25 21 22 28 26 29 24 27 30 23
 38 33 37 40 34 36 35 32 31 39  7  6  2  9  1  3  5  8  4 10 14 17 15 13 19 11 20 16 18 12 26 22 23 29 27 30 25 28 21 24
 18 13 17 20 14 16 15 12 11 19 27 26 22 29 21 23 25 28 24 30 34 37 35 33 39 31 40 36 38 32  6  2  3  9  7 10  5  8  1  4
  8  3  7 10  4  6  5  2  1  9 17 16 12 19 11 13 15 18 14 20 24 27 25 23 29 21 30 26 28 22 36 32 33 39 37 40 35 38 31 34
 28 23 27 30 24 26 25 22 21 29 37 36 32 39 31 33 35 38 34 40  4  7  5  3  9  1 10  6  8  2 16 12 13 19 17 20 15 18 11 14
  9  4  8  1  5  7  6  3  2 10 18 17 13 20 12 14 16 19 15 11 25 28 26 24 30 22 21 27 29 23 37 33 34 40 38 31 36 39 32 35
 39 34 38 31 35 37 36 33 32 40  8  7  3 10  2  4  6  9  5  1 15 18 16 14 20 12 11 17 19 13 27 23 24 30 28 21 26 29 22 25
 29 24 28 21 25 27 26 23 22 30 38 37 33 40 32 34 36 39 35 31  5  8  6  4 10  2  1  7  9  3 17 13 14 20 18 11 16 19 12 15
 19 14 18 11 15 17 16 13 12 20 28 27 23 30 22 24 26 29 25 21 35 38 36 34 40 32 31 37 39 33  7  3  4 10  8  1  6  9  2  5
