  6 15  7 10  8 17 12 18  1  5  9 16 14  2 13 11  3  4
 17 18 15  5  1  2  4  3 16 14  6  8 10 11  7  9 12 13
  2  3  6 12  5  7 10 13 18  4  1 11 15 16 17 14  9  8
 11 10 16 17  6 12  7  1  9  2 18 14 13  8  4  3  5 15
  4  8 18  2 15  9 17  6 13 10  7 12  5  3 16  1 11 14
  9 12 11  3 10 13 14  2 17 15  5  4  1  6  8 18 16  7
  7 16  1 13 11 14  8  5  6  3  2 10  4  9 12 15 18 17
  1 14  4  8 18 16 15  9 12 11 13  3  7 17  6  5  2 10
  5 13  9 14  4  3 11 16  8  7 17 15 18 12 10  2  6  1
 12 11  8 18  3 15 13 14  7  6 16 17  2  1  5 10  4  9
  8  9 17  6  7 18 16 11  4 13 10  5  3 14  1 12 15  2
 14  7  3 16  2  8 18 17 15  1 11 13  6  5  9  4 10 12
  3  1 10  9 12 11  2  7  5 18 15  6 17  4 14  8 13 16
 15  5 14  4 13  1  3  8 10  9 12 18 16  7  2  6 17 11
 13  4  5  7 14 10  6 15  2 17  8  9 12 18 11 16  1  3
 16 17 13 15  9  5  1 12  3  8  4  2 11 10 18  7 14  6
 18  6  2 11 16  4  9 10 14 12  3  1  8 13 15 17  7  5
 10  2 12  1 17  6  5  4 11 16 14  7  9 15  3 13  8 18
