 13  1  3 12  8  5  6  4  7 11 14  2  9 17 10 18 16 15
 16  6  1 13 12  7 17  8  3  9 11 18  5 14  4 15 10  2
 10 17  7  4  1 18 12  5  2 14 15  8  6 13  9 16  3 11
  2 11 16  6 13 15  1  9  4 12  3  5 18 10 14 17  7  8
  8  4 18 17 10  3 13  2  1 16 12  6 15 11  7  5 14  9
 18  9  2  8 16 11 10 14  5 15  4  7  3 12  6 13  1 17
 12  7  9 10 17 14 18 15  8  6 16  1  4  2 11  3  5 13
 15 14  5 11  2  4 16  3 17 10  9 13  1  7 12  8  6 18
  3  5 14 15  9  6 11  7 13 18 10 17 16  8  2  1  4 12
 14  2 10 16  7  9 15  1 12  3 17 11  8  6 18  4 13  5
  6 16 11  7 18 17  9 10 15  5  1 14  2  3 13 12  8  4
 11  8 13  9  6 10  7 16 18  1  2  4 12  5 17 14 15  3
  7 18  8  5 15 13  2 12 10 17  6  3 14  4  1  9 11 16
  5 12  4 14  3 16  8 17  9  7 18 10 13  1 15 11  2  6
  4 15 12 18  5  8 14 13  6  2  7  9 11 16  3 10 17  1
 17 10 15  2  4  1  3 11 16  8 13 12  7  9  5  6 18 14
  1 13 17  3 11 12  5  6 14  4  8 15 10 18 16  2  9  7
  9  3  6  1 14  2  4 18 11 13  5 16 17 15  8  7 12 10
