  1  4  5  2  6  3  7 10 11  8 12  9 14 18 16 17 13 15 23 19 20 21 24 22
 13 16 17 14 18 15 19 22 23 20 24 21  2  6  4  5  1  3 11  7  8  9 12 10
 19 22 23 20 24 21  1  4  5  2  6  3  8 12 10 11  7  9 17 13 14 15 18 16
  7 10 11  8 12  9 13 16 17 14 18 15 20 24 22 23 19 21  5  1  2  3  6  4
  2  5  6  3  1  4  8 11 12  9  7 10 15 13 17 18 14 16 24 20 21 22 19 23
  8 11 12  9  7 10 14 17 18 15 13 16 21 19 23 24 20 22  6  2  3  4  1  5
 14 17 18 15 13 16 20 23 24 21 19 22  3  1  5  6  2  4 12  8  9 10  7 11
 20 23 24 21 19 22  2  5  6  3  1  4  9  7 11 12  8 10 18 14 15 16 13 17
  3  6  1  4  2  5  9 12  7 10  8 11 16 14 18 13 15 17 19 21 22 23 20 24
 21 24 19 22 20 23  3  6  1  4  2  5 10  8 12  7  9 11 13 15 16 17 14 18
  9 12  7 10  8 11 15 18 13 16 14 17 22 20 24 19 21 23  1  3  4  5  2  6
 15 18 13 16 14 17 21 24 19 22 20 23  4  2  6  1  3  5  7  9 10 11  8 12
 22 19 20 23 21 24  4  1  2  5  3  6 11  9  7  8 10 12 14 16 17 18 15 13
 10  7  8 11  9 12 16 13 14 17 15 18 23 21 19 20 22 24  2  4  5  6  3  1
  4  1  2  5  3  6 10  7  8 11  9 12 17 15 13 14 16 18 20 22 23 24 21 19
 16 13 14 17 15 18 22 19 20 23 21 24  5  3  1  2  4  6  8 10 11 12  9  7
  5  2  3  6  4  1 11  8  9 12 10  7 18 16 14 15 17 13 21 23 24 19 22 20
 11  8  9 12 10  7 17 14 15 18 16 13 24 22 20 21 23 19  3  5  6  1  4  2
 17 14 15 18 16 13 23 20 21 24 22 19  6  4  2  3  5  1  9 11 12  7 10  8
 23 20 21 24 22 19  5  2  3  6  4  1 12 10  8  9 11  7 15 17 18 13 16 14
 18 15 16 13 17 14 24 21 22 19 23 20  1  5  3  4  6  2 10 12  7  8 11  9
 24 21 22 19 23 20  6  3  4  1  5  2  7 11  9 10 12  8 16 18 13 14 17 15
  6  3  4  1  5  2 12  9 10  7 11  8 13 17 15 16 18 14 22 24 19 20 23 21
 12  9 10  7 11  8 18 15 16 13 17 14 19 23 21 22 24 20  4  6  1  2  5  3
