 27 28 25 26 30 29 31 32 35 38 37 39 36 40 34 33 47 44 43 46 42 48 45 41 53 49 51 52 55 50 54 56 58 59 60 61 62 57 64 63 70 65 67 69 66 72 71 68  1  2  6  8  5  7  3  4 16  9 14 11 12 10 15 13 21 19 20 23 17 24 22 18
 59 60 57 58 62 61 63 64 67 70 69 71 68 72 66 65  7  4  3  6  2  8  5  1 13  9 11 12 15 10 14 16 18 19 20 21 22 17 24 23 30 25 27 29 26 32 31 28 33 34 38 40 37 39 35 36 48 41 46 43 44 42 47 45 53 51 52 55 49 56 54 50
 35 36 33 34 38 37 39 40 43 46 45 47 44 48 42 41 55 52 51 54 50 56 53 49 61 57 59 60 63 58 62 64 66 67 68 69 70 65 72 71  6  1  3  5  2  8  7  4  9 10 14 16 13 15 11 12 24 17 22 19 20 18 23 21 29 27 28 31 25 32 30 26
 43 44 41 42 46 45 47 48 51 54 53 55 52 56 50 49 63 60 59 62 58 64 61 57 69 65 67 68 71 66 70 72  2  3  4  5  6  1  8  7 14  9 11 13 10 16 15 12 17 18 22 24 21 23 19 20 32 25 30 27 28 26 31 29 37 35 36 39 33 40 38 34
 51 52 49 50 54 53 55 56 59 62 61 63 60 64 58 57 71 68 67 70 66 72 69 65  5  1  3  4  7  2  6  8 10 11 12 13 14  9 16 15 22 17 19 21 18 24 23 20 25 26 30 32 29 31 27 28 40 33 38 35 36 34 39 37 45 43 44 47 41 48 46 42
  3  4  1  2  6  5  7  8 11 14 13 15 12 16 10  9 23 20 19 22 18 24 21 17 29 25 27 28 31 26 30 32 34 35 36 37 38 33 40 39 46 41 43 45 42 48 47 44 49 50 54 56 53 55 51 52 64 57 62 59 60 58 63 61 69 67 68 71 65 72 70 66
 67 68 65 66 70 69 71 72  3  6  5  7  4  8  2  1 15 12 11 14 10 16 13  9 21 17 19 20 23 18 22 24 26 27 28 29 30 25 32 31 38 33 35 37 34 40 39 36 41 42 46 48 45 47 43 44 56 49 54 51 52 50 55 53 61 59 60 63 57 64 62 58
 19 20 17 18 22 21 23 24 27 30 29 31 28 32 26 25 39 36 35 38 34 40 37 33 45 41 43 44 47 42 46 48 50 51 52 53 54 49 56 55 62 57 59 61 58 64 63 60 65 66 70 72 69 71 67 68  8  1  6  3  4  2  7  5 13 11 12 15  9 16 14 10
 11 12  9 10 14 13 15 16 19 22 21 23 20 24 18 17 31 28 27 30 26 32 29 25 37 33 35 36 39 34 38 40 42 43 44 45 46 41 48 47 54 49 51 53 50 56 55 52 57 58 62 64 61 63 59 60 72 65 70 67 68 66 71 69  5  3  4  7  1  8  6  2
 36 37 34 35 39 38 40 33 44 47 46 48 45 41 43 42 56 53 52 55 51 49 54 50 62 58 60 61 64 59 63 57 67 68 69 70 71 66 65 72  7  2  4  6  3  1  8  5 10 11 15  9 14 16 12 13 17 18 23 20 21 19 24 22 30 28 29 32 26 25 31 27
 68 69 66 67 71 70 72 65  4  7  6  8  5  1  3  2 16 13 12 15 11  9 14 10 22 18 20 21 24 19 23 17 27 28 29 30 31 26 25 32 39 34 36 38 35 33 40 37 42 43 47 41 46 48 44 45 49 50 55 52 53 51 56 54 62 60 61 64 58 57 63 59
 28 29 26 27 31 30 32 25 36 39 38 40 37 33 35 34 48 45 44 47 43 41 46 42 54 50 52 53 56 51 55 49 59 60 61 62 63 58 57 64 71 66 68 70 67 65 72 69  2  3  7  1  6  8  4  5  9 10 15 12 13 11 16 14 22 20 21 24 18 17 23 19
 60 61 58 59 63 62 64 57 68 71 70 72 69 65 67 66  8  5  4  7  3  1  6  2 14 10 12 13 16 11 15  9 19 20 21 22 23 18 17 24 31 26 28 30 27 25 32 29 34 35 39 33 38 40 36 37 41 42 47 44 45 43 48 46 54 52 53 56 50 49 55 51
 44 45 42 43 47 46 48 41 52 55 54 56 53 49 51 50 64 61 60 63 59 57 62 58 70 66 68 69 72 67 71 65  3  4  5  6  7  2  1  8 15 10 12 14 11  9 16 13 18 19 23 17 22 24 20 21 25 26 31 28 29 27 32 30 38 36 37 40 34 33 39 35
 12 13 10 11 15 14 16  9 20 23 22 24 21 17 19 18 32 29 28 31 27 25 30 26 38 34 36 37 40 35 39 33 43 44 45 46 47 42 41 48 55 50 52 54 51 49 56 53 58 59 63 57 62 64 60 61 65 66 71 68 69 67 72 70  6  4  5  8  2  1  7  3
 52 53 50 51 55 54 56 49 60 63 62 64 61 57 59 58 72 69 68 71 67 65 70 66  6  2  4  5  8  3  7  1 11 12 13 14 15 10  9 16 23 18 20 22 19 17 24 21 26 27 31 25 30 32 28 29 33 34 39 36 37 35 40 38 46 44 45 48 42 41 47 43
 20 21 18 19 23 22 24 17 28 31 30 32 29 25 27 26 40 37 36 39 35 33 38 34 46 42 44 45 48 43 47 41 51 52 53 54 55 50 49 56 63 58 60 62 59 57 64 61 66 67 71 65 70 72 68 69  1  2  7  4  5  3  8  6 14 12 13 16 10  9 15 11
  4  5  2  3  7  6  8  1 12 15 14 16 13  9 11 10 24 21 20 23 19 17 22 18 30 26 28 29 32 27 31 25 35 36 37 38 39 34 33 40 47 42 44 46 43 41 48 45 50 51 55 49 54 56 52 53 57 58 63 60 61 59 64 62 70 68 69 72 66 65 71 67
 69 70 67 68 72 71 65 66  5  8  7  1  6  2  4  3  9 14 13 16 12 10 15 11 23 19 21 22 17 20 24 18 28 29 30 31 32 27 26 25 40 35 37 39 36 34 33 38 43 44 48 42 47 41 45 46 50 51 56 53 54 52 49 55 63 61 62 57 59 58 64 60
 53 54 51 52 56 55 49 50 61 64 63 57 62 58 60 59 65 70 69 72 68 66 71 67  7  3  5  6  1  4  8  2 12 13 14 15 16 11 10  9 24 19 21 23 20 18 17 22 27 28 32 26 31 25 29 30 34 35 40 37 38 36 33 39 47 45 46 41 43 42 48 44
 13 14 11 12 16 15  9 10 21 24 23 17 22 18 20 19 25 30 29 32 28 26 31 27 39 35 37 38 33 36 40 34 44 45 46 47 48 43 42 41 56 51 53 55 52 50 49 54 59 60 64 58 63 57 61 62 66 67 72 69 70 68 65 71  7  5  6  1  3  2  8  4
 45 46 43 44 48 47 41 42 53 56 55 49 54 50 52 51 57 62 61 64 60 58 63 59 71 67 69 70 65 68 72 66  4  5  6  7  8  3  2  1 16 11 13 15 12 10  9 14 19 20 24 18 23 17 21 22 26 27 32 29 30 28 25 31 39 37 38 33 35 34 40 36
  5  6  3  4  8  7  1  2 13 16 15  9 14 10 12 11 17 22 21 24 20 18 23 19 31 27 29 30 25 28 32 26 36 37 38 39 40 35 34 33 48 43 45 47 44 42 41 46 51 52 56 50 55 49 53 54 58 59 64 61 62 60 57 63 71 69 70 65 67 66 72 68
 37 38 35 36 40 39 33 34 45 48 47 41 46 42 44 43 49 54 53 56 52 50 55 51 63 59 61 62 57 60 64 58 68 69 70 71 72 67 66 65  8  3  5  7  4  2  1  6 11 12 16 10 15  9 13 14 18 19 24 21 22 20 17 23 31 29 30 25 27 26 32 28
 61 62 59 60 64 63 57 58 69 72 71 65 70 66 68 67  1  6  5  8  4  2  7  3 15 11 13 14  9 12 16 10 20 21 22 23 24 19 18 17 32 27 29 31 28 26 25 30 35 36 40 34 39 33 37 38 42 43 48 45 46 44 41 47 55 53 54 49 51 50 56 52
 29 30 27 28 32 31 25 26 37 40 39 33 38 34 36 35 41 46 45 48 44 42 47 43 55 51 53 54 49 52 56 50 60 61 62 63 64 59 58 57 72 67 69 71 68 66 65 70  3  4  8  2  7  1  5  6 10 11 16 13 14 12  9 15 23 21 22 17 19 18 24 20
 21 22 19 20 24 23 17 18 29 32 31 25 30 26 28 27 33 38 37 40 36 34 39 35 47 43 45 46 41 44 48 42 52 53 54 55 56 51 50 49 64 59 61 63 60 58 57 62 67 68 72 66 71 65 69 70  2  3  8  5  6  4  1  7 15 13 14  9 11 10 16 12
 62 63 60 61 57 64 58 59 70 65 72 66 71 67 69 68  2  7  6  1  5  3  8  4 16 12 14 15 10 13  9 11 21 22 23 24 17 20 19 18 25 28 30 32 29 27 26 31 36 37 33 35 40 34 38 39 43 44 41 46 47 45 42 48 56 54 55 50 52 51 49 53
 14 15 12 13  9 16 10 11 22 17 24 18 23 19 21 20 26 31 30 25 29 27 32 28 40 36 38 39 34 37 33 35 45 46 47 48 41 44 43 42 49 52 54 56 53 51 50 55 60 61 57 59 64 58 62 63 67 68 65 70 71 69 66 72  8  6  7  2  4  3  1  5
 46 47 44 45 41 48 42 43 54 49 56 50 55 51 53 52 58 63 62 57 61 59 64 60 72 68 70 71 66 69 65 67  5  6  7  8  1  4  3  2  9 12 14 16 13 11 10 15 20 21 17 19 24 18 22 23 27 28 25 30 31 29 26 32 40 38 39 34 36 35 33 37
  6  7  4  5  1  8  2  3 14  9 16 10 15 11 13 12 18 23 22 17 21 19 24 20 32 28 30 31 26 29 25 27 37 38 39 40 33 36 35 34 41 44 46 48 45 43 42 47 52 53 49 51 56 50 54 55 59 60 57 62 63 61 58 64 72 70 71 66 68 67 65 69
 38 39 36 37 33 40 34 35 46 41 48 42 47 43 45 44 50 55 54 49 53 51 56 52 64 60 62 63 58 61 57 59 69 70 71 72 65 68 67 66  1  4  6  8  5  3  2  7 12 13  9 11 16 10 14 15 19 20 17 22 23 21 18 24 32 30 31 26 28 27 25 29
 70 71 68 69 65 72 66 67  6  1  8  2  7  3  5  4 10 15 14  9 13 11 16 12 24 20 22 23 18 21 17 19 29 30 31 32 25 28 27 26 33 36 38 40 37 35 34 39 44 45 41 43 48 42 46 47 51 52 49 54 55 53 50 56 64 62 63 58 60 59 57 61
 30 31 28 29 25 32 26 27 38 33 40 34 39 35 37 36 42 47 46 41 45 43 48 44 56 52 54 55 50 53 49 51 61 62 63 64 57 60 59 58 65 68 70 72 69 67 66 71  4  5  1  3  8  2  6  7 11 12  9 14 15 13 10 16 24 22 23 18 20 19 17 21
 54 55 52 53 49 56 50 51 62 57 64 58 63 59 61 60 66 71 70 65 69 67 72 68  8  4  6  7  2  5  1  3 13 14 15 16  9 12 11 10 17 20 22 24 21 19 18 23 28 29 25 27 32 26 30 31 35 36 33 38 39 37 34 40 48 46 47 42 44 43 41 45
 22 23 20 21 17 24 18 19 30 25 32 26 31 27 29 28 34 39 38 33 37 35 40 36 48 44 46 47 42 45 41 43 53 54 55 56 49 52 51 50 57 60 62 64 61 59 58 63 68 69 65 67 72 66 70 71  3  4  1  6  7  5  2  8 16 14 15 10 12 11  9 13
 55 56 53 54 50 49 51 52 63 58 57 59 64 60 62 61 67 72 71 66 70 68 65 69  1  5  7  8  3  6  2  4 14 15 16  9 10 13 12 11 18 21 23 17 22 20 19 24 29 30 26 28 25 27 31 32 36 37 34 39 40 38 35 33 41 47 48 43 45 44 42 46
 63 64 61 62 58 57 59 60 71 66 65 67 72 68 70 69  3  8  7  2  6  4  1  5  9 13 15 16 11 14 10 12 22 23 24 17 18 21 20 19 26 29 31 25 30 28 27 32 37 38 34 36 33 35 39 40 44 45 42 47 48 46 43 41 49 55 56 51 53 52 50 54
  7  8  5  6  2  1  3  4 15 10  9 11 16 12 14 13 19 24 23 18 22 20 17 21 25 29 31 32 27 30 26 28 38 39 40 33 34 37 36 35 42 45 47 41 46 44 43 48 53 54 50 52 49 51 55 56 60 61 58 63 64 62 59 57 65 71 72 67 69 68 66 70
 71 72 69 70 66 65 67 68  7  2  1  3  8  4  6  5 11 16 15 10 14 12  9 13 17 21 23 24 19 22 18 20 30 31 32 25 26 29 28 27 34 37 39 33 38 36 35 40 45 46 42 44 41 43 47 48 52 53 50 55 56 54 51 49 57 63 64 59 61 60 58 62
 15 16 13 14 10  9 11 12 23 18 17 19 24 20 22 21 27 32 31 26 30 28 25 29 33 37 39 40 35 38 34 36 46 47 48 41 42 45 44 43 50 53 55 49 54 52 51 56 61 62 58 60 57 59 63 64 68 69 66 71 72 70 67 65  1  7  8  3  5  4  2  6
 39 40 37 38 34 33 35 36 47 42 41 43 48 44 46 45 51 56 55 50 54 52 49 53 57 61 63 64 59 62 58 60 70 71 72 65 66 69 68 67  2  5  7  1  6  4  3  8 13 14 10 12  9 11 15 16 20 21 18 23 24 22 19 17 25 31 32 27 29 28 26 30
 47 48 45 46 42 41 43 44 55 50 49 51 56 52 54 53 59 64 63 58 62 60 57 61 65 69 71 72 67 70 66 68  6  7  8  1  2  5  4  3 10 13 15  9 14 12 11 16 21 22 18 20 17 19 23 24 28 29 26 31 32 30 27 25 33 39 40 35 37 36 34 38
 23 24 21 22 18 17 19 20 31 26 25 27 32 28 30 29 35 40 39 34 38 36 33 37 41 45 47 48 43 46 42 44 54 55 56 49 50 53 52 51 58 61 63 57 62 60 59 64 69 70 66 68 65 67 71 72  4  5  2  7  8  6  3  1  9 15 16 11 13 12 10 14
 31 32 29 30 26 25 27 28 39 34 33 35 40 36 38 37 43 48 47 42 46 44 41 45 49 53 55 56 51 54 50 52 62 63 64 57 58 61 60 59 66 69 71 65 70 68 67 72  5  6  2  4  1  3  7  8 12 13 10 15 16 14 11  9 17 23 24 19 21 20 18 22
 72 65 70 71 67 66 68 69  8  3  2  4  1  5  7  6 12  9 16 11 15 13 10 14 18 22 24 17 20 23 19 21 31 32 25 26 27 30 29 28 35 38 40 34 39 37 36 33 46 47 43 45 42 44 48 41 53 54 51 56 49 55 52 50 58 64 57 60 62 61 59 63
 64 57 62 63 59 58 60 61 72 67 66 68 65 69 71 70  4  1  8  3  7  5  2  6 10 14 16  9 12 15 11 13 23 24 17 18 19 22 21 20 27 30 32 26 31 29 28 25 38 39 35 37 34 36 40 33 45 46 43 48 41 47 44 42 50 56 49 52 54 53 51 55
 48 41 46 47 43 42 44 45 56 51 50 52 49 53 55 54 60 57 64 59 63 61 58 62 66 70 72 65 68 71 67 69  7  8  1  2  3  6  5  4 11 14 16 10 15 13 12  9 22 23 19 21 18 20 24 17 29 30 27 32 25 31 28 26 34 40 33 36 38 37 35 39
 16  9 14 15 11 10 12 13 24 19 18 20 17 21 23 22 28 25 32 27 31 29 26 30 34 38 40 33 36 39 35 37 47 48 41 42 43 46 45 44 51 54 56 50 55 53 52 49 62 63 59 61 58 60 64 57 69 70 67 72 65 71 68 66  2  8  1  4  6  5  3  7
  8  1  6  7  3  2  4  5 16 11 10 12  9 13 15 14 20 17 24 19 23 21 18 22 26 30 32 25 28 31 27 29 39 40 33 34 35 38 37 36 43 46 48 42 47 45 44 41 54 55 51 53 50 52 56 49 61 62 59 64 57 63 60 58 66 72 65 68 70 69 67 71
 40 33 38 39 35 34 36 37 48 43 42 44 41 45 47 46 52 49 56 51 55 53 50 54 58 62 64 57 60 63 59 61 71 72 65 66 67 70 69 68  3  6  8  2  7  5  4  1 14 15 11 13 10 12 16  9 21 22 19 24 17 23 20 18 26 32 25 28 30 29 27 31
 56 49 54 55 51 50 52 53 64 59 58 60 57 61 63 62 68 65 72 67 71 69 66 70  2  6  8  1  4  7  3  5 15 16  9 10 11 14 13 12 19 22 24 18 23 21 20 17 30 31 27 29 26 28 32 25 37 38 35 40 33 39 36 34 42 48 41 44 46 45 43 47
 24 17 22 23 19 18 20 21 32 27 26 28 25 29 31 30 36 33 40 35 39 37 34 38 42 46 48 41 44 47 43 45 55 56 49 50 51 54 53 52 59 62 64 58 63 61 60 57 70 71 67 69 66 68 72 65  5  6  3  8  1  7  4  2 10 16  9 12 14 13 11 15
 32 25 30 31 27 26 28 29 40 35 34 36 33 37 39 38 44 41 48 43 47 45 42 46 50 54 56 49 52 55 51 53 63 64 57 58 59 62 61 60 67 70 72 66 71 69 68 65  6  7  3  5  2  4  8  1 13 14 11 16  9 15 12 10 18 24 17 20 22 21 19 23
 57 58 63 64 60 59 61 62 65 68 67 69 66 70 72 71  5  2  1  4  8  6  3  7 11 15  9 10 13 16 12 14 24 17 18 19 20 23 22 21 28 31 25 27 32 30 29 26 39 40 36 38 35 37 33 34 46 47 44 41 42 48 45 43 51 49 50 53 55 54 52 56
 65 66 71 72 68 67 69 70  1  4  3  5  2  6  8  7 13 10  9 12 16 14 11 15 19 23 17 18 21 24 20 22 32 25 26 27 28 31 30 29 36 39 33 35 40 38 37 34 47 48 44 46 43 45 41 42 54 55 52 49 50 56 53 51 59 57 58 61 63 62 60 64
 49 50 55 56 52 51 53 54 57 60 59 61 58 62 64 63 69 66 65 68 72 70 67 71  3  7  1  2  5  8  4  6 16  9 10 11 12 15 14 13 20 23 17 19 24 22 21 18 31 32 28 30 27 29 25 26 38 39 36 33 34 40 37 35 43 41 42 45 47 46 44 48
 25 26 31 32 28 27 29 30 33 36 35 37 34 38 40 39 45 42 41 44 48 46 43 47 51 55 49 50 53 56 52 54 64 57 58 59 60 63 62 61 68 71 65 67 72 70 69 66  7  8  4  6  3  5  1  2 14 15 12  9 10 16 13 11 19 17 18 21 23 22 20 24
 41 42 47 48 44 43 45 46 49 52 51 53 50 54 56 55 61 58 57 60 64 62 59 63 67 71 65 66 69 72 68 70  8  1  2  3  4  7  6  5 12 15  9 11 16 14 13 10 23 24 20 22 19 21 17 18 30 31 28 25 26 32 29 27 35 33 34 37 39 38 36 40
 17 18 23 24 20 19 21 22 25 28 27 29 26 30 32 31 37 34 33 36 40 38 35 39 43 47 41 42 45 48 44 46 56 49 50 51 52 55 54 53 60 63 57 59 64 62 61 58 71 72 68 70 67 69 65 66  6  7  4  1  2  8  5  3 11  9 10 13 15 14 12 16
  1  2  7  8  4  3  5  6  9 12 11 13 10 14 16 15 21 18 17 20 24 22 19 23 27 31 25 26 29 32 28 30 40 33 34 35 36 39 38 37 44 47 41 43 48 46 45 42 55 56 52 54 51 53 49 50 62 63 60 57 58 64 61 59 67 65 66 69 71 70 68 72
 33 34 39 40 36 35 37 38 41 44 43 45 42 46 48 47 53 50 49 52 56 54 51 55 59 63 57 58 61 64 60 62 72 65 66 67 68 71 70 69  4  7  1  3  8  6  5  2 15 16 12 14 11 13  9 10 22 23 20 17 18 24 21 19 27 25 26 29 31 30 28 32
  9 10 15 16 12 11 13 14 17 20 19 21 18 22 24 23 29 26 25 28 32 30 27 31 35 39 33 34 37 40 36 38 48 41 42 43 44 47 46 45 52 55 49 51 56 54 53 50 63 64 60 62 59 61 57 58 70 71 68 65 66 72 69 67  3  1  2  5  7  6  4  8
 66 67 72 65 69 68 70 71  2  5  4  6  3  7  1  8 14 11 10 13  9 15 12 16 20 24 18 19 22 17 21 23 25 26 27 28 29 32 31 30 37 40 34 36 33 39 38 35 48 41 45 47 44 46 42 43 55 56 53 50 51 49 54 52 60 58 59 62 64 63 61 57
  2  3  8  1  5  4  6  7 10 13 12 14 11 15  9 16 22 19 18 21 17 23 20 24 28 32 26 27 30 25 29 31 33 34 35 36 37 40 39 38 45 48 42 44 41 47 46 43 56 49 53 55 52 54 50 51 63 64 61 58 59 57 62 60 68 66 67 70 72 71 69 65
 26 27 32 25 29 28 30 31 34 37 36 38 35 39 33 40 46 43 42 45 41 47 44 48 52 56 50 51 54 49 53 55 57 58 59 60 61 64 63 62 69 72 66 68 65 71 70 67  8  1  5  7  4  6  2  3 15 16 13 10 11  9 14 12 20 18 19 22 24 23 21 17
 50 51 56 49 53 52 54 55 58 61 60 62 59 63 57 64 70 67 66 69 65 71 68 72  4  8  2  3  6  1  5  7  9 10 11 12 13 16 15 14 21 24 18 20 17 23 22 19 32 25 29 31 28 30 26 27 39 40 37 34 35 33 38 36 44 42 43 46 48 47 45 41
 42 43 48 41 45 44 46 47 50 53 52 54 51 55 49 56 62 59 58 61 57 63 60 64 68 72 66 67 70 65 69 71  1  2  3  4  5  8  7  6 13 16 10 12  9 15 14 11 24 17 21 23 20 22 18 19 31 32 29 26 27 25 30 28 36 34 35 38 40 39 37 33
 10 11 16  9 13 12 14 15 18 21 20 22 19 23 17 24 30 27 26 29 25 31 28 32 36 40 34 35 38 33 37 39 41 42 43 44 45 48 47 46 53 56 50 52 49 55 54 51 64 57 61 63 60 62 58 59 71 72 69 66 67 65 70 68  4  2  3  6  8  7  5  1
 34 35 40 33 37 36 38 39 42 45 44 46 43 47 41 48 54 51 50 53 49 55 52 56 60 64 58 59 62 57 61 63 65 66 67 68 69 72 71 70  5  8  2  4  1  7  6  3 16  9 13 15 12 14 10 11 23 24 21 18 19 17 22 20 28 26 27 30 32 31 29 25
 58 59 64 57 61 60 62 63 66 69 68 70 67 71 65 72  6  3  2  5  1  7  4  8 12 16 10 11 14  9 13 15 17 18 19 20 21 24 23 22 29 32 26 28 25 31 30 27 40 33 37 39 36 38 34 35 47 48 45 42 43 41 46 44 52 50 51 54 56 55 53 49
 18 19 24 17 21 20 22 23 26 29 28 30 27 31 25 32 38 35 34 37 33 39 36 40 44 48 42 43 46 41 45 47 49 50 51 52 53 56 55 54 61 64 58 60 57 63 62 59 72 65 69 71 68 70 66 67  7  8  5  2  3  1  6  4 12 10 11 14 16 15 13  9
