 69 72 65 68 67 66 71 70  6  5  3  2  8  4  1  7 11 12 15 13  9 14 16 10 24 23 17 22 20 19 21 18 30 26 27 31 25 29 28 32 38 34 35 36 33 40 37 39 48 44 45 43 47 41 46 42 54 55 53 51 56 52 49 50 59 62 58 57 60 64 61 63
 29 32 25 28 27 26 31 30 38 37 35 34 40 36 33 39 43 44 47 45 41 46 48 42 56 55 49 54 52 51 53 50 62 58 59 63 57 61 60 64 70 66 67 68 65 72 69 71  8  4  5  3  7  1  6  2 14 15 13 11 16 12  9 10 19 22 18 17 20 24 21 23
  5  8  1  4  3  2  7  6 14 13 11 10 16 12  9 15 19 20 23 21 17 22 24 18 32 31 25 30 28 27 29 26 38 34 35 39 33 37 36 40 46 42 43 44 41 48 45 47 56 52 53 51 55 49 54 50 62 63 61 59 64 60 57 58 67 70 66 65 68 72 69 71
 37 40 33 36 35 34 39 38 46 45 43 42 48 44 41 47 51 52 55 53 49 54 56 50 64 63 57 62 60 59 61 58 70 66 67 71 65 69 68 72  6  2  3  4  1  8  5  7 16 12 13 11 15  9 14 10 22 23 21 19 24 20 17 18 27 30 26 25 28 32 29 31
 61 64 57 60 59 58 63 62 70 69 67 66 72 68 65 71  3  4  7  5  1  6  8  2 16 15  9 14 12 11 13 10 22 18 19 23 17 21 20 24 30 26 27 28 25 32 29 31 40 36 37 35 39 33 38 34 46 47 45 43 48 44 41 42 51 54 50 49 52 56 53 55
 45 48 41 44 43 42 47 46 54 53 51 50 56 52 49 55 59 60 63 61 57 62 64 58 72 71 65 70 68 67 69 66  6  2  3  7  1  5  4  8 14 10 11 12  9 16 13 15 24 20 21 19 23 17 22 18 30 31 29 27 32 28 25 26 35 38 34 33 36 40 37 39
 53 56 49 52 51 50 55 54 62 61 59 58 64 60 57 63 67 68 71 69 65 70 72 66  8  7  1  6  4  3  5  2 14 10 11 15  9 13 12 16 22 18 19 20 17 24 21 23 32 28 29 27 31 25 30 26 38 39 37 35 40 36 33 34 43 46 42 41 44 48 45 47
 21 24 17 20 19 18 23 22 30 29 27 26 32 28 25 31 35 36 39 37 33 38 40 34 48 47 41 46 44 43 45 42 54 50 51 55 49 53 52 56 62 58 59 60 57 64 61 63 72 68 69 67 71 65 70 66  6  7  5  3  8  4  1  2 11 14 10  9 12 16 13 15
 13 16  9 12 11 10 15 14 22 21 19 18 24 20 17 23 27 28 31 29 25 30 32 26 40 39 33 38 36 35 37 34 46 42 43 47 41 45 44 48 54 50 51 52 49 56 53 55 64 60 61 59 63 57 62 58 70 71 69 67 72 68 65 66  3  6  2  1  4  8  5  7
 62 57 58 61 60 59 64 63 71 70 68 67 65 69 66 72  4  5  8  6  2  7  1  3  9 16 10 15 13 12 14 11 23 19 20 24 18 22 21 17 31 27 28 29 26 25 30 32 33 37 38 36 40 34 39 35 47 48 46 44 41 45 42 43 52 55 51 50 53 49 54 56
 38 33 34 37 36 35 40 39 47 46 44 43 41 45 42 48 52 53 56 54 50 55 49 51 57 64 58 63 61 60 62 59 71 67 68 72 66 70 69 65  7  3  4  5  2  1  6  8  9 13 14 12 16 10 15 11 23 24 22 20 17 21 18 19 28 31 27 26 29 25 30 32
 30 25 26 29 28 27 32 31 39 38 36 35 33 37 34 40 44 45 48 46 42 47 41 43 49 56 50 55 53 52 54 51 63 59 60 64 58 62 61 57 71 67 68 69 66 65 70 72  1  5  6  4  8  2  7  3 15 16 14 12  9 13 10 11 20 23 19 18 21 17 22 24
 54 49 50 53 52 51 56 55 63 62 60 59 57 61 58 64 68 69 72 70 66 71 65 67  1  8  2  7  5  4  6  3 15 11 12 16 10 14 13  9 23 19 20 21 18 17 22 24 25 29 30 28 32 26 31 27 39 40 38 36 33 37 34 35 44 47 43 42 45 41 46 48
 46 41 42 45 44 43 48 47 55 54 52 51 49 53 50 56 60 61 64 62 58 63 57 59 65 72 66 71 69 68 70 67  7  3  4  8  2  6  5  1 15 11 12 13 10  9 14 16 17 21 22 20 24 18 23 19 31 32 30 28 25 29 26 27 36 39 35 34 37 33 38 40
 70 65 66 69 68 67 72 71  7  6  4  3  1  5  2  8 12 13 16 14 10 15  9 11 17 24 18 23 21 20 22 19 31 27 28 32 26 30 29 25 39 35 36 37 34 33 38 40 41 45 46 44 48 42 47 43 55 56 54 52 49 53 50 51 60 63 59 58 61 57 62 64
 14  9 10 13 12 11 16 15 23 22 20 19 17 21 18 24 28 29 32 30 26 31 25 27 33 40 34 39 37 36 38 35 47 43 44 48 42 46 45 41 55 51 52 53 50 49 54 56 57 61 62 60 64 58 63 59 71 72 70 68 65 69 66 67  4  7  3  2  5  1  6  8
  6  1  2  5  4  3  8  7 15 14 12 11  9 13 10 16 20 21 24 22 18 23 17 19 25 32 26 31 29 28 30 27 39 35 36 40 34 38 37 33 47 43 44 45 42 41 46 48 49 53 54 52 56 50 55 51 63 64 62 60 57 61 58 59 68 71 67 66 69 65 70 72
 22 17 18 21 20 19 24 23 31 30 28 27 25 29 26 32 36 37 40 38 34 39 33 35 41 48 42 47 45 44 46 43 55 51 52 56 50 54 53 49 63 59 60 61 58 57 62 64 65 69 70 68 72 66 71 67  7  8  6  4  1  5  2  3 12 15 11 10 13  9 14 16
 63 58 59 62 61 60 57 64 72 71 69 68 66 70 67 65  5  6  1  7  3  8  2  4 10  9 11 16 14 13 15 12 24 20 21 17 19 23 22 18 32 28 29 30 27 26 31 25 34 38 39 37 33 35 40 36 48 41 47 45 42 46 43 44 53 56 52 51 54 50 55 49
 15 10 11 14 13 12  9 16 24 23 21 20 18 22 19 17 29 30 25 31 27 32 26 28 34 33 35 40 38 37 39 36 48 44 45 41 43 47 46 42 56 52 53 54 51 50 55 49 58 62 63 61 57 59 64 60 72 65 71 69 66 70 67 68  5  8  4  3  6  2  7  1
 31 26 27 30 29 28 25 32 40 39 37 36 34 38 35 33 45 46 41 47 43 48 42 44 50 49 51 56 54 53 55 52 64 60 61 57 59 63 62 58 72 68 69 70 67 66 71 65  2  6  7  5  1  3  8  4 16  9 15 13 10 14 11 12 21 24 20 19 22 18 23 17
 39 34 35 38 37 36 33 40 48 47 45 44 42 46 43 41 53 54 49 55 51 56 50 52 58 57 59 64 62 61 63 60 72 68 69 65 67 71 70 66  8  4  5  6  3  2  7  1 10 14 15 13  9 11 16 12 24 17 23 21 18 22 19 20 29 32 28 27 30 26 31 25
 47 42 43 46 45 44 41 48 56 55 53 52 50 54 51 49 61 62 57 63 59 64 58 60 66 65 67 72 70 69 71 68  8  4  5  1  3  7  6  2 16 12 13 14 11 10 15  9 18 22 23 21 17 19 24 20 32 25 31 29 26 30 27 28 37 40 36 35 38 34 39 33
  7  2  3  6  5  4  1  8 16 15 13 12 10 14 11  9 21 22 17 23 19 24 18 20 26 25 27 32 30 29 31 28 40 36 37 33 35 39 38 34 48 44 45 46 43 42 47 41 50 54 55 53 49 51 56 52 64 57 63 61 58 62 59 60 69 72 68 67 70 66 71 65
 71 66 67 70 69 68 65 72  8  7  5  4  2  6  3  1 13 14  9 15 11 16 10 12 18 17 19 24 22 21 23 20 32 28 29 25 27 31 30 26 40 36 37 38 35 34 39 33 42 46 47 45 41 43 48 44 56 49 55 53 50 54 51 52 61 64 60 59 62 58 63 57
 23 18 19 22 21 20 17 24 32 31 29 28 26 30 27 25 37 38 33 39 35 40 34 36 42 41 43 48 46 45 47 44 56 52 53 49 51 55 54 50 64 60 61 62 59 58 63 57 66 70 71 69 65 67 72 68  8  1  7  5  2  6  3  4 13 16 12 11 14 10 15  9
 55 50 51 54 53 52 49 56 64 63 61 60 58 62 59 57 69 70 65 71 67 72 66 68  2  1  3  8  6  5  7  4 16 12 13  9 11 15 14 10 24 20 21 22 19 18 23 17 26 30 31 29 25 27 32 28 40 33 39 37 34 38 35 36 45 48 44 43 46 42 47 41
 48 43 44 47 46 45 42 41 49 56 54 53 51 55 52 50 62 63 58 64 60 57 59 61 67 66 68 65 71 70 72 69  1  5  6  2  4  8  7  3  9 13 14 15 12 11 16 10 19 23 24 22 18 20 17 21 25 26 32 30 27 31 28 29 38 33 37 36 39 35 40 34
 24 19 20 23 22 21 18 17 25 32 30 29 27 31 28 26 38 39 34 40 36 33 35 37 43 42 44 41 47 46 48 45 49 53 54 50 52 56 55 51 57 61 62 63 60 59 64 58 67 71 72 70 66 68 65 69  1  2  8  6  3  7  4  5 14  9 13 12 15 11 16 10
 40 35 36 39 38 37 34 33 41 48 46 45 43 47 44 42 54 55 50 56 52 49 51 53 59 58 60 57 63 62 64 61 65 69 70 66 68 72 71 67  1  5  6  7  4  3  8  2 11 15 16 14 10 12  9 13 17 18 24 22 19 23 20 21 30 25 29 28 31 27 32 26
 72 67 68 71 70 69 66 65  1  8  6  5  3  7  4  2 14 15 10 16 12  9 11 13 19 18 20 17 23 22 24 21 25 29 30 26 28 32 31 27 33 37 38 39 36 35 40 34 43 47 48 46 42 44 41 45 49 50 56 54 51 55 52 53 62 57 61 60 63 59 64 58
  8  3  4  7  6  5  2  1  9 16 14 13 11 15 12 10 22 23 18 24 20 17 19 21 27 26 28 25 31 30 32 29 33 37 38 34 36 40 39 35 41 45 46 47 44 43 48 42 51 55 56 54 50 52 49 53 57 58 64 62 59 63 60 61 70 65 69 68 71 67 72 66
 56 51 52 55 54 53 50 49 57 64 62 61 59 63 60 58 70 71 66 72 68 65 67 69  3  2  4  1  7  6  8  5  9 13 14 10 12 16 15 11 17 21 22 23 20 19 24 18 27 31 32 30 26 28 25 29 33 34 40 38 35 39 36 37 46 41 45 44 47 43 48 42
 32 27 28 31 30 29 26 25 33 40 38 37 35 39 36 34 46 47 42 48 44 41 43 45 51 50 52 49 55 54 56 53 57 61 62 58 60 64 63 59 65 69 70 71 68 67 72 66  3  7  8  6  2  4  1  5  9 10 16 14 11 15 12 13 22 17 21 20 23 19 24 18
 16 11 12 15 14 13 10  9 17 24 22 21 19 23 20 18 30 31 26 32 28 25 27 29 35 34 36 33 39 38 40 37 41 45 46 42 44 48 47 43 49 53 54 55 52 51 56 50 59 63 64 62 58 60 57 61 65 66 72 70 67 71 68 69  6  1  5  4  7  3  8  2
 64 59 60 63 62 61 58 57 65 72 70 69 67 71 68 66  6  7  2  8  4  1  3  5 11 10 12  9 15 14 16 13 17 21 22 18 20 24 23 19 25 29 30 31 28 27 32 26 35 39 40 38 34 36 33 37 41 42 48 46 43 47 44 45 54 49 53 52 55 51 56 50
 65 68 69 72 71 70 67 66  2  1  7  6  4  8  5  3 15 16 11  9 13 10 12 14 20 19 21 18 24 23 17 22 26 30 31 27 29 25 32 28 34 38 39 40 37 36 33 35 44 48 41 47 43 45 42 46 50 51 49 55 52 56 53 54 63 58 62 61 64 60 57 59
 57 60 61 64 63 62 59 58 66 65 71 70 68 72 69 67  7  8  3  1  5  2  4  6 12 11 13 10 16 15  9 14 18 22 23 19 21 17 24 20 26 30 31 32 29 28 25 27 36 40 33 39 35 37 34 38 42 43 41 47 44 48 45 46 55 50 54 53 56 52 49 51
 49 52 53 56 55 54 51 50 58 57 63 62 60 64 61 59 71 72 67 65 69 66 68 70  4  3  5  2  8  7  1  6 10 14 15 11 13  9 16 12 18 22 23 24 21 20 17 19 28 32 25 31 27 29 26 30 34 35 33 39 36 40 37 38 47 42 46 45 48 44 41 43
  9 12 13 16 15 14 11 10 18 17 23 22 20 24 21 19 31 32 27 25 29 26 28 30 36 35 37 34 40 39 33 38 42 46 47 43 45 41 48 44 50 54 55 56 53 52 49 51 60 64 57 63 59 61 58 62 66 67 65 71 68 72 69 70  7  2  6  5  8  4  1  3
 41 44 45 48 47 46 43 42 50 49 55 54 52 56 53 51 63 64 59 57 61 58 60 62 68 67 69 66 72 71 65 70  2  6  7  3  5  1  8  4 10 14 15 16 13 12  9 11 20 24 17 23 19 21 18 22 26 27 25 31 28 32 29 30 39 34 38 37 40 36 33 35
 25 28 29 32 31 30 27 26 34 33 39 38 36 40 37 35 47 48 43 41 45 42 44 46 52 51 53 50 56 55 49 54 58 62 63 59 61 57 64 60 66 70 71 72 69 68 65 67  4  8  1  7  3  5  2  6 10 11  9 15 12 16 13 14 23 18 22 21 24 20 17 19
  1  4  5  8  7  6  3  2 10  9 15 14 12 16 13 11 23 24 19 17 21 18 20 22 28 27 29 26 32 31 25 30 34 38 39 35 37 33 40 36 42 46 47 48 45 44 41 43 52 56 49 55 51 53 50 54 58 59 57 63 60 64 61 62 71 66 70 69 72 68 65 67
 17 20 21 24 23 22 19 18 26 25 31 30 28 32 29 27 39 40 35 33 37 34 36 38 44 43 45 42 48 47 41 46 50 54 55 51 53 49 56 52 58 62 63 64 61 60 57 59 68 72 65 71 67 69 66 70  2  3  1  7  4  8  5  6 15 10 14 13 16 12  9 11
 33 36 37 40 39 38 35 34 42 41 47 46 44 48 45 43 55 56 51 49 53 50 52 54 60 59 61 58 64 63 57 62 66 70 71 67 69 65 72 68  2  6  7  8  5  4  1  3 12 16  9 15 11 13 10 14 18 19 17 23 20 24 21 22 31 26 30 29 32 28 25 27
 50 53 54 49 56 55 52 51 59 58 64 63 61 57 62 60 72 65 68 66 70 67 69 71  5  4  6  3  1  8  2  7 11 15 16 12 14 10  9 13 19 23 24 17 22 21 18 20 29 25 26 32 28 30 27 31 35 36 34 40 37 33 38 39 48 43 47 46 41 45 42 44
 26 29 30 25 32 31 28 27 35 34 40 39 37 33 38 36 48 41 44 42 46 43 45 47 53 52 54 51 49 56 50 55 59 63 64 60 62 58 57 61 67 71 72 65 70 69 66 68  5  1  2  8  4  6  3  7 11 12 10 16 13  9 14 15 24 19 23 22 17 21 18 20
  2  5  6  1  8  7  4  3 11 10 16 15 13  9 14 12 24 17 20 18 22 19 21 23 29 28 30 27 25 32 26 31 35 39 40 36 38 34 33 37 43 47 48 41 46 45 42 44 53 49 50 56 52 54 51 55 59 60 58 64 61 57 62 63 72 67 71 70 65 69 66 68
 10 13 14  9 16 15 12 11 19 18 24 23 21 17 22 20 32 25 28 26 30 27 29 31 37 36 38 35 33 40 34 39 43 47 48 44 46 42 41 45 51 55 56 49 54 53 50 52 61 57 58 64 60 62 59 63 67 68 66 72 69 65 70 71  8  3  7  6  1  5  2  4
 42 45 46 41 48 47 44 43 51 50 56 55 53 49 54 52 64 57 60 58 62 59 61 63 69 68 70 67 65 72 66 71  3  7  8  4  6  2  1  5 11 15 16  9 14 13 10 12 21 17 18 24 20 22 19 23 27 28 26 32 29 25 30 31 40 35 39 38 33 37 34 36
 66 69 70 65 72 71 68 67  3  2  8  7  5  1  6  4 16  9 12 10 14 11 13 15 21 20 22 19 17 24 18 23 27 31 32 28 30 26 25 29 35 39 40 33 38 37 34 36 45 41 42 48 44 46 43 47 51 52 50 56 53 49 54 55 64 59 63 62 57 61 58 60
 18 21 22 17 24 23 20 19 27 26 32 31 29 25 30 28 40 33 36 34 38 35 37 39 45 44 46 43 41 48 42 47 51 55 56 52 54 50 49 53 59 63 64 57 62 61 58 60 69 65 66 72 68 70 67 71  3  4  2  8  5  1  6  7 16 11 15 14  9 13 10 12
 58 61 62 57 64 63 60 59 67 66 72 71 69 65 70 68  8  1  4  2  6  3  5  7 13 12 14 11  9 16 10 15 19 23 24 20 22 18 17 21 27 31 32 25 30 29 26 28 37 33 34 40 36 38 35 39 43 44 42 48 45 41 46 47 56 51 55 54 49 53 50 52
 34 37 38 33 40 39 36 35 43 42 48 47 45 41 46 44 56 49 52 50 54 51 53 55 61 60 62 59 57 64 58 63 67 71 72 68 70 66 65 69  3  7  8  1  6  5  2  4 13  9 10 16 12 14 11 15 19 20 18 24 21 17 22 23 32 27 31 30 25 29 26 28
 43 46 47 42 41 48 45 44 52 51 49 56 54 50 55 53 57 58 61 59 63 60 62 64 70 69 71 68 66 65 67 72  4  8  1  5  7  3  2  6 12 16  9 10 15 14 11 13 22 18 19 17 21 23 20 24 28 29 27 25 30 26 31 32 33 36 40 39 34 38 35 37
  3  6  7  2  1  8  5  4 12 11  9 16 14 10 15 13 17 18 21 19 23 20 22 24 30 29 31 28 26 25 27 32 36 40 33 37 39 35 34 38 44 48 41 42 47 46 43 45 54 50 51 49 53 55 52 56 60 61 59 57 62 58 63 64 65 68 72 71 66 70 67 69
 11 14 15 10  9 16 13 12 20 19 17 24 22 18 23 21 25 26 29 27 31 28 30 32 38 37 39 36 34 33 35 40 44 48 41 45 47 43 42 46 52 56 49 50 55 54 51 53 62 58 59 57 61 63 60 64 68 69 67 65 70 66 71 72  1  4  8  7  2  6  3  5
 59 62 63 58 57 64 61 60 68 67 65 72 70 66 71 69  1  2  5  3  7  4  6  8 14 13 15 12 10  9 11 16 20 24 17 21 23 19 18 22 28 32 25 26 31 30 27 29 38 34 35 33 37 39 36 40 44 45 43 41 46 42 47 48 49 52 56 55 50 54 51 53
 67 70 71 66 65 72 69 68  4  3  1  8  6  2  7  5  9 10 13 11 15 12 14 16 22 21 23 20 18 17 19 24 28 32 25 29 31 27 26 30 36 40 33 34 39 38 35 37 46 42 43 41 45 47 44 48 52 53 51 49 54 50 55 56 57 60 64 63 58 62 59 61
 27 30 31 26 25 32 29 28 36 35 33 40 38 34 39 37 41 42 45 43 47 44 46 48 54 53 55 52 50 49 51 56 60 64 57 61 63 59 58 62 68 72 65 66 71 70 67 69  6  2  3  1  5  7  4  8 12 13 11  9 14 10 15 16 17 20 24 23 18 22 19 21
 35 38 39 34 33 40 37 36 44 43 41 48 46 42 47 45 49 50 53 51 55 52 54 56 62 61 63 60 58 57 59 64 68 72 65 69 71 67 66 70  4  8  1  2  7  6  3  5 14 10 11  9 13 15 12 16 20 21 19 17 22 18 23 24 25 28 32 31 26 30 27 29
 51 54 55 50 49 56 53 52 60 59 57 64 62 58 63 61 65 66 69 67 71 68 70 72  6  5  7  4  2  1  3  8 12 16  9 13 15 11 10 14 20 24 17 18 23 22 19 21 30 26 27 25 29 31 28 32 36 37 35 33 38 34 39 40 41 44 48 47 42 46 43 45
 19 22 23 18 17 24 21 20 28 27 25 32 30 26 31 29 33 34 37 35 39 36 38 40 46 45 47 44 42 41 43 48 52 56 49 53 55 51 50 54 60 64 57 58 63 62 59 61 70 66 67 65 69 71 68 72  4  5  3  1  6  2  7  8  9 12 16 15 10 14 11 13
 68 71 72 67 66 65 70 69  5  4  2  1  7  3  8  6 10 11 14 12 16 13 15  9 23 22 24 21 19 18 20 17 29 25 26 30 32 28 27 31 37 33 34 35 40 39 36 38 47 43 44 42 46 48 45 41 53 54 52 50 55 51 56 49 58 61 57 64 59 63 60 62
 12 15 16 11 10  9 14 13 21 20 18 17 23 19 24 22 26 27 30 28 32 29 31 25 39 38 40 37 35 34 36 33 45 41 42 46 48 44 43 47 53 49 50 51 56 55 52 54 63 59 60 58 62 64 61 57 69 70 68 66 71 67 72 65  2  5  1  8  3  7  4  6
 44 47 48 43 42 41 46 45 53 52 50 49 55 51 56 54 58 59 62 60 64 61 63 57 71 70 72 69 67 66 68 65  5  1  2  6  8  4  3  7 13  9 10 11 16 15 12 14 23 19 20 18 22 24 21 17 29 30 28 26 31 27 32 25 34 37 33 40 35 39 36 38
 36 39 40 35 34 33 38 37 45 44 42 41 47 43 48 46 50 51 54 52 56 53 55 49 63 62 64 61 59 58 60 57 69 65 66 70 72 68 67 71  5  1  2  3  8  7  4  6 15 11 12 10 14 16 13  9 21 22 20 18 23 19 24 17 26 29 25 32 27 31 28 30
 60 63 64 59 58 57 62 61 69 68 66 65 71 67 72 70  2  3  6  4  8  5  7  1 15 14 16 13 11 10 12  9 21 17 18 22 24 20 19 23 29 25 26 27 32 31 28 30 39 35 36 34 38 40 37 33 45 46 44 42 47 43 48 41 50 53 49 56 51 55 52 54
 52 55 56 51 50 49 54 53 61 60 58 57 63 59 64 62 66 67 70 68 72 69 71 65  7  6  8  5  3  2  4  1 13  9 10 14 16 12 11 15 21 17 18 19 24 23 20 22 31 27 28 26 30 32 29 25 37 38 36 34 39 35 40 33 42 45 41 48 43 47 44 46
 20 23 24 19 18 17 22 21 29 28 26 25 31 27 32 30 34 35 38 36 40 37 39 33 47 46 48 45 43 42 44 41 53 49 50 54 56 52 51 55 61 57 58 59 64 63 60 62 71 67 68 66 70 72 69 65  5  6  4  2  7  3  8  1 10 13  9 16 11 15 12 14
  4  7  8  3  2  1  6  5 13 12 10  9 15 11 16 14 18 19 22 20 24 21 23 17 31 30 32 29 27 26 28 25 37 33 34 38 40 36 35 39 45 41 42 43 48 47 44 46 55 51 52 50 54 56 53 49 61 62 60 58 63 59 64 57 66 69 65 72 67 71 68 70
 28 31 32 27 26 25 30 29 37 36 34 33 39 35 40 38 42 43 46 44 48 45 47 41 55 54 56 53 51 50 52 49 61 57 58 62 64 60 59 63 69 65 66 67 72 71 68 70  7  3  4  2  6  8  5  1 13 14 12 10 15 11 16  9 18 21 17 24 19 23 20 22
