 17 18 23  1 24  2  7 13 20 22 12 19  6 16 14  8  4 21 15  5 11 10  9  3
 10  3  1 23 22 12  2  4 18 15 20 13 17  5  8 16 11 14 21 19  9 24  6  7
 20 16 15 14 21 19  1 22  8  5  7 24 13  3 10 18  2  9 17 12  6 11  4 23
  6  9  5 20 16 11 21  3 10  4  1  2 23 22 18 12 24 19 14  7 13 17 15  8
 11  2 19 18 10  6 23  5 24  9 16 21  4  1 20  7 15 17  8  3 22 12 14 13
  7 21  4 17 15  9 12 11  6 23 14  8 24 19  2 13 22  3 10 16 18 20  1  5
 24 13  8  7  3  5 19  9 14 10 17 18 15 12 11 23  1  6  2  4 20 22 16 21
 12 22 14 13  4  8 17 16 15  6  3 11 21  9  7  5 10 20  1 24 23 18  2 19
  4  7 11  6 19 22 24  1 13 16  5  9 12 15 23 14 17  2 20  8 21  3 18 10
 14  8 22  5  2 15 10 17  9 24  6 12  3 20 13 19 23 11 16 18  4 21  7  1
  3 12 20 10 14  1 16  7  4 13 21 17 11 24  6 22 18 15 19 23  2  8  5  9
 15  6 21  8  7 20 14 19  3 11 22  4 16 18  9 24 12  5 13 10  1 23 17  2
  1 23 17 11  9  3  8 15  5 14 18 20 22  2 19 21 16 10 24  6  7  4 13 12
  2  5 16 21 23 18 22  6 12 19  8  1 14 10  4 20 13  7  9 17  3 15 24 11
  9 10 24 16 13 17 20 18  2  3 15 23  7 21  1  4  6  8 12 11  5 19 22 14
 18 19 13 24 12  4 11 21 23  2 10  7  5  8 17  9  3  1 22 14 15 16 20  6
  5 17  9 22 18 14  4 10  1 12 24 16  8  7 21 11 20 23  6  2 19 13  3 15
 19 15  6 12  5 23 18 24 17 21 13 14 20 11  3 10  9  4  7  1 16  2  8 22
 22 20  7 15 17 16 13 14 11 18 23  5  9  6 12  2 19 24  3 21  8  1 10  4
 21 14  2  9 20  7  5 12 19 17  4  3  1 13 24 15  8 16 11 22 10  6 23 18
 13  1 12  2  6 24  3 23 22  8 11 10 19  4 16 17  7 18  5 15 14  9 21 20
 23  4  3 19  1 13 15  8 16 20  2 22 10 14  5  6 21 12 18  9 24  7 11 17
 16 11 10  4  8 21  6  2  7  1  9 15 18 17 22  3 14 13 23 20 12  5 19 24
  8 24 18  3 11 10  9 20 21  7 19  6  2 23 15  1  5 22  4 13 17 14 12 16
