  5 13  8  7 11  6  9  3 14 15  1  2 10 12 16  4
 13 11 12  8  2  3  6  7  4  9 15  5 16  1 14 10
  6 12 14  9 16 11  5  1  7  4 13  3 15  2 10  8
  7  4  6 10 14  9  3 13  8  1  2 15 11  5 12 16
  4 15 13  6  8 10 14 12  5 11  3  1  2 16  9  7
 11  9 10 15  6  8 13  5 16 14  4 12  3  7  2  1
  1  7 15 13 10 14  8 16  3  6 11  4 12  9  5  2
  3  6 16 11 13  4 10  9 12  2 14  7  1 15  8  5
  9  5 11 12 15  1  7  6  2  3 16 14  8 10  4 13
 15  1  7 16  9 13  2  8  6 10 12 11  5  4  3 14
 14 10  2  1 12 15 16 11  9  8  5 13  4  3  7  6
 10  3  4  2  1 16 11 14 15  5  7  6  9  8 13 12
 16  8  9 14  3  5  4  2 11 12  6 10  7 13  1 15
  8  2  5  4  7 12  1 15 13 16 10  9 14 11  6  3
 12 14  3  5  4  2 15 10  1  7  8 16 13  6 11  9
  2 16  1  3  5  7 12  4 10 13  9  8  6 14 15 11
