  2  4  7  5  3  8 11  6 13 16 14 10 15  9 12  1
 11 12  5 15 14 13  2  7  8  6 16  1 10  3  9  4
  3 14  2 16 11 12  9  1  6  5  8  4  7 13 15 10
 13  8 16 11  4  9 10  2 12  3  6  5  1 14  7 15
  4  3 11  8 16  5 12  9  2 14 10 13  6 15  1  7
 10  7  4 12  8  2  6  5  9 15  3 14 11  1 16 13
  1 13 12  4  5 10 14  8 16 11  9 15  2  7  3  6
  5  2 13 14 15 11  8 10  7  4  1  3  9 16  6 12
  8 16 15 10  6 14  5 11  3  1 13  7  4 12  2  9
 12  1 10 13  7  4 15  3  5  8 11  9 16  6 14  2
  9 15  1  3 12 16 13 14 10  2  7  6  8  4  5 11
  6 11  3  1 13  7 16 12  4  9 15  8 14  2 10  5
 14  9  6  2 10  3  1 15 11  7  4 16 12  5 13  8
  7 10  8  6  9 15  3 16  1 12  5  2 13 11  4 14
 16  6 14  9  2  1  7  4 15 13 12 11  5 10  8  3
 15  5  9  7  1  6  4 13 14 10  2 12  3  8 11 16
