 13  4  3  8 12  6  7  9  1 11 10 15 16 14  5  2
  1 14 16  2 10 15  3  7  5 12  9 13  4  6  8 11
  8  3  5  7 15  1  2 16  6  4 14 10  9 13 11 12
  4  8 15 12  6  3 10  5 11  7  1 16 13  9  2 14
  3 16 10 14  8  4 15 12  9 13  5  1 11  2  6  7
 16 12  2  3 11 10  1  6 15  5 13  9  8  7 14  4
  7  5  6 10  3  8 13 11 16  2 12  4 14  1  9 15
  6 11  8  1 14  7  4  3 12 16  2  5 10 15 13  9
 15  7 13  6  4 14  8 10  3  9 11 12  2 16  1  5
  9 15 14  4  7 12  6  8 10  1 16  2  5 11  3 13
 14 13  7 15  9  2 11  4  8 10  3  6 12  5 16  1
  2  1  4  9 13 11  5 15  7  6  8 14  3 10 12 16
  5  9 11 13  2 16 14  1  4  3  7  8 15 12 10  6
 12  6  9  5  1 13 16  2 14  8 15 11  7  3  4 10
 11 10  1 16  5  9 12 13  2 14  4  7  6  8 15  3
 10  2 12 11 16  5  9 14 13 15  6  3  1  4  7  8
