 12  3  1 11  4 10 14 16 13  9  7  5  8 15  2  6
 13  6 15  9 12  5  7 11  8 14  3  2  4 16  1 10
 16  5  8  7 13  1 15  3 11  6  9 12 14 10  4  2
 10 15  9  6  7 16  4  8  5 11  2  3 13 14 12  1
  4  8  5  3  6  9  2  7 15 13 12  1 10 11 14 16
  8 11 13  5  9  7  1 15  2  4 14 16 12  6 10  3
  3  7  4 10  1 14  6  2 16 15 11  8  9 12 13  5
 11  9  3 13 16  4 10  5  7  2 15 14  1  8  6 12
  9 12 10  8  5  2 11  4  1  3  6 15  7 13 16 14
  1  4 12 16  8  6  5 10 14  7 13 11 15  2  3  9
  5  1  7  4  3 13 16 14  6 12  8 10  2  9 15 11
  2 10 14 12 15  8 13  1  4  5 16  9  6  3 11  7
 14  2  6 15 10 12  8  9  3 16  4  7 11  1  5 13
  6 16  2  1 14 11  3 13 12  8 10  4  5  7  9 15
 15 13 11 14  2  3  9 12 10  1  5  6 16  4  7  8
  7 14 16  2 11 15 12  6  9 10  1 13  3  5  8  4
