  5 15 11  8  3 10  1  9  7  2 16  6 13 12  4 14
  8 12  9 11 14  2  3 10  6 13  7  4  5 16  1 15
 12  7  4  9 13  8 14 15  2 11  3  1 10  5 16  6
 11  8 12  7  9  3  2 14  1  4  6 16 15 13  5 10
  4 16 15 10 12  9 11  3  8  1 14  7  6  2 13  5
 13  4  8 12 11 14 10  5  3  7  1  9 16 15  6  2
 16 11 10  4  2 15  8 12 14  6  9  5  7  1  3 13
  6 13  3 15  7 11  9  4 12  8  5 14  1 10  2 16
  9  6 13  5 16  7  4 11 10  3  8 12  2 14 15  1
  7 10  6  3  4 16 13  1  5 14 15  2 12  9 11  8
  2  1  7  6 10 13  5  8  9 16 12 15  4 11 14  3
  1  9  2 16  6  4 15  7 11  5 10 13 14  3  8 12
 15  2 16 14  1  5  7 13  4 10 11  3  8  6 12  9
 14  5  1 13  8  6 12 16 15  9  2 11  3  7 10  4
  3 14  5  2 15  1 16  6 13 12  4 10 11  8  9  7
 10  3 14  1  5 12  6  2 16 15 13  8  9  4  7 11
