  3 20  9 14  4 13  6 12  2  8 17  5 24 18 10 21  1 23 15 11 22 19  7 16
  1 17 20 24 22  3 14  6 13 12  8 15 16 10  9  4  2 11 21  5 18  7 23 19
 13  5 17 19  6  4 24 15 20 14  3 23 21  8 22 11  7 18  9 16  2 10 12  1
 24  4  1  9 18 22 15  7 12 17 10  8 13 11 16  6 21  3 19 23  5  2 20 14
  7 22  5  8 21  6 10 14 11  2 23 19 12 16  4 24 13 17  3 18  1 20  9 15
 11 10 12 20  9 16 22  4 19 18  2  7  3 13  1  5  6 15 17 21 14 23  8 24
 10 24 23 12  5 15  4 16  8 11 21  6  7 22 13  2  9 20 18  3 19  1 14 17
 20  1 16 11 24  9 19 10  6 15  4 21 18  3  5 14 23  7  8  2 12 17 22 13
  5  3  4 18 20  7  9 22 24  1 11 12 17 21  6 13 19 10 23  8 15 14 16  2
 22 18 13 15  2 24 20  9  4 16 14 17  8  6  3 10 12 21 11 19 23  5  1  7
 23 19 24  3  1  5 12 11 22 13 15 14  4 17  8 16 10  2  7 20  6 21 18  9
  4 13 11 21 19 23 16  2  7  6  1 20 15 12 17  3 24  5 14  9  8 18 10 22
  8 16 22  5 23 18  3 24  1 19 20 10  6  4 21 12 14  9  2 17  7 15 13 11
 18 12  8  1 11 14 17 23  9 24  7 22 10 19  2 15 16  6  4 13 21  3  5 20
  6 23 10 16  7  1  5 20 14 22  9  4 11 24 18  8 17 19 12 15  3 13  2 21
 19  6  2 22  8 20 11  3 16  9 24 18 14  5 15 17  4 13  1  7 10 12 21 23
  9  7  3  4 13 19  2  5 17 21 12 16 23 15 14 18  8 24  6  1 20 22 11 10
 15 11  7 10 14 21 13 19 18 20 22  1  2 23 12  9  3  4 24  6 16  8 17  5
 14  9  6 23 16 11  1 18 21  3 13 24  5  2 19  7 20  8 10 22 17  4 15 12
  2 15 14 17  3  8 18 21 10  4 19 13  1  7 23 22  5 16 20 12  9 11 24  6
 12  2 21  7 17 10 23  8  3  5 18 11 20  9 24 19 15  1 22 14 13 16  6  4
 21  8 19  6 15 17  7 13 23 10 16  2 22 14 20  1 18 12  5 24 11  9  4  3
 17 21 15 13 12  2  8  1  5  7  6  3  9 20 11 23 22 14 16 10  4 24 19 18
 16 14 18  2 10 12 21 17 15 23  5  9 19  1  7 20 11 22 13  4 24  6  3  8
