 10  8 13  6 20 23 19  2  3  4  1 22 14  9 16 17 11 21 12  7 15 18  5 24
 24 20 17 22 13  5 12 16 21  1  4  2 23  3  9 11  7 18 10 14  8 15  6 19
 19  2 20 17  4 12  9 14  7 15 22 10 24  5 11  8 23  1 18 21  6 16 13  3
  1 24 12 14  2  4 13 10 22 19 20  8  5 11 23  6  3 16 21  9  7 17 15 18
 23  3  9 16  7 10  4  5  1 18 17 20 22 21 13 14 12 19 24  6  2  8 11 15
 15 10  1  3 22 16  6 12  5  2 14 17 13  4 24 19 21 11  9 20 18  7 23  8
  3  6  7 10  1 20  8  4 16 17 12 14  9 13 15 21 24 22  2 19 23  5 18 11
 11 23  3  1  5  2 16  8 18  6 19  4 20  7 10  9 13 12 17 15 21 22 24 14
 18 15 22 12  9  8  3  7 23 16 13  5 17 14  4  1  6  2 19 24 10 11 20 21
  7 13 15 21 10  1 22 24  4  8 16 19  2 23  5 12 14  9 11 18 20  6  3 17
  8  5 16 11 19 22 21  6  2 10 18 23  4 17 14 13 20 15  1 12 24  3  7  9
  2 18 19  4 14 13  1 11  8 12 10 16  3 22 17 20 15  6 23  5  9 24 21  7
  4 19 24  9  6 18  5 17 10 21  8 13 16  2 22 23  1  7 15 11  3 20 14 12
 12 16  6 13  3 24 15 20 17 11  2 18 10  8 19  4  5 23  7  1 14 21  9 22
 22 17 18 15 11  6 10  3 12 13 21  9  8 16  2  7  4 24 20 23  1 14 19  5
 17  4 10 24 21 11 23 15 14  5  7  1 18 12  8 16  2 13  6  3 19  9 22 20
  6  1  4 18  8 17 11 21 20 23 15  7 12 24  3  2  9 14  5 22 13 19 10 16
 14 11  2 20 16 19 18  1  6  3  9 24  7 10 21 15 22  4 13 17  5 12  8 23
  5  9  8 19 15  3 17 18 13 22  6 11 21 20  7 24 16 10 14  2 12 23  1  4
 21  7  5 23 24 15 20 19  9 14  3  6  1 18 12 22 17  8  4 13 11  2 16 10
 16 21 14  7 18  9  2 23 19 24  5  3 11 15  6 10  8 20 22  4 17 13 12  1
  9 12 11  8 17 21 14 13 24  7 23 15  6 19 20  3 18  5 16 10 22  1  4  2
 20 14 21  5 23  7 24 22 15  9 11 12 19  6  1 18 10 17  3  8 16  4  2 13
 13 22 23  2 12 14  7  9 11 20 24 21 15  1 18  5 19  3  8 16  4 10 17  6
