 18 14 17 16 13 15  6  5  3  4  2  1 10 12 11  7  9  8
 12  8 11 10  7  9 18 17 15 16 14 13  4  6  5  1  3  2
  6  2  5  4  1  3 12 11  9 10  8  7 16 18 17 13 15 14
  1  3  6  5  2  4  7 12 10 11  9  8 17 13 18 14 16 15
  7  9 12 11  8 10 13 18 16 17 15 14  5  1  6  2  4  3
 13 15 18 17 14 16  1  6  4  5  3  2 11  7 12  8 10  9
  8 10  7 12  9 11 14 13 17 18 16 15  6  2  1  3  5  4
 14 16 13 18 15 17  2  1  5  6  4  3 12  8  7  9 11 10
  2  4  1  6  3  5  8  7 11 12 10  9 18 14 13 15 17 16
 15 17 14 13 16 18  3  2  6  1  5  4  7  9  8 10 12 11
  3  5  2  1  4  6  9  8 12  7 11 10 13 15 14 16 18 17
  9 11  8  7 10 12 15 14 18 13 17 16  1  3  2  4  6  5
 16 18 15 14 17 13  4  3  1  2  6  5  8 10  9 11  7 12
  4  6  3  2  5  1 10  9  7  8 12 11 14 16 15 17 13 18
 10 12  9  8 11  7 16 15 13 14 18 17  2  4  3  5  1  6
 11  7 10  9 12  8 17 16 14 15 13 18  3  5  4  6  2  1
 17 13 16 15 18 14  5  4  2  3  1  6  9 11 10 12  8  7
  5  1  4  3  6  2 11 10  8  9  7 12 15 17 16 18 14 13
