  6  2  4  1  3  5  8  7 11  9 12 10 14 17 16 13 18 15 24 23 22 21 19 20 28 26 25 29 27 30 33 36 31 34 35 32 41 38 42 37 39 40 48 47 46 43 44 45
 24 20 22 19 21 23 26 25 29 27 30 28 32 35 34 31 36 33 42 41 40 39 37 38 46 44 43 47 45 48  3  6  1  4  5  2 11  8 12  7  9 10 18 17 16 13 14 15
 18 14 16 13 15 17 20 19 23 21 24 22 26 29 28 25 30 27 36 35 34 33 31 32 40 38 37 41 39 42 45 48 43 46 47 44  5  2  6  1  3  4 12 11 10  7  8  9
 42 38 40 37 39 41 44 43 47 45 48 46  2  5  4  1  6  3 12 11 10  9  7  8 16 14 13 17 15 18 21 24 19 22 23 20 29 26 30 25 27 28 36 35 34 31 32 33
 48 44 46 43 45 47  2  1  5  3  6  4  8 11 10  7 12  9 18 17 16 15 13 14 22 20 19 23 21 24 27 30 25 28 29 26 35 32 36 31 33 34 42 41 40 37 38 39
 36 32 34 31 33 35 38 37 41 39 42 40 44 47 46 43 48 45  6  5  4  3  1  2 10  8  7 11  9 12 15 18 13 16 17 14 23 20 24 19 21 22 30 29 28 25 26 27
 12  8 10  7  9 11 14 13 17 15 18 16 20 23 22 19 24 21 30 29 28 27 25 26 34 32 31 35 33 36 39 42 37 40 41 38 47 44 48 43 45 46  6  5  4  1  2  3
 30 26 28 25 27 29 32 31 35 33 36 34 38 41 40 37 42 39 48 47 46 45 43 44  4  2  1  5  3  6  9 12  7 10 11  8 17 14 18 13 15 16 24 23 22 19 20 21
 19 21 23 20 22 24 27 26 30 28 25 29 33 36 35 32 31 34 37 42 41 40 38 39 47 45 44 48 46 43  4  1  2  5  6  3 12  9  7  8 10 11 13 18 17 14 15 16
 31 33 35 32 34 36 39 38 42 40 37 41 45 48 47 44 43 46  1  6  5  4  2  3 11  9  8 12 10  7 16 13 14 17 18 15 24 21 19 20 22 23 25 30 29 26 27 28
 43 45 47 44 46 48  3  2  6  4  1  5  9 12 11  8  7 10 13 18 17 16 14 15 23 21 20 24 22 19 28 25 26 29 30 27 36 33 31 32 34 35 37 42 41 38 39 40
 13 15 17 14 16 18 21 20 24 22 19 23 27 30 29 26 25 28 31 36 35 34 32 33 41 39 38 42 40 37 46 43 44 47 48 45  6  3  1  2  4  5  7 12 11  8  9 10
 37 39 41 38 40 42 45 44 48 46 43 47  3  6  5  2  1  4  7 12 11 10  8  9 17 15 14 18 16 13 22 19 20 23 24 21 30 27 25 26 28 29 31 36 35 32 33 34
  7  9 11  8 10 12 15 14 18 16 13 17 21 24 23 20 19 22 25 30 29 28 26 27 35 33 32 36 34 31 40 37 38 41 42 39 48 45 43 44 46 47  1  6  5  2  3  4
 25 27 29 26 28 30 33 32 36 34 31 35 39 42 41 38 37 40 43 48 47 46 44 45  5  3  2  6  4  1 10  7  8 11 12  9 18 15 13 14 16 17 19 24 23 20 21 22
  1  3  5  2  4  6  9  8 12 10  7 11 15 18 17 14 13 16 19 24 23 22 20 21 29 27 26 30 28 25 34 31 32 35 36 33 42 39 37 38 40 41 43 48 47 44 45 46
 38 40 42 39 41 37 46 45 43 47 44 48  4  1  6  3  2  5  8  7 12 11  9 10 18 16 15 13 17 14 23 20 21 24 19 22 25 28 26 27 29 30 32 31 36 33 34 35
 26 28 30 27 29 25 34 33 31 35 32 36 40 37 42 39 38 41 44 43 48 47 45 46  6  4  3  1  5  2 11  8  9 12  7 10 13 16 14 15 17 18 20 19 24 21 22 23
  2  4  6  3  5  1 10  9  7 11  8 12 16 13 18 15 14 17 20 19 24 23 21 22 30 28 27 25 29 26 35 32 33 36 31 34 37 40 38 39 41 42 44 43 48 45 46 47
  8 10 12  9 11  7 16 15 13 17 14 18 22 19 24 21 20 23 26 25 30 29 27 28 36 34 33 31 35 32 41 38 39 42 37 40 43 46 44 45 47 48  2  1  6  3  4  5
 14 16 18 15 17 13 22 21 19 23 20 24 28 25 30 27 26 29 32 31 36 35 33 34 42 40 39 37 41 38 47 44 45 48 43 46  1  4  2  3  5  6  8  7 12  9 10 11
 20 22 24 21 23 19 28 27 25 29 26 30 34 31 36 33 32 35 38 37 42 41 39 40 48 46 45 43 47 44  5  2  3  6  1  4  7 10  8  9 11 12 14 13 18 15 16 17
 32 34 36 33 35 31 40 39 37 41 38 42 46 43 48 45 44 47  2  1  6  5  3  4 12 10  9  7 11  8 17 14 15 18 13 16 19 22 20 21 23 24 26 25 30 27 28 29
 44 46 48 45 47 43  4  3  1  5  2  6 10  7 12  9  8 11 14 13 18 17 15 16 24 22 21 19 23 20 29 26 27 30 25 28 31 34 32 33 35 36 38 37 42 39 40 41
 27 29 25 28 30 26 35 34 32 36 33 31 41 38 37 40 39 42 45 44 43 48 46 47  1  5  4  2  6  3 12  9 10  7  8 11 14 17 15 16 18 13 21 20 19 22 23 24
 45 47 43 46 48 44  5  4  2  6  3  1 11  8  7 10  9 12 15 14 13 18 16 17 19 23 22 20 24 21 30 27 28 25 26 29 32 35 33 34 36 31 39 38 37 40 41 42
 15 17 13 16 18 14 23 22 20 24 21 19 29 26 25 28 27 30 33 32 31 36 34 35 37 41 40 38 42 39 48 45 46 43 44 47  2  5  3  4  6  1  9  8  7 10 11 12
  9 11  7 10 12  8 17 16 14 18 15 13 23 20 19 22 21 24 27 26 25 30 28 29 31 35 34 32 36 33 42 39 40 37 38 41 44 47 45 46 48 43  3  2  1  4  5  6
 39 41 37 40 42 38 47 46 44 48 45 43  5  2  1  4  3  6  9  8  7 12 10 11 13 17 16 14 18 15 24 21 22 19 20 23 26 29 27 28 30 25 33 32 31 34 35 36
 21 23 19 22 24 20 29 28 26 30 27 25 35 32 31 34 33 36 39 38 37 42 40 41 43 47 46 44 48 45  6  3  4  1  2  5  8 11  9 10 12  7 15 14 13 16 17 18
  3  5  1  4  6  2 11 10  8 12  9  7 17 14 13 16 15 18 21 20 19 24 22 23 25 29 28 26 30 27 36 33 34 31 32 35 38 41 39 40 42 37 45 44 43 46 47 48
 33 35 31 34 36 32 41 40 38 42 39 37 47 44 43 46 45 48  3  2  1  6  4  5  7 11 10  8 12  9 18 15 16 13 14 17 20 23 21 22 24 19 27 26 25 28 29 30
 10 12  8 11  7  9 18 17 15 13 16 14 24 21 20 23 22 19 28 27 26 25 29 30 32 36 35 33 31 34 37 40 41 38 39 42 45 48 46 47 43 44  4  3  2  5  6  1
 34 36 32 35 31 33 42 41 39 37 40 38 48 45 44 47 46 43  4  3  2  1  5  6  8 12 11  9  7 10 13 16 17 14 15 18 21 24 22 23 19 20 28 27 26 29 30 25
 16 18 14 17 13 15 24 23 21 19 22 20 30 27 26 29 28 25 34 33 32 31 35 36 38 42 41 39 37 40 43 46 47 44 45 48  3  6  4  5  1  2 10  9  8 11 12  7
 28 30 26 29 25 27 36 35 33 31 34 32 42 39 38 41 40 37 46 45 44 43 47 48  2  6  5  3  1  4  7 10 11  8  9 12 15 18 16 17 13 14 22 21 20 23 24 19
 40 42 38 41 37 39 48 47 45 43 46 44  6  3  2  5  4  1 10  9  8  7 11 12 14 18 17 15 13 16 19 22 23 20 21 24 27 30 28 29 25 26 34 33 32 35 36 31
 46 48 44 47 43 45  6  5  3  1  4  2 12  9  8 11 10  7 16 15 14 13 17 18 20 24 23 21 19 22 25 28 29 26 27 30 33 36 34 35 31 32 40 39 38 41 42 37
  4  6  2  5  1  3 12 11  9  7 10  8 18 15 14 17 16 13 22 21 20 19 23 24 26 30 29 27 25 28 31 34 35 32 33 36 39 42 40 41 37 38 46 45 44 47 48 43
 22 24 20 23 19 21 30 29 27 25 28 26 36 33 32 35 34 31 40 39 38 37 41 42 44 48 47 45 43 46  1  4  5  2  3  6  9 12 10 11  7  8 16 15 14 17 18 13
 23 19 21 24 20 22 25 30 28 26 29 27 31 34 33 36 35 32 41 40 39 38 42 37 45 43 48 46 44 47  2  5  6  3  4  1 10  7 11 12  8  9 17 16 15 18 13 14
  5  1  3  6  2  4  7 12 10  8 11  9 13 16 15 18 17 14 23 22 21 20 24 19 27 25 30 28 26 29 32 35 36 33 34 31 40 37 41 42 38 39 47 46 45 48 43 44
 41 37 39 42 38 40 43 48 46 44 47 45  1  4  3  6  5  2 11 10  9  8 12  7 15 13 18 16 14 17 20 23 24 21 22 19 28 25 29 30 26 27 35 34 33 36 31 32
 47 43 45 48 44 46  1  6  4  2  5  3  7 10  9 12 11  8 17 16 15 14 18 13 21 19 24 22 20 23 26 29 30 27 28 25 34 31 35 36 32 33 41 40 39 42 37 38
 29 25 27 30 26 28 31 36 34 32 35 33 37 40 39 42 41 38 47 46 45 44 48 43  3  1  6  4  2  5  8 11 12  9 10  7 16 13 17 18 14 15 23 22 21 24 19 20
 17 13 15 18 14 16 19 24 22 20 23 21 25 28 27 30 29 26 35 34 33 32 36 31 39 37 42 40 38 41 44 47 48 45 46 43  4  1  5  6  2  3 11 10  9 12  7  8
 11  7  9 12  8 10 13 18 16 14 17 15 19 22 21 24 23 20 29 28 27 26 30 25 33 31 36 34 32 35 38 41 42 39 40 37 46 43 47 48 44 45  5  4  3  6  1  2
 35 31 33 36 32 34 37 42 40 38 41 39 43 46 45 48 47 44  5  4  3  2  6  1  9  7 12 10  8 11 14 17 18 15 16 13 22 19 23 24 20 21 29 28 27 30 25 26
