 15  9  4 13  5 10  7  2  6  3 16  8  1 12 14 11
 11  7  1  9  3  8 13  5 16 10 15  2 14  4  6 12
  2 16  6 11 13 14  8  9  5  1 12  3 15  7  4 10
  5  4 15 10 12 16 11  6 13  7  9 14  8  2  3  1
  8 13  5 14 11  9 12 15  2  4  1 10  3  6  7 16
 12 14  7  2  4  1 16  3  8 15  6  5 11 10 13  9
  3  1 16  8 15  6  4 10 12 14  7 11  9 13  2  5
 10  6  3 12  2  7  1 14 11  9  4 13 16  5 15  8
 16  8 10  5  6  2 15  4  9 11 13  1  7  3 12 14
  6 15 13  7  9  5  2  8  1 12 10 16  4 14 11  3
  7  5  8  3 10 13 14  1  4  2 11 12  6 16  9 15
 14 10  9  6 16  3  5  7 15  8  2  4 12 11  1 13
 13  2 12 15  1 11  6 16  3  5 14  7 10  9  8  4
  9 12 14 16  8  4  3 11  7  6  5 15 13  1 10  2
  1 11  2  4  7 15 10 12 14 13  3  9  5  8 16  6
  4  3 11  1 14 12  9 13 10 16  8  6  2 15  5  7
