 15  8 13  2 16 12 14 10 11  5  7  3  4  1  9  6
  5  7  9  4 14  2 16 11 10 13  6  1  8 12 15  3
 16  6  8  5  1  7 15  2  4 14 13 10  3  9 11 12
  3 10  6 16 13  9  8  5  1  2 11 12 15  7  4 14
  4 14  7 10  8  6  1  9  3 12  5 15 13 11 16  2
  9  2 14 15  4 11  3 12  6  7 16  8  5 10  1 13
 12 11  1  3  5 15  4 13  9  8 14  2  6 16  7 10
  1 13 12 11 10  3  6  7 15 16  9  4 14  2  8  5
 11  5  4  1 12  8 13 15  7 10  2  6 16 14  3  9
  7  4 16 14  3 13  5  8 12  9  1 11  2  6 10 15
 14 12  5  9 11 16 10  3  8  6 15 13  7  4  2  1
  8 16  2  7  6 10 11 14  5  3 12  9  1 15 13  4
  2 15  3  8  7  5 12  1 14  4 10 16  9 13  6 11
 10  1 15 13  9  4  7  6  2 11  8  5 12  3 14 16
 13  9 11  6 15 14  2  4 16  1  3  7 10  5 12  8
  6  3 10 12  2  1  9 16 13 15  4 14 11  8  5  7
