 53 51 55 54 56 50 52 57 60 62 63 61 58 59  7  5  4  2  1  6  3 11  9 10 14 13  8 12 19 20 15 17 18 16 21 26 23 28 22 25 27 24 31 32 34 35 30 29 33 36 42 41 38 40 37 39 49 46 44 48 45 43 47
 18 16 20 19 21 15 17 22 25 27 28 26 23 24 35 33 32 30 29 34 31 39 37 38 42 41 36 40 47 48 43 45 46 44 49 54 51 56 50 53 55 52 59 60 62 63 58 57 61  1  7  6  3  5  2  4 14 11  9 13 10  8 12
 11  9 13 12 14  8 10 15 18 20 21 19 16 17 28 26 25 23 22 27 24 32 30 31 35 34 29 33 40 41 36 38 39 37 42 47 44 49 43 46 48 45 52 53 55 56 51 50 54 57 63 62 59 61 58 60  7  4  2  6  3  1  5
 60 58 62 61 63 57 59  1  4  6  7  5  2  3 14 12 11  9  8 13 10 18 16 17 21 20 15 19 26 27 22 24 25 23 28 33 30 35 29 32 34 31 38 39 41 42 37 36 40 43 49 48 45 47 44 46 56 53 51 55 52 50 54
 46 44 48 47 49 43 45 50 53 55 56 54 51 52 63 61 60 58 57 62 59  4  2  3  7  6  1  5 12 13  8 10 11  9 14 19 16 21 15 18 20 17 24 25 27 28 23 22 26 29 35 34 31 33 30 32 42 39 37 41 38 36 40
 32 30 34 33 35 29 31 36 39 41 42 40 37 38 49 47 46 44 43 48 45 53 51 52 56 55 50 54 61 62 57 59 60 58 63  5  2  7  1  4  6  3 10 11 13 14  9  8 12 15 21 20 17 19 16 18 28 25 23 27 24 22 26
 39 37 41 40 42 36 38 43 46 48 49 47 44 45 56 54 53 51 50 55 52 60 58 59 63 62 57 61  5  6  1  3  4  2  7 12  9 14  8 11 13 10 17 18 20 21 16 15 19 22 28 27 24 26 23 25 35 32 30 34 31 29 33
  4  2  6  5  7  1  3  8 11 13 14 12  9 10 21 19 18 16 15 20 17 25 23 24 28 27 22 26 33 34 29 31 32 30 35 40 37 42 36 39 41 38 45 46 48 49 44 43 47 50 56 55 52 54 51 53 63 60 58 62 59 57 61
 25 23 27 26 28 22 24 29 32 34 35 33 30 31 42 40 39 37 36 41 38 46 44 45 49 48 43 47 54 55 50 52 53 51 56 61 58 63 57 60 62 59  3  4  6  7  2  1  5  8 14 13 10 12  9 11 21 18 16 20 17 15 19
 26 24 28 27 22 23 25 30 33 35 29 34 31 32 36 41 40 38 37 42 39 47 45 46 43 49 44 48 55 56 51 53 54 52 50 62 59 57 58 61 63 60  4  5  7  1  3  2  6  9  8 14 11 13 10 12 15 19 17 21 18 16 20
  5  3  7  6  1  2  4  9 12 14  8 13 10 11 15 20 19 17 16 21 18 26 24 25 22 28 23 27 34 35 30 32 33 31 29 41 38 36 37 40 42 39 46 47 49 43 45 44 48 51 50 56 53 55 52 54 57 61 59 63 60 58 62
 47 45 49 48 43 44 46 51 54 56 50 55 52 53 57 62 61 59 58 63 60  5  3  4  1  7  2  6 13 14  9 11 12 10  8 20 17 15 16 19 21 18 25 26 28 22 24 23 27 30 29 35 32 34 31 33 36 40 38 42 39 37 41
 61 59 63 62 57 58 60  2  5  7  1  6  3  4  8 13 12 10  9 14 11 19 17 18 15 21 16 20 27 28 23 25 26 24 22 34 31 29 30 33 35 32 39 40 42 36 38 37 41 44 43 49 46 48 45 47 50 54 52 56 53 51 55
 12 10 14 13  8  9 11 16 19 21 15 20 17 18 22 27 26 24 23 28 25 33 31 32 29 35 30 34 41 42 37 39 40 38 36 48 45 43 44 47 49 46 53 54 56 50 52 51 55 58 57 63 60 62 59 61  1  5  3  7  4  2  6
 40 38 42 41 36 37 39 44 47 49 43 48 45 46 50 55 54 52 51 56 53 61 59 60 57 63 58 62  6  7  2  4  5  3  1 13 10  8  9 12 14 11 18 19 21 15 17 16 20 23 22 28 25 27 24 26 29 33 31 35 32 30 34
 54 52 56 55 50 51 53 58 61 63 57 62 59 60  1  6  5  3  2  7  4 12 10 11  8 14  9 13 20 21 16 18 19 17 15 27 24 22 23 26 28 25 32 33 35 29 31 30 34 37 36 42 39 41 38 40 43 47 45 49 46 44 48
 19 17 21 20 15 16 18 23 26 28 22 27 24 25 29 34 33 31 30 35 32 40 38 39 36 42 37 41 48 49 44 46 47 45 43 55 52 50 51 54 56 53 60 61 63 57 59 58 62  2  1  7  4  6  3  5  8 12 10 14 11  9 13
 33 31 35 34 29 30 32 37 40 42 36 41 38 39 43 48 47 45 44 49 46 54 52 53 50 56 51 55 62 63 58 60 61 59 57  6  3  1  2  5  7  4 11 12 14  8 10  9 13 16 15 21 18 20 17 19 22 26 24 28 25 23 27
 27 25 22 28 23 24 26 31 34 29 30 35 32 33 37 42 41 39 38 36 40 48 46 47 44 43 45 49 56 50 52 54 55 53 51 63 60 58 59 62 57 61  5  6  1  2  4  3  7 10  9  8 12 14 11 13 16 20 18 15 19 17 21
 48 46 43 49 44 45 47 52 55 50 51 56 53 54 58 63 62 60 59 57 61  6  4  5  2  1  3  7 14  8 10 12 13 11  9 21 18 16 17 20 15 19 26 27 22 23 25 24 28 31 30 29 33 35 32 34 37 41 39 36 40 38 42
 20 18 15 21 16 17 19 24 27 22 23 28 25 26 30 35 34 32 31 29 33 41 39 40 37 36 38 42 49 43 45 47 48 46 44 56 53 51 52 55 50 54 61 62 57 58 60 59 63  3  2  1  5  7  4  6  9 13 11  8 12 10 14
 34 32 29 35 30 31 33 38 41 36 37 42 39 40 44 49 48 46 45 43 47 55 53 54 51 50 52 56 63 57 59 61 62 60 58  7  4  2  3  6  1  5 12 13  8  9 11 10 14 17 16 15 19 21 18 20 23 27 25 22 26 24 28
 55 53 50 56 51 52 54 59 62 57 58 63 60 61  2  7  6  4  3  1  5 13 11 12  9  8 10 14 21 15 17 19 20 18 16 28 25 23 24 27 22 26 33 34 29 30 32 31 35 38 37 36 40 42 39 41 44 48 46 43 47 45 49
 41 39 36 42 37 38 40 45 48 43 44 49 46 47 51 56 55 53 52 50 54 62 60 61 58 57 59 63  7  1  3  5  6  4  2 14 11  9 10 13  8 12 19 20 15 16 18 17 21 24 23 22 26 28 25 27 30 34 32 29 33 31 35
 62 60 57 63 58 59 61  3  6  1  2  7  4  5  9 14 13 11 10  8 12 20 18 19 16 15 17 21 28 22 24 26 27 25 23 35 32 30 31 34 29 33 40 41 36 37 39 38 42 45 44 43 47 49 46 48 51 55 53 50 54 52 56
 13 11  8 14  9 10 12 17 20 15 16 21 18 19 23 28 27 25 24 22 26 34 32 33 30 29 31 35 42 36 38 40 41 39 37 49 46 44 45 48 43 47 54 55 50 51 53 52 56 59 58 57 61 63 60 62  2  6  4  1  5  3  7
  6  4  1  7  2  3  5 10 13  8  9 14 11 12 16 21 20 18 17 15 19 27 25 26 23 22 24 28 35 29 31 33 34 32 30 42 39 37 38 41 36 40 47 48 43 44 46 45 49 52 51 50 54 56 53 55 58 62 60 57 61 59 63
 42 40 37 36 38 39 41 46 49 44 45 43 47 48 52 50 56 54 53 51 55 63 61 62 59 58 60 57  1  2  4  6  7  5  3  8 12 10 11 14  9 13 20 21 16 17 19 18 15 25 24 23 27 22 26 28 31 35 33 30 34 32 29
 56 54 51 50 52 53 55 60 63 58 59 57 61 62  3  1  7  5  4  2  6 14 12 13 10  9 11  8 15 16 18 20 21 19 17 22 26 24 25 28 23 27 34 35 30 31 33 32 29 39 38 37 41 36 40 42 45 49 47 44 48 46 43
 21 19 16 15 17 18 20 25 28 23 24 22 26 27 31 29 35 33 32 30 34 42 40 41 38 37 39 36 43 44 46 48 49 47 45 50 54 52 53 56 51 55 62 63 58 59 61 60 57  4  3  2  6  1  5  7 10 14 12  9 13 11  8
  7  5  2  1  3  4  6 11 14  9 10  8 12 13 17 15 21 19 18 16 20 28 26 27 24 23 25 22 29 30 32 34 35 33 31 36 40 38 39 42 37 41 48 49 44 45 47 46 43 53 52 51 55 50 54 56 59 63 61 58 62 60 57
 63 61 58 57 59 60 62  4  7  2  3  1  5  6 10  8 14 12 11  9 13 21 19 20 17 16 18 15 22 23 25 27 28 26 24 29 33 31 32 35 30 34 41 42 37 38 40 39 36 46 45 44 48 43 47 49 52 56 54 51 55 53 50
 28 26 23 22 24 25 27 32 35 30 31 29 33 34 38 36 42 40 39 37 41 49 47 48 45 44 46 43 50 51 53 55 56 54 52 57 61 59 60 63 58 62  6  7  2  3  5  4  1 11 10  9 13  8 12 14 17 21 19 16 20 18 15
 35 33 30 29 31 32 34 39 42 37 38 36 40 41 45 43 49 47 46 44 48 56 54 55 52 51 53 50 57 58 60 62 63 61 59  1  5  3  4  7  2  6 13 14  9 10 12 11  8 18 17 16 20 15 19 21 24 28 26 23 27 25 22
 14 12  9  8 10 11 13 18 21 16 17 15 19 20 24 22 28 26 25 23 27 35 33 34 31 30 32 29 36 37 39 41 42 40 38 43 47 45 46 49 44 48 55 56 51 52 54 53 50 60 59 58 62 57 61 63  3  7  5  2  6  4  1
 49 47 44 43 45 46 48 53 56 51 52 50 54 55 59 57 63 61 60 58 62  7  5  6  3  2  4  1  8  9 11 13 14 12 10 15 19 17 18 21 16 20 27 28 23 24 26 25 22 32 31 30 34 29 33 35 38 42 40 37 41 39 36
 50 55 52 51 53 54 56 61 57 59 60 58 62 63  4  2  1  6  5  3  7  8 13 14 11 10 12  9 16 17 19 21 15 20 18 23 27 25 26 22 24 28 35 29 31 32 34 33 30 40 39 38 42 37 41 36 46 43 48 45 49 47 44
  1  6  3  2  4  5  7 12  8 10 11  9 13 14 18 16 15 20 19 17 21 22 27 28 25 24 26 23 30 31 33 35 29 34 32 37 41 39 40 36 38 42 49 43 45 46 48 47 44 54 53 52 56 51 55 50 60 57 62 59 63 61 58
 57 62 59 58 60 61 63  5  1  3  4  2  6  7 11  9  8 13 12 10 14 15 20 21 18 17 19 16 23 24 26 28 22 27 25 30 34 32 33 29 31 35 42 36 38 39 41 40 37 47 46 45 49 44 48 43 53 50 55 52 56 54 51
 36 41 38 37 39 40 42 47 43 45 46 44 48 49 53 51 50 55 54 52 56 57 62 63 60 59 61 58  2  3  5  7  1  6  4  9 13 11 12  8 10 14 21 15 17 18 20 19 16 26 25 24 28 23 27 22 32 29 34 31 35 33 30
 43 48 45 44 46 47 49 54 50 52 53 51 55 56 60 58 57 62 61 59 63  1  6  7  4  3  5  2  9 10 12 14  8 13 11 16 20 18 19 15 17 21 28 22 24 25 27 26 23 33 32 31 35 30 34 29 39 36 41 38 42 40 37
 15 20 17 16 18 19 21 26 22 24 25 23 27 28 32 30 29 34 33 31 35 36 41 42 39 38 40 37 44 45 47 49 43 48 46 51 55 53 54 50 52 56 63 57 59 60 62 61 58  5  4  3  7  2  6  1 11  8 13 10 14 12  9
  8 13 10  9 11 12 14 19 15 17 18 16 20 21 25 23 22 27 26 24 28 29 34 35 32 31 33 30 37 38 40 42 36 41 39 44 48 46 47 43 45 49 56 50 52 53 55 54 51 61 60 59 63 58 62 57  4  1  6  3  7  5  2
 29 34 31 30 32 33 35 40 36 38 39 37 41 42 46 44 43 48 47 45 49 50 55 56 53 52 54 51 58 59 61 63 57 62 60  2  6  4  5  1  3  7 14  8 10 11 13 12  9 19 18 17 21 16 20 15 25 22 27 24 28 26 23
 22 27 24 23 25 26 28 33 29 31 32 30 34 35 39 37 36 41 40 38 42 43 48 49 46 45 47 44 51 52 54 56 50 55 53 58 62 60 61 57 59 63  7  1  3  4  6  5  2 12 11 10 14  9 13  8 18 15 20 17 21 19 16
 30 35 32 31 33 34 29 41 37 39 40 38 42 36 47 45 44 49 48 46 43 51 56 50 54 53 55 52 59 60 62 57 58 63 61  3  7  5  6  2  4  1  8  9 11 12 14 13 10 20 19 18 15 17 21 16 26 23 28 25 22 27 24
 16 21 18 17 19 20 15 27 23 25 26 24 28 22 33 31 30 35 34 32 29 37 42 36 40 39 41 38 45 46 48 43 44 49 47 52 56 54 55 51 53 50 57 58 60 61 63 62 59  6  5  4  1  3  7  2 12  9 14 11  8 13 10
 51 56 53 52 54 55 50 62 58 60 61 59 63 57  5  3  2  7  6  4  1  9 14  8 12 11 13 10 17 18 20 15 16 21 19 24 28 26 27 23 25 22 29 30 32 33 35 34 31 41 40 39 36 38 42 37 47 44 49 46 43 48 45
 44 49 46 45 47 48 43 55 51 53 54 52 56 50 61 59 58 63 62 60 57  2  7  1  5  4  6  3 10 11 13  8  9 14 12 17 21 19 20 16 18 15 22 23 25 26 28 27 24 34 33 32 29 31 35 30 40 37 42 39 36 41 38
 23 28 25 24 26 27 22 34 30 32 33 31 35 29 40 38 37 42 41 39 36 44 49 43 47 46 48 45 52 53 55 50 51 56 54 59 63 61 62 58 60 57  1  2  4  5  7  6  3 13 12 11  8 10 14  9 19 16 21 18 15 20 17
  2  7  4  3  5  6  1 13  9 11 12 10 14  8 19 17 16 21 20 18 15 23 28 22 26 25 27 24 31 32 34 29 30 35 33 38 42 40 41 37 39 36 43 44 46 47 49 48 45 55 54 53 50 52 56 51 61 58 63 60 57 62 59
 37 42 39 38 40 41 36 48 44 46 47 45 49 43 54 52 51 56 55 53 50 58 63 57 61 60 62 59  3  4  6  1  2  7  5 10 14 12 13  9 11  8 15 16 18 19 21 20 17 27 26 25 22 24 28 23 33 30 35 32 29 34 31
  9 14 11 10 12 13  8 20 16 18 19 17 21 15 26 24 23 28 27 25 22 30 35 29 33 32 34 31 38 39 41 36 37 42 40 45 49 47 48 44 46 43 50 51 53 54 56 55 52 62 61 60 57 59 63 58  5  2  7  4  1  6  3
 58 63 60 59 61 62 57  6  2  4  5  3  7  1 12 10  9 14 13 11  8 16 21 15 19 18 20 17 24 25 27 22 23 28 26 31 35 33 34 30 32 29 36 37 39 40 42 41 38 48 47 46 43 45 49 44 54 51 56 53 50 55 52
  3  1  5  4  6  7  2 14 10 12 13 11  8  9 20 18 17 15 21 19 16 24 22 23 27 26 28 25 32 33 35 30 31 29 34 39 36 41 42 38 40 37 44 45 47 48 43 49 46 56 55 54 51 53 50 52 62 59 57 61 58 63 60
 52 50 54 53 55 56 51 63 59 61 62 60 57 58  6  4  3  1  7  5  2 10  8  9 13 12 14 11 18 19 21 16 17 15 20 25 22 27 28 24 26 23 30 31 33 34 29 35 32 42 41 40 37 39 36 38 48 45 43 47 44 49 46
 45 43 47 46 48 49 44 56 52 54 55 53 50 51 62 60 59 57 63 61 58  3  1  2  6  5  7  4 11 12 14  9 10  8 13 18 15 20 21 17 19 16 23 24 26 27 22 28 25 35 34 33 30 32 29 31 41 38 36 40 37 42 39
 17 15 19 18 20 21 16 28 24 26 27 25 22 23 34 32 31 29 35 33 30 38 36 37 41 40 42 39 46 47 49 44 45 43 48 53 50 55 56 52 54 51 58 59 61 62 57 63 60  7  6  5  2  4  1  3 13 10  8 12  9 14 11
 10  8 12 11 13 14  9 21 17 19 20 18 15 16 27 25 24 22 28 26 23 31 29 30 34 33 35 32 39 40 42 37 38 36 41 46 43 48 49 45 47 44 51 52 54 55 50 56 53 63 62 61 58 60 57 59  6  3  1  5  2  7  4
 24 22 26 25 27 28 23 35 31 33 34 32 29 30 41 39 38 36 42 40 37 45 43 44 48 47 49 46 53 54 56 51 52 50 55 60 57 62 63 59 61 58  2  3  5  6  1  7  4 14 13 12  9 11  8 10 20 17 15 19 16 21 18
 59 57 61 60 62 63 58  7  3  5  6  4  1  2 13 11 10  8 14 12  9 17 15 16 20 19 21 18 25 26 28 23 24 22 27 32 29 34 35 31 33 30 37 38 40 41 36 42 39 49 48 47 44 46 43 45 55 52 50 54 51 56 53
 38 36 40 39 41 42 37 49 45 47 48 46 43 44 55 53 52 50 56 54 51 59 57 58 62 61 63 60  4  5  7  2  3  1  6 11  8 13 14 10 12  9 16 17 19 20 15 21 18 28 27 26 23 25 22 24 34 31 29 33 30 35 32
 31 29 33 32 34 35 30 42 38 40 41 39 36 37 48 46 45 43 49 47 44 52 50 51 55 54 56 53 60 61 63 58 59 57 62  4  1  6  7  3  5  2  9 10 12 13  8 14 11 21 20 19 16 18 15 17 27 24 22 26 23 28 25
