 15 12  3 13  4 14 11 10  6  8  7  2  9  5  1
  1  6  9  3  5  2 13  4  7 12 10 14  8 11 15
  7  8 13 15  1  6  2  3 12 11  5  9 10 14  4
 10  5 14 12  8 11  9 15  1  6  4  3  7  2 13
  2  4 11 10  9  7  8 14  5 15  1 13  3 12  6
 14 10 15  9  6  5  1 12  4  2 11  8 13  7  3
  4  7  1 11 10 13 14  9  8  5  3  6  2 15 12
 12  3  2  1 15  8  6 13 11  4  9  7  5 10 14
  5  9  6  7 12  3 15  2 10 14 13  1 11  4  8
 13 11  8  2 14  4  5  7  3 10 15 12  6  1  9
 11 14 10  6  7  1  4  5 13  3  8 15 12  9  2
  6 15  4  5 11 12  3  1  9 13  2 10 14  8  7
  8  2  7  4  3 15 10  6 14  9 12 11  1 13  5
  3  1  5  8 13  9 12 11  2  7 14  4 15  6 10
  9 13 12 14  2 10  7  8 15  1  6  5  4  3 11
