  2 14  8  1 13  6 12  4  5 11  7 15  3 10  9
  5  9 15  8  4 12 11 10  1 13 14  3  7  6  2
  6  7 10 14 15  9  8  2  3  5  4  1 11 12 13
 13  4  1  7 11  3  9 14  6 12  2 10 15  5  8
 12 11  3  2  5 10 13 15  7  9  8  6  4  1 14
  1  2  4 15  9  8  3 12 11  6  5 14 10 13  7
 14 10  7  3 12  4 15  1  2  8 11 13  5  9  6
 11  3  5  6  1 14  7  9 13  4 10  2  8 15 12
 15  6 13  5  2  7 14  8 10  3 12  9  1 11  4
  8 12  9 11 10 13  6  5  4  1 15  7  2 14  3
  7 15  6  4  8  1  5 11  9  2 13 12 14  3 10
 10  8 11  9 14 15  1  6 12  7  3  4 13  2  5
  4 13 14 10  6 11  2  3  8 15  9  5 12  7  1
  9  5 12 13  3  2 10  7 15 14  1  8  6  4 11
  3  1  2 12  7  5  4 13 14 10  6 11  9  8 15
