 12 15 20  1  2 13  7  3  4 14  6 18 19  8  9 10 16 11  5 17
 20 16  8  9 15  7  2 11  5 19  1 10 18  4 17 13  6  3 14 12
 13  3  6  2  5  8 20  1 16 15 14 19 10  7 18 11 17 12  4  9
 11  8 13 16 10 20 18 15 12  2  9  7  5 17  3  6  4 14 19  1
 18  6 15  7 16 17  8 19 20 10  2  4  3  1 12 14  9  5 11 13
  1  2 19 11  9  6  4 12  7  3 20 17 13 14  5  8 10 18 15 16
 19  4  3  5  1 12 13 14 17 18 16 15  9 11  7 20  8  2 10  6
  9 17 14 12 11  3  6 10  1  8  5 13 15 20  4 16  7 19 18  2
  7  5  4 10 14 18  9 17 13  6  8 11 12 16 19  2 15  1  3 20
 10 14 17 18 19  4  5 16  9 11 12  3  2  6 15  1 20 13  7  8
 15 19  1  3 13 16 17  4 10 12 18 14  7  5  8  9  2  6 20 11
  8  1  9 15 20 19 14 18 11  4 17 16  6 13  2  3  5  7 12 10
  5 13  7  8 18  1 19 20 14  9 15  6 16 12 10 17 11  4  2  3
 14 10  2 20  4 11 12  7 19 17 13  1  8  9  6  5  3 15 16 18
  4 12 11 19  8  5 10  9  3 20  7  2 17 15 13 18  1 16  6 14
 16 20 10 14  7 15 11  8  6 13  3  5  4  2  1 12 18 17  9 19
  3 11 12 13  6 10 16  5  2  7  4  9  1 18 20 19 14  8 17 15
 17 18  5  4 12  2  1  6  8 16 10 20 11  3 14 15 19  9 13  7
  6  7 16 17  3  9 15  2 18  1 19 12 14 10 11  4 13 20  8  5
  2  9 18  6 17 14  3 13 15  5 11  8 20 19 16  7 12 10  1  4
