 11 20  5 15 13 10  2 16  8  7 18 14 19  4  1  9 12  6  3 17
  2  3 19 16  8  4  7 14 10 12  9 17 18  1  6  5 11 15 13 20
  7 16 10  6 20  2 12 18 11 19 15  4  9 14  3  8 13 17  1  5
  5 14  2  7 16  9 19 13  1  4 20 10 15  3 11 17  8 18  6 12
 13 19 11 20  5  7  9  3 17 14 16  1 10  6 18 12  2  4  8 15
  8  4 13  3 11 19  5 20  2 18  7  6 17 12 15 14  1  9 10 16
 17  6 18  8  1 12 15 10  5  9 19 13  7 20 16  2 14  3 11  4
  9 15 12  1 17 18 11  4 16  6  2  3 13  8 19 10 20  5 14  7
  1 10 14 17  3 15  8  6 13 20  5 12  2 11  7  4 19 16 18  9
 12 18  4  9 14  6  1 17  3 15  8 11 16  5 20 13 10  7  2 19
  3  1 16 14 12 11 10  7 15  2  4 19 20  9 17  6 18 13  5  8
 15  5  8 11 10 13 20 19  7 17 14  2 12 16  9 18  6  1  4  3
 14  7 20 10  6  1 17 11  4  5 12 15  3  2 13 19  9  8 16 18
  4  9 15 19 18 14  3  8 20 11  1 16  6 10  5  7 17  2 12 13
 20 12  7  5 15 16  6  2 18 13 11  8  1 17 10  3  4 19  9 14
 10  8 17  4 19  3 16 12  6  1 13  9 11 18 14 15  5 20  7  2
 18 17  3  2  7  8 14  9 19 16 10  5  4 13 12  1 15 11 20  6
  6  2  1 12  4 17 13 15  9 10  3 18  5  7  8 20 16 14 19 11
 19 11  9 13  2 20 18  5 12  8  6  7 14 15  4 16  3 10 17  1
 16 13  6 18  9  5  4  1 14  3 17 20  8 19  2 11  7 12 15 10
