  9 17  4 13  7 15  5 12  2 11  3 10  6  8 14  1 16 19 18
  4  9 18  5  6 11  2  8 14 17 10 19 15 16 13 12  1  7  3
 13 14  9 16  5  3 12 11  8 19 18 15  1 17  7  4  6 10  2
  5 12  7  9  8 16 11 17 15  6  2  3 10 18  4 14 13  1 19
 11  2  6  7 10 12 15  9 16 18 19  8  3 14  5 13  4 17  1
 15 10 14 17  9  7  3  1 11 13 16  4  5 19 18  6 12  2  8
 12 11  2  3 19 17 16 18  1  7  9 14  4 10 15  5  8  6 13
  7 15 17  8  3  2 19  5 18 12 14 11  9  6  1 16 10 13  4
 10  7 15 11  1  6  8  3  5  9 17 18 19 13 16  2 14  4 12
  8  4 11 10 14  9  7  6  3 15  1 16 13  5 19 18  2 12 17
 16 18 10  2 11 14  6 15 12  3 13  1  7  4  8 19 17  5  9
  1  6 12 19 13 10  9  7  4  2  5 17 18 15 11  8  3 16 14
 17 13  1 15 18  8  4 19  6  5  7  9 12  2 10  3 11 14 16
 19  5  3 12  4 13 17  2  9 16 15  7 14  1  6 10 18  8 11
 18 19 16 14 15  1 10 13  7  8  4  6  2 11 12 17  9  3  5
  2 16 19 18 17  4 13 14 10  1  6 12  8  7  3  9  5 11 15
  6  3  5  4 12 18  1 10 17 14  8 13 16  9  2 11 19 15  7
 14  8 13  1 16  5 18  4 19 10 12  2 11  3 17  7 15  9  6
  3  1  8  6  2 19 14 16 13  4 11  5 17 12  9 15  7 18 10
