 11  5 19 10  4  1  9  6 16 18 14  7 12 15  2 13  3 17  8
 17 12  4  8  6 14 11 15 13 10  3 19  5  9 16 18  1  7  2
  2 14 12  1 11  4 16 18  7  5 19  9  3  8 15 10 17  6 13
  6  1 15 14 18  8  4 13  3  9  5 12 19  7 11 16 10  2 17
 18 11  7 12 14 19 13  4 10 16  2  1 17  3  8 15  6  5  9
  3  8 11  5  9 10  7 12  4  6  1 16 18 17 13  2 15 19 14
  1  2 17  7  5 12  6 19  8  4 16 13 10 18  3 14  9 11 15
  8  3  6 15 12 11  1 10 19 17 18  4 13 16 14  5  2  9  7
  5 13  1  2 10  6 18 11  9  7  4 17 16 14 19  8 12 15  3
  4  9  5 11  8 15 17 16  6 19  7 14  1  2 18  3 13 10 12
 16 18  3 13  7  5 10  1 11 15  9  2  4 19 17 12 14  8  6
  7  4 18  3  1  2  5 14 12 13 10 15  6 11  9 17  8 16 19
 10  6 16 18 19  9 14  5  2  3 17  8 15 13  1  4  7 12 11
 19 10  8  9 13 18  2 17  5 12 15  6 14  1  4  7 11  3 16
 14 17  9  6  3 13  8  2 15 11 12 18  7  4 10 19 16  1  5
 15 19 13  4 17 16 12  7 14  2  8  3  9 10  6 11  5 18  1
 13 16  2 17 15  7  3  9 18  8  6 10 11 12  5  1 19 14  4
  9  7 14 19 16  3 15  8 17  1 13 11  2  5 12  6 18  4 10
 12 15 10 16  2 17 19  3  1 14 11  5  8  6  7  9  4 13 18
