 12  7 10  5  9  2  4 11  8 14  6 13  3  1
  9 10  7 13  6  5  2  8 11 12  3  1 14  4
 13  5  2 14 10  4  3 12  1  6  8 11  9  7
  4 11  1  6 13  8 10  7  2  3 14  9 12  5
  8  2 12 11  7  3 14  1  9 13  4  5  6 10
  6  3  4  8 14  1  5  9  7 10  2 12 13 11
  1 14  3  9 12 11  6 13  4  5 10  7  2  8
  7 12 13  4  1  9 11  6 10  2  5  3  8 14
 10  8  5  2  4 14 13  3 12 11  1  6  7  9
 11  4 14  1  2 12  9 10  6  7 13  8  5  3
  2  6  8  3  5 13  7  4 14  1  9 10 11 12
  3  9  6 12  8  7  1  5 13  4 11 14 10  2
 14 13 11  7  3 10  8  2  5  9 12  4  1  6
  5  1  9 10 11  6 12 14  3  8  7  2  4 13
