 12  2  3 11  9 10  8 13  6  5  4 14  7  1
 10  1 12  4  3  5 11  7  8 13  6  9 14  2
  4  6  2 13  1 14 10  3 11 12  5  7  9  8
  5  9  6  7  2  4 14  1  3 10 13  8 11 12
 13  7 10  1  6  8  5 12 14  9  2 11  4  3
  8 14  9  5 12 11  6  4  2  7  3  1 13 10
  3 11 14  8 13  7  9  2  4  1 12 10  5  6
  6  8  7  3  5  1 12 14  9  2 11 13 10  4
 11 10  1 14  8  3  7  5 12  6  9  4  2 13
  2  5  8  6  7 12 13 11 10  4 14  3  1  9
  7 13 11 10 14  9  4  6  1  3  8  2 12  5
  9  4  5  2 11  6  3 10 13 14  1 12  8  7
  1 12  4  9 10 13  2  8  5 11  7  6  3 14
 14  3 13 12  4  2  1  9  7  8 10  5  6 11
