 14  1 12 13  6  2 11  3 10  7  8  9  4  5
 12  5  6 11 13  3  9 14  4  2 10  1  7  8
 11  4  5 10 12  1  8 13  9  6  7  2  3 14
  6  3  2  4  5 14 12  7  8  1 13 11  9 10
 10  9  3  1  7  8  5  2 13 14 12  4 11  6
  8  7 14  9  4 10  1  6 12 11  5  3  2 13
 13  2  7  8  9 11 10  4  5  3 14  6  1 12
  5  6  8  2 14  7  4  9  3 12  1 10 13 11
  7 11 10  6  3  5  2 12 14  9  4 13  8  1
  4 13  9  3  8  6  7  5  1 10 11 14 12  2
  2 10 11  7  1  4 14  8  6 13  9 12  5  3
  9  8 13 14  2 12  6  1 11  4  3  5 10  7
  3 12  1  5 10  9 13 11  2  8  6  7 14  4
  1 14  4 12 11 13  3 10  7  5  2  8  6  9
