 19 15 18 20 21 16 17 22 26 24 23 25 28 27 32 35 30 33 29 34 31 41 38 39 42 36 40 37  3  4  1  2  5  7  6 13 12 10  9 14  8 11
 12  8 11 13 14  9 10 15 19 17 16 18 21 20 25 28 23 26 22 27 24 34 31 32 35 29 33 30 38 39 36 37 40 42 41  6  5  3  2  7  1  4
  5  1  4  6  7  2  3  8 12 10  9 11 14 13 18 21 16 19 15 20 17 27 24 25 28 22 26 23 31 32 29 30 33 35 34 41 40 38 37 42 36 39
 26 22 25 27 28 23 24 29 33 31 30 32 35 34 39 42 37 40 36 41 38  6  3  4  7  1  5  2 10 11  8  9 12 14 13 20 19 17 16 21 15 18
 40 36 39 41 42 37 38  1  5  3  2  4  7  6 11 14  9 12  8 13 10 20 17 18 21 15 19 16 24 25 22 23 26 28 27 34 33 31 30 35 29 32
 33 29 32 34 35 30 31 36 40 38 37 39 42 41  4  7  2  5  1  6  3 13 10 11 14  8 12  9 17 18 15 16 19 21 20 27 26 24 23 28 22 25
  6  2  5  7  1  3  4  9 13 11 10 12  8 14 19 15 17 20 16 21 18 28 25 26 22 23 27 24 32 33 30 31 34 29 35 42 41 39 38 36 37 40
 20 16 19 21 15 17 18 23 27 25 24 26 22 28 33 29 31 34 30 35 32 42 39 40 36 37 41 38  4  5  2  3  6  1  7 14 13 11 10  8  9 12
 13  9 12 14  8 10 11 16 20 18 17 19 15 21 26 22 24 27 23 28 25 35 32 33 29 30 34 31 39 40 37 38 41 36 42  7  6  4  3  1  2  5
 27 23 26 28 22 24 25 30 34 32 31 33 29 35 40 36 38 41 37 42 39  7  4  5  1  2  6  3 11 12  9 10 13  8 14 21 20 18 17 15 16 19
 41 37 40 42 36 38 39  2  6  4  3  5  1  7 12  8 10 13  9 14 11 21 18 19 15 16 20 17 25 26 23 24 27 22 28 35 34 32 31 29 30 33
 34 30 33 35 29 31 32 37 41 39 38 40 36 42  5  1  3  6  2  7  4 14 11 12  8  9 13 10 18 19 16 17 20 15 21 28 27 25 24 22 23 26
 14 10 13  8  9 11 12 17 21 19 18 20 16 15 27 23 25 28 24 22 26 29 33 34 30 31 35 32 40 41 38 39 42 37 36  1  7  5  4  2  3  6
 21 17 20 15 16 18 19 24 28 26 25 27 23 22 34 30 32 35 31 29 33 36 40 41 37 38 42 39  5  6  3  4  7  2  1  8 14 12 11  9 10 13
  7  3  6  1  2  4  5 10 14 12 11 13  9  8 20 16 18 21 17 15 19 22 26 27 23 24 28 25 33 34 31 32 35 30 29 36 42 40 39 37 38 41
 42 38 41 36 37 39 40  3  7  5  4  6  2  1 13  9 11 14 10  8 12 15 19 20 16 17 21 18 26 27 24 25 28 23 22 29 35 33 32 30 31 34
 35 31 34 29 30 32 33 38 42 40 39 41 37 36  6  2  4  7  3  1  5  8 12 13  9 10 14 11 19 20 17 18 21 16 15 22 28 26 25 23 24 27
 28 24 27 22 23 25 26 31 35 33 32 34 30 29 41 37 39 42 38 36 40  1  5  6  2  3  7  4 12 13 10 11 14  9  8 15 21 19 18 16 17 20
  1  4  7  2  3  5  6 11  8 13 12 14 10  9 21 17 19 15 18 16 20 23 27 28 24 25 22 26 34 35 32 33 29 31 30 37 36 41 40 38 39 42
 36 39 42 37 38 40 41  4  1  6  5  7  3  2 14 10 12  8 11  9 13 16 20 21 17 18 15 19 27 28 25 26 22 24 23 30 29 34 33 31 32 35
  8 11 14  9 10 12 13 18 15 20 19 21 17 16 28 24 26 22 25 23 27 30 34 35 31 32 29 33 41 42 39 40 36 38 37  2  1  6  5  3  4  7
 15 18 21 16 17 19 20 25 22 27 26 28 24 23 35 31 33 29 32 30 34 37 41 42 38 39 36 40  6  7  4  5  1  3  2  9  8 13 12 10 11 14
 22 25 28 23 24 26 27 32 29 34 33 35 31 30 42 38 40 36 39 37 41  2  6  7  3  4  1  5 13 14 11 12  8 10  9 16 15 20 19 17 18 21
 29 32 35 30 31 33 34 39 36 41 40 42 38 37  7  3  5  1  4  2  6  9 13 14 10 11  8 12 20 21 18 19 15 17 16 23 22 27 26 24 25 28
  2  5  1  3  4  6  7 12  9 14 13  8 11 10 15 18 20 16 19 17 21 24 28 22 25 26 23 27 35 29 33 34 30 32 31 38 37 42 41 39 40 36
 16 19 15 17 18 20 21 26 23 28 27 22 25 24 29 32 34 30 33 31 35 38 42 36 39 40 37 41  7  1  5  6  2  4  3 10  9 14 13 11 12  8
 37 40 36 38 39 41 42  5  2  7  6  1  4  3  8 11 13  9 12 10 14 17 21 15 18 19 16 20 28 22 26 27 23 25 24 31 30 35 34 32 33 29
  9 12  8 10 11 13 14 19 16 21 20 15 18 17 22 25 27 23 26 24 28 31 35 29 32 33 30 34 42 36 40 41 37 39 38  3  2  7  6  4  5  1
 23 26 22 24 25 27 28 33 30 35 34 29 32 31 36 39 41 37 40 38 42  3  7  1  4  5  2  6 14  8 12 13  9 11 10 17 16 21 20 18 19 15
 30 33 29 31 32 34 35 40 37 42 41 36 39 38  1  4  6  2  5  3  7 10 14  8 11 12  9 13 21 15 19 20 16 18 17 24 23 28 27 25 26 22
 31 34 30 32 33 35 29 41 38 36 42 37 40 39  2  5  7  3  6  4  1 11  8  9 12 13 10 14 15 16 20 21 17 19 18 25 24 22 28 26 27 23
 17 20 16 18 19 21 15 27 24 22 28 23 26 25 30 33 35 31 34 32 29 39 36 37 40 41 38 42  1  2  6  7  3  5  4 11 10  8 14 12 13  9
 38 41 37 39 40 42 36  6  3  1  7  2  5  4  9 12 14 10 13 11  8 18 15 16 19 20 17 21 22 23 27 28 24 26 25 32 31 29 35 33 34 30
 24 27 23 25 26 28 22 34 31 29 35 30 33 32 37 40 42 38 41 39 36  4  1  2  5  6  3  7  8  9 13 14 10 12 11 18 17 15 21 19 20 16
 10 13  9 11 12 14  8 20 17 15 21 16 19 18 23 26 28 24 27 25 22 32 29 30 33 34 31 35 36 37 41 42 38 40 39  4  3  1  7  5  6  2
  3  6  2  4  5  7  1 13 10  8 14  9 12 11 16 19 21 17 20 18 15 25 22 23 26 27 24 28 29 30 34 35 31 33 32 39 38 36 42 40 41 37
 25 28 24 26 27 22 23 35 32 30 29 31 34 33 38 41 36 39 42 40 37  5  2  3  6  7  4  1  9 10 14  8 11 13 12 19 18 16 15 20 21 17
 32 35 31 33 34 29 30 42 39 37 36 38 41 40  3  6  1  4  7  5  2 12  9 10 13 14 11  8 16 17 21 15 18 20 19 26 25 23 22 27 28 24
  4  7  3  5  6  1  2 14 11  9  8 10 13 12 17 20 15 18 21 19 16 26 23 24 27 28 25 22 30 31 35 29 32 34 33 40 39 37 36 41 42 38
 11 14 10 12 13  8  9 21 18 16 15 17 20 19 24 27 22 25 28 26 23 33 30 31 34 35 32 29 37 38 42 36 39 41 40  5  4  2  1  6  7  3
 18 21 17 19 20 15 16 28 25 23 22 24 27 26 31 34 29 32 35 33 30 40 37 38 41 42 39 36  2  3  7  1  4  6  5 12 11  9  8 13 14 10
 39 42 38 40 41 36 37  7  4  2  1  3  6  5 10 13  8 11 14 12  9 19 16 17 20 21 18 15 23 24 28 22 25 27 26 33 32 30 29 34 35 31
