 15 19 16 21 17 18 20 25 24 26 22 23 27 28 31 35 30 29 34 33 32 41 38 42 37 40 36 39  7  1  6  3  5  2  4 14  9 11 10  8 12 13
 29 33 30 35 31 32 34 39 38 40 36 37 41 42  3  7  2  1  6  5  4 13 10 14  9 12  8 11 21 15 20 17 19 16 18 28 23 25 24 22 26 27
  8 12  9 14 10 11 13 18 17 19 15 16 20 21 24 28 23 22 27 26 25 34 31 35 30 33 29 32 42 36 41 38 40 37 39  7  2  4  3  1  5  6
 22 26 23 28 24 25 27 32 31 33 29 30 34 35 38 42 37 36 41 40 39  6  3  7  2  5  1  4 14  8 13 10 12  9 11 21 16 18 17 15 19 20
 36 40 37 42 38 39 41  4  3  5  1  2  6  7 10 14  9  8 13 12 11 20 17 21 16 19 15 18 28 22 27 24 26 23 25 35 30 32 31 29 33 34
  1  5  2  7  3  4  6 11 10 12  8  9 13 14 17 21 16 15 20 19 18 27 24 28 23 26 22 25 35 29 34 31 33 30 32 42 37 39 38 36 40 41
  9 13 10  8 11 12 14 19 18 20 16 17 21 15 25 22 24 23 28 27 26 35 32 29 31 34 30 33 36 37 42 39 41 38 40  1  3  5  4  2  6  7
  2  6  3  1  4  5  7 12 11 13  9 10 14  8 18 15 17 16 21 20 19 28 25 22 24 27 23 26 29 30 35 32 34 31 33 36 38 40 39 37 41 42
 23 27 24 22 25 26 28 33 32 34 30 31 35 29 39 36 38 37 42 41 40  7  4  1  3  6  2  5  8  9 14 11 13 10 12 15 17 19 18 16 20 21
 37 41 38 36 39 40 42  5  4  6  2  3  7  1 11  8 10  9 14 13 12 21 18 15 17 20 16 19 22 23 28 25 27 24 26 29 31 33 32 30 34 35
 16 20 17 15 18 19 21 26 25 27 23 24 28 22 32 29 31 30 35 34 33 42 39 36 38 41 37 40  1  2  7  4  6  3  5  8 10 12 11  9 13 14
 30 34 31 29 32 33 35 40 39 41 37 38 42 36  4  1  3  2  7  6  5 14 11  8 10 13  9 12 15 16 21 18 20 17 19 22 24 26 25 23 27 28
  3  7  4  2  5  6  1 13 12 14 10 11  8  9 19 16 18 17 15 21 20 22 26 23 25 28 24 27 30 31 29 33 35 32 34 37 39 41 40 38 42 36
 38 42 39 37 40 41 36  6  5  7  3  4  1  2 12  9 11 10  8 14 13 15 19 16 18 21 17 20 23 24 22 26 28 25 27 30 32 34 33 31 35 29
 31 35 32 30 33 34 29 41 40 42 38 39 36 37  5  2  4  3  1  7  6  8 12  9 11 14 10 13 16 17 15 19 21 18 20 23 25 27 26 24 28 22
 10 14 11  9 12 13  8 20 19 21 17 18 15 16 26 23 25 24 22 28 27 29 33 30 32 35 31 34 37 38 36 40 42 39 41  2  4  6  5  3  7  1
 17 21 18 16 19 20 15 27 26 28 24 25 22 23 33 30 32 31 29 35 34 36 40 37 39 42 38 41  2  3  1  5  7  4  6  9 11 13 12 10 14  8
 24 28 25 23 26 27 22 34 33 35 31 32 29 30 40 37 39 38 36 42 41  1  5  2  4  7  3  6  9 10  8 12 14 11 13 16 18 20 19 17 21 15
 25 22 26 24 27 28 23 35 34 29 32 33 30 31 41 38 40 39 37 36 42  2  6  3  5  1  4  7 10 11  9 13  8 12 14 17 19 21 20 18 15 16
 11  8 12 10 13 14  9 21 20 15 18 19 16 17 27 24 26 25 23 22 28 30 34 31 33 29 32 35 38 39 37 41 36 40 42  3  5  7  6  4  1  2
 32 29 33 31 34 35 30 42 41 36 39 40 37 38  6  3  5  4  2  1  7  9 13 10 12  8 11 14 17 18 16 20 15 19 21 24 26 28 27 25 22 23
 39 36 40 38 41 42 37  7  6  1  4  5  2  3 13 10 12 11  9  8 14 16 20 17 19 15 18 21 24 25 23 27 22 26 28 31 33 35 34 32 29 30
 18 15 19 17 20 21 16 28 27 22 25 26 23 24 34 31 33 32 30 29 35 37 41 38 40 36 39 42  3  4  2  6  1  5  7 10 12 14 13 11  8  9
  4  1  5  3  6  7  2 14 13  8 11 12  9 10 20 17 19 18 16 15 21 23 27 24 26 22 25 28 31 32 30 34 29 33 35 38 40 42 41 39 36 37
 12  9 13 11 14  8 10 15 21 16 19 20 17 18 28 25 27 26 24 23 22 31 35 32 34 30 33 29 39 40 38 42 37 41 36  4  6  1  7  5  2  3
 19 16 20 18 21 15 17 22 28 23 26 27 24 25 35 32 34 33 31 30 29 38 42 39 41 37 40 36  4  5  3  7  2  6  1 11 13  8 14 12  9 10
 33 30 34 32 35 29 31 36 42 37 40 41 38 39  7  4  6  5  3  2  1 10 14 11 13  9 12  8 18 19 17 21 16 20 15 25 27 22 28 26 23 24
 40 37 41 39 42 36 38  1  7  2  5  6  3  4 14 11 13 12 10  9  8 17 21 18 20 16 19 15 25 26 24 28 23 27 22 32 34 29 35 33 30 31
 26 23 27 25 28 22 24 29 35 30 33 34 31 32 42 39 41 40 38 37 36  3  7  4  6  2  5  1 11 12 10 14  9 13  8 18 20 15 21 19 16 17
  5  2  6  4  7  1  3  8 14  9 12 13 10 11 21 18 20 19 17 16 15 24 28 25 27 23 26 22 32 33 31 35 30 34 29 39 41 36 42 40 37 38
 41 38 42 40 36 37 39  2  1  3  6  7  4  5  8 12 14 13 11 10  9 18 15 19 21 17 20 16 26 27 25 22 24 28 23 33 35 30 29 34 31 32
  6  3  7  5  1  2  4  9  8 10 13 14 11 12 15 19 21 20 18 17 16 25 22 26 28 24 27 23 33 34 32 29 31 35 30 40 42 37 36 41 38 39
 13 10 14 12  8  9 11 16 15 17 20 21 18 19 22 26 28 27 25 24 23 32 29 33 35 31 34 30 40 41 39 36 38 42 37  5  7  2  1  6  3  4
 27 24 28 26 22 23 25 30 29 31 34 35 32 33 36 40 42 41 39 38 37  4  1  5  7  3  6  2 12 13 11  8 10 14  9 19 21 16 15 20 17 18
 34 31 35 33 29 30 32 37 36 38 41 42 39 40  1  5  7  6  4  3  2 11  8 12 14 10 13  9 19 20 18 15 17 21 16 26 28 23 22 27 24 25
 20 17 21 19 15 16 18 23 22 24 27 28 25 26 29 33 35 34 32 31 30 39 36 40 42 38 41 37  5  6  4  1  3  7  2 12 14  9  8 13 10 11
 35 32 29 34 30 31 33 38 37 39 42 36 40 41  2  6  1  7  5  4  3 12  9 13  8 11 14 10 20 21 19 16 18 15 17 27 22 24 23 28 25 26
  7  4  1  6  2  3  5 10  9 11 14  8 12 13 16 20 15 21 19 18 17 26 23 27 22 25 28 24 34 35 33 30 32 29 31 41 36 38 37 42 39 40
 21 18 15 20 16 17 19 24 23 25 28 22 26 27 30 34 29 35 33 32 31 40 37 41 36 39 42 38  6  7  5  2  4  1  3 13  8 10  9 14 11 12
 42 39 36 41 37 38 40  3  2  4  7  1  5  6  9 13  8 14 12 11 10 19 16 20 15 18 21 17 27 28 26 23 25 22 24 34 29 31 30 35 32 33
 14 11  8 13  9 10 12 17 16 18 21 15 19 20 23 27 22 28 26 25 24 33 30 34 29 32 35 31 41 42 40 37 39 36 38  6  1  3  2  7  4  5
 28 25 22 27 23 24 26 31 30 32 35 29 33 34 37 41 36 42 40 39 38  5  2  6  1  4  7  3 13 14 12  9 11  8 10 20 15 17 16 21 18 19
