  1 12 18 13 11  7  9  3  5  8 14 17  6 16  4  2 10 15
 12 18 10  3  9 15  6  2  7 16 11 14 17  8 13  5  4  1
 18 14  5 17  1  2  3  9 15  4  8 11 13  6 16  7 12 10
  4  9  3 18 14 12  7 15  8 13 16  1  5 11  6 10  2 17
  6 15  9  5  3 17  8 12  2 18  4 16 14  1 10 13 11  7
 16 13 17 11  6 14  4  8  9 12  2 15 10  5  3  1  7 18
 15  4 16  2  5 10 17 14 11  7 12  8  3 13  1 18  9  6
 11 16 12  4 18  1  2 13 14 15  5  3  8 10  7  6 17  9
  9 11 14  7 17  3  5  6 16  1 15 10 12  4 18  8 13  2
  8  3 15 16  2  5 14 17  6  9 10  4  1  7 11 12 18 13
  2  8  6  9 13  4 12  1 17 10  7  5 16 18 14 11 15  3
  3 10  4  1 16  9 11  5 13  2  6  7 18 14 15 17  8 12
 10  2  8 15 12 18 16 11  3  5  1 13  7  9 17 14  6  4
 13  6  1  8  4 11 18  7 10 14  9  2 15 17 12 16  3  5
 17  5 11 10  7 16  1  4 12  6 13 18  2 15  9  3 14  8
  7  1  2 12 10  8 13 18  4 11 17  6  9  3  5 15 16 14
 14 17  7  6  8 13 15 10  1  3 18  9 11 12  2  4  5 16
  5  7 13 14 15  6 10 16 18 17  3 12  4  2  8  9  1 11
