 13  2 10 15  7 12  8  5  9  1 11 17  6  3 18 14  4 16
 12 17  7 14 15  2  5  8  3 16  1 18  4  6 10  9 13 11
  9 11  5 10  3 17  7  1 14 15 16 12 18 13  6  4  8  2
  2  4 16  3 13  9 12 11  7  5 15  8 17 14  1 10  6 18
  4 10  3 13 11 15  9 14 18  2  5  7  8 12 16  6 17  1
 15 14  2  5 10 11 17 12  6 18 13 16  9  1  3  8  7  4
  8 12 18 16  6  7  3 13 11  4 10  1  2  9  5 15 14 17
 16 18 11  2  5  3 13 10  1 17 14  6 15  8  4 12  9  7
  3  9 14 17  8 10 15 18 12 11  4 13  7  5  2 16  1  6
 10 16  9  8 18  6 11  7  5 14 12 15  1  4 17  3  2 13
  5 15  8  6 16  1 10  2 17 12  3  4 13 18  9  7 11 14
  1  5  4 12 17 16 14  9 13  6 18 11  3  7  8  2 15 10
  6  8 12  9  4 18 16 17  2 13  7  3 11 15 14  1 10  5
 18  3  1  4  2  5  6 16 10  7 17  9 14 11 15 13 12  8
 11  1 17  7 12  8  2  3  4  9  6 14 16 10 13 18  5 15
 14  6 15  1  9 13 18  4  8  3  2  5 10 17  7 11 16 12
  7 13  6 11 14  4  1 15 16  8  9 10  5  2 12 17 18  3
 17  7 13 18  1 14  4  6 15 10  8  2 12 16 11  5  3  9
