  9  2 17  5  3  6 18  7 12 11  8 14 15  4 13  1 10 16
  2 14 18  7 17 15  5 16 13  3 11  9  8 10 12  4  6  1
  3  5 14  4  2  9 10 17 18 12 13 11  1 15  8  6 16  7
  7 16  5  8  4 18  2 11 15  1 10  6  3  9 14 13 12 17
 12 18  7  1 10  2 15  9  3 17  6  5 14 16 11  8  4 13
  6  9  3 16  5  1 12 15 10  2 14  7 11  8 18 17 13  4
 11 12 16 18 13  5  9 10 17  6  1  8  7  3  4 14  2 15
 13 11  2 17 15 16  6 18  9  7  3  1  4 12  5 10  8 14
  1  7 10  9 12 17  3  5  8  4  2 16  6 13 15 18 14 11
  8 13  9 14  7  3 16  6 11  5 18  4 12  1 17  2 15 10
 15  1 12  3 16 11 13  4  5 18  7 10  2 14  6  9 17  8
 14  3  4 11  1 12 17  2 16  8 15 13  5  6 10  7 18  9
  4  6 15  2 11  7  1  8 14 10 12 18 13 17  9 16  3  5
  5  8  6 12 18 14  7  1  2 13  4 17 10 11 16 15  9  3
 18 17 13  6  9 10  8 14  4 15  5  3 16  2  1 11  7 12
 17  4 11 10  6  8 14 13  1  9 16 15 18  7  3 12  5  2
 10 15  8 13 14  4 11  3  7 16 17 12  9 18  2  5  1  6
 16 10  1 15  8 13  4 12  6 14  9  2 17  5  7  3 11 18
