  7 12  6  9  8 11 14  4 15 16  5  2 18  3 10 17  1 13
  2 15  7 11  6  3  4 17 13  5  8 10 14  9 18 12 16  1
 11  7 16  3 13  9  6  5  4  1 18 12 10 15 17  8 14  2
  5 11  9 10  2 16 15  7  6 12  1  4 13 18 14  3  8 17
  4  2 13  8 10  6  9  3 16 14 15  5  1 12 11 18 17  7
 10  4  2 16  9 18  1 11 17 15 14  6 12  5  3 13  7  8
  6  9  5  7  1 17  2 10 11 18 16 13 15  8 12 14  4  3
  3 13  4 15 16  7 12  1  9  6 10 14  8 17  5 11  2 18
 13 18 11  6 15  8  3  9  2  4  7 17  5 14  1 16 12 10
  1 10 12  5 11 13  7  2  3  9 17 18  6 16  8  4 15 14
  8  5 17 12  4 15 10  6 14  3  2 11 16 13  7  1 18  9
  9  1 14 13  7  4 18 12  5 11  3  8 17 10 16  2  6 15
 15  3  8  4  5 10 11 14 18 17 13 16  2  1  6  7  9 12
 18 14  3 17 12  5 13 15  7  8  6  1 11  2  4  9 10 16
 16  6 15 14  3  1 17 18  8  2 12  9  4  7 13 10 11  5
 12 17 18  1 14  2  8 16 10  7  4 15  3  6  9  5 13 11
 14 16 10 18 17 12  5  8  1 13 11  7  9  4  2 15  3  6
 17  8  1  2 18 14 16 13 12 10  9  3  7 11 15  6  5  4
