 30 28 25 26 27 29 32 34 33 36 31 35 40 38 41 37 39 42  4  2  3  6  5  1  7  8 11 10  9 12 15 16 18 17 13 14 24 19 20 22 23 21
 24 22 19 20 21 23 26 28 27 30 25 29 34 32 35 31 33 36 40 38 39 42 41 37  1  2  5  4  3  6  9 10 12 11  7  8 18 13 14 16 17 15
 36 34 31 32 33 35 38 40 39 42 37 41  4  2  5  1  3  6 10  8  9 12 11  7 13 14 17 16 15 18 21 22 24 23 19 20 30 25 26 28 29 27
 42 40 37 38 39 41  2  4  3  6  1  5 10  8 11  7  9 12 16 14 15 18 17 13 19 20 23 22 21 24 27 28 30 29 25 26 36 31 32 34 35 33
 18 16 13 14 15 17 20 22 21 24 19 23 28 26 29 25 27 30 34 32 33 36 35 31 37 38 41 40 39 42  3  4  6  5  1  2 12  7  8 10 11  9
  6  4  1  2  3  5  8 10  9 12  7 11 16 14 17 13 15 18 22 20 21 24 23 19 25 26 29 28 27 30 33 34 36 35 31 32 42 37 38 40 41 39
 12 10  7  8  9 11 14 16 15 18 13 17 22 20 23 19 21 24 28 26 27 30 29 25 31 32 35 34 33 36 39 40 42 41 37 38  6  1  2  4  5  3
 25 29 26 27 28 30 33 35 34 31 32 36 41 39 42 38 40 37  5  3  4  1  6  2  8  9 12 11 10  7 16 17 13 18 14 15 19 20 21 23 24 22
 19 23 20 21 22 24 27 29 28 25 26 30 35 33 36 32 34 31 41 39 40 37 42 38  2  3  6  5  4  1 10 11  7 12  8  9 13 14 15 17 18 16
 31 35 32 33 34 36 39 41 40 37 38 42  5  3  6  2  4  1 11  9 10  7 12  8 14 15 18 17 16 13 22 23 19 24 20 21 25 26 27 29 30 28
  1  5  2  3  4  6  9 11 10  7  8 12 17 15 18 14 16 13 23 21 22 19 24 20 26 27 30 29 28 25 34 35 31 36 32 33 37 38 39 41 42 40
 37 41 38 39 40 42  3  5  4  1  2  6 11  9 12  8 10  7 17 15 16 13 18 14 20 21 24 23 22 19 28 29 25 30 26 27 31 32 33 35 36 34
  7 11  8  9 10 12 15 17 16 13 14 18 23 21 24 20 22 19 29 27 28 25 30 26 32 33 36 35 34 31 40 41 37 42 38 39  1  2  3  5  6  4
 13 17 14 15 16 18 21 23 22 19 20 24 29 27 30 26 28 25 35 33 34 31 36 32 38 39 42 41 40 37  4  5  1  6  2  3  7  8  9 11 12 10
 32 36 33 34 35 31 40 42 41 38 39 37  6  4  1  3  5  2 12 10 11  8  7  9 15 16 13 18 17 14 23 24 20 19 21 22 26 27 28 30 25 29
 20 24 21 22 23 19 28 30 29 26 27 25 36 34 31 33 35 32 42 40 41 38 37 39  3  4  1  6  5  2 11 12  8  7  9 10 14 15 16 18 13 17
  2  6  3  4  5  1 10 12 11  8  9  7 18 16 13 15 17 14 24 22 23 20 19 21 27 28 25 30 29 26 35 36 32 31 33 34 38 39 40 42 37 41
 26 30 27 28 29 25 34 36 35 32 33 31 42 40 37 39 41 38  6  4  5  2  1  3  9 10  7 12 11  8 17 18 14 13 15 16 20 21 22 24 19 23
 14 18 15 16 17 13 22 24 23 20 21 19 30 28 25 27 29 26 36 34 35 32 31 33 39 40 37 42 41 38  5  6  2  1  3  4  8  9 10 12  7 11
 38 42 39 40 41 37  4  6  5  2  3  1 12 10  7  9 11  8 18 16 17 14 13 15 21 22 19 24 23 20 29 30 26 25 27 28 32 33 34 36 31 35
  8 12  9 10 11  7 16 18 17 14 15 13 24 22 19 21 23 20 30 28 29 26 25 27 33 34 31 36 35 32 41 42 38 37 39 40  2  3  4  6  1  5
  9  7 10 11 12  8 17 13 18 15 16 14 19 23 20 22 24 21 25 29 30 27 26 28 34 35 32 31 36 33 42 37 39 38 40 41  3  4  5  1  2  6
 21 19 22 23 24 20 29 25 30 27 28 26 31 35 32 34 36 33 37 41 42 39 38 40  4  5  2  1  6  3 12  7  9  8 10 11 15 16 17 13 14 18
 33 31 34 35 36 32 41 37 42 39 40 38  1  5  2  4  6  3  7 11 12  9  8 10 16 17 14 13 18 15 24 19 21 20 22 23 27 28 29 25 26 30
 39 37 40 41 42 38  5  1  6  3  4  2  7 11  8 10 12  9 13 17 18 15 14 16 22 23 20 19 24 21 30 25 27 26 28 29 33 34 35 31 32 36
  3  1  4  5  6  2 11  7 12  9 10  8 13 17 14 16 18 15 19 23 24 21 20 22 28 29 26 25 30 27 36 31 33 32 34 35 39 40 41 37 38 42
 15 13 16 17 18 14 23 19 24 21 22 20 25 29 26 28 30 27 31 35 36 33 32 34 40 41 38 37 42 39  6  1  3  2  4  5  9 10 11  7  8 12
 27 25 28 29 30 26 35 31 36 33 34 32 37 41 38 40 42 39  1  5  6  3  2  4 10 11  8  7 12  9 18 13 15 14 16 17 21 22 23 19 20 24
 40 38 41 42 37 39  6  2  1  4  5  3  8 12  9 11  7 10 14 18 13 16 15 17 23 24 21 20 19 22 25 26 28 27 29 30 34 35 36 32 33 31
  4  2  5  6  1  3 12  8  7 10 11  9 14 18 15 17 13 16 20 24 19 22 21 23 29 30 27 26 25 28 31 32 34 33 35 36 40 41 42 38 39 37
 16 14 17 18 13 15 24 20 19 22 23 21 26 30 27 29 25 28 32 36 31 34 33 35 41 42 39 38 37 40  1  2  4  3  5  6 10 11 12  8  9  7
 10  8 11 12  7  9 18 14 13 16 17 15 20 24 21 23 19 22 26 30 25 28 27 29 35 36 33 32 31 34 37 38 40 39 41 42  4  5  6  2  3  1
 34 32 35 36 31 33 42 38 37 40 41 39  2  6  3  5  1  4  8 12  7 10  9 11 17 18 15 14 13 16 19 20 22 21 23 24 28 29 30 26 27 25
 28 26 29 30 25 27 36 32 31 34 35 33 38 42 39 41 37 40  2  6  1  4  3  5 11 12  9  8  7 10 13 14 16 15 17 18 22 23 24 20 21 19
 22 20 23 24 19 21 30 26 25 28 29 27 32 36 33 35 31 34 38 42 37 40 39 41  5  6  3  2  1  4  7  8 10  9 11 12 16 17 18 14 15 13
 29 27 30 25 26 28 31 33 32 35 36 34 39 37 40 42 38 41  3  1  2  5  4  6 12  7 10  9  8 11 14 15 17 16 18 13 23 24 19 21 22 20
 17 15 18 13 14 16 19 21 20 23 24 22 27 25 28 30 26 29 33 31 32 35 34 36 42 37 40 39 38 41  2  3  5  4  6  1 11 12  7  9 10  8
 41 39 42 37 38 40  1  3  2  5  6  4  9  7 10 12  8 11 15 13 14 17 16 18 24 19 22 21 20 23 26 27 29 28 30 25 35 36 31 33 34 32
 11  9 12  7  8 10 13 15 14 17 18 16 21 19 22 24 20 23 27 25 26 29 28 30 36 31 34 33 32 35 38 39 41 40 42 37  5  6  1  3  4  2
  5  3  6  1  2  4  7  9  8 11 12 10 15 13 16 18 14 17 21 19 20 23 22 24 30 25 28 27 26 29 32 33 35 34 36 31 41 42 37 39 40 38
 23 21 24 19 20 22 25 27 26 29 30 28 33 31 34 36 32 35 39 37 38 41 40 42  6  1  4  3  2  5  8  9 11 10 12  7 17 18 13 15 16 14
 35 33 36 31 32 34 37 39 38 41 42 40  3  1  4  6  2  5  9  7  8 11 10 12 18 13 16 15 14 17 20 21 23 22 24 19 29 30 25 27 28 26
