 17 19 13 11 12 18 20 14 16 15 24 25 29 21 22 28 30 26 23 27 31 34 36 37 40 35 39 32 38 33  3  1  4  2 10  6  8  9  5  7
 27 29 23 21 22 28 30 24 26 25 34 35 39 31 32 38 40 36 33 37  1  4  6  7 10  5  9  2  8  3 13 11 14 12 20 16 18 19 15 17
  7  9  3  1  2  8 10  4  6  5 14 15 19 11 12 18 20 16 13 17 21 24 26 27 30 25 29 22 28 23 33 31 34 32 40 36 38 39 35 37
 37 39 33 31 32 38 40 34 36 35  4  5  9  1  2  8 10  6  3  7 11 14 16 17 20 15 19 12 18 13 23 21 24 22 30 26 28 29 25 27
  8 10  4  2  3  9  1  5  7  6 15 16 20 12 13 19 11 17 14 18 22 25 27 28 21 26 30 23 29 24 34 32 35 33 31 37 39 40 36 38
 18 20 14 12 13 19 11 15 17 16 25 26 30 22 23 29 21 27 24 28 32 35 37 38 31 36 40 33 39 34  4  2  5  3  1  7  9 10  6  8
 28 30 24 22 23 29 21 25 27 26 35 36 40 32 33 39 31 37 34 38  2  5  7  8  1  6 10  3  9  4 14 12 15 13 11 17 19 20 16 18
 38 40 34 32 33 39 31 35 37 36  5  6 10  2  3  9  1  7  4  8 12 15 17 18 11 16 20 13 19 14 24 22 25 23 21 27 29 30 26 28
  9  1  5  3  4 10  2  6  8  7 16 17 11 13 14 20 12 18 15 19 23 26 28 29 22 27 21 24 30 25 35 33 36 34 32 38 40 31 37 39
 19 11 15 13 14 20 12 16 18 17 26 27 21 23 24 30 22 28 25 29 33 36 38 39 32 37 31 34 40 35  5  3  6  4  2  8 10  1  7  9
 39 31 35 33 34 40 32 36 38 37  6  7  1  3  4 10  2  8  5  9 13 16 18 19 12 17 11 14 20 15 25 23 26 24 22 28 30 21 27 29
 29 21 25 23 24 30 22 26 28 27 36 37 31 33 34 40 32 38 35 39  3  6  8  9  2  7  1  4 10  5 15 13 16 14 12 18 20 11 17 19
 10  2  6  4  5  1  3  7  9  8 17 18 12 14 15 11 13 19 16 20 24 27 29 30 23 28 22 25 21 26 36 34 37 35 33 39 31 32 38 40
 30 22 26 24 25 21 23 27 29 28 37 38 32 34 35 31 33 39 36 40  4  7  9 10  3  8  2  5  1  6 16 14 17 15 13 19 11 12 18 20
 40 32 36 34 35 31 33 37 39 38  7  8  2  4  5  1  3  9  6 10 14 17 19 20 13 18 12 15 11 16 26 24 27 25 23 29 21 22 28 30
 20 12 16 14 15 11 13 17 19 18 27 28 22 24 25 21 23 29 26 30 34 37 39 40 33 38 32 35 31 36  6  4  7  5  3  9  1  2  8 10
 21 23 27 25 26 22 24 28 30 29 38 39 33 35 36 32 34 40 37 31  5  8 10  1  4  9  3  6  2  7 17 15 18 16 14 20 12 13 19 11
  1  3  7  5  6  2  4  8 10  9 18 19 13 15 16 12 14 20 17 11 25 28 30 21 24 29 23 26 22 27 37 35 38 36 34 40 32 33 39 31
 31 33 37 35 36 32 34 38 40 39  8  9  3  5  6  2  4 10  7  1 15 18 20 11 14 19 13 16 12 17 27 25 28 26 24 30 22 23 29 21
 11 13 17 15 16 12 14 18 20 19 28 29 23 25 26 22 24 30 27 21 35 38 40 31 34 39 33 36 32 37  7  5  8  6  4 10  2  3  9  1
 22 24 28 26 27 23 25 29 21 30 39 40 34 36 37 33 35 31 38 32  6  9  1  2  5 10  4  7  3  8 18 16 19 17 15 11 13 14 20 12
  2  4  8  6  7  3  5  9  1 10 19 20 14 16 17 13 15 11 18 12 26 29 21 22 25 30 24 27 23 28 38 36 39 37 35 31 33 34 40 32
 12 14 18 16 17 13 15 19 11 20 29 30 24 26 27 23 25 21 28 22 36 39 31 32 35 40 34 37 33 38  8  6  9  7  5  1  3  4 10  2
 32 34 38 36 37 33 35 39 31 40  9 10  4  6  7  3  5  1  8  2 16 19 11 12 15 20 14 17 13 18 28 26 29 27 25 21 23 24 30 22
 13 15 19 17 18 14 16 20 12 11 30 21 25 27 28 24 26 22 29 23 37 40 32 33 36 31 35 38 34 39  9  7 10  8  6  2  4  5  1  3
 23 25 29 27 28 24 26 30 22 21 40 31 35 37 38 34 36 32 39 33  7 10  2  3  6  1  5  8  4  9 19 17 20 18 16 12 14 15 11 13
  3  5  9  7  8  4  6 10  2  1 20 11 15 17 18 14 16 12 19 13 27 30 22 23 26 21 25 28 24 29 39 37 40 38 36 32 34 35 31 33
 33 35 39 37 38 34 36 40 32 31 10  1  5  7  8  4  6  2  9  3 17 20 12 13 16 11 15 18 14 19 29 27 30 28 26 22 24 25 21 23
 34 36 40 38 39 35 37 31 33 32  1  2  6  8  9  5  7  3 10  4 18 11 13 14 17 12 16 19 15 20 30 28 21 29 27 23 25 26 22 24
 24 26 30 28 29 25 27 21 23 22 31 32 36 38 39 35 37 33 40 34  8  1  3  4  7  2  6  9  5 10 20 18 11 19 17 13 15 16 12 14
 14 16 20 18 19 15 17 11 13 12 21 22 26 28 29 25 27 23 30 24 38 31 33 34 37 32 36 39 35 40 10  8  1  9  7  3  5  6  2  4
  4  6 10  8  9  5  7  1  3  2 11 12 16 18 19 15 17 13 20 14 28 21 23 24 27 22 26 29 25 30 40 38 31 39 37 33 35 36 32 34
 35 37 31 39 40 36 38 32 34 33  2  3  7  9 10  6  8  4  1  5 19 12 14 15 18 13 17 20 16 11 21 29 22 30 28 24 26 27 23 25
  5  7  1  9 10  6  8  2  4  3 12 13 17 19 20 16 18 14 11 15 29 22 24 25 28 23 27 30 26 21 31 39 32 40 38 34 36 37 33 35
 25 27 21 29 30 26 28 22 24 23 32 33 37 39 40 36 38 34 31 35  9  2  4  5  8  3  7 10  6  1 11 19 12 20 18 14 16 17 13 15
 15 17 11 19 20 16 18 12 14 13 22 23 27 29 30 26 28 24 21 25 39 32 34 35 38 33 37 40 36 31  1  9  2 10  8  4  6  7  3  5
 26 28 22 30 21 27 29 23 25 24 33 34 38 40 31 37 39 35 32 36 10  3  5  6  9  4  8  1  7  2 12 20 13 11 19 15 17 18 14 16
  6  8  2 10  1  7  9  3  5  4 13 14 18 20 11 17 19 15 12 16 30 23 25 26 29 24 28 21 27 22 32 40 33 31 39 35 37 38 34 36
 36 38 32 40 31 37 39 33 35 34  3  4  8 10  1  7  9  5  2  6 20 13 15 16 19 14 18 11 17 12 22 30 23 21 29 25 27 28 24 26
 16 18 12 20 11 17 19 13 15 14 23 24 28 30 21 27 29 25 22 26 40 33 35 36 39 34 38 31 37 32  2 10  3  1  9  5  7  8  4  6
