 34 32 36 33 37 40 38 35 39 31  8 10  9  6  7  2  4  1  5  3 11 19 20 17 12 14 13 18 15 16 23 25 22 28 24 30 29 27 26 21
 14 12 16 13 17 20 18 15 19 11 28 30 29 26 27 22 24 21 25 23 31 39 40 37 32 34 33 38 35 36  3  5  2  8  4 10  9  7  6  1
  4  2  6  3  7 10  8  5  9  1 18 20 19 16 17 12 14 11 15 13 21 29 30 27 22 24 23 28 25 26 33 35 32 38 34 40 39 37 36 31
 24 22 26 23 27 30 28 25 29 21 38 40 39 36 37 32 34 31 35 33  1  9 10  7  2  4  3  8  5  6 13 15 12 18 14 20 19 17 16 11
 25 23 27 24 28 21 29 26 30 22 39 31 40 37 38 33 35 32 36 34  2 10  1  8  3  5  4  9  6  7 14 16 13 19 15 11 20 18 17 12
 15 13 17 14 18 11 19 16 20 12 29 21 30 27 28 23 25 22 26 24 32 40 31 38 33 35 34 39 36 37  4  6  3  9  5  1 10  8  7  2
 35 33 37 34 38 31 39 36 40 32  9  1 10  7  8  3  5  2  6  4 12 20 11 18 13 15 14 19 16 17 24 26 23 29 25 21 30 28 27 22
  5  3  7  4  8  1  9  6 10  2 19 11 20 17 18 13 15 12 16 14 22 30 21 28 23 25 24 29 26 27 34 36 33 39 35 31 40 38 37 32
 16 14 18 15 19 12 20 17 11 13 30 22 21 28 29 24 26 23 27 25 33 31 32 39 34 36 35 40 37 38  5  7  4 10  6  2  1  9  8  3
  6  4  8  5  9  2 10  7  1  3 20 12 11 18 19 14 16 13 17 15 23 21 22 29 24 26 25 30 27 28 35 37 34 40 36 32 31 39 38 33
 36 34 38 35 39 32 40 37 31 33 10  2  1  8  9  4  6  3  7  5 13 11 12 19 14 16 15 20 17 18 25 27 24 30 26 22 21 29 28 23
 26 24 28 25 29 22 30 27 21 23 40 32 31 38 39 34 36 33 37 35  3  1  2  9  4  6  5 10  7  8 15 17 14 20 16 12 11 19 18 13
 17 15 19 16 20 13 11 18 12 14 21 23 22 29 30 25 27 24 28 26 34 32 33 40 35 37 36 31 38 39  6  8  5  1  7  3  2 10  9  4
  7  5  9  6 10  3  1  8  2  4 11 13 12 19 20 15 17 14 18 16 24 22 23 30 25 27 26 21 28 29 36 38 35 31 37 33 32 40 39 34
 27 25 29 26 30 23 21 28 22 24 31 33 32 39 40 35 37 34 38 36  4  2  3 10  5  7  6  1  8  9 16 18 15 11 17 13 12 20 19 14
 37 35 39 36 40 33 31 38 32 34  1  3  2  9 10  5  7  4  8  6 14 12 13 20 15 17 16 11 18 19 26 28 25 21 27 23 22 30 29 24
 38 36 40 37 31 34 32 39 33 35  2  4  3 10  1  6  8  5  9  7 15 13 14 11 16 18 17 12 19 20 27 29 26 22 28 24 23 21 30 25
 18 16 20 17 11 14 12 19 13 15 22 24 23 30 21 26 28 25 29 27 35 33 34 31 36 38 37 32 39 40  7  9  6  2  8  4  3  1 10  5
 28 26 30 27 21 24 22 29 23 25 32 34 33 40 31 36 38 35 39 37  5  3  4  1  6  8  7  2  9 10 17 19 16 12 18 14 13 11 20 15
  8  6 10  7  1  4  2  9  3  5 12 14 13 20 11 16 18 15 19 17 25 23 24 21 26 28 27 22 29 30 37 39 36 32 38 34 33 31 40 35
  9  7  1  8  2  5  3 10  4  6 13 15 14 11 12 17 19 16 20 18 26 24 25 22 27 29 28 23 30 21 38 40 37 33 39 35 34 32 31 36
 19 17 11 18 12 15 13 20 14 16 23 25 24 21 22 27 29 26 30 28 36 34 35 32 37 39 38 33 40 31  8 10  7  3  9  5  4  2  1  6
 29 27 21 28 22 25 23 30 24 26 33 35 34 31 32 37 39 36 40 38  6  4  5  2  7  9  8  3 10  1 18 20 17 13 19 15 14 12 11 16
 39 37 31 38 32 35 33 40 34 36  3  5  4  1  2  7  9  6 10  8 16 14 15 12 17 19 18 13 20 11 28 30 27 23 29 25 24 22 21 26
 30 28 22 29 23 26 24 21 25 27 34 36 35 32 33 38 40 37 31 39  7  5  6  3  8 10  9  4  1  2 19 11 18 14 20 16 15 13 12 17
 10  8  2  9  3  6  4  1  5  7 14 16 15 12 13 18 20 17 11 19 27 25 26 23 28 30 29 24 21 22 39 31 38 34 40 36 35 33 32 37
 40 38 32 39 33 36 34 31 35 37  4  6  5  2  3  8 10  7  1  9 17 15 16 13 18 20 19 14 11 12 29 21 28 24 30 26 25 23 22 27
 20 18 12 19 13 16 14 11 15 17 24 26 25 22 23 28 30 27 21 29 37 35 36 33 38 40 39 34 31 32  9  1  8  4 10  6  5  3  2  7
  1  9  3 10  4  7  5  2  6  8 15 17 16 13 14 19 11 18 12 20 28 26 27 24 29 21 30 25 22 23 40 32 39 35 31 37 36 34 33 38
 31 39 33 40 34 37 35 32 36 38  5  7  6  3  4  9  1  8  2 10 18 16 17 14 19 11 20 15 12 13 30 22 29 25 21 27 26 24 23 28
 21 29 23 30 24 27 25 22 26 28 35 37 36 33 34 39 31 38 32 40  8  6  7  4  9  1 10  5  2  3 20 12 19 15 11 17 16 14 13 18
 11 19 13 20 14 17 15 12 16 18 25 27 26 23 24 29 21 28 22 30 38 36 37 34 39 31 40 35 32 33 10  2  9  5  1  7  6  4  3  8
 12 20 14 11 15 18 16 13 17 19 26 28 27 24 25 30 22 29 23 21 39 37 38 35 40 32 31 36 33 34  1  3 10  6  2  8  7  5  4  9
 32 40 34 31 35 38 36 33 37 39  6  8  7  4  5 10  2  9  3  1 19 17 18 15 20 12 11 16 13 14 21 23 30 26 22 28 27 25 24 29
  2 10  4  1  5  8  6  3  7  9 16 18 17 14 15 20 12 19 13 11 29 27 28 25 30 22 21 26 23 24 31 33 40 36 32 38 37 35 34 39
 22 30 24 21 25 28 26 23 27 29 36 38 37 34 35 40 32 39 33 31  9  7  8  5 10  2  1  6  3  4 11 13 20 16 12 18 17 15 14 19
  3  1  5  2  6  9  7  4  8 10 17 19 18 15 16 11 13 20 14 12 30 28 29 26 21 23 22 27 24 25 32 34 31 37 33 39 38 36 35 40
 33 31 35 32 36 39 37 34 38 40  7  9  8  5  6  1  3 10  4  2 20 18 19 16 11 13 12 17 14 15 22 24 21 27 23 29 28 26 25 30
 23 21 25 22 26 29 27 24 28 30 37 39 38 35 36 31 33 40 34 32 10  8  9  6  1  3  2  7  4  5 12 14 11 17 13 19 18 16 15 20
 13 11 15 12 16 19 17 14 18 20 27 29 28 25 26 21 23 30 24 22 40 38 39 36 31 33 32 37 34 35  2  4  1  7  3  9  8  6  5 10
