 33 38 36 37 35 39 34 32 31 40  1  4  6  5  8  2  3  9  7 10 17 15 14 20 16 18 11 13 19 12 23 22 24 27 29 25 28 26 30 21
 23 28 26 27 25 29 24 22 21 30 31 34 36 35 38 32 33 39 37 40  7  5  4 10  6  8  1  3  9  2 13 12 14 17 19 15 18 16 20 11
 13 18 16 17 15 19 14 12 11 20 21 24 26 25 28 22 23 29 27 30 37 35 34 40 36 38 31 33 39 32  3  2  4  7  9  5  8  6 10  1
  3  8  6  7  5  9  4  2  1 10 11 14 16 15 18 12 13 19 17 20 27 25 24 30 26 28 21 23 29 22 33 32 34 37 39 35 38 36 40 31
  4  9  7  8  6 10  5  3  2  1 12 15 17 16 19 13 14 20 18 11 28 26 25 21 27 29 22 24 30 23 34 33 35 38 40 36 39 37 31 32
 24 29 27 28 26 30 25 23 22 21 32 35 37 36 39 33 34 40 38 31  8  6  5  1  7  9  2  4 10  3 14 13 15 18 20 16 19 17 11 12
 14 19 17 18 16 20 15 13 12 11 22 25 27 26 29 23 24 30 28 21 38 36 35 31 37 39 32 34 40 33  4  3  5  8 10  6  9  7  1  2
 34 39 37 38 36 40 35 33 32 31  2  5  7  6  9  3  4 10  8  1 18 16 15 11 17 19 12 14 20 13 24 23 25 28 30 26 29 27 21 22
 35 40 38 39 37 31 36 34 33 32  3  6  8  7 10  4  5  1  9  2 19 17 16 12 18 20 13 15 11 14 25 24 26 29 21 27 30 28 22 23
 25 30 28 29 27 21 26 24 23 22 33 36 38 37 40 34 35 31 39 32  9  7  6  2  8 10  3  5  1  4 15 14 16 19 11 17 20 18 12 13
  5 10  8  9  7  1  6  4  3  2 13 16 18 17 20 14 15 11 19 12 29 27 26 22 28 30 23 25 21 24 35 34 36 39 31 37 40 38 32 33
 15 20 18 19 17 11 16 14 13 12 23 26 28 27 30 24 25 21 29 22 39 37 36 32 38 40 33 35 31 34  5  4  6  9  1  7 10  8  2  3
 26 21 29 30 28 22 27 25 24 23 34 37 39 38 31 35 36 32 40 33 10  8  7  3  9  1  4  6  2  5 16 15 17 20 12 18 11 19 13 14
  6  1  9 10  8  2  7  5  4  3 14 17 19 18 11 15 16 12 20 13 30 28 27 23 29 21 24 26 22 25 36 35 37 40 32 38 31 39 33 34
 36 31 39 40 38 32 37 35 34 33  4  7  9  8  1  5  6  2 10  3 20 18 17 13 19 11 14 16 12 15 26 25 27 30 22 28 21 29 23 24
 16 11 19 20 18 12 17 15 14 13 24 27 29 28 21 25 26 22 30 23 40 38 37 33 39 31 34 36 32 35  6  5  7 10  2  8  1  9  3  4
 17 12 20 11 19 13 18 16 15 14 25 28 30 29 22 26 27 23 21 24 31 39 38 34 40 32 35 37 33 36  7  6  8  1  3  9  2 10  4  5
  7  2 10  1  9  3  8  6  5  4 15 18 20 19 12 16 17 13 11 14 21 29 28 24 30 22 25 27 23 26 37 36 38 31 33 39 32 40 34 35
 27 22 30 21 29 23 28 26 25 24 35 38 40 39 32 36 37 33 31 34  1  9  8  4 10  2  5  7  3  6 17 16 18 11 13 19 12 20 14 15
 37 32 40 31 39 33 38 36 35 34  5  8 10  9  2  6  7  3  1  4 11 19 18 14 20 12 15 17 13 16 27 26 28 21 23 29 22 30 24 25
 28 23 21 22 30 24 29 27 26 25 36 39 31 40 33 37 38 34 32 35  2 10  9  5  1  3  6  8  4  7 18 17 19 12 14 20 13 11 15 16
 38 33 31 32 40 34 39 37 36 35  6  9  1 10  3  7  8  4  2  5 12 20 19 15 11 13 16 18 14 17 28 27 29 22 24 30 23 21 25 26
  8  3  1  2 10  4  9  7  6  5 16 19 11 20 13 17 18 14 12 15 22 30 29 25 21 23 26 28 24 27 38 37 39 32 34 40 33 31 35 36
 18 13 11 12 20 14 19 17 16 15 26 29 21 30 23 27 28 24 22 25 32 40 39 35 31 33 36 38 34 37  8  7  9  2  4 10  3  1  5  6
 29 24 22 23 21 25 30 28 27 26 37 40 32 31 34 38 39 35 33 36  3  1 10  6  2  4  7  9  5  8 19 18 20 13 15 11 14 12 16 17
 19 14 12 13 11 15 20 18 17 16 27 30 22 21 24 28 29 25 23 26 33 31 40 36 32 34 37 39 35 38  9  8 10  3  5  1  4  2  6  7
  9  4  2  3  1  5 10  8  7  6 17 20 12 11 14 18 19 15 13 16 23 21 30 26 22 24 27 29 25 28 39 38 40 33 35 31 34 32 36 37
 39 34 32 33 31 35 40 38 37 36  7 10  2  1  4  8  9  5  3  6 13 11 20 16 12 14 17 19 15 18 29 28 30 23 25 21 24 22 26 27
 30 25 23 24 22 26 21 29 28 27 38 31 33 32 35 39 40 36 34 37  4  2  1  7  3  5  8 10  6  9 20 19 11 14 16 12 15 13 17 18
 10  5  3  4  2  6  1  9  8  7 18 11 13 12 15 19 20 16 14 17 24 22 21 27 23 25 28 30 26 29 40 39 31 34 36 32 35 33 37 38
 20 15 13 14 12 16 11 19 18 17 28 21 23 22 25 29 30 26 24 27 34 32 31 37 33 35 38 40 36 39 10  9  1  4  6  2  5  3  7  8
 40 35 33 34 32 36 31 39 38 37  8  1  3  2  5  9 10  6  4  7 14 12 11 17 13 15 18 20 16 19 30 29 21 24 26 22 25 23 27 28
 31 36 34 35 33 37 32 40 39 38  9  2  4  3  6 10  1  7  5  8 15 13 12 18 14 16 19 11 17 20 21 30 22 25 27 23 26 24 28 29
 11 16 14 15 13 17 12 20 19 18 29 22 24 23 26 30 21 27 25 28 35 33 32 38 34 36 39 31 37 40  1 10  2  5  7  3  6  4  8  9
  1  6  4  5  3  7  2 10  9  8 19 12 14 13 16 20 11 17 15 18 25 23 22 28 24 26 29 21 27 30 31 40 32 35 37 33 36 34 38 39
 21 26 24 25 23 27 22 30 29 28 39 32 34 33 36 40 31 37 35 38  5  3  2  8  4  6  9  1  7 10 11 20 12 15 17 13 16 14 18 19
 12 17 15 16 14 18 13 11 20 19 30 23 25 24 27 21 22 28 26 29 36 34 33 39 35 37 40 32 38 31  2  1  3  6  8  4  7  5  9 10
 32 37 35 36 34 38 33 31 40 39 10  3  5  4  7  1  2  8  6  9 16 14 13 19 15 17 20 12 18 11 22 21 23 26 28 24 27 25 29 30
 22 27 25 26 24 28 23 21 30 29 40 33 35 34 37 31 32 38 36 39  6  4  3  9  5  7 10  2  8  1 12 11 13 16 18 14 17 15 19 20
  2  7  5  6  4  8  3  1 10  9 20 13 15 14 17 11 12 18 16 19 26 24 23 29 25 27 30 22 28 21 32 31 33 36 38 34 37 35 39 40
