 36 40 34 37 33 35 38 39 46 43 48 47 45 41 42 44 55 56 51 53 54 49 52 50 58 59 61 63 60 64 62 57 65 66 70 72 69 68 67 71 79 73 75 76 78 77 74 80  4  6  7  1  5  3  2  8  9 16 15 12 11 10 14 13 21 17 18 24 20 23 22 19 28 29 30 31 27 25 26 32
 20 24 18 21 17 19 22 23 30 27 32 31 29 25 26 28 39 40 35 37 38 33 36 34 42 43 45 47 44 48 46 41 49 50 54 56 53 52 51 55 63 57 59 60 62 61 58 64 68 70 71 65 69 67 66 72 73 80 79 76 75 74 78 77  5  1  2  8  4  7  6  3 12 13 14 15 11  9 10 16
 76 80 74 77 73 75 78 79  6  3  8  7  5  1  2  4 15 16 11 13 14  9 12 10 18 19 21 23 20 24 22 17 25 26 30 32 29 28 27 31 39 33 35 36 38 37 34 40 44 46 47 41 45 43 42 48 49 56 55 52 51 50 54 53 61 57 58 64 60 63 62 59 68 69 70 71 67 65 66 72
 12 16 10 13  9 11 14 15 22 19 24 23 21 17 18 20 31 32 27 29 30 25 28 26 34 35 37 39 36 40 38 33 41 42 46 48 45 44 43 47 55 49 51 52 54 53 50 56 60 62 63 57 61 59 58 64 65 72 71 68 67 66 70 69 77 73 74 80 76 79 78 75  4  5  6  7  3  1  2  8
 60 64 58 61 57 59 62 63 70 67 72 71 69 65 66 68 79 80 75 77 78 73 76 74  2  3  5  7  4  8  6  1  9 10 14 16 13 12 11 15 23 17 19 20 22 21 18 24 28 30 31 25 29 27 26 32 33 40 39 36 35 34 38 37 45 41 42 48 44 47 46 43 52 53 54 55 51 49 50 56
 44 48 42 45 41 43 46 47 54 51 56 55 53 49 50 52 63 64 59 61 62 57 60 58 66 67 69 71 68 72 70 65 73 74 78 80 77 76 75 79  7  1  3  4  6  5  2  8 12 14 15  9 13 11 10 16 17 24 23 20 19 18 22 21 29 25 26 32 28 31 30 27 36 37 38 39 35 33 34 40
 68 72 66 69 65 67 70 71 78 75 80 79 77 73 74 76  7  8  3  5  6  1  4  2 10 11 13 15 12 16 14  9 17 18 22 24 21 20 19 23 31 25 27 28 30 29 26 32 36 38 39 33 37 35 34 40 41 48 47 44 43 42 46 45 53 49 50 56 52 55 54 51 60 61 62 63 59 57 58 64
 52 56 50 53 49 51 54 55 62 59 64 63 61 57 58 60 71 72 67 69 70 65 68 66 74 75 77 79 76 80 78 73  1  2  6  8  5  4  3  7 15  9 11 12 14 13 10 16 20 22 23 17 21 19 18 24 25 32 31 28 27 26 30 29 37 33 34 40 36 39 38 35 44 45 46 47 43 41 42 48
  4  8  2  5  1  3  6  7 14 11 16 15 13  9 10 12 23 24 19 21 22 17 20 18 26 27 29 31 28 32 30 25 33 34 38 40 37 36 35 39 47 41 43 44 46 45 42 48 52 54 55 49 53 51 50 56 57 64 63 60 59 58 62 61 69 65 66 72 68 71 70 67 76 77 78 79 75 73 74 80
 28 32 26 29 25 27 30 31 38 35 40 39 37 33 34 36 47 48 43 45 46 41 44 42 50 51 53 55 52 56 54 49 57 58 62 64 61 60 59 63 71 65 67 68 70 69 66 72 76 78 79 73 77 75 74 80  1  8  7  4  3  2  6  5 13  9 10 16 12 15 14 11 20 21 22 23 19 17 18 24
 37 33 35 38 34 36 39 40 47 44 41 48 46 42 43 45 56 49 52 54 55 50 53 51 59 60 62 64 61 57 63 58 66 67 71 65 70 69 68 72 80 74 76 77 79 78 75 73  5  7  8  2  6  4  3  1 10  9 16 13 12 11 15 14 22 18 19 17 21 24 23 20 29 30 31 32 28 26 27 25
 77 73 75 78 74 76 79 80  7  4  1  8  6  2  3  5 16  9 12 14 15 10 13 11 19 20 22 24 21 17 23 18 26 27 31 25 30 29 28 32 40 34 36 37 39 38 35 33 45 47 48 42 46 44 43 41 50 49 56 53 52 51 55 54 62 58 59 57 61 64 63 60 69 70 71 72 68 66 67 65
 13  9 11 14 10 12 15 16 23 20 17 24 22 18 19 21 32 25 28 30 31 26 29 27 35 36 38 40 37 33 39 34 42 43 47 41 46 45 44 48 56 50 52 53 55 54 51 49 61 63 64 58 62 60 59 57 66 65 72 69 68 67 71 70 78 74 75 73 77 80 79 76  5  6  7  8  4  2  3  1
 29 25 27 30 26 28 31 32 39 36 33 40 38 34 35 37 48 41 44 46 47 42 45 43 51 52 54 56 53 49 55 50 58 59 63 57 62 61 60 64 72 66 68 69 71 70 67 65 77 79 80 74 78 76 75 73  2  1  8  5  4  3  7  6 14 10 11  9 13 16 15 12 21 22 23 24 20 18 19 17
 53 49 51 54 50 52 55 56 63 60 57 64 62 58 59 61 72 65 68 70 71 66 69 67 75 76 78 80 77 73 79 74  2  3  7  1  6  5  4  8 16 10 12 13 15 14 11  9 21 23 24 18 22 20 19 17 26 25 32 29 28 27 31 30 38 34 35 33 37 40 39 36 45 46 47 48 44 42 43 41
 21 17 19 22 18 20 23 24 31 28 25 32 30 26 27 29 40 33 36 38 39 34 37 35 43 44 46 48 45 41 47 42 50 51 55 49 54 53 52 56 64 58 60 61 63 62 59 57 69 71 72 66 70 68 67 65 74 73 80 77 76 75 79 78  6  2  3  1  5  8  7  4 13 14 15 16 12 10 11  9
 61 57 59 62 58 60 63 64 71 68 65 72 70 66 67 69 80 73 76 78 79 74 77 75  3  4  6  8  5  1  7  2 10 11 15  9 14 13 12 16 24 18 20 21 23 22 19 17 29 31 32 26 30 28 27 25 34 33 40 37 36 35 39 38 46 42 43 41 45 48 47 44 53 54 55 56 52 50 51 49
 45 41 43 46 42 44 47 48 55 52 49 56 54 50 51 53 64 57 60 62 63 58 61 59 67 68 70 72 69 65 71 66 74 75 79 73 78 77 76 80  8  2  4  5  7  6  3  1 13 15 16 10 14 12 11  9 18 17 24 21 20 19 23 22 30 26 27 25 29 32 31 28 37 38 39 40 36 34 35 33
  5  1  3  6  2  4  7  8 15 12  9 16 14 10 11 13 24 17 20 22 23 18 21 19 27 28 30 32 29 25 31 26 34 35 39 33 38 37 36 40 48 42 44 45 47 46 43 41 53 55 56 50 54 52 51 49 58 57 64 61 60 59 63 62 70 66 67 65 69 72 71 68 77 78 79 80 76 74 75 73
 69 65 67 70 66 68 71 72 79 76 73 80 78 74 75 77  8  1  4  6  7  2  5  3 11 12 14 16 13  9 15 10 18 19 23 17 22 21 20 24 32 26 28 29 31 30 27 25 37 39 40 34 38 36 35 33 42 41 48 45 44 43 47 46 54 50 51 49 53 56 55 52 61 62 63 64 60 58 59 57
 22 18 20 23 19 21 24 17 32 29 26 25 31 27 28 30 33 34 37 39 40 35 38 36 44 45 47 41 46 42 48 43 51 52 56 50 55 54 53 49 57 59 61 62 64 63 60 58 70 72 65 67 71 69 68 66 75 74 73 78 77 76 80 79  7  3  4  2  6  1  8  5 14 15 16  9 13 11 12 10
  6  2  4  7  3  5  8  1 16 13 10  9 15 11 12 14 17 18 21 23 24 19 22 20 28 29 31 25 30 26 32 27 35 36 40 34 39 38 37 33 41 43 45 46 48 47 44 42 54 56 49 51 55 53 52 50 59 58 57 62 61 60 64 63 71 67 68 66 70 65 72 69 78 79 80 73 77 75 76 74
 78 74 76 79 75 77 80 73  8  5  2  1  7  3  4  6  9 10 13 15 16 11 14 12 20 21 23 17 22 18 24 19 27 28 32 26 31 30 29 25 33 35 37 38 40 39 36 34 46 48 41 43 47 45 44 42 51 50 49 54 53 52 56 55 63 59 60 58 62 57 64 61 70 71 72 65 69 67 68 66
 14 10 12 15 11 13 16  9 24 21 18 17 23 19 20 22 25 26 29 31 32 27 30 28 36 37 39 33 38 34 40 35 43 44 48 42 47 46 45 41 49 51 53 54 56 55 52 50 62 64 57 59 63 61 60 58 67 66 65 70 69 68 72 71 79 75 76 74 78 73 80 77  6  7  8  1  5  3  4  2
 62 58 60 63 59 61 64 57 72 69 66 65 71 67 68 70 73 74 77 79 80 75 78 76  4  5  7  1  6  2  8  3 11 12 16 10 15 14 13  9 17 19 21 22 24 23 20 18 30 32 25 27 31 29 28 26 35 34 33 38 37 36 40 39 47 43 44 42 46 41 48 45 54 55 56 49 53 51 52 50
 54 50 52 55 51 53 56 49 64 61 58 57 63 59 60 62 65 66 69 71 72 67 70 68 76 77 79 73 78 74 80 75  3  4  8  2  7  6  5  1  9 11 13 14 16 15 12 10 22 24 17 19 23 21 20 18 27 26 25 30 29 28 32 31 39 35 36 34 38 33 40 37 46 47 48 41 45 43 44 42
 38 34 36 39 35 37 40 33 48 45 42 41 47 43 44 46 49 50 53 55 56 51 54 52 60 61 63 57 62 58 64 59 67 68 72 66 71 70 69 65 73 75 77 78 80 79 76 74  6  8  1  3  7  5  4  2 11 10  9 14 13 12 16 15 23 19 20 18 22 17 24 21 30 31 32 25 29 27 28 26
 30 26 28 31 27 29 32 25 40 37 34 33 39 35 36 38 41 42 45 47 48 43 46 44 52 53 55 49 54 50 56 51 59 60 64 58 63 62 61 57 65 67 69 70 72 71 68 66 78 80 73 75 79 77 76 74  3  2  1  6  5  4  8  7 15 11 12 10 14  9 16 13 22 23 24 17 21 19 20 18
 70 66 68 71 67 69 72 65 80 77 74 73 79 75 76 78  1  2  5  7  8  3  6  4 12 13 15  9 14 10 16 11 19 20 24 18 23 22 21 17 25 27 29 30 32 31 28 26 38 40 33 35 39 37 36 34 43 42 41 46 45 44 48 47 55 51 52 50 54 49 56 53 62 63 64 57 61 59 60 58
 46 42 44 47 43 45 48 41 56 53 50 49 55 51 52 54 57 58 61 63 64 59 62 60 68 69 71 65 70 66 72 67 75 76 80 74 79 78 77 73  1  3  5  6  8  7  4  2 14 16  9 11 15 13 12 10 19 18 17 22 21 20 24 23 31 27 28 26 30 25 32 29 38 39 40 33 37 35 36 34
 23 19 21 24 20 22 17 18 25 30 27 26 32 28 29 31 34 35 38 40 33 36 39 37 45 46 48 42 47 43 41 44 52 53 49 51 56 55 54 50 58 60 62 63 57 64 61 59 71 65 66 68 72 70 69 67 76 75 74 79 78 77 73 80  8  4  5  3  7  2  1  6 15 16  9 10 14 12 13 11
 63 59 61 64 60 62 57 58 65 70 67 66 72 68 69 71 74 75 78 80 73 76 79 77  5  6  8  2  7  3  1  4 12 13  9 11 16 15 14 10 18 20 22 23 17 24 21 19 31 25 26 28 32 30 29 27 36 35 34 39 38 37 33 40 48 44 45 43 47 42 41 46 55 56 49 50 54 52 53 51
 79 75 77 80 76 78 73 74  1  6  3  2  8  4  5  7 10 11 14 16  9 12 15 13 21 22 24 18 23 19 17 20 28 29 25 27 32 31 30 26 34 36 38 39 33 40 37 35 47 41 42 44 48 46 45 43 52 51 50 55 54 53 49 56 64 60 61 59 63 58 57 62 71 72 65 66 70 68 69 67
 31 27 29 32 28 30 25 26 33 38 35 34 40 36 37 39 42 43 46 48 41 44 47 45 53 54 56 50 55 51 49 52 60 61 57 59 64 63 62 58 66 68 70 71 65 72 69 67 79 73 74 76 80 78 77 75  4  3  2  7  6  5  1  8 16 12 13 11 15 10  9 14 23 24 17 18 22 20 21 19
 15 11 13 16 12 14  9 10 17 22 19 18 24 20 21 23 26 27 30 32 25 28 31 29 37 38 40 34 39 35 33 36 44 45 41 43 48 47 46 42 50 52 54 55 49 56 53 51 63 57 58 60 64 62 61 59 68 67 66 71 70 69 65 72 80 76 77 75 79 74 73 78  7  8  1  2  6  4  5  3
 39 35 37 40 36 38 33 34 41 46 43 42 48 44 45 47 50 51 54 56 49 52 55 53 61 62 64 58 63 59 57 60 68 69 65 67 72 71 70 66 74 76 78 79 73 80 77 75  7  1  2  4  8  6  5  3 12 11 10 15 14 13  9 16 24 20 21 19 23 18 17 22 31 32 25 26 30 28 29 27
  7  3  5  8  4  6  1  2  9 14 11 10 16 12 13 15 18 19 22 24 17 20 23 21 29 30 32 26 31 27 25 28 36 37 33 35 40 39 38 34 42 44 46 47 41 48 45 43 55 49 50 52 56 54 53 51 60 59 58 63 62 61 57 64 72 68 69 67 71 66 65 70 79 80 73 74 78 76 77 75
 71 67 69 72 68 70 65 66 73 78 75 74 80 76 77 79  2  3  6  8  1  4  7  5 13 14 16 10 15 11  9 12 20 21 17 19 24 23 22 18 26 28 30 31 25 32 29 27 39 33 34 36 40 38 37 35 44 43 42 47 46 45 41 48 56 52 53 51 55 50 49 54 63 64 57 58 62 60 61 59
 47 43 45 48 44 46 41 42 49 54 51 50 56 52 53 55 58 59 62 64 57 60 63 61 69 70 72 66 71 67 65 68 76 77 73 75 80 79 78 74  2  4  6  7  1  8  5  3 15  9 10 12 16 14 13 11 20 19 18 23 22 21 17 24 32 28 29 27 31 26 25 30 39 40 33 34 38 36 37 35
 55 51 53 56 52 54 49 50 57 62 59 58 64 60 61 63 66 67 70 72 65 68 71 69 77 78 80 74 79 75 73 76  4  5  1  3  8  7  6  2 10 12 14 15  9 16 13 11 23 17 18 20 24 22 21 19 28 27 26 31 30 29 25 32 40 36 37 35 39 34 33 38 47 48 41 42 46 44 45 43
 64 60 62 57 61 63 58 59 66 71 68 67 65 69 70 72 75 76 79 73 74 77 80 78  6  7  1  3  8  4  2  5 13 14 10 12  9 16 15 11 19 21 23 24 18 17 22 20 32 26 27 29 25 31 30 28 37 36 35 40 39 38 34 33 41 45 46 44 48 43 42 47 56 49 50 51 55 53 54 52
 40 36 38 33 37 39 34 35 42 47 44 43 41 45 46 48 51 52 55 49 50 53 56 54 62 63 57 59 64 60 58 61 69 70 66 68 65 72 71 67 75 77 79 80 74 73 78 76  8  2  3  5  1  7  6  4 13 12 11 16 15 14 10  9 17 21 22 20 24 19 18 23 32 25 26 27 31 29 30 28
 80 76 78 73 77 79 74 75  2  7  4  3  1  5  6  8 11 12 15  9 10 13 16 14 22 23 17 19 24 20 18 21 29 30 26 28 25 32 31 27 35 37 39 40 34 33 38 36 48 42 43 45 41 47 46 44 53 52 51 56 55 54 50 49 57 61 62 60 64 59 58 63 72 65 66 67 71 69 70 68
 24 20 22 17 21 23 18 19 26 31 28 27 25 29 30 32 35 36 39 33 34 37 40 38 46 47 41 43 48 44 42 45 53 54 50 52 49 56 55 51 59 61 63 64 58 57 62 60 72 66 67 69 65 71 70 68 77 76 75 80 79 78 74 73  1  5  6  4  8  3  2  7 16  9 10 11 15 13 14 12
  8  4  6  1  5  7  2  3 10 15 12 11  9 13 14 16 19 20 23 17 18 21 24 22 30 31 25 27 32 28 26 29 37 38 34 36 33 40 39 35 43 45 47 48 42 41 46 44 56 50 51 53 49 55 54 52 61 60 59 64 63 62 58 57 65 69 70 68 72 67 66 71 80 73 74 75 79 77 78 76
 56 52 54 49 53 55 50 51 58 63 60 59 57 61 62 64 67 68 71 65 66 69 72 70 78 79 73 75 80 76 74 77  5  6  2  4  1  8  7  3 11 13 15 16 10  9 14 12 24 18 19 21 17 23 22 20 29 28 27 32 31 30 26 25 33 37 38 36 40 35 34 39 48 41 42 43 47 45 46 44
 72 68 70 65 69 71 66 67 74 79 76 75 73 77 78 80  3  4  7  1  2  5  8  6 14 15  9 11 16 12 10 13 21 22 18 20 17 24 23 19 27 29 31 32 26 25 30 28 40 34 35 37 33 39 38 36 45 44 43 48 47 46 42 41 49 53 54 52 56 51 50 55 64 57 58 59 63 61 62 60
 32 28 30 25 29 31 26 27 34 39 36 35 33 37 38 40 43 44 47 41 42 45 48 46 54 55 49 51 56 52 50 53 61 62 58 60 57 64 63 59 67 69 71 72 66 65 70 68 80 74 75 77 73 79 78 76  5  4  3  8  7  6  2  1  9 13 14 12 16 11 10 15 24 17 18 19 23 21 22 20
 16 12 14  9 13 15 10 11 18 23 20 19 17 21 22 24 27 28 31 25 26 29 32 30 38 39 33 35 40 36 34 37 45 46 42 44 41 48 47 43 51 53 55 56 50 49 54 52 64 58 59 61 57 63 62 60 69 68 67 72 71 70 66 65 73 77 78 76 80 75 74 79  8  1  2  3  7  5  6  4
 48 44 46 41 45 47 42 43 50 55 52 51 49 53 54 56 59 60 63 57 58 61 64 62 70 71 65 67 72 68 66 69 77 78 74 76 73 80 79 75  3  5  7  8  2  1  6  4 16 10 11 13  9 15 14 12 21 20 19 24 23 22 18 17 25 29 30 28 32 27 26 31 40 33 34 35 39 37 38 36
 73 77 79 74 78 80 75 76  3  8  5  4  2  6  7  1 12 13 16 10 11 14  9 15 23 24 18 20 17 21 19 22 30 31 27 29 26 25 32 28 36 38 40 33 35 34 39 37 41 43 44 46 42 48 47 45 54 53 52 49 56 55 51 50 58 62 63 61 57 60 59 64 65 66 67 68 72 70 71 69
 41 45 47 42 46 48 43 44 51 56 53 52 50 54 55 49 60 61 64 58 59 62 57 63 71 72 66 68 65 69 67 70 78 79 75 77 74 73 80 76  4  6  8  1  3  2  7  5  9 11 12 14 10 16 15 13 22 21 20 17 24 23 19 18 26 30 31 29 25 28 27 32 33 34 35 36 40 38 39 37
 17 21 23 18 22 24 19 20 27 32 29 28 26 30 31 25 36 37 40 34 35 38 33 39 47 48 42 44 41 45 43 46 54 55 51 53 50 49 56 52 60 62 64 57 59 58 63 61 65 67 68 70 66 72 71 69 78 77 76 73 80 79 75 74  2  6  7  5  1  4  3  8  9 10 11 12 16 14 15 13
  9 13 15 10 14 16 11 12 19 24 21 20 18 22 23 17 28 29 32 26 27 30 25 31 39 40 34 36 33 37 35 38 46 47 43 45 42 41 48 44 52 54 56 49 51 50 55 53 57 59 60 62 58 64 63 61 70 69 68 65 72 71 67 66 74 78 79 77 73 76 75 80  1  2  3  4  8  6  7  5
 65 69 71 66 70 72 67 68 75 80 77 76 74 78 79 73  4  5  8  2  3  6  1  7 15 16 10 12  9 13 11 14 22 23 19 21 18 17 24 20 28 30 32 25 27 26 31 29 33 35 36 38 34 40 39 37 46 45 44 41 48 47 43 42 50 54 55 53 49 52 51 56 57 58 59 60 64 62 63 61
 57 61 63 58 62 64 59 60 67 72 69 68 66 70 71 65 76 77 80 74 75 78 73 79  7  8  2  4  1  5  3  6 14 15 11 13 10  9 16 12 20 22 24 17 19 18 23 21 25 27 28 30 26 32 31 29 38 37 36 33 40 39 35 34 42 46 47 45 41 44 43 48 49 50 51 52 56 54 55 53
 49 53 55 50 54 56 51 52 59 64 61 60 58 62 63 57 68 69 72 66 67 70 65 71 79 80 74 76 73 77 75 78  6  7  3  5  2  1  8  4 12 14 16  9 11 10 15 13 17 19 20 22 18 24 23 21 30 29 28 25 32 31 27 26 34 38 39 37 33 36 35 40 41 42 43 44 48 46 47 45
 33 37 39 34 38 40 35 36 43 48 45 44 42 46 47 41 52 53 56 50 51 54 49 55 63 64 58 60 57 61 59 62 70 71 67 69 66 65 72 68 76 78 80 73 75 74 79 77  1  3  4  6  2  8  7  5 14 13 12  9 16 15 11 10 18 22 23 21 17 20 19 24 25 26 27 28 32 30 31 29
 25 29 31 26 30 32 27 28 35 40 37 36 34 38 39 33 44 45 48 42 43 46 41 47 55 56 50 52 49 53 51 54 62 63 59 61 58 57 64 60 68 70 72 65 67 66 71 69 73 75 76 78 74 80 79 77  6  5  4  1  8  7  3  2 10 14 15 13  9 12 11 16 17 18 19 20 24 22 23 21
  1  5  7  2  6  8  3  4 11 16 13 12 10 14 15  9 20 21 24 18 19 22 17 23 31 32 26 28 25 29 27 30 38 39 35 37 34 33 40 36 44 46 48 41 43 42 47 45 49 51 52 54 50 56 55 53 62 61 60 57 64 63 59 58 66 70 71 69 65 68 67 72 73 74 75 76 80 78 79 77
 42 46 48 43 47 41 44 45 52 49 54 53 51 55 56 50 61 62 57 59 60 63 58 64 72 65 67 69 66 70 68 71 79 80 76 78 75 74 73 77  5  7  1  2  4  3  8  6 10 12 13 15 11  9 16 14 23 22 21 18 17 24 20 19 27 31 32 30 26 29 28 25 34 35 36 37 33 39 40 38
 66 70 72 67 71 65 68 69 76 73 78 77 75 79 80 74  5  6  1  3  4  7  2  8 16  9 11 13 10 14 12 15 23 24 20 22 19 18 17 21 29 31 25 26 28 27 32 30 34 36 37 39 35 33 40 38 47 46 45 42 41 48 44 43 51 55 56 54 50 53 52 49 58 59 60 61 57 63 64 62
 34 38 40 35 39 33 36 37 44 41 46 45 43 47 48 42 53 54 49 51 52 55 50 56 64 57 59 61 58 62 60 63 71 72 68 70 67 66 65 69 77 79 73 74 76 75 80 78  2  4  5  7  3  1  8  6 15 14 13 10  9 16 12 11 19 23 24 22 18 21 20 17 26 27 28 29 25 31 32 30
 18 22 24 19 23 17 20 21 28 25 30 29 27 31 32 26 37 38 33 35 36 39 34 40 48 41 43 45 42 46 44 47 55 56 52 54 51 50 49 53 61 63 57 58 60 59 64 62 66 68 69 71 67 65 72 70 79 78 77 74 73 80 76 75  3  7  8  6  2  5  4  1 10 11 12 13  9 15 16 14
 26 30 32 27 31 25 28 29 36 33 38 37 35 39 40 34 45 46 41 43 44 47 42 48 56 49 51 53 50 54 52 55 63 64 60 62 59 58 57 61 69 71 65 66 68 67 72 70 74 76 77 79 75 73 80 78  7  6  5  2  1  8  4  3 11 15 16 14 10 13 12  9 18 19 20 21 17 23 24 22
  2  6  8  3  7  1  4  5 12  9 14 13 11 15 16 10 21 22 17 19 20 23 18 24 32 25 27 29 26 30 28 31 39 40 36 38 35 34 33 37 45 47 41 42 44 43 48 46 50 52 53 55 51 49 56 54 63 62 61 58 57 64 60 59 67 71 72 70 66 69 68 65 74 75 76 77 73 79 80 78
 74 78 80 75 79 73 76 77  4  1  6  5  3  7  8  2 13 14  9 11 12 15 10 16 24 17 19 21 18 22 20 23 31 32 28 30 27 26 25 29 37 39 33 34 36 35 40 38 42 44 45 47 43 41 48 46 55 54 53 50 49 56 52 51 59 63 64 62 58 61 60 57 66 67 68 69 65 71 72 70
 58 62 64 59 63 57 60 61 68 65 70 69 67 71 72 66 77 78 73 75 76 79 74 80  8  1  3  5  2  6  4  7 15 16 12 14 11 10  9 13 21 23 17 18 20 19 24 22 26 28 29 31 27 25 32 30 39 38 37 34 33 40 36 35 43 47 48 46 42 45 44 41 50 51 52 53 49 55 56 54
 10 14 16 11 15  9 12 13 20 17 22 21 19 23 24 18 29 30 25 27 28 31 26 32 40 33 35 37 34 38 36 39 47 48 44 46 43 42 41 45 53 55 49 50 52 51 56 54 58 60 61 63 59 57 64 62 71 70 69 66 65 72 68 67 75 79 80 78 74 77 76 73  2  3  4  5  1  7  8  6
 50 54 56 51 55 49 52 53 60 57 62 61 59 63 64 58 69 70 65 67 68 71 66 72 80 73 75 77 74 78 76 79  7  8  4  6  3  2  1  5 13 15  9 10 12 11 16 14 18 20 21 23 19 17 24 22 31 30 29 26 25 32 28 27 35 39 40 38 34 37 36 33 42 43 44 45 41 47 48 46
  3  7  1  4  8  2  5  6 13 10 15 14 12 16  9 11 22 23 18 20 21 24 19 17 25 26 28 30 27 31 29 32 40 33 37 39 36 35 34 38 46 48 42 43 45 44 41 47 51 53 54 56 52 50 49 55 64 63 62 59 58 57 61 60 68 72 65 71 67 70 69 66 75 76 77 78 74 80 73 79
 19 23 17 20 24 18 21 22 29 26 31 30 28 32 25 27 38 39 34 36 37 40 35 33 41 42 44 46 43 47 45 48 56 49 53 55 52 51 50 54 62 64 58 59 61 60 57 63 67 69 70 72 68 66 65 71 80 79 78 75 74 73 77 76  4  8  1  7  3  6  5  2 11 12 13 14 10 16  9 15
 75 79 73 76 80 74 77 78  5  2  7  6  4  8  1  3 14 15 10 12 13 16 11  9 17 18 20 22 19 23 21 24 32 25 29 31 28 27 26 30 38 40 34 35 37 36 33 39 43 45 46 48 44 42 41 47 56 55 54 51 50 49 53 52 60 64 57 63 59 62 61 58 67 68 69 70 66 72 65 71
 67 71 65 68 72 66 69 70 77 74 79 78 76 80 73 75  6  7  2  4  5  8  3  1  9 10 12 14 11 15 13 16 24 17 21 23 20 19 18 22 30 32 26 27 29 28 25 31 35 37 38 40 36 34 33 39 48 47 46 43 42 41 45 44 52 56 49 55 51 54 53 50 59 60 61 62 58 64 57 63
 51 55 49 52 56 50 53 54 61 58 63 62 60 64 57 59 70 71 66 68 69 72 67 65 73 74 76 78 75 79 77 80  8  1  5  7  4  3  2  6 14 16 10 11 13 12  9 15 19 21 22 24 20 18 17 23 32 31 30 27 26 25 29 28 36 40 33 39 35 38 37 34 43 44 45 46 42 48 41 47
 35 39 33 36 40 34 37 38 45 42 47 46 44 48 41 43 54 55 50 52 53 56 51 49 57 58 60 62 59 63 61 64 72 65 69 71 68 67 66 70 78 80 74 75 77 76 73 79  3  5  6  8  4  2  1  7 16 15 14 11 10  9 13 12 20 24 17 23 19 22 21 18 27 28 29 30 26 32 25 31
 59 63 57 60 64 58 61 62 69 66 71 70 68 72 65 67 78 79 74 76 77 80 75 73  1  2  4  6  3  7  5  8 16  9 13 15 12 11 10 14 22 24 18 19 21 20 17 23 27 29 30 32 28 26 25 31 40 39 38 35 34 33 37 36 44 48 41 47 43 46 45 42 51 52 53 54 50 56 49 55
 43 47 41 44 48 42 45 46 53 50 55 54 52 56 49 51 62 63 58 60 61 64 59 57 65 66 68 70 67 71 69 72 80 73 77 79 76 75 74 78  6  8  2  3  5  4  1  7 11 13 14 16 12 10  9 15 24 23 22 19 18 17 21 20 28 32 25 31 27 30 29 26 35 36 37 38 34 40 33 39
 11 15  9 12 16 10 13 14 21 18 23 22 20 24 17 19 30 31 26 28 29 32 27 25 33 34 36 38 35 39 37 40 48 41 45 47 44 43 42 46 54 56 50 51 53 52 49 55 59 61 62 64 60 58 57 63 72 71 70 67 66 65 69 68 76 80 73 79 75 78 77 74  3  4  5  6  2  8  1  7
 27 31 25 28 32 26 29 30 37 34 39 38 36 40 33 35 46 47 42 44 45 48 43 41 49 50 52 54 51 55 53 56 64 57 61 63 60 59 58 62 70 72 66 67 69 68 65 71 75 77 78 80 76 74 73 79  8  7  6  3  2  1  5  4 12 16  9 15 11 14 13 10 19 20 21 22 18 24 17 23
