 66 65 71 69 72 67 68 70 79 74 73 76 75 78 77 80  2  5  8  3  1  6  7  4 13 10 16 11  9 14 15 12 24 23 20 22 17 21 18 19 32 25 30 27 28 31 29 26 39 35 34 38 40 36 33 37 45 43 42 41 46 44 48 47 52 54 51 49 53 56 55 50 57 59 58 64 60 63 61 62
 58 57 63 61 64 59 60 62 71 66 65 68 67 70 69 72 74 77 80 75 73 78 79 76  5  2  8  3  1  6  7  4 16 15 12 14  9 13 10 11 24 17 22 19 20 23 21 18 31 27 26 30 32 28 25 29 37 35 34 33 38 36 40 39 44 46 43 41 45 48 47 42 49 51 50 56 52 55 53 54
 18 17 23 21 24 19 20 22 31 26 25 28 27 30 29 32 34 37 40 35 33 38 39 36 45 42 48 43 41 46 47 44 56 55 52 54 49 53 50 51 64 57 62 59 60 63 61 58 71 67 66 70 72 68 65 69 77 75 74 73 78 76 80 79  4  6  3  1  5  8  7  2  9 11 10 16 12 15 13 14
  2  1  7  5  8  3  4  6 15 10  9 12 11 14 13 16 18 21 24 19 17 22 23 20 29 26 32 27 25 30 31 28 40 39 36 38 33 37 34 35 48 41 46 43 44 47 45 42 55 51 50 54 56 52 49 53 61 59 58 57 62 60 64 63 68 70 67 65 69 72 71 66 73 75 74 80 76 79 77 78
 10  9 15 13 16 11 12 14 23 18 17 20 19 22 21 24 26 29 32 27 25 30 31 28 37 34 40 35 33 38 39 36 48 47 44 46 41 45 42 43 56 49 54 51 52 55 53 50 63 59 58 62 64 60 57 61 69 67 66 65 70 68 72 71 76 78 75 73 77 80 79 74  1  3  2  8  4  7  5  6
 34 33 39 37 40 35 36 38 47 42 41 44 43 46 45 48 50 53 56 51 49 54 55 52 61 58 64 59 57 62 63 60 72 71 68 70 65 69 66 67 80 73 78 75 76 79 77 74  7  3  2  6  8  4  1  5 13 11 10  9 14 12 16 15 20 22 19 17 21 24 23 18 25 27 26 32 28 31 29 30
 26 25 31 29 32 27 28 30 39 34 33 36 35 38 37 40 42 45 48 43 41 46 47 44 53 50 56 51 49 54 55 52 64 63 60 62 57 61 58 59 72 65 70 67 68 71 69 66 79 75 74 78 80 76 73 77  5  3  2  1  6  4  8  7 12 14 11  9 13 16 15 10 17 19 18 24 20 23 21 22
 50 49 55 53 56 51 52 54 63 58 57 60 59 62 61 64 66 69 72 67 65 70 71 68 77 74 80 75 73 78 79 76  8  7  4  6  1  5  2  3 16  9 14 11 12 15 13 10 23 19 18 22 24 20 17 21 29 27 26 25 30 28 32 31 36 38 35 33 37 40 39 34 41 43 42 48 44 47 45 46
 42 41 47 45 48 43 44 46 55 50 49 52 51 54 53 56 58 61 64 59 57 62 63 60 69 66 72 67 65 70 71 68 80 79 76 78 73 77 74 75  8  1  6  3  4  7  5  2 15 11 10 14 16 12  9 13 21 19 18 17 22 20 24 23 28 30 27 25 29 32 31 26 33 35 34 40 36 39 37 38
 74 73 79 77 80 75 76 78  7  2  1  4  3  6  5  8 10 13 16 11  9 14 15 12 21 18 24 19 17 22 23 20 32 31 28 30 25 29 26 27 40 33 38 35 36 39 37 34 47 43 42 46 48 44 41 45 53 51 50 49 54 52 56 55 60 62 59 57 61 64 63 58 65 67 66 72 68 71 69 70
 19 18 24 22 17 20 21 23 32 27 26 29 28 31 30 25 35 38 33 36 34 39 40 37 46 43 41 44 42 47 48 45 49 56 53 55 50 54 51 52 57 58 63 60 61 64 62 59 72 68 67 71 65 69 66 70 78 76 75 74 79 77 73 80  5  7  4  2  6  1  8  3 10 12 11  9 13 16 14 15
 11 10 16 14  9 12 13 15 24 19 18 21 20 23 22 17 27 30 25 28 26 31 32 29 38 35 33 36 34 39 40 37 41 48 45 47 42 46 43 44 49 50 55 52 53 56 54 51 64 60 59 63 57 61 58 62 70 68 67 66 71 69 65 72 77 79 76 74 78 73 80 75  2  4  3  1  5  8  6  7
 67 66 72 70 65 68 69 71 80 75 74 77 76 79 78 73  3  6  1  4  2  7  8  5 14 11  9 12 10 15 16 13 17 24 21 23 18 22 19 20 25 26 31 28 29 32 30 27 40 36 35 39 33 37 34 38 46 44 43 42 47 45 41 48 53 55 52 50 54 49 56 51 58 60 59 57 61 64 62 63
 43 42 48 46 41 44 45 47 56 51 50 53 52 55 54 49 59 62 57 60 58 63 64 61 70 67 65 68 66 71 72 69 73 80 77 79 74 78 75 76  1  2  7  4  5  8  6  3 16 12 11 15  9 13 10 14 22 20 19 18 23 21 17 24 29 31 28 26 30 25 32 27 34 36 35 33 37 40 38 39
 27 26 32 30 25 28 29 31 40 35 34 37 36 39 38 33 43 46 41 44 42 47 48 45 54 51 49 52 50 55 56 53 57 64 61 63 58 62 59 60 65 66 71 68 69 72 70 67 80 76 75 79 73 77 74 78  6  4  3  2  7  5  1  8 13 15 12 10 14  9 16 11 18 20 19 17 21 24 22 23
 51 50 56 54 49 52 53 55 64 59 58 61 60 63 62 57 67 70 65 68 66 71 72 69 78 75 73 76 74 79 80 77  1  8  5  7  2  6  3  4  9 10 15 12 13 16 14 11 24 20 19 23 17 21 18 22 30 28 27 26 31 29 25 32 37 39 36 34 38 33 40 35 42 44 43 41 45 48 46 47
 75 74 80 78 73 76 77 79  8  3  2  5  4  7  6  1 11 14  9 12 10 15 16 13 22 19 17 20 18 23 24 21 25 32 29 31 26 30 27 28 33 34 39 36 37 40 38 35 48 44 43 47 41 45 42 46 54 52 51 50 55 53 49 56 61 63 60 58 62 57 64 59 66 68 67 65 69 72 70 71
  3  2  8  6  1  4  5  7 16 11 10 13 12 15 14  9 19 22 17 20 18 23 24 21 30 27 25 28 26 31 32 29 33 40 37 39 34 38 35 36 41 42 47 44 45 48 46 43 56 52 51 55 49 53 50 54 62 60 59 58 63 61 57 64 69 71 68 66 70 65 72 67 74 76 75 73 77 80 78 79
 35 34 40 38 33 36 37 39 48 43 42 45 44 47 46 41 51 54 49 52 50 55 56 53 62 59 57 60 58 63 64 61 65 72 69 71 66 70 67 68 73 74 79 76 77 80 78 75  8  4  3  7  1  5  2  6 14 12 11 10 15 13  9 16 21 23 20 18 22 17 24 19 26 28 27 25 29 32 30 31
 59 58 64 62 57 60 61 63 72 67 66 69 68 71 70 65 75 78 73 76 74 79 80 77  6  3  1  4  2  7  8  5  9 16 13 15 10 14 11 12 17 18 23 20 21 24 22 19 32 28 27 31 25 29 26 30 38 36 35 34 39 37 33 40 45 47 44 42 46 41 48 43 50 52 51 49 53 56 54 55
 28 27 25 31 26 29 30 32 33 36 35 38 37 40 39 34 44 47 42 45 43 48 41 46 55 52 50 53 51 56 49 54 58 57 62 64 59 63 60 61 66 67 72 69 70 65 71 68 73 77 76 80 74 78 75 79  7  5  4  3  8  6  2  1 14 16 13 11 15 10  9 12 19 21 20 18 22 17 23 24
 36 35 33 39 34 37 38 40 41 44 43 46 45 48 47 42 52 55 50 53 51 56 49 54 63 60 58 61 59 64 57 62 66 65 70 72 67 71 68 69 74 75 80 77 78 73 79 76  1  5  4  8  2  6  3  7 15 13 12 11 16 14 10  9 22 24 21 19 23 18 17 20 27 29 28 26 30 25 31 32
 52 51 49 55 50 53 54 56 57 60 59 62 61 64 63 58 68 71 66 69 67 72 65 70 79 76 74 77 75 80 73 78  2  1  6  8  3  7  4  5 10 11 16 13 14  9 15 12 17 21 20 24 18 22 19 23 31 29 28 27 32 30 26 25 38 40 37 35 39 34 33 36 43 45 44 42 46 41 47 48
 12 11  9 15 10 13 14 16 17 20 19 22 21 24 23 18 28 31 26 29 27 32 25 30 39 36 34 37 35 40 33 38 42 41 46 48 43 47 44 45 50 51 56 53 54 49 55 52 57 61 60 64 58 62 59 63 71 69 68 67 72 70 66 65 78 80 77 75 79 74 73 76  3  5  4  2  6  1  7  8
 44 43 41 47 42 45 46 48 49 52 51 54 53 56 55 50 60 63 58 61 59 64 57 62 71 68 66 69 67 72 65 70 74 73 78 80 75 79 76 77  2  3  8  5  6  1  7  4  9 13 12 16 10 14 11 15 23 21 20 19 24 22 18 17 30 32 29 27 31 26 25 28 35 37 36 34 38 33 39 40
 68 67 65 71 66 69 70 72 73 76 75 78 77 80 79 74  4  7  2  5  3  8  1  6 15 12 10 13 11 16  9 14 18 17 22 24 19 23 20 21 26 27 32 29 30 25 31 28 33 37 36 40 34 38 35 39 47 45 44 43 48 46 42 41 54 56 53 51 55 50 49 52 59 61 60 58 62 57 63 64
  4  3  1  7  2  5  6  8  9 12 11 14 13 16 15 10 20 23 18 21 19 24 17 22 31 28 26 29 27 32 25 30 34 33 38 40 35 39 36 37 42 43 48 45 46 41 47 44 49 53 52 56 50 54 51 55 63 61 60 59 64 62 58 57 70 72 69 67 71 66 65 68 75 77 76 74 78 73 79 80
 76 75 73 79 74 77 78 80  1  4  3  6  5  8  7  2 12 15 10 13 11 16  9 14 23 20 18 21 19 24 17 22 26 25 30 32 27 31 28 29 34 35 40 37 38 33 39 36 41 45 44 48 42 46 43 47 55 53 52 51 56 54 50 49 62 64 61 59 63 58 57 60 67 69 68 66 70 65 71 72
 60 59 57 63 58 61 62 64 65 68 67 70 69 72 71 66 76 79 74 77 75 80 73 78  7  4  2  5  3  8  1  6 10  9 14 16 11 15 12 13 18 19 24 21 22 17 23 20 25 29 28 32 26 30 27 31 39 37 36 35 40 38 34 33 46 48 45 43 47 42 41 44 51 53 52 50 54 49 55 56
 20 19 17 23 18 21 22 24 25 28 27 30 29 32 31 26 36 39 34 37 35 40 33 38 47 44 42 45 43 48 41 46 50 49 54 56 51 55 52 53 58 59 64 61 62 57 63 60 65 69 68 72 66 70 67 71 79 77 76 75 80 78 74 73  6  8  5  3  7  2  1  4 11 13 12 10 14  9 15 16
 45 44 42 48 43 46 47 41 50 53 52 55 54 49 56 51 61 64 59 62 60 57 58 63 72 69 67 70 68 65 66 71 75 74 79 73 76 80 77 78  3  4  1  6  7  2  8  5 10 14 13  9 11 15 12 16 24 22 21 20 17 23 19 18 31 25 30 28 32 27 26 29 36 38 37 35 39 34 40 33
 37 36 34 40 35 38 39 33 42 45 44 47 46 41 48 43 53 56 51 54 52 49 50 55 64 61 59 62 60 57 58 63 67 66 71 65 68 72 69 70 75 76 73 78 79 74 80 77  2  6  5  1  3  7  4  8 16 14 13 12  9 15 11 10 23 17 22 20 24 19 18 21 28 30 29 27 31 26 32 25
 53 52 50 56 51 54 55 49 58 61 60 63 62 57 64 59 69 72 67 70 68 65 66 71 80 77 75 78 76 73 74 79  3  2  7  1  4  8  5  6 11 12  9 14 15 10 16 13 18 22 21 17 19 23 20 24 32 30 29 28 25 31 27 26 39 33 38 36 40 35 34 37 44 46 45 43 47 42 48 41
 61 60 58 64 59 62 63 57 66 69 68 71 70 65 72 67 77 80 75 78 76 73 74 79  8  5  3  6  4  1  2  7 11 10 15  9 12 16 13 14 19 20 17 22 23 18 24 21 26 30 29 25 27 31 28 32 40 38 37 36 33 39 35 34 47 41 46 44 48 43 42 45 52 54 53 51 55 50 56 49
 21 20 18 24 19 22 23 17 26 29 28 31 30 25 32 27 37 40 35 38 36 33 34 39 48 45 43 46 44 41 42 47 51 50 55 49 52 56 53 54 59 60 57 62 63 58 64 61 66 70 69 65 67 71 68 72 80 78 77 76 73 79 75 74  7  1  6  4  8  3  2  5 12 14 13 11 15 10 16  9
 29 28 26 32 27 30 31 25 34 37 36 39 38 33 40 35 45 48 43 46 44 41 42 47 56 53 51 54 52 49 50 55 59 58 63 57 60 64 61 62 67 68 65 70 71 66 72 69 74 78 77 73 75 79 76 80  8  6  5  4  1  7  3  2 15  9 14 12 16 11 10 13 20 22 21 19 23 18 24 17
  5  4  2  8  3  6  7  1 10 13 12 15 14  9 16 11 21 24 19 22 20 17 18 23 32 29 27 30 28 25 26 31 35 34 39 33 36 40 37 38 43 44 41 46 47 42 48 45 50 54 53 49 51 55 52 56 64 62 61 60 57 63 59 58 71 65 70 68 72 67 66 69 76 78 77 75 79 74 80 73
 13 12 10 16 11 14 15  9 18 21 20 23 22 17 24 19 29 32 27 30 28 25 26 31 40 37 35 38 36 33 34 39 43 42 47 41 44 48 45 46 51 52 49 54 55 50 56 53 58 62 61 57 59 63 60 64 72 70 69 68 65 71 67 66 79 73 78 76 80 75 74 77  4  6  5  3  7  2  8  1
 69 68 66 72 67 70 71 65 74 77 76 79 78 73 80 75  5  8  3  6  4  1  2  7 16 13 11 14 12  9 10 15 19 18 23 17 20 24 21 22 27 28 25 30 31 26 32 29 34 38 37 33 35 39 36 40 48 46 45 44 41 47 43 42 55 49 54 52 56 51 50 53 60 62 61 59 63 58 64 57
 77 76 74 80 75 78 79 73  2  5  4  7  6  1  8  3 13 16 11 14 12  9 10 15 24 21 19 22 20 17 18 23 27 26 31 25 28 32 29 30 35 36 33 38 39 34 40 37 42 46 45 41 43 47 44 48 56 54 53 52 49 55 51 50 63 57 62 60 64 59 58 61 68 70 69 67 71 66 72 65
 14 13 11  9 12 15 16 10 19 22 21 24 23 18 17 20 30 25 28 31 29 26 27 32 33 38 36 39 37 34 35 40 44 43 48 42 45 41 46 47 52 53 50 55 56 51 49 54 59 63 62 58 60 64 61 57 65 71 70 69 66 72 68 67 80 74 79 77 73 76 75 78  5  7  6  4  8  3  1  2
 46 45 43 41 44 47 48 42 51 54 53 56 55 50 49 52 62 57 60 63 61 58 59 64 65 70 68 71 69 66 67 72 76 75 80 74 77 73 78 79  4  5  2  7  8  3  1  6 11 15 14 10 12 16 13  9 17 23 22 21 18 24 20 19 32 26 31 29 25 28 27 30 37 39 38 36 40 35 33 34
 54 53 51 49 52 55 56 50 59 62 61 64 63 58 57 60 70 65 68 71 69 66 67 72 73 78 76 79 77 74 75 80  4  3  8  2  5  1  6  7 12 13 10 15 16 11  9 14 19 23 22 18 20 24 21 17 25 31 30 29 26 32 28 27 40 34 39 37 33 36 35 38 45 47 46 44 48 43 41 42
 70 69 67 65 68 71 72 66 75 78 77 80 79 74 73 76  6  1  4  7  5  2  3  8  9 14 12 15 13 10 11 16 20 19 24 18 21 17 22 23 28 29 26 31 32 27 25 30 35 39 38 34 36 40 37 33 41 47 46 45 42 48 44 43 56 50 55 53 49 52 51 54 61 63 62 60 64 59 57 58
 38 37 35 33 36 39 40 34 43 46 45 48 47 42 41 44 54 49 52 55 53 50 51 56 57 62 60 63 61 58 59 64 68 67 72 66 69 65 70 71 76 77 74 79 80 75 73 78  3  7  6  2  4  8  5  1  9 15 14 13 10 16 12 11 24 18 23 21 17 20 19 22 29 31 30 28 32 27 25 26
 30 29 27 25 28 31 32 26 35 38 37 40 39 34 33 36 46 41 44 47 45 42 43 48 49 54 52 55 53 50 51 56 60 59 64 58 61 57 62 63 68 69 66 71 72 67 65 70 75 79 78 74 76 80 77 73  1  7  6  5  2  8  4  3 16 10 15 13  9 12 11 14 21 23 22 20 24 19 17 18
 78 77 75 73 76 79 80 74  3  6  5  8  7  2  1  4 14  9 12 15 13 10 11 16 17 22 20 23 21 18 19 24 28 27 32 26 29 25 30 31 36 37 34 39 40 35 33 38 43 47 46 42 44 48 45 41 49 55 54 53 50 56 52 51 64 58 63 61 57 60 59 62 69 71 70 68 72 67 65 66
 22 21 19 17 20 23 24 18 27 30 29 32 31 26 25 28 38 33 36 39 37 34 35 40 41 46 44 47 45 42 43 48 52 51 56 50 53 49 54 55 60 61 58 63 64 59 57 62 67 71 70 66 68 72 69 65 73 79 78 77 74 80 76 75  8  2  7  5  1  4  3  6 13 15 14 12 16 11  9 10
 62 61 59 57 60 63 64 58 67 70 69 72 71 66 65 68 78 73 76 79 77 74 75 80  1  6  4  7  5  2  3  8 12 11 16 10 13  9 14 15 20 21 18 23 24 19 17 22 27 31 30 26 28 32 29 25 33 39 38 37 34 40 36 35 48 42 47 45 41 44 43 46 53 55 54 52 56 51 49 50
  6  5  3  1  4  7  8  2 11 14 13 16 15 10  9 12 22 17 20 23 21 18 19 24 25 30 28 31 29 26 27 32 36 35 40 34 37 33 38 39 44 45 42 47 48 43 41 46 51 55 54 50 52 56 53 49 57 63 62 61 58 64 60 59 72 66 71 69 65 68 67 70 77 79 78 76 80 75 73 74
 23 22 20 18 21 24 17 19 28 31 30 25 32 27 26 29 39 34 37 40 38 35 36 33 42 47 45 48 46 43 44 41 53 52 49 51 54 50 55 56 61 62 59 64 57 60 58 63 68 72 71 67 69 65 70 66 74 80 79 78 75 73 77 76  1  3  8  6  2  5  4  7 14 16 15 13  9 12 10 11
 15 14 12 10 13 16  9 11 20 23 22 17 24 19 18 21 31 26 29 32 30 27 28 25 34 39 37 40 38 35 36 33 45 44 41 43 46 42 47 48 53 54 51 56 49 52 50 55 60 64 63 59 61 57 62 58 66 72 71 70 67 65 69 68 73 75 80 78 74 77 76 79  6  8  7  5  1  4  2  3
 79 78 76 74 77 80 73 75  4  7  6  1  8  3  2  5 15 10 13 16 14 11 12  9 18 23 21 24 22 19 20 17 29 28 25 27 30 26 31 32 37 38 35 40 33 36 34 39 44 48 47 43 45 41 46 42 50 56 55 54 51 49 53 52 57 59 64 62 58 61 60 63 70 72 71 69 65 68 66 67
  7  6  4  2  5  8  1  3 12 15 14  9 16 11 10 13 23 18 21 24 22 19 20 17 26 31 29 32 30 27 28 25 37 36 33 35 38 34 39 40 45 46 43 48 41 44 42 47 52 56 55 51 53 49 54 50 58 64 63 62 59 57 61 60 65 67 72 70 66 69 68 71 78 80 79 77 73 76 74 75
 39 38 36 34 37 40 33 35 44 47 46 41 48 43 42 45 55 50 53 56 54 51 52 49 58 63 61 64 62 59 60 57 69 68 65 67 70 66 71 72 77 78 75 80 73 76 74 79  4  8  7  3  5  1  6  2 10 16 15 14 11  9 13 12 17 19 24 22 18 21 20 23 30 32 31 29 25 28 26 27
 71 70 68 66 69 72 65 67 76 79 78 73 80 75 74 77  7  2  5  8  6  3  4  1 10 15 13 16 14 11 12  9 21 20 17 19 22 18 23 24 29 30 27 32 25 28 26 31 36 40 39 35 37 33 38 34 42 48 47 46 43 41 45 44 49 51 56 54 50 53 52 55 62 64 63 61 57 60 58 59
 47 46 44 42 45 48 41 43 52 55 54 49 56 51 50 53 63 58 61 64 62 59 60 57 66 71 69 72 70 67 68 65 77 76 73 75 78 74 79 80  5  6  3  8  1  4  2  7 12 16 15 11 13  9 14 10 18 24 23 22 19 17 21 20 25 27 32 30 26 29 28 31 38 40 39 37 33 36 34 35
 31 30 28 26 29 32 25 27 36 39 38 33 40 35 34 37 47 42 45 48 46 43 44 41 50 55 53 56 54 51 52 49 61 60 57 59 62 58 63 64 69 70 67 72 65 68 66 71 76 80 79 75 77 73 78 74  2  8  7  6  3  1  5  4  9 11 16 14 10 13 12 15 22 24 23 21 17 20 18 19
 55 54 52 50 53 56 49 51 60 63 62 57 64 59 58 61 71 66 69 72 70 67 68 65 74 79 77 80 78 75 76 73  5  4  1  3  6  2  7  8 13 14 11 16  9 12 10 15 20 24 23 19 21 17 22 18 26 32 31 30 27 25 29 28 33 35 40 38 34 37 36 39 46 48 47 45 41 44 42 43
 63 62 60 58 61 64 57 59 68 71 70 65 72 67 66 69 79 74 77 80 78 75 76 73  2  7  5  8  6  3  4  1 13 12  9 11 14 10 15 16 21 22 19 24 17 20 18 23 28 32 31 27 29 25 30 26 34 40 39 38 35 33 37 36 41 43 48 46 42 45 44 47 54 56 55 53 49 52 50 51
 64 63 61 59 62 57 58 60 69 72 71 66 65 68 67 70 80 75 78 73 79 76 77 74  3  8  6  1  7  4  5  2 14 13 10 12 15 11 16  9 22 23 20 17 18 21 19 24 29 25 32 28 30 26 31 27 35 33 40 39 36 34 38 37 42 44 41 47 43 46 45 48 55 49 56 54 50 53 51 52
 80 79 77 75 78 73 74 76  5  8  7  2  1  4  3  6 16 11 14  9 15 12 13 10 19 24 22 17 23 20 21 18 30 29 26 28 31 27 32 25 38 39 36 33 34 37 35 40 45 41 48 44 46 42 47 43 51 49 56 55 52 50 54 53 58 60 57 63 59 62 61 64 71 65 72 70 66 69 67 68
  8  7  5  3  6  1  2  4 13 16 15 10  9 12 11 14 24 19 22 17 23 20 21 18 27 32 30 25 31 28 29 26 38 37 34 36 39 35 40 33 46 47 44 41 42 45 43 48 53 49 56 52 54 50 55 51 59 57 64 63 60 58 62 61 66 68 65 71 67 70 69 72 79 73 80 78 74 77 75 76
 48 47 45 43 46 41 42 44 53 56 55 50 49 52 51 54 64 59 62 57 63 60 61 58 67 72 70 65 71 68 69 66 78 77 74 76 79 75 80 73  6  7  4  1  2  5  3  8 13  9 16 12 14 10 15 11 19 17 24 23 20 18 22 21 26 28 25 31 27 30 29 32 39 33 40 38 34 37 35 36
 56 55 53 51 54 49 50 52 61 64 63 58 57 60 59 62 72 67 70 65 71 68 69 66 75 80 78 73 79 76 77 74  6  5  2  4  7  3  8  1 14 15 12  9 10 13 11 16 21 17 24 20 22 18 23 19 27 25 32 31 28 26 30 29 34 36 33 39 35 38 37 40 47 41 48 46 42 45 43 44
 16 15 13 11 14  9 10 12 21 24 23 18 17 20 19 22 32 27 30 25 31 28 29 26 35 40 38 33 39 36 37 34 46 45 42 44 47 43 48 41 54 55 52 49 50 53 51 56 61 57 64 60 62 58 63 59 67 65 72 71 68 66 70 69 74 76 73 79 75 78 77 80  7  1  8  6  2  5  3  4
 40 39 37 35 38 33 34 36 45 48 47 42 41 44 43 46 56 51 54 49 55 52 53 50 59 64 62 57 63 60 61 58 70 69 66 68 71 67 72 65 78 79 76 73 74 77 75 80  5  1  8  4  6  2  7  3 11  9 16 15 12 10 14 13 18 20 17 23 19 22 21 24 31 25 32 30 26 29 27 28
 72 71 69 67 70 65 66 68 77 80 79 74 73 76 75 78  8  3  6  1  7  4  5  2 11 16 14  9 15 12 13 10 22 21 18 20 23 19 24 17 30 31 28 25 26 29 27 32 37 33 40 36 38 34 39 35 43 41 48 47 44 42 46 45 50 52 49 55 51 54 53 56 63 57 64 62 58 61 59 60
 32 31 29 27 30 25 26 28 37 40 39 34 33 36 35 38 48 43 46 41 47 44 45 42 51 56 54 49 55 52 53 50 62 61 58 60 63 59 64 57 70 71 68 65 66 69 67 72 77 73 80 76 78 74 79 75  3  1  8  7  4  2  6  5 10 12  9 15 11 14 13 16 23 17 24 22 18 21 19 20
 24 23 21 19 22 17 18 20 29 32 31 26 25 28 27 30 40 35 38 33 39 36 37 34 43 48 46 41 47 44 45 42 54 53 50 52 55 51 56 49 62 63 60 57 58 61 59 64 69 65 72 68 70 66 71 67 75 73 80 79 76 74 78 77  2  4  1  7  3  6  5  8 15  9 16 14 10 13 11 12
  9 16 14 12 15 10 11 13 22 17 24 19 18 21 20 23 25 28 31 26 32 29 30 27 36 33 39 34 40 37 38 35 47 46 43 45 48 44 41 42 55 56 53 50 51 54 52 49 62 58 57 61 63 59 64 60 68 66 65 72 69 67 71 70 75 77 74 80 76 79 78 73  8  2  1  7  3  6  4  5
 65 72 70 68 71 66 67 69 78 73 80 75 74 77 76 79  1  4  7  2  8  5  6  3 12  9 15 10 16 13 14 11 23 22 19 21 24 20 17 18 31 32 29 26 27 30 28 25 38 34 33 37 39 35 40 36 44 42 41 48 45 43 47 46 51 53 50 56 52 55 54 49 64 58 57 63 59 62 60 61
 33 40 38 36 39 34 35 37 46 41 48 43 42 45 44 47 49 52 55 50 56 53 54 51 60 57 63 58 64 61 62 59 71 70 67 69 72 68 65 66 79 80 77 74 75 78 76 73  6  2  1  5  7  3  8  4 12 10  9 16 13 11 15 14 19 21 18 24 20 23 22 17 32 26 25 31 27 30 28 29
  1  8  6  4  7  2  3  5 14  9 16 11 10 13 12 15 17 20 23 18 24 21 22 19 28 25 31 26 32 29 30 27 39 38 35 37 40 36 33 34 47 48 45 42 43 46 44 41 54 50 49 53 55 51 56 52 60 58 57 64 61 59 63 62 67 69 66 72 68 71 70 65 80 74 73 79 75 78 76 77
 17 24 22 20 23 18 19 21 30 25 32 27 26 29 28 31 33 36 39 34 40 37 38 35 44 41 47 42 48 45 46 43 55 54 51 53 56 52 49 50 63 64 61 58 59 62 60 57 70 66 65 69 71 67 72 68 76 74 73 80 77 75 79 78  3  5  2  8  4  7  6  1 16 10  9 15 11 14 12 13
 49 56 54 52 55 50 51 53 62 57 64 59 58 61 60 63 65 68 71 66 72 69 70 67 76 73 79 74 80 77 78 75  7  6  3  5  8  4  1  2 15 16 13 10 11 14 12  9 22 18 17 21 23 19 24 20 28 26 25 32 29 27 31 30 35 37 34 40 36 39 38 33 48 42 41 47 43 46 44 45
 57 64 62 60 63 58 59 61 70 65 72 67 66 69 68 71 73 76 79 74 80 77 78 75  4  1  7  2  8  5  6  3 15 14 11 13 16 12  9 10 23 24 21 18 19 22 20 17 30 26 25 29 31 27 32 28 36 34 33 40 37 35 39 38 43 45 42 48 44 47 46 41 56 50 49 55 51 54 52 53
 73 80 78 76 79 74 75 77  6  1  8  3  2  5  4  7  9 12 15 10 16 13 14 11 20 17 23 18 24 21 22 19 31 30 27 29 32 28 25 26 39 40 37 34 35 38 36 33 46 42 41 45 47 43 48 44 52 50 49 56 53 51 55 54 59 61 58 64 60 63 62 57 72 66 65 71 67 70 68 69
 25 32 30 28 31 26 27 29 38 33 40 35 34 37 36 39 41 44 47 42 48 45 46 43 52 49 55 50 56 53 54 51 63 62 59 61 64 60 57 58 71 72 69 66 67 70 68 65 78 74 73 77 79 75 80 76  4  2  1  8  5  3  7  6 11 13 10 16 12 15 14  9 24 18 17 23 19 22 20 21
 41 48 46 44 47 42 43 45 54 49 56 51 50 53 52 55 57 60 63 58 64 61 62 59 68 65 71 66 72 69 70 67 79 78 75 77 80 76 73 74  7  8  5  2  3  6  4  1 14 10  9 13 15 11 16 12 20 18 17 24 21 19 23 22 27 29 26 32 28 31 30 25 40 34 33 39 35 38 36 37
