 16 14 10 12 13 11  9 15 24 19 22 18 21 20 23 17 32 27 26 29 31 28 30 25 38 39 40 34 37 35 33 36 45 44 41 42 43 46 48 47 52 53 49 50 55 56 51 54 62 63 59 61 58 60 57 64 69 65 67 72 68 71 70 66 76 74 77 80 75 78 79 73  1  4  7  3  6  8  2  5
 40 38 34 36 37 35 33 39 48 43 46 42 45 44 47 41 56 51 50 53 55 52 54 49 62 63 64 58 61 59 57 60 69 68 65 66 67 70 72 71 76 77 73 74 79 80 75 78  6  7  3  5  2  4  1  8 13  9 11 16 12 15 14 10 20 18 21 24 19 22 23 17 25 28 31 27 30 32 26 29
 72 70 66 68 69 67 65 71 80 75 78 74 77 76 79 73  8  3  2  5  7  4  6  1 14 15 16 10 13 11  9 12 21 20 17 18 19 22 24 23 28 29 25 26 31 32 27 30 38 39 35 37 34 36 33 40 45 41 43 48 44 47 46 42 52 50 53 56 51 54 55 49 57 60 63 59 62 64 58 61
  8  6  2  4  5  3  1  7 16 11 14 10 13 12 15  9 24 19 18 21 23 20 22 17 30 31 32 26 29 27 25 28 37 36 33 34 35 38 40 39 44 45 41 42 47 48 43 46 54 55 51 53 50 52 49 56 61 57 59 64 60 63 62 58 68 66 69 72 67 70 71 65 73 76 79 75 78 80 74 77
 56 54 50 52 53 51 49 55 64 59 62 58 61 60 63 57 72 67 66 69 71 68 70 65 78 79 80 74 77 75 73 76  5  4  1  2  3  6  8  7 12 13  9 10 15 16 11 14 22 23 19 21 18 20 17 24 29 25 27 32 28 31 30 26 36 34 37 40 35 38 39 33 41 44 47 43 46 48 42 45
 32 30 26 28 29 27 25 31 40 35 38 34 37 36 39 33 48 43 42 45 47 44 46 41 54 55 56 50 53 51 49 52 61 60 57 58 59 62 64 63 68 69 65 66 71 72 67 70 78 79 75 77 74 76 73 80  5  1  3  8  4  7  6  2 12 10 13 16 11 14 15  9 17 20 23 19 22 24 18 21
 80 78 74 76 77 75 73 79  8  3  6  2  5  4  7  1 16 11 10 13 15 12 14  9 22 23 24 18 21 19 17 20 29 28 25 26 27 30 32 31 36 37 33 34 39 40 35 38 46 47 43 45 42 44 41 48 53 49 51 56 52 55 54 50 60 58 61 64 59 62 63 57 65 68 71 67 70 72 66 69
 48 46 42 44 45 43 41 47 56 51 54 50 53 52 55 49 64 59 58 61 63 60 62 57 70 71 72 66 69 67 65 68 77 76 73 74 75 78 80 79  4  5  1  2  7  8  3  6 14 15 11 13 10 12  9 16 21 17 19 24 20 23 22 18 28 26 29 32 27 30 31 25 33 36 39 35 38 40 34 37
 64 62 58 60 61 59 57 63 72 67 70 66 69 68 71 65 80 75 74 77 79 76 78 73  6  7  8  2  5  3  1  4 13 12  9 10 11 14 16 15 20 21 17 18 23 24 19 22 30 31 27 29 26 28 25 32 37 33 35 40 36 39 38 34 44 42 45 48 43 46 47 41 49 52 55 51 54 56 50 53
 24 22 18 20 21 19 17 23 32 27 30 26 29 28 31 25 40 35 34 37 39 36 38 33 46 47 48 42 45 43 41 44 53 52 49 50 51 54 56 55 60 61 57 58 63 64 59 62 70 71 67 69 66 68 65 72 77 73 75 80 76 79 78 74  4  2  5  8  3  6  7  1  9 12 15 11 14 16 10 13
 33 39 35 37 38 36 34 40 41 44 47 43 46 45 48 42 49 52 51 54 56 53 55 50 63 64 57 59 62 60 58 61 70 69 66 67 68 71 65 72 77 78 74 75 80 73 76 79  7  8  4  6  3  5  2  1 14 10 12  9 13 16 15 11 21 19 22 17 20 23 24 18 26 29 32 28 31 25 27 30
 41 47 43 45 46 44 42 48 49 52 55 51 54 53 56 50 57 60 59 62 64 61 63 58 71 72 65 67 70 68 66 69 78 77 74 75 76 79 73 80  5  6  2  3  8  1  4  7 15 16 12 14 11 13 10  9 22 18 20 17 21 24 23 19 29 27 30 25 28 31 32 26 34 37 40 36 39 33 35 38
 17 23 19 21 22 20 18 24 25 28 31 27 30 29 32 26 33 36 35 38 40 37 39 34 47 48 41 43 46 44 42 45 54 53 50 51 52 55 49 56 61 62 58 59 64 57 60 63 71 72 68 70 67 69 66 65 78 74 76 73 77 80 79 75  5  3  6  1  4  7  8  2 10 13 16 12 15  9 11 14
 49 55 51 53 54 52 50 56 57 60 63 59 62 61 64 58 65 68 67 70 72 69 71 66 79 80 73 75 78 76 74 77  6  5  2  3  4  7  1  8 13 14 10 11 16  9 12 15 23 24 20 22 19 21 18 17 30 26 28 25 29 32 31 27 37 35 38 33 36 39 40 34 42 45 48 44 47 41 43 46
  9 15 11 13 14 12 10 16 17 20 23 19 22 21 24 18 25 28 27 30 32 29 31 26 39 40 33 35 38 36 34 37 46 45 42 43 44 47 41 48 53 54 50 51 56 49 52 55 63 64 60 62 59 61 58 57 70 66 68 65 69 72 71 67 77 75 78 73 76 79 80 74  2  5  8  4  7  1  3  6
  1  7  3  5  6  4  2  8  9 12 15 11 14 13 16 10 17 20 19 22 24 21 23 18 31 32 25 27 30 28 26 29 38 37 34 35 36 39 33 40 45 46 42 43 48 41 44 47 55 56 52 54 51 53 50 49 62 58 60 57 61 64 63 59 69 67 70 65 68 71 72 66 74 77 80 76 79 73 75 78
 73 79 75 77 78 76 74 80  1  4  7  3  6  5  8  2  9 12 11 14 16 13 15 10 23 24 17 19 22 20 18 21 30 29 26 27 28 31 25 32 37 38 34 35 40 33 36 39 47 48 44 46 43 45 42 41 54 50 52 49 53 56 55 51 61 59 62 57 60 63 64 58 66 69 72 68 71 65 67 70
 65 71 67 69 70 68 66 72 73 76 79 75 78 77 80 74  1  4  3  6  8  5  7  2 15 16  9 11 14 12 10 13 22 21 18 19 20 23 17 24 29 30 26 27 32 25 28 31 39 40 36 38 35 37 34 33 46 42 44 41 45 48 47 43 53 51 54 49 52 55 56 50 58 61 64 60 63 57 59 62
 25 31 27 29 30 28 26 32 33 36 39 35 38 37 40 34 41 44 43 46 48 45 47 42 55 56 49 51 54 52 50 53 62 61 58 59 60 63 57 64 69 70 66 67 72 65 68 71 79 80 76 78 75 77 74 73  6  2  4  1  5  8  7  3 13 11 14  9 12 15 16 10 18 21 24 20 23 17 19 22
 57 63 59 61 62 60 58 64 65 68 71 67 70 69 72 66 73 76 75 78 80 77 79 74  7  8  1  3  6  4  2  5 14 13 10 11 12 15  9 16 21 22 18 19 24 17 20 23 31 32 28 30 27 29 26 25 38 34 36 33 37 40 39 35 45 43 46 41 44 47 48 42 50 53 56 52 55 49 51 54
 42 48 44 46 47 45 43 41 50 53 56 52 55 54 49 51 58 61 60 63 57 62 64 59 72 65 66 68 71 69 67 70 79 78 75 76 77 80 74 73  6  7  3  4  1  2  5  8 16  9 13 15 12 14 11 10 23 19 21 18 22 17 24 20 30 28 31 26 29 32 25 27 35 38 33 37 40 34 36 39
 18 24 20 22 23 21 19 17 26 29 32 28 31 30 25 27 34 37 36 39 33 38 40 35 48 41 42 44 47 45 43 46 55 54 51 52 53 56 50 49 62 63 59 60 57 58 61 64 72 65 69 71 68 70 67 66 79 75 77 74 78 73 80 76  6  4  7  2  5  8  1  3 11 14  9 13 16 10 12 15
  2  8  4  6  7  5  3  1 10 13 16 12 15 14  9 11 18 21 20 23 17 22 24 19 32 25 26 28 31 29 27 30 39 38 35 36 37 40 34 33 46 47 43 44 41 42 45 48 56 49 53 55 52 54 51 50 63 59 61 58 62 57 64 60 70 68 71 66 69 72 65 67 75 78 73 77 80 74 76 79
 74 80 76 78 79 77 75 73  2  5  8  4  7  6  1  3 10 13 12 15  9 14 16 11 24 17 18 20 23 21 19 22 31 30 27 28 29 32 26 25 38 39 35 36 33 34 37 40 48 41 45 47 44 46 43 42 55 51 53 50 54 49 56 52 62 60 63 58 61 64 57 59 67 70 65 69 72 66 68 71
 58 64 60 62 63 61 59 57 66 69 72 68 71 70 65 67 74 77 76 79 73 78 80 75  8  1  2  4  7  5  3  6 15 14 11 12 13 16 10  9 22 23 19 20 17 18 21 24 32 25 29 31 28 30 27 26 39 35 37 34 38 33 40 36 46 44 47 42 45 48 41 43 51 54 49 53 56 50 52 55
 34 40 36 38 39 37 35 33 42 45 48 44 47 46 41 43 50 53 52 55 49 54 56 51 64 57 58 60 63 61 59 62 71 70 67 68 69 72 66 65 78 79 75 76 73 74 77 80  8  1  5  7  4  6  3  2 15 11 13 10 14  9 16 12 22 20 23 18 21 24 17 19 27 30 25 29 32 26 28 31
 26 32 28 30 31 29 27 25 34 37 40 36 39 38 33 35 42 45 44 47 41 46 48 43 56 49 50 52 55 53 51 54 63 62 59 60 61 64 58 57 70 71 67 68 65 66 69 72 80 73 77 79 76 78 75 74  7  3  5  2  6  1  8  4 14 12 15 10 13 16  9 11 19 22 17 21 24 18 20 23
 10 16 12 14 15 13 11  9 18 21 24 20 23 22 17 19 26 29 28 31 25 30 32 27 40 33 34 36 39 37 35 38 47 46 43 44 45 48 42 41 54 55 51 52 49 50 53 56 64 57 61 63 60 62 59 58 71 67 69 66 70 65 72 68 78 76 79 74 77 80 73 75  3  6  1  5  8  2  4  7
 66 72 68 70 71 69 67 65 74 77 80 76 79 78 73 75  2  5  4  7  1  6  8  3 16  9 10 12 15 13 11 14 23 22 19 20 21 24 18 17 30 31 27 28 25 26 29 32 40 33 37 39 36 38 35 34 47 43 45 42 46 41 48 44 54 52 55 50 53 56 49 51 59 62 57 61 64 58 60 63
 50 56 52 54 55 53 51 49 58 61 64 60 63 62 57 59 66 69 68 71 65 70 72 67 80 73 74 76 79 77 75 78  7  6  3  4  5  8  2  1 14 15 11 12  9 10 13 16 24 17 21 23 20 22 19 18 31 27 29 26 30 25 32 28 38 36 39 34 37 40 33 35 43 46 41 45 48 42 44 47
 43 41 45 47 48 46 44 42 51 54 49 53 56 55 50 52 59 62 61 64 58 63 57 60 65 66 67 69 72 70 68 71 80 79 76 77 78 73 75 74  7  8  4  5  2  3  6  1  9 10 14 16 13 15 12 11 24 20 22 19 23 18 17 21 31 29 32 27 30 25 26 28 36 39 34 38 33 35 37 40
 75 73 77 79 80 78 76 74  3  6  1  5  8  7  2  4 11 14 13 16 10 15  9 12 17 18 19 21 24 22 20 23 32 31 28 29 30 25 27 26 39 40 36 37 34 35 38 33 41 42 46 48 45 47 44 43 56 52 54 51 55 50 49 53 63 61 64 59 62 57 58 60 68 71 66 70 65 67 69 72
 19 17 21 23 24 22 20 18 27 30 25 29 32 31 26 28 35 38 37 40 34 39 33 36 41 42 43 45 48 46 44 47 56 55 52 53 54 49 51 50 63 64 60 61 58 59 62 57 65 66 70 72 69 71 68 67 80 76 78 75 79 74 73 77  7  5  8  3  6  1  2  4 12 15 10 14  9 11 13 16
 59 57 61 63 64 62 60 58 67 70 65 69 72 71 66 68 75 78 77 80 74 79 73 76  1  2  3  5  8  6  4  7 16 15 12 13 14  9 11 10 23 24 20 21 18 19 22 17 25 26 30 32 29 31 28 27 40 36 38 35 39 34 33 37 47 45 48 43 46 41 42 44 52 55 50 54 49 51 53 56
 27 25 29 31 32 30 28 26 35 38 33 37 40 39 34 36 43 46 45 48 42 47 41 44 49 50 51 53 56 54 52 55 64 63 60 61 62 57 59 58 71 72 68 69 66 67 70 65 73 74 78 80 77 79 76 75  8  4  6  3  7  2  1  5 15 13 16 11 14  9 10 12 20 23 18 22 17 19 21 24
 67 65 69 71 72 70 68 66 75 78 73 77 80 79 74 76  3  6  5  8  2  7  1  4  9 10 11 13 16 14 12 15 24 23 20 21 22 17 19 18 31 32 28 29 26 27 30 25 33 34 38 40 37 39 36 35 48 44 46 43 47 42 41 45 55 53 56 51 54 49 50 52 60 63 58 62 57 59 61 64
 51 49 53 55 56 54 52 50 59 62 57 61 64 63 58 60 67 70 69 72 66 71 65 68 73 74 75 77 80 78 76 79  8  7  4  5  6  1  3  2 15 16 12 13 10 11 14  9 17 18 22 24 21 23 20 19 32 28 30 27 31 26 25 29 39 37 40 35 38 33 34 36 44 47 42 46 41 43 45 48
 35 33 37 39 40 38 36 34 43 46 41 45 48 47 42 44 51 54 53 56 50 55 49 52 57 58 59 61 64 62 60 63 72 71 68 69 70 65 67 66 79 80 76 77 74 75 78 73  1  2  6  8  5  7  4  3 16 12 14 11 15 10  9 13 23 21 24 19 22 17 18 20 28 31 26 30 25 27 29 32
  3  1  5  7  8  6  4  2 11 14  9 13 16 15 10 12 19 22 21 24 18 23 17 20 25 26 27 29 32 30 28 31 40 39 36 37 38 33 35 34 47 48 44 45 42 43 46 41 49 50 54 56 53 55 52 51 64 60 62 59 63 58 57 61 71 69 72 67 70 65 66 68 76 79 74 78 73 75 77 80
 11  9 13 15 16 14 12 10 19 22 17 21 24 23 18 20 27 30 29 32 26 31 25 28 33 34 35 37 40 38 36 39 48 47 44 45 46 41 43 42 55 56 52 53 50 51 54 49 57 58 62 64 61 63 60 59 72 68 70 67 71 66 65 69 79 77 80 75 78 73 74 76  4  7  2  6  1  3  5  8
 68 66 70 72 65 71 69 67 76 79 74 78 73 80 75 77  4  7  6  1  3  8  2  5 10 11 12 14  9 15 13 16 17 24 21 22 23 18 20 19 32 25 29 30 27 28 31 26 34 35 39 33 38 40 37 36 41 45 47 44 48 43 42 46 56 54 49 52 55 50 51 53 61 64 59 63 58 60 62 57
 60 58 62 64 57 63 61 59 68 71 66 70 65 72 67 69 76 79 78 73 75 80 74 77  2  3  4  6  1  7  5  8  9 16 13 14 15 10 12 11 24 17 21 22 19 20 23 18 26 27 31 25 30 32 29 28 33 37 39 36 40 35 34 38 48 46 41 44 47 42 43 45 53 56 51 55 50 52 54 49
 52 50 54 56 49 55 53 51 60 63 58 62 57 64 59 61 68 71 70 65 67 72 66 69 74 75 76 78 73 79 77 80  1  8  5  6  7  2  4  3 16  9 13 14 11 12 15 10 18 19 23 17 22 24 21 20 25 29 31 28 32 27 26 30 40 38 33 36 39 34 35 37 45 48 43 47 42 44 46 41
 44 42 46 48 41 47 45 43 52 55 50 54 49 56 51 53 60 63 62 57 59 64 58 61 66 67 68 70 65 71 69 72 73 80 77 78 79 74 76 75  8  1  5  6  3  4  7  2 10 11 15  9 14 16 13 12 17 21 23 20 24 19 18 22 32 30 25 28 31 26 27 29 37 40 35 39 34 36 38 33
 12 10 14 16  9 15 13 11 20 23 18 22 17 24 19 21 28 31 30 25 27 32 26 29 34 35 36 38 33 39 37 40 41 48 45 46 47 42 44 43 56 49 53 54 51 52 55 50 58 59 63 57 62 64 61 60 65 69 71 68 72 67 66 70 80 78 73 76 79 74 75 77  5  8  3  7  2  4  6  1
 76 74 78 80 73 79 77 75  4  7  2  6  1  8  3  5 12 15 14  9 11 16 10 13 18 19 20 22 17 23 21 24 25 32 29 30 31 26 28 27 40 33 37 38 35 36 39 34 42 43 47 41 46 48 45 44 49 53 55 52 56 51 50 54 64 62 57 60 63 58 59 61 69 72 67 71 66 68 70 65
 20 18 22 24 17 23 21 19 28 31 26 30 25 32 27 29 36 39 38 33 35 40 34 37 42 43 44 46 41 47 45 48 49 56 53 54 55 50 52 51 64 57 61 62 59 60 63 58 66 67 71 65 70 72 69 68 73 77 79 76 80 75 74 78  8  6  1  4  7  2  3  5 13 16 11 15 10 12 14  9
 28 26 30 32 25 31 29 27 36 39 34 38 33 40 35 37 44 47 46 41 43 48 42 45 50 51 52 54 49 55 53 56 57 64 61 62 63 58 60 59 72 65 69 70 67 68 71 66 74 75 79 73 78 80 77 76  1  5  7  4  8  3  2  6 16 14  9 12 15 10 11 13 21 24 19 23 18 20 22 17
 36 34 38 40 33 39 37 35 44 47 42 46 41 48 43 45 52 55 54 49 51 56 50 53 58 59 60 62 57 63 61 64 65 72 69 70 71 66 68 67 80 73 77 78 75 76 79 74  2  3  7  1  6  8  5  4  9 13 15 12 16 11 10 14 24 22 17 20 23 18 19 21 29 32 27 31 26 28 30 25
  4  2  6  8  1  7  5  3 12 15 10 14  9 16 11 13 20 23 22 17 19 24 18 21 26 27 28 30 25 31 29 32 33 40 37 38 39 34 36 35 48 41 45 46 43 44 47 42 50 51 55 49 54 56 53 52 57 61 63 60 64 59 58 62 72 70 65 68 71 66 67 69 77 80 75 79 74 76 78 73
 21 19 23 17 18 24 22 20 29 32 27 31 26 25 28 30 37 40 39 34 36 33 35 38 43 44 45 47 42 48 46 41 50 49 54 55 56 51 53 52 57 58 62 63 60 61 64 59 67 68 72 66 71 65 70 69 74 78 80 77 73 76 75 79  1  7  2  5  8  3  4  6 14  9 12 16 11 13 15 10
 13 11 15  9 10 16 14 12 21 24 19 23 18 17 20 22 29 32 31 26 28 25 27 30 35 36 37 39 34 40 38 33 42 41 46 47 48 43 45 44 49 50 54 55 52 53 56 51 59 60 64 58 63 57 62 61 66 70 72 69 65 68 67 71 73 79 74 77 80 75 76 78  6  1  4  8  3  5  7  2
 37 35 39 33 34 40 38 36 45 48 43 47 42 41 44 46 53 56 55 50 52 49 51 54 59 60 61 63 58 64 62 57 66 65 70 71 72 67 69 68 73 74 78 79 76 77 80 75  3  4  8  2  7  1  6  5 10 14 16 13  9 12 11 15 17 23 18 21 24 19 20 22 30 25 28 32 27 29 31 26
 45 43 47 41 42 48 46 44 53 56 51 55 50 49 52 54 61 64 63 58 60 57 59 62 67 68 69 71 66 72 70 65 74 73 78 79 80 75 77 76  1  2  6  7  4  5  8  3 11 12 16 10 15  9 14 13 18 22 24 21 17 20 19 23 25 31 26 29 32 27 28 30 38 33 36 40 35 37 39 34
  5  3  7  1  2  8  6  4 13 16 11 15 10  9 12 14 21 24 23 18 20 17 19 22 27 28 29 31 26 32 30 25 34 33 38 39 40 35 37 36 41 42 46 47 44 45 48 43 51 52 56 50 55 49 54 53 58 62 64 61 57 60 59 63 65 71 66 69 72 67 68 70 78 73 76 80 75 77 79 74
 61 59 63 57 58 64 62 60 69 72 67 71 66 65 68 70 77 80 79 74 76 73 75 78  3  4  5  7  2  8  6  1 10  9 14 15 16 11 13 12 17 18 22 23 20 21 24 19 27 28 32 26 31 25 30 29 34 38 40 37 33 36 35 39 41 47 42 45 48 43 44 46 54 49 52 56 51 53 55 50
 53 51 55 49 50 56 54 52 61 64 59 63 58 57 60 62 69 72 71 66 68 65 67 70 75 76 77 79 74 80 78 73  2  1  6  7  8  3  5  4  9 10 14 15 12 13 16 11 19 20 24 18 23 17 22 21 26 30 32 29 25 28 27 31 33 39 34 37 40 35 36 38 46 41 44 48 43 45 47 42
 77 75 79 73 74 80 78 76  5  8  3  7  2  1  4  6 13 16 15 10 12  9 11 14 19 20 21 23 18 24 22 17 26 25 30 31 32 27 29 28 33 34 38 39 36 37 40 35 43 44 48 42 47 41 46 45 50 54 56 53 49 52 51 55 57 63 58 61 64 59 60 62 70 65 68 72 67 69 71 66
 29 27 31 25 26 32 30 28 37 40 35 39 34 33 36 38 45 48 47 42 44 41 43 46 51 52 53 55 50 56 54 49 58 57 62 63 64 59 61 60 65 66 70 71 68 69 72 67 75 76 80 74 79 73 78 77  2  6  8  5  1  4  3  7  9 15 10 13 16 11 12 14 22 17 20 24 19 21 23 18
 69 67 71 65 66 72 70 68 77 80 75 79 74 73 76 78  5  8  7  2  4  1  3  6 11 12 13 15 10 16 14  9 18 17 22 23 24 19 21 20 25 26 30 31 28 29 32 27 35 36 40 34 39 33 38 37 42 46 48 45 41 44 43 47 49 55 50 53 56 51 52 54 62 57 60 64 59 61 63 58
 62 60 64 58 59 57 63 61 70 65 68 72 67 66 69 71 78 73 80 75 77 74 76 79  4  5  6  8  3  1  7  2 11 10 15 16  9 12 14 13 18 19 23 24 21 22 17 20 28 29 25 27 32 26 31 30 35 39 33 38 34 37 36 40 42 48 43 46 41 44 45 47 55 50 53 49 52 54 56 51
 38 36 40 34 35 33 39 37 46 41 44 48 43 42 45 47 54 49 56 51 53 50 52 55 60 61 62 64 59 57 63 58 67 66 71 72 65 68 70 69 74 75 79 80 77 78 73 76  4  5  1  3  8  2  7  6 11 15  9 14 10 13 12 16 18 24 19 22 17 20 21 23 31 26 29 25 28 30 32 27
 78 76 80 74 75 73 79 77  6  1  4  8  3  2  5  7 14  9 16 11 13 10 12 15 20 21 22 24 19 17 23 18 27 26 31 32 25 28 30 29 34 35 39 40 37 38 33 36 44 45 41 43 48 42 47 46 51 55 49 54 50 53 52 56 58 64 59 62 57 60 61 63 71 66 69 65 68 70 72 67
 30 28 32 26 27 25 31 29 38 33 36 40 35 34 37 39 46 41 48 43 45 42 44 47 52 53 54 56 51 49 55 50 59 58 63 64 57 60 62 61 66 67 71 72 69 70 65 68 76 77 73 75 80 74 79 78  3  7  1  6  2  5  4  8 10 16 11 14  9 12 13 15 23 18 21 17 20 22 24 19
 46 44 48 42 43 41 47 45 54 49 52 56 51 50 53 55 62 57 64 59 61 58 60 63 68 69 70 72 67 65 71 66 75 74 79 80 73 76 78 77  2  3  7  8  5  6  1  4 12 13  9 11 16 10 15 14 19 23 17 22 18 21 20 24 26 32 27 30 25 28 29 31 39 34 37 33 36 38 40 35
  6  4  8  2  3  1  7  5 14  9 12 16 11 10 13 15 22 17 24 19 21 18 20 23 28 29 30 32 27 25 31 26 35 34 39 40 33 36 38 37 42 43 47 48 45 46 41 44 52 53 49 51 56 50 55 54 59 63 57 62 58 61 60 64 66 72 67 70 65 68 69 71 79 74 77 73 76 78 80 75
 22 20 24 18 19 17 23 21 30 25 28 32 27 26 29 31 38 33 40 35 37 34 36 39 44 45 46 48 43 41 47 42 51 50 55 56 49 52 54 53 58 59 63 64 61 62 57 60 68 69 65 67 72 66 71 70 75 79 73 78 74 77 76 80  2  8  3  6  1  4  5  7 15 10 13  9 12 14 16 11
 54 52 56 50 51 49 55 53 62 57 60 64 59 58 61 63 70 65 72 67 69 66 68 71 76 77 78 80 75 73 79 74  3  2  7  8  1  4  6  5 10 11 15 16 13 14  9 12 20 21 17 19 24 18 23 22 27 31 25 30 26 29 28 32 34 40 35 38 33 36 37 39 47 42 45 41 44 46 48 43
 70 68 72 66 67 65 71 69 78 73 76 80 75 74 77 79  6  1  8  3  5  2  4  7 12 13 14 16 11  9 15 10 19 18 23 24 17 20 22 21 26 27 31 32 29 30 25 28 36 37 33 35 40 34 39 38 43 47 41 46 42 45 44 48 50 56 51 54 49 52 53 55 63 58 61 57 60 62 64 59
 14 12 16 10 11  9 15 13 22 17 20 24 19 18 21 23 30 25 32 27 29 26 28 31 36 37 38 40 35 33 39 34 43 42 47 48 41 44 46 45 50 51 55 56 53 54 49 52 60 61 57 59 64 58 63 62 67 71 65 70 66 69 68 72 74 80 75 78 73 76 77 79  7  2  5  1  4  6  8  3
 47 45 41 43 44 42 48 46 55 50 53 49 52 51 54 56 63 58 57 60 62 59 61 64 69 70 71 65 68 66 72 67 76 75 80 73 74 77 79 78  3  4  8  1  6  7  2  5 13 14 10 12  9 11 16 15 20 24 18 23 19 22 21 17 27 25 28 31 26 29 30 32 40 35 38 34 37 39 33 36
 55 53 49 51 52 50 56 54 63 58 61 57 60 59 62 64 71 66 65 68 70 67 69 72 77 78 79 73 76 74 80 75  4  3  8  1  2  5  7  6 11 12 16  9 14 15 10 13 21 22 18 20 17 19 24 23 28 32 26 31 27 30 29 25 35 33 36 39 34 37 38 40 48 43 46 42 45 47 41 44
  7  5  1  3  4  2  8  6 15 10 13  9 12 11 14 16 23 18 17 20 22 19 21 24 29 30 31 25 28 26 32 27 36 35 40 33 34 37 39 38 43 44 48 41 46 47 42 45 53 54 50 52 49 51 56 55 60 64 58 63 59 62 61 57 67 65 68 71 66 69 70 72 80 75 78 74 77 79 73 76
 39 37 33 35 36 34 40 38 47 42 45 41 44 43 46 48 55 50 49 52 54 51 53 56 61 62 63 57 60 58 64 59 68 67 72 65 66 69 71 70 75 76 80 73 78 79 74 77  5  6  2  4  1  3  8  7 12 16 10 15 11 14 13  9 19 17 20 23 18 21 22 24 32 27 30 26 29 31 25 28
 71 69 65 67 68 66 72 70 79 74 77 73 76 75 78 80  7  2  1  4  6  3  5  8 13 14 15  9 12 10 16 11 20 19 24 17 18 21 23 22 27 28 32 25 30 31 26 29 37 38 34 36 33 35 40 39 44 48 42 47 43 46 45 41 51 49 52 55 50 53 54 56 64 59 62 58 61 63 57 60
 15 13  9 11 12 10 16 14 23 18 21 17 20 19 22 24 31 26 25 28 30 27 29 32 37 38 39 33 36 34 40 35 44 43 48 41 42 45 47 46 51 52 56 49 54 55 50 53 61 62 58 60 57 59 64 63 68 72 66 71 67 70 69 65 75 73 76 79 74 77 78 80  8  3  6  2  5  7  1  4
 79 77 73 75 76 74 80 78  7  2  5  1  4  3  6  8 15 10  9 12 14 11 13 16 21 22 23 17 20 18 24 19 28 27 32 25 26 29 31 30 35 36 40 33 38 39 34 37 45 46 42 44 41 43 48 47 52 56 50 55 51 54 53 49 59 57 60 63 58 61 62 64 72 67 70 66 69 71 65 68
 23 21 17 19 20 18 24 22 31 26 29 25 28 27 30 32 39 34 33 36 38 35 37 40 45 46 47 41 44 42 48 43 52 51 56 49 50 53 55 54 59 60 64 57 62 63 58 61 69 70 66 68 65 67 72 71 76 80 74 79 75 78 77 73  3  1  4  7  2  5  6  8 16 11 14 10 13 15  9 12
 31 29 25 27 28 26 32 30 39 34 37 33 36 35 38 40 47 42 41 44 46 43 45 48 53 54 55 49 52 50 56 51 60 59 64 57 58 61 63 62 67 68 72 65 70 71 66 69 77 78 74 76 73 75 80 79  4  8  2  7  3  6  5  1 11  9 12 15 10 13 14 16 24 19 22 18 21 23 17 20
 63 61 57 59 60 58 64 62 71 66 69 65 68 67 70 72 79 74 73 76 78 75 77 80  5  6  7  1  4  2  8  3 12 11 16  9 10 13 15 14 19 20 24 17 22 23 18 21 29 30 26 28 25 27 32 31 36 40 34 39 35 38 37 33 43 41 44 47 42 45 46 48 56 51 54 50 53 55 49 52
