  7  4  2  3  8  1  5  6 15  9 14 11 10 12 16 13 23 24 19 21 18 22 20 17 27 25 32 28 29 26 31 30 34 36 33 40 37 38 35 39 47 46 43 44 45 42 41 48 49 56 51 52 55 54 53 50 64 61 58 57 62 59 60 63 65 67 69 68 71 72 66 70 73 78 80 77 74 79 75 76
 23 20 18 19 24 17 21 22 31 25 30 27 26 28 32 29 39 40 35 37 34 38 36 33 43 41 48 44 45 42 47 46 50 52 49 56 53 54 51 55 63 62 59 60 61 58 57 64 65 72 67 68 71 70 69 66 80 77 74 73 78 75 76 79  1  3  5  4  7  8  2  6  9 14 16 13 10 15 11 12
 15 12 10 11 16  9 13 14 23 17 22 19 18 20 24 21 31 32 27 29 26 30 28 25 35 33 40 36 37 34 39 38 42 44 41 48 45 46 43 47 55 54 51 52 53 50 49 56 57 64 59 60 63 62 61 58 72 69 66 65 70 67 68 71 73 75 77 76 79 80 74 78  1  6  8  5  2  7  3  4
 63 60 58 59 64 57 61 62 71 65 70 67 66 68 72 69 79 80 75 77 74 78 76 73  3  1  8  4  5  2  7  6 10 12  9 16 13 14 11 15 23 22 19 20 21 18 17 24 25 32 27 28 31 30 29 26 40 37 34 33 38 35 36 39 41 43 45 44 47 48 42 46 49 54 56 53 50 55 51 52
 71 68 66 67 72 65 69 70 79 73 78 75 74 76 80 77  7  8  3  5  2  6  4  1 11  9 16 12 13 10 15 14 18 20 17 24 21 22 19 23 31 30 27 28 29 26 25 32 33 40 35 36 39 38 37 34 48 45 42 41 46 43 44 47 49 51 53 52 55 56 50 54 57 62 64 61 58 63 59 60
 47 44 42 43 48 41 45 46 55 49 54 51 50 52 56 53 63 64 59 61 58 62 60 57 67 65 72 68 69 66 71 70 74 76 73 80 77 78 75 79  7  6  3  4  5  2  1  8  9 16 11 12 15 14 13 10 24 21 18 17 22 19 20 23 25 27 29 28 31 32 26 30 33 38 40 37 34 39 35 36
 31 28 26 27 32 25 29 30 39 33 38 35 34 36 40 37 47 48 43 45 42 46 44 41 51 49 56 52 53 50 55 54 58 60 57 64 61 62 59 63 71 70 67 68 69 66 65 72 73 80 75 76 79 78 77 74  8  5  2  1  6  3  4  7  9 11 13 12 15 16 10 14 17 22 24 21 18 23 19 20
 55 52 50 51 56 49 53 54 63 57 62 59 58 60 64 61 71 72 67 69 66 70 68 65 75 73 80 76 77 74 79 78  2  4  1  8  5  6  3  7 15 14 11 12 13 10  9 16 17 24 19 20 23 22 21 18 32 29 26 25 30 27 28 31 33 35 37 36 39 40 34 38 41 46 48 45 42 47 43 44
 39 36 34 35 40 33 37 38 47 41 46 43 42 44 48 45 55 56 51 53 50 54 52 49 59 57 64 60 61 58 63 62 66 68 65 72 69 70 67 71 79 78 75 76 77 74 73 80  1  8  3  4  7  6  5  2 16 13 10  9 14 11 12 15 17 19 21 20 23 24 18 22 25 30 32 29 26 31 27 28
 79 76 74 75 80 73 77 78  7  1  6  3  2  4  8  5 15 16 11 13 10 14 12  9 19 17 24 20 21 18 23 22 26 28 25 32 29 30 27 31 39 38 35 36 37 34 33 40 41 48 43 44 47 46 45 42 56 53 50 49 54 51 52 55 57 59 61 60 63 64 58 62 65 70 72 69 66 71 67 68
 24 21 19 20 17 18 22 23 32 26 31 28 27 29 25 30 40 33 36 38 35 39 37 34 44 42 41 45 46 43 48 47 51 53 50 49 54 55 52 56 64 63 60 61 62 59 58 57 66 65 68 69 72 71 70 67 73 78 75 74 79 76 77 80  2  4  6  5  8  1  3  7 10 15  9 14 11 16 12 13
 72 69 67 68 65 66 70 71 80 74 79 76 75 77 73 78  8  1  4  6  3  7  5  2 12 10  9 13 14 11 16 15 19 21 18 17 22 23 20 24 32 31 28 29 30 27 26 25 34 33 36 37 40 39 38 35 41 46 43 42 47 44 45 48 50 52 54 53 56 49 51 55 58 63 57 62 59 64 60 61
  8  5  3  4  1  2  6  7 16 10 15 12 11 13  9 14 24 17 20 22 19 23 21 18 28 26 25 29 30 27 32 31 35 37 34 33 38 39 36 40 48 47 44 45 46 43 42 41 50 49 52 53 56 55 54 51 57 62 59 58 63 60 61 64 66 68 70 69 72 65 67 71 74 79 73 78 75 80 76 77
 56 53 51 52 49 50 54 55 64 58 63 60 59 61 57 62 72 65 68 70 67 71 69 66 76 74 73 77 78 75 80 79  3  5  2  1  6  7  4  8 16 15 12 13 14 11 10  9 18 17 20 21 24 23 22 19 25 30 27 26 31 28 29 32 34 36 38 37 40 33 35 39 42 47 41 46 43 48 44 45
 40 37 35 36 33 34 38 39 48 42 47 44 43 45 41 46 56 49 52 54 51 55 53 50 60 58 57 61 62 59 64 63 67 69 66 65 70 71 68 72 80 79 76 77 78 75 74 73  2  1  4  5  8  7  6  3  9 14 11 10 15 12 13 16 18 20 22 21 24 17 19 23 26 31 25 30 27 32 28 29
 80 77 75 76 73 74 78 79  8  2  7  4  3  5  1  6 16  9 12 14 11 15 13 10 20 18 17 21 22 19 24 23 27 29 26 25 30 31 28 32 40 39 36 37 38 35 34 33 42 41 44 45 48 47 46 43 49 54 51 50 55 52 53 56 58 60 62 61 64 57 59 63 66 71 65 70 67 72 68 69
 64 61 59 60 57 58 62 63 72 66 71 68 67 69 65 70 80 73 76 78 75 79 77 74  4  2  1  5  6  3  8  7 11 13 10  9 14 15 12 16 24 23 20 21 22 19 18 17 26 25 28 29 32 31 30 27 33 38 35 34 39 36 37 40 42 44 46 45 48 41 43 47 50 55 49 54 51 56 52 53
 32 29 27 28 25 26 30 31 40 34 39 36 35 37 33 38 48 41 44 46 43 47 45 42 52 50 49 53 54 51 56 55 59 61 58 57 62 63 60 64 72 71 68 69 70 67 66 65 74 73 76 77 80 79 78 75  1  6  3  2  7  4  5  8 10 12 14 13 16  9 11 15 18 23 17 22 19 24 20 21
 48 45 43 44 41 42 46 47 56 50 55 52 51 53 49 54 64 57 60 62 59 63 61 58 68 66 65 69 70 67 72 71 75 77 74 73 78 79 76 80  8  7  4  5  6  3  2  1 10  9 12 13 16 15 14 11 17 22 19 18 23 20 21 24 26 28 30 29 32 25 27 31 34 39 33 38 35 40 36 37
 16 13 11 12  9 10 14 15 24 18 23 20 19 21 17 22 32 25 28 30 27 31 29 26 36 34 33 37 38 35 40 39 43 45 42 41 46 47 44 48 56 55 52 53 54 51 50 49 58 57 60 61 64 63 62 59 65 70 67 66 71 68 69 72 74 76 78 77 80 73 75 79  2  7  1  6  3  8  4  5
 33 38 36 37 34 35 39 40 41 43 48 45 44 46 42 47 49 50 53 55 52 56 54 51 61 59 58 62 63 60 57 64 68 70 67 66 71 72 69 65 73 80 77 78 79 76 75 74  3  2  5  6  1  8  7  4 10 15 12 11 16 13 14  9 19 21 23 22 17 18 20 24 27 32 26 31 28 25 29 30
 41 46 44 45 42 43 47 48 49 51 56 53 52 54 50 55 57 58 61 63 60 64 62 59 69 67 66 70 71 68 65 72 76 78 75 74 79 80 77 73  1  8  5  6  7  4  3  2 11 10 13 14  9 16 15 12 18 23 20 19 24 21 22 17 27 29 31 30 25 26 28 32 35 40 34 39 36 33 37 38
 49 54 52 53 50 51 55 56 57 59 64 61 60 62 58 63 65 66 69 71 68 72 70 67 77 75 74 78 79 76 73 80  4  6  3  2  7  8  5  1  9 16 13 14 15 12 11 10 19 18 21 22 17 24 23 20 26 31 28 27 32 29 30 25 35 37 39 38 33 34 36 40 43 48 42 47 44 41 45 46
 73 78 76 77 74 75 79 80  1  3  8  5  4  6  2  7  9 10 13 15 12 16 14 11 21 19 18 22 23 20 17 24 28 30 27 26 31 32 29 25 33 40 37 38 39 36 35 34 43 42 45 46 41 48 47 44 50 55 52 51 56 53 54 49 59 61 63 62 57 58 60 64 67 72 66 71 68 65 69 70
  9 14 12 13 10 11 15 16 17 19 24 21 20 22 18 23 25 26 29 31 28 32 30 27 37 35 34 38 39 36 33 40 44 46 43 42 47 48 45 41 49 56 53 54 55 52 51 50 59 58 61 62 57 64 63 60 66 71 68 67 72 69 70 65 75 77 79 78 73 74 76 80  3  8  2  7  4  1  5  6
 65 70 68 69 66 67 71 72 73 75 80 77 76 78 74 79  1  2  5  7  4  8  6  3 13 11 10 14 15 12  9 16 20 22 19 18 23 24 21 17 25 32 29 30 31 28 27 26 35 34 37 38 33 40 39 36 42 47 44 43 48 45 46 41 51 53 55 54 49 50 52 56 59 64 58 63 60 57 61 62
 17 22 20 21 18 19 23 24 25 27 32 29 28 30 26 31 33 34 37 39 36 40 38 35 45 43 42 46 47 44 41 48 52 54 51 50 55 56 53 49 57 64 61 62 63 60 59 58 67 66 69 70 65 72 71 68 74 79 76 75 80 77 78 73  3  5  7  6  1  2  4  8 11 16 10 15 12  9 13 14
 25 30 28 29 26 27 31 32 33 35 40 37 36 38 34 39 41 42 45 47 44 48 46 43 53 51 50 54 55 52 49 56 60 62 59 58 63 64 61 57 65 72 69 70 71 68 67 66 75 74 77 78 73 80 79 76  2  7  4  3  8  5  6  1 11 13 15 14  9 10 12 16 19 24 18 23 20 17 21 22
 57 62 60 61 58 59 63 64 65 67 72 69 68 70 66 71 73 74 77 79 76 80 78 75  5  3  2  6  7  4  1  8 12 14 11 10 15 16 13  9 17 24 21 22 23 20 19 18 27 26 29 30 25 32 31 28 34 39 36 35 40 37 38 33 43 45 47 46 41 42 44 48 51 56 50 55 52 49 53 54
  1  6  4  5  2  3  7  8  9 11 16 13 12 14 10 15 17 18 21 23 20 24 22 19 29 27 26 30 31 28 25 32 36 38 35 34 39 40 37 33 41 48 45 46 47 44 43 42 51 50 53 54 49 56 55 52 58 63 60 59 64 61 62 57 67 69 71 70 65 66 68 72 75 80 74 79 76 73 77 78
 34 39 37 38 35 36 40 33 42 44 41 46 45 47 43 48 50 51 54 56 53 49 55 52 62 60 59 63 64 61 58 57 69 71 68 67 72 65 70 66 74 73 78 79 80 77 76 75  4  3  6  7  2  1  8  5 11 16 13 12  9 14 15 10 20 22 24 23 18 19 21 17 28 25 27 32 29 26 30 31
 42 47 45 46 43 44 48 41 50 52 49 54 53 55 51 56 58 59 62 64 61 57 63 60 70 68 67 71 72 69 66 65 77 79 76 75 80 73 78 74  2  1  6  7  8  5  4  3 12 11 14 15 10  9 16 13 19 24 21 20 17 22 23 18 28 30 32 31 26 27 29 25 36 33 35 40 37 34 38 39
 10 15 13 14 11 12 16  9 18 20 17 22 21 23 19 24 26 27 30 32 29 25 31 28 38 36 35 39 40 37 34 33 45 47 44 43 48 41 46 42 50 49 54 55 56 53 52 51 60 59 62 63 58 57 64 61 67 72 69 68 65 70 71 66 76 78 80 79 74 75 77 73  4  1  3  8  5  2  6  7
 58 63 61 62 59 60 64 57 66 68 65 70 69 71 67 72 74 75 78 80 77 73 79 76  6  4  3  7  8  5  2  1 13 15 12 11 16  9 14 10 18 17 22 23 24 21 20 19 28 27 30 31 26 25 32 29 35 40 37 36 33 38 39 34 44 46 48 47 42 43 45 41 52 49 51 56 53 50 54 55
  2  7  5  6  3  4  8  1 10 12  9 14 13 15 11 16 18 19 22 24 21 17 23 20 30 28 27 31 32 29 26 25 37 39 36 35 40 33 38 34 42 41 46 47 48 45 44 43 52 51 54 55 50 49 56 53 59 64 61 60 57 62 63 58 68 70 72 71 66 67 69 65 76 73 75 80 77 74 78 79
 50 55 53 54 51 52 56 49 58 60 57 62 61 63 59 64 66 67 70 72 69 65 71 68 78 76 75 79 80 77 74 73  5  7  4  3  8  1  6  2 10  9 14 15 16 13 12 11 20 19 22 23 18 17 24 21 27 32 29 28 25 30 31 26 36 38 40 39 34 35 37 33 44 41 43 48 45 42 46 47
 66 71 69 70 67 68 72 65 74 76 73 78 77 79 75 80  2  3  6  8  5  1  7  4 14 12 11 15 16 13 10  9 21 23 20 19 24 17 22 18 26 25 30 31 32 29 28 27 36 35 38 39 34 33 40 37 43 48 45 44 41 46 47 42 52 54 56 55 50 51 53 49 60 57 59 64 61 58 62 63
 18 23 21 22 19 20 24 17 26 28 25 30 29 31 27 32 34 35 38 40 37 33 39 36 46 44 43 47 48 45 42 41 53 55 52 51 56 49 54 50 58 57 62 63 64 61 60 59 68 67 70 71 66 65 72 69 75 80 77 76 73 78 79 74  4  6  8  7  2  3  5  1 12  9 11 16 13 10 14 15
 26 31 29 30 27 28 32 25 34 36 33 38 37 39 35 40 42 43 46 48 45 41 47 44 54 52 51 55 56 53 50 49 61 63 60 59 64 57 62 58 66 65 70 71 72 69 68 67 76 75 78 79 74 73 80 77  3  8  5  4  1  6  7  2 12 14 16 15 10 11 13  9 20 17 19 24 21 18 22 23
 74 79 77 78 75 76 80 73  2  4  1  6  5  7  3  8 10 11 14 16 13  9 15 12 22 20 19 23 24 21 18 17 29 31 28 27 32 25 30 26 34 33 38 39 40 37 36 35 44 43 46 47 42 41 48 45 51 56 53 52 49 54 55 50 60 62 64 63 58 59 61 57 68 65 67 72 69 66 70 71
  3  8  6  7  4  5  1  2 11 13 10 15 14 16 12  9 19 20 23 17 22 18 24 21 31 29 28 32 25 30 27 26 38 40 37 36 33 34 39 35 43 42 47 48 41 46 45 44 53 52 55 56 51 50 49 54 60 57 62 61 58 63 64 59 69 71 65 72 67 68 70 66 77 74 76 73 78 75 79 80
 43 48 46 47 44 45 41 42 51 53 50 55 54 56 52 49 59 60 63 57 62 58 64 61 71 69 68 72 65 70 67 66 78 80 77 76 73 74 79 75  3  2  7  8  1  6  5  4 13 12 15 16 11 10  9 14 20 17 22 21 18 23 24 19 29 31 25 32 27 28 30 26 37 34 36 33 38 35 39 40
 67 72 70 71 68 69 65 66 75 77 74 79 78 80 76 73  3  4  7  1  6  2  8  5 15 13 12 16  9 14 11 10 22 24 21 20 17 18 23 19 27 26 31 32 25 30 29 28 37 36 39 40 35 34 33 38 44 41 46 45 42 47 48 43 53 55 49 56 51 52 54 50 61 58 60 57 62 59 63 64
 51 56 54 55 52 53 49 50 59 61 58 63 62 64 60 57 67 68 71 65 70 66 72 69 79 77 76 80 73 78 75 74  6  8  5  4  1  2  7  3 11 10 15 16  9 14 13 12 21 20 23 24 19 18 17 22 28 25 30 29 26 31 32 27 37 39 33 40 35 36 38 34 45 42 44 41 46 43 47 48
 75 80 78 79 76 77 73 74  3  5  2  7  6  8  4  1 11 12 15  9 14 10 16 13 23 21 20 24 17 22 19 18 30 32 29 28 25 26 31 27 35 34 39 40 33 38 37 36 45 44 47 48 43 42 41 46 52 49 54 53 50 55 56 51 61 63 57 64 59 60 62 58 69 66 68 65 70 67 71 72
 35 40 38 39 36 37 33 34 43 45 42 47 46 48 44 41 51 52 55 49 54 50 56 53 63 61 60 64 57 62 59 58 70 72 69 68 65 66 71 67 75 74 79 80 73 78 77 76  5  4  7  8  3  2  1  6 12  9 14 13 10 15 16 11 21 23 17 24 19 20 22 18 29 26 28 25 30 27 31 32
 11 16 14 15 12 13  9 10 19 21 18 23 22 24 20 17 27 28 31 25 30 26 32 29 39 37 36 40 33 38 35 34 46 48 45 44 41 42 47 43 51 50 55 56 49 54 53 52 61 60 63 64 59 58 57 62 68 65 70 69 66 71 72 67 77 79 73 80 75 76 78 74  5  2  4  1  6  3  7  8
 59 64 62 63 60 61 57 58 67 69 66 71 70 72 68 65 75 76 79 73 78 74 80 77  7  5  4  8  1  6  3  2 14 16 13 12  9 10 15 11 19 18 23 24 17 22 21 20 29 28 31 32 27 26 25 30 36 33 38 37 34 39 40 35 45 47 41 48 43 44 46 42 53 50 52 49 54 51 55 56
 19 24 22 23 20 21 17 18 27 29 26 31 30 32 28 25 35 36 39 33 38 34 40 37 47 45 44 48 41 46 43 42 54 56 53 52 49 50 55 51 59 58 63 64 57 62 61 60 69 68 71 72 67 66 65 70 76 73 78 77 74 79 80 75  5  7  1  8  3  4  6  2 13 10 12  9 14 11 15 16
 27 32 30 31 28 29 25 26 35 37 34 39 38 40 36 33 43 44 47 41 46 42 48 45 55 53 52 56 49 54 51 50 62 64 61 60 57 58 63 59 67 66 71 72 65 70 69 68 77 76 79 80 75 74 73 78  4  1  6  5  2  7  8  3 13 15  9 16 11 12 14 10 21 18 20 17 22 19 23 24
 68 65 71 72 69 70 66 67 76 78 75 80 79 73 77 74  4  5  8  2  7  3  1  6 16 14 13  9 10 15 12 11 23 17 22 21 18 19 24 20 28 27 32 25 26 31 30 29 38 37 40 33 36 35 34 39 45 42 47 46 43 48 41 44 54 56 50 49 52 53 55 51 62 59 61 58 63 60 64 57
 44 41 47 48 45 46 42 43 52 54 51 56 55 49 53 50 60 61 64 58 63 59 57 62 72 70 69 65 66 71 68 67 79 73 78 77 74 75 80 76  4  3  8  1  2  7  6  5 14 13 16  9 12 11 10 15 21 18 23 22 19 24 17 20 30 32 26 25 28 29 31 27 38 35 37 34 39 36 40 33
 20 17 23 24 21 22 18 19 28 30 27 32 31 25 29 26 36 37 40 34 39 35 33 38 48 46 45 41 42 47 44 43 55 49 54 53 50 51 56 52 60 59 64 57 58 63 62 61 70 69 72 65 68 67 66 71 77 74 79 78 75 80 73 76  6  8  2  1  4  5  7  3 14 11 13 10 15 12 16  9
 52 49 55 56 53 54 50 51 60 62 59 64 63 57 61 58 68 69 72 66 71 67 65 70 80 78 77 73 74 79 76 75  7  1  6  5  2  3  8  4 12 11 16  9 10 15 14 13 22 21 24 17 20 19 18 23 29 26 31 30 27 32 25 28 38 40 34 33 36 37 39 35 46 43 45 42 47 44 48 41
 60 57 63 64 61 62 58 59 68 70 67 72 71 65 69 66 76 77 80 74 79 75 73 78  8  6  5  1  2  7  4  3 15  9 14 13 10 11 16 12 20 19 24 17 18 23 22 21 30 29 32 25 28 27 26 31 37 34 39 38 35 40 33 36 46 48 42 41 44 45 47 43 54 51 53 50 55 52 56 49
  4  1  7  8  5  6  2  3 12 14 11 16 15  9 13 10 20 21 24 18 23 19 17 22 32 30 29 25 26 31 28 27 39 33 38 37 34 35 40 36 44 43 48 41 42 47 46 45 54 53 56 49 52 51 50 55 61 58 63 62 59 64 57 60 70 72 66 65 68 69 71 67 78 75 77 74 79 76 80 73
 12  9 15 16 13 14 10 11 20 22 19 24 23 17 21 18 28 29 32 26 31 27 25 30 40 38 37 33 34 39 36 35 47 41 46 45 42 43 48 44 52 51 56 49 50 55 54 53 62 61 64 57 60 59 58 63 69 66 71 70 67 72 65 68 78 80 74 73 76 77 79 75  6  3  5  2  7  4  8  1
 76 73 79 80 77 78 74 75  4  6  3  8  7  1  5  2 12 13 16 10 15 11  9 14 24 22 21 17 18 23 20 19 31 25 30 29 26 27 32 28 36 35 40 33 34 39 38 37 46 45 48 41 44 43 42 47 53 50 55 54 51 56 49 52 62 64 58 57 60 61 63 59 70 67 69 66 71 68 72 65
 28 25 31 32 29 30 26 27 36 38 35 40 39 33 37 34 44 45 48 42 47 43 41 46 56 54 53 49 50 55 52 51 63 57 62 61 58 59 64 60 68 67 72 65 66 71 70 69 78 77 80 73 76 75 74 79  5  2  7  6  3  8  1  4 14 16 10  9 12 13 15 11 22 19 21 18 23 20 24 17
 36 33 39 40 37 38 34 35 44 46 43 48 47 41 45 42 52 53 56 50 55 51 49 54 64 62 61 57 58 63 60 59 71 65 70 69 66 67 72 68 76 75 80 73 74 79 78 77  6  5  8  1  4  3  2  7 13 10 15 14 11 16  9 12 22 24 18 17 20 21 23 19 30 27 29 26 31 28 32 25
 53 50 56 49 54 55 51 52 61 63 60 57 64 58 62 59 69 70 65 67 72 68 66 71 73 79 78 74 75 80 77 76  8  2  7  6  3  4  1  5 13 12  9 10 11 16 15 14 23 22 17 18 21 20 19 24 30 27 32 31 28 25 26 29 39 33 35 34 37 38 40 36 47 44 46 43 48 45 41 42
 69 66 72 65 70 71 67 68 77 79 76 73 80 74 78 75  5  6  1  3  8  4  2  7  9 15 14 10 11 16 13 12 24 18 23 22 19 20 17 21 29 28 25 26 27 32 31 30 39 38 33 34 37 36 35 40 46 43 48 47 44 41 42 45 55 49 51 50 53 54 56 52 63 60 62 59 64 61 57 58
 21 18 24 17 22 23 19 20 29 31 28 25 32 26 30 27 37 38 33 35 40 36 34 39 41 47 46 42 43 48 45 44 56 50 55 54 51 52 49 53 61 60 57 58 59 64 63 62 71 70 65 66 69 68 67 72 78 75 80 79 76 73 74 77  7  1  3  2  5  6  8  4 15 12 14 11 16 13  9 10
 13 10 16  9 14 15 11 12 21 23 20 17 24 18 22 19 29 30 25 27 32 28 26 31 33 39 38 34 35 40 37 36 48 42 47 46 43 44 41 45 53 52 49 50 51 56 55 54 63 62 57 58 61 60 59 64 70 67 72 71 68 65 66 69 79 73 75 74 77 78 80 76  7  4  6  3  8  5  1  2
 37 34 40 33 38 39 35 36 45 47 44 41 48 42 46 43 53 54 49 51 56 52 50 55 57 63 62 58 59 64 61 60 72 66 71 70 67 68 65 69 77 76 73 74 75 80 79 78  7  6  1  2  5  4  3  8 14 11 16 15 12  9 10 13 23 17 19 18 21 22 24 20 31 28 30 27 32 29 25 26
 77 74 80 73 78 79 75 76  5  7  4  1  8  2  6  3 13 14  9 11 16 12 10 15 17 23 22 18 19 24 21 20 32 26 31 30 27 28 25 29 37 36 33 34 35 40 39 38 47 46 41 42 45 44 43 48 54 51 56 55 52 49 50 53 63 57 59 58 61 62 64 60 71 68 70 67 72 69 65 66
  5  2  8  1  6  7  3  4 13 15 12  9 16 10 14 11 21 22 17 19 24 20 18 23 25 31 30 26 27 32 29 28 40 34 39 38 35 36 33 37 45 44 41 42 43 48 47 46 55 54 49 50 53 52 51 56 62 59 64 63 60 57 58 61 71 65 67 66 69 70 72 68 79 76 78 75 80 77 73 74
 61 58 64 57 62 63 59 60 69 71 68 65 72 66 70 67 77 78 73 75 80 76 74 79  1  7  6  2  3  8  5  4 16 10 15 14 11 12  9 13 21 20 17 18 19 24 23 22 31 30 25 26 29 28 27 32 38 35 40 39 36 33 34 37 47 41 43 42 45 46 48 44 55 52 54 51 56 53 49 50
 45 42 48 41 46 47 43 44 53 55 52 49 56 50 54 51 61 62 57 59 64 60 58 63 65 71 70 66 67 72 69 68 80 74 79 78 75 76 73 77  5  4  1  2  3  8  7  6 15 14  9 10 13 12 11 16 22 19 24 23 20 17 18 21 31 25 27 26 29 30 32 28 39 36 38 35 40 37 33 34
 29 26 32 25 30 31 27 28 37 39 36 33 40 34 38 35 45 46 41 43 48 44 42 47 49 55 54 50 51 56 53 52 64 58 63 62 59 60 57 61 69 68 65 66 67 72 71 70 79 78 73 74 77 76 75 80  6  3  8  7  4  1  2  5 15  9 11 10 13 14 16 12 23 20 22 19 24 21 17 18
 14 11  9 10 15 16 12 13 22 24 21 18 17 19 23 20 30 31 26 28 25 29 27 32 34 40 39 35 36 33 38 37 41 43 48 47 44 45 42 46 54 53 50 51 52 49 56 55 64 63 58 59 62 61 60 57 71 68 65 72 69 66 67 70 80 74 76 75 78 79 73 77  8  5  7  4  1  6  2  3
  6  3  1  2  7  8  4  5 14 16 13 10  9 11 15 12 22 23 18 20 17 21 19 24 26 32 31 27 28 25 30 29 33 35 40 39 36 37 34 38 46 45 42 43 44 41 48 47 56 55 50 51 54 53 52 49 63 60 57 64 61 58 59 62 72 66 68 67 70 71 65 69 80 77 79 76 73 78 74 75
 46 43 41 42 47 48 44 45 54 56 53 50 49 51 55 52 62 63 58 60 57 61 59 64 66 72 71 67 68 65 70 69 73 75 80 79 76 77 74 78  6  5  2  3  4  1  8  7 16 15 10 11 14 13 12  9 23 20 17 24 21 18 19 22 32 26 28 27 30 31 25 29 40 37 39 36 33 38 34 35
 38 35 33 34 39 40 36 37 46 48 45 42 41 43 47 44 54 55 50 52 49 53 51 56 58 64 63 59 60 57 62 61 65 67 72 71 68 69 66 70 78 77 74 75 76 73 80 79  8  7  2  3  6  5  4  1 15 12  9 16 13 10 11 14 24 18 20 19 22 23 17 21 32 29 31 28 25 30 26 27
 62 59 57 58 63 64 60 61 70 72 69 66 65 67 71 68 78 79 74 76 73 77 75 80  2  8  7  3  4  1  6  5  9 11 16 15 12 13 10 14 22 21 18 19 20 17 24 23 32 31 26 27 30 29 28 25 39 36 33 40 37 34 35 38 48 42 44 43 46 47 41 45 56 53 55 52 49 54 50 51
 22 19 17 18 23 24 20 21 30 32 29 26 25 27 31 28 38 39 34 36 33 37 35 40 42 48 47 43 44 41 46 45 49 51 56 55 52 53 50 54 62 61 58 59 60 57 64 63 72 71 66 67 70 69 68 65 79 76 73 80 77 74 75 78  8  2  4  3  6  7  1  5 16 13 15 12  9 14 10 11
 70 67 65 66 71 72 68 69 78 80 77 74 73 75 79 76  6  7  2  4  1  5  3  8 10 16 15 11 12  9 14 13 17 19 24 23 20 21 18 22 30 29 26 27 28 25 32 31 40 39 34 35 38 37 36 33 47 44 41 48 45 42 43 46 56 50 52 51 54 55 49 53 64 61 63 60 57 62 58 59
 30 27 25 26 31 32 28 29 38 40 37 34 33 35 39 36 46 47 42 44 41 45 43 48 50 56 55 51 52 49 54 53 57 59 64 63 60 61 58 62 70 69 66 67 68 65 72 71 80 79 74 75 78 77 76 73  7  4  1  8  5  2  3  6 16 10 12 11 14 15  9 13 24 21 23 20 17 22 18 19
 54 51 49 50 55 56 52 53 62 64 61 58 57 59 63 60 70 71 66 68 65 69 67 72 74 80 79 75 76 73 78 77  1  3  8  7  4  5  2  6 14 13 10 11 12  9 16 15 24 23 18 19 22 21 20 17 31 28 25 32 29 26 27 30 40 34 36 35 38 39 33 37 48 45 47 44 41 46 42 43
 78 75 73 74 79 80 76 77  6  8  5  2  1  3  7  4 14 15 10 12  9 13 11 16 18 24 23 19 20 17 22 21 25 27 32 31 28 29 26 30 38 37 34 35 36 33 40 39 48 47 42 43 46 45 44 41 55 52 49 56 53 50 51 54 64 58 60 59 62 63 57 61 72 69 71 68 65 70 66 67
