 13  9 12  5  2  7 14  4 16 17  8 10 15 11 18  6  3  1
  6 18  5  4 15 16 13  9 10 12 17  8  2  7 11  1 14  3
  7 10 14  1 11 12 15  3  4  9  5 17 13  2 16  8  6 18
 11  7 13 16  4  1  6 15  3 10 18  9 12 14 17  2  8  5
  3  1  9 14  5 13 12  8 15  4  2 18 17  6  7 11 10 16
 18  6  7 11 14 17 16  5 12  8  4  1 10 13  3 15  2  9
  8 11 16 18  7  4  5 14  6  1 15  2  3 10 13 17  9 12
 12  4 18  3  8  2 11 13  5 14 16 15  9  1  6  7 17 10
  4 13  3  8 18  5  2 12  1 15 10 16  6 17 14  9  7 11
  9  3  4 15 12 18  8  2 17 11  6  5  1 16 10 14 13  7
 16  2 17 13  3 15  4 11  8 18 12  7 14  9  1 10  5  6
 17 14  2  7 13  3  9 10 11  6  1 12  8 15  5 16 18  4
  1  8 10 17  9 14  3  6 13  2 11  4  7  5 12 18 16 15
 10 12  6  9  1  8 18 16  2  7 14 11  5  3 15 13  4 17
 15 16  1 10 17  6  7 18 14  5  3 13  4  8  9 12 11  2
  2 17  8 12  6 10  1  7  9 16 13  3 11 18  4  5 15 14
 14  5 15  2 16 11 10 17  7  3  9  6 18 12  8  4  1 13
  5 15 11  6 10  9 17  1 18 13  7 14 16  4  2  3 12  8
