 15  1  3  7 16  2 11  8  6 13  5 10  4  9 14 12
  6 16  9 15  4  5 10 13 11  8  1  7 14 12  3  2
 10  7  6 16 12 14  3  4  2  1 13  8 15  5  9 11
 14 12  1 11  6  8 16  7 10  3 15  9 13  2  5  4
 11 13 14 10  7  3  2  5  4  9  6 12  8  1 15 16
  8  2 12 13  1 11 15  9 16  5  4 14 10  3  7  6
  5  9  2  4 15 10 14  1  7 12 11  3  6 16 13  8
  3  4  8  5 13  9  6 12 14 15 16  2  7 11 10  1
  9 11 13  8 10 16  4 15  1 14  3  5  2  6 12  7
  7 15 11  6  3 13  9 10  8  4  2 16 12 14  1  5
  2  3  7 12  5 15  8 16 13 10 14  6  1  4 11  9
 16  6  4  3  8 12  5 14  9  7 10  1 11 13  2 15
 13 10 15  1 11  6 12  3  5  2  9  4 16  7  8 14
 12  5 16  2 14  7  1 11  3  6  8 15  9 10  4 13
  1 14 10  9  2  4  7  6 15 11 12 13  5  8 16  3
  4  8  5 14  9  1 13  2 12 16  7 11  3 15  6 10
