 10  8  1  4 12 11  2 14  5 13  3  7  9  6 16 15
 12  6  7 16  4  5  8 10  1  9 13 15  3  2 14 11
  3 11  6  2 15  1  5 16  4  7  8  9 13 14 10 12
 13  4  8 15 16  3  1 12 11  2 10 14  7  5  9  6
  5  2  3 14 13  9  4  7 16 10  6 12 15 11  1  8
  1  7 12 10  8  6 13  9 14 15  5 11 16  4  3  2
  9 16  5 13 14 10 15 11  3  6  1  2  8 12  7  4
 14 15 11  9  7  2  3  6 12  8 16  4  1 10 13  5
 16 13  4  8  6 15  7  1  9 14 12  5 11  3  2 10
  6 12 10 11  1  8 14 15  2  3  9 13  4  7  5 16
  7  1  9 12 10  4  6  3 15 11  2 16  5 13  8 14
  4 14  2  7  3 16 12  8 13  5 15 10  6  9 11  1
  8  9 13  1 11  7 16  5 10 12 14  6  2 15  4  3
 15 10 16  6  5 13 11  2  7  1  4  3 14  8 12  9
  2  5 15  3  9 14 10 13  8  4 11  1 12 16  6  7
 11  3 14  5  2 12  9  4  6 16  7  8 10  1 15 13
