  5 12  8 14 11  3 16  2 10  9  6 15  1  7 13  4
  2  6  4 16  8 10  3 12  1 15  7  9  5 13 14 11
  4 13 10 12  7  1 11  8 16  6  5  3  9 14 15  2
  9 10  6 13 16 14  5  4  8 12  2 11  3 15  7  1
  8 16  3  2 12 13 10 15 11  7  1 14  6  4  9  5
 11 14  9  1  2 15  7 13  3  5 16  4  8 10  6 12
  3  7  5 15  4  6  1  9 13 14  8 12 11  2 10 16
 15  1  7 11  5  9 14  6  2  4 13 10 12 16  8  3
 12  9  2 10  3  7  6  1  5 13 14  8  4 11 16 15
  6 11 12  5 15  2  4 10  7 16  3 13 14  8  1  9
 14 15  1  6  9  4  2 16 12 10 11  7 13  3  5  8
  1  2 14  9  6 12  8 11 15  3 10 16  7  5  4 13
 13  4 15  3 14  8 12  7  6 11  9  5 16  1  2 10
 10  5 13  4  1 16  9  3 14  8 12  2 15  6 11  7
  7  3 16  8 10 11 13  5  4  1 15  6  2  9 12 14
 16  8 11  7 13  5 15 14  9  2  4  1 10 12  3  6
