  4 15  3  8 14  7 13 11 10  5  1  2 12  6  9 16
  2  8  5 13  3  4 15  1  7 11 14 10  9 16 12  6
 12 13 10  2  9  5  3  6 14  1  7 16 15 11  8  4
  6 16  9  4  8  2 14 10 13  3 11 12  1  7 15  5
  9  1 12  7 15 11  4  5  2 16  3  6 14  8 13 10
 14  3 16 15 10 13  9  7  6 12  5  8  2  4  1 11
  5 11  6 14 12  1  8 16 15  4 13  9  3 10  7  2
 10  7  1 11  6 16  2 12  9  8 15  4 13  5 14  3
 11  4 15 10  7  8 12 14  3 13  2  5  6  1 16  9
  7 12 13 16  4  3 10  8  1 15  6 11  5  9  2 14
  3  2 11 12 16  9  6 13  8 10  4 15  7 14  5  1
 13  6  7  3  1 15 16  9  5  2 10 14 11 12  4  8
  8  9 14  5 13 10 11  3 16  7 12  1  4  2  6 15
 15 10  2  9  5 14  1  4 12  6 16  3  8 13 11  7
 16  5  8  1 11  6  7  2  4 14  9 13 10 15  3 12
  1 14  4  6  2 12  5 15 11  9  8  7 16  3 10 13
