  6  3  1  4  2  8  7  9  5 17 12 13 18 14 16 10 11 15 24 22 27 23 21 20 19 26 25 34 29 33 32 31 35 36 30 28 42 45 44 37 38 41 39 43 40 47 48 46 49 53 50 52 54 51
 42 39 37 40 38 44 43 45 41 53 48 49 54 50 52 46 47 51  6  4  9  5  3  2  1  8  7 16 11 15 14 13 17 18 12 10 24 27 26 19 20 23 21 25 22 29 30 28 31 35 32 34 36 33
 33 30 28 31 29 35 34 36 32 44 39 40 45 41 43 37 38 42 51 49 54 50 48 47 46 53 52  7  2  6  5  4  8  9  3  1 15 18 17 10 11 14 12 16 13 20 21 19 22 26 23 25 27 24
 15 12 10 13 11 17 16 18 14 26 21 22 27 23 25 19 20 24 33 31 36 32 30 29 28 35 34 43 38 42 41 40 44 45 39 37 51 54 53 46 47 50 48 52 49  2  3  1  4  8  5  7  9  6
 51 48 46 49 47 53 52 54 50  8  3  4  9  5  7  1  2  6 15 13 18 14 12 11 10 17 16 25 20 24 23 22 26 27 21 19 33 36 35 28 29 32 30 34 31 38 39 37 40 44 41 43 45 42
 24 21 19 22 20 26 25 27 23 35 30 31 36 32 34 28 29 33 42 40 45 41 39 38 37 44 43 52 47 51 50 49 53 54 48 46  6  9  8  1  2  5  3  7  4 11 12 10 13 17 14 16 18 15
 16 13 11 14 12 18 17 10 15 27 22 23 19 24 26 20 21 25 34 32 28 33 31 30 29 36 35 44 39 43 42 41 45 37 40 38 52 46 54 47 48 51 49 53 50  3  4  2  5  9  6  8  1  7
 25 22 20 23 21 27 26 19 24 36 31 32 28 33 35 29 30 34 43 41 37 42 40 39 38 45 44 53 48 52 51 50 54 46 49 47  7  1  9  2  3  6  4  8  5 12 13 11 14 18 15 17 10 16
 43 40 38 41 39 45 44 37 42 54 49 50 46 51 53 47 48 52  7  5  1  6  4  3  2  9  8 17 12 16 15 14 18 10 13 11 25 19 27 20 21 24 22 26 23 30 31 29 32 36 33 35 28 34
 34 31 29 32 30 36 35 28 33 45 40 41 37 42 44 38 39 43 52 50 46 51 49 48 47 54 53  8  3  7  6  5  9  1  4  2 16 10 18 11 12 15 13 17 14 21 22 20 23 27 24 26 19 25
 52 49 47 50 48 54 53 46 51  9  4  5  1  6  8  2  3  7 16 14 10 15 13 12 11 18 17 26 21 25 24 23 27 19 22 20 34 28 36 29 30 33 31 35 32 39 40 38 41 45 42 44 37 43
  7  4  2  5  3  9  8  1  6 18 13 14 10 15 17 11 12 16 25 23 19 24 22 21 20 27 26 35 30 34 33 32 36 28 31 29 43 37 45 38 39 42 40 44 41 48 49 47 50 54 51 53 46 52
  8  5  3  6  4  1  9  2  7 10 14 15 11 16 18 12 13 17 26 24 20 25 23 22 21 19 27 36 31 35 34 33 28 29 32 30 44 38 37 39 40 43 41 45 42 49 50 48 51 46 52 54 47 53
 44 41 39 42 40 37 45 38 43 46 50 51 47 52 54 48 49 53  8  6  2  7  5  4  3  1  9 18 13 17 16 15 10 11 14 12 26 20 19 21 22 25 23 27 24 31 32 30 33 28 34 36 29 35
 35 32 30 33 31 28 36 29 34 37 41 42 38 43 45 39 40 44 53 51 47 52 50 49 48 46 54  9  4  8  7  6  1  2  5  3 17 11 10 12 13 16 14 18 15 22 23 21 24 19 25 27 20 26
 26 23 21 24 22 19 27 20 25 28 32 33 29 34 36 30 31 35 44 42 38 43 41 40 39 37 45 54 49 53 52 51 46 47 50 48  8  2  1  3  4  7  5  9  6 13 14 12 15 10 16 18 11 17
 53 50 48 51 49 46 54 47 52  1  5  6  2  7  9  3  4  8 17 15 11 16 14 13 12 10 18 27 22 26 25 24 19 20 23 21 35 29 28 30 31 34 32 36 33 40 41 39 42 37 43 45 38 44
 17 14 12 15 13 10 18 11 16 19 23 24 20 25 27 21 22 26 35 33 29 34 32 31 30 28 36 45 40 44 43 42 37 38 41 39 53 47 46 48 49 52 50 54 51  4  5  3  6  1  7  9  2  8
  9  6  4  7  5  2  1  3  8 11 15 16 12 17 10 13 14 18 27 25 21 26 24 23 22 20 19 28 32 36 35 34 29 30 33 31 45 39 38 40 41 44 42 37 43 50 51 49 52 47 53 46 48 54
 27 24 22 25 23 20 19 21 26 29 33 34 30 35 28 31 32 36 45 43 39 44 42 41 40 38 37 46 50 54 53 52 47 48 51 49  9  3  2  4  5  8  6  1  7 14 15 13 16 11 17 10 12 18
 18 15 13 16 14 11 10 12 17 20 24 25 21 26 19 22 23 27 36 34 30 35 33 32 31 29 28 37 41 45 44 43 38 39 42 40 54 48 47 49 50 53 51 46 52  5  6  4  7  2  8  1  3  9
 54 51 49 52 50 47 46 48 53  2  6  7  3  8  1  4  5  9 18 16 12 17 15 14 13 11 10 19 23 27 26 25 20 21 24 22 36 30 29 31 32 35 33 28 34 41 42 40 43 38 44 37 39 45
 45 42 40 43 41 38 37 39 44 47 51 52 48 53 46 49 50 54  9  7  3  8  6  5  4  2  1 10 14 18 17 16 11 12 15 13 27 21 20 22 23 26 24 19 25 32 33 31 34 29 35 28 30 36
 36 33 31 34 32 29 28 30 35 38 42 43 39 44 37 40 41 45 54 52 48 53 51 50 49 47 46  1  5  9  8  7  2  3  6  4 18 12 11 13 14 17 15 10 16 23 24 22 25 20 26 19 21 27
 19 25 23 26 24 21 20 22 27 30 34 35 31 36 29 32 33 28 37 44 40 45 43 42 41 39 38 47 51 46 54 53 48 49 52 50  1  4  3  5  6  9  7  2  8 15 16 14 17 12 18 11 13 10
 37 43 41 44 42 39 38 40 45 48 52 53 49 54 47 50 51 46  1  8  4  9  7  6  5  3  2 11 15 10 18 17 12 13 16 14 19 22 21 23 24 27 25 20 26 33 34 32 35 30 36 29 31 28
 10 16 14 17 15 12 11 13 18 21 25 26 22 27 20 23 24 19 28 35 31 36 34 33 32 30 29 38 42 37 45 44 39 40 43 41 46 49 48 50 51 54 52 47 53  6  7  5  8  3  9  2  4  1
 46 52 50 53 51 48 47 49 54  3  7  8  4  9  2  5  6  1 10 17 13 18 16 15 14 12 11 20 24 19 27 26 21 22 25 23 28 31 30 32 33 36 34 29 35 42 43 41 44 39 45 38 40 37
 28 34 32 35 33 30 29 31 36 39 43 44 40 45 38 41 42 37 46 53 49 54 52 51 50 48 47  2  6  1  9  8  3  4  7  5 10 13 12 14 15 18 16 11 17 24 25 23 26 21 27 20 22 19
  1  7  5  8  6  3  2  4  9 12 16 17 13 18 11 14 15 10 19 26 22 27 25 24 23 21 20 29 33 28 36 35 30 31 34 32 37 40 39 41 42 45 43 38 44 51 52 50 53 48 54 47 49 46
 29 35 33 36 34 31 30 32 28 40 44 45 41 37 39 42 43 38 47 54 50 46 53 52 51 49 48  3  7  2  1  9  4  5  8  6 11 14 13 15 16 10 17 12 18 25 26 24 27 22 19 21 23 20
 20 26 24 27 25 22 21 23 19 31 35 36 32 28 30 33 34 29 38 45 41 37 44 43 42 40 39 48 52 47 46 54 49 50 53 51  2  5  4  6  7  1  8  3  9 16 17 15 18 13 10 12 14 11
 11 17 15 18 16 13 12 14 10 22 26 27 23 19 21 24 25 20 29 36 32 28 35 34 33 31 30 39 43 38 37 45 40 41 44 42 47 50 49 51 52 46 53 48 54  7  8  6  9  4  1  3  5  2
  2  8  6  9  7  4  3  5  1 13 17 18 14 10 12 15 16 11 20 27 23 19 26 25 24 22 21 30 34 29 28 36 31 32 35 33 38 41 40 42 43 37 44 39 45 52 53 51 54 49 46 48 50 47
 38 44 42 45 43 40 39 41 37 49 53 54 50 46 48 51 52 47  2  9  5  1  8  7  6  4  3 12 16 11 10 18 13 14 17 15 20 23 22 24 25 19 26 21 27 34 35 33 36 31 28 30 32 29
 47 53 51 54 52 49 48 50 46  4  8  9  5  1  3  6  7  2 11 18 14 10 17 16 15 13 12 21 25 20 19 27 22 23 26 24 29 32 31 33 34 28 35 30 36 43 44 42 45 40 37 39 41 38
 21 27 25 19 26 23 22 24 20 32 36 28 33 29 31 34 35 30 39 37 42 38 45 44 43 41 40 49 53 48 47 46 50 51 54 52  3  6  5  7  8  2  9  4  1 17 18 16 10 14 11 13 15 12
 39 45 43 37 44 41 40 42 38 50 54 46 51 47 49 52 53 48  3  1  6  2  9  8  7  5  4 13 17 12 11 10 14 15 18 16 21 24 23 25 26 20 27 22 19 35 36 34 28 32 29 31 33 30
 48 54 52 46 53 50 49 51 47  5  9  1  6  2  4  7  8  3 12 10 15 11 18 17 16 14 13 22 26 21 20 19 23 24 27 25 30 33 32 34 35 29 36 31 28 44 45 43 37 41 38 40 42 39
  3  9  7  1  8  5  4  6  2 14 18 10 15 11 13 16 17 12 21 19 24 20 27 26 25 23 22 31 35 30 29 28 32 33 36 34 39 42 41 43 44 38 45 40 37 53 54 52 46 50 47 49 51 48
 30 36 34 28 35 32 31 33 29 41 45 37 42 38 40 43 44 39 48 46 51 47 54 53 52 50 49  4  8  3  2  1  5  6  9  7 12 15 14 16 17 11 18 13 10 26 27 25 19 23 20 22 24 21
 12 18 16 10 17 14 13 15 11 23 27 19 24 20 22 25 26 21 30 28 33 29 36 35 34 32 31 40 44 39 38 37 41 42 45 43 48 51 50 52 53 47 54 49 46  8  9  7  1  5  2  4  6  3
 13 10 17 11 18 15 14 16 12 24 19 20 25 21 23 26 27 22 31 29 34 30 28 36 35 33 32 41 45 40 39 38 42 43 37 44 49 52 51 53 54 48 46 50 47  9  1  8  2  6  3  5  7  4
 31 28 35 29 36 33 32 34 30 42 37 38 43 39 41 44 45 40 49 47 52 48 46 54 53 51 50  5  9  4  3  2  6  7  1  8 13 16 15 17 18 12 10 14 11 27 19 26 20 24 21 23 25 22
  4  1  8  2  9  6  5  7  3 15 10 11 16 12 14 17 18 13 22 20 25 21 19 27 26 24 23 32 36 31 30 29 33 34 28 35 40 43 42 44 45 39 37 41 38 54 46 53 47 51 48 50 52 49
 22 19 26 20 27 24 23 25 21 33 28 29 34 30 32 35 36 31 40 38 43 39 37 45 44 42 41 50 54 49 48 47 51 52 46 53  4  7  6  8  9  3  1  5  2 18 10 17 11 15 12 14 16 13
 40 37 44 38 45 42 41 43 39 51 46 47 52 48 50 53 54 49  4  2  7  3  1  9  8  6  5 14 18 13 12 11 15 16 10 17 22 25 24 26 27 21 19 23 20 36 28 35 29 33 30 32 34 31
 49 46 53 47 54 51 50 52 48  6  1  2  7  3  5  8  9  4 13 11 16 12 10 18 17 15 14 23 27 22 21 20 24 25 19 26 31 34 33 35 36 30 28 32 29 45 37 44 38 42 39 41 43 40
 14 11 18 12 10 16 15 17 13 25 20 21 26 22 24 27 19 23 32 30 35 31 29 28 36 34 33 42 37 41 40 39 43 44 38 45 50 53 52 54 46 49 47 51 48  1  2  9  3  7  4  6  8  5
  5  2  9  3  1  7  6  8  4 16 11 12 17 13 15 18 10 14 23 21 26 22 20 19 27 25 24 33 28 32 31 30 34 35 29 36 41 44 43 45 37 40 38 42 39 46 47 54 48 52 49 51 53 50
 41 38 45 39 37 43 42 44 40 52 47 48 53 49 51 54 46 50  5  3  8  4  2  1  9  7  6 15 10 14 13 12 16 17 11 18 23 26 25 27 19 22 20 24 21 28 29 36 30 34 31 33 35 32
 50 47 54 48 46 52 51 53 49  7  2  3  8  4  6  9  1  5 14 12 17 13 11 10 18 16 15 24 19 23 22 21 25 26 20 27 32 35 34 36 28 31 29 33 30 37 38 45 39 43 40 42 44 41
 23 20 27 21 19 25 24 26 22 34 29 30 35 31 33 36 28 32 41 39 44 40 38 37 45 43 42 51 46 50 49 48 52 53 47 54  5  8  7  9  1  4  2  6  3 10 11 18 12 16 13 15 17 14
 32 29 36 30 28 34 33 35 31 43 38 39 44 40 42 45 37 41 50 48 53 49 47 46 54 52 51  6  1  5  4  3  7  8  2  9 14 17 16 18 10 13 11 15 12 19 20 27 21 25 22 24 26 23
