 10 18 13 12 16 11 14 15 17 26 25 27 24 22 20 23 19 21 36 28 35 33 34 30 29 32 31 40 42 45 41 44 38 37 39 43 51 50 54 52 46 48 49 47 53  8  6  5  3  4  7  1  9  2
 46 54 49 48 52 47 50 51 53  8  7  9  6  4  2  5  1  3 18 10 17 15 16 12 11 14 13 22 24 27 23 26 20 19 21 25 33 32 36 34 28 30 31 29 35 44 42 41 39 40 43 37 45 38
  1  9  4  3  7  2  5  6  8 17 16 18 15 13 11 14 10 12 27 19 26 24 25 21 20 23 22 31 33 36 32 35 29 28 30 34 42 41 45 43 37 39 40 38 44 53 51 50 48 49 52 46 54 47
 19 27 22 21 25 20 23 24 26 35 34 36 33 31 29 32 28 30 45 37 44 42 43 39 38 41 40 49 51 54 50 53 47 46 48 52  6  5  9  7  1  3  4  2  8 17 15 14 12 13 16 10 18 11
 37 45 40 39 43 38 41 42 44 53 52 54 51 49 47 50 46 48  9  1  8  6  7  3  2  5  4 13 15 18 14 17 11 10 12 16 24 23 27 25 19 21 22 20 26 35 33 32 30 31 34 28 36 29
 28 36 31 30 34 29 32 33 35 44 43 45 42 40 38 41 37 39 54 46 53 51 52 48 47 50 49  4  6  9  5  8  2  1  3  7 15 14 18 16 10 12 13 11 17 26 24 23 21 22 25 19 27 20
 20 19 23 22 26 21 24 25 27 36 35 28 34 32 30 33 29 31 37 38 45 43 44 40 39 42 41 50 52 46 51 54 48 47 49 53  7  6  1  8  2  4  5  3  9 18 16 15 13 14 17 11 10 12
 11 10 14 13 17 12 15 16 18 27 26 19 25 23 21 24 20 22 28 29 36 34 35 31 30 33 32 41 43 37 42 45 39 38 40 44 52 51 46 53 47 49 50 48 54  9  7  6  4  5  8  2  1  3
 29 28 32 31 35 30 33 34 36 45 44 37 43 41 39 42 38 40 46 47 54 52 53 49 48 51 50  5  7  1  6  9  3  2  4  8 16 15 10 17 11 13 14 12 18 27 25 24 22 23 26 20 19 21
 47 46 50 49 53 48 51 52 54  9  8  1  7  5  3  6  2  4 10 11 18 16 17 13 12 15 14 23 25 19 24 27 21 20 22 26 34 33 28 35 29 31 32 30 36 45 43 42 40 41 44 38 37 39
 38 37 41 40 44 39 42 43 45 54 53 46 52 50 48 51 47 49  1  2  9  7  8  4  3  6  5 14 16 10 15 18 12 11 13 17 25 24 19 26 20 22 23 21 27 36 34 33 31 32 35 29 28 30
  2  1  5  4  8  3  6  7  9 18 17 10 16 14 12 15 11 13 19 20 27 25 26 22 21 24 23 32 34 28 33 36 30 29 31 35 43 42 37 44 38 40 41 39 45 54 52 51 49 50 53 47 46 48
 12 11 15 14 18 13 16 17 10 19 27 20 26 24 22 25 21 23 29 30 28 35 36 32 31 34 33 42 44 38 43 37 40 39 41 45 53 52 47 54 48 50 51 49 46  1  8  7  5  6  9  3  2  4
 21 20 24 23 27 22 25 26 19 28 36 29 35 33 31 34 30 32 38 39 37 44 45 41 40 43 42 51 53 47 52 46 49 48 50 54  8  7  2  9  3  5  6  4  1 10 17 16 14 15 18 12 11 13
 30 29 33 32 36 31 34 35 28 37 45 38 44 42 40 43 39 41 47 48 46 53 54 50 49 52 51  6  8  2  7  1  4  3  5  9 17 16 11 18 12 14 15 13 10 19 26 25 23 24 27 21 20 22
 48 47 51 50 54 49 52 53 46  1  9  2  8  6  4  7  3  5 11 12 10 17 18 14 13 16 15 24 26 20 25 19 22 21 23 27 35 34 29 36 30 32 33 31 28 37 44 43 41 42 45 39 38 40
  3  2  6  5  9  4  7  8  1 10 18 11 17 15 13 16 12 14 20 21 19 26 27 23 22 25 24 33 35 29 34 28 31 30 32 36 44 43 38 45 39 41 42 40 37 46 53 52 50 51 54 48 47 49
 39 38 42 41 45 40 43 44 37 46 54 47 53 51 49 52 48 50  2  3  1  8  9  5  4  7  6 15 17 11 16 10 13 12 14 18 26 25 20 27 21 23 24 22 19 28 35 34 32 33 36 30 29 31
 13 12 16 15 10 14 17 18 11 20 19 21 27 25 23 26 22 24 30 31 29 36 28 33 32 35 34 43 45 39 44 38 41 40 42 37 54 53 48 46 49 51 52 50 47  2  9  8  6  7  1  4  3  5
  4  3  7  6  1  5  8  9  2 11 10 12 18 16 14 17 13 15 21 22 20 27 19 24 23 26 25 34 36 30 35 29 32 31 33 28 45 44 39 37 40 42 43 41 38 47 54 53 51 52 46 49 48 50
 31 30 34 33 28 32 35 36 29 38 37 39 45 43 41 44 40 42 48 49 47 54 46 51 50 53 52  7  9  3  8  2  5  4  6  1 18 17 12 10 13 15 16 14 11 20 27 26 24 25 19 22 21 23
 22 21 25 24 19 23 26 27 20 29 28 30 36 34 32 35 31 33 39 40 38 45 37 42 41 44 43 52 54 48 53 47 50 49 51 46  9  8  3  1  4  6  7  5  2 11 18 17 15 16 10 13 12 14
 49 48 52 51 46 50 53 54 47  2  1  3  9  7  5  8  4  6 12 13 11 18 10 15 14 17 16 25 27 21 26 20 23 22 24 19 36 35 30 28 31 33 34 32 29 38 45 44 42 43 37 40 39 41
 40 39 43 42 37 41 44 45 38 47 46 48 54 52 50 53 49 51  3  4  2  9  1  6  5  8  7 16 18 12 17 11 14 13 15 10 27 26 21 19 22 24 25 23 20 29 36 35 33 34 28 31 30 32
 50 49 53 52 47 51 54 46 48  3  2  4  1  8  6  9  5  7 13 14 12 10 11 16 15 18 17 26 19 22 27 21 24 23 25 20 28 36 31 29 32 34 35 33 30 39 37 45 43 44 38 41 40 42
 14 13 17 16 11 15 18 10 12 21 20 22 19 26 24 27 23 25 31 32 30 28 29 34 33 36 35 44 37 40 45 39 42 41 43 38 46 54 49 47 50 52 53 51 48  3  1  9  7  8  2  5  4  6
  5  4  8  7  2  6  9  1  3 12 11 13 10 17 15 18 14 16 22 23 21 19 20 25 24 27 26 35 28 31 36 30 33 32 34 29 37 45 40 38 41 43 44 42 39 48 46 54 52 53 47 50 49 51
 41 40 44 43 38 42 45 37 39 48 47 49 46 53 51 54 50 52  4  5  3  1  2  7  6  9  8 17 10 13 18 12 15 14 16 11 19 27 22 20 23 25 26 24 21 30 28 36 34 35 29 32 31 33
 32 31 35 34 29 33 36 28 30 39 38 40 37 44 42 45 41 43 49 50 48 46 47 52 51 54 53  8  1  4  9  3  6  5  7  2 10 18 13 11 14 16 17 15 12 21 19 27 25 26 20 23 22 24
 23 22 26 25 20 24 27 19 21 30 29 31 28 35 33 36 32 34 40 41 39 37 38 43 42 45 44 53 46 49 54 48 51 50 52 47  1  9  4  2  5  7  8  6  3 12 10 18 16 17 11 14 13 15
 51 50 54 53 48 52 46 47 49  4  3  5  2  9  7  1  6  8 14 15 13 11 12 17 16 10 18 27 20 23 19 22 25 24 26 21 29 28 32 30 33 35 36 34 31 40 38 37 44 45 39 42 41 43
  6  5  9  8  3  7  1  2  4 13 12 14 11 18 16 10 15 17 23 24 22 20 21 26 25 19 27 36 29 32 28 31 34 33 35 30 38 37 41 39 42 44 45 43 40 49 47 46 53 54 48 51 50 52
 24 23 27 26 21 25 19 20 22 31 30 32 29 36 34 28 33 35 41 42 40 38 39 44 43 37 45 54 47 50 46 49 52 51 53 48  2  1  5  3  6  8  9  7  4 13 11 10 17 18 12 15 14 16
 15 14 18 17 12 16 10 11 13 22 21 23 20 27 25 19 24 26 32 33 31 29 30 35 34 28 36 45 38 41 37 40 43 42 44 39 47 46 50 48 51 53 54 52 49  4  2  1  8  9  3  6  5  7
 42 41 45 44 39 43 37 38 40 49 48 50 47 54 52 46 51 53  5  6  4  2  3  8  7  1  9 18 11 14 10 13 16 15 17 12 20 19 23 21 24 26 27 25 22 31 29 28 35 36 30 33 32 34
 33 32 36 35 30 34 28 29 31 40 39 41 38 45 43 37 42 44 50 51 49 47 48 53 52 46 54  9  2  5  1  4  7  6  8  3 11 10 14 12 15 17 18 16 13 22 20 19 26 27 21 24 23 25
 52 51 46 54 49 53 47 48 50  5  4  6  3  1  8  2  7  9 15 16 14 12 13 18 17 11 10 19 21 24 20 23 26 25 27 22 30 29 33 31 34 36 28 35 32 41 39 38 45 37 40 43 42 44
  7  6  1  9  4  8  2  3  5 14 13 15 12 10 17 11 16 18 24 25 23 21 22 27 26 20 19 28 30 33 29 32 35 34 36 31 39 38 42 40 43 45 37 44 41 50 48 47 54 46 49 52 51 53
 43 42 37 45 40 44 38 39 41 50 49 51 48 46 53 47 52 54  6  7  5  3  4  9  8  2  1 10 12 15 11 14 17 16 18 13 21 20 24 22 25 27 19 26 23 32 30 29 36 28 31 34 33 35
 25 24 19 27 22 26 20 21 23 32 31 33 30 28 35 29 34 36 42 43 41 39 40 45 44 38 37 46 48 51 47 50 53 52 54 49  3  2  6  4  7  9  1  8  5 14 12 11 18 10 13 16 15 17
 34 33 28 36 31 35 29 30 32 41 40 42 39 37 44 38 43 45 51 52 50 48 49 54 53 47 46  1  3  6  2  5  8  7  9  4 12 11 15 13 16 18 10 17 14 23 21 20 27 19 22 25 24 26
 16 15 10 18 13 17 11 12 14 23 22 24 21 19 26 20 25 27 33 34 32 30 31 36 35 29 28 37 39 42 38 41 44 43 45 40 48 47 51 49 52 54 46 53 50  5  3  2  9  1  4  7  6  8
 53 52 47 46 50 54 48 49 51  6  5  7  4  2  9  3  8  1 16 17 15 13 14 10 18 12 11 20 22 25 21 24 27 26 19 23 31 30 34 32 35 28 29 36 33 42 40 39 37 38 41 44 43 45
 26 25 20 19 23 27 21 22 24 33 32 34 31 29 36 30 35 28 43 44 42 40 41 37 45 39 38 47 49 52 48 51 54 53 46 50  4  3  7  5  8  1  2  9  6 15 13 12 10 11 14 17 16 18
 17 16 11 10 14 18 12 13 15 24 23 25 22 20 27 21 26 19 34 35 33 31 32 28 36 30 29 38 40 43 39 42 45 44 37 41 49 48 52 50 53 46 47 54 51  6  4  3  1  2  5  8  7  9
  8  7  2  1  5  9  3  4  6 15 14 16 13 11 18 12 17 10 25 26 24 22 23 19 27 21 20 29 31 34 30 33 36 35 28 32 40 39 43 41 44 37 38 45 42 51 49 48 46 47 50 53 52 54
 35 34 29 28 32 36 30 31 33 42 41 43 40 38 45 39 44 37 52 53 51 49 50 46 54 48 47  2  4  7  3  6  9  8  1  5 13 12 16 14 17 10 11 18 15 24 22 21 19 20 23 26 25 27
 44 43 38 37 41 45 39 40 42 51 50 52 49 47 54 48 53 46  7  8  6  4  5  1  9  3  2 11 13 16 12 15 18 17 10 14 22 21 25 23 26 19 20 27 24 33 31 30 28 29 32 35 34 36
 18 17 12 11 15 10 13 14 16 25 24 26 23 21 19 22 27 20 35 36 34 32 33 29 28 31 30 39 41 44 40 43 37 45 38 42 50 49 53 51 54 47 48 46 52  7  5  4  2  3  6  9  8  1
 36 35 30 29 33 28 31 32 34 43 42 44 41 39 37 40 45 38 53 54 52 50 51 47 46 49 48  3  5  8  4  7  1  9  2  6 14 13 17 15 18 11 12 10 16 25 23 22 20 21 24 27 26 19
  9  8  3  2  6  1  4  5  7 16 15 17 14 12 10 13 18 11 26 27 25 23 24 20 19 22 21 30 32 35 31 34 28 36 29 33 41 40 44 42 45 38 39 37 43 52 50 49 47 48 51 54 53 46
 27 26 21 20 24 19 22 23 25 34 33 35 32 30 28 31 36 29 44 45 43 41 42 38 37 40 39 48 50 53 49 52 46 54 47 51  5  4  8  6  9  2  3  1  7 16 14 13 11 12 15 18 17 10
 45 44 39 38 42 37 40 41 43 52 51 53 50 48 46 49 54 47  8  9  7  5  6  2  1  4  3 12 14 17 13 16 10 18 11 15 23 22 26 24 27 20 21 19 25 34 32 31 29 30 33 36 35 28
 54 53 48 47 51 46 49 50 52  7  6  8  5  3  1  4  9  2 17 18 16 14 15 11 10 13 12 21 23 26 22 25 19 27 20 24 32 31 35 33 36 29 30 28 34 43 41 40 38 39 42 45 44 37
