 11 16 13 14 12 10  9 15 17 18 22 24 21 20 23 19  2  1  6  4  8  3  7  5
  3  8  5  6  4  2  1  7  9 10 14 16 13 12 15 11 18 17 22 20 24 19 23 21
 19 24 21 22 20 18 17 23  1  2  6  8  5  4  7  3 10  9 14 12 16 11 15 13
 12  9 14 15 13 11 10 16 18 19 23 17 22 21 24 20  3  2  7  5  1  4  8  6
 20 17 22 23 21 19 18 24  2  3  7  1  6  5  8  4 11 10 15 13  9 12 16 14
  4  1  6  7  5  3  2  8 10 11 15  9 14 13 16 12 19 18 23 21 17 20 24 22
  5  2  7  8  6  4  3  1 11 12 16 10 15 14  9 13 20 19 24 22 18 21 17 23
 21 18 23 24 22 20 19 17  3  4  8  2  7  6  1  5 12 11 16 14 10 13  9 15
 13 10 15 16 14 12 11  9 19 20 24 18 23 22 17 21  4  3  8  6  2  5  1  7
 22 19 24 17 23 21 20 18  4  5  1  3  8  7  2  6 13 12  9 15 11 14 10 16
 14 11 16  9 15 13 12 10 20 21 17 19 24 23 18 22  5  4  1  7  3  6  2  8
  6  3  8  1  7  5  4  2 12 13  9 11 16 15 10 14 21 20 17 23 19 22 18 24
 23 20 17 18 24 22 21 19  5  6  2  4  1  8  3  7 14 13 10 16 12 15 11  9
 15 12  9 10 16 14 13 11 21 22 18 20 17 24 19 23  6  5  2  8  4  7  3  1
  7  4  1  2  8  6  5  3 13 14 10 12  9 16 11 15 22 21 18 24 20 23 19 17
 16 13 10 11  9 15 14 12 22 23 19 21 18 17 20 24  7  6  3  1  5  8  4  2
  8  5  2  3  1  7  6  4 14 15 11 13 10  9 12 16 23 22 19 17 21 24 20 18
 24 21 18 19 17 23 22 20  6  7  3  5  2  1  4  8 15 14 11  9 13 16 12 10
 17 22 19 20 18 24 23 21  7  8  4  6  3  2  5  1 16 15 12 10 14  9 13 11
  9 14 11 12 10 16 15 13 23 24 20 22 19 18 21 17  8  7  4  2  6  1  5  3
  1  6  3  4  2  8  7  5 15 16 12 14 11 10 13  9 24 23 20 18 22 17 21 19
  2  7  4  5  3  1  8  6 16  9 13 15 12 11 14 10 17 24 21 19 23 18 22 20
 18 23 20 21 19 17 24 22  8  1  5  7  4  3  6  2  9 16 13 11 15 10 14 12
 10 15 12 13 11  9 16 14 24 17 21 23 20 19 22 18  1  8  5  3  7  2  6  4
