 12  2 10 18  9 14 11  4  1 17  6  5 15  8  7 13  3 16
 16 17 11 13  4  3 10  9  2  7 15  8  5  6  1 14 18 12
  5 15  8  1  7  6 13  3 14 16 18 12  9 10 11 17  4  2
  4  3 17  2  1 12  8  6 16 18  9 11 14 13 10  5  7 15
 15  5  7  8 10  9  4 17  3  1 14 13 11 12  6 16  2 18
  6 11 13 16 14 18  2  7 15 12  5 10 17  9  8  3  1  4
  8 16 15  5 18  2  6 10 17  3  4  7 13 11  9  1 12 14
  7  6  1  9 11 10 15 16  8 13 12 14  3  4 18  2  5 17
 14 12  4 17  3 13  5 18 11  9  1  2 10  7 15  8 16  6
  3  9 18 15  6 11  1  5 10  4 16 17 12 14  2  7  8 13
  1 13 16  4 17  8 14 15 12  2  7  9 18  5  3 10  6 11
  2  7 14 10 12  5 18 13  6 11  8  3  4 15 16  9 17  1
 17 14  6 11  2 15 12  8 18  5 10 16  7  1 13  4  9  3
  9  1  3  7  8  4 17 11 13 14  2 15  6 16 12 18 10  5
 18 10  5 12 13 16  9  1  7  6  3  4  2 17 14 11 15  8
 11 18  2  6 15  7 16 14  5 10 17  1  8  3  4 12 13  9
 13  8  9  3  5  1  7 12  4 15 11 18 16  2 17  6 14 10
 10  4 12 14 16 17  3  2  9  8 13  6  1 18  5 15 11  7
