 37 38 40 36 39 43 45 42 41 44  3  2  1  4  5 10  8  6  9  7 13 11 15 14 12 17 20 18 16 19 21 22 23 25 24 28 29 27 30 26 31 34 35 33 32
 12 13 15 11 14 18 20 17 16 19 23 22 21 24 25 30 28 26 29 27 33 31 35 34 32 37 40 38 36 39 41 42 43 45 44  3  4  2  5  1  6  9 10  8  7
  2  3  5  1  4  8 10  7  6  9 13 12 11 14 15 20 18 16 19 17 23 21 25 24 22 27 30 28 26 29 31 32 33 35 34 38 39 37 40 36 41 44 45 43 42
 27 28 30 26 29 33 35 32 31 34 38 37 36 39 40 45 43 41 44 42  3  1  5  4  2  7 10  8  6  9 11 12 13 15 14 18 19 17 20 16 21 24 25 23 22
 22 23 25 21 24 28 30 27 26 29 33 32 31 34 35 40 38 36 39 37 43 41 45 44 42  2  5  3  1  4  6  7  8 10  9 13 14 12 15 11 16 19 20 18 17
 42 43 45 41 44  3  5  2  1  4  8  7  6  9 10 15 13 11 14 12 18 16 20 19 17 22 25 23 21 24 26 27 28 30 29 33 34 32 35 31 36 39 40 38 37
 32 33 35 31 34 38 40 37 36 39 43 42 41 44 45  5  3  1  4  2  8  6 10  9  7 12 15 13 11 14 16 17 18 20 19 23 24 22 25 21 26 29 30 28 27
 17 18 20 16 19 23 25 22 21 24 28 27 26 29 30 35 33 31 34 32 38 36 40 39 37 42 45 43 41 44  1  2  3  5  4  8  9  7 10  6 11 14 15 13 12
  7  8 10  6  9 13 15 12 11 14 18 17 16 19 20 25 23 21 24 22 28 26 30 29 27 32 35 33 31 34 36 37 38 40 39 43 44 42 45 41  1  4  5  3  2
 18 19 16 17 20 24 21 23 22 25 29 28 27 30 26 31 34 32 35 33 39 37 36 40 38 43 41 44 42 45  2  3  4  1  5  9 10  8  6  7 12 15 11 14 13
 13 14 11 12 15 19 16 18 17 20 24 23 22 25 21 26 29 27 30 28 34 32 31 35 33 38 36 39 37 40 42 43 44 41 45  4  5  3  1  2  7 10  6  9  8
 43 44 41 42 45  4  1  3  2  5  9  8  7 10  6 11 14 12 15 13 19 17 16 20 18 23 21 24 22 25 27 28 29 26 30 34 35 33 31 32 37 40 36 39 38
 33 34 31 32 35 39 36 38 37 40 44 43 42 45 41  1  4  2  5  3  9  7  6 10  8 13 11 14 12 15 17 18 19 16 20 24 25 23 21 22 27 30 26 29 28
  3  4  1  2  5  9  6  8  7 10 14 13 12 15 11 16 19 17 20 18 24 22 21 25 23 28 26 29 27 30 32 33 34 31 35 39 40 38 36 37 42 45 41 44 43
 38 39 36 37 40 44 41 43 42 45  4  3  2  5  1  6  9  7 10  8 14 12 11 15 13 18 16 19 17 20 22 23 24 21 25 29 30 28 26 27 32 35 31 34 33
 28 29 26 27 30 34 31 33 32 35 39 38 37 40 36 41 44 42 45 43  4  2  1  5  3  8  6  9  7 10 12 13 14 11 15 19 20 18 16 17 22 25 21 24 23
 23 24 21 22 25 29 26 28 27 30 34 33 32 35 31 36 39 37 40 38 44 42 41 45 43  3  1  4  2  5  7  8  9  6 10 14 15 13 11 12 17 20 16 19 18
  8  9  6  7 10 14 11 13 12 15 19 18 17 20 16 21 24 22 25 23 29 27 26 30 28 33 31 34 32 35 37 38 39 36 40 44 45 43 41 42  2  5  1  4  3
 39 40 37 38 36 45 42 44 43 41  5  4  3  1  2  7 10  8  6  9 15 13 12 11 14 19 17 20 18 16 23 24 25 22 21 30 26 29 27 28 33 31 32 35 34
  4  5  2  3  1 10  7  9  8  6 15 14 13 11 12 17 20 18 16 19 25 23 22 21 24 29 27 30 28 26 33 34 35 32 31 40 36 39 37 38 43 41 42 45 44
 44 45 42 43 41  5  2  4  3  1 10  9  8  6  7 12 15 13 11 14 20 18 17 16 19 24 22 25 23 21 28 29 30 27 26 35 31 34 32 33 38 36 37 40 39
 19 20 17 18 16 25 22 24 23 21 30 29 28 26 27 32 35 33 31 34 40 38 37 36 39 44 42 45 43 41  3  4  5  2  1 10  6  9  7  8 13 11 12 15 14
 14 15 12 13 11 20 17 19 18 16 25 24 23 21 22 27 30 28 26 29 35 33 32 31 34 39 37 40 38 36 43 44 45 42 41  5  1  4  2  3  8  6  7 10  9
 24 25 22 23 21 30 27 29 28 26 35 34 33 31 32 37 40 38 36 39 45 43 42 41 44  4  2  5  3  1  8  9 10  7  6 15 11 14 12 13 18 16 17 20 19
 34 35 32 33 31 40 37 39 38 36 45 44 43 41 42  2  5  3  1  4 10  8  7  6  9 14 12 15 13 11 18 19 20 17 16 25 21 24 22 23 28 26 27 30 29
 29 30 27 28 26 35 32 34 33 31 40 39 38 36 37 42 45 43 41 44  5  3  2  1  4  9  7 10  8  6 13 14 15 12 11 20 16 19 17 18 23 21 22 25 24
  9 10  7  8  6 15 12 14 13 11 20 19 18 16 17 22 25 23 21 24 30 28 27 26 29 34 32 35 33 31 38 39 40 37 36 45 41 44 42 43  3  1  2  5  4
 30 26 28 29 27 31 33 35 34 32 36 40 39 37 38 43 41 44 42 45  1  4  3  2  5 10  8  6  9  7 14 15 11 13 12 16 17 20 18 19 24 22 23 21 25
 45 41 43 44 42  1  3  5  4  2  6 10  9  7  8 13 11 14 12 15 16 19 18 17 20 25 23 21 24 22 29 30 26 28 27 31 32 35 33 34 39 37 38 36 40
 35 31 33 34 32 36 38 40 39 37 41 45 44 42 43  3  1  4  2  5  6  9  8  7 10 15 13 11 14 12 19 20 16 18 17 21 22 25 23 24 29 27 28 26 30
 40 36 38 39 37 41 43 45 44 42  1  5  4  2  3  8  6  9  7 10 11 14 13 12 15 20 18 16 19 17 24 25 21 23 22 26 27 30 28 29 34 32 33 31 35
 10  6  8  9  7 11 13 15 14 12 16 20 19 17 18 23 21 24 22 25 26 29 28 27 30 35 33 31 34 32 39 40 36 38 37 41 42 45 43 44  4  2  3  1  5
 15 11 13 14 12 16 18 20 19 17 21 25 24 22 23 28 26 29 27 30 31 34 33 32 35 40 38 36 39 37 44 45 41 43 42  1  2  5  3  4  9  7  8  6 10
 20 16 18 19 17 21 23 25 24 22 26 30 29 27 28 33 31 34 32 35 36 39 38 37 40 45 43 41 44 42  4  5  1  3  2  6  7 10  8  9 14 12 13 11 15
  5  1  3  4  2  6  8 10  9  7 11 15 14 12 13 18 16 19 17 20 21 24 23 22 25 30 28 26 29 27 34 35 31 33 32 36 37 40 38 39 44 42 43 41 45
 25 21 23 24 22 26 28 30 29 27 31 35 34 32 33 38 36 39 37 40 41 44 43 42 45  5  3  1  4  2  9 10  6  8  7 11 12 15 13 14 19 17 18 16 20
 11 12 14 15 13 17 19 16 20 18 22 21 25 23 24 29 27 30 28 26 32 35 34 33 31 36 39 37 40 38 45 41 42 44 43  2  3  1  4  5 10  8  9  7  6
 21 22 24 25 23 27 29 26 30 28 32 31 35 33 34 39 37 40 38 36 42 45 44 43 41  1  4  2  5  3 10  6  7  9  8 12 13 11 14 15 20 18 19 17 16
 41 42 44 45 43  2  4  1  5  3  7  6 10  8  9 14 12 15 13 11 17 20 19 18 16 21 24 22 25 23 30 26 27 29 28 32 33 31 34 35 40 38 39 37 36
 16 17 19 20 18 22 24 21 25 23 27 26 30 28 29 34 32 35 33 31 37 40 39 38 36 41 44 42 45 43  5  1  2  4  3  7  8  6  9 10 15 13 14 12 11
 36 37 39 40 38 42 44 41 45 43  2  1  5  3  4  9  7 10  8  6 12 15 14 13 11 16 19 17 20 18 25 21 22 24 23 27 28 26 29 30 35 33 34 32 31
 31 32 34 35 33 37 39 36 40 38 42 41 45 43 44  4  2  5  3  1  7 10  9  8  6 11 14 12 15 13 20 16 17 19 18 22 23 21 24 25 30 28 29 27 26
  6  7  9 10  8 12 14 11 15 13 17 16 20 18 19 24 22 25 23 21 27 30 29 28 26 31 34 32 35 33 40 36 37 39 38 42 43 41 44 45  5  3  4  2  1
 26 27 29 30 28 32 34 31 35 33 37 36 40 38 39 44 42 45 43 41  2  5  4  3  1  6  9  7 10  8 15 11 12 14 13 17 18 16 19 20 25 23 24 22 21
  1  2  4  5  3  7  9  6 10  8 12 11 15 13 14 19 17 20 18 16 22 25 24 23 21 26 29 27 30 28 35 31 32 34 33 37 38 36 39 40 45 43 44 42 41
