 31 33 34 35 32 37 39 38 36 40 43 41 42 45 44  3  1  2  4  5  8 10  6  9  7 12 13 15 11 14 18 17 16 19 20 24 21 22 23 25 29 27 30 28 26
 26 28 29 30 27 32 34 33 31 35 38 36 37 40 39 43 41 42 44 45  3  5  1  4  2  7  8 10  6  9 13 12 11 14 15 19 16 17 18 20 24 22 25 23 21
  1  3  4  5  2  7  9  8  6 10 13 11 12 15 14 18 16 17 19 20 23 25 21 24 22 27 28 30 26 29 33 32 31 34 35 39 36 37 38 40 44 42 45 43 41
 21 23 24 25 22 27 29 28 26 30 33 31 32 35 34 38 36 37 39 40 43 45 41 44 42  2  3  5  1  4  8  7  6  9 10 14 11 12 13 15 19 17 20 18 16
 41 43 44 45 42  2  4  3  1  5  8  6  7 10  9 13 11 12 14 15 18 20 16 19 17 22 23 25 21 24 28 27 26 29 30 34 31 32 33 35 39 37 40 38 36
 11 13 14 15 12 17 19 18 16 20 23 21 22 25 24 28 26 27 29 30 33 35 31 34 32 37 38 40 36 39 43 42 41 44 45  4  1  2  3  5  9  7 10  8  6
 36 38 39 40 37 42 44 43 41 45  3  1  2  5  4  8  6  7  9 10 13 15 11 14 12 17 18 20 16 19 23 22 21 24 25 29 26 27 28 30 34 32 35 33 31
  6  8  9 10  7 12 14 13 11 15 18 16 17 20 19 23 21 22 24 25 28 30 26 29 27 32 33 35 31 34 38 37 36 39 40 44 41 42 43 45  4  2  5  3  1
 16 18 19 20 17 22 24 23 21 25 28 26 27 30 29 33 31 32 34 35 38 40 36 39 37 42 43 45 41 44  3  2  1  4  5  9  6  7  8 10 14 12 15 13 11
  2  4  5  1  3  8 10  9  7  6 14 12 13 11 15 19 17 18 20 16 24 21 22 25 23 28 29 26 27 30 34 33 32 35 31 40 37 38 39 36 45 43 41 44 42
 32 34 35 31 33 38 40 39 37 36 44 42 43 41 45  4  2  3  5  1  9  6  7 10  8 13 14 11 12 15 19 18 17 20 16 25 22 23 24 21 30 28 26 29 27
  7  9 10  6  8 13 15 14 12 11 19 17 18 16 20 24 22 23 25 21 29 26 27 30 28 33 34 31 32 35 39 38 37 40 36 45 42 43 44 41  5  3  1  4  2
 17 19 20 16 18 23 25 24 22 21 29 27 28 26 30 34 32 33 35 31 39 36 37 40 38 43 44 41 42 45  4  3  2  5  1 10  7  8  9  6 15 13 11 14 12
 42 44 45 41 43  3  5  4  2  1  9  7  8  6 10 14 12 13 15 11 19 16 17 20 18 23 24 21 22 25 29 28 27 30 26 35 32 33 34 31 40 38 36 39 37
 37 39 40 36 38 43 45 44 42 41  4  2  3  1  5  9  7  8 10  6 14 11 12 15 13 18 19 16 17 20 24 23 22 25 21 30 27 28 29 26 35 33 31 34 32
 12 14 15 11 13 18 20 19 17 16 24 22 23 21 25 29 27 28 30 26 34 31 32 35 33 38 39 36 37 40 44 43 42 45 41  5  2  3  4  1 10  8  6  9  7
 22 24 25 21 23 28 30 29 27 26 34 32 33 31 35 39 37 38 40 36 44 41 42 45 43  3  4  1  2  5  9  8  7 10  6 15 12 13 14 11 20 18 16 19 17
 27 29 30 26 28 33 35 34 32 31 39 37 38 36 40 44 42 43 45 41  4  1  2  5  3  8  9  6  7 10 14 13 12 15 11 20 17 18 19 16 25 23 21 24 22
 43 45 41 42 44  4  1  5  3  2 10  8  9  7  6 15 13 14 11 12 20 17 18 16 19 24 25 22 23 21 30 29 28 26 27 31 33 34 35 32 36 39 37 40 38
 28 30 26 27 29 34 31 35 33 32 40 38 39 37 36 45 43 44 41 42  5  2  3  1  4  9 10  7  8  6 15 14 13 11 12 16 18 19 20 17 21 24 22 25 23
 33 35 31 32 34 39 36 40 38 37 45 43 44 42 41  5  3  4  1  2 10  7  8  6  9 14 15 12 13 11 20 19 18 16 17 21 23 24 25 22 26 29 27 30 28
 23 25 21 22 24 29 26 30 28 27 35 33 34 32 31 40 38 39 36 37 45 42 43 41 44  4  5  2  3  1 10  9  8  6  7 11 13 14 15 12 16 19 17 20 18
  8 10  6  7  9 14 11 15 13 12 20 18 19 17 16 25 23 24 21 22 30 27 28 26 29 34 35 32 33 31 40 39 38 36 37 41 43 44 45 42  1  4  2  5  3
 18 20 16 17 19 24 21 25 23 22 30 28 29 27 26 35 33 34 31 32 40 37 38 36 39 44 45 42 43 41  5  4  3  1  2  6  8  9 10  7 11 14 12 15 13
 13 15 11 12 14 19 16 20 18 17 25 23 24 22 21 30 28 29 26 27 35 32 33 31 34 39 40 37 38 36 45 44 43 41 42  1  3  4  5  2  6  9  7 10  8
  3  5  1  2  4  9  6 10  8  7 15 13 14 12 11 20 18 19 16 17 25 22 23 21 24 29 30 27 28 26 35 34 33 31 32 36 38 39 40 37 41 44 42 45 43
 38 40 36 37 39 44 41 45 43 42  5  3  4  2  1 10  8  9  6  7 15 12 13 11 14 19 20 17 18 16 25 24 23 21 22 26 28 29 30 27 31 34 32 35 33
 19 16 17 18 20 25 22 21 24 23 26 29 30 28 27 31 34 35 32 33 36 38 39 37 40 45 41 43 44 42  1  5  4  2  3  7  9 10  6  8 12 15 13 11 14
 34 31 32 33 35 40 37 36 39 38 41 44 45 43 42  1  4  5  2  3  6  8  9  7 10 15 11 13 14 12 16 20 19 17 18 22 24 25 21 23 27 30 28 26 29
  9  6  7  8 10 15 12 11 14 13 16 19 20 18 17 21 24 25 22 23 26 28 29 27 30 35 31 33 34 32 36 40 39 37 38 42 44 45 41 43  2  5  3  1  4
 14 11 12 13 15 20 17 16 19 18 21 24 25 23 22 26 29 30 27 28 31 33 34 32 35 40 36 38 39 37 41 45 44 42 43  2  4  5  1  3  7 10  8  6  9
 44 41 42 43 45  5  2  1  4  3  6  9 10  8  7 11 14 15 12 13 16 18 19 17 20 25 21 23 24 22 26 30 29 27 28 32 34 35 31 33 37 40 38 36 39
 29 26 27 28 30 35 32 31 34 33 36 39 40 38 37 41 44 45 42 43  1  3  4  2  5 10  6  8  9  7 11 15 14 12 13 17 19 20 16 18 22 25 23 21 24
 39 36 37 38 40 45 42 41 44 43  1  4  5  3  2  6  9 10  7  8 11 13 14 12 15 20 16 18 19 17 21 25 24 22 23 27 29 30 26 28 32 35 33 31 34
  4  1  2  3  5 10  7  6  9  8 11 14 15 13 12 16 19 20 17 18 21 23 24 22 25 30 26 28 29 27 31 35 34 32 33 37 39 40 36 38 42 45 43 41 44
 24 21 22 23 25 30 27 26 29 28 31 34 35 33 32 36 39 40 37 38 41 43 44 42 45  5  1  3  4  2  6 10  9  7  8 12 14 15 11 13 17 20 18 16 19
 45 42 43 44 41  1  3  2  5  4  7 10  6  9  8 12 15 11 13 14 17 19 20 18 16 21 22 24 25 23 27 26 30 28 29 33 35 31 32 34 38 36 39 37 40
 15 12 13 14 11 16 18 17 20 19 22 25 21 24 23 27 30 26 28 29 32 34 35 33 31 36 37 39 40 38 42 41 45 43 44  3  5  1  2  4  8  6  9  7 10
 35 32 33 34 31 36 38 37 40 39 42 45 41 44 43  2  5  1  3  4  7  9 10  8  6 11 12 14 15 13 17 16 20 18 19 23 25 21 22 24 28 26 29 27 30
 20 17 18 19 16 21 23 22 25 24 27 30 26 29 28 32 35 31 33 34 37 39 40 38 36 41 42 44 45 43  2  1  5  3  4  8 10  6  7  9 13 11 14 12 15
 40 37 38 39 36 41 43 42 45 44  2  5  1  4  3  7 10  6  8  9 12 14 15 13 11 16 17 19 20 18 22 21 25 23 24 28 30 26 27 29 33 31 34 32 35
 25 22 23 24 21 26 28 27 30 29 32 35 31 34 33 37 40 36 38 39 42 44 45 43 41  1  2  4  5  3  7  6 10  8  9 13 15 11 12 14 18 16 19 17 20
  5  2  3  4  1  6  8  7 10  9 12 15 11 14 13 17 20 16 18 19 22 24 25 23 21 26 27 29 30 28 32 31 35 33 34 38 40 36 37 39 43 41 44 42 45
 30 27 28 29 26 31 33 32 35 34 37 40 36 39 38 42 45 41 43 44  2  4  5  3  1  6  7  9 10  8 12 11 15 13 14 18 20 16 17 19 23 21 24 22 25
 10  7  8  9  6 11 13 12 15 14 17 20 16 19 18 22 25 21 23 24 27 29 30 28 26 31 32 34 35 33 37 36 40 38 39 43 45 41 42 44  3  1  4  2  5
