  9  7 10  6  8 14 11 15 13 12 16 18 20 17 19 24 23 25 21 22 30 29 28 27 26 33 35 34 31 32 39 36 37 38 40 43 45 41 42 44  4  1  2  5  3
 24 22 25 21 23 29 26 30 28 27 31 33 35 32 34 39 38 40 36 37 45 44 43 42 41  3  5  4  1  2  9  6  7  8 10 13 15 11 12 14 19 16 17 20 18
  4  2  5  1  3  9  6 10  8  7 11 13 15 12 14 19 18 20 16 17 25 24 23 22 21 28 30 29 26 27 34 31 32 33 35 38 40 36 37 39 44 41 42 45 43
 44 42 45 41 43  4  1  5  3  2  6  8 10  7  9 14 13 15 11 12 20 19 18 17 16 23 25 24 21 22 29 26 27 28 30 33 35 31 32 34 39 36 37 40 38
 39 37 40 36 38 44 41 45 43 42  1  3  5  2  4  9  8 10  6  7 15 14 13 12 11 18 20 19 16 17 24 21 22 23 25 28 30 26 27 29 34 31 32 35 33
 14 12 15 11 13 19 16 20 18 17 21 23 25 22 24 29 28 30 26 27 35 34 33 32 31 38 40 39 36 37 44 41 42 43 45  3  5  1  2  4  9  6  7 10  8
 29 27 30 26 28 34 31 35 33 32 36 38 40 37 39 44 43 45 41 42  5  4  3  2  1  8 10  9  6  7 14 11 12 13 15 18 20 16 17 19 24 21 22 25 23
 19 17 20 16 18 24 21 25 23 22 26 28 30 27 29 34 33 35 31 32 40 39 38 37 36 43 45 44 41 42  4  1  2  3  5  8 10  6  7  9 14 11 12 15 13
 34 32 35 31 33 39 36 40 38 37 41 43 45 42 44  4  3  5  1  2 10  9  8  7  6 13 15 14 11 12 19 16 17 18 20 23 25 21 22 24 29 26 27 30 28
 40 38 36 37 39 45 42 41 44 43  2  4  1  3  5 10  9  6  7  8 11 15 14 13 12 19 16 20 17 18 25 22 23 24 21 29 26 27 28 30 35 32 33 31 34
 25 23 21 22 24 30 27 26 29 28 32 34 31 33 35 40 39 36 37 38 41 45 44 43 42  4  1  5  2  3 10  7  8  9  6 14 11 12 13 15 20 17 18 16 19
 30 28 26 27 29 35 32 31 34 33 37 39 36 38 40 45 44 41 42 43  1  5  4  3  2  9  6 10  7  8 15 12 13 14 11 19 16 17 18 20 25 22 23 21 24
 15 13 11 12 14 20 17 16 19 18 22 24 21 23 25 30 29 26 27 28 31 35 34 33 32 39 36 40 37 38 45 42 43 44 41  4  1  2  3  5 10  7  8  6  9
 20 18 16 17 19 25 22 21 24 23 27 29 26 28 30 35 34 31 32 33 36 40 39 38 37 44 41 45 42 43  5  2  3  4  1  9  6  7  8 10 15 12 13 11 14
 35 33 31 32 34 40 37 36 39 38 42 44 41 43 45  5  4  1  2  3  6 10  9  8  7 14 11 15 12 13 20 17 18 19 16 24 21 22 23 25 30 27 28 26 29
 10  8  6  7  9 15 12 11 14 13 17 19 16 18 20 25 24 21 22 23 26 30 29 28 27 34 31 35 32 33 40 37 38 39 36 44 41 42 43 45  5  2  3  1  4
 45 43 41 42 44  5  2  1  4  3  7  9  6  8 10 15 14 11 12 13 16 20 19 18 17 24 21 25 22 23 30 27 28 29 26 34 31 32 33 35 40 37 38 36 39
  5  3  1  2  4 10  7  6  9  8 12 14 11 13 15 20 19 16 17 18 21 25 24 23 22 29 26 30 27 28 35 32 33 34 31 39 36 37 38 40 45 42 43 41 44
 41 44 42 43 45  1  3  2  5  4  8 10  7  9  6 11 15 12 13 14 17 16 20 19 18 25 22 21 23 24 26 28 29 30 27 35 32 33 34 31 36 38 39 37 40
 16 19 17 18 20 21 23 22 25 24 28 30 27 29 26 31 35 32 33 34 37 36 40 39 38 45 42 41 43 44  1  3  4  5  2 10  7  8  9  6 11 13 14 12 15
 36 39 37 38 40 41 43 42 45 44  3  5  2  4  1  6 10  7  8  9 12 11 15 14 13 20 17 16 18 19 21 23 24 25 22 30 27 28 29 26 31 33 34 32 35
 31 34 32 33 35 36 38 37 40 39 43 45 42 44 41  1  5  2  3  4  7  6 10  9  8 15 12 11 13 14 16 18 19 20 17 25 22 23 24 21 26 28 29 27 30
  1  4  2  3  5  6  8  7 10  9 13 15 12 14 11 16 20 17 18 19 22 21 25 24 23 30 27 26 28 29 31 33 34 35 32 40 37 38 39 36 41 43 44 42 45
 11 14 12 13 15 16 18 17 20 19 23 25 22 24 21 26 30 27 28 29 32 31 35 34 33 40 37 36 38 39 41 43 44 45 42  5  2  3  4  1  6  8  9  7 10
 26 29 27 28 30 31 33 32 35 34 38 40 37 39 36 41 45 42 43 44  2  1  5  4  3 10  7  6  8  9 11 13 14 15 12 20 17 18 19 16 21 23 24 22 25
 21 24 22 23 25 26 28 27 30 29 33 35 32 34 31 36 40 37 38 39 42 41 45 44 43  5  2  1  3  4  6  8  9 10  7 15 12 13 14 11 16 18 19 17 20
  6  9  7  8 10 11 13 12 15 14 18 20 17 19 16 21 25 22 23 24 27 26 30 29 28 35 32 31 33 34 36 38 39 40 37 45 42 43 44 41  1  3  4  2  5
 32 35 33 34 31 37 39 38 36 40 44 41 43 45 42  2  1  3  4  5  8  7  6 10  9 11 13 12 14 15 17 19 20 16 18 21 23 24 25 22 27 29 30 28 26
  7 10  8  9  6 12 14 13 11 15 19 16 18 20 17 22 21 23 24 25 28 27 26 30 29 31 33 32 34 35 37 39 40 36 38 41 43 44 45 42  2  4  5  3  1
  2  5  3  4  1  7  9  8  6 10 14 11 13 15 12 17 16 18 19 20 23 22 21 25 24 26 28 27 29 30 32 34 35 31 33 36 38 39 40 37 42 44 45 43 41
 37 40 38 39 36 42 44 43 41 45  4  1  3  5  2  7  6  8  9 10 13 12 11 15 14 16 18 17 19 20 22 24 25 21 23 26 28 29 30 27 32 34 35 33 31
 22 25 23 24 21 27 29 28 26 30 34 31 33 35 32 37 36 38 39 40 43 42 41 45 44  1  3  2  4  5  7  9 10  6  8 11 13 14 15 12 17 19 20 18 16
 12 15 13 14 11 17 19 18 16 20 24 21 23 25 22 27 26 28 29 30 33 32 31 35 34 36 38 37 39 40 42 44 45 41 43  1  3  4  5  2  7  9 10  8  6
 27 30 28 29 26 32 34 33 31 35 39 36 38 40 37 42 41 43 44 45  3  2  1  5  4  6  8  7  9 10 12 14 15 11 13 16 18 19 20 17 22 24 25 23 21
 17 20 18 19 16 22 24 23 21 25 29 26 28 30 27 32 31 33 34 35 38 37 36 40 39 41 43 42 44 45  2  4  5  1  3  6  8  9 10  7 12 14 15 13 11
 42 45 43 44 41  2  4  3  1  5  9  6  8 10  7 12 11 13 14 15 18 17 16 20 19 21 23 22 24 25 27 29 30 26 28 31 33 34 35 32 37 39 40 38 36
 23 21 24 25 22 28 30 29 27 26 35 32 34 31 33 38 37 39 40 36 44 43 42 41 45  2  4  3  5  1  8 10  6  7  9 12 14 15 11 13 18 20 16 19 17
  8  6  9 10  7 13 15 14 12 11 20 17 19 16 18 23 22 24 25 21 29 28 27 26 30 32 34 33 35 31 38 40 36 37 39 42 44 45 41 43  3  5  1  4  2
  3  1  4  5  2  8 10  9  7  6 15 12 14 11 13 18 17 19 20 16 24 23 22 21 25 27 29 28 30 26 33 35 31 32 34 37 39 40 36 38 43 45 41 44 42
 33 31 34 35 32 38 40 39 37 36 45 42 44 41 43  3  2  4  5  1  9  8  7  6 10 12 14 13 15 11 18 20 16 17 19 22 24 25 21 23 28 30 26 29 27
 18 16 19 20 17 23 25 24 22 21 30 27 29 26 28 33 32 34 35 31 39 38 37 36 40 42 44 43 45 41  3  5  1  2  4  7  9 10  6  8 13 15 11 14 12
 13 11 14 15 12 18 20 19 17 16 25 22 24 21 23 28 27 29 30 26 34 33 32 31 35 37 39 38 40 36 43 45 41 42 44  2  4  5  1  3  8 10  6  9  7
 43 41 44 45 42  3  5  4  2  1 10  7  9  6  8 13 12 14 15 11 19 18 17 16 20 22 24 23 25 21 28 30 26 27 29 32 34 35 31 33 38 40 36 39 37
 38 36 39 40 37 43 45 44 42 41  5  2  4  1  3  8  7  9 10  6 14 13 12 11 15 17 19 18 20 16 23 25 21 22 24 27 29 30 26 28 33 35 31 34 32
 28 26 29 30 27 33 35 34 32 31 40 37 39 36 38 43 42 44 45 41  4  3  2  1  5  7  9  8 10  6 13 15 11 12 14 17 19 20 16 18 23 25 21 24 22
