 21 24 22 25 23 30 29 28 27 26 33 35 31 34 32 40 38 36 37 39 42 43 44 41 45  3  4  2  1  5  8  6  9 10  7 15 14 13 11 12 18 16 17 20 19
 41 44 42 45 43  5  4  3  2  1  8 10  6  9  7 15 13 11 12 14 17 18 19 16 20 23 24 22 21 25 28 26 29 30 27 35 34 33 31 32 38 36 37 40 39
  1  4  2  5  3 10  9  8  7  6 13 15 11 14 12 20 18 16 17 19 22 23 24 21 25 28 29 27 26 30 33 31 34 35 32 40 39 38 36 37 43 41 42 45 44
 11 14 12 15 13 20 19 18 17 16 23 25 21 24 22 30 28 26 27 29 32 33 34 31 35 38 39 37 36 40 43 41 44 45 42  5  4  3  1  2  8  6  7 10  9
 16 19 17 20 18 25 24 23 22 21 28 30 26 29 27 35 33 31 32 34 37 38 39 36 40 43 44 42 41 45  3  1  4  5  2 10  9  8  6  7 13 11 12 15 14
 26 29 27 30 28 35 34 33 32 31 38 40 36 39 37 45 43 41 42 44  2  3  4  1  5  8  9  7  6 10 13 11 14 15 12 20 19 18 16 17 23 21 22 25 24
 36 39 37 40 38 45 44 43 42 41  3  5  1  4  2 10  8  6  7  9 12 13 14 11 15 18 19 17 16 20 23 21 24 25 22 30 29 28 26 27 33 31 32 35 34
 31 34 32 35 33 40 39 38 37 36 43 45 41 44 42  5  3  1  2  4  7  8  9  6 10 13 14 12 11 15 18 16 19 20 17 25 24 23 21 22 28 26 27 30 29
  6  9  7 10  8 15 14 13 12 11 18 20 16 19 17 25 23 21 22 24 27 28 29 26 30 33 34 32 31 35 38 36 39 40 37 45 44 43 41 42  3  1  2  5  4
  7 10  8  6  9 11 15 14 13 12 19 16 17 20 18 21 24 22 23 25 28 29 30 27 26 34 35 33 32 31 39 37 40 36 38 41 45 44 42 43  4  2  3  1  5
 32 35 33 31 34 36 40 39 38 37 44 41 42 45 43  1  4  2  3  5  8  9 10  7  6 14 15 13 12 11 19 17 20 16 18 21 25 24 22 23 29 27 28 26 30
 27 30 28 26 29 31 35 34 33 32 39 36 37 40 38 41 44 42 43 45  3  4  5  2  1  9 10  8  7  6 14 12 15 11 13 16 20 19 17 18 24 22 23 21 25
 12 15 13 11 14 16 20 19 18 17 24 21 22 25 23 26 29 27 28 30 33 34 35 32 31 39 40 38 37 36 44 42 45 41 43  1  5  4  2  3  9  7  8  6 10
 42 45 43 41 44  1  5  4  3  2  9  6  7 10  8 11 14 12 13 15 18 19 20 17 16 24 25 23 22 21 29 27 30 26 28 31 35 34 32 33 39 37 38 36 40
 22 25 23 21 24 26 30 29 28 27 34 31 32 35 33 36 39 37 38 40 43 44 45 42 41  4  5  3  2  1  9  7 10  6  8 11 15 14 12 13 19 17 18 16 20
 17 20 18 16 19 21 25 24 23 22 29 26 27 30 28 31 34 32 33 35 38 39 40 37 36 44 45 43 42 41  4  2  5  1  3  6 10  9  7  8 14 12 13 11 15
 37 40 38 36 39 41 45 44 43 42  4  1  2  5  3  6  9  7  8 10 13 14 15 12 11 19 20 18 17 16 24 22 25 21 23 26 30 29 27 28 34 32 33 31 35
  2  5  3  1  4  6 10  9  8  7 14 11 12 15 13 16 19 17 18 20 23 24 25 22 21 29 30 28 27 26 34 32 35 31 33 36 40 39 37 38 44 42 43 41 45
 38 36 39 37 40 42 41 45 44 43  5  2  3  1  4  7 10  8  9  6 14 15 11 13 12 20 16 19 18 17 25 23 21 22 24 27 26 30 28 29 35 33 34 32 31
 13 11 14 12 15 17 16 20 19 18 25 22 23 21 24 27 30 28 29 26 34 35 31 33 32 40 36 39 38 37 45 43 41 42 44  2  1  5  3  4 10  8  9  7  6
 43 41 44 42 45  2  1  5  4  3 10  7  8  6  9 12 15 13 14 11 19 20 16 18 17 25 21 24 23 22 30 28 26 27 29 32 31 35 33 34 40 38 39 37 36
 18 16 19 17 20 22 21 25 24 23 30 27 28 26 29 32 35 33 34 31 39 40 36 38 37 45 41 44 43 42  5  3  1  2  4  7  6 10  8  9 15 13 14 12 11
  3  1  4  2  5  7  6 10  9  8 15 12 13 11 14 17 20 18 19 16 24 25 21 23 22 30 26 29 28 27 35 33 31 32 34 37 36 40 38 39 45 43 44 42 41
 28 26 29 27 30 32 31 35 34 33 40 37 38 36 39 42 45 43 44 41  4  5  1  3  2 10  6  9  8  7 15 13 11 12 14 17 16 20 18 19 25 23 24 22 21
 23 21 24 22 25 27 26 30 29 28 35 32 33 31 34 37 40 38 39 36 44 45 41 43 42  5  1  4  3  2 10  8  6  7  9 12 11 15 13 14 20 18 19 17 16
  8  6  9  7 10 12 11 15 14 13 20 17 18 16 19 22 25 23 24 21 29 30 26 28 27 35 31 34 33 32 40 38 36 37 39 42 41 45 43 44  5  3  4  2  1
 33 31 34 32 35 37 36 40 39 38 45 42 43 41 44  2  5  3  4  1  9 10  6  8  7 15 11 14 13 12 20 18 16 17 19 22 21 25 23 24 30 28 29 27 26
 29 27 30 28 26 33 32 31 35 34 36 38 39 37 40 43 41 44 45 42  5  1  2  4  3  6  7 10  9  8 11 14 12 13 15 18 17 16 19 20 21 24 25 23 22
  4  2  5  3  1  8  7  6 10  9 11 13 14 12 15 18 16 19 20 17 25 21 22 24 23 26 27 30 29 28 31 34 32 33 35 38 37 36 39 40 41 44 45 43 42
 14 12 15 13 11 18 17 16 20 19 21 23 24 22 25 28 26 29 30 27 35 31 32 34 33 36 37 40 39 38 41 44 42 43 45  3  2  1  4  5  6  9 10  8  7
 19 17 20 18 16 23 22 21 25 24 26 28 29 27 30 33 31 34 35 32 40 36 37 39 38 41 42 45 44 43  1  4  2  3  5  8  7  6  9 10 11 14 15 13 12
 24 22 25 23 21 28 27 26 30 29 31 33 34 32 35 38 36 39 40 37 45 41 42 44 43  1  2  5  4  3  6  9  7  8 10 13 12 11 14 15 16 19 20 18 17
 39 37 40 38 36 43 42 41 45 44  1  3  4  2  5  8  6  9 10  7 15 11 12 14 13 16 17 20 19 18 21 24 22 23 25 28 27 26 29 30 31 34 35 33 32
 34 32 35 33 31 38 37 36 40 39 41 43 44 42 45  3  1  4  5  2 10  6  7  9  8 11 12 15 14 13 16 19 17 18 20 23 22 21 24 25 26 29 30 28 27
 44 42 45 43 41  3  2  1  5  4  6  8  9  7 10 13 11 14 15 12 20 16 17 19 18 21 22 25 24 23 26 29 27 28 30 33 32 31 34 35 36 39 40 38 37
  9  7 10  8  6 13 12 11 15 14 16 18 19 17 20 23 21 24 25 22 30 26 27 29 28 31 32 35 34 33 36 39 37 38 40 43 42 41 44 45  1  4  5  3  2
 15 13 11 14 12 19 18 17 16 20 22 24 25 23 21 29 27 30 26 28 31 32 33 35 34 37 38 36 40 39 42 45 43 44 41  4  3  2  5  1  7 10  6  9  8
 40 38 36 39 37 44 43 42 41 45  2  4  5  3  1  9  7 10  6  8 11 12 13 15 14 17 18 16 20 19 22 25 23 24 21 29 28 27 30 26 32 35 31 34 33
 30 28 26 29 27 34 33 32 31 35 37 39 40 38 36 44 42 45 41 43  1  2  3  5  4  7  8  6 10  9 12 15 13 14 11 19 18 17 20 16 22 25 21 24 23
 45 43 41 44 42  4  3  2  1  5  7  9 10  8  6 14 12 15 11 13 16 17 18 20 19 22 23 21 25 24 27 30 28 29 26 34 33 32 35 31 37 40 36 39 38
 20 18 16 19 17 24 23 22 21 25 27 29 30 28 26 34 32 35 31 33 36 37 38 40 39 42 43 41 45 44  2  5  3  4  1  9  8  7 10  6 12 15 11 14 13
 35 33 31 34 32 39 38 37 36 40 42 44 45 43 41  4  2  5  1  3  6  7  8 10  9 12 13 11 15 14 17 20 18 19 16 24 23 22 25 21 27 30 26 29 28
 10  8  6  9  7 14 13 12 11 15 17 19 20 18 16 24 22 25 21 23 26 27 28 30 29 32 33 31 35 34 37 40 38 39 36 44 43 42 45 41  2  5  1  4  3
 25 23 21 24 22 29 28 27 26 30 32 34 35 33 31 39 37 40 36 38 41 42 43 45 44  2  3  1  5  4  7 10  8  9  6 14 13 12 15 11 17 20 16 19 18
  5  3  1  4  2  9  8  7  6 10 12 14 15 13 11 19 17 20 16 18 21 22 23 25 24 27 28 26 30 29 32 35 33 34 31 39 38 37 40 36 42 45 41 44 43
