  6 10  7  9  8 11 14 12 15 13 19 18 17 20 16 23 24 25 22 21 28 27 29 26 30 33 31 34 35 32 39 38 37 36 40 43 42 44 45 41  2  5  1  3  4
 41 45 42 44 43  1  4  2  5  3  9  8  7 10  6 13 14 15 12 11 18 17 19 16 20 23 21 24 25 22 29 28 27 26 30 33 32 34 35 31 37 40 36 38 39
 36 40 37 39 38 41 44 42 45 43  4  3  2  5  1  8  9 10  7  6 13 12 14 11 15 18 16 19 20 17 24 23 22 21 25 28 27 29 30 26 32 35 31 33 34
  1  5  2  4  3  6  9  7 10  8 14 13 12 15 11 18 19 20 17 16 23 22 24 21 25 28 26 29 30 27 34 33 32 31 35 38 37 39 40 36 42 45 41 43 44
 26 30 27 29 28 31 34 32 35 33 39 38 37 40 36 43 44 45 42 41  3  2  4  1  5  8  6  9 10  7 14 13 12 11 15 18 17 19 20 16 22 25 21 23 24
 16 20 17 19 18 21 24 22 25 23 29 28 27 30 26 33 34 35 32 31 38 37 39 36 40 43 41 44 45 42  4  3  2  1  5  8  7  9 10  6 12 15 11 13 14
 21 25 22 24 23 26 29 27 30 28 34 33 32 35 31 38 39 40 37 36 43 42 44 41 45  3  1  4  5  2  9  8  7  6 10 13 12 14 15 11 17 20 16 18 19
 11 15 12 14 13 16 19 17 20 18 24 23 22 25 21 28 29 30 27 26 33 32 34 31 35 38 36 39 40 37 44 43 42 41 45  3  2  4  5  1  7 10  6  8  9
 31 35 32 34 33 36 39 37 40 38 44 43 42 45 41  3  4  5  2  1  8  7  9  6 10 13 11 14 15 12 19 18 17 16 20 23 22 24 25 21 27 30 26 28 29
  2  1  3  5  4  7 10  8  6  9 15 14 13 11 12 19 20 16 18 17 24 23 25 22 21 29 27 30 26 28 35 34 33 32 31 39 38 40 36 37 43 41 42 44 45
 42 41 43 45 44  2  5  3  1  4 10  9  8  6  7 14 15 11 13 12 19 18 20 17 16 24 22 25 21 23 30 29 28 27 26 34 33 35 31 32 38 36 37 39 40
  7  6  8 10  9 12 15 13 11 14 20 19 18 16 17 24 25 21 23 22 29 28 30 27 26 34 32 35 31 33 40 39 38 37 36 44 43 45 41 42  3  1  2  4  5
 22 21 23 25 24 27 30 28 26 29 35 34 33 31 32 39 40 36 38 37 44 43 45 42 41  4  2  5  1  3 10  9  8  7  6 14 13 15 11 12 18 16 17 19 20
 37 36 38 40 39 42 45 43 41 44  5  4  3  1  2  9 10  6  8  7 14 13 15 12 11 19 17 20 16 18 25 24 23 22 21 29 28 30 26 27 33 31 32 34 35
 17 16 18 20 19 22 25 23 21 24 30 29 28 26 27 34 35 31 33 32 39 38 40 37 36 44 42 45 41 43  5  4  3  2  1  9  8 10  6  7 13 11 12 14 15
 12 11 13 15 14 17 20 18 16 19 25 24 23 21 22 29 30 26 28 27 34 33 35 32 31 39 37 40 36 38 45 44 43 42 41  4  3  5  1  2  8  6  7  9 10
 32 31 33 35 34 37 40 38 36 39 45 44 43 41 42  4  5  1  3  2  9  8 10  7  6 14 12 15 11 13 20 19 18 17 16 24 23 25 21 22 28 26 27 29 30
 27 26 28 30 29 32 35 33 31 34 40 39 38 36 37 44 45 41 43 42  4  3  5  2  1  9  7 10  6  8 15 14 13 12 11 19 18 20 16 17 23 21 22 24 25
 33 32 34 31 35 38 36 39 37 40 41 45 44 42 43  5  1  2  4  3 10  9  6  8  7 15 13 11 12 14 16 20 19 18 17 25 24 21 22 23 29 27 28 30 26
  3  2  4  1  5  8  6  9  7 10 11 15 14 12 13 20 16 17 19 18 25 24 21 23 22 30 28 26 27 29 31 35 34 33 32 40 39 36 37 38 44 42 43 45 41
 23 22 24 21 25 28 26 29 27 30 31 35 34 32 33 40 36 37 39 38 45 44 41 43 42  5  3  1  2  4  6 10  9  8  7 15 14 11 12 13 19 17 18 20 16
 38 37 39 36 40 43 41 44 42 45  1  5  4  2  3 10  6  7  9  8 15 14 11 13 12 20 18 16 17 19 21 25 24 23 22 30 29 26 27 28 34 32 33 35 31
 13 12 14 11 15 18 16 19 17 20 21 25 24 22 23 30 26 27 29 28 35 34 31 33 32 40 38 36 37 39 41 45 44 43 42  5  4  1  2  3  9  7  8 10  6
 43 42 44 41 45  3  1  4  2  5  6 10  9  7  8 15 11 12 14 13 20 19 16 18 17 25 23 21 22 24 26 30 29 28 27 35 34 31 32 33 39 37 38 40 36
 18 17 19 16 20 23 21 24 22 25 26 30 29 27 28 35 31 32 34 33 40 39 36 38 37 45 43 41 42 44  1  5  4  3  2 10  9  6  7  8 14 12 13 15 11
  8  7  9  6 10 13 11 14 12 15 16 20 19 17 18 25 21 22 24 23 30 29 26 28 27 35 33 31 32 34 36 40 39 38 37 45 44 41 42 43  4  2  3  5  1
 28 27 29 26 30 33 31 34 32 35 36 40 39 37 38 45 41 42 44 43  5  4  1  3  2 10  8  6  7  9 11 15 14 13 12 20 19 16 17 18 24 22 23 25 21
 29 28 30 27 26 34 32 35 33 31 37 36 40 38 39 41 42 43 45 44  1  5  2  4  3  6  9  7  8 10 12 11 15 14 13 16 20 17 18 19 25 23 24 21 22
  9  8 10  7  6 14 12 15 13 11 17 16 20 18 19 21 22 23 25 24 26 30 27 29 28 31 34 32 33 35 37 36 40 39 38 41 45 42 43 44  5  3  4  1  2
 14 13 15 12 11 19 17 20 18 16 22 21 25 23 24 26 27 28 30 29 31 35 32 34 33 36 39 37 38 40 42 41 45 44 43  1  5  2  3  4 10  8  9  6  7
 34 33 35 32 31 39 37 40 38 36 42 41 45 43 44  1  2  3  5  4  6 10  7  9  8 11 14 12 13 15 17 16 20 19 18 21 25 22 23 24 30 28 29 26 27
 24 23 25 22 21 29 27 30 28 26 32 31 35 33 34 36 37 38 40 39 41 45 42 44 43  1  4  2  3  5  7  6 10  9  8 11 15 12 13 14 20 18 19 16 17
 44 43 45 42 41  4  2  5  3  1  7  6 10  8  9 11 12 13 15 14 16 20 17 19 18 21 24 22 23 25 27 26 30 29 28 31 35 32 33 34 40 38 39 36 37
  4  3  5  2  1  9  7 10  8  6 12 11 15 13 14 16 17 18 20 19 21 25 22 24 23 26 29 27 28 30 32 31 35 34 33 36 40 37 38 39 45 43 44 41 42
 39 38 40 37 36 44 42 45 43 41  2  1  5  3  4  6  7  8 10  9 11 15 12 14 13 16 19 17 18 20 22 21 25 24 23 26 30 27 28 29 35 33 34 31 32
 19 18 20 17 16 24 22 25 23 21 27 26 30 28 29 31 32 33 35 34 36 40 37 39 38 41 44 42 43 45  2  1  5  4  3  6 10  7  8  9 15 13 14 11 12
 20 19 16 18 17 25 23 21 24 22 28 27 26 29 30 32 33 34 31 35 37 36 38 40 39 42 45 43 44 41  3  2  1  5  4  7  6  8  9 10 11 14 15 12 13
 15 14 11 13 12 20 18 16 19 17 23 22 21 24 25 27 28 29 26 30 32 31 33 35 34 37 40 38 39 36 43 42 41 45 44  2  1  3  4  5  6  9 10  7  8
 45 44 41 43 42  5  3  1  4  2  8  7  6  9 10 12 13 14 11 15 17 16 18 20 19 22 25 23 24 21 28 27 26 30 29 32 31 33 34 35 36 39 40 37 38
 30 29 26 28 27 35 33 31 34 32 38 37 36 39 40 42 43 44 41 45  2  1  3  5  4  7 10  8  9  6 13 12 11 15 14 17 16 18 19 20 21 24 25 22 23
  5  4  1  3  2 10  8  6  9  7 13 12 11 14 15 17 18 19 16 20 22 21 23 25 24 27 30 28 29 26 33 32 31 35 34 37 36 38 39 40 41 44 45 42 43
 40 39 36 38 37 45 43 41 44 42  3  2  1  4  5  7  8  9  6 10 12 11 13 15 14 17 20 18 19 16 23 22 21 25 24 27 26 28 29 30 31 34 35 32 33
 35 34 31 33 32 40 38 36 39 37 43 42 41 44 45  2  3  4  1  5  7  6  8 10  9 12 15 13 14 11 18 17 16 20 19 22 21 23 24 25 26 29 30 27 28
 25 24 21 23 22 30 28 26 29 27 33 32 31 34 35 37 38 39 36 40 42 41 43 45 44  2  5  3  4  1  8  7  6 10  9 12 11 13 14 15 16 19 20 17 18
 10  9  6  8  7 15 13 11 14 12 18 17 16 19 20 22 23 24 21 25 27 26 28 30 29 32 35 33 34 31 38 37 36 40 39 42 41 43 44 45  1  4  5  2  3
