 16  8  2  5 15 11 13 14 10  7  3  9 12  4  1  6
  6  7 12 10  4  3  1  9  2 14 16  5  8 15 11 13
  3  6 16  2 14 10  8  5 13  4  7  1  9 12 15 11
  9 15 13 11  1  7  4 12 16  2  6 10  3  8  5 14
 12  3  9 16  2 14 15  1  8  5 13  6  7 11  4 10
 13 10  6  8  7  4  5 11 12 16 15 14  1  9  3  2
 14  4 10  1 16  6  7  3 11  9 12 13  5  2  8 15
 11  5  8 13 12  9  2 15  6 10 14  3  4  1 16  7
  5 12 11  9 10  8 16  2 15  3  4  7 14  6 13  1
  1 14  3  4 13 15  6  7  5 11 10 12  2 16  9  8
  7 16 15 12  9  1 11  8 14 13  2  4 10  3  6  5
  2 13  4 14  6  5  3 10  9  1  8 15 11  7 12 16
 10 11  5  7  3 16 12 13  4 15  1  8  6 14  2  9
  4  9  1 15  8  2 14  6  7 12  5 11 16 13 10  3
 15  1 14  6 11 12 10 16  3  8  9  2 13  5  7  4
  8  2  7  3  5 13  9  4  1  6 11 16 15 10 14 12
