 12  6 14  5  7 11 16  8  1  4 13  3 10 15  2  9
 13 15  1  2  9  3  4 10  6  7 16  8 12 11  5 14
  5 11 10  8  6 14  3  4 12  1  9 16 13  2 15  7
  9  2  7 12 16  1 15 13  3 11  5 10  8  4 14  6
  4  1  2  7 12  9  8 16 11  3 14  5 15 13  6 10
  6 10 15  3 11  5 13 14  8 16  7  1  9 12  4  2
  2  8 13 11  5 16  7  1 10 12  6  9  4 14  3 15
 15  9  6 10  3  4 14 12  5  2  1 11 16  7 13  8
  3 12  4 15 10  6  1  5 13  8  2 14 11  9  7 16
 14 13 11 16  8  7  2  9  4 10  3 15  1  6 12  5
 11 14 16  4 13  8  9  6  2  5 15  7  3 10  1 12
 10  5  3  1 15  2 12  7 14  9  8 13  6 16 11  4
  7  4  8 13  2 12 11  3 16 15 10  6 14  5  9  1
  1 16  5  9 14 10  6 15  7 13  4 12  2  3  8 11
 16  3 12  6  1 15  5  2  9 14 11  4  7  8 10 13
  8  7  9 14  4 13 10 11 15  6 12  2  5  1 16  3
