 14  6  1  4 15 11 10  9  5  3 12 16 13  2  7  8
  2  5 16  7 13  8 12  3  1 10 15  6 11 14  4  9
  7  2  6 13 10  4  3 12  8 15 16  1 14  5  9 11
  1 15  5  8  9 14 11 16 12  4  3 13  6  7 10  2
  4  7 11 16  3 10  6  8  9 12  1 15  5 13  2 14
  9 12  2  5 14 13 15  1  4  7  8  3 16 10 11  6
 15 14 13 11  4  9  1 10  3  6  7  2 12  8  5 16
  8  3  7  6  5 12 16  2 11  1  4 14 15  9 13 10
  3  9  8  2  7 16 14  6 15  5 10  4  1 11 12 13
 12  4 10  1 11  5 13 15  2  8  6  7  9 16 14  3
  5 13  4 12  1  2  8 11 10 16 14  9  3  6 15  7
 16 10  9  3  6 15  7 14 13  2  5 11  4  1  8 12
  6  8 12 10  2  3  4 13 14  9 11  5  7 15 16  1
 11  1 15 14 16  7  9  5  6 13  2  8 10 12  3  4
 13 11  3 15 12  6  2  7 16 14  9 10  8  4  1  5
 10 16 14  9  8  1  5  4  7 11 13 12  2  3  6 15
