0.012716199998976663
0.037967399999615736
0.021065900000394322
0.008334599988302216
0.02105199999641627
0.010273199994117022
0.024789000002783723
0.004143700003623962
0.009958999988157302
0.006824399999459274
0.06448640000598971
0.00646940000297036
0.006020400003762916
0.03498250000120606
0.009283899998990819
0.0784572999982629
0.003908900005626492
0.005059400005848147
0.022430400000303052
0.01930230000289157
0.02364260000467766
0.0045919999975012615
0.0058105000061914325
0.012572299994644709
0.009301800004323013
0.007776900005410425
0.025925699999788776
0.004162299999734387
0.010533900000154972
0.015461000002687797
0.018512899987399578
0.018003400007728487
0.0063498000090476125
0.014545400001225062
0.012325300005613826
0.004833500002860092
0.011730300000635907
0.00437219999730587
0.013348000007681549
0.02479670000320766
0.016821800003526732
0.00936310000543017
0.04223639999690931
0.17151110000850167
0.004001299996161833
0.002415899987681769
0.018014000001130626
0.011186600007931702
1.8404526999947848
0.0053407999948831275
0.00514560000738129
0.008080200001131743
0.014688399998703972
0.01040909999574069
0.1830311000085203
0.02676459999929648
0.013195400009863079
1.0281648000091081
0.00374480000755284
0.018503100000089034
0.006614199999603443
0.041754699996090494
0.005673599996953271
0.017883100008475594
0.015775099993334152
0.044485999998869374
0.015317099998355843
0.010511799991945736
0.3776302000042051
0.017566000009537674
0.007821699997293763
0.011174999992363155
0.04738309999811463
0.09791120000591036
0.004142999998293817
0.0028325000021141022
0.07189920000382699
0.02021950000198558
0.13412099999550264
0.00457299999834504
0.013172799997846596
0.010414399992441759
0.02268249999906402
0.018007099992246367
0.006411799986381084
0.3058539000048768
0.01882869999099057
0.06048220000229776
0.0032709999941289425
0.18984779999300372
2.799643100006506
0.006560099995112978
0.14540409999608528
0.0015107000072021037
0.010143200008315034
0.011307900000247173
2.792688799992902
0.010815999994520098
0.0041615999944042414
0.018246999999973923
0.045259999998961575
