  3 13 11 17 15  4  6 18  1 10 14 12  7  8  2 16  5  9
  5 10 18  6  9  7 15  3 17  2 16  8 14 12  1 11 13  4
  2  1 14 12 16  8 13  4  7  5 11  9  3 15 10 17 18  6
  1 17  4  9  5 18 12 15  2  8  6 11 13 14  7  3 16 10
 11  2  3 10 12  6 18 14  9 16  7 13  8  4 15  1 17  5
  8 15 13 16  7 14  3  5  4  1 17 10 11  2 12  6  9 18
  9 14 10 11  6  5  2 12 18  3  8  7 16 13 17  4  1 15
 18  4  2  1 13  3 11  9 14 17 15 16 12  7  6  5 10  8
 15 12  7  8 17 16 10 13  6  4  5  1  9 18 14  2  3 11
 13 18 16  3  2 17 14  7 10  9 12  5  4  6  8 15 11  1
 14  5 15  7  8 12 16 11  3  6  1  4 10  9 18 13  2 17
  6 11  1  4 10  9 17  2  8 18 13 15  5  3 16 14 12  7
 16  9  5  2 18 13  4  1 12 14 10  6 15 17 11  8  7  3
  7  8  6 15  4 10  9 16 13 11  3 17 18  1  5 12 14  2
 12  3 17 14  1 11  7  8  5 15 18  2  6 10 13  9  4 16
 10 16  9  5 14  2  8 17 15 12  4 18  1 11  3  7  6 13
 17  7 12 18 11 15  1  6 16 13  9  3  2  5  4 10  8 14
  4  6  8 13  3  1  5 10 11  7  2 14 17 16  9 18 15 12
