 14  9  8 11 12 13 10  6  2  1  3  4  7  5
  7  2  1  4  5  6  3 13  9  8 10 11 14 12
  1  3  2  5  6  7  4 14 10  9 11 12  8 13
  8 10  9 12 13 14 11  7  3  2  4  5  1  6
  2  4  3  6  7  1  5  8 11 10 12 13  9 14
  9 11 10 13 14  8 12  1  4  3  5  6  2  7
 10 12 11 14  8  9 13  2  5  4  6  7  3  1
  3  5  4  7  1  2  6  9 12 11 13 14 10  8
  4  6  5  1  2  3  7 10 13 12 14  8 11  9
 11 13 12  8  9 10 14  3  6  5  7  1  4  2
  5  7  6  2  3  4  1 11 14 13  8  9 12 10
 12 14 13  9 10 11  8  4  7  6  1  2  5  3
  6  1  7  3  4  5  2 12  8 14  9 10 13 11
 13  8 14 10 11 12  9  5  1  7  2  3  6  4
