 12 13  8  2  6  3  1 11 15  9  4  5 14  7 10
 10 15  9 11  4 12  5  7  8 14  2  6 13  3  1
  7  2  6  8 15 13 14  4 10 11  1  3  5 12  9
  5 14  1  7 10  9  6 12  3  8 15 13 11  2  4
  3 11  4  5 14  1  2  9 13  7 12 10 15  6  8
  8 12 10  6  2 14  7  5 11  4 13  1  9 15  3
  9  5 15 10 13  8 12  1  2  3  7 11  6  4 14
 13  7  3  9  1 11 10  8  4  6 14 15 12  5  2
  1  6  2  3  5  4 13 15 14 10  9 12  7  8 11
 11  4 14 12  7 15  9  3  6  5  8  2 10  1 13
  6  8 11 14  9 10 15  2 12  1  3  7  4 13  5
  4  1 12 15  8  5  3 10  9 13  6 14  2 11  7
 15  9 13  1 11  2  4 14  7 12  5  8  3 10  6
  2 10  7  4  3  6  8 13  5 15 11  9  1 14 12
 14  3  5 13 12  7 11  6  1  2 10  4  8  9 15
