  5  9 15 19  1 10  3  8 20 14 18 13  6 12 16  7 17 21  4  2 11
 11  5 10 13 20  1  7  6  3  2 16 19 21  8 12  9  4 18 17 15 14
 13 12  8 14 18 20  1  3  2 16  9 11 10 21  7 15  5 17  6 19  4
 16 13 17  1 19  8 14 10 11  4 21  5  9 18 20 12  7  2 15  6  3
  4  1  7 17 14 21 18  5 12 13 11  8 19  6 15 20  9  3  2 10 16
 20 11 19  7 10  6  2 14  9  3  4 21  5 17  8 18 16 13 12  1 15
 14 19  9  4 17 13 10  1 15  6  2 16  8  7 21  3 12 20 18 11  5
  9  6 16 20  5 14 15  4  1 21 19  2 11 13 18 10  8 12  7  3 17
 17  3  6 11  7 12 16 18 14  8 13 10  2 19  4 21 20 15  5  9  1
  1  4 21 16 13  3  6 20  7  5 14 18 12 11 19  2 15  9  8 17 10
  2 20  1  5 11 19 17 13  6 12  3  4 18 15  9  8 21 10 16 14  7
 12 15 18 10  4  5 20 21  8 17  6 14 16  1  3 19 13 11  9  7  2
  6  2  5  9 15 18 19 16 10 20  1  3 13  4 17 11 14  7 21 12  8
 21  8 11  2  9 15  4  7 18  1 20  6 14 16 13 17  3 19 10  5 12
  8 16 20  6  3  2 21 19  5  7 12 17 15 14 11 13 10  4  1 18  9
  7 14  4  3 16  9  5  2 19 11 15 12 17 10  6  1 18  8 13 21 20
 10 17  3 12  6 11  8  9 16 18  5 15  7  2  1  4 19 14 20 13 21
 18 21 13  8 12 17  9 15  4 10  7  1  3  5  2 16 11  6 14 20 19
  3  7 12 18  2 16 11 17 21 15 10 20  4  9 14  6  1  5 19  8 13
 19 10  2 15 21  4 13 12 17  9  8  7 20  3  5 14  6  1 11 16 18
 15 18 14 21  8  7 12 11 13 19 17  9  1 20 10  5  2 16  3  4  6
