  4  8  5  3  1  7  2  6 10 14 13 11 16  9 12 15 18 19 20 22 23 24 17 21 32 31 25 26 29 30 28 27
 12 16 13 11  9 15 10 14 18 22 21 19 24 17 20 23 26 27 28 30 31 32 25 29  8  7  1  2  5  6  4  3
 20 24 21 19 17 23 18 22 26 30 29 27 32 25 28 31  2  3  4  6  7  8  1  5 16 15  9 10 13 14 12 11
 28 32 29 27 25 31 26 30  2  6  5  3  8  1  4  7 10 11 12 14 15 16  9 13 24 23 17 18 21 22 20 19
 29 25 30 28 26 32 27 31  3  7  6  4  1  2  5  8 11 12 13 15 16  9 10 14 17 24 18 19 22 23 21 20
 13  9 14 12 10 16 11 15 19 23 22 20 17 18 21 24 27 28 29 31 32 25 26 30  1  8  2  3  6  7  5  4
 21 17 22 20 18 24 19 23 27 31 30 28 25 26 29 32  3  4  5  7  8  1  2  6  9 16 10 11 14 15 13 12
  5  1  6  4  2  8  3  7 11 15 14 12  9 10 13 16 19 20 21 23 24 17 18 22 25 32 26 27 30 31 29 28
 14 10 15 13 11  9 12 16 20 24 23 21 18 19 22 17 28 29 30 32 25 26 27 31  2  1  3  4  7  8  6  5
 30 26 31 29 27 25 28 32  4  8  7  5  2  3  6  1 12 13 14 16  9 10 11 15 18 17 19 20 23 24 22 21
  6  2  7  5  3  1  4  8 12 16 15 13 10 11 14  9 20 21 22 24 17 18 19 23 26 25 27 28 31 32 30 29
 22 18 23 21 19 17 20 24 28 32 31 29 26 27 30 25  4  5  6  8  1  2  3  7 10  9 11 12 15 16 14 13
 31 27 32 30 28 26 29 25  5  1  8  6  3  4  7  2 13 14 15  9 10 11 12 16 19 18 20 21 24 17 23 22
 15 11 16 14 12 10 13  9 21 17 24 22 19 20 23 18 29 30 31 25 26 27 28 32  3  2  4  5  8  1  7  6
 23 19 24 22 20 18 21 17 29 25 32 30 27 28 31 26  5  6  7  1  2  3  4  8 11 10 12 13 16  9 15 14
  7  3  8  6  4  2  5  1 13  9 16 14 11 12 15 10 21 22 23 17 18 19 20 24 27 26 28 29 32 25 31 30
 16 12  9 15 13 11 14 10 22 18 17 23 20 21 24 19 30 31 32 26 27 28 29 25  4  3  5  6  1  2  8  7
  8  4  1  7  5  3  6  2 14 10  9 15 12 13 16 11 22 23 24 18 19 20 21 17 28 27 29 30 25 26 32 31
 24 20 17 23 21 19 22 18 30 26 25 31 28 29 32 27  6  7  8  2  3  4  5  1 12 11 13 14  9 10 16 15
 32 28 25 31 29 27 30 26  6  2  1  7  4  5  8  3 14 15 16 10 11 12 13  9 20 19 21 22 17 18 24 23
 25 29 26 32 30 28 31 27  7  3  2  8  5  6  1  4 15 16  9 11 12 13 14 10 21 20 22 23 18 19 17 24
  1  5  2  8  6  4  7  3 15 11 10 16 13 14  9 12 23 24 17 19 20 21 22 18 29 28 30 31 26 27 25 32
  9 13 10 16 14 12 15 11 23 19 18 24 21 22 17 20 31 32 25 27 28 29 30 26  5  4  6  7  2  3  1  8
 17 21 18 24 22 20 23 19 31 27 26 32 29 30 25 28  7  8  1  3  4  5  6  2 13 12 14 15 10 11  9 16
 18 22 19 17 23 21 24 20 32 28 27 25 30 31 26 29  8  1  2  4  5  6  7  3 14 13 15 16 11 12 10  9
 26 30 27 25 31 29 32 28  8  4  3  1  6  7  2  5 16  9 10 12 13 14 15 11 22 21 23 24 19 20 18 17
 10 14 11  9 15 13 16 12 24 20 19 17 22 23 18 21 32 25 26 28 29 30 31 27  6  5  7  8  3  4  2  1
  2  6  3  1  7  5  8  4 16 12 11  9 14 15 10 13 24 17 18 20 21 22 23 19 30 29 31 32 27 28 26 25
 11 15 12 10 16 14  9 13 17 21 20 18 23 24 19 22 25 26 27 29 30 31 32 28  7  6  8  1  4  5  3  2
  3  7  4  2  8  6  1  5  9 13 12 10 15 16 11 14 17 18 19 21 22 23 24 20 31 30 32 25 28 29 27 26
 19 23 20 18 24 22 17 21 25 29 28 26 31 32 27 30  1  2  3  5  6  7  8  4 15 14 16  9 12 13 11 10
 27 31 28 26 32 30 25 29  1  5  4  2  7  8  3  6  9 10 11 13 14 15 16 12 23 22 24 17 20 21 19 18
