  1  8  2  5  6  3  4  7 16 13  9 10 12 15 11 14 20 23 21 18 19 17 24 22 32 27 26 30 28 31 29 25
 17 24 18 21 22 19 20 23 32 29 25 26 28 31 27 30  4  7  5  2  3  1  8  6 16 11 10 14 12 15 13  9
  9 16 10 13 14 11 12 15 24 21 17 18 20 23 19 22 28 31 29 26 27 25 32 30  8  3  2  6  4  7  5  1
 25 32 26 29 30 27 28 31  8  5  1  2  4  7  3  6 12 15 13 10 11  9 16 14 24 19 18 22 20 23 21 17
 26 25 27 30 31 28 29 32  1  6  2  3  5  8  4  7 13 16 14 11 12 10  9 15 17 20 19 23 21 24 22 18
 10  9 11 14 15 12 13 16 17 22 18 19 21 24 20 23 29 32 30 27 28 26 25 31  1  4  3  7  5  8  6  2
 18 17 19 22 23 20 21 24 25 30 26 27 29 32 28 31  5  8  6  3  4  2  1  7  9 12 11 15 13 16 14 10
  2  1  3  6  7  4  5  8  9 14 10 11 13 16 12 15 21 24 22 19 20 18 17 23 25 28 27 31 29 32 30 26
 11 10 12 15 16 13 14  9 18 23 19 20 22 17 21 24 30 25 31 28 29 27 26 32  2  5  4  8  6  1  7  3
 27 26 28 31 32 29 30 25  2  7  3  4  6  1  5  8 14  9 15 12 13 11 10 16 18 21 20 24 22 17 23 19
  3  2  4  7  8  5  6  1 10 15 11 12 14  9 13 16 22 17 23 20 21 19 18 24 26 29 28 32 30 25 31 27
 19 18 20 23 24 21 22 17 26 31 27 28 30 25 29 32  6  1  7  4  5  3  2  8 10 13 12 16 14  9 15 11
 20 19 21 24 17 22 23 18 27 32 28 29 31 26 30 25  7  2  8  5  6  4  3  1 11 14 13  9 15 10 16 12
 12 11 13 16  9 14 15 10 19 24 20 21 23 18 22 17 31 26 32 29 30 28 27 25  3  6  5  1  7  2  8  4
 28 27 29 32 25 30 31 26  3  8  4  5  7  2  6  1 15 10 16 13 14 12 11  9 19 22 21 17 23 18 24 20
  4  3  5  8  1  6  7  2 11 16 12 13 15 10 14  9 23 18 24 21 22 20 19 17 27 30 29 25 31 26 32 28
  5  4  6  1  2  7  8  3 12  9 13 14 16 11 15 10 24 19 17 22 23 21 20 18 28 31 30 26 32 27 25 29
 29 28 30 25 26 31 32 27  4  1  5  6  8  3  7  2 16 11  9 14 15 13 12 10 20 23 22 18 24 19 17 21
 13 12 14  9 10 15 16 11 20 17 21 22 24 19 23 18 32 27 25 30 31 29 28 26  4  7  6  2  8  3  1  5
 21 20 22 17 18 23 24 19 28 25 29 30 32 27 31 26  8  3  1  6  7  5  4  2 12 15 14 10 16 11  9 13
 14 13 15 10 11 16  9 12 21 18 22 23 17 20 24 19 25 28 26 31 32 30 29 27  5  8  7  3  1  4  2  6
 22 21 23 18 19 24 17 20 29 26 30 31 25 28 32 27  1  4  2  7  8  6  5  3 13 16 15 11  9 12 10 14
  6  5  7  2  3  8  1  4 13 10 14 15  9 12 16 11 17 20 18 23 24 22 21 19 29 32 31 27 25 28 26 30
 30 29 31 26 27 32 25 28  5  2  6  7  1  4  8  3  9 12 10 15 16 14 13 11 21 24 23 19 17 20 18 22
  7  6  8  3  4  1  2  5 14 11 15 16 10 13  9 12 18 21 19 24 17 23 22 20 30 25 32 28 26 29 27 31
 15 14 16 11 12  9 10 13 22 19 23 24 18 21 17 20 26 29 27 32 25 31 30 28  6  1  8  4  2  5  3  7
 23 22 24 19 20 17 18 21 30 27 31 32 26 29 25 28  2  5  3  8  1  7  6  4 14  9 16 12 10 13 11 15
 31 30 32 27 28 25 26 29  6  3  7  8  2  5  1  4 10 13 11 16  9 15 14 12 22 17 24 20 18 21 19 23
 16 15  9 12 13 10 11 14 23 20 24 17 19 22 18 21 27 30 28 25 26 32 31 29  7  2  1  5  3  6  4  8
  8  7  1  4  5  2  3  6 15 12 16  9 11 14 10 13 19 22 20 17 18 24 23 21 31 26 25 29 27 30 28 32
 32 31 25 28 29 26 27 30  7  4  8  1  3  6  2  5 11 14 12  9 10 16 15 13 23 18 17 21 19 22 20 24
 24 23 17 20 21 18 19 22 31 28 32 25 27 30 26 29  3  6  4  1  2  8  7  5 15 10  9 13 11 14 12 16
