 17 24 21 20 22 18 19 23 25 31 26 27 28 32 30 29  8  3  6  5  7  2  4  1 14 15  9 11 10 12 13 16
  1  8  5  4  6  2  3  7  9 15 10 11 12 16 14 13 24 19 22 21 23 18 20 17 30 31 25 27 26 28 29 32
 25 32 29 28 30 26 27 31  1  7  2  3  4  8  6  5 16 11 14 13 15 10 12  9 22 23 17 19 18 20 21 24
  9 16 13 12 14 10 11 15 17 23 18 19 20 24 22 21 32 27 30 29 31 26 28 25  6  7  1  3  2  4  5  8
 10  9 14 13 15 11 12 16 18 24 19 20 21 17 23 22 25 28 31 30 32 27 29 26  7  8  2  4  3  5  6  1
  2  1  6  5  7  3  4  8 10 16 11 12 13  9 15 14 17 20 23 22 24 19 21 18 31 32 26 28 27 29 30 25
 26 25 30 29 31 27 28 32  2  8  3  4  5  1  7  6  9 12 15 14 16 11 13 10 23 24 18 20 19 21 22 17
 18 17 22 21 23 19 20 24 26 32 27 28 29 25 31 30  1  4  7  6  8  3  5  2 15 16 10 12 11 13 14  9
  3  2  7  6  8  4  5  1 11  9 12 13 14 10 16 15 18 21 24 23 17 20 22 19 32 25 27 29 28 30 31 26
 27 26 31 30 32 28 29 25  3  1  4  5  6  2  8  7 10 13 16 15  9 12 14 11 24 17 19 21 20 22 23 18
 11 10 15 14 16 12 13  9 19 17 20 21 22 18 24 23 26 29 32 31 25 28 30 27  8  1  3  5  4  6  7  2
 19 18 23 22 24 20 21 17 27 25 28 29 30 26 32 31  2  5  8  7  1  4  6  3 16  9 11 13 12 14 15 10
 20 19 24 23 17 21 22 18 28 26 29 30 31 27 25 32  3  6  1  8  2  5  7  4  9 10 12 14 13 15 16 11
 28 27 32 31 25 29 30 26  4  2  5  6  7  3  1  8 11 14  9 16 10 13 15 12 17 18 20 22 21 23 24 19
 12 11 16 15  9 13 14 10 20 18 21 22 23 19 17 24 27 30 25 32 26 29 31 28  1  2  4  6  5  7  8  3
  4  3  8  7  1  5  6  2 12 10 13 14 15 11  9 16 19 22 17 24 18 21 23 20 25 26 28 30 29 31 32 27
 21 20 17 24 18 22 23 19 29 27 30 31 32 28 26 25  4  7  2  1  3  6  8  5 10 11 13 15 14 16  9 12
 13 12  9 16 10 14 15 11 21 19 22 23 24 20 18 17 28 31 26 25 27 30 32 29  2  3  5  7  6  8  1  4
 29 28 25 32 26 30 31 27  5  3  6  7  8  4  2  1 12 15 10  9 11 14 16 13 18 19 21 23 22 24 17 20
  5  4  1  8  2  6  7  3 13 11 14 15 16 12 10  9 20 23 18 17 19 22 24 21 26 27 29 31 30 32 25 28
 14 13 10  9 11 15 16 12 22 20 23 24 17 21 19 18 29 32 27 26 28 31 25 30  3  4  6  8  7  1  2  5
 22 21 18 17 19 23 24 20 30 28 31 32 25 29 27 26  5  8  3  2  4  7  1  6 11 12 14 16 15  9 10 13
 30 29 26 25 27 31 32 28  6  4  7  8  1  5  3  2 13 16 11 10 12 15  9 14 19 20 22 24 23 17 18 21
  6  5  2  1  3  7  8  4 14 12 15 16  9 13 11 10 21 24 19 18 20 23 17 22 27 28 30 32 31 25 26 29
 31 30 27 26 28 32 25 29  7  5  8  1  2  6  4  3 14  9 12 11 13 16 10 15 20 21 23 17 24 18 19 22
  7  6  3  2  4  8  1  5 15 13 16  9 10 14 12 11 22 17 20 19 21 24 18 23 28 29 31 25 32 26 27 30
 15 14 11 10 12 16  9 13 23 21 24 17 18 22 20 19 30 25 28 27 29 32 26 31  4  5  7  1  8  2  3  6
 23 22 19 18 20 24 17 21 31 29 32 25 26 30 28 27  6  1  4  3  5  8  2  7 12 13 15  9 16 10 11 14
 32 31 28 27 29 25 26 30  8  6  1  2  3  7  5  4 15 10 13 12 14  9 11 16 21 22 24 18 17 19 20 23
 24 23 20 19 21 17 18 22 32 30 25 26 27 31 29 28  7  2  5  4  6  1  3  8 13 14 16 10  9 11 12 15
  8  7  4  3  5  1  2  6 16 14  9 10 11 15 13 12 23 18 21 20 22 17 19 24 29 30 32 26 25 27 28 31
 16 15 12 11 13  9 10 14 24 22 17 18 19 23 21 20 31 26 29 28 30 25 27 32  5  6  8  2  1  3  4  7
