 13 14 15 17 16 18 21 19 20  1  3  2  5  4  6  7  8  9 11 10 12
 10 11 12 14 13 15 18 16 17 19 21 20  2  1  3  4  5  6  8  7  9
 19 20 21  2  1  3  6  4  5  7  9  8 11 10 12 13 14 15 17 16 18
  1  2  3  5  4  6  9  7  8 10 12 11 14 13 15 16 17 18 20 19 21
  4  5  6  8  7  9 12 10 11 13 15 14 17 16 18 19 20 21  2  1  3
  7  8  9 11 10 12 15 13 14 16 18 17 20 19 21  1  2  3  5  4  6
 16 17 18 20 19 21  3  1  2  4  6  5  8  7  9 10 11 12 14 13 15
  5  6  4  9  8  7 10 11 12 14 13 15 18 17 16 20 21 19  3  2  1
 14 15 13 18 17 16 19 20 21  2  1  3  6  5  4  8  9  7 12 11 10
 17 18 16 21 20 19  1  2  3  5  4  6  9  8  7 11 12 10 15 14 13
 20 21 19  3  2  1  4  5  6  8  7  9 12 11 10 14 15 13 18 17 16
  2  3  1  6  5  4  7  8  9 11 10 12 15 14 13 17 18 16 21 20 19
  8  9  7 12 11 10 13 14 15 17 16 18 21 20 19  2  3  1  6  5  4
 11 12 10 15 14 13 16 17 18 20 19 21  3  2  1  5  6  4  9  8  7
 21 19 20  1  3  2  5  6  4  9  8  7 10 12 11 15 13 14 16 18 17
 15 13 14 16 18 17 20 21 19  3  2  1  4  6  5  9  7  8 10 12 11
 12 10 11 13 15 14 17 18 16 21 20 19  1  3  2  6  4  5  7  9  8
 18 16 17 19 21 20  2  3  1  6  5  4  7  9  8 12 10 11 13 15 14
  3  1  2  4  6  5  8  9  7 12 11 10 13 15 14 18 16 17 19 21 20
  9  7  8 10 12 11 14 15 13 18 17 16 19 21 20  3  1  2  4  6  5
  6  4  5  7  9  8 11 12 10 15 14 13 16 18 17 21 19 20  1  3  2
