 72 76 75 77 78 79 73 80 71 74  5  3  9  2 10  6  4  7  8  1 14 17 19 13 20 11 16 18 15 12 23 30 25 21 22 28 27 29 24 26 37 31 33 40 39 38 32 35 36 34 49 42 45 41 44 47 48 43 50 46 58 57 60 59 56 55 51 53 54 52 61 66 68 62 65 70 69 64 63 67
 12 16 15 17 18 19 13 20 11 14 25 23 29 22 30 26 24 27 28 21 34 37 39 33 40 31 36 38 35 32 43 50 45 41 42 48 47 49 44 46 57 51 53 60 59 58 52 55 56 54 69 62 65 61 64 67 68 63 70 66 78 77 80 79 76 75 71 73 74 72  1  6  8  2  5 10  9  4  3  7
 32 36 35 37 38 39 33 40 31 34 45 43 49 42 50 46 44 47 48 41 54 57 59 53 60 51 56 58 55 52 63 70 65 61 62 68 67 69 64 66 77 71 73 80 79 78 72 75 76 74  9  2  5  1  4  7  8  3 10  6 18 17 20 19 16 15 11 13 14 12 21 26 28 22 25 30 29 24 23 27
  2  6  5  7  8  9  3 10  1  4 15 13 19 12 20 16 14 17 18 11 24 27 29 23 30 21 26 28 25 22 33 40 35 31 32 38 37 39 34 36 47 41 43 50 49 48 42 45 46 44 59 52 55 51 54 57 58 53 60 56 68 67 70 69 66 65 61 63 64 62 71 76 78 72 75 80 79 74 73 77
 52 56 55 57 58 59 53 60 51 54 65 63 69 62 70 66 64 67 68 61 74 77 79 73 80 71 76 78 75 72  3 10  5  1  2  8  7  9  4  6 17 11 13 20 19 18 12 15 16 14 29 22 25 21 24 27 28 23 30 26 38 37 40 39 36 35 31 33 34 32 41 46 48 42 45 50 49 44 43 47
 22 26 25 27 28 29 23 30 21 24 35 33 39 32 40 36 34 37 38 31 44 47 49 43 50 41 46 48 45 42 53 60 55 51 52 58 57 59 54 56 67 61 63 70 69 68 62 65 66 64 79 72 75 71 74 77 78 73 80 76  8  7 10  9  6  5  1  3  4  2 11 16 18 12 15 20 19 14 13 17
 42 46 45 47 48 49 43 50 41 44 55 53 59 52 60 56 54 57 58 51 64 67 69 63 70 61 66 68 65 62 73 80 75 71 72 78 77 79 74 76  7  1  3 10  9  8  2  5  6  4 19 12 15 11 14 17 18 13 20 16 28 27 30 29 26 25 21 23 24 22 31 36 38 32 35 40 39 34 33 37
 62 66 65 67 68 69 63 70 61 64 75 73 79 72 80 76 74 77 78 71  4  7  9  3 10  1  6  8  5  2 13 20 15 11 12 18 17 19 14 16 27 21 23 30 29 28 22 25 26 24 39 32 35 31 34 37 38 33 40 36 48 47 50 49 46 45 41 43 44 42 51 56 58 52 55 60 59 54 53 57
 43 47 46 48 49 50 44 41 42 45 56 54 60 53 51 57 55 58 59 52 65 68 70 64 61 62 67 69 66 63 74 71 76 72 73 79 78 80 75 77  8  2  4  1 10  9  3  6  7  5 20 13 16 12 15 18 19 14 11 17 29 28 21 30 27 26 22 24 25 23 32 37 39 33 36 31 40 35 34 38
 13 17 16 18 19 20 14 11 12 15 26 24 30 23 21 27 25 28 29 22 35 38 40 34 31 32 37 39 36 33 44 41 46 42 43 49 48 50 45 47 58 52 54 51 60 59 53 56 57 55 70 63 66 62 65 68 69 64 61 67 79 78 71 80 77 76 72 74 75 73  2  7  9  3  6  1 10  5  4  8
  3  7  6  8  9 10  4  1  2  5 16 14 20 13 11 17 15 18 19 12 25 28 30 24 21 22 27 29 26 23 34 31 36 32 33 39 38 40 35 37 48 42 44 41 50 49 43 46 47 45 60 53 56 52 55 58 59 54 51 57 69 68 61 70 67 66 62 64 65 63 72 77 79 73 76 71 80 75 74 78
 23 27 26 28 29 30 24 21 22 25 36 34 40 33 31 37 35 38 39 32 45 48 50 44 41 42 47 49 46 43 54 51 56 52 53 59 58 60 55 57 68 62 64 61 70 69 63 66 67 65 80 73 76 72 75 78 79 74 71 77  9  8  1 10  7  6  2  4  5  3 12 17 19 13 16 11 20 15 14 18
 73 77 76 78 79 80 74 71 72 75  6  4 10  3  1  7  5  8  9  2 15 18 20 14 11 12 17 19 16 13 24 21 26 22 23 29 28 30 25 27 38 32 34 31 40 39 33 36 37 35 50 43 46 42 45 48 49 44 41 47 59 58 51 60 57 56 52 54 55 53 62 67 69 63 66 61 70 65 64 68
 63 67 66 68 69 70 64 61 62 65 76 74 80 73 71 77 75 78 79 72  5  8 10  4  1  2  7  9  6  3 14 11 16 12 13 19 18 20 15 17 28 22 24 21 30 29 23 26 27 25 40 33 36 32 35 38 39 34 31 37 49 48 41 50 47 46 42 44 45 43 52 57 59 53 56 51 60 55 54 58
 53 57 56 58 59 60 54 51 52 55 66 64 70 63 61 67 65 68 69 62 75 78 80 74 71 72 77 79 76 73  4  1  6  2  3  9  8 10  5  7 18 12 14 11 20 19 13 16 17 15 30 23 26 22 25 28 29 24 21 27 39 38 31 40 37 36 32 34 35 33 42 47 49 43 46 41 50 45 44 48
 33 37 36 38 39 40 34 31 32 35 46 44 50 43 41 47 45 48 49 42 55 58 60 54 51 52 57 59 56 53 64 61 66 62 63 69 68 70 65 67 78 72 74 71 80 79 73 76 77 75 10  3  6  2  5  8  9  4  1  7 19 18 11 20 17 16 12 14 15 13 22 27 29 23 26 21 30 25 24 28
 24 28 27 29 30 21 25 22 23 26 37 35 31 34 32 38 36 39 40 33 46 49 41 45 42 43 48 50 47 44 55 52 57 53 54 60 59 51 56 58 69 63 65 62 61 70 64 67 68 66 71 74 77 73 76 79 80 75 72 78 10  9  2  1  8  7  3  5  6  4 13 18 20 14 17 12 11 16 15 19
 14 18 17 19 20 11 15 12 13 16 27 25 21 24 22 28 26 29 30 23 36 39 31 35 32 33 38 40 37 34 45 42 47 43 44 50 49 41 46 48 59 53 55 52 51 60 54 57 58 56 61 64 67 63 66 69 70 65 62 68 80 79 72 71 78 77 73 75 76 74  3  8 10  4  7  2  1  6  5  9
 74 78 77 79 80 71 75 72 73 76  7  5  1  4  2  8  6  9 10  3 16 19 11 15 12 13 18 20 17 14 25 22 27 23 24 30 29 21 26 28 39 33 35 32 31 40 34 37 38 36 41 44 47 43 46 49 50 45 42 48 60 59 52 51 58 57 53 55 56 54 63 68 70 64 67 62 61 66 65 69
  4  8  7  9 10  1  5  2  3  6 17 15 11 14 12 18 16 19 20 13 26 29 21 25 22 23 28 30 27 24 35 32 37 33 34 40 39 31 36 38 49 43 45 42 41 50 44 47 48 46 51 54 57 53 56 59 60 55 52 58 70 69 62 61 68 67 63 65 66 64 73 78 80 74 77 72 71 76 75 79
 44 48 47 49 50 41 45 42 43 46 57 55 51 54 52 58 56 59 60 53 66 69 61 65 62 63 68 70 67 64 75 72 77 73 74 80 79 71 76 78  9  3  5  2  1 10  4  7  8  6 11 14 17 13 16 19 20 15 12 18 30 29 22 21 28 27 23 25 26 24 33 38 40 34 37 32 31 36 35 39
 64 68 67 69 70 61 65 62 63 66 77 75 71 74 72 78 76 79 80 73  6  9  1  5  2  3  8 10  7  4 15 12 17 13 14 20 19 11 16 18 29 23 25 22 21 30 24 27 28 26 31 34 37 33 36 39 40 35 32 38 50 49 42 41 48 47 43 45 46 44 53 58 60 54 57 52 51 56 55 59
 34 38 37 39 40 31 35 32 33 36 47 45 41 44 42 48 46 49 50 43 56 59 51 55 52 53 58 60 57 54 65 62 67 63 64 70 69 61 66 68 79 73 75 72 71 80 74 77 78 76  1  4  7  3  6  9 10  5  2  8 20 19 12 11 18 17 13 15 16 14 23 28 30 24 27 22 21 26 25 29
 54 58 57 59 60 51 55 52 53 56 67 65 61 64 62 68 66 69 70 63 76 79 71 75 72 73 78 80 77 74  5  2  7  3  4 10  9  1  6  8 19 13 15 12 11 20 14 17 18 16 21 24 27 23 26 29 30 25 22 28 40 39 32 31 38 37 33 35 36 34 43 48 50 44 47 42 41 46 45 49
 15 19 18 20 11 12 16 13 14 17 28 26 22 25 23 29 27 30 21 24 37 40 32 36 33 34 39 31 38 35 46 43 48 44 45 41 50 42 47 49 60 54 56 53 52 51 55 58 59 57 62 65 68 64 67 70 61 66 63 69 71 80 73 72 79 78 74 76 77 75  4  9  1  5  8  3  2  7  6 10
 45 49 48 50 41 42 46 43 44 47 58 56 52 55 53 59 57 60 51 54 67 70 62 66 63 64 69 61 68 65 76 73 78 74 75 71 80 72 77 79 10  4  6  3  2  1  5  8  9  7 12 15 18 14 17 20 11 16 13 19 21 30 23 22 29 28 24 26 27 25 34 39 31 35 38 33 32 37 36 40
 55 59 58 60 51 52 56 53 54 57 68 66 62 65 63 69 67 70 61 64 77 80 72 76 73 74 79 71 78 75  6  3  8  4  5  1 10  2  7  9 20 14 16 13 12 11 15 18 19 17 22 25 28 24 27 30 21 26 23 29 31 40 33 32 39 38 34 36 37 35 44 49 41 45 48 43 42 47 46 50
 35 39 38 40 31 32 36 33 34 37 48 46 42 45 43 49 47 50 41 44 57 60 52 56 53 54 59 51 58 55 66 63 68 64 65 61 70 62 67 69 80 74 76 73 72 71 75 78 79 77  2  5  8  4  7 10  1  6  3  9 11 20 13 12 19 18 14 16 17 15 24 29 21 25 28 23 22 27 26 30
 65 69 68 70 61 62 66 63 64 67 78 76 72 75 73 79 77 80 71 74  7 10  2  6  3  4  9  1  8  5 16 13 18 14 15 11 20 12 17 19 30 24 26 23 22 21 25 28 29 27 32 35 38 34 37 40 31 36 33 39 41 50 43 42 49 48 44 46 47 45 54 59 51 55 58 53 52 57 56 60
 75 79 78 80 71 72 76 73 74 77  8  6  2  5  3  9  7 10  1  4 17 20 12 16 13 14 19 11 18 15 26 23 28 24 25 21 30 22 27 29 40 34 36 33 32 31 35 38 39 37 42 45 48 44 47 50 41 46 43 49 51 60 53 52 59 58 54 56 57 55 64 69 61 65 68 63 62 67 66 70
  5  9  8 10  1  2  6  3  4  7 18 16 12 15 13 19 17 20 11 14 27 30 22 26 23 24 29 21 28 25 36 33 38 34 35 31 40 32 37 39 50 44 46 43 42 41 45 48 49 47 52 55 58 54 57 60 51 56 53 59 61 70 63 62 69 68 64 66 67 65 74 79 71 75 78 73 72 77 76 80
 25 29 28 30 21 22 26 23 24 27 38 36 32 35 33 39 37 40 31 34 47 50 42 46 43 44 49 41 48 45 56 53 58 54 55 51 60 52 57 59 70 64 66 63 62 61 65 68 69 67 72 75 78 74 77 80 71 76 73 79  1 10  3  2  9  8  4  6  7  5 14 19 11 15 18 13 12 17 16 20
 56 60 59 51 52 53 57 54 55 58 69 67 63 66 64 70 68 61 62 65 78 71 73 77 74 75 80 72 79 76  7  4  9  5  6  2  1  3  8 10 11 15 17 14 13 12 16 19 20 18 23 26 29 25 28 21 22 27 24 30 32 31 34 33 40 39 35 37 38 36 45 50 42 46 49 44 43 48 47 41
 76 80 79 71 72 73 77 74 75 78  9  7  3  6  4 10  8  1  2  5 18 11 13 17 14 15 20 12 19 16 27 24 29 25 26 22 21 23 28 30 31 35 37 34 33 32 36 39 40 38 43 46 49 45 48 41 42 47 44 50 52 51 54 53 60 59 55 57 58 56 65 70 62 66 69 64 63 68 67 61
 16 20 19 11 12 13 17 14 15 18 29 27 23 26 24 30 28 21 22 25 38 31 33 37 34 35 40 32 39 36 47 44 49 45 46 42 41 43 48 50 51 55 57 54 53 52 56 59 60 58 63 66 69 65 68 61 62 67 64 70 72 71 74 73 80 79 75 77 78 76  5 10  2  6  9  4  3  8  7  1
 26 30 29 21 22 23 27 24 25 28 39 37 33 36 34 40 38 31 32 35 48 41 43 47 44 45 50 42 49 46 57 54 59 55 56 52 51 53 58 60 61 65 67 64 63 62 66 69 70 68 73 76 79 75 78 71 72 77 74 80  2  1  4  3 10  9  5  7  8  6 15 20 12 16 19 14 13 18 17 11
 46 50 49 41 42 43 47 44 45 48 59 57 53 56 54 60 58 51 52 55 68 61 63 67 64 65 70 62 69 66 77 74 79 75 76 72 71 73 78 80  1  5  7  4  3  2  6  9 10  8 13 16 19 15 18 11 12 17 14 20 22 21 24 23 30 29 25 27 28 26 35 40 32 36 39 34 33 38 37 31
  6 10  9  1  2  3  7  4  5  8 19 17 13 16 14 20 18 11 12 15 28 21 23 27 24 25 30 22 29 26 37 34 39 35 36 32 31 33 38 40 41 45 47 44 43 42 46 49 50 48 53 56 59 55 58 51 52 57 54 60 62 61 64 63 70 69 65 67 68 66 75 80 72 76 79 74 73 78 77 71
 36 40 39 31 32 33 37 34 35 38 49 47 43 46 44 50 48 41 42 45 58 51 53 57 54 55 60 52 59 56 67 64 69 65 66 62 61 63 68 70 71 75 77 74 73 72 76 79 80 78  3  6  9  5  8  1  2  7  4 10 12 11 14 13 20 19 15 17 18 16 25 30 22 26 29 24 23 28 27 21
 66 70 69 61 62 63 67 64 65 68 79 77 73 76 74 80 78 71 72 75  8  1  3  7  4  5 10  2  9  6 17 14 19 15 16 12 11 13 18 20 21 25 27 24 23 22 26 29 30 28 33 36 39 35 38 31 32 37 34 40 42 41 44 43 50 49 45 47 48 46 55 60 52 56 59 54 53 58 57 51
 57 51 60 52 53 54 58 55 56 59 70 68 64 67 65 61 69 62 63 66 79 72 74 78 75 76 71 73 80 77  8  5 10  6  7  3  2  4  9  1 12 16 18 15 14 13 17 20 11 19 24 27 30 26 29 22 23 28 25 21 33 32 35 34 31 40 36 38 39 37 46 41 43 47 50 45 44 49 48 42
 27 21 30 22 23 24 28 25 26 29 40 38 34 37 35 31 39 32 33 36 49 42 44 48 45 46 41 43 50 47 58 55 60 56 57 53 52 54 59 51 62 66 68 65 64 63 67 70 61 69 74 77 80 76 79 72 73 78 75 71  3  2  5  4  1 10  6  8  9  7 16 11 13 17 20 15 14 19 18 12
 17 11 20 12 13 14 18 15 16 19 30 28 24 27 25 21 29 22 23 26 39 32 34 38 35 36 31 33 40 37 48 45 50 46 47 43 42 44 49 41 52 56 58 55 54 53 57 60 51 59 64 67 70 66 69 62 63 68 65 61 73 72 75 74 71 80 76 78 79 77  6  1  3  7 10  5  4  9  8  2
 67 61 70 62 63 64 68 65 66 69 80 78 74 77 75 71 79 72 73 76  9  2  4  8  5  6  1  3 10  7 18 15 20 16 17 13 12 14 19 11 22 26 28 25 24 23 27 30 21 29 34 37 40 36 39 32 33 38 35 31 43 42 45 44 41 50 46 48 49 47 56 51 53 57 60 55 54 59 58 52
 37 31 40 32 33 34 38 35 36 39 50 48 44 47 45 41 49 42 43 46 59 52 54 58 55 56 51 53 60 57 68 65 70 66 67 63 62 64 69 61 72 76 78 75 74 73 77 80 71 79  4  7 10  6  9  2  3  8  5  1 13 12 15 14 11 20 16 18 19 17 26 21 23 27 30 25 24 29 28 22
  7  1 10  2  3  4  8  5  6  9 20 18 14 17 15 11 19 12 13 16 29 22 24 28 25 26 21 23 30 27 38 35 40 36 37 33 32 34 39 31 42 46 48 45 44 43 47 50 41 49 54 57 60 56 59 52 53 58 55 51 63 62 65 64 61 70 66 68 69 67 76 71 73 77 80 75 74 79 78 72
 47 41 50 42 43 44 48 45 46 49 60 58 54 57 55 51 59 52 53 56 69 62 64 68 65 66 61 63 70 67 78 75 80 76 77 73 72 74 79 71  2  6  8  5  4  3  7 10  1  9 14 17 20 16 19 12 13 18 15 11 23 22 25 24 21 30 26 28 29 27 36 31 33 37 40 35 34 39 38 32
 77 71 80 72 73 74 78 75 76 79 10  8  4  7  5  1  9  2  3  6 19 12 14 18 15 16 11 13 20 17 28 25 30 26 27 23 22 24 29 21 32 36 38 35 34 33 37 40 31 39 44 47 50 46 49 42 43 48 45 41 53 52 55 54 51 60 56 58 59 57 66 61 63 67 70 65 64 69 68 62
 38 32 31 33 34 35 39 36 37 40 41 49 45 48 46 42 50 43 44 47 60 53 55 59 56 57 52 54 51 58 69 66 61 67 68 64 63 65 70 62 73 77 79 76 75 74 78 71 72 80  5  8  1  7 10  3  4  9  6  2 14 13 16 15 12 11 17 19 20 18 27 22 24 28 21 26 25 30 29 23
 58 52 51 53 54 55 59 56 57 60 61 69 65 68 66 62 70 63 64 67 80 73 75 79 76 77 72 74 71 78  9  6  1  7  8  4  3  5 10  2 13 17 19 16 15 14 18 11 12 20 25 28 21 27 30 23 24 29 26 22 34 33 36 35 32 31 37 39 40 38 47 42 44 48 41 46 45 50 49 43
 78 72 71 73 74 75 79 76 77 80  1  9  5  8  6  2 10  3  4  7 20 13 15 19 16 17 12 14 11 18 29 26 21 27 28 24 23 25 30 22 33 37 39 36 35 34 38 31 32 40 45 48 41 47 50 43 44 49 46 42 54 53 56 55 52 51 57 59 60 58 67 62 64 68 61 66 65 70 69 63
  8  2  1  3  4  5  9  6  7 10 11 19 15 18 16 12 20 13 14 17 30 23 25 29 26 27 22 24 21 28 39 36 31 37 38 34 33 35 40 32 43 47 49 46 45 44 48 41 42 50 55 58 51 57 60 53 54 59 56 52 64 63 66 65 62 61 67 69 70 68 77 72 74 78 71 76 75 80 79 73
 28 22 21 23 24 25 29 26 27 30 31 39 35 38 36 32 40 33 34 37 50 43 45 49 46 47 42 44 41 48 59 56 51 57 58 54 53 55 60 52 63 67 69 66 65 64 68 61 62 70 75 78 71 77 80 73 74 79 76 72  4  3  6  5  2  1  7  9 10  8 17 12 14 18 11 16 15 20 19 13
 68 62 61 63 64 65 69 66 67 70 71 79 75 78 76 72 80 73 74 77 10  3  5  9  6  7  2  4  1  8 19 16 11 17 18 14 13 15 20 12 23 27 29 26 25 24 28 21 22 30 35 38 31 37 40 33 34 39 36 32 44 43 46 45 42 41 47 49 50 48 57 52 54 58 51 56 55 60 59 53
 48 42 41 43 44 45 49 46 47 50 51 59 55 58 56 52 60 53 54 57 70 63 65 69 66 67 62 64 61 68 79 76 71 77 78 74 73 75 80 72  3  7  9  6  5  4  8  1  2 10 15 18 11 17 20 13 14 19 16 12 24 23 26 25 22 21 27 29 30 28 37 32 34 38 31 36 35 40 39 33
 18 12 11 13 14 15 19 16 17 20 21 29 25 28 26 22 30 23 24 27 40 33 35 39 36 37 32 34 31 38 49 46 41 47 48 44 43 45 50 42 53 57 59 56 55 54 58 51 52 60 65 68 61 67 70 63 64 69 66 62 74 73 76 75 72 71 77 79 80 78  7  2  4  8  1  6  5 10  9  3
  9  3  2  4  5  6 10  7  8  1 12 20 16 19 17 13 11 14 15 18 21 24 26 30 27 28 23 25 22 29 40 37 32 38 39 35 34 36 31 33 44 48 50 47 46 45 49 42 43 41 56 59 52 58 51 54 55 60 57 53 65 64 67 66 63 62 68 70 61 69 78 73 75 79 72 77 76 71 80 74
 39 33 32 34 35 36 40 37 38 31 42 50 46 49 47 43 41 44 45 48 51 54 56 60 57 58 53 55 52 59 70 67 62 68 69 65 64 66 61 63 74 78 80 77 76 75 79 72 73 71  6  9  2  8  1  4  5 10  7  3 15 14 17 16 13 12 18 20 11 19 28 23 25 29 22 27 26 21 30 24
 49 43 42 44 45 46 50 47 48 41 52 60 56 59 57 53 51 54 55 58 61 64 66 70 67 68 63 65 62 69 80 77 72 78 79 75 74 76 71 73  4  8 10  7  6  5  9  2  3  1 16 19 12 18 11 14 15 20 17 13 25 24 27 26 23 22 28 30 21 29 38 33 35 39 32 37 36 31 40 34
 29 23 22 24 25 26 30 27 28 21 32 40 36 39 37 33 31 34 35 38 41 44 46 50 47 48 43 45 42 49 60 57 52 58 59 55 54 56 51 53 64 68 70 67 66 65 69 62 63 61 76 79 72 78 71 74 75 80 77 73  5  4  7  6  3  2  8 10  1  9 18 13 15 19 12 17 16 11 20 14
 59 53 52 54 55 56 60 57 58 51 62 70 66 69 67 63 61 64 65 68 71 74 76 80 77 78 73 75 72 79 10  7  2  8  9  5  4  6  1  3 14 18 20 17 16 15 19 12 13 11 26 29 22 28 21 24 25 30 27 23 35 34 37 36 33 32 38 40 31 39 48 43 45 49 42 47 46 41 50 44
 79 73 72 74 75 76 80 77 78 71  2 10  6  9  7  3  1  4  5  8 11 14 16 20 17 18 13 15 12 19 30 27 22 28 29 25 24 26 21 23 34 38 40 37 36 35 39 32 33 31 46 49 42 48 41 44 45 50 47 43 55 54 57 56 53 52 58 60 51 59 68 63 65 69 62 67 66 61 70 64
 19 13 12 14 15 16 20 17 18 11 22 30 26 29 27 23 21 24 25 28 31 34 36 40 37 38 33 35 32 39 50 47 42 48 49 45 44 46 41 43 54 58 60 57 56 55 59 52 53 51 66 69 62 68 61 64 65 70 67 63 75 74 77 76 73 72 78 80 71 79  8  3  5  9  2  7  6  1 10  4
 69 63 62 64 65 66 70 67 68 61 72 80 76 79 77 73 71 74 75 78  1  4  6 10  7  8  3  5  2  9 20 17 12 18 19 15 14 16 11 13 24 28 30 27 26 25 29 22 23 21 36 39 32 38 31 34 35 40 37 33 45 44 47 46 43 42 48 50 41 49 58 53 55 59 52 57 56 51 60 54
 40 34 33 35 36 37 31 38 39 32 43 41 47 50 48 44 42 45 46 49 52 55 57 51 58 59 54 56 53 60 61 68 63 69 70 66 65 67 62 64 75 79 71 78 77 76 80 73 74 72  7 10  3  9  2  5  6  1  8  4 16 15 18 17 14 13 19 11 12 20 29 24 26 30 23 28 27 22 21 25
 30 24 23 25 26 27 21 28 29 22 33 31 37 40 38 34 32 35 36 39 42 45 47 41 48 49 44 46 43 50 51 58 53 59 60 56 55 57 52 54 65 69 61 68 67 66 70 63 64 62 77 80 73 79 72 75 76 71 78 74  6  5  8  7  4  3  9  1  2 10 19 14 16 20 13 18 17 12 11 15
 70 64 63 65 66 67 61 68 69 62 73 71 77 80 78 74 72 75 76 79  2  5  7  1  8  9  4  6  3 10 11 18 13 19 20 16 15 17 12 14 25 29 21 28 27 26 30 23 24 22 37 40 33 39 32 35 36 31 38 34 46 45 48 47 44 43 49 41 42 50 59 54 56 60 53 58 57 52 51 55
 50 44 43 45 46 47 41 48 49 42 53 51 57 60 58 54 52 55 56 59 62 65 67 61 68 69 64 66 63 70 71 78 73 79 80 76 75 77 72 74  5  9  1  8  7  6 10  3  4  2 17 20 13 19 12 15 16 11 18 14 26 25 28 27 24 23 29 21 22 30 39 34 36 40 33 38 37 32 31 35
 10  4  3  5  6  7  1  8  9  2 13 11 17 20 18 14 12 15 16 19 22 25 27 21 28 29 24 26 23 30 31 38 33 39 40 36 35 37 32 34 45 49 41 48 47 46 50 43 44 42 57 60 53 59 52 55 56 51 58 54 66 65 68 67 64 63 69 61 62 70 79 74 76 80 73 78 77 72 71 75
 20 14 13 15 16 17 11 18 19 12 23 21 27 30 28 24 22 25 26 29 32 35 37 31 38 39 34 36 33 40 41 48 43 49 50 46 45 47 42 44 55 59 51 58 57 56 60 53 54 52 67 70 63 69 62 65 66 61 68 64 76 75 78 77 74 73 79 71 72 80  9  4  6 10  3  8  7  2  1  5
 60 54 53 55 56 57 51 58 59 52 63 61 67 70 68 64 62 65 66 69 72 75 77 71 78 79 74 76 73 80  1  8  3  9 10  6  5  7  2  4 15 19 11 18 17 16 20 13 14 12 27 30 23 29 22 25 26 21 28 24 36 35 38 37 34 33 39 31 32 40 49 44 46 50 43 48 47 42 41 45
 80 74 73 75 76 77 71 78 79 72  3  1  7 10  8  4  2  5  6  9 12 15 17 11 18 19 14 16 13 20 21 28 23 29 30 26 25 27 22 24 35 39 31 38 37 36 40 33 34 32 47 50 43 49 42 45 46 41 48 44 56 55 58 57 54 53 59 51 52 60 69 64 66 70 63 68 67 62 61 65
 11 15 14 16 17 18 12 19 20 13 24 22 28 21 29 25 23 26 27 30 33 36 38 32 39 40 35 37 34 31 42 49 44 50 41 47 46 48 43 45 56 60 52 59 58 57 51 54 55 53 68 61 64 70 63 66 67 62 69 65 77 76 79 78 75 74 80 72 73 71 10  5  7  1  4  9  8  3  2  6
 51 55 54 56 57 58 52 59 60 53 64 62 68 61 69 65 63 66 67 70 73 76 78 72 79 80 75 77 74 71  2  9  4 10  1  7  6  8  3  5 16 20 12 19 18 17 11 14 15 13 28 21 24 30 23 26 27 22 29 25 37 36 39 38 35 34 40 32 33 31 50 45 47 41 44 49 48 43 42 46
 41 45 44 46 47 48 42 49 50 43 54 52 58 51 59 55 53 56 57 60 63 66 68 62 69 70 65 67 64 61 72 79 74 80 71 77 76 78 73 75  6 10  2  9  8  7  1  4  5  3 18 11 14 20 13 16 17 12 19 15 27 26 29 28 25 24 30 22 23 21 40 35 37 31 34 39 38 33 32 36
  1  5  4  6  7  8  2  9 10  3 14 12 18 11 19 15 13 16 17 20 23 26 28 22 29 30 25 27 24 21 32 39 34 40 31 37 36 38 33 35 46 50 42 49 48 47 41 44 45 43 58 51 54 60 53 56 57 52 59 55 67 66 69 68 65 64 70 62 63 61 80 75 77 71 74 79 78 73 72 76
 21 25 24 26 27 28 22 29 30 23 34 32 38 31 39 35 33 36 37 40 43 46 48 42 49 50 45 47 44 41 52 59 54 60 51 57 56 58 53 55 66 70 62 69 68 67 61 64 65 63 78 71 74 80 73 76 77 72 79 75  7  6  9  8  5  4 10  2  3  1 20 15 17 11 14 19 18 13 12 16
 31 35 34 36 37 38 32 39 40 33 44 42 48 41 49 45 43 46 47 50 53 56 58 52 59 60 55 57 54 51 62 69 64 70 61 67 66 68 63 65 76 80 72 79 78 77 71 74 75 73  8  1  4 10  3  6  7  2  9  5 17 16 19 18 15 14 20 12 13 11 30 25 27 21 24 29 28 23 22 26
 61 65 64 66 67 68 62 69 70 63 74 72 78 71 79 75 73 76 77 80  3  6  8  2  9 10  5  7  4  1 12 19 14 20 11 17 16 18 13 15 26 30 22 29 28 27 21 24 25 23 38 31 34 40 33 36 37 32 39 35 47 46 49 48 45 44 50 42 43 41 60 55 57 51 54 59 58 53 52 56
 71 75 74 76 77 78 72 79 80 73  4  2  8  1  9  5  3  6  7 10 13 16 18 12 19 20 15 17 14 11 22 29 24 30 21 27 26 28 23 25 36 40 32 39 38 37 31 34 35 33 48 41 44 50 43 46 47 42 49 45 57 56 59 58 55 54 60 52 53 51 70 65 67 61 64 69 68 63 62 66
