 56 60 52 53 58 51 55 59 54 57 67 70 62 61 63 69 66 65 64 68 73 76 72 80 71 77 79 75 78 74  1  7  2 10  6  8  4  9  5  3 11 13 14 16 19 20 15 18 12 17 21 28 24 25 30 23 26 22 29 27 35 36 32 31 33 37 38 40 34 39 45 48 47 44 46 43 49 50 41 42
 76 80 72 73 78 71 75 79 74 77  7 10  2  1  3  9  6  5  4  8 13 16 12 20 11 17 19 15 18 14 21 27 22 30 26 28 24 29 25 23 31 33 34 36 39 40 35 38 32 37 41 48 44 45 50 43 46 42 49 47 55 56 52 51 53 57 58 60 54 59 65 68 67 64 66 63 69 70 61 62
 46 50 42 43 48 41 45 49 44 47 57 60 52 51 53 59 56 55 54 58 63 66 62 70 61 67 69 65 68 64 71 77 72 80 76 78 74 79 75 73  1  3  4  6  9 10  5  8  2  7 11 18 14 15 20 13 16 12 19 17 25 26 22 21 23 27 28 30 24 29 35 38 37 34 36 33 39 40 31 32
 26 30 22 23 28 21 25 29 24 27 37 40 32 31 33 39 36 35 34 38 43 46 42 50 41 47 49 45 48 44 51 57 52 60 56 58 54 59 55 53 61 63 64 66 69 70 65 68 62 67 71 78 74 75 80 73 76 72 79 77  5  6  2  1  3  7  8 10  4  9 15 18 17 14 16 13 19 20 11 12
 66 70 62 63 68 61 65 69 64 67 77 80 72 71 73 79 76 75 74 78  3  6  2 10  1  7  9  5  8  4 11 17 12 20 16 18 14 19 15 13 21 23 24 26 29 30 25 28 22 27 31 38 34 35 40 33 36 32 39 37 45 46 42 41 43 47 48 50 44 49 55 58 57 54 56 53 59 60 51 52
 16 20 12 13 18 11 15 19 14 17 27 30 22 21 23 29 26 25 24 28 33 36 32 40 31 37 39 35 38 34 41 47 42 50 46 48 44 49 45 43 51 53 54 56 59 60 55 58 52 57 61 68 64 65 70 63 66 62 69 67 75 76 72 71 73 77 78 80 74 79  5  8  7  4  6  3  9 10  1  2
 36 40 32 33 38 31 35 39 34 37 47 50 42 41 43 49 46 45 44 48 53 56 52 60 51 57 59 55 58 54 61 67 62 70 66 68 64 69 65 63 71 73 74 76 79 80 75 78 72 77  1  8  4  5 10  3  6  2  9  7 15 16 12 11 13 17 18 20 14 19 25 28 27 24 26 23 29 30 21 22
  6 10  2  3  8  1  5  9  4  7 17 20 12 11 13 19 16 15 14 18 23 26 22 30 21 27 29 25 28 24 31 37 32 40 36 38 34 39 35 33 41 43 44 46 49 50 45 48 42 47 51 58 54 55 60 53 56 52 59 57 65 66 62 61 63 67 68 70 64 69 75 78 77 74 76 73 79 80 71 72
 37 31 33 34 39 32 36 40 35 38 48 41 43 42 44 50 47 46 45 49 54 57 53 51 52 58 60 56 59 55 62 68 63 61 67 69 65 70 66 64 72 74 75 77 80 71 76 79 73 78  2  9  5  6  1  4  7  3 10  8 16 17 13 12 14 18 19 11 15 20 26 29 28 25 27 24 30 21 22 23
 17 11 13 14 19 12 16 20 15 18 28 21 23 22 24 30 27 26 25 29 34 37 33 31 32 38 40 36 39 35 42 48 43 41 47 49 45 50 46 44 52 54 55 57 60 51 56 59 53 58 62 69 65 66 61 64 67 63 70 68 76 77 73 72 74 78 79 71 75 80  6  9  8  5  7  4 10  1  2  3
 57 51 53 54 59 52 56 60 55 58 68 61 63 62 64 70 67 66 65 69 74 77 73 71 72 78 80 76 79 75  2  8  3  1  7  9  5 10  6  4 12 14 15 17 20 11 16 19 13 18 22 29 25 26 21 24 27 23 30 28 36 37 33 32 34 38 39 31 35 40 46 49 48 45 47 44 50 41 42 43
 27 21 23 24 29 22 26 30 25 28 38 31 33 32 34 40 37 36 35 39 44 47 43 41 42 48 50 46 49 45 52 58 53 51 57 59 55 60 56 54 62 64 65 67 70 61 66 69 63 68 72 79 75 76 71 74 77 73 80 78  6  7  3  2  4  8  9  1  5 10 16 19 18 15 17 14 20 11 12 13
  7  1  3  4  9  2  6 10  5  8 18 11 13 12 14 20 17 16 15 19 24 27 23 21 22 28 30 26 29 25 32 38 33 31 37 39 35 40 36 34 42 44 45 47 50 41 46 49 43 48 52 59 55 56 51 54 57 53 60 58 66 67 63 62 64 68 69 61 65 70 76 79 78 75 77 74 80 71 72 73
 47 41 43 44 49 42 46 50 45 48 58 51 53 52 54 60 57 56 55 59 64 67 63 61 62 68 70 66 69 65 72 78 73 71 77 79 75 80 76 74  2  4  5  7 10  1  6  9  3  8 12 19 15 16 11 14 17 13 20 18 26 27 23 22 24 28 29 21 25 30 36 39 38 35 37 34 40 31 32 33
 67 61 63 64 69 62 66 70 65 68 78 71 73 72 74 80 77 76 75 79  4  7  3  1  2  8 10  6  9  5 12 18 13 11 17 19 15 20 16 14 22 24 25 27 30 21 26 29 23 28 32 39 35 36 31 34 37 33 40 38 46 47 43 42 44 48 49 41 45 50 56 59 58 55 57 54 60 51 52 53
 77 71 73 74 79 72 76 80 75 78  8  1  3  2  4 10  7  6  5  9 14 17 13 11 12 18 20 16 19 15 22 28 23 21 27 29 25 30 26 24 32 34 35 37 40 31 36 39 33 38 42 49 45 46 41 44 47 43 50 48 56 57 53 52 54 58 59 51 55 60 66 69 68 65 67 64 70 61 62 63
  8  2  4  5 10  3  7  1  6  9 19 12 14 13 15 11 18 17 16 20 25 28 24 22 23 29 21 27 30 26 33 39 34 32 38 40 36 31 37 35 43 45 46 48 41 42 47 50 44 49 53 60 56 57 52 55 58 54 51 59 67 68 64 63 65 69 70 62 66 61 77 80 79 76 78 75 71 72 73 74
 58 52 54 55 60 53 57 51 56 59 69 62 64 63 65 61 68 67 66 70 75 78 74 72 73 79 71 77 80 76  3  9  4  2  8 10  6  1  7  5 13 15 16 18 11 12 17 20 14 19 23 30 26 27 22 25 28 24 21 29 37 38 34 33 35 39 40 32 36 31 47 50 49 46 48 45 41 42 43 44
 18 12 14 15 20 13 17 11 16 19 29 22 24 23 25 21 28 27 26 30 35 38 34 32 33 39 31 37 40 36 43 49 44 42 48 50 46 41 47 45 53 55 56 58 51 52 57 60 54 59 63 70 66 67 62 65 68 64 61 69 77 78 74 73 75 79 80 72 76 71  7 10  9  6  8  5  1  2  3  4
 78 72 74 75 80 73 77 71 76 79  9  2  4  3  5  1  8  7  6 10 15 18 14 12 13 19 11 17 20 16 23 29 24 22 28 30 26 21 27 25 33 35 36 38 31 32 37 40 34 39 43 50 46 47 42 45 48 44 41 49 57 58 54 53 55 59 60 52 56 51 67 70 69 66 68 65 61 62 63 64
 48 42 44 45 50 43 47 41 46 49 59 52 54 53 55 51 58 57 56 60 65 68 64 62 63 69 61 67 70 66 73 79 74 72 78 80 76 71 77 75  3  5  6  8  1  2  7 10  4  9 13 20 16 17 12 15 18 14 11 19 27 28 24 23 25 29 30 22 26 21 37 40 39 36 38 35 31 32 33 34
 38 32 34 35 40 33 37 31 36 39 49 42 44 43 45 41 48 47 46 50 55 58 54 52 53 59 51 57 60 56 63 69 64 62 68 70 66 61 67 65 73 75 76 78 71 72 77 80 74 79  3 10  6  7  2  5  8  4  1  9 17 18 14 13 15 19 20 12 16 11 27 30 29 26 28 25 21 22 23 24
 28 22 24 25 30 23 27 21 26 29 39 32 34 33 35 31 38 37 36 40 45 48 44 42 43 49 41 47 50 46 53 59 54 52 58 60 56 51 57 55 63 65 66 68 61 62 67 70 64 69 73 80 76 77 72 75 78 74 71 79  7  8  4  3  5  9 10  2  6  1 17 20 19 16 18 15 11 12 13 14
 68 62 64 65 70 63 67 61 66 69 79 72 74 73 75 71 78 77 76 80  5  8  4  2  3  9  1  7 10  6 13 19 14 12 18 20 16 11 17 15 23 25 26 28 21 22 27 30 24 29 33 40 36 37 32 35 38 34 31 39 47 48 44 43 45 49 50 42 46 41 57 60 59 56 58 55 51 52 53 54
 29 23 25 26 21 24 28 22 27 30 40 33 35 34 36 32 39 38 37 31 46 49 45 43 44 50 42 48 41 47 54 60 55 53 59 51 57 52 58 56 64 66 67 69 62 63 68 61 65 70 74 71 77 78 73 76 79 75 72 80  8  9  5  4  6 10  1  3  7  2 18 11 20 17 19 16 12 13 14 15
 39 33 35 36 31 34 38 32 37 40 50 43 45 44 46 42 49 48 47 41 56 59 55 53 54 60 52 58 51 57 64 70 65 63 69 61 67 62 68 66 74 76 77 79 72 73 78 71 75 80  4  1  7  8  3  6  9  5  2 10 18 19 15 14 16 20 11 13 17 12 28 21 30 27 29 26 22 23 24 25
 59 53 55 56 51 54 58 52 57 60 70 63 65 64 66 62 69 68 67 61 76 79 75 73 74 80 72 78 71 77  4 10  5  3  9  1  7  2  8  6 14 16 17 19 12 13 18 11 15 20 24 21 27 28 23 26 29 25 22 30 38 39 35 34 36 40 31 33 37 32 48 41 50 47 49 46 42 43 44 45
 49 43 45 46 41 44 48 42 47 50 60 53 55 54 56 52 59 58 57 51 66 69 65 63 64 70 62 68 61 67 74 80 75 73 79 71 77 72 78 76  4  6  7  9  2  3  8  1  5 10 14 11 17 18 13 16 19 15 12 20 28 29 25 24 26 30 21 23 27 22 38 31 40 37 39 36 32 33 34 35
 69 63 65 66 61 64 68 62 67 70 80 73 75 74 76 72 79 78 77 71  6  9  5  3  4 10  2  8  1  7 14 20 15 13 19 11 17 12 18 16 24 26 27 29 22 23 28 21 25 30 34 31 37 38 33 36 39 35 32 40 48 49 45 44 46 50 41 43 47 42 58 51 60 57 59 56 52 53 54 55
 19 13 15 16 11 14 18 12 17 20 30 23 25 24 26 22 29 28 27 21 36 39 35 33 34 40 32 38 31 37 44 50 45 43 49 41 47 42 48 46 54 56 57 59 52 53 58 51 55 60 64 61 67 68 63 66 69 65 62 70 78 79 75 74 76 80 71 73 77 72  8  1 10  7  9  6  2  3  4  5
  9  3  5  6  1  4  8  2  7 10 20 13 15 14 16 12 19 18 17 11 26 29 25 23 24 30 22 28 21 27 34 40 35 33 39 31 37 32 38 36 44 46 47 49 42 43 48 41 45 50 54 51 57 58 53 56 59 55 52 60 68 69 65 64 66 70 61 63 67 62 78 71 80 77 79 76 72 73 74 75
 79 73 75 76 71 74 78 72 77 80 10  3  5  4  6  2  9  8  7  1 16 19 15 13 14 20 12 18 11 17 24 30 25 23 29 21 27 22 28 26 34 36 37 39 32 33 38 31 35 40 44 41 47 48 43 46 49 45 42 50 58 59 55 54 56 60 51 53 57 52 68 61 70 67 69 66 62 63 64 65
 70 64 66 67 62 65 69 63 68 61 71 74 76 75 77 73 80 79 78 72  7 10  6  4  5  1  3  9  2  8 15 11 16 14 20 12 18 13 19 17 25 27 28 30 23 24 29 22 26 21 35 32 38 39 34 37 40 36 33 31 49 50 46 45 47 41 42 44 48 43 59 52 51 58 60 57 53 54 55 56
 20 14 16 17 12 15 19 13 18 11 21 24 26 25 27 23 30 29 28 22 37 40 36 34 35 31 33 39 32 38 45 41 46 44 50 42 48 43 49 47 55 57 58 60 53 54 59 52 56 51 65 62 68 69 64 67 70 66 63 61 79 80 76 75 77 71 72 74 78 73  9  2  1  8 10  7  3  4  5  6
 40 34 36 37 32 35 39 33 38 31 41 44 46 45 47 43 50 49 48 42 57 60 56 54 55 51 53 59 52 58 65 61 66 64 70 62 68 63 69 67 75 77 78 80 73 74 79 72 76 71  5  2  8  9  4  7 10  6  3  1 19 20 16 15 17 11 12 14 18 13 29 22 21 28 30 27 23 24 25 26
 10  4  6  7  2  5  9  3  8  1 11 14 16 15 17 13 20 19 18 12 27 30 26 24 25 21 23 29 22 28 35 31 36 34 40 32 38 33 39 37 45 47 48 50 43 44 49 42 46 41 55 52 58 59 54 57 60 56 53 51 69 70 66 65 67 61 62 64 68 63 79 72 71 78 80 77 73 74 75 76
 30 24 26 27 22 25 29 23 28 21 31 34 36 35 37 33 40 39 38 32 47 50 46 44 45 41 43 49 42 48 55 51 56 54 60 52 58 53 59 57 65 67 68 70 63 64 69 62 66 61 75 72 78 79 74 77 80 76 73 71  9 10  6  5  7  1  2  4  8  3 19 12 11 18 20 17 13 14 15 16
 80 74 76 77 72 75 79 73 78 71  1  4  6  5  7  3 10  9  8  2 17 20 16 14 15 11 13 19 12 18 25 21 26 24 30 22 28 23 29 27 35 37 38 40 33 34 39 32 36 31 45 42 48 49 44 47 50 46 43 41 59 60 56 55 57 51 52 54 58 53 69 62 61 68 70 67 63 64 65 66
 50 44 46 47 42 45 49 43 48 41 51 54 56 55 57 53 60 59 58 52 67 70 66 64 65 61 63 69 62 68 75 71 76 74 80 72 78 73 79 77  5  7  8 10  3  4  9  2  6  1 15 12 18 19 14 17 20 16 13 11 29 30 26 25 27 21 22 24 28 23 39 32 31 38 40 37 33 34 35 36
 60 54 56 57 52 55 59 53 58 51 61 64 66 65 67 63 70 69 68 62 77 80 76 74 75 71 73 79 72 78  5  1  6  4 10  2  8  3  9  7 15 17 18 20 13 14 19 12 16 11 25 22 28 29 24 27 30 26 23 21 39 40 36 35 37 31 32 34 38 33 49 42 41 48 50 47 43 44 45 46
 71 75 77 78 73 76 80 74 79 72  2  5  7  6  8  4  1 10  9  3 18 11 17 15 16 12 14 20 13 19 26 22 27 25 21 23 29 24 30 28 36 38 39 31 34 35 40 33 37 32 46 43 49 50 45 48 41 47 44 42 60 51 57 56 58 52 53 55 59 54 70 63 62 69 61 68 64 65 66 67
 41 45 47 48 43 46 50 44 49 42 52 55 57 56 58 54 51 60 59 53 68 61 67 65 66 62 64 70 63 69 76 72 77 75 71 73 79 74 80 78  6  8  9  1  4  5 10  3  7  2 16 13 19 20 15 18 11 17 14 12 30 21 27 26 28 22 23 25 29 24 40 33 32 39 31 38 34 35 36 37
 31 35 37 38 33 36 40 34 39 32 42 45 47 46 48 44 41 50 49 43 58 51 57 55 56 52 54 60 53 59 66 62 67 65 61 63 69 64 70 68 76 78 79 71 74 75 80 73 77 72  6  3  9 10  5  8  1  7  4  2 20 11 17 16 18 12 13 15 19 14 30 23 22 29 21 28 24 25 26 27
 21 25 27 28 23 26 30 24 29 22 32 35 37 36 38 34 31 40 39 33 48 41 47 45 46 42 44 50 43 49 56 52 57 55 51 53 59 54 60 58 66 68 69 61 64 65 70 63 67 62 76 73 79 80 75 78 71 77 74 72 10  1  7  6  8  2  3  5  9  4 20 13 12 19 11 18 14 15 16 17
  1  5  7  8  3  6 10  4  9  2 12 15 17 16 18 14 11 20 19 13 28 21 27 25 26 22 24 30 23 29 36 32 37 35 31 33 39 34 40 38 46 48 49 41 44 45 50 43 47 42 56 53 59 60 55 58 51 57 54 52 70 61 67 66 68 62 63 65 69 64 80 73 72 79 71 78 74 75 76 77
 51 55 57 58 53 56 60 54 59 52 62 65 67 66 68 64 61 70 69 63 78 71 77 75 76 72 74 80 73 79  6  2  7  5  1  3  9  4 10  8 16 18 19 11 14 15 20 13 17 12 26 23 29 30 25 28 21 27 24 22 40 31 37 36 38 32 33 35 39 34 50 43 42 49 41 48 44 45 46 47
 61 65 67 68 63 66 70 64 69 62 72 75 77 76 78 74 71 80 79 73  8  1  7  5  6  2  4 10  3  9 16 12 17 15 11 13 19 14 20 18 26 28 29 21 24 25 30 23 27 22 36 33 39 40 35 38 31 37 34 32 50 41 47 46 48 42 43 45 49 44 60 53 52 59 51 58 54 55 56 57
 11 15 17 18 13 16 20 14 19 12 22 25 27 26 28 24 21 30 29 23 38 31 37 35 36 32 34 40 33 39 46 42 47 45 41 43 49 44 50 48 56 58 59 51 54 55 60 53 57 52 66 63 69 70 65 68 61 67 64 62 80 71 77 76 78 72 73 75 79 74 10  3  2  9  1  8  4  5  6  7
 12 16 18 19 14 17 11 15 20 13 23 26 28 27 29 25 22 21 30 24 39 32 38 36 37 33 35 31 34 40 47 43 48 46 42 44 50 45 41 49 57 59 60 52 55 56 51 54 58 53 67 64 70 61 66 69 62 68 65 63 71 72 78 77 79 73 74 76 80 75  1  4  3 10  2  9  5  6  7  8
 42 46 48 49 44 47 41 45 50 43 53 56 58 57 59 55 52 51 60 54 69 62 68 66 67 63 65 61 64 70 77 73 78 76 72 74 80 75 71 79  7  9 10  2  5  6  1  4  8  3 17 14 20 11 16 19 12 18 15 13 21 22 28 27 29 23 24 26 30 25 31 34 33 40 32 39 35 36 37 38
 22 26 28 29 24 27 21 25 30 23 33 36 38 37 39 35 32 31 40 34 49 42 48 46 47 43 45 41 44 50 57 53 58 56 52 54 60 55 51 59 67 69 70 62 65 66 61 64 68 63 77 74 80 71 76 79 72 78 75 73  1  2  8  7  9  3  4  6 10  5 11 14 13 20 12 19 15 16 17 18
 52 56 58 59 54 57 51 55 60 53 63 66 68 67 69 65 62 61 70 64 79 72 78 76 77 73 75 71 74 80  7  3  8  6  2  4 10  5  1  9 17 19 20 12 15 16 11 14 18 13 27 24 30 21 26 29 22 28 25 23 31 32 38 37 39 33 34 36 40 35 41 44 43 50 42 49 45 46 47 48
  2  6  8  9  4  7  1  5 10  3 13 16 18 17 19 15 12 11 20 14 29 22 28 26 27 23 25 21 24 30 37 33 38 36 32 34 40 35 31 39 47 49 50 42 45 46 41 44 48 43 57 54 60 51 56 59 52 58 55 53 61 62 68 67 69 63 64 66 70 65 71 74 73 80 72 79 75 76 77 78
 32 36 38 39 34 37 31 35 40 33 43 46 48 47 49 45 42 41 50 44 59 52 58 56 57 53 55 51 54 60 67 63 68 66 62 64 70 65 61 69 77 79 80 72 75 76 71 74 78 73  7  4 10  1  6  9  2  8  5  3 11 12 18 17 19 13 14 16 20 15 21 24 23 30 22 29 25 26 27 28
 72 76 78 79 74 77 71 75 80 73  3  6  8  7  9  5  2  1 10  4 19 12 18 16 17 13 15 11 14 20 27 23 28 26 22 24 30 25 21 29 37 39 40 32 35 36 31 34 38 33 47 44 50 41 46 49 42 48 45 43 51 52 58 57 59 53 54 56 60 55 61 64 63 70 62 69 65 66 67 68
 62 66 68 69 64 67 61 65 70 63 73 76 78 77 79 75 72 71 80 74  9  2  8  6  7  3  5  1  4 10 17 13 18 16 12 14 20 15 11 19 27 29 30 22 25 26 21 24 28 23 37 34 40 31 36 39 32 38 35 33 41 42 48 47 49 43 44 46 50 45 51 54 53 60 52 59 55 56 57 58
 13 17 19 20 15 18 12 16 11 14 24 27 29 28 30 26 23 22 21 25 40 33 39 37 38 34 36 32 35 31 48 44 49 47 43 45 41 46 42 50 58 60 51 53 56 57 52 55 59 54 68 65 61 62 67 70 63 69 66 64 72 73 79 78 80 74 75 77 71 76  2  5  4  1  3 10  6  7  8  9
 43 47 49 50 45 48 42 46 41 44 54 57 59 58 60 56 53 52 51 55 70 63 69 67 68 64 66 62 65 61 78 74 79 77 73 75 71 76 72 80  8 10  1  3  6  7  2  5  9  4 18 15 11 12 17 20 13 19 16 14 22 23 29 28 30 24 25 27 21 26 32 35 34 31 33 40 36 37 38 39
 73 77 79 80 75 78 72 76 71 74  4  7  9  8 10  6  3  2  1  5 20 13 19 17 18 14 16 12 15 11 28 24 29 27 23 25 21 26 22 30 38 40 31 33 36 37 32 35 39 34 48 45 41 42 47 50 43 49 46 44 52 53 59 58 60 54 55 57 51 56 62 65 64 61 63 70 66 67 68 69
 63 67 69 70 65 68 62 66 61 64 74 77 79 78 80 76 73 72 71 75 10  3  9  7  8  4  6  2  5  1 18 14 19 17 13 15 11 16 12 20 28 30 21 23 26 27 22 25 29 24 38 35 31 32 37 40 33 39 36 34 42 43 49 48 50 44 45 47 41 46 52 55 54 51 53 60 56 57 58 59
 53 57 59 60 55 58 52 56 51 54 64 67 69 68 70 66 63 62 61 65 80 73 79 77 78 74 76 72 75 71  8  4  9  7  3  5  1  6  2 10 18 20 11 13 16 17 12 15 19 14 28 25 21 22 27 30 23 29 26 24 32 33 39 38 40 34 35 37 31 36 42 45 44 41 43 50 46 47 48 49
 33 37 39 40 35 38 32 36 31 34 44 47 49 48 50 46 43 42 41 45 60 53 59 57 58 54 56 52 55 51 68 64 69 67 63 65 61 66 62 70 78 80 71 73 76 77 72 75 79 74  8  5  1  2  7 10  3  9  6  4 12 13 19 18 20 14 15 17 11 16 22 25 24 21 23 30 26 27 28 29
 23 27 29 30 25 28 22 26 21 24 34 37 39 38 40 36 33 32 31 35 50 43 49 47 48 44 46 42 45 41 58 54 59 57 53 55 51 56 52 60 68 70 61 63 66 67 62 65 69 64 78 75 71 72 77 80 73 79 76 74  2  3  9  8 10  4  5  7  1  6 12 15 14 11 13 20 16 17 18 19
  3  7  9 10  5  8  2  6  1  4 14 17 19 18 20 16 13 12 11 15 30 23 29 27 28 24 26 22 25 21 38 34 39 37 33 35 31 36 32 40 48 50 41 43 46 47 42 45 49 44 58 55 51 52 57 60 53 59 56 54 62 63 69 68 70 64 65 67 61 66 72 75 74 71 73 80 76 77 78 79
 44 48 50 41 46 49 43 47 42 45 55 58 60 59 51 57 54 53 52 56 61 64 70 68 69 65 67 63 66 62 79 75 80 78 74 76 72 77 73 71  9  1  2  4  7  8  3  6 10  5 19 16 12 13 18 11 14 20 17 15 23 24 30 29 21 25 26 28 22 27 33 36 35 32 34 31 37 38 39 40
 74 78 80 71 76 79 73 77 72 75  5  8 10  9  1  7  4  3  2  6 11 14 20 18 19 15 17 13 16 12 29 25 30 28 24 26 22 27 23 21 39 31 32 34 37 38 33 36 40 35 49 46 42 43 48 41 44 50 47 45 53 54 60 59 51 55 56 58 52 57 63 66 65 62 64 61 67 68 69 70
 34 38 40 31 36 39 33 37 32 35 45 48 50 49 41 47 44 43 42 46 51 54 60 58 59 55 57 53 56 52 69 65 70 68 64 66 62 67 63 61 79 71 72 74 77 78 73 76 80 75  9  6  2  3  8  1  4 10  7  5 13 14 20 19 11 15 16 18 12 17 23 26 25 22 24 21 27 28 29 30
 14 18 20 11 16 19 13 17 12 15 25 28 30 29 21 27 24 23 22 26 31 34 40 38 39 35 37 33 36 32 49 45 50 48 44 46 42 47 43 41 59 51 52 54 57 58 53 56 60 55 69 66 62 63 68 61 64 70 67 65 73 74 80 79 71 75 76 78 72 77  3  6  5  2  4  1  7  8  9 10
  4  8 10  1  6  9  3  7  2  5 15 18 20 19 11 17 14 13 12 16 21 24 30 28 29 25 27 23 26 22 39 35 40 38 34 36 32 37 33 31 49 41 42 44 47 48 43 46 50 45 59 56 52 53 58 51 54 60 57 55 63 64 70 69 61 65 66 68 62 67 73 76 75 72 74 71 77 78 79 80
 64 68 70 61 66 69 63 67 62 65 75 78 80 79 71 77 74 73 72 76  1  4 10  8  9  5  7  3  6  2 19 15 20 18 14 16 12 17 13 11 29 21 22 24 27 28 23 26 30 25 39 36 32 33 38 31 34 40 37 35 43 44 50 49 41 45 46 48 42 47 53 56 55 52 54 51 57 58 59 60
 54 58 60 51 56 59 53 57 52 55 65 68 70 69 61 67 64 63 62 66 71 74 80 78 79 75 77 73 76 72  9  5 10  8  4  6  2  7  3  1 19 11 12 14 17 18 13 16 20 15 29 26 22 23 28 21 24 30 27 25 33 34 40 39 31 35 36 38 32 37 43 46 45 42 44 41 47 48 49 50
 24 28 30 21 26 29 23 27 22 25 35 38 40 39 31 37 34 33 32 36 41 44 50 48 49 45 47 43 46 42 59 55 60 58 54 56 52 57 53 51 69 61 62 64 67 68 63 66 70 65 79 76 72 73 78 71 74 80 77 75  3  4 10  9  1  5  6  8  2  7 13 16 15 12 14 11 17 18 19 20
 65 69 61 62 67 70 64 68 63 66 76 79 71 80 72 78 75 74 73 77  2  5  1  9 10  6  8  4  7  3 20 16 11 19 15 17 13 18 14 12 30 22 23 25 28 29 24 27 21 26 40 37 33 34 39 32 35 31 38 36 44 45 41 50 42 46 47 49 43 48 54 57 56 53 55 52 58 59 60 51
 15 19 11 12 17 20 14 18 13 16 26 29 21 30 22 28 25 24 23 27 32 35 31 39 40 36 38 34 37 33 50 46 41 49 45 47 43 48 44 42 60 52 53 55 58 59 54 57 51 56 70 67 63 64 69 62 65 61 68 66 74 75 71 80 72 76 77 79 73 78  4  7  6  3  5  2  8  9 10  1
 45 49 41 42 47 50 44 48 43 46 56 59 51 60 52 58 55 54 53 57 62 65 61 69 70 66 68 64 67 63 80 76 71 79 75 77 73 78 74 72 10  2  3  5  8  9  4  7  1  6 20 17 13 14 19 12 15 11 18 16 24 25 21 30 22 26 27 29 23 28 34 37 36 33 35 32 38 39 40 31
 55 59 51 52 57 60 54 58 53 56 66 69 61 70 62 68 65 64 63 67 72 75 71 79 80 76 78 74 77 73 10  6  1  9  5  7  3  8  4  2 20 12 13 15 18 19 14 17 11 16 30 27 23 24 29 22 25 21 28 26 34 35 31 40 32 36 37 39 33 38 44 47 46 43 45 42 48 49 50 41
  5  9  1  2  7 10  4  8  3  6 16 19 11 20 12 18 15 14 13 17 22 25 21 29 30 26 28 24 27 23 40 36 31 39 35 37 33 38 34 32 50 42 43 45 48 49 44 47 41 46 60 57 53 54 59 52 55 51 58 56 64 65 61 70 62 66 67 69 63 68 74 77 76 73 75 72 78 79 80 71
 75 79 71 72 77 80 74 78 73 76  6  9  1 10  2  8  5  4  3  7 12 15 11 19 20 16 18 14 17 13 30 26 21 29 25 27 23 28 24 22 40 32 33 35 38 39 34 37 31 36 50 47 43 44 49 42 45 41 48 46 54 55 51 60 52 56 57 59 53 58 64 67 66 63 65 62 68 69 70 61
 35 39 31 32 37 40 34 38 33 36 46 49 41 50 42 48 45 44 43 47 52 55 51 59 60 56 58 54 57 53 70 66 61 69 65 67 63 68 64 62 80 72 73 75 78 79 74 77 71 76 10  7  3  4  9  2  5  1  8  6 14 15 11 20 12 16 17 19 13 18 24 27 26 23 25 22 28 29 30 21
 25 29 21 22 27 30 24 28 23 26 36 39 31 40 32 38 35 34 33 37 42 45 41 49 50 46 48 44 47 43 60 56 51 59 55 57 53 58 54 52 70 62 63 65 68 69 64 67 61 66 80 77 73 74 79 72 75 71 78 76  4  5  1 10  2  6  7  9  3  8 14 17 16 13 15 12 18 19 20 11
