 29 25 30 28 27 26 33 36 31 35 32 34 37 42 40 38 41 39  5  1  3  4  2  6 11 10  7  8  9 12 16 18 17 14 15 13 23 19 21 22 24 20
 17 13 18 16 15 14 21 24 19 23 20 22 25 30 28 26 29 27 35 31 33 34 32 36 41 40 37 38 39 42  4  6  5  2  3  1 11  7  9 10 12  8
  5  1  6  4  3  2  9 12  7 11  8 10 13 18 16 14 17 15 23 19 21 22 20 24 29 28 25 26 27 30 34 36 35 32 33 31 41 37 39 40 42 38
 11  7 12 10  9  8 15 18 13 17 14 16 19 24 22 20 23 21 29 25 27 28 26 30 35 34 31 32 33 36 40 42 41 38 39 37  5  1  3  4  6  2
 41 37 42 40 39 38  3  6  1  5  2  4  7 12 10  8 11  9 17 13 15 16 14 18 23 22 19 20 21 24 28 30 29 26 27 25 35 31 33 34 36 32
 23 19 24 22 21 20 27 30 25 29 26 28 31 36 34 32 35 33 41 37 39 40 38 42  5  4  1  2  3  6 10 12 11  8  9  7 17 13 15 16 18 14
 35 31 36 34 33 32 39 42 37 41 38 40  1  6  4  2  5  3 11  7  9 10  8 12 17 16 13 14 15 18 22 24 23 20 21 19 29 25 27 28 30 26
 30 26 25 29 28 27 34 31 32 36 33 35 38 37 41 39 42 40  6  2  4  5  3  1 12 11  8  9 10  7 17 13 18 15 16 14 24 20 22 23 19 21
  6  2  1  5  4  3 10  7  8 12  9 11 14 13 17 15 18 16 24 20 22 23 21 19 30 29 26 27 28 25 35 31 36 33 34 32 42 38 40 41 37 39
 12  8  7 11 10  9 16 13 14 18 15 17 20 19 23 21 24 22 30 26 28 29 27 25 36 35 32 33 34 31 41 37 42 39 40 38  6  2  4  5  1  3
 42 38 37 41 40 39  4  1  2  6  3  5  8  7 11  9 12 10 18 14 16 17 15 13 24 23 20 21 22 19 29 25 30 27 28 26 36 32 34 35 31 33
 18 14 13 17 16 15 22 19 20 24 21 23 26 25 29 27 30 28 36 32 34 35 33 31 42 41 38 39 40 37  5  1  6  3  4  2 12  8 10 11  7  9
 36 32 31 35 34 33 40 37 38 42 39 41  2  1  5  3  6  4 12  8 10 11  9  7 18 17 14 15 16 13 23 19 24 21 22 20 30 26 28 29 25 27
 24 20 19 23 22 21 28 25 26 30 27 29 32 31 35 33 36 34 42 38 40 41 39 37  6  5  2  3  4  1 11  7 12  9 10  8 18 14 16 17 13 15
  1  3  2  6  5  4 11  8  9  7 10 12 15 14 18 16 13 17 19 21 23 24 22 20 25 30 27 28 29 26 36 32 31 34 35 33 37 39 41 42 38 40
 13 15 14 18 17 16 23 20 21 19 22 24 27 26 30 28 25 29 31 33 35 36 34 32 37 42 39 40 41 38  6  2  1  4  5  3  7  9 11 12  8 10
 19 21 20 24 23 22 29 26 27 25 28 30 33 32 36 34 31 35 37 39 41 42 40 38  1  6  3  4  5  2 12  8  7 10 11  9 13 15 17 18 14 16
 31 33 32 36 35 34 41 38 39 37 40 42  3  2  6  4  1  5  7  9 11 12 10  8 13 18 15 16 17 14 24 20 19 22 23 21 25 27 29 30 26 28
 25 27 26 30 29 28 35 32 33 31 34 36 39 38 42 40 37 41  1  3  5  6  4  2  7 12  9 10 11  8 18 14 13 16 17 15 19 21 23 24 20 22
  7  9  8 12 11 10 17 14 15 13 16 18 21 20 24 22 19 23 25 27 29 30 28 26 31 36 33 34 35 32 42 38 37 40 41 39  1  3  5  6  2  4
 37 39 38 42 41 40  5  2  3  1  4  6  9  8 12 10  7 11 13 15 17 18 16 14 19 24 21 22 23 20 30 26 25 28 29 27 31 33 35 36 32 34
 14 16 15 13 18 17 24 21 22 20 23 19 28 27 25 29 26 30 32 34 36 31 35 33 38 37 40 41 42 39  1  3  2  5  6  4  8 10 12  7  9 11
  2  4  3  1  6  5 12  9 10  8 11  7 16 15 13 17 14 18 20 22 24 19 23 21 26 25 28 29 30 27 31 33 32 35 36 34 38 40 42 37 39 41
 32 34 33 31 36 35 42 39 40 38 41 37  4  3  1  5  2  6  8 10 12  7 11  9 14 13 16 17 18 15 19 21 20 23 24 22 26 28 30 25 27 29
  8 10  9  7 12 11 18 15 16 14 17 13 22 21 19 23 20 24 26 28 30 25 29 27 32 31 34 35 36 33 37 39 38 41 42 40  2  4  6  1  3  5
 26 28 27 25 30 29 36 33 34 32 35 31 40 39 37 41 38 42  2  4  6  1  5  3  8  7 10 11 12  9 13 15 14 17 18 16 20 22 24 19 21 23
 20 22 21 19 24 23 30 27 28 26 29 25 34 33 31 35 32 36 38 40 42 37 41 39  2  1  4  5  6  3  7  9  8 11 12 10 14 16 18 13 15 17
 38 40 39 37 42 41  6  3  4  2  5  1 10  9  7 11  8 12 14 16 18 13 17 15 20 19 22 23 24 21 25 27 26 29 30 28 32 34 36 31 33 35
  3  5  4  2  1  6  7 10 11  9 12  8 17 16 14 18 15 13 21 23 19 20 24 22 27 26 29 30 25 28 32 34 33 36 31 35 39 41 37 38 40 42
 39 41 40 38 37 42  1  4  5  3  6  2 11 10  8 12  9  7 15 17 13 14 18 16 21 20 23 24 19 22 26 28 27 30 25 29 33 35 31 32 34 36
 15 17 16 14 13 18 19 22 23 21 24 20 29 28 26 30 27 25 33 35 31 32 36 34 39 38 41 42 37 40  2  4  3  6  1  5  9 11  7  8 10 12
  9 11 10  8  7 12 13 16 17 15 18 14 23 22 20 24 21 19 27 29 25 26 30 28 33 32 35 36 31 34 38 40 39 42 37 41  3  5  1  2  4  6
 27 29 28 26 25 30 31 34 35 33 36 32 41 40 38 42 39 37  3  5  1  2  6  4  9  8 11 12  7 10 14 16 15 18 13 17 21 23 19 20 22 24
 21 23 22 20 19 24 25 28 29 27 30 26 35 34 32 36 33 31 39 41 37 38 42 40  3  2  5  6  1  4  8 10  9 12  7 11 15 17 13 14 16 18
 33 35 34 32 31 36 37 40 41 39 42 38  5  4  2  6  3  1  9 11  7  8 12 10 15 14 17 18 13 16 20 22 21 24 19 23 27 29 25 26 28 30
 40 42 41 39 38 37  2  5  6  4  1  3 12 11  9  7 10  8 16 18 14 15 13 17 22 21 24 19 20 23 27 29 28 25 26 30 34 36 32 33 35 31
 16 18 17 15 14 13 20 23 24 22 19 21 30 29 27 25 28 26 34 36 32 33 31 35 40 39 42 37 38 41  3  5  4  1  2  6 10 12  8  9 11  7
 34 36 35 33 32 31 38 41 42 40 37 39  6  5  3  1  4  2 10 12  8  9  7 11 16 15 18 13 14 17 21 23 22 19 20 24 28 30 26 27 29 25
 22 24 23 21 20 19 26 29 30 28 25 27 36 35 33 31 34 32 40 42 38 39 37 41  4  3  6  1  2  5  9 11 10  7  8 12 16 18 14 15 17 13
 28 30 29 27 26 25 32 35 36 34 31 33 42 41 39 37 40 38  4  6  2  3  1  5 10  9 12  7  8 11 15 17 16 13 14 18 22 24 20 21 23 19
  4  6  5  3  2  1  8 11 12 10  7  9 18 17 15 13 16 14 22 24 20 21 19 23 28 27 30 25 26 29 33 35 34 31 32 36 40 42 38 39 41 37
 10 12 11  9  8  7 14 17 18 16 13 15 24 23 21 19 22 20 28 30 26 27 25 29 34 33 36 31 32 35 39 41 40 37 38 42  4  6  2  3  5  1
