 27 26 29 25 30 28 31 35 36 32 34 33 41 38 37 39 42 40  1  3  2  4  6  5  8 11  9 10 12  7 17 14 13 15 18 16 20 19 22 23 24 21
 15 14 17 13 18 16 19 23 24 20 22 21 29 26 25 27 30 28 31 33 32 34 36 35 38 41 39 40 42 37  5  2  1  3  6  4  8  7 10 11 12  9
  3  2  5  1  6  4  7 11 12  8 10  9 17 14 13 15 18 16 19 21 20 22 24 23 26 29 27 28 30 25 35 32 31 33 36 34 38 37 40 41 42 39
  9  8 11  7 12 10 13 17 18 14 16 15 23 20 19 21 24 22 25 27 26 28 30 29 32 35 33 34 36 31 41 38 37 39 42 40  2  1  4  5  6  3
 21 20 23 19 24 22 25 29 30 26 28 27 35 32 31 33 36 34 37 39 38 40 42 41  2  5  3  4  6  1 11  8  7  9 12 10 14 13 16 17 18 15
 39 38 41 37 42 40  1  5  6  2  4  3 11  8  7  9 12 10 13 15 14 16 18 17 20 23 21 22 24 19 29 26 25 27 30 28 32 31 34 35 36 33
 33 32 35 31 36 34 37 41 42 38 40 39  5  2  1  3  6  4  7  9  8 10 12 11 14 17 15 16 18 13 23 20 19 21 24 22 26 25 28 29 30 27
 34 33 36 32 31 35 38 42 37 39 41 40  6  3  2  4  1  5  8 10  9 11  7 12 15 18 16 17 13 14 24 21 20 22 19 23 27 26 29 30 25 28
 40 39 42 38 37 41  2  6  1  3  5  4 12  9  8 10  7 11 14 16 15 17 13 18 21 24 22 23 19 20 30 27 26 28 25 29 33 32 35 36 31 34
 10  9 12  8  7 11 14 18 13 15 17 16 24 21 20 22 19 23 26 28 27 29 25 30 33 36 34 35 31 32 42 39 38 40 37 41  3  2  5  6  1  4
 28 27 30 26 25 29 32 36 31 33 35 34 42 39 38 40 37 41  2  4  3  5  1  6  9 12 10 11  7  8 18 15 14 16 13 17 21 20 23 24 19 22
 16 15 18 14 13 17 20 24 19 21 23 22 30 27 26 28 25 29 32 34 33 35 31 36 39 42 40 41 37 38  6  3  2  4  1  5  9  8 11 12  7 10
 22 21 24 20 19 23 26 30 25 27 29 28 36 33 32 34 31 35 38 40 39 41 37 42  3  6  4  5  1  2 12  9  8 10  7 11 15 14 17 18 13 16
  4  3  6  2  1  5  8 12  7  9 11 10 18 15 14 16 13 17 20 22 21 23 19 24 27 30 28 29 25 26 36 33 32 34 31 35 39 38 41 42 37 40
 29 28 25 27 26 30 33 31 32 34 36 35 37 40 39 41 38 42  3  5  4  6  2  1 10  7 11 12  8  9 13 16 15 17 14 18 22 21 24 19 20 23
 17 16 13 15 14 18 21 19 20 22 24 23 25 28 27 29 26 30 33 35 34 36 32 31 40 37 41 42 38 39  1  4  3  5  2  6 10  9 12  7  8 11
 11 10  7  9  8 12 15 13 14 16 18 17 19 22 21 23 20 24 27 29 28 30 26 25 34 31 35 36 32 33 37 40 39 41 38 42  4  3  6  1  2  5
 41 40 37 39 38 42  3  1  2  4  6  5  7 10  9 11  8 12 15 17 16 18 14 13 22 19 23 24 20 21 25 28 27 29 26 30 34 33 36 31 32 35
 23 22 19 21 20 24 27 25 26 28 30 29 31 34 33 35 32 36 39 41 40 42 38 37  4  1  5  6  2  3  7 10  9 11  8 12 16 15 18 13 14 17
  5  4  1  3  2  6  9  7  8 10 12 11 13 16 15 17 14 18 21 23 22 24 20 19 28 25 29 30 26 27 31 34 33 35 32 36 40 39 42 37 38 41
 35 34 31 33 32 36 39 37 38 40 42 41  1  4  3  5  2  6  9 11 10 12  8  7 16 13 17 18 14 15 19 22 21 23 20 24 28 27 30 25 26 29
 12 11  8 10  9  7 16 14 15 17 13 18 20 23 22 24 21 19 28 30 29 25 27 26 35 32 36 31 33 34 38 41 40 42 39 37  5  4  1  2  3  6
 30 29 26 28 27 25 34 32 33 35 31 36 38 41 40 42 39 37  4  6  5  1  3  2 11  8 12  7  9 10 14 17 16 18 15 13 23 22 19 20 21 24
 42 41 38 40 39 37  4  2  3  5  1  6  8 11 10 12  9  7 16 18 17 13 15 14 23 20 24 19 21 22 26 29 28 30 27 25 35 34 31 32 33 36
 24 23 20 22 21 19 28 26 27 29 25 30 32 35 34 36 33 31 40 42 41 37 39 38  5  2  6  1  3  4  8 11 10 12  9  7 17 16 13 14 15 18
  6  5  2  4  3  1 10  8  9 11  7 12 14 17 16 18 15 13 22 24 23 19 21 20 29 26 30 25 27 28 32 35 34 36 33 31 41 40 37 38 39 42
 36 35 32 34 33 31 40 38 39 41 37 42  2  5  4  6  3  1 10 12 11  7  9  8 17 14 18 13 15 16 20 23 22 24 21 19 29 28 25 26 27 30
 18 17 14 16 15 13 22 20 21 23 19 24 26 29 28 30 27 25 34 36 35 31 33 32 41 38 42 37 39 40  2  5  4  6  3  1 11 10  7  8  9 12
 25 30 27 29 28 26 35 33 34 36 32 31 39 42 41 37 40 38  5  1  6  2  4  3 12  9  7  8 10 11 15 18 17 13 16 14 24 23 20 21 22 19
  1  6  3  5  4  2 11  9 10 12  8  7 15 18 17 13 16 14 23 19 24 20 22 21 30 27 25 26 28 29 33 36 35 31 34 32 42 41 38 39 40 37
  7 12  9 11 10  8 17 15 16 18 14 13 21 24 23 19 22 20 29 25 30 26 28 27 36 33 31 32 34 35 39 42 41 37 40 38  6  5  2  3  4  1
 13 18 15 17 16 14 23 21 22 24 20 19 27 30 29 25 28 26 35 31 36 32 34 33 42 39 37 38 40 41  3  6  5  1  4  2 12 11  8  9 10  7
 31 36 33 35 34 32 41 39 40 42 38 37  3  6  5  1  4  2 11  7 12  8 10  9 18 15 13 14 16 17 21 24 23 19 22 20 30 29 26 27 28 25
 19 24 21 23 22 20 29 27 28 30 26 25 33 36 35 31 34 32 41 37 42 38 40 39  6  3  1  2  4  5  9 12 11  7 10  8 18 17 14 15 16 13
 37 42 39 41 40 38  5  3  4  6  2  1  9 12 11  7 10  8 17 13 18 14 16 15 24 21 19 20 22 23 27 30 29 25 28 26 36 35 32 33 34 31
 20 19 22 24 23 21 30 28 29 25 27 26 34 31 36 32 35 33 42 38 37 39 41 40  1  4  2  3  5  6 10  7 12  8 11  9 13 18 15 16 17 14
  8  7 10 12 11  9 18 16 17 13 15 14 22 19 24 20 23 21 30 26 25 27 29 28 31 34 32 33 35 36 40 37 42 38 41 39  1  6  3  4  5  2
 32 31 34 36 35 33 42 40 41 37 39 38  4  1  6  2  5  3 12  8  7  9 11 10 13 16 14 15 17 18 22 19 24 20 23 21 25 30 27 28 29 26
 26 25 28 30 29 27 36 34 35 31 33 32 40 37 42 38 41 39  6  2  1  3  5  4  7 10  8  9 11 12 16 13 18 14 17 15 19 24 21 22 23 20
 38 37 40 42 41 39  6  4  5  1  3  2 10  7 12  8 11  9 18 14 13 15 17 16 19 22 20 21 23 24 28 25 30 26 29 27 31 36 33 34 35 32
 14 13 16 18 17 15 24 22 23 19 21 20 28 25 30 26 29 27 36 32 31 33 35 34 37 40 38 39 41 42  4  1  6  2  5  3  7 12  9 10 11  8
  2  1  4  6  5  3 12 10 11  7  9  8 16 13 18 14 17 15 24 20 19 21 23 22 25 28 26 27 29 30 34 31 36 32 35 33 37 42 39 40 41 38
