 14 15 17 13 18 16 23 21 24 22 20 19 29 27 30 26 25 28 34 31 36 33 35 32 40 39 37 42 38 41  3  2  6  5  1  4  7 11  9 12 10  8
 32 33 35 31 36 34 41 39 42 40 38 37  5  3  6  2  1  4 10  7 12  9 11  8 16 15 13 18 14 17 21 20 24 23 19 22 25 29 27 30 28 26
 38 39 41 37 42 40  5  3  6  4  2  1 11  9 12  8  7 10 16 13 18 15 17 14 22 21 19 24 20 23 27 26 30 29 25 28 31 35 33 36 34 32
  8  9 11  7 12 10 17 15 18 16 14 13 23 21 24 20 19 22 28 25 30 27 29 26 34 33 31 36 32 35 39 38 42 41 37 40  1  5  3  6  4  2
 20 21 23 19 24 22 29 27 30 28 26 25 35 33 36 32 31 34 40 37 42 39 41 38  4  3  1  6  2  5  9  8 12 11  7 10 13 17 15 18 16 14
 26 27 29 25 30 28 35 33 36 34 32 31 41 39 42 38 37 40  4  1  6  3  5  2 10  9  7 12  8 11 15 14 18 17 13 16 19 23 21 24 22 20
  2  3  5  1  6  4 11  9 12 10  8  7 17 15 18 14 13 16 22 19 24 21 23 20 28 27 25 30 26 29 33 32 36 35 31 34 37 41 39 42 40 38
  3  4  6  2  1  5 12 10  7 11  9  8 18 16 13 15 14 17 23 20 19 22 24 21 29 28 26 25 27 30 34 33 31 36 32 35 38 42 40 37 41 39
 39 40 42 38 37 41  6  4  1  5  3  2 12 10  7  9  8 11 17 14 13 16 18 15 23 22 20 19 21 24 28 27 25 30 26 29 32 36 34 31 35 33
 33 34 36 32 31 35 42 40 37 41 39 38  6  4  1  3  2  5 11  8  7 10 12  9 17 16 14 13 15 18 22 21 19 24 20 23 26 30 28 25 29 27
 21 22 24 20 19 23 30 28 25 29 27 26 36 34 31 33 32 35 41 38 37 40 42 39  5  4  2  1  3  6 10  9  7 12  8 11 14 18 16 13 17 15
  9 10 12  8  7 11 18 16 13 17 15 14 24 22 19 21 20 23 29 26 25 28 30 27 35 34 32 31 33 36 40 39 37 42 38 41  2  6  4  1  5  3
 15 16 18 14 13 17 24 22 19 23 21 20 30 28 25 27 26 29 35 32 31 34 36 33 41 40 38 37 39 42  4  3  1  6  2  5  8 12 10  7 11  9
 27 28 30 26 25 29 36 34 31 35 33 32 42 40 37 39 38 41  5  2  1  4  6  3 11 10  8  7  9 12 16 15 13 18 14 17 20 24 22 19 23 21
 34 35 31 33 32 36 37 41 38 42 40 39  1  5  2  4  3  6 12  9  8 11  7 10 18 17 15 14 16 13 23 22 20 19 21 24 27 25 29 26 30 28
 10 11  7  9  8 12 13 17 14 18 16 15 19 23 20 22 21 24 30 27 26 29 25 28 36 35 33 32 34 31 41 40 38 37 39 42  3  1  5  2  6  4
 22 23 19 21 20 24 25 29 26 30 28 27 31 35 32 34 33 36 42 39 38 41 37 40  6  5  3  2  4  1 11 10  8  7  9 12 15 13 17 14 18 16
 40 41 37 39 38 42  1  5  2  6  4  3  7 11  8 10  9 12 18 15 14 17 13 16 24 23 21 20 22 19 29 28 26 25 27 30 33 31 35 32 36 34
  4  5  1  3  2  6  7 11  8 12 10  9 13 17 14 16 15 18 24 21 20 23 19 22 30 29 27 26 28 25 35 34 32 31 33 36 39 37 41 38 42 40
 28 29 25 27 26 30 31 35 32 36 34 33 37 41 38 40 39 42  6  3  2  5  1  4 12 11  9  8 10  7 17 16 14 13 15 18 21 19 23 20 24 22
 16 17 13 15 14 18 19 23 20 24 22 21 25 29 26 28 27 30 36 33 32 35 31 34 42 41 39 38 40 37  5  4  2  1  3  6  9  7 11  8 12 10
 41 42 38 40 39 37  2  6  3  1  5  4  8 12  9 11 10  7 13 16 15 18 14 17 19 24 22 21 23 20 30 29 27 26 28 25 34 32 36 33 31 35
 17 18 14 16 15 13 20 24 21 19 23 22 26 30 27 29 28 25 31 34 33 36 32 35 37 42 40 39 41 38  6  5  3  2  4  1 10  8 12  9  7 11
 23 24 20 22 21 19 26 30 27 25 29 28 32 36 33 35 34 31 37 40 39 42 38 41  1  6  4  3  5  2 12 11  9  8 10  7 16 14 18 15 13 17
  5  6  2  4  3  1  8 12  9  7 11 10 14 18 15 17 16 13 19 22 21 24 20 23 25 30 28 27 29 26 36 35 33 32 34 31 40 38 42 39 37 41
 35 36 32 34 33 31 38 42 39 37 41 40  2  6  3  5  4  1  7 10  9 12  8 11 13 18 16 15 17 14 24 23 21 20 22 19 28 26 30 27 25 29
 11 12  8 10  9  7 14 18 15 13 17 16 20 24 21 23 22 19 25 28 27 30 26 29 31 36 34 33 35 32 42 41 39 38 40 37  4  2  6  3  1  5
 29 30 26 28 27 25 32 36 33 31 35 34 38 42 39 41 40 37  1  4  3  6  2  5  7 12 10  9 11  8 18 17 15 14 16 13 22 20 24 21 19 23
 12  7  9 11 10  8 15 13 16 14 18 17 21 19 22 24 23 20 26 29 28 25 27 30 32 31 35 34 36 33 37 42 40 39 41 38  5  3  1  4  2  6
 18 13 15 17 16 14 21 19 22 20 24 23 27 25 28 30 29 26 32 35 34 31 33 36 38 37 41 40 42 39  1  6  4  3  5  2 11  9  7 10  8 12
 30 25 27 29 28 26 33 31 34 32 36 35 39 37 40 42 41 38  2  5  4  1  3  6  8  7 11 10 12  9 13 18 16 15 17 14 23 21 19 22 20 24
 36 31 33 35 34 32 39 37 40 38 42 41  3  1  4  6  5  2  8 11 10  7  9 12 14 13 17 16 18 15 19 24 22 21 23 20 29 27 25 28 26 30
 42 37 39 41 40 38  3  1  4  2  6  5  9  7 10 12 11  8 14 17 16 13 15 18 20 19 23 22 24 21 25 30 28 27 29 26 35 33 31 34 32 36
 24 19 21 23 22 20 27 25 28 26 30 29 33 31 34 36 35 32 38 41 40 37 39 42  2  1  5  4  6  3  7 12 10  9 11  8 17 15 13 16 14 18
  6  1  3  5  4  2  9  7 10  8 12 11 15 13 16 18 17 14 20 23 22 19 21 24 26 25 29 28 30 27 31 36 34 33 35 32 41 39 37 40 38 42
 19 20 22 24 23 21 28 26 29 27 25 30 34 32 35 31 36 33 39 42 41 38 40 37  3  2  6  5  1  4  8  7 11 10 12  9 18 16 14 17 15 13
 31 32 34 36 35 33 40 38 41 39 37 42  4  2  5  1  6  3  9 12 11  8 10  7 15 14 18 17 13 16 20 19 23 22 24 21 30 28 26 29 27 25
 13 14 16 18 17 15 22 20 23 21 19 24 28 26 29 25 30 27 33 36 35 32 34 31 39 38 42 41 37 40  2  1  5  4  6  3 12 10  8 11  9  7
  1  2  4  6  5  3 10  8 11  9  7 12 16 14 17 13 18 15 21 24 23 20 22 19 27 26 30 29 25 28 32 31 35 34 36 33 42 40 38 41 39 37
  7  8 10 12 11  9 16 14 17 15 13 18 22 20 23 19 24 21 27 30 29 26 28 25 33 32 36 35 31 34 38 37 41 40 42 39  6  4  2  5  3  1
 37 38 40 42 41 39  4  2  5  3  1  6 10  8 11  7 12  9 15 18 17 14 16 13 21 20 24 23 19 22 26 25 29 28 30 27 36 34 32 35 33 31
 25 26 28 30 29 27 34 32 35 33 31 36 40 38 41 37 42 39  3  6  5  2  4  1  9  8 12 11  7 10 14 13 17 16 18 15 24 22 20 23 21 19
