 26 30 28 27 29 25 36 34 35 33 32 31 39 40 38 41 42 37  1  6  3  2  5  4  9  7  8 12 10 11 13 16 17 15 18 14 22 24 19 23 20 21
 32 36 34 33 35 31 42 40 41 39 38 37  3  4  2  5  6  1  7 12  9  8 11 10 15 13 14 18 16 17 19 22 23 21 24 20 28 30 25 29 26 27
  2  6  4  3  5  1 12 10 11  9  8  7 15 16 14 17 18 13 19 24 21 20 23 22 27 25 26 30 28 29 31 34 35 33 36 32 40 42 37 41 38 39
 38 42 40 39 41 37  6  4  5  3  2  1  9 10  8 11 12  7 13 18 15 14 17 16 21 19 20 24 22 23 25 28 29 27 30 26 34 36 31 35 32 33
 14 18 16 15 17 13 24 22 23 21 20 19 27 28 26 29 30 25 31 36 33 32 35 34 39 37 38 42 40 41  1  4  5  3  6  2 10 12  7 11  8  9
  8 12 10  9 11  7 18 16 17 15 14 13 21 22 20 23 24 19 25 30 27 26 29 28 33 31 32 36 34 35 37 40 41 39 42 38  4  6  1  5  2  3
 20 24 22 21 23 19 30 28 29 27 26 25 33 34 32 35 36 31 37 42 39 38 41 40  3  1  2  6  4  5  7 10 11  9 12  8 16 18 13 17 14 15
  3  1  5  4  6  2  7 11 12 10  9  8 16 17 15 18 13 14 20 19 22 21 24 23 28 26 27 25 29 30 32 35 36 34 31 33 41 37 38 42 39 40
 21 19 23 22 24 20 25 29 30 28 27 26 34 35 33 36 31 32 38 37 40 39 42 41  4  2  3  1  5  6  8 11 12 10  7  9 17 13 14 18 15 16
 15 13 17 16 18 14 19 23 24 22 21 20 28 29 27 30 25 26 32 31 34 33 36 35 40 38 39 37 41 42  2  5  6  4  1  3 11  7  8 12  9 10
 27 25 29 28 30 26 31 35 36 34 33 32 40 41 39 42 37 38  2  1  4  3  6  5 10  8  9  7 11 12 14 17 18 16 13 15 23 19 20 24 21 22
 39 37 41 40 42 38  1  5  6  4  3  2 10 11  9 12  7  8 14 13 16 15 18 17 22 20 21 19 23 24 26 29 30 28 25 27 35 31 32 36 33 34
  9  7 11 10 12  8 13 17 18 16 15 14 22 23 21 24 19 20 26 25 28 27 30 29 34 32 33 31 35 36 38 41 42 40 37 39  5  1  2  6  3  4
 33 31 35 34 36 32 37 41 42 40 39 38  4  5  3  6  1  2  8  7 10  9 12 11 16 14 15 13 17 18 20 23 24 22 19 21 29 25 26 30 27 28
 34 32 36 35 31 33 38 42 37 41 40 39  5  6  4  1  2  3  9  8 11 10  7 12 17 15 16 14 18 13 21 24 19 23 20 22 30 26 27 25 28 29
 16 14 18 17 13 15 20 24 19 23 22 21 29 30 28 25 26 27 33 32 35 34 31 36 41 39 40 38 42 37  3  6  1  5  2  4 12  8  9  7 10 11
  4  2  6  5  1  3  8 12  7 11 10  9 17 18 16 13 14 15 21 20 23 22 19 24 29 27 28 26 30 25 33 36 31 35 32 34 42 38 39 37 40 41
 28 26 30 29 25 27 32 36 31 35 34 33 41 42 40 37 38 39  3  2  5  4  1  6 11  9 10  8 12  7 15 18 13 17 14 16 24 20 21 19 22 23
 10  8 12 11  7  9 14 18 13 17 16 15 23 24 22 19 20 21 27 26 29 28 25 30 35 33 34 32 36 31 39 42 37 41 38 40  6  2  3  1  4  5
 40 38 42 41 37 39  2  6  1  5  4  3 11 12 10  7  8  9 15 14 17 16 13 18 23 21 22 20 24 19 27 30 25 29 26 28 36 32 33 31 34 35
 22 20 24 23 19 21 26 30 25 29 28 27 35 36 34 31 32 33 39 38 41 40 37 42  5  3  4  2  6  1  9 12  7 11  8 10 18 14 15 13 16 17
 23 21 19 24 20 22 27 25 26 30 29 28 36 31 35 32 33 34 40 39 42 41 38 37  6  4  5  3  1  2 10  7  8 12  9 11 13 15 16 14 17 18
 29 27 25 30 26 28 33 31 32 36 35 34 42 37 41 38 39 40  4  3  6  5  2  1 12 10 11  9  7  8 16 13 14 18 15 17 19 21 22 20 23 24
  5  3  1  6  2  4  9  7  8 12 11 10 18 13 17 14 15 16 22 21 24 23 20 19 30 28 29 27 25 26 34 31 32 36 33 35 37 39 40 38 41 42
 17 15 13 18 14 16 21 19 20 24 23 22 30 25 29 26 27 28 34 33 36 35 32 31 42 40 41 39 37 38  4  1  2  6  3  5  7  9 10  8 11 12
 41 39 37 42 38 40  3  1  2  6  5  4 12  7 11  8  9 10 16 15 18 17 14 13 24 22 23 21 19 20 28 25 26 30 27 29 31 33 34 32 35 36
 35 33 31 36 32 34 39 37 38 42 41 40  6  1  5  2  3  4 10  9 12 11  8  7 18 16 17 15 13 14 22 19 20 24 21 23 25 27 28 26 29 30
 11  9  7 12  8 10 15 13 14 18 17 16 24 19 23 20 21 22 28 27 30 29 26 25 36 34 35 33 31 32 40 37 38 42 39 41  1  3  4  2  5  6
  6  4  2  1  3  5 10  8  9  7 12 11 13 14 18 15 16 17 23 22 19 24 21 20 25 29 30 28 26 27 35 32 33 31 34 36 38 40 41 39 42 37
 36 34 32 31 33 35 40 38 39 37 42 41  1  2  6  3  4  5 11 10  7 12  9  8 13 17 18 16 14 15 23 20 21 19 22 24 26 28 29 27 30 25
 30 28 26 25 27 29 34 32 33 31 36 35 37 38 42 39 40 41  5  4  1  6  3  2  7 11 12 10  8  9 17 14 15 13 16 18 20 22 23 21 24 19
 18 16 14 13 15 17 22 20 21 19 24 23 25 26 30 27 28 29 35 34 31 36 33 32 37 41 42 40 38 39  5  2  3  1  4  6  8 10 11  9 12  7
 42 40 38 37 39 41  4  2  3  1  6  5  7  8 12  9 10 11 17 16 13 18 15 14 19 23 24 22 20 21 29 26 27 25 28 30 32 34 35 33 36 31
 24 22 20 19 21 23 28 26 27 25 30 29 31 32 36 33 34 35 41 40 37 42 39 38  1  5  6  4  2  3 11  8  9  7 10 12 14 16 17 15 18 13
 12 10  8  7  9 11 16 14 15 13 18 17 19 20 24 21 22 23 29 28 25 30 27 26 31 35 36 34 32 33 41 38 39 37 40 42  2  4  5  3  6  1
 31 35 33 32 34 36 41 39 40 38 37 42  2  3  1  4  5  6 12 11  8  7 10  9 14 18 13 17 15 16 24 21 22 20 23 19 27 29 30 28 25 26
 13 17 15 14 16 18 23 21 22 20 19 24 26 27 25 28 29 30 36 35 32 31 34 33 38 42 37 41 39 40  6  3  4  2  5  1  9 11 12 10  7  8
 25 29 27 26 28 30 35 33 34 32 31 36 38 39 37 40 41 42  6  5  2  1  4  3  8 12  7 11  9 10 18 15 16 14 17 13 21 23 24 22 19 20
 37 41 39 38 40 42  5  3  4  2  1  6  8  9  7 10 11 12 18 17 14 13 16 15 20 24 19 23 21 22 30 27 28 26 29 25 33 35 36 34 31 32
  1  5  3  2  4  6 11  9 10  8  7 12 14 15 13 16 17 18 24 23 20 19 22 21 26 30 25 29 27 28 36 33 34 32 35 31 39 41 42 40 37 38
  7 11  9  8 10 12 17 15 16 14 13 18 20 21 19 22 23 24 30 29 26 25 28 27 32 36 31 35 33 34 42 39 40 38 41 37  3  5  6  4  1  2
 19 23 21 20 22 24 29 27 28 26 25 30 32 33 31 34 35 36 42 41 38 37 40 39  2  6  1  5  3  4 12  9 10  8 11  7 15 17 18 16 13 14
