  5  3  2  1  4  6  8 12  9 10 11  7 17 18 13 14 15 16 21 24 20 19 22 23 28 27 30 26 25 29 31 34 32 36 33 35 42 39 37 41 40 38
 23 21 20 19 22 24 26 30 27 28 29 25 35 36 31 32 33 34 39 42 38 37 40 41  4  3  6  2  1  5  7 10  8 12  9 11 18 15 13 17 16 14
 11  9  8  7 10 12 14 18 15 16 17 13 23 24 19 20 21 22 27 30 26 25 28 29 34 33 36 32 31 35 37 40 38 42 39 41  6  3  1  5  4  2
 41 39 38 37 40 42  2  6  3  4  5  1 11 12  7  8  9 10 15 18 14 13 16 17 22 21 24 20 19 23 25 28 26 30 27 29 36 33 31 35 34 32
 29 27 26 25 28 30 32 36 33 34 35 31 41 42 37 38 39 40  3  6  2  1  4  5 10  9 12  8  7 11 13 16 14 18 15 17 24 21 19 23 22 20
 17 15 14 13 16 18 20 24 21 22 23 19 29 30 25 26 27 28 33 36 32 31 34 35 40 39 42 38 37 41  1  4  2  6  3  5 12  9  7 11 10  8
 35 33 32 31 34 36 38 42 39 40 41 37  5  6  1  2  3  4  9 12  8  7 10 11 16 15 18 14 13 17 19 22 20 24 21 23 30 27 25 29 28 26
 24 22 21 20 23 19 27 25 28 29 30 26 36 31 32 33 34 35 40 37 39 38 41 42  5  4  1  3  2  6  8 11  9  7 10 12 13 16 14 18 17 15
 36 34 33 32 35 31 39 37 40 41 42 38  6  1  2  3  4  5 10  7  9  8 11 12 17 16 13 15 14 18 20 23 21 19 22 24 25 28 26 30 29 27
 12 10  9  8 11  7 15 13 16 17 18 14 24 19 20 21 22 23 28 25 27 26 29 30 35 34 31 33 32 36 38 41 39 37 40 42  1  4  2  6  5  3
  6  4  3  2  5  1  9  7 10 11 12  8 18 13 14 15 16 17 22 19 21 20 23 24 29 28 25 27 26 30 32 35 33 31 34 36 37 40 38 42 41 39
 18 16 15 14 17 13 21 19 22 23 24 20 30 25 26 27 28 29 34 31 33 32 35 36 41 40 37 39 38 42  2  5  3  1  4  6  7 10  8 12 11  9
 30 28 27 26 29 25 33 31 34 35 36 32 42 37 38 39 40 41  4  1  3  2  5  6 11 10  7  9  8 12 14 17 15 13 16 18 19 22 20 24 23 21
 42 40 39 38 41 37  3  1  4  5  6  2 12  7  8  9 10 11 16 13 15 14 17 18 23 22 19 21 20 24 26 29 27 25 28 30 31 34 32 36 35 33
 13 17 16 15 18 14 22 20 23 24 19 21 25 26 27 28 29 30 35 32 34 33 36 31 42 41 38 40 39 37  3  6  4  2  5  1  8 11  9  7 12 10
  7 11 10  9 12  8 16 14 17 18 13 15 19 20 21 22 23 24 29 26 28 27 30 25 36 35 32 34 33 31 39 42 40 38 41 37  2  5  3  1  6  4
 19 23 22 21 24 20 28 26 29 30 25 27 31 32 33 34 35 36 41 38 40 39 42 37  6  5  2  4  3  1  9 12 10  8 11  7 14 17 15 13 18 16
 31 35 34 33 36 32 40 38 41 42 37 39  1  2  3  4  5  6 11  8 10  9 12  7 18 17 14 16 15 13 21 24 22 20 23 19 26 29 27 25 30 28
 37 41 40 39 42 38  4  2  5  6  1  3  7  8  9 10 11 12 17 14 16 15 18 13 24 23 20 22 21 19 27 30 28 26 29 25 32 35 33 31 36 34
  1  5  4  3  6  2 10  8 11 12  7  9 13 14 15 16 17 18 23 20 22 21 24 19 30 29 26 28 27 25 33 36 34 32 35 31 38 41 39 37 42 40
 25 29 28 27 30 26 34 32 35 36 31 33 37 38 39 40 41 42  5  2  4  3  6  1 12 11  8 10  9  7 15 18 16 14 17 13 20 23 21 19 24 22
 32 36 35 34 31 33 41 39 42 37 38 40  2  3  4  5  6  1 12  9 11 10  7  8 13 18 15 17 16 14 22 19 23 21 24 20 27 30 28 26 25 29
 38 42 41 40 37 39  5  3  6  1  2  4  8  9 10 11 12  7 18 15 17 16 13 14 19 24 21 23 22 20 28 25 29 27 30 26 33 36 34 32 31 35
  8 12 11 10  7  9 17 15 18 13 14 16 20 21 22 23 24 19 30 27 29 28 25 26 31 36 33 35 34 32 40 37 41 39 42 38  3  6  4  2  1  5
 26 30 29 28 25 27 35 33 36 31 32 34 38 39 40 41 42 37  6  3  5  4  1  2  7 12  9 11 10  8 16 13 17 15 18 14 21 24 22 20 19 23
  2  6  5  4  1  3 11  9 12  7  8 10 14 15 16 17 18 13 24 21 23 22 19 20 25 30 27 29 28 26 34 31 35 33 36 32 39 42 40 38 37 41
 14 18 17 16 13 15 23 21 24 19 20 22 26 27 28 29 30 25 36 33 35 34 31 32 37 42 39 41 40 38  4  1  5  3  6  2  9 12 10  8  7 11
 20 24 23 22 19 21 29 27 30 25 26 28 32 33 34 35 36 31 42 39 41 40 37 38  1  6  3  5  4  2 10  7 11  9 12  8 15 18 16 14 13 17
 27 25 30 29 26 28 36 34 31 32 33 35 39 40 41 42 37 38  1  4  6  5  2  3  8  7 10 12 11  9 17 14 18 16 13 15 22 19 23 21 20 24
  3  1  6  5  2  4 12 10  7  8  9 11 15 16 17 18 13 14 19 22 24 23 20 21 26 25 28 30 29 27 35 32 36 34 31 33 40 37 41 39 38 42
 21 19 24 23 20 22 30 28 25 26 27 29 33 34 35 36 31 32 37 40 42 41 38 39  2  1  4  6  5  3 11  8 12 10  7  9 16 13 17 15 14 18
 33 31 36 35 32 34 42 40 37 38 39 41  3  4  5  6  1  2  7 10 12 11  8  9 14 13 16 18 17 15 23 20 24 22 19 21 28 25 29 27 26 30
 39 37 42 41 38 40  6  4  1  2  3  5  9 10 11 12  7  8 13 16 18 17 14 15 20 19 22 24 23 21 29 26 30 28 25 27 34 31 35 33 32 36
  9  7 12 11  8 10 18 16 13 14 15 17 21 22 23 24 19 20 25 28 30 29 26 27 32 31 34 36 35 33 41 38 42 40 37 39  4  1  5  3  2  6
 15 13 18 17 14 16 24 22 19 20 21 23 27 28 29 30 25 26 31 34 36 35 32 33 38 37 40 42 41 39  5  2  6  4  1  3 10  7 11  9  8 12
  4  2  1  6  3  5  7 11  8  9 10 12 16 17 18 13 14 15 20 23 19 24 21 22 27 26 29 25 30 28 36 33 31 35 32 34 41 38 42 40 39 37
 10  8  7 12  9 11 13 17 14 15 16 18 22 23 24 19 20 21 26 29 25 30 27 28 33 32 35 31 36 34 42 39 37 41 38 40  5  2  6  4  3  1
 40 38 37 42 39 41  1  5  2  3  4  6 10 11 12  7  8  9 14 17 13 18 15 16 21 20 23 19 24 22 30 27 25 29 26 28 35 32 36 34 33 31
 16 14 13 18 15 17 19 23 20 21 22 24 28 29 30 25 26 27 32 35 31 36 33 34 39 38 41 37 42 40  6  3  1  5  2  4 11  8 12 10  9  7
 34 32 31 36 33 35 37 41 38 39 40 42  4  5  6  1  2  3  8 11  7 12  9 10 15 14 17 13 18 16 24 21 19 23 20 22 29 26 30 28 27 25
 28 26 25 30 27 29 31 35 32 33 34 36 40 41 42 37 38 39  2  5  1  6  3  4  9  8 11  7 12 10 18 15 13 17 14 16 23 20 24 22 21 19
 22 20 19 24 21 23 25 29 26 27 28 30 34 35 36 31 32 33 38 41 37 42 39 40  3  2  5  1  6  4 12  9  7 11  8 10 17 14 18 16 15 13
