 34 33 35 36 31 32 39 37 40 42 38 41  5  2  3  4  6  1 11 12  8  9 10  7 18 16 15 17 14 13 21 22 23 19 20 24 26 25 29 28 27 30
 22 21 23 24 19 20 27 25 28 30 26 29 35 32 33 34 36 31 41 42 38 39 40 37  6  4  3  5  2  1  9 10 11  7  8 12 14 13 17 16 15 18
 16 15 17 18 13 14 21 19 22 24 20 23 29 26 27 28 30 25 35 36 32 33 34 31 42 40 39 41 38 37  3  4  5  1  2  6  8  7 11 10  9 12
  4  3  5  6  1  2  9  7 10 12  8 11 17 14 15 16 18 13 23 24 20 21 22 19 30 28 27 29 26 25 33 34 35 31 32 36 38 37 41 40 39 42
 28 27 29 30 25 26 33 31 34 36 32 35 41 38 39 40 42 37  5  6  2  3  4  1 12 10  9 11  8  7 15 16 17 13 14 18 20 19 23 22 21 24
 40 39 41 42 37 38  3  1  4  6  2  5 11  8  9 10 12  7 17 18 14 15 16 13 24 22 21 23 20 19 27 28 29 25 26 30 32 31 35 34 33 36
 10  9 11 12  7  8 15 13 16 18 14 17 23 20 21 22 24 19 29 30 26 27 28 25 36 34 33 35 32 31 39 40 41 37 38 42  2  1  5  4  3  6
 17 16 18 13 14 15 22 20 23 19 21 24 30 27 28 29 25 26 36 31 33 34 35 32 37 41 40 42 39 38  4  5  6  2  3  1  9  8 12 11 10  7
 41 40 42 37 38 39  4  2  5  1  3  6 12  9 10 11  7  8 18 13 15 16 17 14 19 23 22 24 21 20 28 29 30 26 27 25 33 32 36 35 34 31
  5  4  6  1  2  3 10  8 11  7  9 12 18 15 16 17 13 14 24 19 21 22 23 20 25 29 28 30 27 26 34 35 36 32 33 31 39 38 42 41 40 37
 29 28 30 25 26 27 34 32 35 31 33 36 42 39 40 41 37 38  6  1  3  4  5  2  7 11 10 12  9  8 16 17 18 14 15 13 21 20 24 23 22 19
 35 34 36 31 32 33 40 38 41 37 39 42  6  3  4  5  1  2 12  7  9 10 11  8 13 17 16 18 15 14 22 23 24 20 21 19 27 26 30 29 28 25
 11 10 12  7  8  9 16 14 17 13 15 18 24 21 22 23 19 20 30 25 27 28 29 26 31 35 34 36 33 32 40 41 42 38 39 37  3  2  6  5  4  1
 23 22 24 19 20 21 28 26 29 25 27 30 36 33 34 35 31 32 42 37 39 40 41 38  1  5  4  6  3  2 10 11 12  8  9  7 15 14 18 17 16 13
 24 23 19 20 21 22 29 27 30 26 28 25 31 34 35 36 32 33 37 38 40 41 42 39  2  6  5  1  4  3 11 12  7  9 10  8 16 15 13 18 17 14
  6  5  1  2  3  4 11  9 12  8 10  7 13 16 17 18 14 15 19 20 22 23 24 21 26 30 29 25 28 27 35 36 31 33 34 32 40 39 37 42 41 38
 36 35 31 32 33 34 41 39 42 38 40 37  1  4  5  6  2  3  7  8 10 11 12  9 14 18 17 13 16 15 23 24 19 21 22 20 28 27 25 30 29 26
 42 41 37 38 39 40  5  3  6  2  4  1  7 10 11 12  8  9 13 14 16 17 18 15 20 24 23 19 22 21 29 30 25 27 28 26 34 33 31 36 35 32
 18 17 13 14 15 16 23 21 24 20 22 19 25 28 29 30 26 27 31 32 34 35 36 33 38 42 41 37 40 39  5  6  1  3  4  2 10  9  7 12 11  8
 12 11  7  8  9 10 17 15 18 14 16 13 19 22 23 24 20 21 25 26 28 29 30 27 32 36 35 31 34 33 41 42 37 39 40 38  4  3  1  6  5  2
 30 29 25 26 27 28 35 33 36 32 34 31 37 40 41 42 38 39  1  2  4  5  6  3  8 12 11  7 10  9 17 18 13 15 16 14 22 21 19 24 23 20
  1  6  2  3  4  5 12 10  7  9 11  8 14 17 18 13 15 16 20 21 23 24 19 22 27 25 30 26 29 28 36 31 32 34 35 33 41 40 38 37 42 39
 31 36 32 33 34 35 42 40 37 39 41 38  2  5  6  1  3  4  8  9 11 12  7 10 15 13 18 14 17 16 24 19 20 22 23 21 29 28 26 25 30 27
 37 42 38 39 40 41  6  4  1  3  5  2  8 11 12  7  9 10 14 15 17 18 13 16 21 19 24 20 23 22 30 25 26 28 29 27 35 34 32 31 36 33
 25 30 26 27 28 29 36 34 31 33 35 32 38 41 42 37 39 40  2  3  5  6  1  4  9  7 12  8 11 10 18 13 14 16 17 15 23 22 20 19 24 21
 19 24 20 21 22 23 30 28 25 27 29 26 32 35 36 31 33 34 38 39 41 42 37 40  3  1  6  2  5  4 12  7  8 10 11  9 17 16 14 13 18 15
  7 12  8  9 10 11 18 16 13 15 17 14 20 23 24 19 21 22 26 27 29 30 25 28 33 31 36 32 35 34 42 37 38 40 41 39  5  4  2  1  6  3
 13 18 14 15 16 17 24 22 19 21 23 20 26 29 30 25 27 28 32 33 35 36 31 34 39 37 42 38 41 40  6  1  2  4  5  3 11 10  8  7 12  9
 14 13 15 16 17 18 19 23 20 22 24 21 27 30 25 26 28 29 33 34 36 31 32 35 40 38 37 39 42 41  1  2  3  5  6  4 12 11  9  8  7 10
 38 37 39 40 41 42  1  5  2  4  6  3  9 12  7  8 10 11 15 16 18 13 14 17 22 20 19 21 24 23 25 26 27 29 30 28 36 35 33 32 31 34
 32 31 33 34 35 36 37 41 38 40 42 39  3  6  1  2  4  5  9 10 12  7  8 11 16 14 13 15 18 17 19 20 21 23 24 22 30 29 27 26 25 28
 26 25 27 28 29 30 31 35 32 34 36 33 39 42 37 38 40 41  3  4  6  1  2  5 10  8  7  9 12 11 13 14 15 17 18 16 24 23 21 20 19 22
 20 19 21 22 23 24 25 29 26 28 30 27 33 36 31 32 34 35 39 40 42 37 38 41  4  2  1  3  6  5  7  8  9 11 12 10 18 17 15 14 13 16
  8  7  9 10 11 12 13 17 14 16 18 15 21 24 19 20 22 23 27 28 30 25 26 29 34 32 31 33 36 35 37 38 39 41 42 40  6  5  3  2  1  4
  2  1  3  4  5  6  7 11  8 10 12  9 15 18 13 14 16 17 21 22 24 19 20 23 28 26 25 27 30 29 31 32 33 35 36 34 42 41 39 38 37 40
 33 32 34 35 36 31 38 42 39 41 37 40  4  1  2  3  5  6 10 11  7  8  9 12 17 15 14 16 13 18 20 21 22 24 19 23 25 30 28 27 26 29
 39 38 40 41 42 37  2  6  3  5  1  4 10  7  8  9 11 12 16 17 13 14 15 18 23 21 20 22 19 24 26 27 28 30 25 29 31 36 34 33 32 35
 15 14 16 17 18 13 20 24 21 23 19 22 28 25 26 27 29 30 34 35 31 32 33 36 41 39 38 40 37 42  2  3  4  6  1  5  7 12 10  9  8 11
  9  8 10 11 12  7 14 18 15 17 13 16 22 19 20 21 23 24 28 29 25 26 27 30 35 33 32 34 31 36 38 39 40 42 37 41  1  6  4  3  2  5
 27 26 28 29 30 25 32 36 33 35 31 34 40 37 38 39 41 42  4  5  1  2  3  6 11  9  8 10  7 12 14 15 16 18 13 17 19 24 22 21 20 23
  3  2  4  5  6  1  8 12  9 11  7 10 16 13 14 15 17 18 22 23 19 20 21 24 29 27 26 28 25 30 32 33 34 36 31 35 37 42 40 39 38 41
 21 20 22 23 24 19 26 30 27 29 25 28 34 31 32 33 35 36 40 41 37 38 39 42  5  3  2  4  1  6  8  9 10 12  7 11 13 18 16 15 14 17
