 19  1 17 22 20 21  3 11 23 13 14 12  4  8 18 24  5  6  7  9 16 15  2 10
 14 23 13  8  7  3  9 15  2  5 11 22 12 16 10 20 19 18  6 17 24  1 21  4
  5 22 20 23 13 19 17  8  1  3  9 15 11 14  6 12 16  4 10 21  2  7 24 18
  4 24  6  1 16 11 19 13  7 23 17 18 21 15 22  8 10  2 12  5 20  9  3 14
 21  2  8  5 17 18  6 14 10  1  7 19  9 20 24 15 22  3  4 23 11 16 12 13
 15  3 12 14  9 24 22 21 20  4 16 10  5 19  2 11 23  7 18 13  1  6 17  8
 10 11  9 12 15  4 18 16  5  6  2 24 23  7 17 13  1 21  8  3 14 20 22 19
 18  7 16  6 10  2  4 24 12 20 21  8  3  1 13  9 14 17 15 22 19  5 11 23
  1 15 19  2  6 10 21  3 22 18 20 16  8  4  9 17 13  5 23 24 12 11 14  7
  2 18 11 15  8 14  1  6 24 10  3  4 20 12 23 16  7  9 13 19 17 22  5 21
 24 14  5  4 22 17 15  2 19  9 23 21 10 18  1  6 12  8  3 11  7 13 16 20
 17 20  7  3 24 16 14  4 18 15 19  2  6 13  5 23 11 10 22  8 21 12  1  9
 22  4  3 11 12 23 10 17 16 24  6 13  7 21 19  1 20 15  9 14  5  8 18  2
  9 16 21  7  5  1  8 12 13 17 22 14  2  3 11 18  4 19 20  6 10 24 23 15
  8 13 10 19 21  9 23 20 11 12  5  7 17 22 15  2 24 14 16  1 18  3  4  6
 12  6 23 20 18 13  5  7  9  8  1 11 16 24 14 21  3 22  2 15  4 10 19 17
  7 12  2 24  3  8 16 22 17 14 10  6 18 23  4 19 15 11  1 20  9 21 13  5
 23 17  1 10 19  7 20  9  8 11 18  5 14  6 16 22 21 12 24  4 13  2 15  3
 13  5 22  9 23  6  7 10  3  2 15  1 19 17 12  4 18 24 21 16  8 14 20 11
  3 10 14 13  2  5 11 18 15 22  8 20 24  9 21  7 17 16 19 12 23  4  6  1
 11  8 15 16  1 20 24 19 21  7  4 17 22  2  3 14  9 13  5 18  6 23 10 12
  6 21 18 17 11 22 13  1  4 16 12  9 15 10 20  5  2 23 14  7  3 19  8 24
 20 19  4 18 14 15 12 23  6 21 24  3 13  5  7 10  8  1 11  2 22 17  9 16
 16  9 24 21  4 12  2  5 14 19 13 23  1 11  8  3  6 20 17 10 15 18  7 22
