 19 21 22 23 20 25 24 26 27 29 32 28 36 30 33 31 34 35 41 37 42 40 45 44 38 43 39 54 51 49 48 50 53 47 46 52 55 59 63 58 61 56 57 60 62  1  7  8  3  5  6  4  9  2 11 15 17 13 18 16 10 14 12
 37 39 40 41 38 43 42 44 45 47 50 46 54 48 51 49 52 53 59 55 60 58 63 62 56 61 57  9  6  4  3  5  8  2  1  7 10 14 18 13 16 11 12 15 17 19 25 26 21 23 24 22 27 20 29 33 35 31 36 34 28 32 30
  1  3  4  5  2  7  6  8  9 11 14 10 18 12 15 13 16 17 23 19 24 22 27 26 20 25 21 36 33 31 30 32 35 29 28 34 37 41 45 40 43 38 39 42 44 46 52 53 48 50 51 49 54 47 56 60 62 58 63 61 55 59 57
 10 12 13 14 11 16 15 17 18 20 23 19 27 21 24 22 25 26 32 28 33 31 36 35 29 34 30 45 42 40 39 41 44 38 37 43 46 50 54 49 52 47 48 51 53 55 61 62 57 59 60 58 63 56  2  6  8  4  9  7  1  5  3
 28 30 31 32 29 34 33 35 36 38 41 37 45 39 42 40 43 44 50 46 51 49 54 53 47 52 48 63 60 58 57 59 62 56 55 61  1  5  9  4  7  2  3  6  8 10 16 17 12 14 15 13 18 11 20 24 26 22 27 25 19 23 21
 55 57 58 59 56 61 60 62 63  2  5  1  9  3  6  4  7  8 14 10 15 13 18 17 11 16 12 27 24 22 21 23 26 20 19 25 28 32 36 31 34 29 30 33 35 37 43 44 39 41 42 40 45 38 47 51 53 49 54 52 46 50 48
 46 48 49 50 47 52 51 53 54 56 59 55 63 57 60 58 61 62  5  1  6  4  9  8  2  7  3 18 15 13 12 14 17 11 10 16 19 23 27 22 25 20 21 24 26 28 34 35 30 32 33 31 36 29 38 42 44 40 45 43 37 41 39
 56 58 59 60 57 62 61 63 55  3  6  2  1  4  7  5  8  9 15 11 16 14 10 18 12 17 13 19 25 23 22 24 27 21 20 26 29 33 28 32 35 30 31 34 36 38 44 45 40 42 43 41 37 39 48 52 54 50 46 53 47 51 49
 38 40 41 42 39 44 43 45 37 48 51 47 46 49 52 50 53 54 60 56 61 59 55 63 57 62 58  1  7  5  4  6  9  3  2  8 11 15 10 14 17 12 13 16 18 20 26 27 22 24 25 23 19 21 30 34 36 32 28 35 29 33 31
 20 22 23 24 21 26 25 27 19 30 33 29 28 31 34 32 35 36 42 38 43 41 37 45 39 44 40 46 52 50 49 51 54 48 47 53 56 60 55 59 62 57 58 61 63  2  8  9  4  6  7  5  1  3 12 16 18 14 10 17 11 15 13
 29 31 32 33 30 35 34 36 28 39 42 38 37 40 43 41 44 45 51 47 52 50 46 54 48 53 49 55 61 59 58 60 63 57 56 62  2  6  1  5  8  3  4  7  9 11 17 18 13 15 16 14 10 12 21 25 27 23 19 26 20 24 22
 47 49 50 51 48 53 52 54 46 57 60 56 55 58 61 59 62 63  6  2  7  5  1  9  3  8  4 10 16 14 13 15 18 12 11 17 20 24 19 23 26 21 22 25 27 29 35 36 31 33 34 32 28 30 39 43 45 41 37 44 38 42 40
  2  4  5  6  3  8  7  9  1 12 15 11 10 13 16 14 17 18 24 20 25 23 19 27 21 26 22 28 34 32 31 33 36 30 29 35 38 42 37 41 44 39 40 43 45 47 53 54 49 51 52 50 46 48 57 61 63 59 55 62 56 60 58
 11 13 14 15 12 17 16 18 10 21 24 20 19 22 25 23 26 27 33 29 34 32 28 36 30 35 31 37 43 41 40 42 45 39 38 44 47 51 46 50 53 48 49 52 54 56 62 63 58 60 61 59 55 57  3  7  9  5  1  8  2  6  4
  3  5  6  7  4  9  8  1  2 13 16 12 11 14 17 15 18 10 25 21 26 24 20 19 22 27 23 29 35 33 32 34 28 31 30 36 39 43 38 42 45 40 41 44 37 48 54 46 50 52 53 51 47 49 58 62 55 60 56 63 57 61 59
 30 32 33 34 31 36 35 28 29 40 43 39 38 41 44 42 45 37 52 48 53 51 47 46 49 54 50 56 62 60 59 61 55 58 57 63  3  7  2  6  9  4  5  8  1 12 18 10 14 16 17 15 11 13 22 26 19 24 20 27 21 25 23
 57 59 60 61 58 63 62 55 56  4  7  3  2  5  8  6  9  1 16 12 17 15 11 10 13 18 14 20 26 24 23 25 19 22 21 27 30 34 29 33 36 31 32 35 28 39 45 37 41 43 44 42 38 40 49 53 46 51 47 54 48 52 50
 48 50 51 52 49 54 53 46 47 58 61 57 56 59 62 60 63 55  7  3  8  6  2  1  4  9  5 11 17 15 14 16 10 13 12 18 21 25 20 24 27 22 23 26 19 30 36 28 32 34 35 33 29 31 40 44 37 42 38 45 39 43 41
 21 23 24 25 22 27 26 19 20 31 34 30 29 32 35 33 36 28 43 39 44 42 38 37 40 45 41 47 53 51 50 52 46 49 48 54 57 61 56 60 63 58 59 62 55  3  9  1  5  7  8  6  2  4 13 17 10 15 11 18 12 16 14
 39 41 42 43 40 45 44 37 38 49 52 48 47 50 53 51 54 46 61 57 62 60 56 55 58 63 59  2  8  6  5  7  1  4  3  9 12 16 11 15 18 13 14 17 10 21 27 19 23 25 26 24 20 22 31 35 28 33 29 36 30 34 32
 12 14 15 16 13 18 17 10 11 22 25 21 20 23 26 24 27 19 34 30 35 33 29 28 31 36 32 38 44 42 41 43 37 40 39 45 48 52 47 51 54 49 50 53 46 57 63 55 59 61 62 60 56 58  4  8  1  6  2  9  3  7  5
  4  6  7  8  5  1  9  2  3 14 17 13 12 15 18 16 10 11 26 22 27 25 21 20 23 19 24 30 36 34 33 35 29 32 31 28 40 44 39 43 37 41 42 45 38 49 46 47 51 53 54 52 48 50 59 63 56 61 57 55 58 62 60
 31 33 34 35 32 28 36 29 30 41 44 40 39 42 45 43 37 38 53 49 54 52 48 47 50 46 51 57 63 61 60 62 56 59 58 55  4  8  3  7  1  5  6  9  2 13 10 11 15 17 18 16 12 14 23 27 20 25 21 19 22 26 24
 40 42 43 44 41 37 45 38 39 50 53 49 48 51 54 52 46 47 62 58 63 61 57 56 59 55 60  3  9  7  6  8  2  5  4  1 13 17 12 16 10 14 15 18 11 22 19 20 24 26 27 25 21 23 32 36 29 34 30 28 31 35 33
 58 60 61 62 59 55 63 56 57  5  8  4  3  6  9  7  1  2 17 13 18 16 12 11 14 10 15 21 27 25 24 26 20 23 22 19 31 35 30 34 28 32 33 36 29 40 37 38 42 44 45 43 39 41 50 54 47 52 48 46 49 53 51
 49 51 52 53 50 46 54 47 48 59 62 58 57 60 63 61 55 56  8  4  9  7  3  2  5  1  6 12 18 16 15 17 11 14 13 10 22 26 21 25 19 23 24 27 20 31 28 29 33 35 36 34 30 32 41 45 38 43 39 37 40 44 42
 13 15 16 17 14 10 18 11 12 23 26 22 21 24 27 25 19 20 35 31 36 34 30 29 32 28 33 39 45 43 42 44 38 41 40 37 49 53 48 52 46 50 51 54 47 58 55 56 60 62 63 61 57 59  5  9  2  7  3  1  4  8  6
 22 24 25 26 23 19 27 20 21 32 35 31 30 33 36 34 28 29 44 40 45 43 39 38 41 37 42 48 54 52 51 53 47 50 49 46 58 62 57 61 55 59 60 63 56  4  1  2  6  8  9  7  3  5 14 18 11 16 12 10 13 17 15
 41 43 44 45 42 38 37 39 40 51 54 50 49 52 46 53 47 48 63 59 55 62 58 57 60 56 61  4  1  8  7  9  3  6  5  2 14 18 13 17 11 15 16 10 12 23 20 21 25 27 19 26 22 24 33 28 30 35 31 29 32 36 34
 14 16 17 18 15 11 10 12 13 24 27 23 22 25 19 26 20 21 36 32 28 35 31 30 33 29 34 40 37 44 43 45 39 42 41 38 50 54 49 53 47 51 52 46 48 59 56 57 61 63 55 62 58 60  6  1  3  8  4  2  5  9  7
 32 34 35 36 33 29 28 30 31 42 45 41 40 43 37 44 38 39 54 50 46 53 49 48 51 47 52 58 55 62 61 63 57 60 59 56  5  9  4  8  2  6  7  1  3 14 11 12 16 18 10 17 13 15 24 19 21 26 22 20 23 27 25
  5  7  8  9  6  2  1  3  4 15 18 14 13 16 10 17 11 12 27 23 19 26 22 21 24 20 25 31 28 35 34 36 30 33 32 29 41 45 40 44 38 42 43 37 39 50 47 48 52 54 46 53 49 51 60 55 57 62 58 56 59 63 61
 23 25 26 27 24 20 19 21 22 33 36 32 31 34 28 35 29 30 45 41 37 44 40 39 42 38 43 49 46 53 52 54 48 51 50 47 59 63 58 62 56 60 61 55 57  5  2  3  7  9  1  8  4  6 15 10 12 17 13 11 14 18 16
 59 61 62 63 60 56 55 57 58  6  9  5  4  7  1  8  2  3 18 14 10 17 13 12 15 11 16 22 19 26 25 27 21 24 23 20 32 36 31 35 29 33 34 28 30 41 38 39 43 45 37 44 40 42 51 46 48 53 49 47 50 54 52
 50 52 53 54 51 47 46 48 49 60 63 59 58 61 55 62 56 57  9  5  1  8  4  3  6  2  7 13 10 17 16 18 12 15 14 11 23 27 22 26 20 24 25 19 21 32 29 30 34 36 28 35 31 33 42 37 39 44 40 38 41 45 43
 60 62 63 55 61 57 56 58 59  7  1  6  5  8  2  9  3  4 10 15 11 18 14 13 16 12 17 23 20 27 26 19 22 25 24 21 33 28 32 36 30 34 35 29 31 42 39 40 44 37 38 45 41 43 52 47 49 54 50 48 51 46 53
 42 44 45 37 43 39 38 40 41 52 46 51 50 53 47 54 48 49 55 60 56 63 59 58 61 57 62  5  2  9  8  1  4  7  6  3 15 10 14 18 12 16 17 11 13 24 21 22 26 19 20 27 23 25 34 29 31 36 32 30 33 28 35
  6  8  9  1  7  3  2  4  5 16 10 15 14 17 11 18 12 13 19 24 20 27 23 22 25 21 26 32 29 36 35 28 31 34 33 30 42 37 41 45 39 43 44 38 40 51 48 49 53 46 47 54 50 52 61 56 58 63 59 57 60 55 62
 51 53 54 46 52 48 47 49 50 61 55 60 59 62 56 63 57 58  1  6  2  9  5  4  7  3  8 14 11 18 17 10 13 16 15 12 24 19 23 27 21 25 26 20 22 33 30 31 35 28 29 36 32 34 43 38 40 45 41 39 42 37 44
 15 17 18 10 16 12 11 13 14 25 19 24 23 26 20 27 21 22 28 33 29 36 32 31 34 30 35 41 38 45 44 37 40 43 42 39 51 46 50 54 48 52 53 47 49 60 57 58 62 55 56 63 59 61  7  2  4  9  5  3  6  1  8
 24 26 27 19 25 21 20 22 23 34 28 33 32 35 29 36 30 31 37 42 38 45 41 40 43 39 44 50 47 54 53 46 49 52 51 48 60 55 59 63 57 61 62 56 58  6  3  4  8  1  2  9  5  7 16 11 13 18 14 12 15 10 17
 33 35 36 28 34 30 29 31 32 43 37 42 41 44 38 45 39 40 46 51 47 54 50 49 52 48 53 59 56 63 62 55 58 61 60 57  6  1  5  9  3  7  8  2  4 15 12 13 17 10 11 18 14 16 25 20 22 27 23 21 24 19 26
 43 45 37 38 44 40 39 41 42 53 47 52 51 54 48 46 49 50 56 61 57 55 60 59 62 58 63  6  3  1  9  2  5  8  7  4 16 11 15 10 13 17 18 12 14 25 22 23 27 20 21 19 24 26 35 30 32 28 33 31 34 29 36
 61 63 55 56 62 58 57 59 60  8  2  7  6  9  3  1  4  5 11 16 12 10 15 14 17 13 18 24 21 19 27 20 23 26 25 22 34 29 33 28 31 35 36 30 32 43 40 41 45 38 39 37 42 44 53 48 50 46 51 49 52 47 54
 52 54 46 47 53 49 48 50 51 62 56 61 60 63 57 55 58 59  2  7  3  1  6  5  8  4  9 15 12 10 18 11 14 17 16 13 25 20 24 19 22 26 27 21 23 34 31 32 36 29 30 28 33 35 44 39 41 37 42 40 43 38 45
 34 36 28 29 35 31 30 32 33 44 38 43 42 45 39 37 40 41 47 52 48 46 51 50 53 49 54 60 57 55 63 56 59 62 61 58  7  2  6  1  4  8  9  3  5 16 13 14 18 11 12 10 15 17 26 21 23 19 24 22 25 20 27
 25 27 19 20 26 22 21 23 24 35 29 34 33 36 30 28 31 32 38 43 39 37 42 41 44 40 45 51 48 46 54 47 50 53 52 49 61 56 60 55 58 62 63 57 59  7  4  5  9  2  3  1  6  8 17 12 14 10 15 13 16 11 18
  7  9  1  2  8  4  3  5  6 17 11 16 15 18 12 10 13 14 20 25 21 19 24 23 26 22 27 33 30 28 36 29 32 35 34 31 43 38 42 37 40 44 45 39 41 52 49 50 54 47 48 46 51 53 62 57 59 55 60 58 61 56 63
 16 18 10 11 17 13 12 14 15 26 20 25 24 27 21 19 22 23 29 34 30 28 33 32 35 31 36 42 39 37 45 38 41 44 43 40 52 47 51 46 49 53 54 48 50 61 58 59 63 56 57 55 60 62  8  3  5  1  6  4  7  2  9
 62 55 56 57 63 59 58 60 61  9  3  8  7  1  4  2  5  6 12 17 13 11 16 15 18 14 10 25 22 20 19 21 24 27 26 23 35 30 34 29 32 36 28 31 33 44 41 42 37 39 40 38 43 45 54 49 51 47 52 50 53 48 46
 17 10 11 12 18 14 13 15 16 27 21 26 25 19 22 20 23 24 30 35 31 29 34 33 36 32 28 43 40 38 37 39 42 45 44 41 53 48 52 47 50 54 46 49 51 62 59 60 55 57 58 56 61 63  9  4  6  2  7  5  8  3  1
 53 46 47 48 54 50 49 51 52 63 57 62 61 55 58 56 59 60  3  8  4  2  7  6  9  5  1 16 13 11 10 12 15 18 17 14 26 21 25 20 23 27 19 22 24 35 32 33 28 30 31 29 34 36 45 40 42 38 43 41 44 39 37
  8  1  2  3  9  5  4  6  7 18 12 17 16 10 13 11 14 15 21 26 22 20 25 24 27 23 19 34 31 29 28 30 33 36 35 32 44 39 43 38 41 45 37 40 42 53 50 51 46 48 49 47 52 54 63 58 60 56 61 59 62 57 55
 44 37 38 39 45 41 40 42 43 54 48 53 52 46 49 47 50 51 57 62 58 56 61 60 63 59 55  7  4  2  1  3  6  9  8  5 17 12 16 11 14 18 10 13 15 26 23 24 19 21 22 20 25 27 36 31 33 29 34 32 35 30 28
 26 19 20 21 27 23 22 24 25 36 30 35 34 28 31 29 32 33 39 44 40 38 43 42 45 41 37 52 49 47 46 48 51 54 53 50 62 57 61 56 59 63 55 58 60  8  5  6  1  3  4  2  7  9 18 13 15 11 16 14 17 12 10
 35 28 29 30 36 32 31 33 34 45 39 44 43 37 40 38 41 42 48 53 49 47 52 51 54 50 46 61 58 56 55 57 60 63 62 59  8  3  7  2  5  9  1  4  6 17 14 15 10 12 13 11 16 18 27 22 24 20 25 23 26 21 19
 45 38 39 40 37 42 41 43 44 46 49 54 53 47 50 48 51 52 58 63 59 57 62 61 55 60 56  8  5  3  2  4  7  1  9  6 18 13 17 12 15 10 11 14 16 27 24 25 20 22 23 21 26 19 28 32 34 30 35 33 36 31 29
 18 11 12 13 10 15 14 16 17 19 22 27 26 20 23 21 24 25 31 36 32 30 35 34 28 33 29 44 41 39 38 40 43 37 45 42 54 49 53 48 51 46 47 50 52 63 60 61 56 58 59 57 62 55  1  5  7  3  8  6  9  4  2
 54 47 48 49 46 51 50 52 53 55 58 63 62 56 59 57 60 61  4  9  5  3  8  7  1  6  2 17 14 12 11 13 16 10 18 15 27 22 26 21 24 19 20 23 25 36 33 34 29 31 32 30 35 28 37 41 43 39 44 42 45 40 38
 36 29 30 31 28 33 32 34 35 37 40 45 44 38 41 39 42 43 49 54 50 48 53 52 46 51 47 62 59 57 56 58 61 55 63 60  9  4  8  3  6  1  2  5  7 18 15 16 11 13 14 12 17 10 19 23 25 21 26 24 27 22 20
 63 56 57 58 55 60 59 61 62  1  4  9  8  2  5  3  6  7 13 18 14 12 17 16 10 15 11 26 23 21 20 22 25 19 27 24 36 31 35 30 33 28 29 32 34 45 42 43 38 40 41 39 44 37 46 50 52 48 53 51 54 49 47
 27 20 21 22 19 24 23 25 26 28 31 36 35 29 32 30 33 34 40 45 41 39 44 43 37 42 38 53 50 48 47 49 52 46 54 51 63 58 62 57 60 55 56 59 61  9  6  7  2  4  5  3  8  1 10 14 16 12 17 15 18 13 11
  9  2  3  4  1  6  5  7  8 10 13 18 17 11 14 12 15 16 22 27 23 21 26 25 19 24 20 35 32 30 29 31 34 28 36 33 45 40 44 39 42 37 38 41 43 54 51 52 47 49 50 48 53 46 55 59 61 57 62 60 63 58 56
