 21 19 22 25 27 24 23 20 26 30 34 32 33 31 29 28 35 36 39 37 41 38 45 40 42 43 44 48 46 53 50 49 47 54 51 52 61 63 58 57 60 59 55 62 56  7  3  5  4  9  1  6  2  8 17 10 15 11 18 12 13 16 14
 48 46 49 52 54 51 50 47 53 57 61 59 60 58 56 55 62 63  3  1  5  2  9  4  6  7  8 12 10 17 14 13 11 18 15 16 25 27 22 21 24 23 19 26 20 34 30 32 31 36 28 33 29 35 44 37 42 38 45 39 40 43 41
 39 37 40 43 45 42 41 38 44 48 52 50 51 49 47 46 53 54 57 55 59 56 63 58 60 61 62  3  1  8  5  4  2  9  6  7 16 18 13 12 15 14 10 17 11 25 21 23 22 27 19 24 20 26 35 28 33 29 36 30 31 34 32
  3  1  4  7  9  6  5  2  8 12 16 14 15 13 11 10 17 18 21 19 23 20 27 22 24 25 26 30 28 35 32 31 29 36 33 34 43 45 40 39 42 41 37 44 38 52 48 50 49 54 46 51 47 53 62 55 60 56 63 57 58 61 59
 12 10 13 16 18 15 14 11 17 21 25 23 24 22 20 19 26 27 30 28 32 29 36 31 33 34 35 39 37 44 41 40 38 45 42 43 52 54 49 48 51 50 46 53 47 61 57 59 58 63 55 60 56 62  8  1  6  2  9  3  4  7  5
 30 28 31 34 36 33 32 29 35 39 43 41 42 40 38 37 44 45 48 46 50 47 54 49 51 52 53 57 55 62 59 58 56 63 60 61  7  9  4  3  6  5  1  8  2 16 12 14 13 18 10 15 11 17 26 19 24 20 27 21 22 25 23
 57 55 58 61 63 60 59 56 62  3  7  5  6  4  2  1  8  9 12 10 14 11 18 13 15 16 17 21 19 26 23 22 20 27 24 25 34 36 31 30 33 32 28 35 29 43 39 41 40 45 37 42 38 44 53 46 51 47 54 48 49 52 50
 40 38 41 44 37 43 42 39 45 49 53 51 52 50 48 47 54 46 58 56 60 57 55 59 61 62 63  4  2  9  6  5  3  1  7  8 17 10 14 13 16 15 11 18 12 26 22 24 23 19 20 25 21 27 36 29 34 30 28 31 32 35 33
 31 29 32 35 28 34 33 30 36 40 44 42 43 41 39 38 45 37 49 47 51 48 46 50 52 53 54 58 56 63 60 59 57 55 61 62  8  1  5  4  7  6  2  9  3 17 13 15 14 10 11 16 12 18 27 20 25 21 19 22 23 26 24
 13 11 14 17 10 16 15 12 18 22 26 24 25 23 21 20 27 19 31 29 33 30 28 32 34 35 36 40 38 45 42 41 39 37 43 44 53 46 50 49 52 51 47 54 48 62 58 60 59 55 56 61 57 63  9  2  7  3  1  4  5  8  6
 22 20 23 26 19 25 24 21 27 31 35 33 34 32 30 29 36 28 40 38 42 39 37 41 43 44 45 49 47 54 51 50 48 46 52 53 62 55 59 58 61 60 56 63 57  8  4  6  5  1  2  7  3  9 18 11 16 12 10 13 14 17 15
  4  2  5  8  1  7  6  3  9 13 17 15 16 14 12 11 18 10 22 20 24 21 19 23 25 26 27 31 29 36 33 32 30 28 34 35 44 37 41 40 43 42 38 45 39 53 49 51 50 46 47 52 48 54 63 56 61 57 55 58 59 62 60
 49 47 50 53 46 52 51 48 54 58 62 60 61 59 57 56 63 55  4  2  6  3  1  5  7  8  9 13 11 18 15 14 12 10 16 17 26 19 23 22 25 24 20 27 21 35 31 33 32 28 29 34 30 36 45 38 43 39 37 40 41 44 42
 58 56 59 62 55 61 60 57 63  4  8  6  7  5  3  2  9  1 13 11 15 12 10 14 16 17 18 22 20 27 24 23 21 19 25 26 35 28 32 31 34 33 29 36 30 44 40 42 41 37 38 43 39 45 54 47 52 48 46 49 50 53 51
 50 48 51 54 47 53 52 49 46 59 63 61 62 60 58 57 55 56  5  3  7  4  2  6  8  9  1 14 12 10 16 15 13 11 17 18 27 20 24 23 26 25 21 19 22 36 32 34 33 29 30 35 31 28 37 39 44 40 38 41 42 45 43
 59 57 60 63 56 62 61 58 55  5  9  7  8  6  4  3  1  2 14 12 16 13 11 15 17 18 10 23 21 19 25 24 22 20 26 27 36 29 33 32 35 34 30 28 31 45 41 43 42 38 39 44 40 37 46 48 53 49 47 50 51 54 52
  5  3  6  9  2  8  7  4  1 14 18 16 17 15 13 12 10 11 23 21 25 22 20 24 26 27 19 32 30 28 34 33 31 29 35 36 45 38 42 41 44 43 39 37 40 54 50 52 51 47 48 53 49 46 55 57 62 58 56 59 60 63 61
 14 12 15 18 11 17 16 13 10 23 27 25 26 24 22 21 19 20 32 30 34 31 29 33 35 36 28 41 39 37 43 42 40 38 44 45 54 47 51 50 53 52 48 46 49 63 59 61 60 56 57 62 58 55  1  3  8  4  2  5  6  9  7
 41 39 42 45 38 44 43 40 37 50 54 52 53 51 49 48 46 47 59 57 61 58 56 60 62 63 55  5  3  1  7  6  4  2  8  9 18 11 15 14 17 16 12 10 13 27 23 25 24 20 21 26 22 19 28 30 35 31 29 32 33 36 34
 23 21 24 27 20 26 25 22 19 32 36 34 35 33 31 30 28 29 41 39 43 40 38 42 44 45 37 50 48 46 52 51 49 47 53 54 63 56 60 59 62 61 57 55 58  9  5  7  6  2  3  8  4  1 10 12 17 13 11 14 15 18 16
 32 30 33 36 29 35 34 31 28 41 45 43 44 42 40 39 37 38 50 48 52 49 47 51 53 54 46 59 57 55 61 60 58 56 62 63  9  2  6  5  8  7  3  1  4 18 14 16 15 11 12 17 13 10 19 21 26 22 20 23 24 27 25
 15 13 16 10 12 18 17 14 11 24 19 26 27 25 23 22 20 21 33 31 35 32 30 34 36 28 29 42 40 38 44 43 41 39 45 37 46 48 52 51 54 53 49 47 50 55 60 62 61 57 58 63 59 56  2  4  9  5  3  6  7  1  8
 51 49 52 46 48 54 53 50 47 60 55 62 63 61 59 58 56 57  6  4  8  5  3  7  9  1  2 15 13 11 17 16 14 12 18 10 19 21 25 24 27 26 22 20 23 28 33 35 34 30 31 36 32 29 38 40 45 41 39 42 43 37 44
 33 31 34 28 30 36 35 32 29 42 37 44 45 43 41 40 38 39 51 49 53 50 48 52 54 46 47 60 58 56 62 61 59 57 63 55  1  3  7  6  9  8  4  2  5 10 15 17 16 12 13 18 14 11 20 22 27 23 21 24 25 19 26
 24 22 25 19 21 27 26 23 20 33 28 35 36 34 32 31 29 30 42 40 44 41 39 43 45 37 38 51 49 47 53 52 50 48 54 46 55 57 61 60 63 62 58 56 59  1  6  8  7  3  4  9  5  2 11 13 18 14 12 15 16 10 17
 42 40 43 37 39 45 44 41 38 51 46 53 54 52 50 49 47 48 60 58 62 59 57 61 63 55 56  6  4  2  8  7  5  3  9  1 10 12 16 15 18 17 13 11 14 19 24 26 25 21 22 27 23 20 29 31 36 32 30 33 34 28 35
 60 58 61 55 57 63 62 59 56  6  1  8  9  7  5  4  2  3 15 13 17 14 12 16 18 10 11 24 22 20 26 25 23 21 27 19 28 30 34 33 36 35 31 29 32 37 42 44 43 39 40 45 41 38 47 49 54 50 48 51 52 46 53
  6  4  7  1  3  9  8  5  2 15 10 17 18 16 14 13 11 12 24 22 26 23 21 25 27 19 20 33 31 29 35 34 32 30 36 28 37 39 43 42 45 44 40 38 41 46 51 53 52 48 49 54 50 47 56 58 63 59 57 60 61 55 62
 43 41 44 38 40 37 45 42 39 52 47 54 46 53 51 50 48 49 61 59 63 60 58 62 55 56 57  7  5  3  9  8  6  4  1  2 11 13 17 16 10 18 14 12 15 20 25 27 26 22 23 19 24 21 30 32 28 33 31 34 35 29 36
  7  5  8  2  4  1  9  6  3 16 11 18 10 17 15 14 12 13 25 23 27 24 22 26 19 20 21 34 32 30 36 35 33 31 28 29 38 40 44 43 37 45 41 39 42 47 52 54 53 49 50 46 51 48 57 59 55 60 58 61 62 56 63
 16 14 17 11 13 10 18 15 12 25 20 27 19 26 24 23 21 22 34 32 36 33 31 35 28 29 30 43 41 39 45 44 42 40 37 38 47 49 53 52 46 54 50 48 51 56 61 63 62 58 59 55 60 57  3  5  1  6  4  7  8  2  9
 61 59 62 56 58 55 63 60 57  7  2  9  1  8  6  5  3  4 16 14 18 15 13 17 10 11 12 25 23 21 27 26 24 22 19 20 29 31 35 34 28 36 32 30 33 38 43 45 44 40 41 37 42 39 48 50 46 51 49 52 53 47 54
 52 50 53 47 49 46 54 51 48 61 56 63 55 62 60 59 57 58  7  5  9  6  4  8  1  2  3 16 14 12 18 17 15 13 10 11 20 22 26 25 19 27 23 21 24 29 34 36 35 31 32 28 33 30 39 41 37 42 40 43 44 38 45
 34 32 35 29 31 28 36 33 30 43 38 45 37 44 42 41 39 40 52 50 54 51 49 53 46 47 48 61 59 57 63 62 60 58 55 56  2  4  8  7  1  9  5  3  6 11 16 18 17 13 14 10 15 12 21 23 19 24 22 25 26 20 27
 25 23 26 20 22 19 27 24 21 34 29 36 28 35 33 32 30 31 43 41 45 42 40 44 37 38 39 52 50 48 54 53 51 49 46 47 56 58 62 61 55 63 59 57 60  2  7  9  8  4  5  1  6  3 12 14 10 15 13 16 17 11 18
 44 42 45 39 41 38 37 43 40 53 48 46 47 54 52 51 49 50 62 60 55 61 59 63 56 57 58  8  6  4  1  9  7  5  2  3 12 14 18 17 11 10 15 13 16 21 26 19 27 23 24 20 25 22 31 33 29 34 32 35 36 30 28
 17 15 18 12 14 11 10 16 13 26 21 19 20 27 25 24 22 23 35 33 28 34 32 36 29 30 31 44 42 40 37 45 43 41 38 39 48 50 54 53 47 46 51 49 52 57 62 55 63 59 60 56 61 58  4  6  2  7  5  8  9  3  1
 62 60 63 57 59 56 55 61 58  8  3  1  2  9  7  6  4  5 17 15 10 16 14 18 11 12 13 26 24 22 19 27 25 23 20 21 30 32 36 35 29 28 33 31 34 39 44 37 45 41 42 38 43 40 49 51 47 52 50 53 54 48 46
 53 51 54 48 50 47 46 52 49 62 57 55 56 63 61 60 58 59  8  6  1  7  5  9  2  3  4 17 15 13 10 18 16 14 11 12 21 23 27 26 20 19 24 22 25 30 35 28 36 32 33 29 34 31 40 42 38 43 41 44 45 39 37
 26 24 27 21 23 20 19 25 22 35 30 28 29 36 34 33 31 32 44 42 37 43 41 45 38 39 40 53 51 49 46 54 52 50 47 48 57 59 63 62 56 55 60 58 61  3  8  1  9  5  6  2  7  4 13 15 11 16 14 17 18 12 10
 35 33 36 30 32 29 28 34 31 44 39 37 38 45 43 42 40 41 53 51 46 52 50 54 47 48 49 62 60 58 55 63 61 59 56 57  3  5  9  8  2  1  6  4  7 12 17 10 18 14 15 11 16 13 22 24 20 25 23 26 27 21 19
  8  6  9  3  5  2  1  7  4 17 12 10 11 18 16 15 13 14 26 24 19 25 23 27 20 21 22 35 33 31 28 36 34 32 29 30 39 41 45 44 38 37 42 40 43 48 53 46 54 50 51 47 52 49 58 60 56 61 59 62 63 57 55
 45 43 37 40 42 39 38 44 41 54 49 47 48 46 53 52 50 51 63 61 56 62 60 55 57 58 59  9  7  5  2  1  8  6  3  4 13 15 10 18 12 11 16 14 17 22 27 20 19 24 25 21 26 23 32 34 30 35 33 36 28 31 29
 54 52 46 49 51 48 47 53 50 63 58 56 57 55 62 61 59 60  9  7  2  8  6  1  3  4  5 18 16 14 11 10 17 15 12 13 22 24 19 27 21 20 25 23 26 31 36 29 28 33 34 30 35 32 41 43 39 44 42 45 37 40 38
 36 34 28 31 33 30 29 35 32 45 40 38 39 37 44 43 41 42 54 52 47 53 51 46 48 49 50 63 61 59 56 55 62 60 57 58  4  6  1  9  3  2  7  5  8 13 18 11 10 15 16 12 17 14 23 25 21 26 24 27 19 22 20
 63 61 55 58 60 57 56 62 59  9  4  2  3  1  8  7  5  6 18 16 11 17 15 10 12 13 14 27 25 23 20 19 26 24 21 22 31 33 28 36 30 29 34 32 35 40 45 38 37 42 43 39 44 41 50 52 48 53 51 54 46 49 47
 18 16 10 13 15 12 11 17 14 27 22 20 21 19 26 25 23 24 36 34 29 35 33 28 30 31 32 45 43 41 38 37 44 42 39 40 49 51 46 54 48 47 52 50 53 58 63 56 55 60 61 57 62 59  5  7  3  8  6  9  1  4  2
  9  7  1  4  6  3  2  8  5 18 13 11 12 10 17 16 14 15 27 25 20 26 24 19 21 22 23 36 34 32 29 28 35 33 30 31 40 42 37 45 39 38 43 41 44 49 54 47 46 51 52 48 53 50 59 61 57 62 60 63 55 58 56
 27 25 19 22 24 21 20 26 23 36 31 29 30 28 35 34 32 33 45 43 38 44 42 37 39 40 41 54 52 50 47 46 53 51 48 49 58 60 55 63 57 56 61 59 62  4  9  2  1  6  7  3  8  5 14 16 12 17 15 18 10 13 11
 28 35 29 32 34 31 30 36 33 37 41 39 40 38 45 44 42 43 46 53 48 54 52 47 49 50 51 55 62 60 57 56 63 61 58 59  5  7  2  1  4  3  8  6  9 14 10 12 11 16 17 13 18 15 24 26 22 27 25 19 20 23 21
  1  8  2  5  7  4  3  9  6 10 14 12 13 11 18 17 15 16 19 26 21 27 25 20 22 23 24 28 35 33 30 29 36 34 31 32 41 43 38 37 40 39 44 42 45 50 46 48 47 52 53 49 54 51 60 62 58 63 61 55 56 59 57
 55 62 56 59 61 58 57 63 60  1  5  3  4  2  9  8  6  7 10 17 12 18 16 11 13 14 15 19 26 24 21 20 27 25 22 23 32 34 29 28 31 30 35 33 36 41 37 39 38 43 44 40 45 42 51 53 49 54 52 46 47 50 48
 37 44 38 41 43 40 39 45 42 46 50 48 49 47 54 53 51 52 55 62 57 63 61 56 58 59 60  1  8  6  3  2  9  7  4  5 14 16 11 10 13 12 17 15 18 23 19 21 20 25 26 22 27 24 33 35 31 36 34 28 29 32 30
 46 53 47 50 52 49 48 54 51 55 59 57 58 56 63 62 60 61  1  8  3  9  7  2  4  5  6 10 17 15 12 11 18 16 13 14 23 25 20 19 22 21 26 24 27 32 28 30 29 34 35 31 36 33 42 44 40 45 43 37 38 41 39
 19 26 20 23 25 22 21 27 24 28 32 30 31 29 36 35 33 34 37 44 39 45 43 38 40 41 42 46 53 51 48 47 54 52 49 50 59 61 56 55 58 57 62 60 63  5  1  3  2  7  8  4  9  6 15 17 13 18 16 10 11 14 12
 10 17 11 14 16 13 12 18 15 19 23 21 22 20 27 26 24 25 28 35 30 36 34 29 31 32 33 37 44 42 39 38 45 43 40 41 50 52 47 46 49 48 53 51 54 59 55 57 56 61 62 58 63 60  6  8  4  9  7  1  2  5  3
 47 54 48 51 53 50 49 46 52 56 60 58 59 57 55 63 61 62  2  9  4  1  8  3  5  6  7 11 18 16 13 12 10 17 14 15 24 26 21 20 23 22 27 25 19 33 29 31 30 35 36 32 28 34 43 45 41 37 44 38 39 42 40
 38 45 39 42 44 41 40 37 43 47 51 49 50 48 46 54 52 53 56 63 58 55 62 57 59 60 61  2  9  7  4  3  1  8  5  6 15 17 12 11 14 13 18 16 10 24 20 22 21 26 27 23 19 25 34 36 32 28 35 29 30 33 31
 56 63 57 60 62 59 58 55 61  2  6  4  5  3  1  9  7  8 11 18 13 10 17 12 14 15 16 20 27 25 22 21 19 26 23 24 33 35 30 29 32 31 36 34 28 42 38 40 39 44 45 41 37 43 52 54 50 46 53 47 48 51 49
 29 36 30 33 35 32 31 28 34 38 42 40 41 39 37 45 43 44 47 54 49 46 53 48 50 51 52 56 63 61 58 57 55 62 59 60  6  8  3  2  5  4  9  7  1 15 11 13 12 17 18 14 10 16 25 27 23 19 26 20 21 24 22
  2  9  3  6  8  5  4  1  7 11 15 13 14 12 10 18 16 17 20 27 22 19 26 21 23 24 25 29 36 34 31 30 28 35 32 33 42 44 39 38 41 40 45 43 37 51 47 49 48 53 54 50 46 52 61 63 59 55 62 56 57 60 58
 20 27 21 24 26 23 22 19 25 29 33 31 32 30 28 36 34 35 38 45 40 37 44 39 41 42 43 47 54 52 49 48 46 53 50 51 60 62 57 56 59 58 63 61 55  6  2  4  3  8  9  5  1  7 16 18 14 10 17 11 12 15 13
 11 18 12 15 17 14 13 10 16 20 24 22 23 21 19 27 25 26 29 36 31 28 35 30 32 33 34 38 45 43 40 39 37 44 41 42 51 53 48 47 50 49 54 52 46 60 56 58 57 62 63 59 55 61  7  9  5  1  8  2  3  6  4
