 51 50 49 46 53 54 48 52 47 63 57 58 55 60 59 62 61 56  3  2  7  9  1  4  5  8  6 17 12 10 15 13 18 14 16 11 22 25 21 23 27 26 19 20 24 31 35 36 33 28 29 32 34 30 41 44 38 45 42 40 37 43 39
 60 59 58 55 62 63 57 61 56  9  3  4  1  6  5  8  7  2 12 11 16 18 10 13 14 17 15 26 21 19 24 22 27 23 25 20 31 34 30 32 36 35 28 29 33 40 44 45 42 37 38 41 43 39 50 53 47 54 51 49 46 52 48
  6  5  4  1  8  9  3  7  2 18 12 13 10 15 14 17 16 11 21 20 25 27 19 22 23 26 24 35 30 28 33 31 36 32 34 29 40 43 39 41 45 44 37 38 42 49 53 54 51 46 47 50 52 48 59 62 56 63 60 58 55 61 57
 33 32 31 28 35 36 30 34 29 45 39 40 37 42 41 44 43 38 48 47 52 54 46 49 50 53 51 62 57 55 60 58 63 59 61 56  4  7  3  5  9  8  1  2  6 13 17 18 15 10 11 14 16 12 23 26 20 27 24 22 19 25 21
 42 41 40 37 44 45 39 43 38 54 48 49 46 51 50 53 52 47 57 56 61 63 55 58 59 62 60  8  3  1  6  4  9  5  7  2 13 16 12 14 18 17 10 11 15 22 26 27 24 19 20 23 25 21 32 35 29 36 33 31 28 34 30
 24 23 22 19 26 27 21 25 20 36 30 31 28 33 32 35 34 29 39 38 43 45 37 40 41 44 42 53 48 46 51 49 54 50 52 47 58 61 57 59 63 62 55 56 60  4  8  9  6  1  2  5  7  3 14 17 11 18 15 13 10 16 12
 15 14 13 10 17 18 12 16 11 27 21 22 19 24 23 26 25 20 30 29 34 36 28 31 32 35 33 44 39 37 42 40 45 41 43 38 49 52 48 50 54 53 46 47 51 58 62 63 60 55 56 59 61 57  5  8  2  9  6  4  1  7  3
 34 33 32 29 36 28 31 35 30 37 40 41 38 43 42 45 44 39 49 48 53 46 47 50 51 54 52 63 58 56 61 59 55 60 62 57  5  8  4  6  1  9  2  3  7 14 18 10 16 11 12 15 17 13 24 27 21 19 25 23 20 26 22
 52 51 50 47 54 46 49 53 48 55 58 59 56 61 60 63 62 57  4  3  8  1  2  5  6  9  7 18 13 11 16 14 10 15 17 12 23 26 22 24 19 27 20 21 25 32 36 28 34 29 30 33 35 31 42 45 39 37 43 41 38 44 40
 16 15 14 11 18 10 13 17 12 19 22 23 20 25 24 27 26 21 31 30 35 28 29 32 33 36 34 45 40 38 43 41 37 42 44 39 50 53 49 51 46 54 47 48 52 59 63 55 61 56 57 60 62 58  6  9  3  1  7  5  2  8  4
 61 60 59 56 63 55 58 62 57  1  4  5  2  7  6  9  8  3 13 12 17 10 11 14 15 18 16 27 22 20 25 23 19 24 26 21 32 35 31 33 28 36 29 30 34 41 45 37 43 38 39 42 44 40 51 54 48 46 52 50 47 53 49
 25 24 23 20 27 19 22 26 21 28 31 32 29 34 33 36 35 30 40 39 44 37 38 41 42 45 43 54 49 47 52 50 46 51 53 48 59 62 58 60 55 63 56 57 61  5  9  1  7  2  3  6  8  4 15 18 12 10 16 14 11 17 13
  7  6  5  2  9  1  4  8  3 10 13 14 11 16 15 18 17 12 22 21 26 19 20 23 24 27 25 36 31 29 34 32 28 33 35 30 41 44 40 42 37 45 38 39 43 50 54 46 52 47 48 51 53 49 60 63 57 55 61 59 56 62 58
 43 42 41 38 45 37 40 44 39 46 49 50 47 52 51 54 53 48 58 57 62 55 56 59 60 63 61  9  4  2  7  5  1  6  8  3 14 17 13 15 10 18 11 12 16 23 27 19 25 20 21 24 26 22 33 36 30 28 34 32 29 35 31
 62 61 60 57 55 56 59 63 58  2  5  6  3  8  7  1  9  4 14 13 18 11 12 15 16 10 17 19 23 21 26 24 20 25 27 22 33 36 32 34 29 28 30 31 35 42 37 38 44 39 40 43 45 41 52 46 49 47 53 51 48 54 50
 17 16 15 12 10 11 14 18 13 20 23 24 21 26 25 19 27 22 32 31 36 29 30 33 34 28 35 37 41 39 44 42 38 43 45 40 51 54 50 52 47 46 48 49 53 60 55 56 62 57 58 61 63 59  7  1  4  2  8  6  3  9  5
 44 43 42 39 37 38 41 45 40 47 50 51 48 53 52 46 54 49 59 58 63 56 57 60 61 55 62  1  5  3  8  6  2  7  9  4 15 18 14 16 11 10 12 13 17 24 19 20 26 21 22 25 27 23 34 28 31 29 35 33 30 36 32
 26 25 24 21 19 20 23 27 22 29 32 33 30 35 34 28 36 31 41 40 45 38 39 42 43 37 44 46 50 48 53 51 47 52 54 49 60 63 59 61 56 55 57 58 62  6  1  2  8  3  4  7  9  5 16 10 13 11 17 15 12 18 14
 53 52 51 48 46 47 50 54 49 56 59 60 57 62 61 55 63 58  5  4  9  2  3  6  7  1  8 10 14 12 17 15 11 16 18 13 24 27 23 25 20 19 21 22 26 33 28 29 35 30 31 34 36 32 43 37 40 38 44 42 39 45 41
 35 34 33 30 28 29 32 36 31 38 41 42 39 44 43 37 45 40 50 49 54 47 48 51 52 46 53 55 59 57 62 60 56 61 63 58  6  9  5  7  2  1  3  4  8 15 10 11 17 12 13 16 18 14 25 19 22 20 26 24 21 27 23
  8  7  6  3  1  2  5  9  4 11 14 15 12 17 16 10 18 13 23 22 27 20 21 24 25 19 26 28 32 30 35 33 29 34 36 31 42 45 41 43 38 37 39 40 44 51 46 47 53 48 49 52 54 50 61 55 58 56 62 60 57 63 59
 18 17 16 13 11 12 15 10 14 21 24 25 22 27 26 20 19 23 33 32 28 30 31 34 35 29 36 38 42 40 45 43 39 44 37 41 52 46 51 53 48 47 49 50 54 61 56 57 63 58 59 62 55 60  8  2  5  3  9  7  4  1  6
  9  8  7  4  2  3  6  1  5 12 15 16 13 18 17 11 10 14 24 23 19 21 22 25 26 20 27 29 33 31 36 34 30 35 28 32 43 37 42 44 39 38 40 41 45 52 47 48 54 49 50 53 46 51 62 56 59 57 63 61 58 55 60
 27 26 25 22 20 21 24 19 23 30 33 34 31 36 35 29 28 32 42 41 37 39 40 43 44 38 45 47 51 49 54 52 48 53 46 50 61 55 60 62 57 56 58 59 63  7  2  3  9  4  5  8  1  6 17 11 14 12 18 16 13 10 15
 54 53 52 49 47 48 51 46 50 57 60 61 58 63 62 56 55 59  6  5  1  3  4  7  8  2  9 11 15 13 18 16 12 17 10 14 25 19 24 26 21 20 22 23 27 34 29 30 36 31 32 35 28 33 44 38 41 39 45 43 40 37 42
 63 62 61 58 56 57 60 55 59  3  6  7  4  9  8  2  1  5 15 14 10 12 13 16 17 11 18 20 24 22 27 25 21 26 19 23 34 28 33 35 30 29 31 32 36 43 38 39 45 40 41 44 37 42 53 47 50 48 54 52 49 46 51
 45 44 43 40 38 39 42 37 41 48 51 52 49 54 53 47 46 50 60 59 55 57 58 61 62 56 63  2  6  4  9  7  3  8  1  5 16 10 15 17 12 11 13 14 18 25 20 21 27 22 23 26 19 24 35 29 32 30 36 34 31 28 33
 36 35 34 31 29 30 33 28 32 39 42 43 40 45 44 38 37 41 51 50 46 48 49 52 53 47 54 56 60 58 63 61 57 62 55 59  7  1  6  8  3  2  4  5  9 16 11 12 18 13 14 17 10 15 26 20 23 21 27 25 22 19 24
 10 18 17 14 12 13 16 11 15 22 25 26 23 19 27 21 20 24 34 33 29 31 32 35 36 30 28 39 43 41 37 44 40 45 38 42 53 47 52 54 49 48 50 51 46 62 57 58 55 59 60 63 56 61  9  3  6  4  1  8  5  2  7
 55 63 62 59 57 58 61 56 60  4  7  8  5  1  9  3  2  6 16 15 11 13 14 17 18 12 10 21 25 23 19 26 22 27 20 24 35 29 34 36 31 30 32 33 28 44 39 40 37 41 42 45 38 43 54 48 51 49 46 53 50 47 52
  1  9  8  5  3  4  7  2  6 13 16 17 14 10 18 12 11 15 25 24 20 22 23 26 27 21 19 30 34 32 28 35 31 36 29 33 44 38 43 45 40 39 41 42 37 53 48 49 46 50 51 54 47 52 63 57 60 58 55 62 59 56 61
 19 27 26 23 21 22 25 20 24 31 34 35 32 28 36 30 29 33 43 42 38 40 41 44 45 39 37 48 52 50 46 53 49 54 47 51 62 56 61 63 58 57 59 60 55  8  3  4  1  5  6  9  2  7 18 12 15 13 10 17 14 11 16
 37 45 44 41 39 40 43 38 42 49 52 53 50 46 54 48 47 51 61 60 56 58 59 62 63 57 55  3  7  5  1  8  4  9  2  6 17 11 16 18 13 12 14 15 10 26 21 22 19 23 24 27 20 25 36 30 33 31 28 35 32 29 34
 46 54 53 50 48 49 52 47 51 58 61 62 59 55 63 57 56 60  7  6  2  4  5  8  9  3  1 12 16 14 10 17 13 18 11 15 26 20 25 27 22 21 23 24 19 35 30 31 28 32 33 36 29 34 45 39 42 40 37 44 41 38 43
 28 36 35 32 30 31 34 29 33 40 43 44 41 37 45 39 38 42 52 51 47 49 50 53 54 48 46 57 61 59 55 62 58 63 56 60  8  2  7  9  4  3  5  6  1 17 12 13 10 14 15 18 11 16 27 21 24 22 19 26 23 20 25
 38 37 45 42 40 41 44 39 43 50 53 54 51 47 46 49 48 52 62 61 57 59 60 63 55 58 56  4  8  6  2  9  5  1  3  7 18 12 17 10 14 13 15 16 11 27 22 23 20 24 25 19 21 26 28 31 34 32 29 36 33 30 35
 11 10 18 15 13 14 17 12 16 23 26 27 24 20 19 22 21 25 35 34 30 32 33 36 28 31 29 40 44 42 38 45 41 37 39 43 54 48 53 46 50 49 51 52 47 63 58 59 56 60 61 55 57 62  1  4  7  5  2  9  6  3  8
 29 28 36 33 31 32 35 30 34 41 44 45 42 38 37 40 39 43 53 52 48 50 51 54 46 49 47 58 62 60 56 63 59 55 57 61  9  3  8  1  5  4  6  7  2 18 13 14 11 15 16 10 12 17 19 22 25 23 20 27 24 21 26
 47 46 54 51 49 50 53 48 52 59 62 63 60 56 55 58 57 61  8  7  3  5  6  9  1  4  2 13 17 15 11 18 14 10 12 16 27 21 26 19 23 22 24 25 20 36 31 32 29 33 34 28 30 35 37 40 43 41 38 45 42 39 44
  2  1  9  6  4  5  8  3  7 14 17 18 15 11 10 13 12 16 26 25 21 23 24 27 19 22 20 31 35 33 29 36 32 28 30 34 45 39 44 37 41 40 42 43 38 54 49 50 47 51 52 46 48 53 55 58 61 59 56 63 60 57 62
 56 55 63 60 58 59 62 57 61  5  8  9  6  2  1  4  3  7 17 16 12 14 15 18 10 13 11 22 26 24 20 27 23 19 21 25 36 30 35 28 32 31 33 34 29 45 40 41 38 42 43 37 39 44 46 49 52 50 47 54 51 48 53
 20 19 27 24 22 23 26 21 25 32 35 36 33 29 28 31 30 34 44 43 39 41 42 45 37 40 38 49 53 51 47 54 50 46 48 52 63 57 62 55 59 58 60 61 56  9  4  5  2  6  7  1  3  8 10 13 16 14 11 18 15 12 17
 48 47 46 52 50 51 54 49 53 60 63 55 61 57 56 59 58 62  9  8  4  6  7  1  2  5  3 14 18 16 12 10 15 11 13 17 19 22 27 20 24 23 25 26 21 28 32 33 30 34 35 29 31 36 38 41 44 42 39 37 43 40 45
 30 29 28 34 32 33 36 31 35 42 45 37 43 39 38 41 40 44 54 53 49 51 52 46 47 50 48 59 63 61 57 55 60 56 58 62  1  4  9  2  6  5  7  8  3 10 14 15 12 16 17 11 13 18 20 23 26 24 21 19 25 22 27
 21 20 19 25 23 24 27 22 26 33 36 28 34 30 29 32 31 35 45 44 40 42 43 37 38 41 39 50 54 52 48 46 51 47 49 53 55 58 63 56 60 59 61 62 57  1  5  6  3  7  8  2  4  9 11 14 17 15 12 10 16 13 18
 39 38 37 43 41 42 45 40 44 51 54 46 52 48 47 50 49 53 63 62 58 60 61 55 56 59 57  5  9  7  3  1  6  2  4  8 10 13 18 11 15 14 16 17 12 19 23 24 21 25 26 20 22 27 29 32 35 33 30 28 34 31 36
  3  2  1  7  5  6  9  4  8 15 18 10 16 12 11 14 13 17 27 26 22 24 25 19 20 23 21 32 36 34 30 28 33 29 31 35 37 40 45 38 42 41 43 44 39 46 50 51 48 52 53 47 49 54 56 59 62 60 57 55 61 58 63
 12 11 10 16 14 15 18 13 17 24 27 19 25 21 20 23 22 26 36 35 31 33 34 28 29 32 30 41 45 43 39 37 42 38 40 44 46 49 54 47 51 50 52 53 48 55 59 60 57 61 62 56 58 63  2  5  8  6  3  1  7  4  9
 57 56 55 61 59 60 63 58 62  6  9  1  7  3  2  5  4  8 18 17 13 15 16 10 11 14 12 23 27 25 21 19 24 20 22 26 28 31 36 29 33 32 34 35 30 37 41 42 39 43 44 38 40 45 47 50 53 51 48 46 52 49 54
 31 30 29 35 33 34 28 32 36 43 37 38 44 40 39 42 41 45 46 54 50 52 53 47 48 51 49 60 55 62 58 56 61 57 59 63  2  5  1  3  7  6  8  9  4 11 15 16 13 17 18 12 14 10 21 24 27 25 22 20 26 23 19
 58 57 56 62 60 61 55 59 63  7  1  2  8  4  3  6  5  9 10 18 14 16 17 11 12 15 13 24 19 26 22 20 25 21 23 27 29 32 28 30 34 33 35 36 31 38 42 43 40 44 45 39 41 37 48 51 54 52 49 47 53 50 46
  4  3  2  8  6  7  1  5  9 16 10 11 17 13 12 15 14 18 19 27 23 25 26 20 21 24 22 33 28 35 31 29 34 30 32 36 38 41 37 39 43 42 44 45 40 47 51 52 49 53 54 48 50 46 57 60 63 61 58 56 62 59 55
 22 21 20 26 24 25 19 23 27 34 28 29 35 31 30 33 32 36 37 45 41 43 44 38 39 42 40 51 46 53 49 47 52 48 50 54 56 59 55 57 61 60 62 63 58  2  6  7  4  8  9  3  5  1 12 15 18 16 13 11 17 14 10
 49 48 47 53 51 52 46 50 54 61 55 56 62 58 57 60 59 63  1  9  5  7  8  2  3  6  4 15 10 17 13 11 16 12 14 18 20 23 19 21 25 24 26 27 22 29 33 34 31 35 36 30 32 28 39 42 45 43 40 38 44 41 37
 13 12 11 17 15 16 10 14 18 25 19 20 26 22 21 24 23 27 28 36 32 34 35 29 30 33 31 42 37 44 40 38 43 39 41 45 47 50 46 48 52 51 53 54 49 56 60 61 58 62 63 57 59 55  3  6  9  7  4  2  8  5  1
 40 39 38 44 42 43 37 41 45 52 46 47 53 49 48 51 50 54 55 63 59 61 62 56 57 60 58  6  1  8  4  2  7  3  5  9 11 14 10 12 16 15 17 18 13 20 24 25 22 26 27 21 23 19 30 33 36 34 31 29 35 32 28
 14 13 12 18 16 17 11 15 10 26 20 21 27 23 22 25 24 19 29 28 33 35 36 30 31 34 32 43 38 45 41 39 44 40 42 37 48 51 47 49 53 52 54 46 50 57 61 62 59 63 55 58 60 56  4  7  1  8  5  3  9  6  2
 41 40 39 45 43 44 38 42 37 53 47 48 54 50 49 52 51 46 56 55 60 62 63 57 58 61 59  7  2  9  5  3  8  4  6  1 12 15 11 13 17 16 18 10 14 21 25 26 23 27 19 22 24 20 31 34 28 35 32 30 36 33 29
  5  4  3  9  7  8  2  6  1 17 11 12 18 14 13 16 15 10 20 19 24 26 27 21 22 25 23 34 29 36 32 30 35 31 33 28 39 42 38 40 44 43 45 37 41 48 52 53 50 54 46 49 51 47 58 61 55 62 59 57 63 60 56
 32 31 30 36 34 35 29 33 28 44 38 39 45 41 40 43 42 37 47 46 51 53 54 48 49 52 50 61 56 63 59 57 62 58 60 55  3  6  2  4  8  7  9  1  5 12 16 17 14 18 10 13 15 11 22 25 19 26 23 21 27 24 20
 23 22 21 27 25 26 20 24 19 35 29 30 36 32 31 34 33 28 38 37 42 44 45 39 40 43 41 52 47 54 50 48 53 49 51 46 57 60 56 58 62 61 63 55 59  3  7  8  5  9  1  4  6  2 13 16 10 17 14 12 18 15 11
 59 58 57 63 61 62 56 60 55  8  2  3  9  5  4  7  6  1 11 10 15 17 18 12 13 16 14 25 20 27 23 21 26 22 24 19 30 33 29 31 35 34 36 28 32 39 43 44 41 45 37 40 42 38 49 52 46 53 50 48 54 51 47
 50 49 48 54 52 53 47 51 46 62 56 57 63 59 58 61 60 55  2  1  6  8  9  3  4  7  5 16 11 18 14 12 17 13 15 10 21 24 20 22 26 25 27 19 23 30 34 35 32 36 28 31 33 29 40 43 37 44 41 39 45 42 38
