 34 35 36 32 30 29 31 33 28 41 42 45 44 40 37 43 38 39 52 51 50 53 46 49 54 47 48 55 57 59 62 63 58 56 60 61  2  8  7  1  9  5  6  4  3 13 12 18 11 14 16 17 10 15 25 22 19 27 20 24 26 21 23
  7  8  9  5  3  2  4  6  1 14 15 18 17 13 10 16 11 12 25 24 23 26 19 22 27 20 21 28 30 32 35 36 31 29 33 34 38 44 43 37 45 41 42 40 39 49 48 54 47 50 52 53 46 51 61 58 55 63 56 60 62 57 59
 61 62 63 59 57 56 58 60 55  5  6  9  8  4  1  7  2  3 16 15 14 17 10 13 18 11 12 19 21 23 26 27 22 20 24 25 29 35 34 28 36 32 33 31 30 40 39 45 38 41 43 44 37 42 52 49 46 54 47 51 53 48 50
 43 44 45 41 39 38 40 42 37 50 51 54 53 49 46 52 47 48 61 60 59 62 55 58 63 56 57  1  3  5  8  9  4  2  6  7 11 17 16 10 18 14 15 13 12 22 21 27 20 23 25 26 19 24 34 31 28 36 29 33 35 30 32
 25 26 27 23 21 20 22 24 19 32 33 36 35 31 28 34 29 30 43 42 41 44 37 40 45 38 39 46 48 50 53 54 49 47 51 52 56 62 61 55 63 59 60 58 57  4  3  9  2  5  7  8  1  6 16 13 10 18 11 15 17 12 14
 16 17 18 14 12 11 13 15 10 23 24 27 26 22 19 25 20 21 34 33 32 35 28 31 36 29 30 37 39 41 44 45 40 38 42 43 47 53 52 46 54 50 51 49 48 58 57 63 56 59 61 62 55 60  7  4  1  9  2  6  8  3  5
 52 53 54 50 48 47 49 51 46 59 60 63 62 58 55 61 56 57  7  6  5  8  1  4  9  2  3 10 12 14 17 18 13 11 15 16 20 26 25 19 27 23 24 22 21 31 30 36 29 32 34 35 28 33 43 40 37 45 38 42 44 39 41
 44 45 37 42 40 39 41 43 38 51 52 46 54 50 47 53 48 49 62 61 60 63 56 59 55 57 58  2  4  6  9  1  5  3  7  8 12 18 17 11 10 15 16 14 13 23 22 19 21 24 26 27 20 25 35 32 29 28 30 34 36 31 33
  8  9  1  6  4  3  5  7  2 15 16 10 18 14 11 17 12 13 26 25 24 27 20 23 19 21 22 29 31 33 36 28 32 30 34 35 39 45 44 38 37 42 43 41 40 50 49 46 48 51 53 54 47 52 62 59 56 55 57 61 63 58 60
 53 54 46 51 49 48 50 52 47 60 61 55 63 59 56 62 57 58  8  7  6  9  2  5  1  3  4 11 13 15 18 10 14 12 16 17 21 27 26 20 19 24 25 23 22 32 31 28 30 33 35 36 29 34 44 41 38 37 39 43 45 40 42
 17 18 10 15 13 12 14 16 11 24 25 19 27 23 20 26 21 22 35 34 33 36 29 32 28 30 31 38 40 42 45 37 41 39 43 44 48 54 53 47 46 51 52 50 49 59 58 55 57 60 62 63 56 61  8  5  2  1  3  7  9  4  6
 35 36 28 33 31 30 32 34 29 42 43 37 45 41 38 44 39 40 53 52 51 54 47 50 46 48 49 56 58 60 63 55 59 57 61 62  3  9  8  2  1  6  7  5  4 14 13 10 12 15 17 18 11 16 26 23 20 19 21 25 27 22 24
 62 63 55 60 58 57 59 61 56  6  7  1  9  5  2  8  3  4 17 16 15 18 11 14 10 12 13 20 22 24 27 19 23 21 25 26 30 36 35 29 28 33 34 32 31 41 40 37 39 42 44 45 38 43 53 50 47 46 48 52 54 49 51
 26 27 19 24 22 21 23 25 20 33 34 28 36 32 29 35 30 31 44 43 42 45 38 41 37 39 40 47 49 51 54 46 50 48 52 53 57 63 62 56 55 60 61 59 58  5  4  1  3  6  8  9  2  7 17 14 11 10 12 16 18 13 15
 36 28 29 34 32 31 33 35 30 43 44 38 37 42 39 45 40 41 54 53 52 46 48 51 47 49 50 57 59 61 55 56 60 58 62 63  4  1  9  3  2  7  8  6  5 15 14 11 13 16 18 10 12 17 27 24 21 20 22 26 19 23 25
 54 46 47 52 50 49 51 53 48 61 62 56 55 60 57 63 58 59  9  8  7  1  3  6  2  4  5 12 14 16 10 11 15 13 17 18 22 19 27 21 20 25 26 24 23 33 32 29 31 34 36 28 30 35 45 42 39 38 40 44 37 41 43
 45 37 38 43 41 40 42 44 39 52 53 47 46 51 48 54 49 50 63 62 61 55 57 60 56 58 59  3  5  7  1  2  6  4  8  9 13 10 18 12 11 16 17 15 14 24 23 20 22 25 27 19 21 26 36 33 30 29 31 35 28 32 34
 18 10 11 16 14 13 15 17 12 25 26 20 19 24 21 27 22 23 36 35 34 28 30 33 29 31 32 39 41 43 37 38 42 40 44 45 49 46 54 48 47 52 53 51 50 60 59 56 58 61 63 55 57 62  9  6  3  2  4  8  1  5  7
 63 55 56 61 59 58 60 62 57  7  8  2  1  6  3  9  4  5 18 17 16 10 12 15 11 13 14 21 23 25 19 20 24 22 26 27 31 28 36 30 29 34 35 33 32 42 41 38 40 43 45 37 39 44 54 51 48 47 49 53 46 50 52
  9  1  2  7  5  4  6  8  3 16 17 11 10 15 12 18 13 14 27 26 25 19 21 24 20 22 23 30 32 34 28 29 33 31 35 36 40 37 45 39 38 43 44 42 41 51 50 47 49 52 54 46 48 53 63 60 57 56 58 62 55 59 61
 27 19 20 25 23 22 24 26 21 34 35 29 28 33 30 36 31 32 45 44 43 37 39 42 38 40 41 48 50 52 46 47 51 49 53 54 58 55 63 57 56 61 62 60 59  6  5  2  4  7  9  1  3  8 18 15 12 11 13 17 10 14 16
  1  2  3  8  6  5  7  9  4 17 18 12 11 16 13 10 14 15 19 27 26 20 22 25 21 23 24 31 33 35 29 30 34 32 36 28 41 38 37 40 39 44 45 43 42 52 51 48 50 53 46 47 49 54 55 61 58 57 59 63 56 60 62
 55 56 57 62 60 59 61 63 58  8  9  3  2  7  4  1  5  6 10 18 17 11 13 16 12 14 15 22 24 26 20 21 25 23 27 19 32 29 28 31 30 35 36 34 33 43 42 39 41 44 37 38 40 45 46 52 49 48 50 54 47 51 53
 28 29 30 35 33 32 34 36 31 44 45 39 38 43 40 37 41 42 46 54 53 47 49 52 48 50 51 58 60 62 56 57 61 59 63 55  5  2  1  4  3  8  9  7  6 16 15 12 14 17 10 11 13 18 19 25 22 21 23 27 20 24 26
 46 47 48 53 51 50 52 54 49 62 63 57 56 61 58 55 59 60  1  9  8  2  4  7  3  5  6 13 15 17 11 12 16 14 18 10 23 20 19 22 21 26 27 25 24 34 33 30 32 35 28 29 31 36 37 43 40 39 41 45 38 42 44
 10 11 12 17 15 14 16 18 13 26 27 21 20 25 22 19 23 24 28 36 35 29 31 34 30 32 33 40 42 44 38 39 43 41 45 37 50 47 46 49 48 53 54 52 51 61 60 57 59 62 55 56 58 63  1  7  4  3  5  9  2  6  8
 37 38 39 44 42 41 43 45 40 53 54 48 47 52 49 46 50 51 55 63 62 56 58 61 57 59 60  4  6  8  2  3  7  5  9  1 14 11 10 13 12 17 18 16 15 25 24 21 23 26 19 20 22 27 28 34 31 30 32 36 29 33 35
 19 20 21 26 24 23 25 27 22 35 36 30 29 34 31 28 32 33 37 45 44 38 40 43 39 41 42 49 51 53 47 48 52 50 54 46 59 56 55 58 57 62 63 61 60  7  6  3  5  8  1  2  4  9 10 16 13 12 14 18 11 15 17
 38 39 40 45 43 42 44 37 41 54 46 49 48 53 50 47 51 52 56 55 63 57 59 62 58 60 61  5  7  9  3  4  8  6  1  2 15 12 11 14 13 18 10 17 16 26 25 22 24 27 20 21 23 19 29 35 32 31 33 28 30 34 36
 47 48 49 54 52 51 53 46 50 63 55 58 57 62 59 56 60 61  2  1  9  3  5  8  4  6  7 14 16 18 12 13 17 15 10 11 24 21 20 23 22 27 19 26 25 35 34 31 33 36 29 30 32 28 38 44 41 40 42 37 39 43 45
 11 12 13 18 16 15 17 10 14 27 19 22 21 26 23 20 24 25 29 28 36 30 32 35 31 33 34 41 43 45 39 40 44 42 37 38 51 48 47 50 49 54 46 53 52 62 61 58 60 63 56 57 59 55  2  8  5  4  6  1  3  7  9
 56 57 58 63 61 60 62 55 59  9  1  4  3  8  5  2  6  7 11 10 18 12 14 17 13 15 16 23 25 27 21 22 26 24 19 20 33 30 29 32 31 36 28 35 34 44 43 40 42 45 38 39 41 37 47 53 50 49 51 46 48 52 54
 29 30 31 36 34 33 35 28 32 45 37 40 39 44 41 38 42 43 47 46 54 48 50 53 49 51 52 59 61 63 57 58 62 60 55 56  6  3  2  5  4  9  1  8  7 17 16 13 15 18 11 12 14 10 20 26 23 22 24 19 21 25 27
  2  3  4  9  7  6  8  1  5 18 10 13 12 17 14 11 15 16 20 19 27 21 23 26 22 24 25 32 34 36 30 31 35 33 28 29 42 39 38 41 40 45 37 44 43 53 52 49 51 54 47 48 50 46 56 62 59 58 60 55 57 61 63
 20 21 22 27 25 24 26 19 23 36 28 31 30 35 32 29 33 34 38 37 45 39 41 44 40 42 43 50 52 54 48 49 53 51 46 47 60 57 56 59 58 63 55 62 61  8  7  4  6  9  2  3  5  1 11 17 14 13 15 10 12 16 18
 48 49 50 46 53 52 54 47 51 55 56 59 58 63 60 57 61 62  3  2  1  4  6  9  5  7  8 15 17 10 13 14 18 16 11 12 25 22 21 24 23 19 20 27 26 36 35 32 34 28 30 31 33 29 39 45 42 41 43 38 40 44 37
 39 40 41 37 44 43 45 38 42 46 47 50 49 54 51 48 52 53 57 56 55 58 60 63 59 61 62  6  8  1  4  5  9  7  2  3 16 13 12 15 14 10 11 18 17 27 26 23 25 19 21 22 24 20 30 36 33 32 34 29 31 35 28
 21 22 23 19 26 25 27 20 24 28 29 32 31 36 33 30 34 35 39 38 37 40 42 45 41 43 44 51 53 46 49 50 54 52 47 48 61 58 57 60 59 55 56 63 62  9  8  5  7  1  3  4  6  2 12 18 15 14 16 11 13 17 10
  3  4  5  1  8  7  9  2  6 10 11 14 13 18 15 12 16 17 21 20 19 22 24 27 23 25 26 33 35 28 31 32 36 34 29 30 43 40 39 42 41 37 38 45 44 54 53 50 52 46 48 49 51 47 57 63 60 59 61 56 58 62 55
 57 58 59 55 62 61 63 56 60  1  2  5  4  9  6  3  7  8 12 11 10 13 15 18 14 16 17 24 26 19 22 23 27 25 20 21 34 31 30 33 32 28 29 36 35 45 44 41 43 37 39 40 42 38 48 54 51 50 52 47 49 53 46
 12 13 14 10 17 16 18 11 15 19 20 23 22 27 24 21 25 26 30 29 28 31 33 36 32 34 35 42 44 37 40 41 45 43 38 39 52 49 48 51 50 46 47 54 53 63 62 59 61 55 57 58 60 56  3  9  6  5  7  2  4  8  1
 30 31 32 28 35 34 36 29 33 37 38 41 40 45 42 39 43 44 48 47 46 49 51 54 50 52 53 60 62 55 58 59 63 61 56 57  7  4  3  6  5  1  2  9  8 18 17 14 16 10 12 13 15 11 21 27 24 23 25 20 22 26 19
 58 59 60 56 63 62 55 57 61  2  3  6  5  1  7  4  8  9 13 12 11 14 16 10 15 17 18 25 27 20 23 24 19 26 21 22 35 32 31 34 33 29 30 28 36 37 45 42 44 38 40 41 43 39 49 46 52 51 53 48 50 54 47
 40 41 42 38 45 44 37 39 43 47 48 51 50 46 52 49 53 54 58 57 56 59 61 55 60 62 63  7  9  2  5  6  1  8  3  4 17 14 13 16 15 11 12 10 18 19 27 24 26 20 22 23 25 21 31 28 34 33 35 30 32 36 29
 22 23 24 20 27 26 19 21 25 29 30 33 32 28 34 31 35 36 40 39 38 41 43 37 42 44 45 52 54 47 50 51 46 53 48 49 62 59 58 61 60 56 57 55 63  1  9  6  8  2  4  5  7  3 13 10 16 15 17 12 14 18 11
  4  5  6  2  9  8  1  3  7 11 12 15 14 10 16 13 17 18 22 21 20 23 25 19 24 26 27 34 36 29 32 33 28 35 30 31 44 41 40 43 42 38 39 37 45 46 54 51 53 47 49 50 52 48 58 55 61 60 62 57 59 63 56
 31 32 33 29 36 35 28 30 34 38 39 42 41 37 43 40 44 45 49 48 47 50 52 46 51 53 54 61 63 56 59 60 55 62 57 58  8  5  4  7  6  2  3  1  9 10 18 15 17 11 13 14 16 12 22 19 25 24 26 21 23 27 20
 13 14 15 11 18 17 10 12 16 20 21 24 23 19 25 22 26 27 31 30 29 32 34 28 33 35 36 43 45 38 41 42 37 44 39 40 53 50 49 52 51 47 48 46 54 55 63 60 62 56 58 59 61 57  4  1  7  6  8  3  5  9  2
 49 50 51 47 54 53 46 48 52 56 57 60 59 55 61 58 62 63  4  3  2  5  7  1  6  8  9 16 18 11 14 15 10 17 12 13 26 23 22 25 24 20 21 19 27 28 36 33 35 29 31 32 34 30 40 37 43 42 44 39 41 45 38
 50 51 52 48 46 54 47 49 53 57 58 61 60 56 62 59 63 55  5  4  3  6  8  2  7  9  1 17 10 12 15 16 11 18 13 14 27 24 23 26 25 21 22 20 19 29 28 34 36 30 32 33 35 31 41 38 44 43 45 40 42 37 39
 14 15 16 12 10 18 11 13 17 21 22 25 24 20 26 23 27 19 32 31 30 33 35 29 34 36 28 44 37 39 42 43 38 45 40 41 54 51 50 53 52 48 49 47 46 56 55 61 63 57 59 60 62 58  5  2  8  7  9  4  6  1  3
 23 24 25 21 19 27 20 22 26 30 31 34 33 29 35 32 36 28 41 40 39 42 44 38 43 45 37 53 46 48 51 52 47 54 49 50 63 60 59 62 61 57 58 56 55  2  1  7  9  3  5  6  8  4 14 11 17 16 18 13 15 10 12
 32 33 34 30 28 36 29 31 35 39 40 43 42 38 44 41 45 37 50 49 48 51 53 47 52 54 46 62 55 57 60 61 56 63 58 59  9  6  5  8  7  3  4  2  1 11 10 16 18 12 14 15 17 13 23 20 26 25 27 22 24 19 21
  5  6  7  3  1  9  2  4  8 12 13 16 15 11 17 14 18 10 23 22 21 24 26 20 25 27 19 35 28 30 33 34 29 36 31 32 45 42 41 44 43 39 40 38 37 47 46 52 54 48 50 51 53 49 59 56 62 61 63 58 60 55 57
 59 60 61 57 55 63 56 58 62  3  4  7  6  2  8  5  9  1 14 13 12 15 17 11 16 18 10 26 19 21 24 25 20 27 22 23 36 33 32 35 34 30 31 29 28 38 37 43 45 39 41 42 44 40 50 47 53 52 54 49 51 46 48
 41 42 43 39 37 45 38 40 44 48 49 52 51 47 53 50 54 46 59 58 57 60 62 56 61 63 55  8  1  3  6  7  2  9  4  5 18 15 14 17 16 12 13 11 10 20 19 25 27 21 23 24 26 22 32 29 35 34 36 31 33 28 30
 51 52 53 49 47 46 48 50 54 58 59 62 61 57 63 60 55 56  6  5  4  7  9  3  8  1  2 18 11 13 16 17 12 10 14 15 19 25 24 27 26 22 23 21 20 30 29 35 28 31 33 34 36 32 42 39 45 44 37 41 43 38 40
 24 25 26 22 20 19 21 23 27 31 32 35 34 30 36 33 28 29 42 41 40 43 45 39 44 37 38 54 47 49 52 53 48 46 50 51 55 61 60 63 62 58 59 57 56  3  2  8  1  4  6  7  9  5 15 12 18 17 10 14 16 11 13
 60 61 62 58 56 55 57 59 63  4  5  8  7  3  9  6  1  2 15 14 13 16 18 12 17 10 11 27 20 22 25 26 21 19 23 24 28 34 33 36 35 31 32 30 29 39 38 44 37 40 42 43 45 41 51 48 54 53 46 50 52 47 49
 15 16 17 13 11 10 12 14 18 22 23 26 25 21 27 24 19 20 33 32 31 34 36 30 35 28 29 45 38 40 43 44 39 37 41 42 46 52 51 54 53 49 50 48 47 57 56 62 55 58 60 61 63 59  6  3  9  8  1  5  7  2  4
 33 34 35 31 29 28 30 32 36 40 41 44 43 39 45 42 37 38 51 50 49 52 54 48 53 46 47 63 56 58 61 62 57 55 59 60  1  7  6  9  8  4  5  3  2 12 11 17 10 13 15 16 18 14 24 21 27 26 19 23 25 20 22
 42 43 44 40 38 37 39 41 45 49 50 53 52 48 54 51 46 47 60 59 58 61 63 57 62 55 56  9  2  4  7  8  3  1  5  6 10 16 15 18 17 13 14 12 11 21 20 26 19 22 24 25 27 23 33 30 36 35 28 32 34 29 31
  6  7  8  4  2  1  3  5  9 13 14 17 16 12 18 15 10 11 24 23 22 25 27 21 26 19 20 36 29 31 34 35 30 28 32 33 37 43 42 45 44 40 41 39 38 48 47 53 46 49 51 52 54 50 60 57 63 62 55 59 61 56 58
