 31 36 28 30 32 35 29 34 33 45 38 44 42 37 40 41 43 39 47 53 46 51 52 48 50 54 49 58 56 61 62 60 55 63 59 57  6  9  7  5  1  4  3  2  8 10 16 12 15 18 17 14 11 13 24 20 19 21 27 23 25 26 22
 13 18 10 12 14 17 11 16 15 27 20 26 24 19 22 23 25 21 29 35 28 33 34 30 32 36 31 40 38 43 44 42 37 45 41 39 51 54 52 50 46 49 48 47 53 55 61 57 60 63 62 59 56 58  6  2  1  3  9  5  7  8  4
 58 63 55 57 59 62 56 61 60  9  2  8  6  1  4  5  7  3 11 17 10 15 16 12 14 18 13 22 20 25 26 24 19 27 23 21 33 36 34 32 28 31 30 29 35 37 43 39 42 45 44 41 38 40 51 47 46 48 54 50 52 53 49
 49 54 46 48 50 53 47 52 51 63 56 62 60 55 58 59 61 57  2  8  1  6  7  3  5  9  4 13 11 16 17 15 10 18 14 12 24 27 25 23 19 22 21 20 26 28 34 30 33 36 35 32 29 31 42 38 37 39 45 41 43 44 40
  4  9  1  3  5  8  2  7  6 18 11 17 15 10 13 14 16 12 20 26 19 24 25 21 23 27 22 31 29 34 35 33 28 36 32 30 42 45 43 41 37 40 39 38 44 46 52 48 51 54 53 50 47 49 60 56 55 57 63 59 61 62 58
 22 27 19 21 23 26 20 25 24 36 29 35 33 28 31 32 34 30 38 44 37 42 43 39 41 45 40 49 47 52 53 51 46 54 50 48 60 63 61 59 55 58 57 56 62  1  7  3  6  9  8  5  2  4 15 11 10 12 18 14 16 17 13
 40 45 37 39 41 44 38 43 42 54 47 53 51 46 49 50 52 48 56 62 55 60 61 57 59 63 58  4  2  7  8  6  1  9  5  3 15 18 16 14 10 13 12 11 17 19 25 21 24 27 26 23 20 22 33 29 28 30 36 32 34 35 31
  5  1  2  4  6  9  3  8  7 10 12 18 16 11 14 15 17 13 21 27 20 25 26 22 24 19 23 32 30 35 36 34 29 28 33 31 43 37 44 42 38 41 40 39 45 47 53 49 52 46 54 51 48 50 61 57 56 58 55 60 62 63 59
 41 37 38 40 42 45 39 44 43 46 48 54 52 47 50 51 53 49 57 63 56 61 62 58 60 55 59  5  3  8  9  7  2  1  6  4 16 10 17 15 11 14 13 12 18 20 26 22 25 19 27 24 21 23 34 30 29 31 28 33 35 36 32
 14 10 11 13 15 18 12 17 16 19 21 27 25 20 23 24 26 22 30 36 29 34 35 31 33 28 32 41 39 44 45 43 38 37 42 40 52 46 53 51 47 50 49 48 54 56 62 58 61 55 63 60 57 59  7  3  2  4  1  6  8  9  5
 59 55 56 58 60 63 57 62 61  1  3  9  7  2  5  6  8  4 12 18 11 16 17 13 15 10 14 23 21 26 27 25 20 19 24 22 34 28 35 33 29 32 31 30 36 38 44 40 43 37 45 42 39 41 52 48 47 49 46 51 53 54 50
 32 28 29 31 33 36 30 35 34 37 39 45 43 38 41 42 44 40 48 54 47 52 53 49 51 46 50 59 57 62 63 61 56 55 60 58  7  1  8  6  2  5  4  3  9 11 17 13 16 10 18 15 12 14 25 21 20 22 19 24 26 27 23
 50 46 47 49 51 54 48 53 52 55 57 63 61 56 59 60 62 58  3  9  2  7  8  4  6  1  5 14 12 17 18 16 11 10 15 13 25 19 26 24 20 23 22 21 27 29 35 31 34 28 36 33 30 32 43 39 38 40 37 42 44 45 41
 23 19 20 22 24 27 21 26 25 28 30 36 34 29 32 33 35 31 39 45 38 43 44 40 42 37 41 50 48 53 54 52 47 46 51 49 61 55 62 60 56 59 58 57 63  2  8  4  7  1  9  6  3  5 16 12 11 13 10 15 17 18 14
 24 20 21 23 25 19 22 27 26 29 31 28 35 30 33 34 36 32 40 37 39 44 45 41 43 38 42 51 49 54 46 53 48 47 52 50 62 56 63 61 57 60 59 58 55  3  9  5  8  2  1  7  4  6 17 13 12 14 11 16 18 10 15
 60 56 57 59 61 55 58 63 62  2  4  1  8  3  6  7  9  5 13 10 12 17 18 14 16 11 15 24 22 27 19 26 21 20 25 23 35 29 36 34 30 33 32 31 28 39 45 41 44 38 37 43 40 42 53 49 48 50 47 52 54 46 51
 15 11 12 14 16 10 13 18 17 20 22 19 26 21 24 25 27 23 31 28 30 35 36 32 34 29 33 42 40 45 37 44 39 38 43 41 53 47 54 52 48 51 50 49 46 57 63 59 62 56 55 61 58 60  8  4  3  5  2  7  9  1  6
  6  2  3  5  7  1  4  9  8 11 13 10 17 12 15 16 18 14 22 19 21 26 27 23 25 20 24 33 31 36 28 35 30 29 34 32 44 38 45 43 39 42 41 40 37 48 54 50 53 47 46 52 49 51 62 58 57 59 56 61 63 55 60
 33 29 30 32 34 28 31 36 35 38 40 37 44 39 42 43 45 41 49 46 48 53 54 50 52 47 51 60 58 63 55 62 57 56 61 59  8  2  9  7  3  6  5  4  1 12 18 14 17 11 10 16 13 15 26 22 21 23 20 25 27 19 24
 42 38 39 41 43 37 40 45 44 47 49 46 53 48 51 52 54 50 58 55 57 62 63 59 61 56 60  6  4  9  1  8  3  2  7  5 17 11 18 16 12 15 14 13 10 21 27 23 26 20 19 25 22 24 35 31 30 32 29 34 36 28 33
 51 47 48 50 52 46 49 54 53 56 58 55 62 57 60 61 63 59  4  1  3  8  9  5  7  2  6 15 13 18 10 17 12 11 16 14 26 20 27 25 21 24 23 22 19 30 36 32 35 29 28 34 31 33 44 40 39 41 38 43 45 37 42
 52 48 49 51 53 47 50 46 54 57 59 56 63 58 61 62 55 60  5  2  4  9  1  6  8  3  7 16 14 10 11 18 13 12 17 15 27 21 19 26 22 25 24 23 20 31 28 33 36 30 29 35 32 34 45 41 40 42 39 44 37 38 43
  7  3  4  6  8  2  5  1  9 12 14 11 18 13 16 17 10 15 23 20 22 27 19 24 26 21 25 34 32 28 29 36 31 30 35 33 45 39 37 44 40 43 42 41 38 49 46 51 54 48 47 53 50 52 63 59 58 60 57 62 55 56 61
 16 12 13 15 17 11 14 10 18 21 23 20 27 22 25 26 19 24 32 29 31 36 28 33 35 30 34 43 41 37 38 45 40 39 44 42 54 48 46 53 49 52 51 50 47 58 55 60 63 57 56 62 59 61  9  5  4  6  3  8  1  2  7
 61 57 58 60 62 56 59 55 63  3  5  2  9  4  7  8  1  6 14 11 13 18 10 15 17 12 16 25 23 19 20 27 22 21 26 24 36 30 28 35 31 34 33 32 29 40 37 42 45 39 38 44 41 43 54 50 49 51 48 53 46 47 52
 43 39 40 42 44 38 41 37 45 48 50 47 54 49 52 53 46 51 59 56 58 63 55 60 62 57 61  7  5  1  2  9  4  3  8  6 18 12 10 17 13 16 15 14 11 22 19 24 27 21 20 26 23 25 36 32 31 33 30 35 28 29 34
 34 30 31 33 35 29 32 28 36 39 41 38 45 40 43 44 37 42 50 47 49 54 46 51 53 48 52 61 59 55 56 63 58 57 62 60  9  3  1  8  4  7  6  5  2 13 10 15 18 12 11 17 14 16 27 23 22 24 21 26 19 20 25
 25 21 22 24 26 20 23 19 27 30 32 29 36 31 34 35 28 33 41 38 40 45 37 42 44 39 43 52 50 46 47 54 49 48 53 51 63 57 55 62 58 61 60 59 56  4  1  6  9  3  2  8  5  7 18 14 13 15 12 17 10 11 16
 26 22 23 25 27 21 24 20 19 31 33 30 28 32 35 36 29 34 42 39 41 37 38 43 45 40 44 53 51 47 48 46 50 49 54 52 55 58 56 63 59 62 61 60 57  5  2  7  1  4  3  9  6  8 10 15 14 16 13 18 11 12 17
  8  4  5  7  9  3  6  2  1 13 15 12 10 14 17 18 11 16 24 21 23 19 20 25 27 22 26 35 33 29 30 28 32 31 36 34 37 40 38 45 41 44 43 42 39 50 47 52 46 49 48 54 51 53 55 60 59 61 58 63 56 57 62
 35 31 32 34 36 30 33 29 28 40 42 39 37 41 44 45 38 43 51 48 50 46 47 52 54 49 53 62 60 56 57 55 59 58 63 61  1  4  2  9  5  8  7  6  3 14 11 16 10 13 12 18 15 17 19 24 23 25 22 27 20 21 26
 53 49 50 52 54 48 51 47 46 58 60 57 55 59 62 63 56 61  6  3  5  1  2  7  9  4  8 17 15 11 12 10 14 13 18 16 19 22 20 27 23 26 25 24 21 32 29 34 28 31 30 36 33 35 37 42 41 43 40 45 38 39 44
 17 13 14 16 18 12 15 11 10 22 24 21 19 23 26 27 20 25 33 30 32 28 29 34 36 31 35 44 42 38 39 37 41 40 45 43 46 49 47 54 50 53 52 51 48 59 56 61 55 58 57 63 60 62  1  6  5  7  4  9  2  3  8
 62 58 59 61 63 57 60 56 55  4  6  3  1  5  8  9  2  7 15 12 14 10 11 16 18 13 17 26 24 20 21 19 23 22 27 25 28 31 29 36 32 35 34 33 30 41 38 43 37 40 39 45 42 44 46 51 50 52 49 54 47 48 53
 44 40 41 43 45 39 42 38 37 49 51 48 46 50 53 54 47 52 60 57 59 55 56 61 63 58 62  8  6  2  3  1  5  4  9  7 10 13 11 18 14 17 16 15 12 23 20 25 19 22 21 27 24 26 28 33 32 34 31 36 29 30 35
 36 32 33 35 28 31 34 30 29 41 43 40 38 42 45 37 39 44 52 49 51 47 48 53 46 50 54 63 61 57 58 56 60 59 55 62  2  5  3  1  6  9  8  7  4 15 12 17 11 14 13 10 16 18 20 25 24 26 23 19 21 22 27
 54 50 51 53 46 49 52 48 47 59 61 58 56 60 63 55 57 62  7  4  6  2  3  8  1  5  9 18 16 12 13 11 15 14 10 17 20 23 21 19 24 27 26 25 22 33 30 35 29 32 31 28 34 36 38 43 42 44 41 37 39 40 45
 18 14 15 17 10 13 16 12 11 23 25 22 20 24 27 19 21 26 34 31 33 29 30 35 28 32 36 45 43 39 40 38 42 41 37 44 47 50 48 46 51 54 53 52 49 60 57 62 56 59 58 55 61 63  2  7  6  8  5  1  3  4  9
  9  5  6  8  1  4  7  3  2 14 16 13 11 15 18 10 12 17 25 22 24 20 21 26 19 23 27 36 34 30 31 29 33 32 28 35 38 41 39 37 42 45 44 43 40 51 48 53 47 50 49 46 52 54 56 61 60 62 59 55 57 58 63
 63 59 60 62 55 58 61 57 56  5  7  4  2  6  9  1  3  8 16 13 15 11 12 17 10 14 18 27 25 21 22 20 24 23 19 26 29 32 30 28 33 36 35 34 31 42 39 44 38 41 40 37 43 45 47 52 51 53 50 46 48 49 54
 27 23 24 26 19 22 25 21 20 32 34 31 29 33 36 28 30 35 43 40 42 38 39 44 37 41 45 54 52 48 49 47 51 50 46 53 56 59 57 55 60 63 62 61 58  6  3  8  2  5  4  1  7  9 11 16 15 17 14 10 12 13 18
 45 41 42 44 37 40 43 39 38 50 52 49 47 51 54 46 48 53 61 58 60 56 57 62 55 59 63  9  7  3  4  2  6  5  1  8 11 14 12 10 15 18 17 16 13 24 21 26 20 23 22 19 25 27 29 34 33 35 32 28 30 31 36
 19 24 25 27 20 23 26 22 21 33 35 32 30 34 28 29 31 36 44 41 43 39 40 45 38 42 37 46 53 49 50 48 52 51 47 54 57 60 58 56 61 55 63 62 59  7  4  9  3  6  5  2  8  1 12 17 16 18 15 11 13 14 10
 55 60 61 63 56 59 62 58 57  6  8  5  3  7  1  2  4  9 17 14 16 12 13 18 11 15 10 19 26 22 23 21 25 24 20 27 30 33 31 29 34 28 36 35 32 43 40 45 39 42 41 38 44 37 48 53 52 54 51 47 49 50 46
  1  6  7  9  2  5  8  4  3 15 17 14 12 16 10 11 13 18 26 23 25 21 22 27 20 24 19 28 35 31 32 30 34 33 29 36 39 42 40 38 43 37 45 44 41 52 49 54 48 51 50 47 53 46 57 62 61 63 60 56 58 59 55
 37 42 43 45 38 41 44 40 39 51 53 50 48 52 46 47 49 54 62 59 61 57 58 63 56 60 55  1  8  4  5  3  7  6  2  9 12 15 13 11 16 10 18 17 14 25 22 27 21 24 23 20 26 19 30 35 34 36 33 29 31 32 28
 28 33 34 36 29 32 35 31 30 42 44 41 39 43 37 38 40 45 53 50 52 48 49 54 47 51 46 55 62 58 59 57 61 60 56 63  3  6  4  2  7  1  9  8  5 16 13 18 12 15 14 11 17 10 21 26 25 27 24 20 22 23 19
 10 15 16 18 11 14 17 13 12 24 26 23 21 25 19 20 22 27 35 32 34 30 31 36 29 33 28 37 44 40 41 39 43 42 38 45 48 51 49 47 52 46 54 53 50 61 58 63 57 60 59 56 62 55  3  8  7  9  6  2  4  5  1
 46 51 52 54 47 50 53 49 48 60 62 59 57 61 55 56 58 63  8  5  7  3  4  9  2  6  1 10 17 13 14 12 16 15 11 18 21 24 22 20 25 19 27 26 23 34 31 36 30 33 32 29 35 28 39 44 43 45 42 38 40 41 37
 47 52 53 46 48 51 54 50 49 61 63 60 58 62 56 57 59 55  9  6  8  4  5  1  3  7  2 11 18 14 15 13 17 16 12 10 22 25 23 21 26 20 19 27 24 35 32 28 31 34 33 30 36 29 40 45 44 37 43 39 41 42 38
 11 16 17 10 12 15 18 14 13 25 27 24 22 26 20 21 23 19 36 33 35 31 32 28 30 34 29 38 45 41 42 40 44 43 39 37 49 52 50 48 53 47 46 54 51 62 59 55 58 61 60 57 63 56  4  9  8  1  7  3  5  6  2
 29 34 35 28 30 33 36 32 31 43 45 42 40 44 38 39 41 37 54 51 53 49 50 46 48 52 47 56 63 59 60 58 62 61 57 55  4  7  5  3  8  2  1  9  6 17 14 10 13 16 15 12 18 11 22 27 26 19 25 21 23 24 20
  2  7  8  1  3  6  9  5  4 16 18 15 13 17 11 12 14 10 27 24 26 22 23 19 21 25 20 29 36 32 33 31 35 34 30 28 40 43 41 39 44 38 37 45 42 53 50 46 49 52 51 48 54 47 58 63 62 55 61 57 59 60 56
 56 61 62 55 57 60 63 59 58  7  9  6  4  8  2  3  5  1 18 15 17 13 14 10 12 16 11 20 27 23 24 22 26 25 21 19 31 34 32 30 35 29 28 36 33 44 41 37 40 43 42 39 45 38 49 54 53 46 52 48 50 51 47
 20 25 26 19 21 24 27 23 22 34 36 33 31 35 29 30 32 28 45 42 44 40 41 37 39 43 38 47 54 50 51 49 53 52 48 46 58 61 59 57 62 56 55 63 60  8  5  1  4  7  6  3  9  2 13 18 17 10 16 12 14 15 11
 38 43 44 37 39 42 45 41 40 52 54 51 49 53 47 48 50 46 63 60 62 58 59 55 57 61 56  2  9  5  6  4  8  7  3  1 13 16 14 12 17 11 10 18 15 26 23 19 22 25 24 21 27 20 31 36 35 28 34 30 32 33 29
  3  8  9  2  4  7  1  6  5 17 10 16 14 18 12 13 15 11 19 25 27 23 24 20 22 26 21 30 28 33 34 32 36 35 31 29 41 44 42 40 45 39 38 37 43 54 51 47 50 53 52 49 46 48 59 55 63 56 62 58 60 61 57
 21 26 27 20 22 25 19 24 23 35 28 34 32 36 30 31 33 29 37 43 45 41 42 38 40 44 39 48 46 51 52 50 54 53 49 47 59 62 60 58 63 57 56 55 61  9  6  2  5  8  7  4  1  3 14 10 18 11 17 13 15 16 12
 12 17 18 11 13 16 10 15 14 26 19 25 23 27 21 22 24 20 28 34 36 32 33 29 31 35 30 39 37 42 43 41 45 44 40 38 50 53 51 49 54 48 47 46 52 63 60 56 59 62 61 58 55 57  5  1  9  2  8  4  6  7  3
 39 44 45 38 40 43 37 42 41 53 46 52 50 54 48 49 51 47 55 61 63 59 60 56 58 62 57  3  1  6  7  5  9  8  4  2 14 17 15 13 18 12 11 10 16 27 24 20 23 26 25 22 19 21 32 28 36 29 35 31 33 34 30
 57 62 63 56 58 61 55 60 59  8  1  7  5  9  3  4  6  2 10 16 18 14 15 11 13 17 12 21 19 24 25 23 27 26 22 20 32 35 33 31 36 30 29 28 34 45 42 38 41 44 43 40 37 39 50 46 54 47 53 49 51 52 48
 30 35 36 29 31 34 28 33 32 44 37 43 41 45 39 40 42 38 46 52 54 50 51 47 49 53 48 57 55 60 61 59 63 62 58 56  5  8  6  4  9  3  2  1  7 18 15 11 14 17 16 13 10 12 23 19 27 20 26 22 24 25 21
 48 53 54 47 49 52 46 51 50 62 55 61 59 63 57 58 60 56  1  7  9  5  6  2  4  8  3 12 10 15 16 14 18 17 13 11 23 26 24 22 27 21 20 19 25 36 33 29 32 35 34 31 28 30 41 37 45 38 44 40 42 43 39
