  5  6  9  1  4  2  7  8  3 18 17 15 14 16 11 10 12 13 19 24 26 23 22 21 27 25 20 29 34 35 32 31 36 33 28 30 45 42 39 44 37 38 40 41 43 47 48 50 54 53 46 51 52 49 59 55 63 57 58 61 62 56 60
 23 24 27 19 22 20 25 26 21 36 35 33 32 34 29 28 30 31 37 42 44 41 40 39 45 43 38 47 52 53 50 49 54 51 46 48 63 60 57 62 55 56 58 59 61  2  3  5  9  8  1  6  7  4 14 10 18 12 13 16 17 11 15
 41 42 45 37 40 38 43 44 39 54 53 51 50 52 47 46 48 49 55 60 62 59 58 57 63 61 56  2  7  8  5  4  9  6  1  3 18 15 12 17 10 11 13 14 16 20 21 23 27 26 19 24 25 22 32 28 36 30 31 34 35 29 33
 32 33 36 28 31 29 34 35 30 45 44 42 41 43 38 37 39 40 46 51 53 50 49 48 54 52 47 56 61 62 59 58 63 60 55 57  9  6  3  8  1  2  4  5  7 11 12 14 18 17 10 15 16 13 23 19 27 21 22 25 26 20 24
 50 51 54 46 49 47 52 53 48 63 62 60 59 61 56 55 57 58  1  6  8  5  4  3  9  7  2 11 16 17 14 13 18 15 10 12 27 24 21 26 19 20 22 23 25 29 30 32 36 35 28 33 34 31 41 37 45 39 40 43 44 38 42
 59 60 63 55 58 56 61 62 57  9  8  6  5  7  2  1  3  4 10 15 17 14 13 12 18 16 11 20 25 26 23 22 27 24 19 21 36 33 30 35 28 29 31 32 34 38 39 41 45 44 37 42 43 40 50 46 54 48 49 52 53 47 51
 14 15 18 10 13 11 16 17 12 27 26 24 23 25 20 19 21 22 28 33 35 32 31 30 36 34 29 38 43 44 41 40 45 42 37 39 54 51 48 53 46 47 49 50 52 56 57 59 63 62 55 60 61 58  5  1  9  3  4  7  8  2  6
 42 43 37 38 41 39 44 45 40 46 54 52 51 53 48 47 49 50 56 61 63 60 59 58 55 62 57  3  8  9  6  5  1  7  2  4 10 16 13 18 11 12 14 15 17 21 22 24 19 27 20 25 26 23 33 29 28 31 32 35 36 30 34
 24 25 19 20 23 21 26 27 22 28 36 34 33 35 30 29 31 32 38 43 45 42 41 40 37 44 39 48 53 54 51 50 46 52 47 49 55 61 58 63 56 57 59 60 62  3  4  6  1  9  2  7  8  5 15 11 10 13 14 17 18 12 16
 60 61 55 56 59 57 62 63 58  1  9  7  6  8  3  2  4  5 11 16 18 15 14 13 10 17 12 21 26 27 24 23 19 25 20 22 28 34 31 36 29 30 32 33 35 39 40 42 37 45 38 43 44 41 51 47 46 49 50 53 54 48 52
 15 16 10 11 14 12 17 18 13 19 27 25 24 26 21 20 22 23 29 34 36 33 32 31 28 35 30 39 44 45 42 41 37 43 38 40 46 52 49 54 47 48 50 51 53 57 58 60 55 63 56 61 62 59  6  2  1  4  5  8  9  3  7
 51 52 46 47 50 48 53 54 49 55 63 61 60 62 57 56 58 59  2  7  9  6  5  4  1  8  3 12 17 18 15 14 10 16 11 13 19 25 22 27 20 21 23 24 26 30 31 33 28 36 29 34 35 32 42 38 37 40 41 44 45 39 43
  6  7  1  2  5  3  8  9  4 10 18 16 15 17 12 11 13 14 20 25 27 24 23 22 19 26 21 30 35 36 33 32 28 34 29 31 37 43 40 45 38 39 41 42 44 48 49 51 46 54 47 52 53 50 60 56 55 58 59 62 63 57 61
 33 34 28 29 32 30 35 36 31 37 45 43 42 44 39 38 40 41 47 52 54 51 50 49 46 53 48 57 62 63 60 59 55 61 56 58  1  7  4  9  2  3  5  6  8 12 13 15 10 18 11 16 17 14 24 20 19 22 23 26 27 21 25
 61 62 56 57 60 58 63 55 59  2  1  8  7  9  4  3  5  6 12 17 10 16 15 14 11 18 13 22 27 19 25 24 20 26 21 23 29 35 32 28 30 31 33 34 36 40 41 43 38 37 39 44 45 42 52 48 47 50 51 54 46 49 53
  7  8  2  3  6  4  9  1  5 11 10 17 16 18 13 12 14 15 21 26 19 25 24 23 20 27 22 31 36 28 34 33 29 35 30 32 38 44 41 37 39 40 42 43 45 49 50 52 47 46 48 53 54 51 61 57 56 59 60 63 55 58 62
 34 35 29 30 33 31 36 28 32 38 37 44 43 45 40 39 41 42 48 53 46 52 51 50 47 54 49 58 63 55 61 60 56 62 57 59  2  8  5  1  3  4  6  7  9 13 14 16 11 10 12 17 18 15 25 21 20 23 24 27 19 22 26
 52 53 47 48 51 49 54 46 50 56 55 62 61 63 58 57 59 60  3  8  1  7  6  5  2  9  4 13 18 10 16 15 11 17 12 14 20 26 23 19 21 22 24 25 27 31 32 34 29 28 30 35 36 33 43 39 38 41 42 45 37 40 44
 43 44 38 39 42 40 45 37 41 47 46 53 52 54 49 48 50 51 57 62 55 61 60 59 56 63 58  4  9  1  7  6  2  8  3  5 11 17 14 10 12 13 15 16 18 22 23 25 20 19 21 26 27 24 34 30 29 32 33 36 28 31 35
 25 26 20 21 24 22 27 19 23 29 28 35 34 36 31 30 32 33 39 44 37 43 42 41 38 45 40 49 54 46 52 51 47 53 48 50 56 62 59 55 57 58 60 61 63  4  5  7  2  1  3  8  9  6 16 12 11 14 15 18 10 13 17
 16 17 11 12 15 13 18 10 14 20 19 26 25 27 22 21 23 24 30 35 28 34 33 32 29 36 31 40 45 37 43 42 38 44 39 41 47 53 50 46 48 49 51 52 54 58 59 61 56 55 57 62 63 60  7  3  2  5  6  9  1  4  8
 26 27 21 22 25 23 19 20 24 30 29 36 35 28 32 31 33 34 40 45 38 44 43 42 39 37 41 50 46 47 53 52 48 54 49 51 57 63 60 56 58 59 61 62 55  5  6  8  3  2  4  9  1  7 17 13 12 15 16 10 11 14 18
 17 18 12 13 16 14 10 11 15 21 20 27 26 19 23 22 24 25 31 36 29 35 34 33 30 28 32 41 37 38 44 43 39 45 40 42 48 54 51 47 49 50 52 53 46 59 60 62 57 56 58 63 55 61  8  4  3  6  7  1  2  5  9
 53 54 48 49 52 50 46 47 51 57 56 63 62 55 59 58 60 61  4  9  2  8  7  6  3  1  5 14 10 11 17 16 12 18 13 15 21 27 24 20 22 23 25 26 19 32 33 35 30 29 31 36 28 34 44 40 39 42 43 37 38 41 45
  8  9  3  4  7  5  1  2  6 12 11 18 17 10 14 13 15 16 22 27 20 26 25 24 21 19 23 32 28 29 35 34 30 36 31 33 39 45 42 38 40 41 43 44 37 50 51 53 48 47 49 54 46 52 62 58 57 60 61 55 56 59 63
 35 36 30 31 34 32 28 29 33 39 38 45 44 37 41 40 42 43 49 54 47 53 52 51 48 46 50 59 55 56 62 61 57 63 58 60  3  9  6  2  4  5  7  8  1 14 15 17 12 11 13 18 10 16 26 22 21 24 25 19 20 23 27
 62 63 57 58 61 59 55 56 60  3  2  9  8  1  5  4  6  7 13 18 11 17 16 15 12 10 14 23 19 20 26 25 21 27 22 24 30 36 33 29 31 32 34 35 28 41 42 44 39 38 40 45 37 43 53 49 48 51 52 46 47 50 54
 44 45 39 40 43 41 37 38 42 48 47 54 53 46 50 49 51 52 58 63 56 62 61 60 57 55 59  5  1  2  8  7  3  9  4  6 12 18 15 11 13 14 16 17 10 23 24 26 21 20 22 27 19 25 35 31 30 33 34 28 29 32 36
 54 46 49 50 53 51 47 48 52 58 57 55 63 56 60 59 61 62  5  1  3  9  8  7  4  2  6 15 11 12 18 17 13 10 14 16 22 19 25 21 23 24 26 27 20 33 34 36 31 30 32 28 29 35 45 41 40 43 44 38 39 42 37
 18 10 13 14 17 15 11 12 16 22 21 19 27 20 24 23 25 26 32 28 30 36 35 34 31 29 33 42 38 39 45 44 40 37 41 43 49 46 52 48 50 51 53 54 47 60 61 63 58 57 59 55 56 62  9  5  4  7  8  2  3  6  1
 27 19 22 23 26 24 20 21 25 31 30 28 36 29 33 32 34 35 41 37 39 45 44 43 40 38 42 51 47 48 54 53 49 46 50 52 58 55 61 57 59 60 62 63 56  6  7  9  4  3  5  1  2  8 18 14 13 16 17 11 12 15 10
 45 37 40 41 44 42 38 39 43 49 48 46 54 47 51 50 52 53 59 55 57 63 62 61 58 56 60  6  2  3  9  8  4  1  5  7 13 10 16 12 14 15 17 18 11 24 25 27 22 21 23 19 20 26 36 32 31 34 35 29 30 33 28
 36 28 31 32 35 33 29 30 34 40 39 37 45 38 42 41 43 44 50 46 48 54 53 52 49 47 51 60 56 57 63 62 58 55 59 61  4  1  7  3  5  6  8  9  2 15 16 18 13 12 14 10 11 17 27 23 22 25 26 20 21 24 19
 63 55 58 59 62 60 56 57 61  4  3  1  9  2  6  5  7  8 14 10 12 18 17 16 13 11 15 24 20 21 27 26 22 19 23 25 31 28 34 30 32 33 35 36 29 42 43 45 40 39 41 37 38 44 54 50 49 52 53 47 48 51 46
  9  1  4  5  8  6  2  3  7 13 12 10 18 11 15 14 16 17 23 19 21 27 26 25 22 20 24 33 29 30 36 35 31 28 32 34 40 37 43 39 41 42 44 45 38 51 52 54 49 48 50 46 47 53 63 59 58 61 62 56 57 60 55
 19 20 23 24 27 25 21 22 26 32 31 29 28 30 34 33 35 36 42 38 40 37 45 44 41 39 43 52 48 49 46 54 50 47 51 53 59 56 62 58 60 61 63 55 57  7  8  1  5  4  6  2  3  9 10 15 14 17 18 12 13 16 11
 55 56 59 60 63 61 57 58 62  5  4  2  1  3  7  6  8  9 15 11 13 10 18 17 14 12 16 25 21 22 19 27 23 20 24 26 32 29 35 31 33 34 36 28 30 43 44 37 41 40 42 38 39 45 46 51 50 53 54 48 49 52 47
  1  2  5  6  9  7  3  4  8 14 13 11 10 12 16 15 17 18 24 20 22 19 27 26 23 21 25 34 30 31 28 36 32 29 33 35 41 38 44 40 42 43 45 37 39 52 53 46 50 49 51 47 48 54 55 60 59 62 63 57 58 61 56
 10 11 14 15 18 16 12 13 17 23 22 20 19 21 25 24 26 27 33 29 31 28 36 35 32 30 34 43 39 40 37 45 41 38 42 44 50 47 53 49 51 52 54 46 48 61 62 55 59 58 60 56 57 63  1  6  5  8  9  3  4  7  2
 28 29 32 33 36 34 30 31 35 41 40 38 37 39 43 42 44 45 51 47 49 46 54 53 50 48 52 61 57 58 55 63 59 56 60 62  5  2  8  4  6  7  9  1  3 16 17 10 14 13 15 11 12 18 19 24 23 26 27 21 22 25 20
 37 38 41 42 45 43 39 40 44 50 49 47 46 48 52 51 53 54 60 56 58 55 63 62 59 57 61  7  3  4  1  9  5  2  6  8 14 11 17 13 15 16 18 10 12 25 26 19 23 22 24 20 21 27 28 33 32 35 36 30 31 34 29
 46 47 50 51 54 52 48 49 53 59 58 56 55 57 61 60 62 63  6  2  4  1  9  8  5  3  7 16 12 13 10 18 14 11 15 17 23 20 26 22 24 25 27 19 21 34 35 28 32 31 33 29 30 36 37 42 41 44 45 39 40 43 38
 47 48 51 52 46 53 49 50 54 60 59 57 56 58 62 61 63 55  7  3  5  2  1  9  6  4  8 17 13 14 11 10 15 12 16 18 24 21 27 23 25 26 19 20 22 35 36 29 33 32 34 30 31 28 38 43 42 45 37 40 41 44 39
 56 57 60 61 55 62 58 59 63  6  5  3  2  4  8  7  9  1 16 12 14 11 10 18 15 13 17 26 22 23 20 19 24 21 25 27 33 30 36 32 34 35 28 29 31 44 45 38 42 41 43 39 40 37 47 52 51 54 46 49 50 53 48
  2  3  6  7  1  8  4  5  9 15 14 12 11 13 17 16 18 10 25 21 23 20 19 27 24 22 26 35 31 32 29 28 33 30 34 36 42 39 45 41 43 44 37 38 40 53 54 47 51 50 52 48 49 46 56 61 60 63 55 58 59 62 57
 20 21 24 25 19 26 22 23 27 33 32 30 29 31 35 34 36 28 43 39 41 38 37 45 42 40 44 53 49 50 47 46 51 48 52 54 60 57 63 59 61 62 55 56 58  8  9  2  6  5  7  3  4  1 11 16 15 18 10 13 14 17 12
 29 30 33 34 28 35 31 32 36 42 41 39 38 40 44 43 45 37 52 48 50 47 46 54 51 49 53 62 58 59 56 55 60 57 61 63  6  3  9  5  7  8  1  2  4 17 18 11 15 14 16 12 13 10 20 25 24 27 19 22 23 26 21
 38 39 42 43 37 44 40 41 45 51 50 48 47 49 53 52 54 46 61 57 59 56 55 63 60 58 62  8  4  5  2  1  6  3  7  9 15 12 18 14 16 17 10 11 13 26 27 20 24 23 25 21 22 19 29 34 33 36 28 31 32 35 30
 11 12 15 16 10 17 13 14 18 24 23 21 20 22 26 25 27 19 34 30 32 29 28 36 33 31 35 44 40 41 38 37 42 39 43 45 51 48 54 50 52 53 46 47 49 62 63 56 60 59 61 57 58 55  2  7  6  9  1  4  5  8  3
 30 31 34 35 29 36 32 33 28 43 42 40 39 41 45 44 37 38 53 49 51 48 47 46 52 50 54 63 59 60 57 56 61 58 62 55  7  4  1  6  8  9  2  3  5 18 10 12 16 15 17 13 14 11 21 26 25 19 20 23 24 27 22
 21 22 25 26 20 27 23 24 19 34 33 31 30 32 36 35 28 29 44 40 42 39 38 37 43 41 45 54 50 51 48 47 52 49 53 46 61 58 55 60 62 63 56 57 59  9  1  3  7  6  8  4  5  2 12 17 16 10 11 14 15 18 13
 57 58 61 62 56 63 59 60 55  7  6  4  3  5  9  8  1  2 17 13 15 12 11 10 16 14 18 27 23 24 21 20 25 22 26 19 34 31 28 33 35 36 29 30 32 45 37 39 43 42 44 40 41 38 48 53 52 46 47 50 51 54 49
 12 13 16 17 11 18 14 15 10 25 24 22 21 23 27 26 19 20 35 31 33 30 29 28 34 32 36 45 41 42 39 38 43 40 44 37 52 49 46 51 53 54 47 48 50 63 55 57 61 60 62 58 59 56  3  8  7  1  2  5  6  9  4
 39 40 43 44 38 45 41 42 37 52 51 49 48 50 54 53 46 47 62 58 60 57 56 55 61 59 63  9  5  6  3  2  7  4  8  1 16 13 10 15 17 18 11 12 14 27 19 21 25 24 26 22 23 20 30 35 34 28 29 32 33 36 31
  3  4  7  8  2  9  5  6  1 16 15 13 12 14 18 17 10 11 26 22 24 21 20 19 25 23 27 36 32 33 30 29 34 31 35 28 43 40 37 42 44 45 38 39 41 54 46 48 52 51 53 49 50 47 57 62 61 55 56 59 60 63 58
 48 49 52 53 47 54 50 51 46 61 60 58 57 59 63 62 55 56  8  4  6  3  2  1  7  5  9 18 14 15 12 11 16 13 17 10 25 22 19 24 26 27 20 21 23 36 28 30 34 33 35 31 32 29 39 44 43 37 38 41 42 45 40
 13 14 17 18 12 10 15 16 11 26 25 23 22 24 19 27 20 21 36 32 34 31 30 29 35 33 28 37 42 43 40 39 44 41 45 38 53 50 47 52 54 46 48 49 51 55 56 58 62 61 63 59 60 57  4  9  8  2  3  6  7  1  5
 22 23 26 27 21 19 24 25 20 35 34 32 31 33 28 36 29 30 45 41 43 40 39 38 44 42 37 46 51 52 49 48 53 50 54 47 62 59 56 61 63 55 57 58 60  1  2  4  8  7  9  5  6  3 13 18 17 11 12 15 16 10 14
 31 32 35 36 30 28 33 34 29 44 43 41 40 42 37 45 38 39 54 50 52 49 48 47 53 51 46 55 60 61 58 57 62 59 63 56  8  5  2  7  9  1  3  4  6 10 11 13 17 16 18 14 15 12 22 27 26 20 21 24 25 19 23
  4  5  8  9  3  1  6  7  2 17 16 14 13 15 10 18 11 12 27 23 25 22 21 20 26 24 19 28 33 34 31 30 35 32 36 29 44 41 38 43 45 37 39 40 42 46 47 49 53 52 54 50 51 48 58 63 62 56 57 60 61 55 59
 58 59 62 63 57 55 60 61 56  8  7  5  4  6  1  9  2  3 18 14 16 13 12 11 17 15 10 19 24 25 22 21 26 23 27 20 35 32 29 34 36 28 30 31 33 37 38 40 44 43 45 41 42 39 49 54 53 47 48 51 52 46 50
 40 41 44 45 39 37 42 43 38 53 52 50 49 51 46 54 47 48 63 59 61 58 57 56 62 60 55  1  6  7  4  3  8  5  9  2 17 14 11 16 18 10 12 13 15 19 20 22 26 25 27 23 24 21 31 36 35 29 30 33 34 28 32
 49 50 53 54 48 46 51 52 47 62 61 59 58 60 55 63 56 57  9  5  7  4  3  2  8  6  1 10 15 16 13 12 17 14 18 11 26 23 20 25 27 19 21 22 24 28 29 31 35 34 36 32 33 30 40 45 44 38 39 42 43 37 41
