 31 36 32 28 29 30 35 34 33 43 40 44 41 39 37 45 38 42 47 54 53 49 46 48 51 50 52 56 55 61 58 59 60 62 57 63  9  4  5  6  8  3  7  1  2 16 11 17 13 15 18 12 14 10 24 26 20 27 23 22 19 21 25
 49 54 50 46 47 48 53 52 51 61 58 62 59 57 55 63 56 60  2  9  8  4  1  3  6  5  7 11 10 16 13 14 15 17 12 18 27 22 23 24 26 21 25 19 20 34 29 35 31 33 36 30 32 28 42 44 38 45 41 40 37 39 43
 58 63 59 55 56 57 62 61 60  7  4  8  5  3  1  9  2  6 11 18 17 13 10 12 15 14 16 20 19 25 22 23 24 26 21 27 36 31 32 33 35 30 34 28 29 43 38 44 40 42 45 39 41 37 51 53 47 54 50 49 46 48 52
 13 18 14 10 11 12 17 16 15 25 22 26 23 21 19 27 20 24 29 36 35 31 28 30 33 32 34 38 37 43 40 41 42 44 39 45 54 49 50 51 53 48 52 46 47 61 56 62 58 60 63 57 59 55  6  8  2  9  5  4  1  3  7
 40 45 41 37 38 39 44 43 42 52 49 53 50 48 46 54 47 51 56 63 62 58 55 57 60 59 61  2  1  7  4  5  6  8  3  9 18 13 14 15 17 12 16 10 11 25 20 26 22 24 27 21 23 19 33 35 29 36 32 31 28 30 34
  4  9  5  1  2  3  8  7  6 16 13 17 14 12 10 18 11 15 20 27 26 22 19 21 24 23 25 29 28 34 31 32 33 35 30 36 45 40 41 42 44 39 43 37 38 52 47 53 49 51 54 48 50 46 60 62 56 63 59 58 55 57 61
 22 27 23 19 20 21 26 25 24 34 31 35 32 30 28 36 29 33 38 45 44 40 37 39 42 41 43 47 46 52 49 50 51 53 48 54 63 58 59 60 62 57 61 55 56  7  2  8  4  6  9  3  5  1 15 17 11 18 14 13 10 12 16
 23 19 24 20 21 22 27 26 25 35 32 36 33 31 29 28 30 34 39 37 45 41 38 40 43 42 44 48 47 53 50 51 52 54 49 46 55 59 60 61 63 58 62 56 57  8  3  9  5  7  1  4  6  2 16 18 12 10 15 14 11 13 17
 50 46 51 47 48 49 54 53 52 62 59 63 60 58 56 55 57 61  3  1  9  5  2  4  7  6  8 12 11 17 14 15 16 18 13 10 19 23 24 25 27 22 26 20 21 35 30 36 32 34 28 31 33 29 43 45 39 37 42 41 38 40 44
 32 28 33 29 30 31 36 35 34 44 41 45 42 40 38 37 39 43 48 46 54 50 47 49 52 51 53 57 56 62 59 60 61 63 58 55  1  5  6  7  9  4  8  2  3 17 12 18 14 16 10 13 15 11 25 27 21 19 24 23 20 22 26
 14 10 15 11 12 13 18 17 16 26 23 27 24 22 20 19 21 25 30 28 36 32 29 31 34 33 35 39 38 44 41 42 43 45 40 37 46 50 51 52 54 49 53 47 48 62 57 63 59 61 55 58 60 56  7  9  3  1  6  5  2  4  8
  5  1  6  2  3  4  9  8  7 17 14 18 15 13 11 10 12 16 21 19 27 23 20 22 25 24 26 30 29 35 32 33 34 36 31 28 37 41 42 43 45 40 44 38 39 53 48 54 50 52 46 49 51 47 61 63 57 55 60 59 56 58 62
 41 37 42 38 39 40 45 44 43 53 50 54 51 49 47 46 48 52 57 55 63 59 56 58 61 60 62  3  2  8  5  6  7  9  4  1 10 14 15 16 18 13 17 11 12 26 21 27 23 25 19 22 24 20 34 36 30 28 33 32 29 31 35
 59 55 60 56 57 58 63 62 61  8  5  9  6  4  2  1  3  7 12 10 18 14 11 13 16 15 17 21 20 26 23 24 25 27 22 19 28 32 33 34 36 31 35 29 30 44 39 45 41 43 37 40 42 38 52 54 48 46 51 50 47 49 53
 51 47 52 48 49 50 46 54 53 63 60 55 61 59 57 56 58 62  4  2  1  6  3  5  8  7  9 13 12 18 15 16 17 10 14 11 20 24 25 26 19 23 27 21 22 36 31 28 33 35 29 32 34 30 44 37 40 38 43 42 39 41 45
 60 56 61 57 58 59 55 63 62  9  6  1  7  5  3  2  4  8 13 11 10 15 12 14 17 16 18 22 21 27 24 25 26 19 23 20 29 33 34 35 28 32 36 30 31 45 40 37 42 44 38 41 43 39 53 46 49 47 52 51 48 50 54
  6  2  7  3  4  5  1  9  8 18 15 10 16 14 12 11 13 17 22 20 19 24 21 23 26 25 27 31 30 36 33 34 35 28 32 29 38 42 43 44 37 41 45 39 40 54 49 46 51 53 47 50 52 48 62 55 58 56 61 60 57 59 63
 15 11 16 12 13 14 10 18 17 27 24 19 25 23 21 20 22 26 31 29 28 33 30 32 35 34 36 40 39 45 42 43 44 37 41 38 47 51 52 53 46 50 54 48 49 63 58 55 60 62 56 59 61 57  8  1  4  2  7  6  3  5  9
 42 38 43 39 40 41 37 45 44 54 51 46 52 50 48 47 49 53 58 56 55 60 57 59 62 61 63  4  3  9  6  7  8  1  5  2 11 15 16 17 10 14 18 12 13 27 22 19 24 26 20 23 25 21 35 28 31 29 34 33 30 32 36
 24 20 25 21 22 23 19 27 26 36 33 28 34 32 30 29 31 35 40 38 37 42 39 41 44 43 45 49 48 54 51 52 53 46 50 47 56 60 61 62 55 59 63 57 58  9  4  1  6  8  2  5  7  3 17 10 13 11 16 15 12 14 18
 33 29 34 30 31 32 28 36 35 45 42 37 43 41 39 38 40 44 49 47 46 51 48 50 53 52 54 58 57 63 60 61 62 55 59 56  2  6  7  8  1  5  9  3  4 18 13 10 15 17 11 14 16 12 26 19 22 20 25 24 21 23 27
 25 21 26 22 23 24 20 19 27 28 34 29 35 33 31 30 32 36 41 39 38 43 40 42 45 44 37 50 49 46 52 53 54 47 51 48 57 61 62 63 56 60 55 58 59  1  5  2  7  9  3  6  8  4 18 11 14 12 17 16 13 15 10
 16 12 17 13 14 15 11 10 18 19 25 20 26 24 22 21 23 27 32 30 29 34 31 33 36 35 28 41 40 37 43 44 45 38 42 39 48 52 53 54 47 51 46 49 50 55 59 56 61 63 57 60 62 58  9  2  5  3  8  7  4  6  1
 34 30 35 31 32 33 29 28 36 37 43 38 44 42 40 39 41 45 50 48 47 52 49 51 54 53 46 59 58 55 61 62 63 56 60 57  3  7  8  9  2  6  1  4  5 10 14 11 16 18 12 15 17 13 27 20 23 21 26 25 22 24 19
 43 39 44 40 41 42 38 37 45 46 52 47 53 51 49 48 50 54 59 57 56 61 58 60 63 62 55  5  4  1  7  8  9  2  6  3 12 16 17 18 11 15 10 13 14 19 23 20 25 27 21 24 26 22 36 29 32 30 35 34 31 33 28
  7  3  8  4  5  6  2  1  9 10 16 11 17 15 13 12 14 18 23 21 20 25 22 24 27 26 19 32 31 28 34 35 36 29 33 30 39 43 44 45 38 42 37 40 41 46 50 47 52 54 48 51 53 49 63 56 59 57 62 61 58 60 55
 61 57 62 58 59 60 56 55 63  1  7  2  8  6  4  3  5  9 14 12 11 16 13 15 18 17 10 23 22 19 25 26 27 20 24 21 30 34 35 36 29 33 28 31 32 37 41 38 43 45 39 42 44 40 54 47 50 48 53 52 49 51 46
 52 48 53 49 50 51 47 46 54 55 61 56 62 60 58 57 59 63  5  3  2  7  4  6  9  8  1 14 13 10 16 17 18 11 15 12 21 25 26 27 20 24 19 22 23 28 32 29 34 36 30 33 35 31 45 38 41 39 44 43 40 42 37
 62 58 63 59 60 61 57 56 55  2  8  3  9  7  5  4  6  1 15 13 12 17 14 16 10 18 11 24 23 20 26 27 19 21 25 22 31 35 36 28 30 34 29 32 33 38 42 39 44 37 40 43 45 41 46 48 51 49 54 53 50 52 47
 53 49 54 50 51 52 48 47 46 56 62 57 63 61 59 58 60 55  6  4  3  8  5  7  1  9  2 15 14 11 17 18 10 12 16 13 22 26 27 19 21 25 20 23 24 29 33 30 35 28 31 34 36 32 37 39 42 40 45 44 41 43 38
 26 22 27 23 24 25 21 20 19 29 35 30 36 34 32 31 33 28 42 40 39 44 41 43 37 45 38 51 50 47 53 54 46 48 52 49 58 62 63 55 57 61 56 59 60  2  6  3  8  1  4  7  9  5 10 12 15 13 18 17 14 16 11
  8  4  9  5  6  7  3  2  1 11 17 12 18 16 14 13 15 10 24 22 21 26 23 25 19 27 20 33 32 29 35 36 28 30 34 31 40 44 45 37 39 43 38 41 42 47 51 48 53 46 49 52 54 50 55 57 60 58 63 62 59 61 56
 44 40 45 41 42 43 39 38 37 47 53 48 54 52 50 49 51 46 60 58 57 62 59 61 55 63 56  6  5  2  8  9  1  3  7  4 13 17 18 10 12 16 11 14 15 20 24 21 26 19 22 25 27 23 28 30 33 31 36 35 32 34 29
 35 31 36 32 33 34 30 29 28 38 44 39 45 43 41 40 42 37 51 49 48 53 50 52 46 54 47 60 59 56 62 63 55 57 61 58  4  8  9  1  3  7  2  5  6 11 15 12 17 10 13 16 18 14 19 21 24 22 27 26 23 25 20
 17 13 18 14 15 16 12 11 10 20 26 21 27 25 23 22 24 19 33 31 30 35 32 34 28 36 29 42 41 38 44 45 37 39 43 40 49 53 54 46 48 52 47 50 51 56 60 57 62 55 58 61 63 59  1  3  6  4  9  8  5  7  2
 45 41 37 42 43 44 40 39 38 48 54 49 46 53 51 50 52 47 61 59 58 63 60 62 56 55 57  7  6  3  9  1  2  4  8  5 14 18 10 11 13 17 12 15 16 21 25 22 27 20 23 26 19 24 29 31 34 32 28 36 33 35 30
 36 32 28 33 34 35 31 30 29 39 45 40 37 44 42 41 43 38 52 50 49 54 51 53 47 46 48 61 60 57 63 55 56 58 62 59  5  9  1  2  4  8  3  6  7 12 16 13 18 11 14 17 10 15 20 22 25 23 19 27 24 26 21
  9  5  1  6  7  8  4  3  2 12 18 13 10 17 15 14 16 11 25 23 22 27 24 26 20 19 21 34 33 30 36 28 29 31 35 32 41 45 37 38 40 44 39 42 43 48 52 49 54 47 50 53 46 51 56 58 61 59 55 63 60 62 57
 27 23 19 24 25 26 22 21 20 30 36 31 28 35 33 32 34 29 43 41 40 45 42 44 38 37 39 52 51 48 54 46 47 49 53 50 59 63 55 56 58 62 57 60 61  3  7  4  9  2  5  8  1  6 11 13 16 14 10 18 15 17 12
 18 14 10 15 16 17 13 12 11 21 27 22 19 26 24 23 25 20 34 32 31 36 33 35 29 28 30 43 42 39 45 37 38 40 44 41 50 54 46 47 49 53 48 51 52 57 61 58 63 56 59 62 55 60  2  4  7  5  1  9  6  8  3
 63 59 55 60 61 62 58 57 56  3  9  4  1  8  6  5  7  2 16 14 13 18 15 17 11 10 12 25 24 21 27 19 20 22 26 23 32 36 28 29 31 35 30 33 34 39 43 40 45 38 41 44 37 42 47 49 52 50 46 54 51 53 48
 54 50 46 51 52 53 49 48 47 57 63 58 55 62 60 59 61 56  7  5  4  9  6  8  2  1  3 16 15 12 18 10 11 13 17 14 23 27 19 20 22 26 21 24 25 30 34 31 36 29 32 35 28 33 38 40 43 41 37 45 42 44 39
  1  6  2  7  8  9  5  4  3 13 10 14 11 18 16 15 17 12 26 24 23 19 25 27 21 20 22 35 34 31 28 29 30 32 36 33 42 37 38 39 41 45 40 43 44 49 53 50 46 48 51 54 47 52 57 59 62 60 56 55 61 63 58
 37 42 38 43 44 45 41 40 39 49 46 50 47 54 52 51 53 48 62 60 59 55 61 63 57 56 58  8  7  4  1  2  3  5  9  6 15 10 11 12 14 18 13 16 17 22 26 23 19 21 24 27 20 25 30 32 35 33 29 28 34 36 31
 10 15 11 16 17 18 14 13 12 22 19 23 20 27 25 24 26 21 35 33 32 28 34 36 30 29 31 44 43 40 37 38 39 41 45 42 51 46 47 48 50 54 49 52 53 58 62 59 55 57 60 63 56 61  3  5  8  6  2  1  7  9  4
 55 60 56 61 62 63 59 58 57  4  1  5  2  9  7  6  8  3 17 15 14 10 16 18 12 11 13 26 25 22 19 20 21 23 27 24 33 28 29 30 32 36 31 34 35 40 44 41 37 39 42 45 38 43 48 50 53 51 47 46 52 54 49
 46 51 47 52 53 54 50 49 48 58 55 59 56 63 61 60 62 57  8  6  5  1  7  9  3  2  4 17 16 13 10 11 12 14 18 15 24 19 20 21 23 27 22 25 26 31 35 32 28 30 33 36 29 34 39 41 44 42 38 37 43 45 40
 19 24 20 25 26 27 23 22 21 31 28 32 29 36 34 33 35 30 44 42 41 37 43 45 39 38 40 53 52 49 46 47 48 50 54 51 60 55 56 57 59 63 58 61 62  4  8  5  1  3  6  9  2  7 12 14 17 15 11 10 16 18 13
 28 33 29 34 35 36 32 31 30 40 37 41 38 45 43 42 44 39 53 51 50 46 52 54 48 47 49 62 61 58 55 56 57 59 63 60  6  1  2  3  5  9  4  7  8 13 17 14 10 12 15 18 11 16 21 23 26 24 20 19 25 27 22
 38 43 39 44 45 37 42 41 40 50 47 51 48 46 53 52 54 49 63 61 60 56 62 55 58 57 59  9  8  5  2  3  4  6  1  7 16 11 12 13 15 10 14 17 18 23 27 24 20 22 25 19 21 26 31 33 36 34 30 29 35 28 32
 47 52 48 53 54 46 51 50 49 59 56 60 57 55 62 61 63 58  9  7  6  2  8  1  4  3  5 18 17 14 11 12 13 15 10 16 25 20 21 22 24 19 23 26 27 32 36 33 29 31 34 28 30 35 40 42 45 43 39 38 44 37 41
 11 16 12 17 18 10 15 14 13 23 20 24 21 19 26 25 27 22 36 34 33 29 35 28 31 30 32 45 44 41 38 39 40 42 37 43 52 47 48 49 51 46 50 53 54 59 63 60 56 58 61 55 57 62  4  6  9  7  3  2  8  1  5
 29 34 30 35 36 28 33 32 31 41 38 42 39 37 44 43 45 40 54 52 51 47 53 46 49 48 50 63 62 59 56 57 58 60 55 61  7  2  3  4  6  1  5  8  9 14 18 15 11 13 16 10 12 17 22 24 27 25 21 20 26 19 23
  2  7  3  8  9  1  6  5  4 14 11 15 12 10 17 16 18 13 27 25 24 20 26 19 22 21 23 36 35 32 29 30 31 33 28 34 43 38 39 40 42 37 41 44 45 50 54 51 47 49 52 46 48 53 58 60 63 61 57 56 62 55 59
 20 25 21 26 27 19 24 23 22 32 29 33 30 28 35 34 36 31 45 43 42 38 44 37 40 39 41 54 53 50 47 48 49 51 46 52 61 56 57 58 60 55 59 62 63  5  9  6  2  4  7  1  3  8 13 15 18 16 12 11 17 10 14
 56 61 57 62 63 55 60 59 58  5  2  6  3  1  8  7  9  4 18 16 15 11 17 10 13 12 14 27 26 23 20 21 22 24 19 25 34 29 30 31 33 28 32 35 36 41 45 42 38 40 43 37 39 44 49 51 54 52 48 47 53 46 50
 30 35 31 36 28 29 34 33 32 42 39 43 40 38 45 44 37 41 46 53 52 48 54 47 50 49 51 55 63 60 57 58 59 61 56 62  8  3  4  5  7  2  6  9  1 15 10 16 12 14 17 11 13 18 23 25 19 26 22 21 27 20 24
  3  8  4  9  1  2  7  6  5 15 12 16 13 11 18 17 10 14 19 26 25 21 27 20 23 22 24 28 36 33 30 31 32 34 29 35 44 39 40 41 43 38 42 45 37 51 46 52 48 50 53 47 49 54 59 61 55 62 58 57 63 56 60
 39 44 40 45 37 38 43 42 41 51 48 52 49 47 54 53 46 50 55 62 61 57 63 56 59 58 60  1  9  6  3  4  5  7  2  8 17 12 13 14 16 11 15 18 10 24 19 25 21 23 26 20 22 27 32 34 28 35 31 30 36 29 33
 57 62 58 63 55 56 61 60 59  6  3  7  4  2  9  8  1  5 10 17 16 12 18 11 14 13 15 19 27 24 21 22 23 25 20 26 35 30 31 32 34 29 33 36 28 42 37 43 39 41 44 38 40 45 50 52 46 53 49 48 54 47 51
 48 53 49 54 46 47 52 51 50 60 57 61 58 56 63 62 55 59  1  8  7  3  9  2  5  4  6 10 18 15 12 13 14 16 11 17 26 21 22 23 25 20 24 27 19 33 28 34 30 32 35 29 31 36 41 43 37 44 40 39 45 38 42
 21 26 22 27 19 20 25 24 23 33 30 34 31 29 36 35 28 32 37 44 43 39 45 38 41 40 42 46 54 51 48 49 50 52 47 53 62 57 58 59 61 56 60 63 55  6  1  7  3  5  8  2  4  9 14 16 10 17 13 12 18 11 15
 12 17 13 18 10 11 16 15 14 24 21 25 22 20 27 26 19 23 28 35 34 30 36 29 32 31 33 37 45 42 39 40 41 43 38 44 53 48 49 50 52 47 51 54 46 60 55 61 57 59 62 56 58 63  5  7  1  8  4  3  9  2  6
