 62 56 57 59 55 58 61 63 60  7  8  5  4  3  9  2  1  6 11 16 15 10 14 13 17 18 12 21 22 27 20 24 25 23 19 26 32 33 35 34 36 28 29 30 31 38 44 45 42 43 37 41 40 39 46 47 53 54 51 50 48 52 49
 35 29 30 32 28 31 34 36 33 43 44 41 40 39 45 38 37 42 47 52 51 46 50 49 53 54 48 57 58 63 56 60 61 59 55 62  5  6  8  7  9  1  2  3  4 11 17 18 15 16 10 14 13 12 19 20 26 27 24 23 21 25 22
 26 20 21 23 19 22 25 27 24 34 35 32 31 30 36 29 28 33 38 43 42 37 41 40 44 45 39 48 49 54 47 51 52 50 46 53 59 60 62 61 63 55 56 57 58  2  8  9  6  7  1  5  4  3 10 11 17 18 15 14 12 16 13
 53 47 48 50 46 49 52 54 51 61 62 59 58 57 63 56 55 60  2  7  6  1  5  4  8  9  3 12 13 18 11 15 16 14 10 17 23 24 26 25 27 19 20 21 22 29 35 36 33 34 28 32 31 30 37 38 44 45 42 41 39 43 40
 44 38 39 41 37 40 43 45 42 52 53 50 49 48 54 47 46 51 56 61 60 55 59 58 62 63 57  3  4  9  2  6  7  5  1  8 14 15 17 16 18 10 11 12 13 20 26 27 24 25 19 23 22 21 28 29 35 36 33 32 30 34 31
 17 11 12 14 10 13 16 18 15 25 26 23 22 21 27 20 19 24 29 34 33 28 32 31 35 36 30 39 40 45 38 42 43 41 37 44 50 51 53 52 54 46 47 48 49 56 62 63 60 61 55 59 58 57  1  2  8  9  6  5  3  7  4
  8  2  3  5  1  4  7  9  6 16 17 14 13 12 18 11 10 15 20 25 24 19 23 22 26 27 21 30 31 36 29 33 34 32 28 35 41 42 44 43 45 37 38 39 40 47 53 54 51 52 46 50 49 48 55 56 62 63 60 59 57 61 58
 54 48 49 51 47 50 53 46 52 62 63 60 59 58 55 57 56 61  3  8  7  2  6  5  9  1  4 13 14 10 12 16 17 15 11 18 24 25 27 26 19 20 21 22 23 30 36 28 34 35 29 33 32 31 38 39 45 37 43 42 40 44 41
 63 57 58 60 56 59 62 55 61  8  9  6  5  4  1  3  2  7 12 17 16 11 15 14 18 10 13 22 23 19 21 25 26 24 20 27 33 34 36 35 28 29 30 31 32 39 45 37 43 44 38 42 41 40 47 48 54 46 52 51 49 53 50
 36 30 31 33 29 32 35 28 34 44 45 42 41 40 37 39 38 43 48 53 52 47 51 50 54 46 49 58 59 55 57 61 62 60 56 63  6  7  9  8  1  2  3  4  5 12 18 10 16 17 11 15 14 13 20 21 27 19 25 24 22 26 23
  9  3  4  6  2  5  8  1  7 17 18 15 14 13 10 12 11 16 21 26 25 20 24 23 27 19 22 31 32 28 30 34 35 33 29 36 42 43 45 44 37 38 39 40 41 48 54 46 52 53 47 51 50 49 56 57 63 55 61 60 58 62 59
 27 21 22 24 20 23 26 19 25 35 36 33 32 31 28 30 29 34 39 44 43 38 42 41 45 37 40 49 50 46 48 52 53 51 47 54 60 61 63 62 55 56 57 58 59  3  9  1  7  8  2  6  5  4 11 12 18 10 16 15 13 17 14
 45 39 40 42 38 41 44 37 43 53 54 51 50 49 46 48 47 52 57 62 61 56 60 59 63 55 58  4  5  1  3  7  8  6  2  9 15 16 18 17 10 11 12 13 14 21 27 19 25 26 20 24 23 22 29 30 36 28 34 33 31 35 32
 18 12 13 15 11 14 17 10 16 26 27 24 23 22 19 21 20 25 30 35 34 29 33 32 36 28 31 40 41 37 39 43 44 42 38 45 51 52 54 53 46 47 48 49 50 57 63 55 61 62 56 60 59 58  2  3  9  1  7  6  4  8  5
 19 22 23 25 21 24 27 20 26 36 28 34 33 32 29 31 30 35 40 45 44 39 43 42 37 38 41 50 51 47 49 53 54 52 48 46 61 62 55 63 56 57 58 59 60  4  1  2  8  9  3  7  6  5 12 13 10 11 17 16 14 18 15
 10 13 14 16 12 15 18 11 17 27 19 25 24 23 20 22 21 26 31 36 35 30 34 33 28 29 32 41 42 38 40 44 45 43 39 37 52 53 46 54 47 48 49 50 51 58 55 56 62 63 57 61 60 59  3  4  1  2  8  7  5  9  6
 55 58 59 61 57 60 63 56 62  9  1  7  6  5  2  4  3  8 13 18 17 12 16 15 10 11 14 23 24 20 22 26 27 25 21 19 34 35 28 36 29 30 31 32 33 40 37 38 44 45 39 43 42 41 48 49 46 47 53 52 50 54 51
 28 31 32 34 30 33 36 29 35 45 37 43 42 41 38 40 39 44 49 54 53 48 52 51 46 47 50 59 60 56 58 62 63 61 57 55  7  8  1  9  2  3  4  5  6 13 10 11 17 18 12 16 15 14 21 22 19 20 26 25 23 27 24
  1  4  5  7  3  6  9  2  8 18 10 16 15 14 11 13 12 17 22 27 26 21 25 24 19 20 23 32 33 29 31 35 36 34 30 28 43 44 37 45 38 39 40 41 42 49 46 47 53 54 48 52 51 50 57 58 55 56 62 61 59 63 60
 46 49 50 52 48 51 54 47 53 63 55 61 60 59 56 58 57 62  4  9  8  3  7  6  1  2  5 14 15 11 13 17 18 16 12 10 25 26 19 27 20 21 22 23 24 31 28 29 35 36 30 34 33 32 39 40 37 38 44 43 41 45 42
 37 40 41 43 39 42 45 38 44 54 46 52 51 50 47 49 48 53 58 63 62 57 61 60 55 56 59  5  6  2  4  8  9  7  3  1 16 17 10 18 11 12 13 14 15 22 19 20 26 27 21 25 24 23 30 31 28 29 35 34 32 36 33
 11 14 15 17 13 16 10 12 18 19 20 26 25 24 21 23 22 27 32 28 36 31 35 34 29 30 33 42 43 39 41 45 37 44 40 38 53 54 47 46 48 49 50 51 52 59 56 57 63 55 58 62 61 60  4  5  2  3  9  8  6  1  7
 47 50 51 53 49 52 46 48 54 55 56 62 61 60 57 59 58 63  5  1  9  4  8  7  2  3  6 15 16 12 14 18 10 17 13 11 26 27 20 19 21 22 23 24 25 32 29 30 36 28 31 35 34 33 40 41 38 39 45 44 42 37 43
  2  5  6  8  4  7  1  3  9 10 11 17 16 15 12 14 13 18 23 19 27 22 26 25 20 21 24 33 34 30 32 36 28 35 31 29 44 45 38 37 39 40 41 42 43 50 47 48 54 46 49 53 52 51 58 59 56 57 63 62 60 55 61
 56 59 60 62 58 61 55 57 63  1  2  8  7  6  3  5  4  9 14 10 18 13 17 16 11 12 15 24 25 21 23 27 19 26 22 20 35 36 29 28 30 31 32 33 34 41 38 39 45 37 40 44 43 42 49 50 47 48 54 53 51 46 52
 29 32 33 35 31 34 28 30 36 37 38 44 43 42 39 41 40 45 50 46 54 49 53 52 47 48 51 60 61 57 59 63 55 62 58 56  8  9  2  1  3  4  5  6  7 14 11 12 18 10 13 17 16 15 22 23 20 21 27 26 24 19 25
 38 41 42 44 40 43 37 39 45 46 47 53 52 51 48 50 49 54 59 55 63 58 62 61 56 57 60  6  7  3  5  9  1  8  4  2 17 18 11 10 12 13 14 15 16 23 20 21 27 19 22 26 25 24 31 32 29 30 36 35 33 28 34
 20 23 24 26 22 25 19 21 27 28 29 35 34 33 30 32 31 36 41 37 45 40 44 43 38 39 42 51 52 48 50 54 46 53 49 47 62 63 56 55 57 58 59 60 61  5  2  3  9  1  4  8  7  6 13 14 11 12 18 17 15 10 16
 30 33 34 36 32 35 29 31 28 38 39 45 44 43 40 42 41 37 51 47 46 50 54 53 48 49 52 61 62 58 60 55 56 63 59 57  9  1  3  2  4  5  6  7  8 15 12 13 10 11 14 18 17 16 23 24 21 22 19 27 25 20 26
 21 24 25 27 23 26 20 22 19 29 30 36 35 34 31 33 32 28 42 38 37 41 45 44 39 40 43 52 53 49 51 46 47 54 50 48 63 55 57 56 58 59 60 61 62  6  3  4  1  2  5  9  8  7 14 15 12 13 10 18 16 11 17
  3  6  7  9  5  8  2  4  1 11 12 18 17 16 13 15 14 10 24 20 19 23 27 26 21 22 25 34 35 31 33 28 29 36 32 30 45 37 39 38 40 41 42 43 44 51 48 49 46 47 50 54 53 52 59 60 57 58 55 63 61 56 62
 57 60 61 63 59 62 56 58 55  2  3  9  8  7  4  6  5  1 15 11 10 14 18 17 12 13 16 25 26 22 24 19 20 27 23 21 36 28 30 29 31 32 33 34 35 42 39 40 37 38 41 45 44 43 50 51 48 49 46 54 52 47 53
 48 51 52 54 50 53 47 49 46 56 57 63 62 61 58 60 59 55  6  2  1  5  9  8  3  4  7 16 17 13 15 10 11 18 14 12 27 19 21 20 22 23 24 25 26 33 30 31 28 29 32 36 35 34 41 42 39 40 37 45 43 38 44
 12 15 16 18 14 17 11 13 10 20 21 27 26 25 22 24 23 19 33 29 28 32 36 35 30 31 34 43 44 40 42 37 38 45 41 39 54 46 48 47 49 50 51 52 53 60 57 58 55 56 59 63 62 61  5  6  3  4  1  9  7  2  8
 39 42 43 45 41 44 38 40 37 47 48 54 53 52 49 51 50 46 60 56 55 59 63 62 57 58 61  7  8  4  6  1  2  9  5  3 18 10 12 11 13 14 15 16 17 24 21 22 19 20 23 27 26 25 32 33 30 31 28 36 34 29 35
 40 43 44 37 42 45 39 41 38 48 49 46 54 53 50 52 51 47 61 57 56 60 55 63 58 59 62  8  9  5  7  2  3  1  6  4 10 11 13 12 14 15 16 17 18 25 22 23 20 21 24 19 27 26 33 34 31 32 29 28 35 30 36
 58 61 62 55 60 63 57 59 56  3  4  1  9  8  5  7  6  2 16 12 11 15 10 18 13 14 17 26 27 23 25 20 21 19 24 22 28 29 31 30 32 33 34 35 36 43 40 41 38 39 42 37 45 44 51 52 49 50 47 46 53 48 54
 22 25 26 19 24 27 21 23 20 30 31 28 36 35 32 34 33 29 43 39 38 42 37 45 40 41 44 53 54 50 52 47 48 46 51 49 55 56 58 57 59 60 61 62 63  7  4  5  2  3  6  1  9  8 15 16 13 14 11 10 17 12 18
  4  7  8  1  6  9  3  5  2 12 13 10 18 17 14 16 15 11 25 21 20 24 19 27 22 23 26 35 36 32 34 29 30 28 33 31 37 38 40 39 41 42 43 44 45 52 49 50 47 48 51 46 54 53 60 61 58 59 56 55 62 57 63
 49 52 53 46 51 54 48 50 47 57 58 55 63 62 59 61 60 56  7  3  2  6  1  9  4  5  8 17 18 14 16 11 12 10 15 13 19 20 22 21 23 24 25 26 27 34 31 32 29 30 33 28 36 35 42 43 40 41 38 37 44 39 45
 13 16 17 10 15 18 12 14 11 21 22 19 27 26 23 25 24 20 34 30 29 33 28 36 31 32 35 44 45 41 43 38 39 37 42 40 46 47 49 48 50 51 52 53 54 61 58 59 56 57 60 55 63 62  6  7  4  5  2  1  8  3  9
 31 34 35 28 33 36 30 32 29 39 40 37 45 44 41 43 42 38 52 48 47 51 46 54 49 50 53 62 63 59 61 56 57 55 60 58  1  2  4  3  5  6  7  8  9 16 13 14 11 12 15 10 18 17 24 25 22 23 20 19 26 21 27
 14 17 18 11 16 10 13 15 12 22 23 20 19 27 24 26 25 21 35 31 30 34 29 28 32 33 36 45 37 42 44 39 40 38 43 41 47 48 50 49 51 52 53 54 46 62 59 60 57 58 61 56 55 63  7  8  5  6  3  2  9  4  1
 23 26 27 20 25 19 22 24 21 31 32 29 28 36 33 35 34 30 44 40 39 43 38 37 41 42 45 54 46 51 53 48 49 47 52 50 56 57 59 58 60 61 62 63 55  8  5  6  3  4  7  2  1  9 16 17 14 15 12 11 18 13 10
 59 62 63 56 61 55 58 60 57  4  5  2  1  9  6  8  7  3 17 13 12 16 11 10 14 15 18 27 19 24 26 21 22 20 25 23 29 30 32 31 33 34 35 36 28 44 41 42 39 40 43 38 37 45 52 53 50 51 48 47 54 49 46
 41 44 45 38 43 37 40 42 39 49 50 47 46 54 51 53 52 48 62 58 57 61 56 55 59 60 63  9  1  6  8  3  4  2  7  5 11 12 14 13 15 16 17 18 10 26 23 24 21 22 25 20 19 27 34 35 32 33 30 29 36 31 28
 32 35 36 29 34 28 31 33 30 40 41 38 37 45 42 44 43 39 53 49 48 52 47 46 50 51 54 63 55 60 62 57 58 56 61 59  2  3  5  4  6  7  8  9  1 17 14 15 12 13 16 11 10 18 25 26 23 24 21 20 27 22 19
  5  8  9  2  7  1  4  6  3 13 14 11 10 18 15 17 16 12 26 22 21 25 20 19 23 24 27 36 28 33 35 30 31 29 34 32 38 39 41 40 42 43 44 45 37 53 50 51 48 49 52 47 46 54 61 62 59 60 57 56 63 58 55
 50 53 54 47 52 46 49 51 48 58 59 56 55 63 60 62 61 57  8  4  3  7  2  1  5  6  9 18 10 15 17 12 13 11 16 14 20 21 23 22 24 25 26 27 19 35 32 33 30 31 34 29 28 36 43 44 41 42 39 38 45 40 37
 42 45 37 39 44 38 41 43 40 50 51 48 47 46 52 54 53 49 63 59 58 62 57 56 60 61 55  1  2  7  9  4  5  3  8  6 12 13 15 14 16 17 18 10 11 27 24 25 22 23 26 21 20 19 35 36 33 34 31 30 28 32 29
 33 36 28 30 35 29 32 34 31 41 42 39 38 37 43 45 44 40 54 50 49 53 48 47 51 52 46 55 56 61 63 58 59 57 62 60  3  4  6  5  7  8  9  1  2 18 15 16 13 14 17 12 11 10 26 27 24 25 22 21 19 23 20
  6  9  1  3  8  2  5  7  4 14 15 12 11 10 16 18 17 13 27 23 22 26 21 20 24 25 19 28 29 34 36 31 32 30 35 33 39 40 42 41 43 44 45 37 38 54 51 52 49 50 53 48 47 46 62 63 60 61 58 57 55 59 56
 15 18 10 12 17 11 14 16 13 23 24 21 20 19 25 27 26 22 36 32 31 35 30 29 33 34 28 37 38 43 45 40 41 39 44 42 48 49 51 50 52 53 54 46 47 63 60 61 58 59 62 57 56 55  8  9  6  7  4  3  1  5  2
 60 63 55 57 62 56 59 61 58  5  6  3  2  1  7  9  8  4 18 14 13 17 12 11 15 16 10 19 20 25 27 22 23 21 26 24 30 31 33 32 34 35 36 28 29 45 42 43 40 41 44 39 38 37 53 54 51 52 49 48 46 50 47
 51 54 46 48 53 47 50 52 49 59 60 57 56 55 61 63 62 58  9  5  4  8  3  2  6  7  1 10 11 16 18 13 14 12 17 15 21 22 24 23 25 26 27 19 20 36 33 34 31 32 35 30 29 28 44 45 42 43 40 39 37 41 38
 24 27 19 21 26 20 23 25 22 32 33 30 29 28 34 36 35 31 45 41 40 44 39 38 42 43 37 46 47 52 54 49 50 48 53 51 57 58 60 59 61 62 63 55 56  9  6  7  4  5  8  3  2  1 17 18 15 16 13 12 10 14 11
 61 55 56 58 63 57 60 62 59  6  7  4  3  2  8  1  9  5 10 15 14 18 13 12 16 17 11 20 21 26 19 23 24 22 27 25 31 32 34 33 35 36 28 29 30 37 43 44 41 42 45 40 39 38 54 46 52 53 50 49 47 51 48
 34 28 29 31 36 30 33 35 32 42 43 40 39 38 44 37 45 41 46 51 50 54 49 48 52 53 47 56 57 62 55 59 60 58 63 61  4  5  7  6  8  9  1  2  3 10 16 17 14 15 18 13 12 11 27 19 25 26 23 22 20 24 21
 16 10 11 13 18 12 15 17 14 24 25 22 21 20 26 19 27 23 28 33 32 36 31 30 34 35 29 38 39 44 37 41 42 40 45 43 49 50 52 51 53 54 46 47 48 55 61 62 59 60 63 58 57 56  9  1  7  8  5  4  2  6  3
 43 37 38 40 45 39 42 44 41 51 52 49 48 47 53 46 54 50 55 60 59 63 58 57 61 62 56  2  3  8  1  5  6  4  9  7 13 14 16 15 17 18 10 11 12 19 25 26 23 24 27 22 21 20 36 28 34 35 32 31 29 33 30
 52 46 47 49 54 48 51 53 50 60 61 58 57 56 62 55 63 59  1  6  5  9  4  3  7  8  2 11 12 17 10 14 15 13 18 16 22 23 25 24 26 27 19 20 21 28 34 35 32 33 36 31 30 29 45 37 43 44 41 40 38 42 39
  7  1  2  4  9  3  6  8  5 15 16 13 12 11 17 10 18 14 19 24 23 27 22 21 25 26 20 29 30 35 28 32 33 31 36 34 40 41 43 42 44 45 37 38 39 46 52 53 50 51 54 49 48 47 63 55 61 62 59 58 56 60 57
 25 19 20 22 27 21 24 26 23 33 34 31 30 29 35 28 36 32 37 42 41 45 40 39 43 44 38 47 48 53 46 50 51 49 54 52 58 59 61 60 62 63 55 56 57  1  7  8  5  6  9  4  3  2 18 10 16 17 14 13 11 15 12
