 78 81 73 80 79 74 76 77 75 89 86 87 82 88 84 90 83 85  4  8  3  5  1  7  9  6  2 11 13 16 14 17 18 10 12 15 20 27 26 19 22 21 25 24 23 36 30 28 34 29 35 32 31 33 45 37 44 39 43 40 41 38 42 48 52 47 49 51 54 53 50 46 55 59 58 62 60 56 63 57 61 71 68 72 65 67 69 64 66 70
 24 27 19 26 25 20 22 23 21 35 32 33 28 34 30 36 29 31 40 44 39 41 37 43 45 42 38 47 49 52 50 53 54 46 48 51 56 63 62 55 58 57 61 60 59 72 66 64 70 65 71 68 67 69 81 73 80 75 79 76 77 74 78 84 88 83 85 87 90 89 86 82  1  5  4  8  6  2  9  3  7 17 14 18 11 13 15 10 12 16
 33 36 28 35 34 29 31 32 30 44 41 42 37 43 39 45 38 40 49 53 48 50 46 52 54 51 47 56 58 61 59 62 63 55 57 60 65 72 71 64 67 66 70 69 68 81 75 73 79 74 80 77 76 78 90 82 89 84 88 85 86 83 87  3  7  2  4  6  9  8  5  1 10 14 13 17 15 11 18 12 16 26 23 27 20 22 24 19 21 25
 51 54 46 53 52 47 49 50 48 62 59 60 55 61 57 63 56 58 67 71 66 68 64 70 72 69 65 74 76 79 77 80 81 73 75 78 83 90 89 82 85 84 88 87 86  9  3  1  7  2  8  5  4  6 18 10 17 12 16 13 14 11 15 21 25 20 22 24 27 26 23 19 28 32 31 35 33 29 36 30 34 44 41 45 38 40 42 37 39 43
 60 63 55 62 61 56 58 59 57 71 68 69 64 70 66 72 65 67 76 80 75 77 73 79 81 78 74 83 85 88 86 89 90 82 84 87  2  9  8  1  4  3  7  6  5 18 12 10 16 11 17 14 13 15 27 19 26 21 25 22 23 20 24 30 34 29 31 33 36 35 32 28 37 41 40 44 42 38 45 39 43 53 50 54 47 49 51 46 48 52
 69 72 64 71 70 65 67 68 66 80 77 78 73 79 75 81 74 76 85 89 84 86 82 88 90 87 83  2  4  7  5  8  9  1  3  6 11 18 17 10 13 12 16 15 14 27 21 19 25 20 26 23 22 24 36 28 35 30 34 31 32 29 33 39 43 38 40 42 45 44 41 37 46 50 49 53 51 47 54 48 52 62 59 63 56 58 60 55 57 61
 42 45 37 44 43 38 40 41 39 53 50 51 46 52 48 54 47 49 58 62 57 59 55 61 63 60 56 65 67 70 68 71 72 64 66 69 74 81 80 73 76 75 79 78 77 90 84 82 88 83 89 86 85 87  9  1  8  3  7  4  5  2  6 12 16 11 13 15 18 17 14 10 19 23 22 26 24 20 27 21 25 35 32 36 29 31 33 28 30 34
  6  9  1  8  7  2  4  5  3 17 14 15 10 16 12 18 11 13 22 26 21 23 19 25 27 24 20 29 31 34 32 35 36 28 30 33 38 45 44 37 40 39 43 42 41 54 48 46 52 47 53 50 49 51 63 55 62 57 61 58 59 56 60 66 70 65 67 69 72 71 68 64 73 77 76 80 78 74 81 75 79 89 86 90 83 85 87 82 84 88
 15 18 10 17 16 11 13 14 12 26 23 24 19 25 21 27 20 22 31 35 30 32 28 34 36 33 29 38 40 43 41 44 45 37 39 42 47 54 53 46 49 48 52 51 50 63 57 55 61 56 62 59 58 60 72 64 71 66 70 67 68 65 69 75 79 74 76 78 81 80 77 73 82 86 85 89 87 83 90 84 88  8  5  9  2  4  6  1  3  7
 87 90 82 89 88 83 85 86 84  8  5  6  1  7  3  9  2  4 13 17 12 14 10 16 18 15 11 20 22 25 23 26 27 19 21 24 29 36 35 28 31 30 34 33 32 45 39 37 43 38 44 41 40 42 54 46 53 48 52 49 50 47 51 57 61 56 58 60 63 62 59 55 64 68 67 71 69 65 72 66 70 80 77 81 74 76 78 73 75 79
 52 46 47 54 53 48 50 51 49 63 60 61 56 62 58 55 57 59 68 72 67 69 65 71 64 70 66 75 77 80 78 81 73 74 76 79 84 82 90 83 86 85 89 88 87  1  4  2  8  3  9  6  5  7 10 11 18 13 17 14 15 12 16 22 26 21 23 25 19 27 24 20 29 33 32 36 34 30 28 31 35 45 42 37 39 41 43 38 40 44
 88 82 83 90 89 84 86 87 85  9  6  7  2  8  4  1  3  5 14 18 13 15 11 17 10 16 12 21 23 26 24 27 19 20 22 25 30 28 36 29 32 31 35 34 33 37 40 38 44 39 45 42 41 43 46 47 54 49 53 50 51 48 52 58 62 57 59 61 55 63 60 56 65 69 68 72 70 66 64 67 71 81 78 73 75 77 79 74 76 80
 61 55 56 63 62 57 59 60 58 72 69 70 65 71 67 64 66 68 77 81 76 78 74 80 73 79 75 84 86 89 87 90 82 83 85 88  3  1  9  2  5  4  8  7  6 10 13 11 17 12 18 15 14 16 19 20 27 22 26 23 24 21 25 31 35 30 32 34 28 36 33 29 38 42 41 45 43 39 37 40 44 54 51 46 48 50 52 47 49 53
  7  1  2  9  8  3  5  6  4 18 15 16 11 17 13 10 12 14 23 27 22 24 20 26 19 25 21 30 32 35 33 36 28 29 31 34 39 37 45 38 41 40 44 43 42 46 49 47 53 48 54 51 50 52 55 56 63 58 62 59 60 57 61 67 71 66 68 70 64 72 69 65 74 78 77 81 79 75 73 76 80 90 87 82 84 86 88 83 85 89
 70 64 65 72 71 66 68 69 67 81 78 79 74 80 76 73 75 77 86 90 85 87 83 89 82 88 84  3  5  8  6  9  1  2  4  7 12 10 18 11 14 13 17 16 15 19 22 20 26 21 27 24 23 25 28 29 36 31 35 32 33 30 34 40 44 39 41 43 37 45 42 38 47 51 50 54 52 48 46 49 53 63 60 55 57 59 61 56 58 62
 43 37 38 45 44 39 41 42 40 54 51 52 47 53 49 46 48 50 59 63 58 60 56 62 55 61 57 66 68 71 69 72 64 65 67 70 75 73 81 74 77 76 80 79 78 82 85 83 89 84 90 87 86 88  1  2  9  4  8  5  6  3  7 13 17 12 14 16 10 18 15 11 20 24 23 27 25 21 19 22 26 36 33 28 30 32 34 29 31 35
 79 73 74 81 80 75 77 78 76 90 87 88 83 89 85 82 84 86  5  9  4  6  2  8  1  7  3 12 14 17 15 18 10 11 13 16 21 19 27 20 23 22 26 25 24 28 31 29 35 30 36 33 32 34 37 38 45 40 44 41 42 39 43 49 53 48 50 52 46 54 51 47 56 60 59 63 61 57 55 58 62 72 69 64 66 68 70 65 67 71
 16 10 11 18 17 12 14 15 13 27 24 25 20 26 22 19 21 23 32 36 31 33 29 35 28 34 30 39 41 44 42 45 37 38 40 43 48 46 54 47 50 49 53 52 51 55 58 56 62 57 63 60 59 61 64 65 72 67 71 68 69 66 70 76 80 75 77 79 73 81 78 74 83 87 86 90 88 84 82 85 89  9  6  1  3  5  7  2  4  8
 25 19 20 27 26 21 23 24 22 36 33 34 29 35 31 28 30 32 41 45 40 42 38 44 37 43 39 48 50 53 51 54 46 47 49 52 57 55 63 56 59 58 62 61 60 64 67 65 71 66 72 69 68 70 73 74 81 76 80 77 78 75 79 85 89 84 86 88 82 90 87 83  2  6  5  9  7  3  1  4  8 18 15 10 12 14 16 11 13 17
 34 28 29 36 35 30 32 33 31 45 42 43 38 44 40 37 39 41 50 54 49 51 47 53 46 52 48 57 59 62 60 63 55 56 58 61 66 64 72 65 68 67 71 70 69 73 76 74 80 75 81 78 77 79 82 83 90 85 89 86 87 84 88  4  8  3  5  7  1  9  6  2 11 15 14 18 16 12 10 13 17 27 24 19 21 23 25 20 22 26
 26 20 21 19 27 22 24 25 23 28 34 35 30 36 32 29 31 33 42 37 41 43 39 45 38 44 40 49 51 54 52 46 47 48 50 53 58 56 55 57 60 59 63 62 61 65 68 66 72 67 64 70 69 71 74 75 73 77 81 78 79 76 80 86 90 85 87 89 83 82 88 84  3  7  6  1  8  4  2  5  9 10 16 11 13 15 17 12 14 18
 53 47 48 46 54 49 51 52 50 55 61 62 57 63 59 56 58 60 69 64 68 70 66 72 65 71 67 76 78 81 79 73 74 75 77 80 85 83 82 84 87 86 90 89 88  2  5  3  9  4  1  7  6  8 11 12 10 14 18 15 16 13 17 23 27 22 24 26 20 19 25 21 30 34 33 28 35 31 29 32 36 37 43 38 40 42 44 39 41 45
  8  2  3  1  9  4  6  7  5 10 16 17 12 18 14 11 13 15 24 19 23 25 21 27 20 26 22 31 33 36 34 28 29 30 32 35 40 38 37 39 42 41 45 44 43 47 50 48 54 49 46 52 51 53 56 57 55 59 63 60 61 58 62 68 72 67 69 71 65 64 70 66 75 79 78 73 80 76 74 77 81 82 88 83 85 87 89 84 86 90
 71 65 66 64 72 67 69 70 68 73 79 80 75 81 77 74 76 78 87 82 86 88 84 90 83 89 85  4  6  9  7  1  2  3  5  8 13 11 10 12 15 14 18 17 16 20 23 21 27 22 19 25 24 26 29 30 28 32 36 33 34 31 35 41 45 40 42 44 38 37 43 39 48 52 51 46 53 49 47 50 54 55 61 56 58 60 62 57 59 63
 62 56 57 55 63 58 60 61 59 64 70 71 66 72 68 65 67 69 78 73 77 79 75 81 74 80 76 85 87 90 88 82 83 84 86 89  4  2  1  3  6  5  9  8  7 11 14 12 18 13 10 16 15 17 20 21 19 23 27 24 25 22 26 32 36 31 33 35 29 28 34 30 39 43 42 37 44 40 38 41 45 46 52 47 49 51 53 48 50 54
 35 29 30 28 36 31 33 34 32 37 43 44 39 45 41 38 40 42 51 46 50 52 48 54 47 53 49 58 60 63 61 55 56 57 59 62 67 65 64 66 69 68 72 71 70 74 77 75 81 76 73 79 78 80 83 84 82 86 90 87 88 85 89  5  9  4  6  8  2  1  7  3 12 16 15 10 17 13 11 14 18 19 25 20 22 24 26 21 23 27
 44 38 39 37 45 40 42 43 41 46 52 53 48 54 50 47 49 51 60 55 59 61 57 63 56 62 58 67 69 72 70 64 65 66 68 71 76 74 73 75 78 77 81 80 79 83 86 84 90 85 82 88 87 89  2  3  1  5  9  6  7  4  8 14 18 13 15 17 11 10 16 12 21 25 24 19 26 22 20 23 27 28 34 29 31 33 35 30 32 36
 17 11 12 10 18 13 15 16 14 19 25 26 21 27 23 20 22 24 33 28 32 34 30 36 29 35 31 40 42 45 43 37 38 39 41 44 49 47 46 48 51 50 54 53 52 56 59 57 63 58 55 61 60 62 65 66 64 68 72 69 70 67 71 77 81 76 78 80 74 73 79 75 84 88 87 82 89 85 83 86 90  1  7  2  4  6  8  3  5  9
 89 83 84 82 90 85 87 88 86  1  7  8  3  9  5  2  4  6 15 10 14 16 12 18 11 17 13 22 24 27 25 19 20 21 23 26 31 29 28 30 33 32 36 35 34 38 41 39 45 40 37 43 42 44 47 48 46 50 54 51 52 49 53 59 63 58 60 62 56 55 61 57 66 70 69 64 71 67 65 68 72 73 79 74 76 78 80 75 77 81
 80 74 75 73 81 76 78 79 77 82 88 89 84 90 86 83 85 87  6  1  5  7  3  9  2  8  4 13 15 18 16 10 11 12 14 17 22 20 19 21 24 23 27 26 25 29 32 30 36 31 28 34 33 35 38 39 37 41 45 42 43 40 44 50 54 49 51 53 47 46 52 48 57 61 60 55 62 58 56 59 63 64 70 65 67 69 71 66 68 72
 27 21 22 20 19 23 25 26 24 29 35 36 31 28 33 30 32 34 43 38 42 44 40 37 39 45 41 50 52 46 53 47 48 49 51 54 59 57 56 58 61 60 55 63 62 66 69 67 64 68 65 71 70 72 75 76 74 78 73 79 80 77 81 87 82 86 88 90 84 83 89 85  4  8  7  2  9  5  3  6  1 11 17 12 14 16 18 13 15 10
 81 75 76 74 73 77 79 80 78 83 89 90 85 82 87 84 86 88  7  2  6  8  4  1  3  9  5 14 16 10 17 11 12 13 15 18 23 21 20 22 25 24 19 27 26 30 33 31 28 32 29 35 34 36 39 40 38 42 37 43 44 41 45 51 46 50 52 54 48 47 53 49 58 62 61 56 63 59 57 60 55 65 71 66 68 70 72 67 69 64
 72 66 67 65 64 68 70 71 69 74 80 81 76 73 78 75 77 79 88 83 87 89 85 82 84 90 86  5  7  1  8  2  3  4  6  9 14 12 11 13 16 15 10 18 17 21 24 22 19 23 20 26 25 27 30 31 29 33 28 34 35 32 36 42 37 41 43 45 39 38 44 40 49 53 52 47 54 50 48 51 46 56 62 57 59 61 63 58 60 55
 90 84 85 83 82 86 88 89 87  2  8  9  4  1  6  3  5  7 16 11 15 17 13 10 12 18 14 23 25 19 26 20 21 22 24 27 32 30 29 31 34 33 28 36 35 39 42 40 37 41 38 44 43 45 48 49 47 51 46 52 53 50 54 60 55 59 61 63 57 56 62 58 67 71 70 65 72 68 66 69 64 74 80 75 77 79 81 76 78 73
 36 30 31 29 28 32 34 35 33 38 44 45 40 37 42 39 41 43 52 47 51 53 49 46 48 54 50 59 61 55 62 56 57 58 60 63 68 66 65 67 70 69 64 72 71 75 78 76 73 77 74 80 79 81 84 85 83 87 82 88 89 86 90  6  1  5  7  9  3  2  8  4 13 17 16 11 18 14 12 15 10 20 26 21 23 25 27 22 24 19
 63 57 58 56 55 59 61 62 60 65 71 72 67 64 69 66 68 70 79 74 78 80 76 73 75 81 77 86 88 82 89 83 84 85 87 90  5  3  2  4  7  6  1  9  8 12 15 13 10 14 11 17 16 18 21 22 20 24 19 25 26 23 27 33 28 32 34 36 30 29 35 31 40 44 43 38 45 41 39 42 37 47 53 48 50 52 54 49 51 46
 45 39 40 38 37 41 43 44 42 47 53 54 49 46 51 48 50 52 61 56 60 62 58 55 57 63 59 68 70 64 71 65 66 67 69 72 77 75 74 76 79 78 73 81 80 84 87 85 82 86 83 89 88 90  3  4  2  6  1  7  8  5  9 15 10 14 16 18 12 11 17 13 22 26 25 20 27 23 21 24 19 29 35 30 32 34 36 31 33 28
  9  3  4  2  1  5  7  8  6 11 17 18 13 10 15 12 14 16 25 20 24 26 22 19 21 27 23 32 34 28 35 29 30 31 33 36 41 39 38 40 43 42 37 45 44 48 51 49 46 50 47 53 52 54 57 58 56 60 55 61 62 59 63 69 64 68 70 72 66 65 71 67 76 80 79 74 81 77 75 78 73 83 89 84 86 88 90 85 87 82
 18 12 13 11 10 14 16 17 15 20 26 27 22 19 24 21 23 25 34 29 33 35 31 28 30 36 32 41 43 37 44 38 39 40 42 45 50 48 47 49 52 51 46 54 53 57 60 58 55 59 56 62 61 63 66 67 65 69 64 70 71 68 72 78 73 77 79 81 75 74 80 76 85 89 88 83 90 86 84 87 82  2  8  3  5  7  9  4  6  1
 54 48 49 47 46 50 52 53 51 56 62 63 58 55 60 57 59 61 70 65 69 71 67 64 66 72 68 77 79 73 80 74 75 76 78 81 86 84 83 85 88 87 82 90 89  3  6  4  1  5  2  8  7  9 12 13 11 15 10 16 17 14 18 24 19 23 25 27 21 20 26 22 31 35 34 29 36 32 30 33 28 38 44 39 41 43 45 40 42 37
 28 31 32 30 29 33 35 36 34 39 45 37 41 38 43 40 42 44 53 48 52 54 50 47 49 46 51 60 62 56 63 57 58 59 61 55 69 67 66 68 71 70 65 64 72 76 79 77 74 78 75 81 80 73 85 86 84 88 83 89 90 87 82  7  2  6  8  1  4  3  9  5 14 18 17 12 10 15 13 16 11 21 27 22 24 26 19 23 25 20
 10 13 14 12 11 15 17 18 16 21 27 19 23 20 25 22 24 26 35 30 34 36 32 29 31 28 33 42 44 38 45 39 40 41 43 37 51 49 48 50 53 52 47 46 54 58 61 59 56 60 57 63 62 55 67 68 66 70 65 71 72 69 64 79 74 78 80 73 76 75 81 77 86 90 89 84 82 87 85 88 83  3  9  4  6  8  1  5  7  2
 82 85 86 84 83 87 89 90 88  3  9  1  5  2  7  4  6  8 17 12 16 18 14 11 13 10 15 24 26 20 27 21 22 23 25 19 33 31 30 32 35 34 29 28 36 40 43 41 38 42 39 45 44 37 49 50 48 52 47 53 54 51 46 61 56 60 62 55 58 57 63 59 68 72 71 66 64 69 67 70 65 75 81 76 78 80 73 77 79 74
 73 76 77 75 74 78 80 81 79 84 90 82 86 83 88 85 87 89  8  3  7  9  5  2  4  1  6 15 17 11 18 12 13 14 16 10 24 22 21 23 26 25 20 19 27 31 34 32 29 33 30 36 35 28 40 41 39 43 38 44 45 42 37 52 47 51 53 46 49 48 54 50 59 63 62 57 55 60 58 61 56 66 72 67 69 71 64 68 70 65
 19 22 23 21 20 24 26 27 25 30 36 28 32 29 34 31 33 35 44 39 43 45 41 38 40 37 42 51 53 47 54 48 49 50 52 46 60 58 57 59 62 61 56 55 63 67 70 68 65 69 66 72 71 64 76 77 75 79 74 80 81 78 73 88 83 87 89 82 85 84 90 86  5  9  8  3  1  6  4  7  2 12 18 13 15 17 10 14 16 11
  1  4  5  3  2  6  8  9  7 12 18 10 14 11 16 13 15 17 26 21 25 27 23 20 22 19 24 33 35 29 36 30 31 32 34 28 42 40 39 41 44 43 38 37 45 49 52 50 47 51 48 54 53 46 58 59 57 61 56 62 63 60 55 70 65 69 71 64 67 66 72 68 77 81 80 75 73 78 76 79 74 84 90 85 87 89 82 86 88 83
 46 49 50 48 47 51 53 54 52 57 63 55 59 56 61 58 60 62 71 66 70 72 68 65 67 64 69 78 80 74 81 75 76 77 79 73 87 85 84 86 89 88 83 82 90  4  7  5  2  6  3  9  8  1 13 14 12 16 11 17 18 15 10 25 20 24 26 19 22 21 27 23 32 36 35 30 28 33 31 34 29 39 45 40 42 44 37 41 43 38
 37 40 41 39 38 42 44 45 43 48 54 46 50 47 52 49 51 53 62 57 61 63 59 56 58 55 60 69 71 65 72 66 67 68 70 64 78 76 75 77 80 79 74 73 81 85 88 86 83 87 84 90 89 82  4  5  3  7  2  8  9  6  1 16 11 15 17 10 13 12 18 14 23 27 26 21 19 24 22 25 20 30 36 31 33 35 28 32 34 29
 64 67 68 66 65 69 71 72 70 75 81 73 77 74 79 76 78 80 89 84 88 90 86 83 85 82 87  6  8  2  9  3  4  5  7  1 15 13 12 14 17 16 11 10 18 22 25 23 20 24 21 27 26 19 31 32 30 34 29 35 36 33 28 43 38 42 44 37 40 39 45 41 50 54 53 48 46 51 49 52 47 57 63 58 60 62 55 59 61 56
 55 58 59 57 56 60 62 63 61 66 72 64 68 65 70 67 69 71 80 75 79 81 77 74 76 73 78 87 89 83 90 84 85 86 88 82  6  4  3  5  8  7  2  1  9 13 16 14 11 15 12 18 17 10 22 23 21 25 20 26 27 24 19 34 29 33 35 28 31 30 36 32 41 45 44 39 37 42 40 43 38 48 54 49 51 53 46 50 52 47
 56 59 60 58 57 61 63 55 62 67 64 65 69 66 71 68 70 72 81 76 80 73 78 75 77 74 79 88 90 84 82 85 86 87 89 83  7  5  4  6  9  8  3  2  1 14 17 15 12 16 13 10 18 11 23 24 22 26 21 27 19 25 20 35 30 34 36 29 32 31 28 33 42 37 45 40 38 43 41 44 39 49 46 50 52 54 47 51 53 48
 74 77 78 76 75 79 81 73 80 85 82 83 87 84 89 86 88 90  9  4  8  1  6  3  5  2  7 16 18 12 10 13 14 15 17 11 25 23 22 24 27 26 21 20 19 32 35 33 30 34 31 28 36 29 41 42 40 44 39 45 37 43 38 53 48 52 54 47 50 49 46 51 60 55 63 58 56 61 59 62 57 67 64 68 70 72 65 69 71 66
 65 68 69 67 66 70 72 64 71 76 73 74 78 75 80 77 79 81 90 85 89 82 87 84 86 83 88  7  9  3  1  4  5  6  8  2 16 14 13 15 18 17 12 11 10 23 26 24 21 25 22 19 27 20 32 33 31 35 30 36 28 34 29 44 39 43 45 38 41 40 37 42 51 46 54 49 47 52 50 53 48 58 55 59 61 63 56 60 62 57
 38 41 42 40 39 43 45 37 44 49 46 47 51 48 53 50 52 54 63 58 62 55 60 57 59 56 61 70 72 66 64 67 68 69 71 65 79 77 76 78 81 80 75 74 73 86 89 87 84 88 85 82 90 83  5  6  4  8  3  9  1  7  2 17 12 16 18 11 14 13 10 15 24 19 27 22 20 25 23 26 21 31 28 32 34 36 29 33 35 30
  2  5  6  4  3  7  9  1  8 13 10 11 15 12 17 14 16 18 27 22 26 19 24 21 23 20 25 34 36 30 28 31 32 33 35 29 43 41 40 42 45 44 39 38 37 50 53 51 48 52 49 46 54 47 59 60 58 62 57 63 55 61 56 71 66 70 72 65 68 67 64 69 78 73 81 76 74 79 77 80 75 85 82 86 88 90 83 87 89 84
 20 23 24 22 21 25 27 19 26 31 28 29 33 30 35 32 34 36 45 40 44 37 42 39 41 38 43 52 54 48 46 49 50 51 53 47 61 59 58 60 63 62 57 56 55 68 71 69 66 70 67 64 72 65 77 78 76 80 75 81 73 79 74 89 84 88 90 83 86 85 82 87  6  1  9  4  2  7  5  8  3 13 10 14 16 18 11 15 17 12
 29 32 33 31 30 34 36 28 35 40 37 38 42 39 44 41 43 45 54 49 53 46 51 48 50 47 52 61 63 57 55 58 59 60 62 56 70 68 67 69 72 71 66 65 64 77 80 78 75 79 76 73 81 74 86 87 85 89 84 90 82 88 83  8  3  7  9  2  5  4  1  6 15 10 18 13 11 16 14 17 12 22 19 23 25 27 20 24 26 21
 11 14 15 13 12 16 18 10 17 22 19 20 24 21 26 23 25 27 36 31 35 28 33 30 32 29 34 43 45 39 37 40 41 42 44 38 52 50 49 51 54 53 48 47 46 59 62 60 57 61 58 55 63 56 68 69 67 71 66 72 64 70 65 80 75 79 81 74 77 76 73 78 87 82 90 85 83 88 86 89 84  4  1  5  7  9  2  6  8  3
 83 86 87 85 84 88 90 82 89  4  1  2  6  3  8  5  7  9 18 13 17 10 15 12 14 11 16 25 27 21 19 22 23 24 26 20 34 32 31 33 36 35 30 29 28 41 44 42 39 43 40 37 45 38 50 51 49 53 48 54 46 52 47 62 57 61 63 56 59 58 55 60 69 64 72 67 65 70 68 71 66 76 73 77 79 81 74 78 80 75
 47 50 51 49 48 52 54 46 53 58 55 56 60 57 62 59 61 63 72 67 71 64 69 66 68 65 70 79 81 75 73 76 77 78 80 74 88 86 85 87 90 89 84 83 82  5  8  6  3  7  4  1  9  2 14 15 13 17 12 18 10 16 11 26 21 25 27 20 23 22 19 24 33 28 36 31 29 34 32 35 30 40 37 41 43 45 38 42 44 39
  3  6  7  5  4  8  1  2  9 14 11 12 16 13 18 15 17 10 19 23 27 20 25 22 24 21 26 35 28 31 29 32 33 34 36 30 44 42 41 43 37 45 40 39 38 51 54 52 49 53 50 47 46 48 60 61 59 63 58 55 56 62 57 72 67 71 64 66 69 68 65 70 79 74 73 77 75 80 78 81 76 86 83 87 89 82 84 88 90 85
 21 24 25 23 22 26 19 20 27 32 29 30 34 31 36 33 35 28 37 41 45 38 43 40 42 39 44 53 46 49 47 50 51 52 54 48 62 60 59 61 55 63 58 57 56 69 72 70 67 71 68 65 64 66 78 79 77 81 76 73 74 80 75 90 85 89 82 84 87 86 83 88  7  2  1  5  3  8  6  9  4 14 11 15 17 10 12 16 18 13
 57 60 61 59 58 62 55 56 63 68 65 66 70 67 72 69 71 64 73 77 81 74 79 76 78 75 80 89 82 85 83 86 87 88 90 84  8  6  5  7  1  9  4  3  2 15 18 16 13 17 14 11 10 12 24 25 23 27 22 19 20 26 21 36 31 35 28 30 33 32 29 34 43 38 37 41 39 44 42 45 40 50 47 51 53 46 48 52 54 49
 39 42 43 41 40 44 37 38 45 50 47 48 52 49 54 51 53 46 55 59 63 56 61 58 60 57 62 71 64 67 65 68 69 70 72 66 80 78 77 79 73 81 76 75 74 87 90 88 85 89 86 83 82 84  6  7  5  9  4  1  2  8  3 18 13 17 10 12 15 14 11 16 25 20 19 23 21 26 24 27 22 32 29 33 35 28 30 34 36 31
 30 33 34 32 31 35 28 29 36 41 38 39 43 40 45 42 44 37 46 50 54 47 52 49 51 48 53 62 55 58 56 59 60 61 63 57 71 69 68 70 64 72 67 66 65 78 81 79 76 80 77 74 73 75 87 88 86 90 85 82 83 89 84  9  4  8  1  3  6  5  2  7 16 11 10 14 12 17 15 18 13 23 20 24 26 19 21 25 27 22
 12 15 16 14 13 17 10 11 18 23 20 21 25 22 27 24 26 19 28 32 36 29 34 31 33 30 35 44 37 40 38 41 42 43 45 39 53 51 50 52 46 54 49 48 47 60 63 61 58 62 59 56 55 57 69 70 68 72 67 64 65 71 66 81 76 80 73 75 78 77 74 79 88 83 82 86 84 89 87 90 85  5  2  6  8  1  3  7  9  4
 84 87 88 86 85 89 82 83 90  5  2  3  7  4  9  6  8  1 10 14 18 11 16 13 15 12 17 26 19 22 20 23 24 25 27 21 35 33 32 34 28 36 31 30 29 42 45 43 40 44 41 38 37 39 51 52 50 54 49 46 47 53 48 63 58 62 55 57 60 59 56 61 70 65 64 68 66 71 69 72 67 77 74 78 80 73 75 79 81 76
 66 69 70 68 67 71 64 65 72 77 74 75 79 76 81 78 80 73 82 86 90 83 88 85 87 84 89  8  1  4  2  5  6  7  9  3 17 15 14 16 10 18 13 12 11 24 27 25 22 26 23 20 19 21 33 34 32 36 31 28 29 35 30 45 40 44 37 39 42 41 38 43 52 47 46 50 48 53 51 54 49 59 56 60 62 55 57 61 63 58
 75 78 79 77 76 80 73 74 81 86 83 84 88 85 90 87 89 82  1  5  9  2  7  4  6  3  8 17 10 13 11 14 15 16 18 12 26 24 23 25 19 27 22 21 20 33 36 34 31 35 32 29 28 30 42 43 41 45 40 37 38 44 39 54 49 53 46 48 51 50 47 52 61 56 55 59 57 62 60 63 58 68 65 69 71 64 66 70 72 67
 48 51 52 50 49 53 46 47 54 59 56 57 61 58 63 60 62 55 64 68 72 65 70 67 69 66 71 80 73 76 74 77 78 79 81 75 89 87 86 88 82 90 85 84 83  6  9  7  4  8  5  2  1  3 15 16 14 18 13 10 11 17 12 27 22 26 19 21 24 23 20 25 34 29 28 32 30 35 33 36 31 41 38 42 44 37 39 43 45 40
 49 52 53 51 50 54 47 48 46 60 57 58 62 59 55 61 63 56 65 69 64 66 71 68 70 67 72 81 74 77 75 78 79 80 73 76 90 88 87 89 83 82 86 85 84  7  1  8  5  9  6  3  2  4 16 17 15 10 14 11 12 18 13 19 23 27 20 22 25 24 21 26 35 30 29 33 31 36 34 28 32 42 39 43 45 38 40 44 37 41
 22 25 26 24 23 27 20 21 19 33 30 31 35 32 28 34 36 29 38 42 37 39 44 41 43 40 45 54 47 50 48 51 52 53 46 49 63 61 60 62 56 55 59 58 57 70 64 71 68 72 69 66 65 67 79 80 78 73 77 74 75 81 76 82 86 90 83 85 88 87 84 89  8  3  2  6  4  9  7  1  5 15 12 16 18 11 13 17 10 14
 13 16 17 15 14 18 11 12 10 24 21 22 26 23 19 25 27 20 29 33 28 30 35 32 34 31 36 45 38 41 39 42 43 44 37 40 54 52 51 53 47 46 50 49 48 61 55 62 59 63 60 57 56 58 70 71 69 64 68 65 66 72 67 73 77 81 74 76 79 78 75 80 89 84 83 87 85 90 88 82 86  6  3  7  9  2  4  8  1  5
  4  7  8  6  5  9  2  3  1 15 12 13 17 14 10 16 18 11 20 24 19 21 26 23 25 22 27 36 29 32 30 33 34 35 28 31 45 43 42 44 38 37 41 40 39 52 46 53 50 54 51 48 47 49 61 62 60 55 59 56 57 63 58 64 68 72 65 67 70 69 66 71 80 75 74 78 76 81 79 73 77 87 84 88 90 83 85 89 82 86
 85 88 89 87 86 90 83 84 82  6  3  4  8  5  1  7  9  2 11 15 10 12 17 14 16 13 18 27 20 23 21 24 25 26 19 22 36 34 33 35 29 28 32 31 30 43 37 44 41 45 42 39 38 40 52 53 51 46 50 47 48 54 49 55 59 63 56 58 61 60 57 62 71 66 65 69 67 72 70 64 68 78 75 79 81 74 76 80 73 77
 40 43 44 42 41 45 38 39 37 51 48 49 53 50 46 52 54 47 56 60 55 57 62 59 61 58 63 72 65 68 66 69 70 71 64 67 81 79 78 80 74 73 77 76 75 88 82 89 86 90 87 84 83 85  7  8  6  1  5  2  3  9  4 10 14 18 11 13 16 15 12 17 26 21 20 24 22 27 25 19 23 33 30 34 36 29 31 35 28 32
 58 61 62 60 59 63 56 57 55 69 66 67 71 68 64 70 72 65 74 78 73 75 80 77 79 76 81 90 83 86 84 87 88 89 82 85  9  7  6  8  2  1  5  4  3 16 10 17 14 18 15 12 11 13 25 26 24 19 23 20 21 27 22 28 32 36 29 31 34 33 30 35 44 39 38 42 40 45 43 37 41 51 48 52 54 47 49 53 46 50
 76 79 80 78 77 81 74 75 73 87 84 85 89 86 82 88 90 83  2  6  1  3  8  5  7  4  9 18 11 14 12 15 16 17 10 13 27 25 24 26 20 19 23 22 21 34 28 35 32 36 33 30 29 31 43 44 42 37 41 38 39 45 40 46 50 54 47 49 52 51 48 53 62 57 56 60 58 63 61 55 59 69 66 70 72 65 67 71 64 68
 67 70 71 69 68 72 65 66 64 78 75 76 80 77 73 79 81 74 83 87 82 84 89 86 88 85 90  9  2  5  3  6  7  8  1  4 18 16 15 17 11 10 14 13 12 25 19 26 23 27 24 21 20 22 34 35 33 28 32 29 30 36 31 37 41 45 38 40 43 42 39 44 53 48 47 51 49 54 52 46 50 60 57 61 63 56 58 62 55 59
 31 34 35 33 32 36 29 30 28 42 39 40 44 41 37 43 45 38 47 51 46 48 53 50 52 49 54 63 56 59 57 60 61 62 55 58 72 70 69 71 65 64 68 67 66 79 73 80 77 81 78 75 74 76 88 89 87 82 86 83 84 90 85  1  5  9  2  4  7  6  3  8 17 12 11 15 13 18 16 10 14 24 21 25 27 20 22 26 19 23
 14 17 18 16 15 10 12 13 11 25 22 23 27 24 20 26 19 21 30 34 29 31 36 33 35 32 28 37 39 42 40 43 44 45 38 41 46 53 52 54 48 47 51 50 49 62 56 63 60 55 61 58 57 59 71 72 70 65 69 66 67 64 68 74 78 73 75 77 80 79 76 81 90 85 84 88 86 82 89 83 87  7  4  8  1  3  5  9  2  6
 68 71 72 70 69 64 66 67 65 79 76 77 81 78 74 80 73 75 84 88 83 85 90 87 89 86 82  1  3  6  4  7  8  9  2  5 10 17 16 18 12 11 15 14 13 26 20 27 24 19 25 22 21 23 35 36 34 29 33 30 31 28 32 38 42 37 39 41 44 43 40 45 54 49 48 52 50 46 53 47 51 61 58 62 55 57 59 63 56 60
  5  8  9  7  6  1  3  4  2 16 13 14 18 15 11 17 10 12 21 25 20 22 27 24 26 23 19 28 30 33 31 34 35 36 29 32 37 44 43 45 39 38 42 41 40 53 47 54 51 46 52 49 48 50 62 63 61 56 60 57 58 55 59 65 69 64 66 68 71 70 67 72 81 76 75 79 77 73 80 74 78 88 85 89 82 84 86 90 83 87
 23 26 27 25 24 19 21 22 20 34 31 32 36 33 29 35 28 30 39 43 38 40 45 42 44 41 37 46 48 51 49 52 53 54 47 50 55 62 61 63 57 56 60 59 58 71 65 72 69 64 70 67 66 68 80 81 79 74 78 75 76 73 77 83 87 82 84 86 89 88 85 90  9  4  3  7  5  1  8  2  6 16 13 17 10 12 14 18 11 15
 86 89 90 88 87 82 84 85 83  7  4  5  9  6  2  8  1  3 12 16 11 13 18 15 17 14 10 19 21 24 22 25 26 27 20 23 28 35 34 36 30 29 33 32 31 44 38 45 42 37 43 40 39 41 53 54 52 47 51 48 49 46 50 56 60 55 57 59 62 61 58 63 72 67 66 70 68 64 71 65 69 79 76 80 73 75 77 81 74 78
 59 62 63 61 60 55 57 58 56 70 67 68 72 69 65 71 64 66 75 79 74 76 81 78 80 77 73 82 84 87 85 88 89 90 83 86  1  8  7  9  3  2  6  5  4 17 11 18 15 10 16 13 12 14 26 27 25 20 24 21 22 19 23 29 33 28 30 32 35 34 31 36 45 40 39 43 41 37 44 38 42 52 49 53 46 48 50 54 47 51
 50 53 54 52 51 46 48 49 47 61 58 59 63 60 56 62 55 57 66 70 65 67 72 69 71 68 64 73 75 78 76 79 80 81 74 77 82 89 88 90 84 83 87 86 85  8  2  9  6  1  7  4  3  5 17 18 16 11 15 12 13 10 14 20 24 19 21 23 26 25 22 27 36 31 30 34 32 28 35 29 33 43 40 44 37 39 41 45 38 42
 32 35 36 34 33 28 30 31 29 43 40 41 45 42 38 44 37 39 48 52 47 49 54 51 53 50 46 55 57 60 58 61 62 63 56 59 64 71 70 72 66 65 69 68 67 80 74 81 78 73 79 76 75 77 89 90 88 83 87 84 85 82 86  2  6  1  3  5  8  7  4  9 18 13 12 16 14 10 17 11 15 25 22 26 19 21 23 27 20 24
 41 44 45 43 42 37 39 40 38 52 49 50 54 51 47 53 46 48 57 61 56 58 63 60 62 59 55 64 66 69 67 70 71 72 65 68 73 80 79 81 75 74 78 77 76 89 83 90 87 82 88 85 84 86  8  9  7  2  6  3  4  1  5 11 15 10 12 14 17 16 13 18 27 22 21 25 23 19 26 20 24 34 31 35 28 30 32 36 29 33
 77 80 81 79 78 73 75 76 74 88 85 86 90 87 83 89 82 84  3  7  2  4  9  6  8  5  1 10 12 15 13 16 17 18 11 14 19 26 25 27 21 20 24 23 22 35 29 36 33 28 34 31 30 32 44 45 43 38 42 39 40 37 41 47 51 46 48 50 53 52 49 54 63 58 57 61 59 55 62 56 60 70 67 71 64 66 68 72 65 69
