 10 13 12 11 14  8  9 20 17 18 15 21 19 16  5  1  4  3  7  6  2
 17 20 19 18 21 15 16  6  3  4  1  7  5  2 12  8 11 10 14 13  9
  3  6  5  4  7  1  2 13 10 11  8 14 12  9 19 15 18 17 21 20 16
 11 14 13 12  8  9 10 21 18 19 16 15 20 17  6  2  5  4  1  7  3
  4  7  6  5  1  2  3 14 11 12  9  8 13 10 20 16 19 18 15 21 17
 18 21 20 19 15 16 17  7  4  5  2  1  6  3 13  9 12 11  8 14 10
 12  8 14 13  9 10 11 15 19 20 17 16 21 18  7  3  6  5  2  1  4
  5  1  7  6  2  3  4  8 12 13 10  9 14 11 21 17 20 19 16 15 18
 19 15 21 20 16 17 18  1  5  6  3  2  7  4 14 10 13 12  9  8 11
 20 16 15 21 17 18 19  2  6  7  4  3  1  5  8 11 14 13 10  9 12
  6  2  1  7  3  4  5  9 13 14 11 10  8 12 15 18 21 20 17 16 19
 13  9  8 14 10 11 12 16 20 21 18 17 15 19  1  4  7  6  3  2  5
 21 17 16 15 18 19 20  3  7  1  5  4  2  6  9 12  8 14 11 10 13
 14 10  9  8 11 12 13 17 21 15 19 18 16 20  2  5  1  7  4  3  6
  7  3  2  1  4  5  6 10 14  8 12 11  9 13 16 19 15 21 18 17 20
  8 11 10  9 12 13 14 18 15 16 20 19 17 21  3  6  2  1  5  4  7
  1  4  3  2  5  6  7 11  8  9 13 12 10 14 17 20 16 15 19 18 21
 15 18 17 16 19 20 21  4  1  2  6  5  3  7 10 13  9  8 12 11 14
  9 12 11 10 13 14  8 19 16 17 21 20 18 15  4  7  3  2  6  5  1
 16 19 18 17 20 21 15  5  2  3  7  6  4  1 11 14 10  9 13 12  8
  2  5  4  3  6  7  1 12  9 10 14 13 11  8 18 21 17 16 20 19 15
