  6  5  3  1  7  4  2 11 14 13 10 12  9  8 17 15 16 19 20 18 21
 13 12 10  8 14 11  9 18 21 20 17 19 16 15  3  1  2  5  6  4  7
 20 19 17 15 21 18 16  4  7  6  3  5  2  1 10  8  9 12 13 11 14
 14 13 11  9  8 12 10 19 15 21 18 20 17 16  4  2  3  6  7  5  1
 21 20 18 16 15 19 17  5  1  7  4  6  3  2 11  9 10 13 14 12  8
  7  6  4  2  1  5  3 12  8 14 11 13 10  9 18 16 17 20 21 19 15
  8 14 12 10  9 13 11 20 16 15 19 21 18 17  5  3  4  7  1  6  2
  1  7  5  3  2  6  4 13  9  8 12 14 11 10 19 17 18 21 15 20 16
 15 21 19 17 16 20 18  6  2  1  5  7  4  3 12 10 11 14  8 13  9
  2  1  6  4  3  7  5 14 10  9 13  8 12 11 20 18 19 15 16 21 17
 16 15 20 18 17 21 19  7  3  2  6  1  5  4 13 11 12  8  9 14 10
  9  8 13 11 10 14 12 21 17 16 20 15 19 18  6  4  5  1  2  7  3
 10  9 14 12 11  8 13 15 18 17 21 16 20 19  7  5  6  2  3  1  4
 17 16 21 19 18 15 20  1  4  3  7  2  6  5 14 12 13  9 10  8 11
  3  2  7  5  4  1  6  8 11 10 14  9 13 12 21 19 20 16 17 15 18
  4  3  1  6  5  2  7  9 12 11  8 10 14 13 15 20 21 17 18 16 19
 11 10  8 13 12  9 14 16 19 18 15 17 21 20  1  6  7  3  4  2  5
 18 17 15 20 19 16 21  2  5  4  1  3  7  6  8 13 14 10 11  9 12
  5  4  2  7  6  3  1 10 13 12  9 11  8 14 16 21 15 18 19 17 20
 19 18 16 21 20 17 15  3  6  5  2  4  1  7  9 14  8 11 12 10 13
 12 11  9 14 13 10  8 17 20 19 16 18 15 21  2  7  1  4  5  3  6
