 14 17 18 15 13 16  1  3  4  5  6  2  9 10 11  8  7 12
  2  5  6  3  1  4  7  9 10 11 12  8 15 16 17 14 13 18
  8 11 12  9  7 10 13 15 16 17 18 14  3  4  5  2  1  6
  9 12  7 10  8 11 14 16 17 18 13 15  4  5  6  3  2  1
 15 18 13 16 14 17  2  4  5  6  1  3 10 11 12  9  8  7
  3  6  1  4  2  5  8 10 11 12  7  9 16 17 18 15 14 13
  4  1  2  5  3  6  9 11 12  7  8 10 17 18 13 16 15 14
 10  7  8 11  9 12 15 17 18 13 14 16  5  6  1  4  3  2
 16 13 14 17 15 18  3  5  6  1  2  4 11 12  7 10  9  8
  5  2  3  6  4  1 10 12  7  8  9 11 18 13 14 17 16 15
 17 14 15 18 16 13  4  6  1  2  3  5 12  7  8 11 10  9
 11  8  9 12 10  7 16 18 13 14 15 17  6  1  2  5  4  3
 12  9 10  7 11  8 17 13 14 15 16 18  1  2  3  6  5  4
 18 15 16 13 17 14  5  1  2  3  4  6  7  8  9 12 11 10
  6  3  4  1  5  2 11  7  8  9 10 12 13 14 15 18 17 16
  7 10 11  8 12  9 18 14 15 16 17 13  2  3  4  1  6  5
 13 16 17 14 18 15  6  2  3  4  5  1  8  9 10  7 12 11
  1  4  5  2  6  3 12  8  9 10 11  7 14 15 16 13 18 17
