 79 80 77 76 73 74 81 78 75 83 90 87 84 85 82 89 88 86  9  5  2  6  1  3  7  4  8 16 18 12 15 11 17 10 13 14 26 25 20 23 27 21 19 24 22 31 30 28 34 33 35 36 29 32 43 40 44 41 38 45 39 37 42 48 53 46 52 50 47 49 54 51 60 57 58 63 61 62 55 56 59 64 66 67 70 71 72 69 68 65
  7  8  5  4  1  2  9  6  3 11 18 15 12 13 10 17 16 14 27 23 20 24 19 21 25 22 26 34 36 30 33 29 35 28 31 32 44 43 38 41 45 39 37 42 40 49 48 46 52 51 53 54 47 50 61 58 62 59 56 63 57 55 60 66 71 64 70 68 65 67 72 69 78 75 76 81 79 80 73 74 77 82 84 85 88 89 90 87 86 83
 70 71 68 67 64 65 72 69 66 74 81 78 75 76 73 80 79 77 90 86 83 87 82 84 88 85 89  7  9  3  6  2  8  1  4  5 17 16 11 14 18 12 10 15 13 22 21 19 25 24 26 27 20 23 34 31 35 32 29 36 30 28 33 39 44 37 43 41 38 40 45 42 51 48 49 54 52 53 46 47 50 55 57 58 61 62 63 60 59 56
 61 62 59 58 55 56 63 60 57 65 72 69 66 67 64 71 70 68 81 77 74 78 73 75 79 76 80 88 90 84 87 83 89 82 85 86  8  7  2  5  9  3  1  6  4 13 12 10 16 15 17 18 11 14 25 22 26 23 20 27 21 19 24 30 35 28 34 32 29 31 36 33 42 39 40 45 43 44 37 38 41 46 48 49 52 53 54 51 50 47
 25 26 23 22 19 20 27 24 21 29 36 33 30 31 28 35 34 32 45 41 38 42 37 39 43 40 44 52 54 48 51 47 53 46 49 50 62 61 56 59 63 57 55 60 58 67 66 64 70 69 71 72 65 68 79 76 80 77 74 81 75 73 78 84 89 82 88 86 83 85 90 87  6  3  4  9  7  8  1  2  5 10 12 13 16 17 18 15 14 11
 16 17 14 13 10 11 18 15 12 20 27 24 21 22 19 26 25 23 36 32 29 33 28 30 34 31 35 43 45 39 42 38 44 37 40 41 53 52 47 50 54 48 46 51 49 58 57 55 61 60 62 63 56 59 70 67 71 68 65 72 66 64 69 75 80 73 79 77 74 76 81 78 87 84 85 90 88 89 82 83 86  1  3  4  7  8  9  6  5  2
 34 35 32 31 28 29 36 33 30 38 45 42 39 40 37 44 43 41 54 50 47 51 46 48 52 49 53 61 63 57 60 56 62 55 58 59 71 70 65 68 72 66 64 69 67 76 75 73 79 78 80 81 74 77 88 85 89 86 83 90 84 82 87  3  8  1  7  5  2  4  9  6 15 12 13 18 16 17 10 11 14 19 21 22 25 26 27 24 23 20
 88 89 86 85 82 83 90 87 84  2  9  6  3  4  1  8  7  5 18 14 11 15 10 12 16 13 17 25 27 21 24 20 26 19 22 23 35 34 29 32 36 30 28 33 31 40 39 37 43 42 44 45 38 41 52 49 53 50 47 54 48 46 51 57 62 55 61 59 56 58 63 60 69 66 67 72 70 71 64 65 68 73 75 76 79 80 81 78 77 74
 43 44 41 40 37 38 45 42 39 47 54 51 48 49 46 53 52 50 63 59 56 60 55 57 61 58 62 70 72 66 69 65 71 64 67 68 80 79 74 77 81 75 73 78 76 85 84 82 88 87 89 90 83 86  7  4  8  5  2  9  3  1  6 12 17 10 16 14 11 13 18 15 24 21 22 27 25 26 19 20 23 28 30 31 34 35 36 33 32 29
 52 53 50 49 46 47 54 51 48 56 63 60 57 58 55 62 61 59 72 68 65 69 64 66 70 67 71 79 81 75 78 74 80 73 76 77 89 88 83 86 90 84 82 87 85  4  3  1  7  6  8  9  2  5 16 13 17 14 11 18 12 10 15 21 26 19 25 23 20 22 27 24 33 30 31 36 34 35 28 29 32 37 39 40 43 44 45 42 41 38
 44 45 42 41 38 39 37 43 40 48 46 52 49 50 47 54 53 51 55 60 57 61 56 58 62 59 63 71 64 67 70 66 72 65 68 69 81 80 75 78 73 76 74 79 77 86 85 83 89 88 90 82 84 87  8  5  9  6  3  1  4  2  7 13 18 11 17 15 12 14 10 16 25 22 23 19 26 27 20 21 24 29 31 32 35 36 28 34 33 30
 35 36 33 32 29 30 28 34 31 39 37 43 40 41 38 45 44 42 46 51 48 52 47 49 53 50 54 62 55 58 61 57 63 56 59 60 72 71 66 69 64 67 65 70 68 77 76 74 80 79 81 73 75 78 89 86 90 87 84 82 85 83 88  4  9  2  8  6  3  5  1  7 16 13 14 10 17 18 11 12 15 20 22 23 26 27 19 25 24 21
 17 18 15 14 11 12 10 16 13 21 19 25 22 23 20 27 26 24 28 33 30 34 29 31 35 32 36 44 37 40 43 39 45 38 41 42 54 53 48 51 46 49 47 52 50 59 58 56 62 61 63 55 57 60 71 68 72 69 66 64 67 65 70 76 81 74 80 78 75 77 73 79 88 85 86 82 89 90 83 84 87  2  4  5  8  9  1  7  6  3
 53 54 51 50 47 48 46 52 49 57 55 61 58 59 56 63 62 60 64 69 66 70 65 67 71 68 72 80 73 76 79 75 81 74 77 78 90 89 84 87 82 85 83 88 86  5  4  2  8  7  9  1  3  6 17 14 18 15 12 10 13 11 16 22 27 20 26 24 21 23 19 25 34 31 32 28 35 36 29 30 33 38 40 41 44 45 37 43 42 39
 80 81 78 77 74 75 73 79 76 84 82 88 85 86 83 90 89 87  1  6  3  7  2  4  8  5  9 17 10 13 16 12 18 11 14 15 27 26 21 24 19 22 20 25 23 32 31 29 35 34 36 28 30 33 44 41 45 42 39 37 40 38 43 49 54 47 53 51 48 50 46 52 61 58 59 55 62 63 56 57 60 65 67 68 71 72 64 70 69 66
 62 63 60 59 56 57 55 61 58 66 64 70 67 68 65 72 71 69 73 78 75 79 74 76 80 77 81 89 82 85 88 84 90 83 86 87  9  8  3  6  1  4  2  7  5 14 13 11 17 16 18 10 12 15 26 23 27 24 21 19 22 20 25 31 36 29 35 33 30 32 28 34 43 40 41 37 44 45 38 39 42 47 49 50 53 54 46 52 51 48
 26 27 24 23 20 21 19 25 22 30 28 34 31 32 29 36 35 33 37 42 39 43 38 40 44 41 45 53 46 49 52 48 54 47 50 51 63 62 57 60 55 58 56 61 59 68 67 65 71 70 72 64 66 69 80 77 81 78 75 73 76 74 79 85 90 83 89 87 84 86 82 88  7  4  5  1  8  9  2  3  6 11 13 14 17 18 10 16 15 12
  8  9  6  5  2  3  1  7  4 12 10 16 13 14 11 18 17 15 19 24 21 25 20 22 26 23 27 35 28 31 34 30 36 29 32 33 45 44 39 42 37 40 38 43 41 50 49 47 53 52 54 46 48 51 62 59 63 60 57 55 58 56 61 67 72 65 71 69 66 68 64 70 79 76 77 73 80 81 74 75 78 83 85 86 89 90 82 88 87 84
 89 90 87 86 83 84 82 88 85  3  1  7  4  5  2  9  8  6 10 15 12 16 11 13 17 14 18 26 19 22 25 21 27 20 23 24 36 35 30 33 28 31 29 34 32 41 40 38 44 43 45 37 39 42 53 50 54 51 48 46 49 47 52 58 63 56 62 60 57 59 55 61 70 67 68 64 71 72 65 66 69 74 76 77 80 81 73 79 78 75
 71 72 69 68 65 66 64 70 67 75 73 79 76 77 74 81 80 78 82 87 84 88 83 85 89 86 90  8  1  4  7  3  9  2  5  6 18 17 12 15 10 13 11 16 14 23 22 20 26 25 27 19 21 24 35 32 36 33 30 28 31 29 34 40 45 38 44 42 39 41 37 43 52 49 50 46 53 54 47 48 51 56 58 59 62 63 55 61 60 57
 72 64 70 69 66 67 65 71 68 76 74 80 77 78 75 73 81 79 83 88 85 89 84 86 90 87 82  9  2  5  8  4  1  3  6  7 10 18 13 16 11 14 12 17 15 24 23 21 27 26 19 20 22 25 36 33 28 34 31 29 32 30 35 41 37 39 45 43 40 42 38 44 53 50 51 47 54 46 48 49 52 57 59 60 63 55 56 62 61 58
 63 55 61 60 57 58 56 62 59 67 65 71 68 69 66 64 72 70 74 79 76 80 75 77 81 78 73 90 83 86 89 85 82 84 87 88  1  9  4  7  2  5  3  8  6 15 14 12 18 17 10 11 13 16 27 24 19 25 22 20 23 21 26 32 28 30 36 34 31 33 29 35 44 41 42 38 45 37 39 40 43 48 50 51 54 46 47 53 52 49
 54 46 52 51 48 49 47 53 50 58 56 62 59 60 57 55 63 61 65 70 67 71 66 68 72 69 64 81 74 77 80 76 73 75 78 79 82 90 85 88 83 86 84 89 87  6  5  3  9  8  1  2  4  7 18 15 10 16 13 11 14 12 17 23 19 21 27 25 22 24 20 26 35 32 33 29 36 28 30 31 34 39 41 42 45 37 38 44 43 40
 18 10 16 15 12 13 11 17 14 22 20 26 23 24 21 19 27 25 29 34 31 35 30 32 36 33 28 45 38 41 44 40 37 39 42 43 46 54 49 52 47 50 48 53 51 60 59 57 63 62 55 56 58 61 72 69 64 70 67 65 68 66 71 77 73 75 81 79 76 78 74 80 89 86 87 83 90 82 84 85 88  3  5  6  9  1  2  8  7  4
 90 82 88 87 84 85 83 89 86  4  2  8  5  6  3  1  9  7 11 16 13 17 12 14 18 15 10 27 20 23 26 22 19 21 24 25 28 36 31 34 29 32 30 35 33 42 41 39 45 44 37 38 40 43 54 51 46 52 49 47 50 48 53 59 55 57 63 61 58 60 56 62 71 68 69 65 72 64 66 67 70 75 77 78 81 73 74 80 79 76
 45 37 43 42 39 40 38 44 41 49 47 53 50 51 48 46 54 52 56 61 58 62 57 59 63 60 55 72 65 68 71 67 64 66 69 70 73 81 76 79 74 77 75 80 78 87 86 84 90 89 82 83 85 88  9  6  1  7  4  2  5  3  8 14 10 12 18 16 13 15 11 17 26 23 24 20 27 19 21 22 25 30 32 33 36 28 29 35 34 31
 81 73 79 78 75 76 74 80 77 85 83 89 86 87 84 82 90 88  2  7  4  8  3  5  9  6  1 18 11 14 17 13 10 12 15 16 19 27 22 25 20 23 21 26 24 33 32 30 36 35 28 29 31 34 45 42 37 43 40 38 41 39 44 50 46 48 54 52 49 51 47 53 62 59 60 56 63 55 57 58 61 66 68 69 72 64 65 71 70 67
  9  1  7  6  3  4  2  8  5 13 11 17 14 15 12 10 18 16 20 25 22 26 21 23 27 24 19 36 29 32 35 31 28 30 33 34 37 45 40 43 38 41 39 44 42 51 50 48 54 53 46 47 49 52 63 60 55 61 58 56 59 57 62 68 64 66 72 70 67 69 65 71 80 77 78 74 81 73 75 76 79 84 86 87 90 82 83 89 88 85
 36 28 34 33 30 31 29 35 32 40 38 44 41 42 39 37 45 43 47 52 49 53 48 50 54 51 46 63 56 59 62 58 55 57 60 61 64 72 67 70 65 68 66 71 69 78 77 75 81 80 73 74 76 79 90 87 82 88 85 83 86 84 89  5  1  3  9  7  4  6  2  8 17 14 15 11 18 10 12 13 16 21 23 24 27 19 20 26 25 22
 27 19 25 24 21 22 20 26 23 31 29 35 32 33 30 28 36 34 38 43 40 44 39 41 45 42 37 54 47 50 53 49 46 48 51 52 55 63 58 61 56 59 57 62 60 69 68 66 72 71 64 65 67 70 81 78 73 79 76 74 77 75 80 86 82 84 90 88 85 87 83 89  8  5  6  2  9  1  3  4  7 12 14 15 18 10 11 17 16 13
 73 74 80 79 76 77 75 81 78 86 84 90 87 88 85 83 82 89  3  8  5  9  4  6  1  7  2 10 12 15 18 14 11 13 16 17 20 19 23 26 21 24 22 27 25 34 33 31 28 36 29 30 32 35 37 43 38 44 41 39 42 40 45 51 47 49 46 53 50 52 48 54 63 60 61 57 55 56 58 59 62 67 69 70 64 65 66 72 71 68
 10 11 17 16 13 14 12 18 15 23 21 27 24 25 22 20 19 26 30 35 32 36 31 33 28 34 29 37 39 42 45 41 38 40 43 44 47 46 50 53 48 51 49 54 52 61 60 58 55 63 56 57 59 62 64 70 65 71 68 66 69 67 72 78 74 76 73 80 77 79 75 81 90 87 88 84 82 83 85 86 89  4  6  7  1  2  3  9  8  5
 82 83 89 88 85 86 84 90 87  5  3  9  6  7  4  2  1  8 12 17 14 18 13 15 10 16 11 19 21 24 27 23 20 22 25 26 29 28 32 35 30 33 31 36 34 43 42 40 37 45 38 39 41 44 46 52 47 53 50 48 51 49 54 60 56 58 55 62 59 61 57 63 72 69 70 66 64 65 67 68 71 76 78 79 73 74 75 81 80 77
 55 56 62 61 58 59 57 63 60 68 66 72 69 70 67 65 64 71 75 80 77 81 76 78 73 79 74 82 84 87 90 86 83 85 88 89  2  1  5  8  3  6  4  9  7 16 15 13 10 18 11 12 14 17 19 25 20 26 23 21 24 22 27 33 29 31 28 35 32 34 30 36 45 42 43 39 37 38 40 41 44 49 51 52 46 47 48 54 53 50
  1  2  8  7  4  5  3  9  6 14 12 18 15 16 13 11 10 17 21 26 23 27 22 24 19 25 20 28 30 33 36 32 29 31 34 35 38 37 41 44 39 42 40 45 43 52 51 49 46 54 47 48 50 53 55 61 56 62 59 57 60 58 63 69 65 67 64 71 68 70 66 72 81 78 79 75 73 74 76 77 80 85 87 88 82 83 84 90 89 86
 64 65 71 70 67 68 66 72 69 77 75 81 78 79 76 74 73 80 84 89 86 90 85 87 82 88 83  1  3  6  9  5  2  4  7  8 11 10 14 17 12 15 13 18 16 25 24 22 19 27 20 21 23 26 28 34 29 35 32 30 33 31 36 42 38 40 37 44 41 43 39 45 54 51 52 48 46 47 49 50 53 58 60 61 55 56 57 63 62 59
 19 20 26 25 22 23 21 27 24 32 30 36 33 34 31 29 28 35 39 44 41 45 40 42 37 43 38 46 48 51 54 50 47 49 52 53 56 55 59 62 57 60 58 63 61 70 69 67 64 72 65 66 68 71 73 79 74 80 77 75 78 76 81 87 83 85 82 89 86 88 84 90  9  6  7  3  1  2  4  5  8 13 15 16 10 11 12 18 17 14
 46 47 53 52 49 50 48 54 51 59 57 63 60 61 58 56 55 62 66 71 68 72 67 69 64 70 65 73 75 78 81 77 74 76 79 80 83 82 86 89 84 87 85 90 88  7  6  4  1  9  2  3  5  8 10 16 11 17 14 12 15 13 18 24 20 22 19 26 23 25 21 27 36 33 34 30 28 29 31 32 35 40 42 43 37 38 39 45 44 41
 37 38 44 43 40 41 39 45 42 50 48 54 51 52 49 47 46 53 57 62 59 63 58 60 55 61 56 64 66 69 72 68 65 67 70 71 74 73 77 80 75 78 76 81 79 88 87 85 82 90 83 84 86 89  1  7  2  8  5  3  6  4  9 15 11 13 10 17 14 16 12 18 27 24 25 21 19 20 22 23 26 31 33 34 28 29 30 36 35 32
 28 29 35 34 31 32 30 36 33 41 39 45 42 43 40 38 37 44 48 53 50 54 49 51 46 52 47 55 57 60 63 59 56 58 61 62 65 64 68 71 66 69 67 72 70 79 78 76 73 81 74 75 77 80 82 88 83 89 86 84 87 85 90  6  2  4  1  8  5  7  3  9 18 15 16 12 10 11 13 14 17 22 24 25 19 20 21 27 26 23
 20 21 27 26 23 24 22 19 25 33 31 28 34 35 32 30 29 36 40 45 42 37 41 43 38 44 39 47 49 52 46 51 48 50 53 54 57 56 60 63 58 61 59 55 62 71 70 68 65 64 66 67 69 72 74 80 75 81 78 76 79 77 73 88 84 86 83 90 87 89 85 82  1  7  8  4  2  3  5  6  9 14 16 17 11 12 13 10 18 15
 11 12 18 17 14 15 13 10 16 24 22 19 25 26 23 21 20 27 31 36 33 28 32 34 29 35 30 38 40 43 37 42 39 41 44 45 48 47 51 54 49 52 50 46 53 62 61 59 56 55 57 58 60 63 65 71 66 72 69 67 70 68 64 79 75 77 74 81 78 80 76 73 82 88 89 85 83 84 86 87 90  5  7  8  2  3  4  1  9  6
 47 48 54 53 50 51 49 46 52 60 58 55 61 62 59 57 56 63 67 72 69 64 68 70 65 71 66 74 76 79 73 78 75 77 80 81 84 83 87 90 85 88 86 82 89  8  7  5  2  1  3  4  6  9 11 17 12 18 15 13 16 14 10 25 21 23 20 27 24 26 22 19 28 34 35 31 29 30 32 33 36 41 43 44 38 39 40 37 45 42
 74 75 81 80 77 78 76 73 79 87 85 82 88 89 86 84 83 90  4  9  6  1  5  7  2  8  3 11 13 16 10 15 12 14 17 18 21 20 24 27 22 25 23 19 26 35 34 32 29 28 30 31 33 36 38 44 39 45 42 40 43 41 37 52 48 50 47 54 51 53 49 46 55 61 62 58 56 57 59 60 63 68 70 71 65 66 67 64 72 69
  2  3  9  8  5  6  4  1  7 15 13 10 16 17 14 12 11 18 22 27 24 19 23 25 20 26 21 29 31 34 28 33 30 32 35 36 39 38 42 45 40 43 41 37 44 53 52 50 47 46 48 49 51 54 56 62 57 63 60 58 61 59 55 70 66 68 65 72 69 71 67 64 73 79 80 76 74 75 77 78 81 86 88 89 83 84 85 82 90 87
 38 39 45 44 41 42 40 37 43 51 49 46 52 53 50 48 47 54 58 63 60 55 59 61 56 62 57 65 67 70 64 69 66 68 71 72 75 74 78 81 76 79 77 73 80 89 88 86 83 82 84 85 87 90  2  8  3  9  6  4  7  5  1 16 12 14 11 18 15 17 13 10 19 25 26 22 20 21 23 24 27 32 34 35 29 30 31 28 36 33
 29 30 36 35 32 33 31 28 34 42 40 37 43 44 41 39 38 45 49 54 51 46 50 52 47 53 48 56 58 61 55 60 57 59 62 63 66 65 69 72 67 70 68 64 71 80 79 77 74 73 75 76 78 81 83 89 84 90 87 85 88 86 82  7  3  5  2  9  6  8  4  1 10 16 17 13 11 12 14 15 18 23 25 26 20 21 22 19 27 24
 56 57 63 62 59 60 58 55 61 69 67 64 70 71 68 66 65 72 76 81 78 73 77 79 74 80 75 83 85 88 82 87 84 86 89 90  3  2  6  9  4  7  5  1  8 17 16 14 11 10 12 13 15 18 20 26 21 27 24 22 25 23 19 34 30 32 29 36 33 35 31 28 37 43 44 40 38 39 41 42 45 50 52 53 47 48 49 46 54 51
 65 66 72 71 68 69 67 64 70 78 76 73 79 80 77 75 74 81 85 90 87 82 86 88 83 89 84  2  4  7  1  6  3  5  8  9 12 11 15 18 13 16 14 10 17 26 25 23 20 19 21 22 24 27 29 35 30 36 33 31 34 32 28 43 39 41 38 45 42 44 40 37 46 52 53 49 47 48 50 51 54 59 61 62 56 57 58 55 63 60
 83 84 90 89 86 87 85 82 88  6  4  1  7  8  5  3  2  9 13 18 15 10 14 16 11 17 12 20 22 25 19 24 21 23 26 27 30 29 33 36 31 34 32 28 35 44 43 41 38 37 39 40 42 45 47 53 48 54 51 49 52 50 46 61 57 59 56 63 60 62 58 55 64 70 71 67 65 66 68 69 72 77 79 80 74 75 76 73 81 78
 21 22 19 27 24 25 23 20 26 34 32 29 35 36 33 31 30 28 41 37 43 38 42 44 39 45 40 48 50 53 47 52 49 51 54 46 58 57 61 55 59 62 60 56 63 72 71 69 66 65 67 68 70 64 75 81 76 73 79 77 80 78 74 89 85 87 84 82 88 90 86 83  2  8  9  5  3  4  6  7  1 15 17 18 12 13 14 11 10 16
 84 85 82 90 87 88 86 83 89  7  5  2  8  9  6  4  3  1 14 10 16 11 15 17 12 18 13 21 23 26 20 25 22 24 27 19 31 30 34 28 32 35 33 29 36 45 44 42 39 38 40 41 43 37 48 54 49 46 52 50 53 51 47 62 58 60 57 55 61 63 59 56 65 71 72 68 66 67 69 70 64 78 80 81 75 76 77 74 73 79
 66 67 64 72 69 70 68 65 71 79 77 74 80 81 78 76 75 73 86 82 88 83 87 89 84 90 85  3  5  8  2  7  4  6  9  1 13 12 16 10 14 17 15 11 18 27 26 24 21 20 22 23 25 19 30 36 31 28 34 32 35 33 29 44 40 42 39 37 43 45 41 38 47 53 54 50 48 49 51 52 46 60 62 63 57 58 59 56 55 61
 39 40 37 45 42 43 41 38 44 52 50 47 53 54 51 49 48 46 59 55 61 56 60 62 57 63 58 66 68 71 65 70 67 69 72 64 76 75 79 73 77 80 78 74 81 90 89 87 84 83 85 86 88 82  3  9  4  1  7  5  8  6  2 17 13 15 12 10 16 18 14 11 20 26 27 23 21 22 24 25 19 33 35 36 30 31 32 29 28 34
 48 49 46 54 51 52 50 47 53 61 59 56 62 63 60 58 57 55 68 64 70 65 69 71 66 72 67 75 77 80 74 79 76 78 81 73 85 84 88 82 86 89 87 83 90  9  8  6  3  2  4  5  7  1 12 18 13 10 16 14 17 15 11 26 22 24 21 19 25 27 23 20 29 35 36 32 30 31 33 34 28 42 44 45 39 40 41 38 37 43
 57 58 55 63 60 61 59 56 62 70 68 65 71 72 69 67 66 64 77 73 79 74 78 80 75 81 76 84 86 89 83 88 85 87 90 82  4  3  7  1  5  8  6  2  9 18 17 15 12 11 13 14 16 10 21 27 22 19 25 23 26 24 20 35 31 33 30 28 34 36 32 29 38 44 45 41 39 40 42 43 37 51 53 54 48 49 50 47 46 52
  3  4  1  9  6  7  5  2  8 16 14 11 17 18 15 13 12 10 23 19 25 20 24 26 21 27 22 30 32 35 29 34 31 33 36 28 40 39 43 37 41 44 42 38 45 54 53 51 48 47 49 50 52 46 57 63 58 55 61 59 62 60 56 71 67 69 66 64 70 72 68 65 74 80 81 77 75 76 78 79 73 87 89 90 84 85 86 83 82 88
 12 13 10 18 15 16 14 11 17 25 23 20 26 27 24 22 21 19 32 28 34 29 33 35 30 36 31 39 41 44 38 43 40 42 45 37 49 48 52 46 50 53 51 47 54 63 62 60 57 56 58 59 61 55 66 72 67 64 70 68 71 69 65 80 76 78 75 73 79 81 77 74 83 89 90 86 84 85 87 88 82  6  8  9  3  4  5  2  1  7
 30 31 28 36 33 34 32 29 35 43 41 38 44 45 42 40 39 37 50 46 52 47 51 53 48 54 49 57 59 62 56 61 58 60 63 55 67 66 70 64 68 71 69 65 72 81 80 78 75 74 76 77 79 73 84 90 85 82 88 86 89 87 83  8  4  6  3  1  7  9  5  2 11 17 18 14 12 13 15 16 10 24 26 27 21 22 23 20 19 25
 75 76 73 81 78 79 77 74 80 88 86 83 89 90 87 85 84 82  5  1  7  2  6  8  3  9  4 12 14 17 11 16 13 15 18 10 22 21 25 19 23 26 24 20 27 36 35 33 30 29 31 32 34 28 39 45 40 37 43 41 44 42 38 53 49 51 48 46 52 54 50 47 56 62 63 59 57 58 60 61 55 69 71 72 66 67 68 65 64 70
 22 23 20 19 25 26 24 21 27 35 33 30 36 28 34 32 31 29 42 38 44 39 43 45 40 37 41 49 51 54 48 53 50 52 46 47 59 58 62 56 60 63 61 57 55 64 72 70 67 66 68 69 71 65 76 73 77 74 80 78 81 79 75 90 86 88 85 83 89 82 87 84  3  9  1  6  4  5  7  8  2 16 18 10 13 14 15 12 11 17
 40 41 38 37 43 44 42 39 45 53 51 48 54 46 52 50 49 47 60 56 62 57 61 63 58 55 59 67 69 72 66 71 68 70 64 65 77 76 80 74 78 81 79 75 73 82 90 88 85 84 86 87 89 83  4  1  5  2  8  6  9  7  3 18 14 16 13 11 17 10 15 12 21 27 19 24 22 23 25 26 20 34 36 28 31 32 33 30 29 35
 49 50 47 46 52 53 51 48 54 62 60 57 63 55 61 59 58 56 69 65 71 66 70 72 67 64 68 76 78 81 75 80 77 79 73 74 86 85 89 83 87 90 88 84 82  1  9  7  4  3  5  6  8  2 13 10 14 11 17 15 18 16 12 27 23 25 22 20 26 19 24 21 30 36 28 33 31 32 34 35 29 43 45 37 40 41 42 39 38 44
 58 59 56 55 61 62 60 57 63 71 69 66 72 64 70 68 67 65 78 74 80 75 79 81 76 73 77 85 87 90 84 89 86 88 82 83  5  4  8  2  6  9  7  3  1 10 18 16 13 12 14 15 17 11 22 19 23 20 26 24 27 25 21 36 32 34 31 29 35 28 33 30 39 45 37 42 40 41 43 44 38 52 54 46 49 50 51 48 47 53
 13 14 11 10 16 17 15 12 18 26 24 21 27 19 25 23 22 20 33 29 35 30 34 36 31 28 32 40 42 45 39 44 41 43 37 38 50 49 53 47 51 54 52 48 46 55 63 61 58 57 59 60 62 56 67 64 68 65 71 69 72 70 66 81 77 79 76 74 80 73 78 75 84 90 82 87 85 86 88 89 83  7  9  1  4  5  6  3  2  8
  4  5  2  1  7  8  6  3  9 17 15 12 18 10 16 14 13 11 24 20 26 21 25 27 22 19 23 31 33 36 30 35 32 34 28 29 41 40 44 38 42 45 43 39 37 46 54 52 49 48 50 51 53 47 58 55 59 56 62 60 63 61 57 72 68 70 67 65 71 64 69 66 75 81 73 78 76 77 79 80 74 88 90 82 85 86 87 84 83 89
 31 32 29 28 34 35 33 30 36 44 42 39 45 37 43 41 40 38 51 47 53 48 52 54 49 46 50 58 60 63 57 62 59 61 55 56 68 67 71 65 69 72 70 66 64 73 81 79 76 75 77 78 80 74 85 82 86 83 89 87 90 88 84  9  5  7  4  2  8  1  6  3 12 18 10 15 13 14 16 17 11 25 27 19 22 23 24 21 20 26
 76 77 74 73 79 80 78 75 81 89 87 84 90 82 88 86 85 83  6  2  8  3  7  9  4  1  5 13 15 18 12 17 14 16 10 11 23 22 26 20 24 27 25 21 19 28 36 34 31 30 32 33 35 29 40 37 41 38 44 42 45 43 39 54 50 52 49 47 53 46 51 48 57 63 55 60 58 59 61 62 56 70 72 64 67 68 69 66 65 71
 85 86 83 82 88 89 87 84 90  8  6  3  9  1  7  5  4  2 15 11 17 12 16 18 13 10 14 22 24 27 21 26 23 25 19 20 32 31 35 29 33 36 34 30 28 37 45 43 40 39 41 42 44 38 49 46 50 47 53 51 54 52 48 63 59 61 58 56 62 55 60 57 66 72 64 69 67 68 70 71 65 79 81 73 76 77 78 75 74 80
 67 68 65 64 70 71 69 66 72 80 78 75 81 73 79 77 76 74 87 83 89 84 88 90 85 82 86  4  6  9  3  8  5  7  1  2 14 13 17 11 15 18 16 12 10 19 27 25 22 21 23 24 26 20 31 28 32 29 35 33 36 34 30 45 41 43 40 38 44 37 42 39 48 54 46 51 49 50 52 53 47 61 63 55 58 59 60 57 56 62
  5  6  3  2  8  9  7  4  1 18 16 13 10 11 17 15 14 12 25 21 27 22 26 19 23 20 24 32 34 28 31 36 33 35 29 30 42 41 45 39 43 37 44 40 38 47 46 53 50 49 51 52 54 48 59 56 60 57 63 61 55 62 58 64 69 71 68 66 72 65 70 67 76 73 74 79 77 78 80 81 75 89 82 83 86 87 88 85 84 90
 14 15 12 11 17 18 16 13 10 27 25 22 19 20 26 24 23 21 34 30 36 31 35 28 32 29 33 41 43 37 40 45 42 44 38 39 51 50 54 48 52 46 53 49 47 56 55 62 59 58 60 61 63 57 68 65 69 66 72 70 64 71 67 73 78 80 77 75 81 74 79 76 85 82 83 88 86 87 89 90 84  8  1  2  5  6  7  4  3  9
 32 33 30 29 35 36 34 31 28 45 43 40 37 38 44 42 41 39 52 48 54 49 53 46 50 47 51 59 61 55 58 63 60 62 56 57 69 68 72 66 70 64 71 67 65 74 73 80 77 76 78 79 81 75 86 83 87 84 90 88 82 89 85  1  6  8  5  3  9  2  7  4 13 10 11 16 14 15 17 18 12 26 19 20 23 24 25 22 21 27
 86 87 84 83 89 90 88 85 82  9  7  4  1  2  8  6  5  3 16 12 18 13 17 10 14 11 15 23 25 19 22 27 24 26 20 21 33 32 36 30 34 28 35 31 29 38 37 44 41 40 42 43 45 39 50 47 51 48 54 52 46 53 49 55 60 62 59 57 63 56 61 58 67 64 65 70 68 69 71 72 66 80 73 74 77 78 79 76 75 81
 77 78 75 74 80 81 79 76 73 90 88 85 82 83 89 87 86 84  7  3  9  4  8  1  5  2  6 14 16 10 13 18 15 17 11 12 24 23 27 21 25 19 26 22 20 29 28 35 32 31 33 34 36 30 41 38 42 39 45 43 37 44 40 46 51 53 50 48 54 47 52 49 58 55 56 61 59 60 62 63 57 71 64 65 68 69 70 67 66 72
 23 24 21 20 26 27 25 22 19 36 34 31 28 29 35 33 32 30 43 39 45 40 44 37 41 38 42 50 52 46 49 54 51 53 47 48 60 59 63 57 61 55 62 58 56 65 64 71 68 67 69 70 72 66 77 74 78 75 81 79 73 80 76 82 87 89 86 84 90 83 88 85  4  1  2  7  5  6  8  9  3 17 10 11 14 15 16 13 12 18
 41 42 39 38 44 45 43 40 37 54 52 49 46 47 53 51 50 48 61 57 63 58 62 55 59 56 60 68 70 64 67 72 69 71 65 66 78 77 81 75 79 73 80 76 74 83 82 89 86 85 87 88 90 84  5  2  6  3  9  7  1  8  4 10 15 17 14 12 18 11 16 13 22 19 20 25 23 24 26 27 21 35 28 29 32 33 34 31 30 36
 68 69 66 65 71 72 70 67 64 81 79 76 73 74 80 78 77 75 88 84 90 85 89 82 86 83 87  5  7  1  4  9  6  8  2  3 15 14 18 12 16 10 17 13 11 20 19 26 23 22 24 25 27 21 32 29 33 30 36 34 28 35 31 37 42 44 41 39 45 38 43 40 49 46 47 52 50 51 53 54 48 62 55 56 59 60 61 58 57 63
 59 60 57 56 62 63 61 58 55 72 70 67 64 65 71 69 68 66 79 75 81 76 80 73 77 74 78 86 88 82 85 90 87 89 83 84  6  5  9  3  7  1  8  4  2 11 10 17 14 13 15 16 18 12 23 20 24 21 27 25 19 26 22 28 33 35 32 30 36 29 34 31 40 37 38 43 41 42 44 45 39 53 46 47 50 51 52 49 48 54
 50 51 48 47 53 54 52 49 46 63 61 58 55 56 62 60 59 57 70 66 72 67 71 64 68 65 69 77 79 73 76 81 78 80 74 75 87 86 90 84 88 82 89 85 83  2  1  8  5  4  6  7  9  3 14 11 15 12 18 16 10 17 13 19 24 26 23 21 27 20 25 22 31 28 29 34 32 33 35 36 30 44 37 38 41 42 43 40 39 45
 60 61 58 57 63 55 62 59 56 64 71 68 65 66 72 70 69 67 80 76 73 77 81 74 78 75 79 87 89 83 86 82 88 90 84 85  7  6  1  4  8  2  9  5  3 12 11 18 15 14 16 17 10 13 24 21 25 22 19 26 20 27 23 29 34 36 33 31 28 30 35 32 41 38 39 44 42 43 45 37 40 54 47 48 51 52 53 50 49 46
  6  7  4  3  9  1  8  5  2 10 17 14 11 12 18 16 15 13 26 22 19 23 27 20 24 21 25 33 35 29 32 28 34 36 30 31 43 42 37 40 44 38 45 41 39 48 47 54 51 50 52 53 46 49 60 57 61 58 55 62 56 63 59 65 70 72 69 67 64 66 71 68 77 74 75 80 78 79 81 73 76 90 83 84 87 88 89 86 85 82
 87 88 85 84 90 82 89 86 83  1  8  5  2  3  9  7  6  4 17 13 10 14 18 11 15 12 16 24 26 20 23 19 25 27 21 22 34 33 28 31 35 29 36 32 30 39 38 45 42 41 43 44 37 40 51 48 52 49 46 53 47 54 50 56 61 63 60 58 55 57 62 59 68 65 66 71 69 70 72 64 67 81 74 75 78 79 80 77 76 73
 24 25 22 21 27 19 26 23 20 28 35 32 29 30 36 34 33 31 44 40 37 41 45 38 42 39 43 51 53 47 50 46 52 54 48 49 61 60 55 58 62 56 63 59 57 66 65 72 69 68 70 71 64 67 78 75 79 76 73 80 74 81 77 83 88 90 87 85 82 84 89 86  5  2  3  8  6  7  9  1  4 18 11 12 15 16 17 14 13 10
 15 16 13 12 18 10 17 14 11 19 26 23 20 21 27 25 24 22 35 31 28 32 36 29 33 30 34 42 44 38 41 37 43 45 39 40 52 51 46 49 53 47 54 50 48 57 56 63 60 59 61 62 55 58 69 66 70 67 64 71 65 72 68 74 79 81 78 76 73 75 80 77 86 83 84 89 87 88 90 82 85  9  2  3  6  7  8  5  4  1
 51 52 49 48 54 46 53 50 47 55 62 59 56 57 63 61 60 58 71 67 64 68 72 65 69 66 70 78 80 74 77 73 79 81 75 76 88 87 82 85 89 83 90 86 84  3  2  9  6  5  7  8  1  4 15 12 16 13 10 17 11 18 14 20 25 27 24 22 19 21 26 23 32 29 30 35 33 34 36 28 31 45 38 39 42 43 44 41 40 37
 33 34 31 30 36 28 35 32 29 37 44 41 38 39 45 43 42 40 53 49 46 50 54 47 51 48 52 60 62 56 59 55 61 63 57 58 70 69 64 67 71 65 72 68 66 75 74 81 78 77 79 80 73 76 87 84 88 85 82 89 83 90 86  2  7  9  6  4  1  3  8  5 14 11 12 17 15 16 18 10 13 27 20 21 24 25 26 23 22 19
 78 79 76 75 81 73 80 77 74 82 89 86 83 84 90 88 87 85  8  4  1  5  9  2  6  3  7 15 17 11 14 10 16 18 12 13 25 24 19 22 26 20 27 23 21 30 29 36 33 32 34 35 28 31 42 39 43 40 37 44 38 45 41 47 52 54 51 49 46 48 53 50 59 56 57 62 60 61 63 55 58 72 65 66 69 70 71 68 67 64
 42 43 40 39 45 37 44 41 38 46 53 50 47 48 54 52 51 49 62 58 55 59 63 56 60 57 61 69 71 65 68 64 70 72 66 67 79 78 73 76 80 74 81 77 75 84 83 90 87 86 88 89 82 85  6  3  7  4  1  8  2  9  5 11 16 18 15 13 10 12 17 14 23 20 21 26 24 25 27 19 22 36 29 30 33 34 35 32 31 28
 69 70 67 66 72 64 71 68 65 73 80 77 74 75 81 79 78 76 89 85 82 86 90 83 87 84 88  6  8  2  5  1  7  9  3  4 16 15 10 13 17 11 18 14 12 21 20 27 24 23 25 26 19 22 33 30 34 31 28 35 29 36 32 38 43 45 42 40 37 39 44 41 50 47 48 53 51 52 54 46 49 63 56 57 60 61 62 59 58 55
