 27 22 23 20 26 19 24 25 21 29 34 33 35 36 30 28 31 32 44 38 42 43 39 41 45 40 37 49 50 48 46 52 53 54 47 51 57 61 63 56 60 58 59 62 55 69 72 66 71 68 67 70 65 64 79 76 74 78 81 73 77 80 75 87 90 88 84 85 82 83 89 86  9  8  7  5  6  4  1  2  3 12 13 14 11 17 10 15 18 16
 81 76 77 74 80 73 78 79 75 83 88 87 89 90 84 82 85 86  8  2  6  7  3  5  9  4  1 13 14 12 10 16 17 18 11 15 21 25 27 20 24 22 23 26 19 33 36 30 35 32 31 34 29 28 43 40 38 42 45 37 41 44 39 51 54 52 48 49 46 47 53 50 63 62 61 59 60 58 55 56 57 66 67 68 65 71 64 69 72 70
  9  4  5  2  8  1  6  7  3 11 16 15 17 18 12 10 13 14 26 20 24 25 21 23 27 22 19 31 32 30 28 34 35 36 29 33 39 43 45 38 42 40 41 44 37 51 54 48 53 50 49 52 47 46 61 58 56 60 63 55 59 62 57 69 72 70 66 67 64 65 71 68 81 80 79 77 78 76 73 74 75 84 85 86 83 89 82 87 90 88
 54 49 50 47 53 46 51 52 48 56 61 60 62 63 57 55 58 59 71 65 69 70 66 68 72 67 64 76 77 75 73 79 80 81 74 78 84 88 90 83 87 85 86 89 82  6  9  3  8  5  4  7  2  1 16 13 11 15 18 10 14 17 12 24 27 25 21 22 19 20 26 23 36 35 34 32 33 31 28 29 30 39 40 41 38 44 37 42 45 43
 72 67 68 65 71 64 69 70 66 74 79 78 80 81 75 73 76 77 89 83 87 88 84 86 90 85 82  4  5  3  1  7  8  9  2  6 12 16 18 11 15 13 14 17 10 24 27 21 26 23 22 25 20 19 34 31 29 33 36 28 32 35 30 42 45 43 39 40 37 38 44 41 54 53 52 50 51 49 46 47 48 57 58 59 56 62 55 60 63 61
 36 31 32 29 35 28 33 34 30 38 43 42 44 45 39 37 40 41 53 47 51 52 48 50 54 49 46 58 59 57 55 61 62 63 56 60 66 70 72 65 69 67 68 71 64 78 81 75 80 77 76 79 74 73 88 85 83 87 90 82 86 89 84  6  9  7  3  4  1  2  8  5 18 17 16 14 15 13 10 11 12 21 22 23 20 26 19 24 27 25
 45 40 41 38 44 37 42 43 39 47 52 51 53 54 48 46 49 50 62 56 60 61 57 59 63 58 55 67 68 66 64 70 71 72 65 69 75 79 81 74 78 76 77 80 73 87 90 84 89 86 85 88 83 82  7  4  2  6  9  1  5  8  3 15 18 16 12 13 10 11 17 14 27 26 25 23 24 22 19 20 21 30 31 32 29 35 28 33 36 34
 18 13 14 11 17 10 15 16 12 20 25 24 26 27 21 19 22 23 35 29 33 34 30 32 36 31 28 40 41 39 37 43 44 45 38 42 48 52 54 47 51 49 50 53 46 60 63 57 62 59 58 61 56 55 70 67 65 69 72 64 68 71 66 78 81 79 75 76 73 74 80 77 90 89 88 86 87 85 82 83 84  3  4  5  2  8  1  6  9  7
 90 85 86 83 89 82 87 88 84  2  7  6  8  9  3  1  4  5 17 11 15 16 12 14 18 13 10 22 23 21 19 25 26 27 20 24 30 34 36 29 33 31 32 35 28 42 45 39 44 41 40 43 38 37 52 49 47 51 54 46 50 53 48 60 63 61 57 58 55 56 62 59 72 71 70 68 69 67 64 65 66 75 76 77 74 80 73 78 81 79
 63 58 59 56 62 55 60 61 57 65 70 69 71 72 66 64 67 68 80 74 78 79 75 77 81 76 73 85 86 84 82 88 89 90 83 87  3  7  9  2  6  4  5  8  1 15 18 12 17 14 13 16 11 10 25 22 20 24 27 19 23 26 21 33 36 34 30 31 28 29 35 32 45 44 43 41 42 40 37 38 39 48 49 50 47 53 46 51 54 52
 28 32 33 30 36 29 34 35 31 39 44 43 45 37 40 38 41 42 54 48 52 53 49 51 46 50 47 59 60 58 56 62 63 55 57 61 67 71 64 66 70 68 69 72 65 79 73 76 81 78 77 80 75 74 89 86 84 88 82 83 87 90 85  7  1  8  4  5  2  3  9  6 10 18 17 15 16 14 11 12 13 22 23 24 21 27 20 25 19 26
 55 59 60 57 63 56 61 62 58 66 71 70 72 64 67 65 68 69 81 75 79 80 76 78 73 77 74 86 87 85 83 89 90 82 84 88  4  8  1  3  7  5  6  9  2 16 10 13 18 15 14 17 12 11 26 23 21 25 19 20 24 27 22 34 28 35 31 32 29 30 36 33 37 45 44 42 43 41 38 39 40 49 50 51 48 54 47 52 46 53
 37 41 42 39 45 38 43 44 40 48 53 52 54 46 49 47 50 51 63 57 61 62 58 60 55 59 56 68 69 67 65 71 72 64 66 70 76 80 73 75 79 77 78 81 74 88 82 85 90 87 86 89 84 83  8  5  3  7  1  2  6  9  4 16 10 17 13 14 11 12 18 15 19 27 26 24 25 23 20 21 22 31 32 33 30 36 29 34 28 35
  1  5  6  3  9  2  7  8  4 12 17 16 18 10 13 11 14 15 27 21 25 26 22 24 19 23 20 32 33 31 29 35 36 28 30 34 40 44 37 39 43 41 42 45 38 52 46 49 54 51 50 53 48 47 62 59 57 61 55 56 60 63 58 70 64 71 67 68 65 66 72 69 73 81 80 78 79 77 74 75 76 85 86 87 84 90 83 88 82 89
 73 77 78 75 81 74 79 80 76 84 89 88 90 82 85 83 86 87  9  3  7  8  4  6  1  5  2 14 15 13 11 17 18 10 12 16 22 26 19 21 25 23 24 27 20 34 28 31 36 33 32 35 30 29 44 41 39 43 37 38 42 45 40 52 46 53 49 50 47 48 54 51 55 63 62 60 61 59 56 57 58 67 68 69 66 72 65 70 64 71
 64 68 69 66 72 65 70 71 67 75 80 79 81 73 76 74 77 78 90 84 88 89 85 87 82 86 83  5  6  4  2  8  9  1  3  7 13 17 10 12 16 14 15 18 11 25 19 22 27 24 23 26 21 20 35 32 30 34 28 29 33 36 31 43 37 44 40 41 38 39 45 42 46 54 53 51 52 50 47 48 49 58 59 60 57 63 56 61 55 62
 82 86 87 84 90 83 88 89 85  3  8  7  9  1  4  2  5  6 18 12 16 17 13 15 10 14 11 23 24 22 20 26 27 19 21 25 31 35 28 30 34 32 33 36 29 43 37 40 45 42 41 44 39 38 53 50 48 52 46 47 51 54 49 61 55 62 58 59 56 57 63 60 64 72 71 69 70 68 65 66 67 76 77 78 75 81 74 79 73 80
 10 14 15 12 18 11 16 17 13 21 26 25 27 19 22 20 23 24 36 30 34 35 31 33 28 32 29 41 42 40 38 44 45 37 39 43 49 53 46 48 52 50 51 54 47 61 55 58 63 60 59 62 57 56 71 68 66 70 64 65 69 72 67 79 73 80 76 77 74 75 81 78 82 90 89 87 88 86 83 84 85  4  5  6  3  9  2  7  1  8
 19 23 24 21 27 20 25 26 22 30 35 34 36 28 31 29 32 33 45 39 43 44 40 42 37 41 38 50 51 49 47 53 54 46 48 52 58 62 55 57 61 59 60 63 56 70 64 67 72 69 68 71 66 65 80 77 75 79 73 74 78 81 76 88 82 89 85 86 83 84 90 87  1  9  8  6  7  5  2  3  4 13 14 15 12 18 11 16 10 17
 46 50 51 48 54 47 52 53 49 57 62 61 63 55 58 56 59 60 72 66 70 71 67 69 64 68 65 77 78 76 74 80 81 73 75 79 85 89 82 84 88 86 87 90 83  7  1  4  9  6  5  8  3  2 17 14 12 16 10 11 15 18 13 25 19 26 22 23 20 21 27 24 28 36 35 33 34 32 29 30 31 40 41 42 39 45 38 43 37 44
 38 42 43 40 37 39 44 45 41 49 54 53 46 47 50 48 51 52 55 58 62 63 59 61 56 60 57 69 70 68 66 72 64 65 67 71 77 81 74 76 80 78 79 73 75 89 83 86 82 88 87 90 85 84  9  6  4  8  2  3  7  1  5 17 11 18 14 15 12 13 10 16 20 19 27 25 26 24 21 22 23 32 33 34 31 28 30 35 29 36
 83 87 88 85 82 84 89 90 86  4  9  8  1  2  5  3  6  7 10 13 17 18 14 16 11 15 12 24 25 23 21 27 19 20 22 26 32 36 29 31 35 33 34 28 30 44 38 41 37 43 42 45 40 39 54 51 49 53 47 48 52 46 50 62 56 63 59 60 57 58 55 61 65 64 72 70 71 69 66 67 68 77 78 79 76 73 75 80 74 81
 11 15 16 13 10 12 17 18 14 22 27 26 19 20 23 21 24 25 28 31 35 36 32 34 29 33 30 42 43 41 39 45 37 38 40 44 50 54 47 49 53 51 52 46 48 62 56 59 55 61 60 63 58 57 72 69 67 71 65 66 70 64 68 80 74 81 77 78 75 76 73 79 83 82 90 88 89 87 84 85 86  5  6  7  4  1  3  8  2  9
 65 69 70 67 64 66 71 72 68 76 81 80 73 74 77 75 78 79 82 85 89 90 86 88 83 87 84  6  7  5  3  9  1  2  4  8 14 18 11 13 17 15 16 10 12 26 20 23 19 25 24 27 22 21 36 33 31 35 29 30 34 28 32 44 38 45 41 42 39 40 37 43 47 46 54 52 53 51 48 49 50 59 60 61 58 55 57 62 56 63
 74 78 79 76 73 75 80 81 77 85 90 89 82 83 86 84 87 88  1  4  8  9  5  7  2  6  3 15 16 14 12 18 10 11 13 17 23 27 20 22 26 24 25 19 21 35 29 32 28 34 33 36 31 30 45 42 40 44 38 39 43 37 41 53 47 54 50 51 48 49 46 52 56 55 63 61 62 60 57 58 59 68 69 70 67 64 66 71 65 72
 20 24 25 22 19 21 26 27 23 31 36 35 28 29 32 30 33 34 37 40 44 45 41 43 38 42 39 51 52 50 48 54 46 47 49 53 59 63 56 58 62 60 61 55 57 71 65 68 64 70 69 72 67 66 81 78 76 80 74 75 79 73 77 89 83 90 86 87 84 85 82 88  2  1  9  7  8  6  3  4  5 14 15 16 13 10 12 17 11 18
 56 60 61 58 55 57 62 63 59 67 72 71 64 65 68 66 69 70 73 76 80 81 77 79 74 78 75 87 88 86 84 90 82 83 85 89  5  9  2  4  8  6  7  1  3 17 11 14 10 16 15 18 13 12 27 24 22 26 20 21 25 19 23 35 29 36 32 33 30 31 28 34 38 37 45 43 44 42 39 40 41 50 51 52 49 46 48 53 47 54
 47 51 52 49 46 48 53 54 50 58 63 62 55 56 59 57 60 61 64 67 71 72 68 70 65 69 66 78 79 77 75 81 73 74 76 80 86 90 83 85 89 87 88 82 84  8  2  5  1  7  6  9  4  3 18 15 13 17 11 12 16 10 14 26 20 27 23 24 21 22 19 25 29 28 36 34 35 33 30 31 32 41 42 43 40 37 39 44 38 45
 29 33 34 31 28 30 35 36 32 40 45 44 37 38 41 39 42 43 46 49 53 54 50 52 47 51 48 60 61 59 57 63 55 56 58 62 68 72 65 67 71 69 70 64 66 80 74 77 73 79 78 81 76 75 90 87 85 89 83 84 88 82 86  8  2  9  5  6  3  4  1  7 11 10 18 16 17 15 12 13 14 23 24 25 22 19 21 26 20 27
  2  6  7  4  1  3  8  9  5 13 18 17 10 11 14 12 15 16 19 22 26 27 23 25 20 24 21 33 34 32 30 36 28 29 31 35 41 45 38 40 44 42 43 37 39 53 47 50 46 52 51 54 49 48 63 60 58 62 56 57 61 55 59 71 65 72 68 69 66 67 64 70 74 73 81 79 80 78 75 76 77 86 87 88 85 82 84 89 83 90
 21 25 26 23 20 22 27 19 24 32 28 36 29 30 33 31 34 35 38 41 45 37 42 44 39 43 40 52 53 51 49 46 47 48 50 54 60 55 57 59 63 61 62 56 58 72 66 69 65 71 70 64 68 67 73 79 77 81 75 76 80 74 78 90 84 82 87 88 85 86 83 89  3  2  1  8  9  7  4  5  6 15 16 17 14 11 13 18 12 10
 57 61 62 59 56 58 63 55 60 68 64 72 65 66 69 67 70 71 74 77 81 73 78 80 75 79 76 88 89 87 85 82 83 84 86 90  6  1  3  5  9  7  8  2  4 18 12 15 11 17 16 10 14 13 19 25 23 27 21 22 26 20 24 36 30 28 33 34 31 32 29 35 39 38 37 44 45 43 40 41 42 51 52 53 50 47 49 54 48 46
 39 43 44 41 38 40 45 37 42 50 46 54 47 48 51 49 52 53 56 59 63 55 60 62 57 61 58 70 71 69 67 64 65 66 68 72 78 73 75 77 81 79 80 74 76 90 84 87 83 89 88 82 86 85  1  7  5  9  3  4  8  2  6 18 12 10 15 16 13 14 11 17 21 20 19 26 27 25 22 23 24 33 34 35 32 29 31 36 30 28
 66 70 71 68 65 67 72 64 69 77 73 81 74 75 78 76 79 80 83 86 90 82 87 89 84 88 85  7  8  6  4  1  2  3  5  9 15 10 12 14 18 16 17 11 13 27 21 24 20 26 25 19 23 22 28 34 32 36 30 31 35 29 33 45 39 37 42 43 40 41 38 44 48 47 46 53 54 52 49 50 51 60 61 62 59 56 58 63 57 55
 30 34 35 32 29 31 36 28 33 41 37 45 38 39 42 40 43 44 47 50 54 46 51 53 48 52 49 61 62 60 58 55 56 57 59 63 69 64 66 68 72 70 71 65 67 81 75 78 74 80 79 73 77 76 82 88 86 90 84 85 89 83 87  9  3  1  6  7  4  5  2  8 12 11 10 17 18 16 13 14 15 24 25 26 23 20 22 27 21 19
 75 79 80 77 74 76 81 73 78 86 82 90 83 84 87 85 88 89  2  5  9  1  6  8  3  7  4 16 17 15 13 10 11 12 14 18 24 19 21 23 27 25 26 20 22 36 30 33 29 35 34 28 32 31 37 43 41 45 39 40 44 38 42 54 48 46 51 52 49 50 47 53 57 56 55 62 63 61 58 59 60 69 70 71 68 65 67 72 66 64
 48 52 53 50 47 49 54 46 51 59 55 63 56 57 60 58 61 62 65 68 72 64 69 71 66 70 67 79 80 78 76 73 74 75 77 81 87 82 84 86 90 88 89 83 85  9  3  6  2  8  7  1  5  4 10 16 14 18 12 13 17 11 15 27 21 19 24 25 22 23 20 26 30 29 28 35 36 34 31 32 33 42 43 44 41 38 40 45 39 37
 12 16 17 14 11 13 18 10 15 23 19 27 20 21 24 22 25 26 29 32 36 28 33 35 30 34 31 43 44 42 40 37 38 39 41 45 51 46 48 50 54 52 53 47 49 63 57 60 56 62 61 55 59 58 64 70 68 72 66 67 71 65 69 81 75 73 78 79 76 77 74 80 84 83 82 89 90 88 85 86 87  6  7  8  5  2  4  9  3  1
  3  7  8  5  2  4  9  1  6 14 10 18 11 12 15 13 16 17 20 23 27 19 24 26 21 25 22 34 35 33 31 28 29 30 32 36 42 37 39 41 45 43 44 38 40 54 48 51 47 53 52 46 50 49 55 61 59 63 57 58 62 56 60 72 66 64 69 70 67 68 65 71 75 74 73 80 81 79 76 77 78 87 88 89 86 83 85 90 84 82
 84 88 89 86 83 85 90 82 87  5  1  9  2  3  6  4  7  8 11 14 18 10 15 17 12 16 13 25 26 24 22 19 20 21 23 27 33 28 30 32 36 34 35 29 31 45 39 42 38 44 43 37 41 40 46 52 50 54 48 49 53 47 51 63 57 55 60 61 58 59 56 62 66 65 64 71 72 70 67 68 69 78 79 80 77 74 76 81 75 73
 58 62 63 60 57 59 55 56 61 69 65 64 66 67 70 68 71 72 75 78 73 74 79 81 76 80 77 89 90 88 86 83 84 85 87 82  7  2  4  6  1  8  9  3  5 10 13 16 12 18 17 11 15 14 20 26 24 19 22 23 27 21 25 28 31 29 34 35 32 33 30 36 40 39 38 45 37 44 41 42 43 52 53 54 51 48 50 46 49 47
 31 35 36 33 30 32 28 29 34 42 38 37 39 40 43 41 44 45 48 51 46 47 52 54 49 53 50 62 63 61 59 56 57 58 60 55 70 65 67 69 64 71 72 66 68 73 76 79 75 81 80 74 78 77 83 89 87 82 85 86 90 84 88  1  4  2  7  8  5  6  3  9 13 12 11 18 10 17 14 15 16 25 26 27 24 21 23 19 22 20
 13 17 18 15 12 14 10 11 16 24 20 19 21 22 25 23 26 27 30 33 28 29 34 36 31 35 32 44 45 43 41 38 39 40 42 37 52 47 49 51 46 53 54 48 50 55 58 61 57 63 62 56 60 59 65 71 69 64 67 68 72 66 70 73 76 74 79 80 77 78 75 81 85 84 83 90 82 89 86 87 88  7  8  9  6  3  5  1  4  2
 76 80 81 78 75 77 73 74 79 87 83 82 84 85 88 86 89 90  3  6  1  2  7  9  4  8  5 17 18 16 14 11 12 13 15 10 25 20 22 24 19 26 27 21 23 28 31 34 30 36 35 29 33 32 38 44 42 37 40 41 45 39 43 46 49 47 52 53 50 51 48 54 58 57 56 63 55 62 59 60 61 70 71 72 69 66 68 64 67 65
 49 53 54 51 48 50 46 47 52 60 56 55 57 58 61 59 62 63 66 69 64 65 70 72 67 71 68 80 81 79 77 74 75 76 78 73 88 83 85 87 82 89 90 84 86  1  4  7  3  9  8  2  6  5 11 17 15 10 13 14 18 12 16 19 22 20 25 26 23 24 21 27 31 30 29 36 28 35 32 33 34 43 44 45 42 39 41 37 40 38
 85 89 90 87 84 86 82 83 88  6  2  1  3  4  7  5  8  9 12 15 10 11 16 18 13 17 14 26 27 25 23 20 21 22 24 19 34 29 31 33 28 35 36 30 32 37 40 43 39 45 44 38 42 41 47 53 51 46 49 50 54 48 52 55 58 56 61 62 59 60 57 63 67 66 65 72 64 71 68 69 70 79 80 81 78 75 77 73 76 74
 40 44 45 42 39 41 37 38 43 51 47 46 48 49 52 50 53 54 57 60 55 56 61 63 58 62 59 71 72 70 68 65 66 67 69 64 79 74 76 78 73 80 81 75 77 82 85 88 84 90 89 83 87 86  2  8  6  1  4  5  9  3  7 10 13 11 16 17 14 15 12 18 22 21 20 27 19 26 23 24 25 34 35 36 33 30 32 28 31 29
  4  8  9  6  3  5  1  2  7 15 11 10 12 13 16 14 17 18 21 24 19 20 25 27 22 26 23 35 36 34 32 29 30 31 33 28 43 38 40 42 37 44 45 39 41 46 49 52 48 54 53 47 51 50 56 62 60 55 58 59 63 57 61 64 67 65 70 71 68 69 66 72 76 75 74 81 73 80 77 78 79 88 89 90 87 84 86 82 85 83
 67 71 72 69 66 68 64 65 70 78 74 73 75 76 79 77 80 81 84 87 82 83 88 90 85 89 86  8  9  7  5  2  3  4  6  1 16 11 13 15 10 17 18 12 14 19 22 25 21 27 26 20 24 23 29 35 33 28 31 32 36 30 34 37 40 38 43 44 41 42 39 45 49 48 47 54 46 53 50 51 52 61 62 63 60 57 59 55 58 56
 22 26 27 24 21 23 19 20 25 33 29 28 30 31 34 32 35 36 39 42 37 38 43 45 40 44 41 53 54 52 50 47 48 49 51 46 61 56 58 60 55 62 63 57 59 64 67 70 66 72 71 65 69 68 74 80 78 73 76 77 81 75 79 82 85 83 88 89 86 87 84 90  4  3  2  9  1  8  5  6  7 16 17 18 15 12 14 10 13 11
 86 90 82 88 85 87 83 84 89  7  3  2  4  5  8  6  9  1 13 16 11 12 17 10 14 18 15 27 19 26 24 21 22 23 25 20 35 30 32 34 29 36 28 31 33 38 41 44 40 37 45 39 43 42 48 54 52 47 50 51 46 49 53 56 59 57 62 63 60 61 58 55 68 67 66 64 65 72 69 70 71 80 81 73 79 76 78 74 77 75
 50 54 46 52 49 51 47 48 53 61 57 56 58 59 62 60 63 55 67 70 65 66 71 64 68 72 69 81 73 80 78 75 76 77 79 74 89 84 86 88 83 90 82 85 87  2  5  8  4  1  9  3  7  6 12 18 16 11 14 15 10 13 17 20 23 21 26 27 24 25 22 19 32 31 30 28 29 36 33 34 35 44 45 37 43 40 42 38 41 39
 23 27 19 25 22 24 20 21 26 34 30 29 31 32 35 33 36 28 40 43 38 39 44 37 41 45 42 54 46 53 51 48 49 50 52 47 62 57 59 61 56 63 55 58 60 65 68 71 67 64 72 66 70 69 75 81 79 74 77 78 73 76 80 83 86 84 89 90 87 88 85 82  5  4  3  1  2  9  6  7  8 17 18 10 16 13 15 11 14 12
 77 81 73 79 76 78 74 75 80 88 84 83 85 86 89 87 90 82  4  7  2  3  8  1  5  9  6 18 10 17 15 12 13 14 16 11 26 21 23 25 20 27 19 22 24 29 32 35 31 28 36 30 34 33 39 45 43 38 41 42 37 40 44 47 50 48 53 54 51 52 49 46 59 58 57 55 56 63 60 61 62 71 72 64 70 67 69 65 68 66
 59 63 55 61 58 60 56 57 62 70 66 65 67 68 71 69 72 64 76 79 74 75 80 73 77 81 78 90 82 89 87 84 85 86 88 83  8  3  5  7  2  9  1  4  6 11 14 17 13 10 18 12 16 15 21 27 25 20 23 24 19 22 26 29 32 30 35 36 33 34 31 28 41 40 39 37 38 45 42 43 44 53 54 46 52 49 51 47 50 48
 41 45 37 43 40 42 38 39 44 52 48 47 49 50 53 51 54 46 58 61 56 57 62 55 59 63 60 72 64 71 69 66 67 68 70 65 80 75 77 79 74 81 73 76 78 83 86 89 85 82 90 84 88 87  3  9  7  2  5  6  1  4  8 11 14 12 17 18 15 16 13 10 23 22 21 19 20 27 24 25 26 35 36 28 34 31 33 29 32 30
 14 18 10 16 13 15 11 12 17 25 21 20 22 23 26 24 27 19 31 34 29 30 35 28 32 36 33 45 37 44 42 39 40 41 43 38 53 48 50 52 47 54 46 49 51 56 59 62 58 55 63 57 61 60 66 72 70 65 68 69 64 67 71 74 77 75 80 81 78 79 76 73 86 85 84 82 83 90 87 88 89  8  9  1  7  4  6  2  5  3
  5  9  1  7  4  6  2  3  8 16 12 11 13 14 17 15 18 10 22 25 20 21 26 19 23 27 24 36 28 35 33 30 31 32 34 29 44 39 41 43 38 45 37 40 42 47 50 53 49 46 54 48 52 51 57 63 61 56 59 60 55 58 62 65 68 66 71 72 69 70 67 64 77 76 75 73 74 81 78 79 80 89 90 82 88 85 87 83 86 84
 68 72 64 70 67 69 65 66 71 79 75 74 76 77 80 78 81 73 85 88 83 84 89 82 86 90 87  9  1  8  6  3  4  5  7  2 17 12 14 16 11 18 10 13 15 20 23 26 22 19 27 21 25 24 30 36 34 29 32 33 28 31 35 38 41 39 44 45 42 43 40 37 50 49 48 46 47 54 51 52 53 62 63 55 61 58 60 56 59 57
 32 36 28 34 31 33 29 30 35 43 39 38 40 41 44 42 45 37 49 52 47 48 53 46 50 54 51 63 55 62 60 57 58 59 61 56 71 66 68 70 65 72 64 67 69 74 77 80 76 73 81 75 79 78 84 90 88 83 86 87 82 85 89  2  5  3  8  9  6  7  4  1 14 13 12 10 11 18 15 16 17 26 27 19 25 22 24 20 23 21
 33 28 29 35 32 34 30 31 36 44 40 39 41 42 45 43 37 38 50 53 48 49 54 47 51 46 52 55 56 63 61 58 59 60 62 57 72 67 69 71 66 64 65 68 70 75 78 81 77 74 73 76 80 79 85 82 89 84 87 88 83 86 90  3  6  4  9  1  7  8  5  2 15 14 13 11 12 10 16 17 18 27 19 20 26 23 25 21 24 22
 78 73 74 80 77 79 75 76 81 89 85 84 86 87 90 88 82 83  5  8  3  4  9  2  6  1  7 10 11 18 16 13 14 15 17 12 27 22 24 26 21 19 20 23 25 30 33 36 32 29 28 31 35 34 40 37 44 39 42 43 38 41 45 48 51 49 54 46 52 53 50 47 60 59 58 56 57 55 61 62 63 72 64 65 71 68 70 66 69 67
 60 55 56 62 59 61 57 58 63 71 67 66 68 69 72 70 64 65 77 80 75 76 81 74 78 73 79 82 83 90 88 85 86 87 89 84  9  4  6  8  3  1  2  5  7 12 15 18 14 11 10 13 17 16 22 19 26 21 24 25 20 23 27 30 33 31 36 28 34 35 32 29 42 41 40 38 39 37 43 44 45 54 46 47 53 50 52 48 51 49
 51 46 47 53 50 52 48 49 54 62 58 57 59 60 63 61 55 56 68 71 66 67 72 65 69 64 70 73 74 81 79 76 77 78 80 75 90 85 87 89 84 82 83 86 88  3  6  9  5  2  1  4  8  7 13 10 17 12 15 16 11 14 18 21 24 22 27 19 25 26 23 20 33 32 31 29 30 28 34 35 36 45 37 38 44 41 43 39 42 40
 42 37 38 44 41 43 39 40 45 53 49 48 50 51 54 52 46 47 59 62 57 58 63 56 60 55 61 64 65 72 70 67 68 69 71 66 81 76 78 80 75 73 74 77 79 84 87 90 86 83 82 85 89 88  4  1  8  3  6  7  2  5  9 12 15 13 18 10 16 17 14 11 24 23 22 20 21 19 25 26 27 36 28 29 35 32 34 30 33 31
 87 82 83 89 86 88 84 85 90  8  4  3  5  6  9  7  1  2 14 17 12 13 18 11 15 10 16 19 20 27 25 22 23 24 26 21 36 31 33 35 30 28 29 32 34 39 42 45 41 38 37 40 44 43 49 46 53 48 51 52 47 50 54 57 60 58 63 55 61 62 59 56 69 68 67 65 66 64 70 71 72 81 73 74 80 77 79 75 78 76
 24 19 20 26 23 25 21 22 27 35 31 30 32 33 36 34 28 29 41 44 39 40 45 38 42 37 43 46 47 54 52 49 50 51 53 48 63 58 60 62 57 55 56 59 61 66 69 72 68 65 64 67 71 70 76 73 80 75 78 79 74 77 81 84 87 85 90 82 88 89 86 83  6  5  4  2  3  1  7  8  9 18 10 11 17 14 16 12 15 13
  6  1  2  8  5  7  3  4  9 17 13 12 14 15 18 16 10 11 23 26 21 22 27 20 24 19 25 28 29 36 34 31 32 33 35 30 45 40 42 44 39 37 38 41 43 48 51 54 50 47 46 49 53 52 58 55 62 57 60 61 56 59 63 66 69 67 72 64 70 71 68 65 78 77 76 74 75 73 79 80 81 90 82 83 89 86 88 84 87 85
 69 64 65 71 68 70 66 67 72 80 76 75 77 78 81 79 73 74 86 89 84 85 90 83 87 82 88  1  2  9  7  4  5  6  8  3 18 13 15 17 12 10 11 14 16 21 24 27 23 20 19 22 26 25 31 28 35 30 33 34 29 32 36 39 42 40 45 37 43 44 41 38 51 50 49 47 48 46 52 53 54 63 55 56 62 59 61 57 60 58
 15 10 11 17 14 16 12 13 18 26 22 21 23 24 27 25 19 20 32 35 30 31 36 29 33 28 34 37 38 45 43 40 41 42 44 39 54 49 51 53 48 46 47 50 52 57 60 63 59 56 55 58 62 61 67 64 71 66 69 70 65 68 72 75 78 76 81 73 79 80 77 74 87 86 85 83 84 82 88 89 90  9  1  2  8  5  7  3  6  4
 52 47 48 54 51 53 49 50 46 63 59 58 60 61 55 62 56 57 69 72 67 68 64 66 70 65 71 74 75 73 80 77 78 79 81 76 82 86 88 90 85 83 84 87 89  4  7  1  6  3  2  5  9  8 14 11 18 13 16 17 12 15 10 22 25 23 19 20 26 27 24 21 34 33 32 30 31 29 35 36 28 37 38 39 45 42 44 40 43 41
 88 83 84 90 87 89 85 86 82  9  5  4  6  7  1  8  2  3 15 18 13 14 10 12 16 11 17 20 21 19 26 23 24 25 27 22 28 32 34 36 31 29 30 33 35 40 43 37 42 39 38 41 45 44 50 47 54 49 52 53 48 51 46 58 61 59 55 56 62 63 60 57 70 69 68 66 67 65 71 72 64 73 74 75 81 78 80 76 79 77
  7  2  3  9  6  8  4  5  1 18 14 13 15 16 10 17 11 12 24 27 22 23 19 21 25 20 26 29 30 28 35 32 33 34 36 31 37 41 43 45 40 38 39 42 44 49 52 46 51 48 47 50 54 53 59 56 63 58 61 62 57 60 55 67 70 68 64 65 71 72 69 66 79 78 77 75 76 74 80 81 73 82 83 84 90 87 89 85 88 86
 16 11 12 18 15 17 13 14 10 27 23 22 24 25 19 26 20 21 33 36 31 32 28 30 34 29 35 38 39 37 44 41 42 43 45 40 46 50 52 54 49 47 48 51 53 58 61 55 60 57 56 59 63 62 68 65 72 67 70 71 66 69 64 76 79 77 73 74 80 81 78 75 88 87 86 84 85 83 89 90 82  1  2  3  9  6  8  4  7  5
 70 65 66 72 69 71 67 68 64 81 77 76 78 79 73 80 74 75 87 90 85 86 82 84 88 83 89  2  3  1  8  5  6  7  9  4 10 14 16 18 13 11 12 15 17 22 25 19 24 21 20 23 27 26 32 29 36 31 34 35 30 33 28 40 43 41 37 38 44 45 42 39 52 51 50 48 49 47 53 54 46 55 56 57 63 60 62 58 61 59
 34 29 30 36 33 35 31 32 28 45 41 40 42 43 37 44 38 39 51 54 49 50 46 48 52 47 53 56 57 55 62 59 60 61 63 58 64 68 70 72 67 65 66 69 71 76 79 73 78 75 74 77 81 80 86 83 90 85 88 89 84 87 82  4  7  5  1  2  8  9  6  3 16 15 14 12 13 11 17 18 10 19 20 21 27 24 26 22 25 23
 43 38 39 45 42 44 40 41 37 54 50 49 51 52 46 53 47 48 60 63 58 59 55 57 61 56 62 65 66 64 71 68 69 70 72 67 73 77 79 81 76 74 75 78 80 85 88 82 87 84 83 86 90 89  5  2  9  4  7  8  3  6  1 13 16 14 10 11 17 18 15 12 25 24 23 21 22 20 26 27 19 28 29 30 36 33 35 31 34 32
 79 74 75 81 78 80 76 77 73 90 86 85 87 88 82 89 83 84  6  9  4  5  1  3  7  2  8 11 12 10 17 14 15 16 18 13 19 23 25 27 22 20 21 24 26 31 34 28 33 30 29 32 36 35 41 38 45 40 43 44 39 42 37 49 52 50 46 47 53 54 51 48 61 60 59 57 58 56 62 63 55 64 65 66 72 69 71 67 70 68
 25 20 21 27 24 26 22 23 19 36 32 31 33 34 28 35 29 30 42 45 40 41 37 39 43 38 44 47 48 46 53 50 51 52 54 49 55 59 61 63 58 56 57 60 62 67 70 64 69 66 65 68 72 71 77 74 81 76 79 80 75 78 73 85 88 86 82 83 89 90 87 84  7  6  5  3  4  2  8  9  1 10 11 12 18 15 17 13 16 14
 61 56 57 63 60 62 58 59 55 72 68 67 69 70 64 71 65 66 78 81 76 77 73 75 79 74 80 83 84 82 89 86 87 88 90 85  1  5  7  9  4  2  3  6  8 13 16 10 15 12 11 14 18 17 23 20 27 22 25 26 21 24 19 31 34 32 28 29 35 36 33 30 43 42 41 39 40 38 44 45 37 46 47 48 54 51 53 49 52 50
 53 48 49 46 52 54 50 51 47 55 60 59 61 62 56 63 57 58 70 64 68 69 65 67 71 66 72 75 76 74 81 78 79 80 73 77 83 87 89 82 86 84 85 88 90  5  8  2  7  4  3  6  1  9 15 12 10 14 17 18 13 16 11 23 26 24 20 21 27 19 25 22 35 34 33 31 32 30 36 28 29 38 39 40 37 43 45 41 44 42
 71 66 67 64 70 72 68 69 65 73 78 77 79 80 74 81 75 76 88 82 86 87 83 85 89 84 90  3  4  2  9  6  7  8  1  5 11 15 17 10 14 12 13 16 18 23 26 20 25 22 21 24 19 27 33 30 28 32 35 36 31 34 29 41 44 42 38 39 45 37 43 40 53 52 51 49 50 48 54 46 47 56 57 58 55 61 63 59 62 60
  8  3  4  1  7  9  5  6  2 10 15 14 16 17 11 18 12 13 25 19 23 24 20 22 26 21 27 30 31 29 36 33 34 35 28 32 38 42 44 37 41 39 40 43 45 50 53 47 52 49 48 51 46 54 60 57 55 59 62 63 58 61 56 68 71 69 65 66 72 64 70 67 80 79 78 76 77 75 81 73 74 83 84 85 82 88 90 86 89 87
 80 75 76 73 79 81 77 78 74 82 87 86 88 89 83 90 84 85  7  1  5  6  2  4  8  3  9 12 13 11 18 15 16 17 10 14 20 24 26 19 23 21 22 25 27 32 35 29 34 31 30 33 28 36 42 39 37 41 44 45 40 43 38 50 53 51 47 48 54 46 52 49 62 61 60 58 59 57 63 55 56 65 66 67 64 70 72 68 71 69
 62 57 58 55 61 63 59 60 56 64 69 68 70 71 65 72 66 67 79 73 77 78 74 76 80 75 81 84 85 83 90 87 88 89 82 86  2  6  8  1  5  3  4  7  9 14 17 11 16 13 12 15 10 18 24 21 19 23 26 27 22 25 20 32 35 33 29 30 36 28 34 31 44 43 42 40 41 39 45 37 38 47 48 49 46 52 54 50 53 51
 89 84 85 82 88 90 86 87 83  1  6  5  7  8  2  9  3  4 16 10 14 15 11 13 17 12 18 21 22 20 27 24 25 26 19 23 29 33 35 28 32 30 31 34 36 41 44 38 43 40 39 42 37 45 51 48 46 50 53 54 49 52 47 59 62 60 56 57 63 55 61 58 71 70 69 67 68 66 72 64 65 74 75 76 73 79 81 77 80 78
 17 12 13 10 16 18 14 15 11 19 24 23 25 26 20 27 21 22 34 28 32 33 29 31 35 30 36 39 40 38 45 42 43 44 37 41 47 51 53 46 50 48 49 52 54 59 62 56 61 58 57 60 55 63 69 66 64 68 71 72 67 70 65 77 80 78 74 75 81 73 79 76 89 88 87 85 86 84 90 82 83  2  3  4  1  7  9  5  8  6
 26 21 22 19 25 27 23 24 20 28 33 32 34 35 29 36 30 31 43 37 41 42 38 40 44 39 45 48 49 47 54 51 52 53 46 50 56 60 62 55 59 57 58 61 63 68 71 65 70 67 66 69 64 72 78 75 73 77 80 81 76 79 74 86 89 87 83 84 90 82 88 85  8  7  6  4  5  3  9  1  2 11 12 13 10 16 18 14 17 15
 44 39 40 37 43 45 41 42 38 46 51 50 52 53 47 54 48 49 61 55 59 60 56 58 62 57 63 66 67 65 72 69 70 71 64 68 74 78 80 73 77 75 76 79 81 86 89 83 88 85 84 87 82 90  6  3  1  5  8  9  4  7  2 14 17 15 11 12 18 10 16 13 26 25 24 22 23 21 27 19 20 29 30 31 28 34 36 32 35 33
 35 30 31 28 34 36 32 33 29 37 42 41 43 44 38 45 39 40 52 46 50 51 47 49 53 48 54 57 58 56 63 60 61 62 55 59 65 69 71 64 68 66 67 70 72 77 80 74 79 76 75 78 73 81 87 84 82 86 89 90 85 88 83  5  8  6  2  3  9  1  7  4 17 16 15 13 14 12 18 10 11 20 21 22 19 25 27 23 26 24
