 17 16 10 13 15 12 14 11 18 21 27 22 25 26 19 20 23 24 29 28 36 34 32 33 35 31 30 39 44 41 45 37 40 42 38 43 47 52 51 46 50 54 48 49 53 57 63 60 61 59 62 58 56 55 66 67 69 64 68 70 71 65 72 79 78 74 76 77 80 75 81 73 86 84 87 88 89 82 83 85 90  7  5  8  2  3  6  9  1  4
 71 70 64 67 69 66 68 65 72 75 81 76 79 80 73 74 77 78 83 82 90 88 86 87 89 85 84  3  8  5  9  1  4  6  2  7 11 16 15 10 14 18 12 13 17 21 27 24 25 23 26 22 20 19 30 31 33 28 32 34 35 29 36 43 42 38 40 41 44 39 45 37 50 48 51 52 53 46 47 49 54 61 59 62 56 57 60 63 55 58
 53 52 46 49 51 48 50 47 54 57 63 58 61 62 55 56 59 60 65 64 72 70 68 69 71 67 66 75 80 77 81 73 76 78 74 79 83 88 87 82 86 90 84 85 89  3  9  6  7  5  8  4  2  1 12 13 15 10 14 16 17 11 18 25 24 20 22 23 26 21 27 19 32 30 33 34 35 28 29 31 36 43 41 44 38 39 42 45 37 40
 26 25 19 22 24 21 23 20 27 30 36 31 34 35 28 29 32 33 38 37 45 43 41 42 44 40 39 48 53 50 54 46 49 51 47 52 56 61 60 55 59 63 57 58 62 66 72 69 70 68 71 67 65 64 75 76 78 73 77 79 80 74 81 88 87 83 85 86 89 84 90 82  5  3  6  7  8  1  2  4  9 16 14 17 11 12 15 18 10 13
 89 88 82 85 87 84 86 83 90  3  9  4  7  8  1  2  5  6 11 10 18 16 14 15 17 13 12 21 26 23 27 19 22 24 20 25 29 34 33 28 32 36 30 31 35 39 45 42 43 41 44 40 38 37 48 49 51 46 50 52 53 47 54 61 60 56 58 59 62 57 63 55 68 66 69 70 71 64 65 67 72 79 77 80 74 75 78 81 73 76
 80 79 73 76 78 75 77 74 81 84 90 85 88 89 82 83 86 87  2  1  9  7  5  6  8  4  3 12 17 14 18 10 13 15 11 16 20 25 24 19 23 27 21 22 26 30 36 33 34 32 35 31 29 28 39 40 42 37 41 43 44 38 45 52 51 47 49 50 53 48 54 46 59 57 60 61 62 55 56 58 63 70 68 71 65 66 69 72 64 67
 44 43 37 40 42 39 41 38 45 48 54 49 52 53 46 47 50 51 56 55 63 61 59 60 62 58 57 66 71 68 72 64 67 69 65 70 74 79 78 73 77 81 75 76 80 84 90 87 88 86 89 85 83 82  3  4  6  1  5  7  8  2  9 16 15 11 13 14 17 12 18 10 23 21 24 25 26 19 20 22 27 34 32 35 29 30 33 36 28 31
 35 34 28 31 33 30 32 29 36 39 45 40 43 44 37 38 41 42 47 46 54 52 50 51 53 49 48 57 62 59 63 55 58 60 56 61 65 70 69 64 68 72 66 67 71 75 81 78 79 77 80 76 74 73 84 85 87 82 86 88 89 83 90  7  6  2  4  5  8  3  9  1 14 12 15 16 17 10 11 13 18 25 23 26 20 21 24 27 19 22
 62 61 55 58 60 57 59 56 63 66 72 67 70 71 64 65 68 69 74 73 81 79 77 78 80 76 75 84 89 86 90 82 85 87 83 88  2  7  6  1  5  9  3  4  8 12 18 15 16 14 17 13 11 10 21 22 24 19 23 25 26 20 27 34 33 29 31 32 35 30 36 28 41 39 42 43 44 37 38 40 45 52 50 53 47 48 51 54 46 49
  8  7  1  4  6  3  5  2  9 12 18 13 16 17 10 11 14 15 20 19 27 25 23 24 26 22 21 30 35 32 36 28 31 33 29 34 38 43 42 37 41 45 39 40 44 48 54 51 52 50 53 49 47 46 57 58 60 55 59 61 62 56 63 70 69 65 67 68 71 66 72 64 77 75 78 79 80 73 74 76 81 88 86 89 83 84 87 90 82 85
 90 89 83 86 88 85 87 84 82  4  1  5  8  9  2  3  6  7 12 11 10 17 15 16 18 14 13 22 27 24 19 20 23 25 21 26 30 35 34 29 33 28 31 32 36 40 37 43 44 42 45 41 39 38 49 50 52 47 51 53 54 48 46 62 61 57 59 60 63 58 55 56 69 67 70 71 72 65 66 68 64 80 78 81 75 76 79 73 74 77
 18 17 11 14 16 13 15 12 10 22 19 23 26 27 20 21 24 25 30 29 28 35 33 34 36 32 31 40 45 42 37 38 41 43 39 44 48 53 52 47 51 46 49 50 54 58 55 61 62 60 63 59 57 56 67 68 70 65 69 71 72 66 64 80 79 75 77 78 81 76 73 74 87 85 88 89 90 83 84 86 82  8  6  9  3  4  7  1  2  5
 45 44 38 41 43 40 42 39 37 49 46 50 53 54 47 48 51 52 57 56 55 62 60 61 63 59 58 67 72 69 64 65 68 70 66 71 75 80 79 74 78 73 76 77 81 85 82 88 89 87 90 86 84 83  4  5  7  2  6  8  9  3  1 17 16 12 14 15 18 13 10 11 24 22 25 26 27 20 21 23 19 35 33 36 30 31 34 28 29 32
 72 71 65 68 70 67 69 66 64 76 73 77 80 81 74 75 78 79 84 83 82 89 87 88 90 86 85  4  9  6  1  2  5  7  3  8 12 17 16 11 15 10 13 14 18 22 19 25 26 24 27 23 21 20 31 32 34 29 33 35 36 30 28 44 43 39 41 42 45 40 37 38 51 49 52 53 54 47 48 50 46 62 60 63 57 58 61 55 56 59
 27 26 20 23 25 22 24 21 19 31 28 32 35 36 29 30 33 34 39 38 37 44 42 43 45 41 40 49 54 51 46 47 50 52 48 53 57 62 61 56 60 55 58 59 63 67 64 70 71 69 72 68 66 65 76 77 79 74 78 80 81 75 73 89 88 84 86 87 90 85 82 83  6  4  7  8  9  2  3  5  1 17 15 18 12 13 16 10 11 14
 81 80 74 77 79 76 78 75 73 85 82 86 89 90 83 84 87 88  3  2  1  8  6  7  9  5  4 13 18 15 10 11 14 16 12 17 21 26 25 20 24 19 22 23 27 31 28 34 35 33 36 32 30 29 40 41 43 38 42 44 45 39 37 53 52 48 50 51 54 49 46 47 60 58 61 62 63 56 57 59 55 71 69 72 66 67 70 64 65 68
 36 35 29 32 34 31 33 30 28 40 37 41 44 45 38 39 42 43 48 47 46 53 51 52 54 50 49 58 63 60 55 56 59 61 57 62 66 71 70 65 69 64 67 68 72 76 73 79 80 78 81 77 75 74 85 86 88 83 87 89 90 84 82  8  7  3  5  6  9  4  1  2 15 13 16 17 18 11 12 14 10 26 24 27 21 22 25 19 20 23
 63 62 56 59 61 58 60 57 55 67 64 68 71 72 65 66 69 70 75 74 73 80 78 79 81 77 76 85 90 87 82 83 86 88 84 89  3  8  7  2  6  1  4  5  9 13 10 16 17 15 18 14 12 11 22 23 25 20 24 26 27 21 19 35 34 30 32 33 36 31 28 29 42 40 43 44 45 38 39 41 37 53 51 54 48 49 52 46 47 50
  9  8  2  5  7  4  6  3  1 13 10 14 17 18 11 12 15 16 21 20 19 26 24 25 27 23 22 31 36 33 28 29 32 34 30 35 39 44 43 38 42 37 40 41 45 49 46 52 53 51 54 50 48 47 58 59 61 56 60 62 63 57 55 71 70 66 68 69 72 67 64 65 78 76 79 80 81 74 75 77 73 89 87 90 84 85 88 82 83 86
 54 53 47 50 52 49 51 48 46 58 55 59 62 63 56 57 60 61 66 65 64 71 69 70 72 68 67 76 81 78 73 74 77 79 75 80 84 89 88 83 87 82 85 86 90  4  1  7  8  6  9  5  3  2 13 14 16 11 15 17 18 12 10 26 25 21 23 24 27 22 19 20 33 31 34 35 36 29 30 32 28 44 42 45 39 40 43 37 38 41
 46 54 48 51 53 50 52 49 47 59 56 60 63 55 57 58 61 62 67 66 65 72 70 71 64 69 68 77 73 79 74 75 78 80 76 81 85 90 89 84 88 83 86 87 82  5  2  8  9  7  1  6  4  3 14 15 17 12 16 18 10 13 11 27 26 22 24 25 19 23 20 21 34 32 35 36 28 30 31 33 29 45 43 37 40 41 44 38 39 42
 19 27 21 24 26 23 25 22 20 32 29 33 36 28 30 31 34 35 40 39 38 45 43 44 37 42 41 50 46 52 47 48 51 53 49 54 58 63 62 57 61 56 59 60 55 68 65 71 72 70 64 69 67 66 77 78 80 75 79 81 73 76 74 90 89 85 87 88 82 86 83 84  7  5  8  9  1  3  4  6  2 18 16 10 13 14 17 11 12 15
 37 45 39 42 44 41 43 40 38 50 47 51 54 46 48 49 52 53 58 57 56 63 61 62 55 60 59 68 64 70 65 66 69 71 67 72 76 81 80 75 79 74 77 78 73 86 83 89 90 88 82 87 85 84  5  6  8  3  7  9  1  4  2 18 17 13 15 16 10 14 11 12 25 23 26 27 19 21 22 24 20 36 34 28 31 32 35 29 30 33
 28 36 30 33 35 32 34 31 29 41 38 42 45 37 39 40 43 44 49 48 47 54 52 53 46 51 50 59 55 61 56 57 60 62 58 63 67 72 71 66 70 65 68 69 64 77 74 80 81 79 73 78 76 75 86 87 89 84 88 90 82 85 83  9  8  4  6  7  1  5  2  3 16 14 17 18 10 12 13 15 11 27 25 19 22 23 26 20 21 24
 55 63 57 60 62 59 61 58 56 68 65 69 72 64 66 67 70 71 76 75 74 81 79 80 73 78 77 86 82 88 83 84 87 89 85 90  4  9  8  3  7  2  5  6  1 14 11 17 18 16 10 15 13 12 23 24 26 21 25 27 19 22 20 36 35 31 33 34 28 32 29 30 43 41 44 45 37 39 40 42 38 54 52 46 49 50 53 47 48 51
 10 18 12 15 17 14 16 13 11 23 20 24 27 19 21 22 25 26 31 30 29 36 34 35 28 33 32 41 37 43 38 39 42 44 40 45 49 54 53 48 52 47 50 51 46 59 56 62 63 61 55 60 58 57 68 69 71 66 70 72 64 67 65 81 80 76 78 79 73 77 74 75 88 86 89 90 82 84 85 87 83  9  7  1  4  5  8  2  3  6
 73 81 75 78 80 77 79 76 74 86 83 87 90 82 84 85 88 89  4  3  2  9  7  8  1  6  5 14 10 16 11 12 15 17 13 18 22 27 26 21 25 20 23 24 19 32 29 35 36 34 28 33 31 30 41 42 44 39 43 45 37 40 38 54 53 49 51 52 46 50 47 48 61 59 62 63 55 57 58 60 56 72 70 64 67 68 71 65 66 69
 64 72 66 69 71 68 70 67 65 77 74 78 81 73 75 76 79 80 85 84 83 90 88 89 82 87 86  5  1  7  2  3  6  8  4  9 13 18 17 12 16 11 14 15 10 23 20 26 27 25 19 24 22 21 32 33 35 30 34 36 28 31 29 45 44 40 42 43 37 41 38 39 52 50 53 54 46 48 49 51 47 63 61 55 58 59 62 56 57 60
  1  9  3  6  8  5  7  4  2 14 11 15 18 10 12 13 16 17 22 21 20 27 25 26 19 24 23 32 28 34 29 30 33 35 31 36 40 45 44 39 43 38 41 42 37 50 47 53 54 52 46 51 49 48 59 60 62 57 61 63 55 58 56 72 71 67 69 70 64 68 65 66 79 77 80 81 73 75 76 78 74 90 88 82 85 86 89 83 84 87
 82 90 84 87 89 86 88 85 83  5  2  6  9  1  3  4  7  8 13 12 11 18 16 17 10 15 14 23 19 25 20 21 24 26 22 27 31 36 35 30 34 29 32 33 28 41 38 44 45 43 37 42 40 39 50 51 53 48 52 54 46 49 47 63 62 58 60 61 55 59 56 57 70 68 71 72 64 66 67 69 65 81 79 73 76 77 80 74 75 78
 38 37 40 43 45 42 44 41 39 51 48 52 46 47 49 50 53 54 59 58 57 55 62 63 56 61 60 69 65 71 66 67 70 72 68 64 77 73 81 76 80 75 78 79 74 87 84 90 82 89 83 88 86 85  6  7  9  4  8  1  2  5  3 10 18 14 16 17 11 15 12 13 26 24 27 19 20 22 23 25 21 28 35 29 32 33 36 30 31 34
 29 28 31 34 36 33 35 32 30 42 39 43 37 38 40 41 44 45 50 49 48 46 53 54 47 52 51 60 56 62 57 58 61 63 59 55 68 64 72 67 71 66 69 70 65 78 75 81 73 80 74 79 77 76 87 88 90 85 89 82 83 86 84  1  9  5  7  8  2  6  3  4 17 15 18 10 11 13 14 16 12 19 26 20 23 24 27 21 22 25
  2  1  4  7  9  6  8  5  3 15 12 16 10 11 13 14 17 18 23 22 21 19 26 27 20 25 24 33 29 35 30 31 34 36 32 28 41 37 45 40 44 39 42 43 38 51 48 54 46 53 47 52 50 49 60 61 63 58 62 55 56 59 57 64 72 68 70 71 65 69 66 67 80 78 81 73 74 76 77 79 75 82 89 83 86 87 90 84 85 88
 65 64 67 70 72 69 71 68 66 78 75 79 73 74 76 77 80 81 86 85 84 82 89 90 83 88 87  6  2  8  3  4  7  9  5  1 14 10 18 13 17 12 15 16 11 24 21 27 19 26 20 25 23 22 33 34 36 31 35 28 29 32 30 37 45 41 43 44 38 42 39 40 53 51 54 46 47 49 50 52 48 55 62 56 59 60 63 57 58 61
 11 10 13 16 18 15 17 14 12 24 21 25 19 20 22 23 26 27 32 31 30 28 35 36 29 34 33 42 38 44 39 40 43 45 41 37 50 46 54 49 53 48 51 52 47 60 57 63 55 62 56 61 59 58 69 70 72 67 71 64 65 68 66 73 81 77 79 80 74 78 75 76 89 87 90 82 83 85 86 88 84  1  8  2  5  6  9  3  4  7
 56 55 58 61 63 60 62 59 57 69 66 70 64 65 67 68 71 72 77 76 75 73 80 81 74 79 78 87 83 89 84 85 88 90 86 82  5  1  9  4  8  3  6  7  2 15 12 18 10 17 11 16 14 13 24 25 27 22 26 19 20 23 21 28 36 32 34 35 29 33 30 31 44 42 45 37 38 40 41 43 39 46 53 47 50 51 54 48 49 52
 74 73 76 79 81 78 80 77 75 87 84 88 82 83 85 86 89 90  5  4  3  1  8  9  2  7  6 15 11 17 12 13 16 18 14 10 23 19 27 22 26 21 24 25 20 33 30 36 28 35 29 34 32 31 42 43 45 40 44 37 38 41 39 46 54 50 52 53 47 51 48 49 62 60 63 55 56 58 59 61 57 64 71 65 68 69 72 66 67 70
 47 46 49 52 54 51 53 50 48 60 57 61 55 56 58 59 62 63 68 67 66 64 71 72 65 70 69 78 74 80 75 76 79 81 77 73 86 82 90 85 89 84 87 88 83  6  3  9  1  8  2  7  5  4 15 16 18 13 17 10 11 14 12 19 27 23 25 26 20 24 21 22 35 33 36 28 29 31 32 34 30 37 44 38 41 42 45 39 40 43
 20 19 22 25 27 24 26 23 21 33 30 34 28 29 31 32 35 36 41 40 39 37 44 45 38 43 42 51 47 53 48 49 52 54 50 46 59 55 63 58 62 57 60 61 56 69 66 72 64 71 65 70 68 67 78 79 81 76 80 73 74 77 75 82 90 86 88 89 83 87 84 85  8  6  9  1  2  4  5  7  3 10 17 11 14 15 18 12 13 16
 83 82 85 88 90 87 89 86 84  6  3  7  1  2  4  5  8  9 14 13 12 10 17 18 11 16 15 24 20 26 21 22 25 27 23 19 32 28 36 31 35 30 33 34 29 42 39 45 37 44 38 43 41 40 51 52 54 49 53 46 47 50 48 55 63 59 61 62 56 60 57 58 71 69 72 64 65 67 68 70 66 73 80 74 77 78 81 75 76 79
 30 29 32 35 28 34 36 33 31 43 40 44 38 39 41 42 45 37 51 50 49 47 54 46 48 53 52 61 57 63 58 59 62 55 60 56 69 65 64 68 72 67 70 71 66 79 76 73 74 81 75 80 78 77 88 89 82 86 90 83 84 87 85  2  1  6  8  9  3  7  4  5 18 16 10 11 12 14 15 17 13 20 27 21 24 25 19 22 23 26
 48 47 50 53 46 52 54 51 49 61 58 62 56 57 59 60 63 55 69 68 67 65 72 64 66 71 70 79 75 81 76 77 80 73 78 74 87 83 82 86 90 85 88 89 84  7  4  1  2  9  3  8  6  5 16 17 10 14 18 11 12 15 13 20 19 24 26 27 21 25 22 23 36 34 28 29 30 32 33 35 31 38 45 39 42 43 37 40 41 44
 12 11 14 17 10 16 18 15 13 25 22 26 20 21 23 24 27 19 33 32 31 29 36 28 30 35 34 43 39 45 40 41 44 37 42 38 51 47 46 50 54 49 52 53 48 61 58 55 56 63 57 62 60 59 70 71 64 68 72 65 66 69 67 74 73 78 80 81 75 79 76 77 90 88 82 83 84 86 87 89 85  2  9  3  6  7  1  4  5  8
 75 74 77 80 73 79 81 78 76 88 85 89 83 84 86 87 90 82  6  5  4  2  9  1  3  8  7 16 12 18 13 14 17 10 15 11 24 20 19 23 27 22 25 26 21 34 31 28 29 36 30 35 33 32 43 44 37 41 45 38 39 42 40 47 46 51 53 54 48 52 49 50 63 61 55 56 57 59 60 62 58 65 72 66 69 70 64 67 68 71
 21 20 23 26 19 25 27 24 22 34 31 35 29 30 32 33 36 28 42 41 40 38 45 37 39 44 43 52 48 54 49 50 53 46 51 47 60 56 55 59 63 58 61 62 57 70 67 64 65 72 66 71 69 68 79 80 73 77 81 74 75 78 76 83 82 87 89 90 84 88 85 86  9  7  1  2  3  5  6  8  4 11 18 12 15 16 10 13 14 17
 39 38 41 44 37 43 45 42 40 52 49 53 47 48 50 51 54 46 60 59 58 56 63 55 57 62 61 70 66 72 67 68 71 64 69 65 78 74 73 77 81 76 79 80 75 88 85 82 83 90 84 89 87 86  7  8  1  5  9  2  3  6  4 11 10 15 17 18 12 16 13 14 27 25 19 20 21 23 24 26 22 29 36 30 33 34 28 31 32 35
 66 65 68 71 64 70 72 69 67 79 76 80 74 75 77 78 81 73 87 86 85 83 90 82 84 89 88  7  3  9  4  5  8  1  6  2 15 11 10 14 18 13 16 17 12 25 22 19 20 27 21 26 24 23 34 35 28 32 36 29 30 33 31 38 37 42 44 45 39 43 40 41 54 52 46 47 48 50 51 53 49 56 63 57 60 61 55 58 59 62
  3  2  5  8  1  7  9  6  4 16 13 17 11 12 14 15 18 10 24 23 22 20 27 19 21 26 25 34 30 36 31 32 35 28 33 29 42 38 37 41 45 40 43 44 39 52 49 46 47 54 48 53 51 50 61 62 55 59 63 56 57 60 58 65 64 69 71 72 66 70 67 68 81 79 73 74 75 77 78 80 76 83 90 84 87 88 82 85 86 89
 84 83 86 89 82 88 90 87 85  7  4  8  2  3  5  6  9  1 15 14 13 11 18 10 12 17 16 25 21 27 22 23 26 19 24 20 33 29 28 32 36 31 34 35 30 43 40 37 38 45 39 44 42 41 52 53 46 50 54 47 48 51 49 56 55 60 62 63 57 61 58 59 72 70 64 65 66 68 69 71 67 74 81 75 78 79 73 76 77 80
 57 56 59 62 55 61 63 60 58 70 67 71 65 66 68 69 72 64 78 77 76 74 81 73 75 80 79 88 84 90 85 86 89 82 87 83  6  2  1  5  9  4  7  8  3 16 13 10 11 18 12 17 15 14 25 26 19 23 27 20 21 24 22 29 28 33 35 36 30 34 31 32 45 43 37 38 39 41 42 44 40 47 54 48 51 52 46 49 50 53
  4  3  6  9  2  8  1  7  5 17 14 18 12 13 15 16 10 11 25 24 23 21 19 20 22 27 26 35 31 28 32 33 36 29 34 30 43 39 38 42 37 41 44 45 40 53 50 47 48 46 49 54 52 51 62 63 56 60 55 57 58 61 59 66 65 70 72 64 67 71 68 69 73 80 74 75 76 78 79 81 77 84 82 85 88 89 83 86 87 90
 40 39 42 45 38 44 37 43 41 53 50 54 48 49 51 52 46 47 61 60 59 57 55 56 58 63 62 71 67 64 68 69 72 65 70 66 79 75 74 78 73 77 80 81 76 89 86 83 84 82 85 90 88 87  8  9  2  6  1  3  4  7  5 12 11 16 18 10 13 17 14 15 19 26 20 21 22 24 25 27 23 30 28 31 34 35 29 32 33 36
 67 66 69 72 65 71 64 70 68 80 77 81 75 76 78 79 73 74 88 87 86 84 82 83 85 90 89  8  4  1  5  6  9  2  7  3 16 12 11 15 10 14 17 18 13 26 23 20 21 19 22 27 25 24 35 36 29 33 28 30 31 34 32 39 38 43 45 37 40 44 41 42 46 53 47 48 49 51 52 54 50 57 55 58 61 62 56 59 60 63
 13 12 15 18 11 17 10 16 14 26 23 27 21 22 24 25 19 20 34 33 32 30 28 29 31 36 35 44 40 37 41 42 45 38 43 39 52 48 47 51 46 50 53 54 49 62 59 56 57 55 58 63 61 60 71 72 65 69 64 66 67 70 68 75 74 79 81 73 76 80 77 78 82 89 83 84 85 87 88 90 86  3  1  4  7  8  2  5  6  9
 31 30 33 36 29 35 28 34 32 44 41 45 39 40 42 43 37 38 52 51 50 48 46 47 49 54 53 62 58 55 59 60 63 56 61 57 70 66 65 69 64 68 71 72 67 80 77 74 75 73 76 81 79 78 89 90 83 87 82 84 85 88 86  3  2  7  9  1  4  8  5  6 10 17 11 12 13 15 16 18 14 21 19 22 25 26 20 23 24 27
 85 84 87 90 83 89 82 88 86  8  5  9  3  4  6  7  1  2 16 15 14 12 10 11 13 18 17 26 22 19 23 24 27 20 25 21 34 30 29 33 28 32 35 36 31 44 41 38 39 37 40 45 43 42 53 54 47 51 46 48 49 52 50 57 56 61 63 55 58 62 59 60 64 71 65 66 67 69 70 72 68 75 73 76 79 80 74 77 78 81
 22 21 24 27 20 26 19 25 23 35 32 36 30 31 33 34 28 29 43 42 41 39 37 38 40 45 44 53 49 46 50 51 54 47 52 48 61 57 56 60 55 59 62 63 58 71 68 65 66 64 67 72 70 69 80 81 74 78 73 75 76 79 77 84 83 88 90 82 85 89 86 87  1  8  2  3  4  6  7  9  5 12 10 13 16 17 11 14 15 18
 76 75 78 81 74 80 73 79 77 89 86 90 84 85 87 88 82 83  7  6  5  3  1  2  4  9  8 17 13 10 14 15 18 11 16 12 25 21 20 24 19 23 26 27 22 35 32 29 30 28 31 36 34 33 44 45 38 42 37 39 40 43 41 48 47 52 54 46 49 53 50 51 55 62 56 57 58 60 61 63 59 66 64 67 70 71 65 68 69 72
 49 48 51 54 47 53 46 52 50 62 59 63 57 58 60 61 55 56 70 69 68 66 64 65 67 72 71 80 76 73 77 78 81 74 79 75 88 84 83 87 82 86 89 90 85  8  5  2  3  1  4  9  7  6 17 18 11 15 10 12 13 16 14 21 20 25 27 19 22 26 23 24 28 35 29 30 31 33 34 36 32 39 37 40 43 44 38 41 42 45
 58 57 60 63 56 62 55 61 59 71 68 72 66 67 69 70 64 65 79 78 77 75 73 74 76 81 80 89 85 82 86 87 90 83 88 84  7  3  2  6  1  5  8  9  4 17 14 11 12 10 13 18 16 15 26 27 20 24 19 21 22 25 23 30 29 34 36 28 31 35 32 33 37 44 38 39 40 42 43 45 41 48 46 49 52 53 47 50 51 54
 14 13 16 10 12 18 11 17 15 27 24 19 22 23 25 26 20 21 35 34 33 31 29 30 32 28 36 45 41 38 42 43 37 39 44 40 53 49 48 52 47 51 54 46 50 63 60 57 58 56 59 55 62 61 72 64 66 70 65 67 68 71 69 76 75 80 73 74 77 81 78 79 83 90 84 85 86 88 89 82 87  4  2  5  8  9  3  6  7  1
 23 22 25 19 21 27 20 26 24 36 33 28 31 32 34 35 29 30 44 43 42 40 38 39 41 37 45 54 50 47 51 52 46 48 53 49 62 58 57 61 56 60 63 55 59 72 69 66 67 65 68 64 71 70 81 73 75 79 74 76 77 80 78 85 84 89 82 83 86 90 87 88  2  9  3  4  5  7  8  1  6 13 11 14 17 18 12 15 16 10
 86 85 88 82 84 90 83 89 87  9  6  1  4  5  7  8  2  3 17 16 15 13 11 12 14 10 18 27 23 20 24 25 19 21 26 22 35 31 30 34 29 33 36 28 32 45 42 39 40 38 41 37 44 43 54 46 48 52 47 49 50 53 51 58 57 62 55 56 59 63 60 61 65 72 66 67 68 70 71 64 69 76 74 77 80 81 75 78 79 73
  5  4  7  1  3  9  2  8  6 18 15 10 13 14 16 17 11 12 26 25 24 22 20 21 23 19 27 36 32 29 33 34 28 30 35 31 44 40 39 43 38 42 45 37 41 54 51 48 49 47 50 46 53 52 63 55 57 61 56 58 59 62 60 67 66 71 64 65 68 72 69 70 74 81 75 76 77 79 80 73 78 85 83 86 89 90 84 87 88 82
 32 31 34 28 30 36 29 35 33 45 42 37 40 41 43 44 38 39 53 52 51 49 47 48 50 46 54 63 59 56 60 61 55 57 62 58 71 67 66 70 65 69 72 64 68 81 78 75 76 74 77 73 80 79 90 82 84 88 83 85 86 89 87  4  3  8  1  2  5  9  6  7 11 18 12 13 14 16 17 10 15 22 20 23 26 27 21 24 25 19
 41 40 43 37 39 45 38 44 42 54 51 46 49 50 52 53 47 48 62 61 60 58 56 57 59 55 63 72 68 65 69 70 64 66 71 67 80 76 75 79 74 78 81 73 77 90 87 84 85 83 86 82 89 88  9  1  3  7  2  4  5  8  6 13 12 17 10 11 14 18 15 16 20 27 21 22 23 25 26 19 24 31 29 32 35 36 30 33 34 28
 68 67 70 64 66 72 65 71 69 81 78 73 76 77 79 80 74 75 89 88 87 85 83 84 86 82 90  9  5  2  6  7  1  3  8  4 17 13 12 16 11 15 18 10 14 27 24 21 22 20 23 19 26 25 36 28 30 34 29 31 32 35 33 40 39 44 37 38 41 45 42 43 47 54 48 49 50 52 53 46 51 58 56 59 62 63 57 60 61 55
 77 76 79 73 75 81 74 80 78 90 87 82 85 86 88 89 83 84  8  7  6  4  2  3  5  1  9 18 14 11 15 16 10 12 17 13 26 22 21 25 20 24 27 19 23 36 33 30 31 29 32 28 35 34 45 37 39 43 38 40 41 44 42 49 48 53 46 47 50 54 51 52 56 63 57 58 59 61 62 55 60 67 65 68 71 72 66 69 70 64
 50 49 52 46 48 54 47 53 51 63 60 55 58 59 61 62 56 57 71 70 69 67 65 66 68 64 72 81 77 74 78 79 73 75 80 76 89 85 84 88 83 87 90 82 86  9  6  3  4  2  5  1  8  7 18 10 12 16 11 13 14 17 15 22 21 26 19 20 23 27 24 25 29 36 30 31 32 34 35 28 33 40 38 41 44 45 39 42 43 37
 59 58 61 55 57 63 56 62 60 72 69 64 67 68 70 71 65 66 80 79 78 76 74 75 77 73 81 90 86 83 87 88 82 84 89 85  8  4  3  7  2  6  9  1  5 18 15 12 13 11 14 10 17 16 27 19 21 25 20 22 23 26 24 31 30 35 28 29 32 36 33 34 38 45 39 40 41 43 44 37 42 49 47 50 53 54 48 51 52 46
 15 14 17 11 13 10 12 18 16 19 25 20 23 24 26 27 21 22 36 35 34 32 30 31 33 29 28 37 42 39 43 44 38 40 45 41 54 50 49 53 48 52 46 47 51 55 61 58 59 57 60 56 63 62 64 65 67 71 66 68 69 72 70 77 76 81 74 75 78 73 79 80 84 82 85 86 87 89 90 83 88  5  3  6  9  1  4  7  8  2
 78 77 80 74 76 73 75 81 79 82 88 83 86 87 89 90 84 85  9  8  7  5  3  4  6  2  1 10 15 12 16 17 11 13 18 14 27 23 22 26 21 25 19 20 24 28 34 31 32 30 33 29 36 35 37 38 40 44 39 41 42 45 43 50 49 54 47 48 51 46 52 53 57 55 58 59 60 62 63 56 61 68 66 69 72 64 67 70 71 65
 33 32 35 29 31 28 30 36 34 37 43 38 41 42 44 45 39 40 54 53 52 50 48 49 51 47 46 55 60 57 61 62 56 58 63 59 72 68 67 71 66 70 64 65 69 73 79 76 77 75 78 74 81 80 82 83 85 89 84 86 87 90 88  5  4  9  2  3  6  1  7  8 12 10 13 14 15 17 18 11 16 23 21 24 27 19 22 25 26 20
 42 41 44 38 40 37 39 45 43 46 52 47 50 51 53 54 48 49 63 62 61 59 57 58 60 56 55 64 69 66 70 71 65 67 72 68 81 77 76 80 75 79 73 74 78 82 88 85 86 84 87 83 90 89  1  2  4  8  3  5  6  9  7 14 13 18 11 12 15 10 16 17 21 19 22 23 24 26 27 20 25 32 30 33 36 28 31 34 35 29
  6  5  8  2  4  1  3  9  7 10 16 11 14 15 17 18 12 13 27 26 25 23 21 22 24 20 19 28 33 30 34 35 29 31 36 32 45 41 40 44 39 43 37 38 42 46 52 49 50 48 51 47 54 53 55 56 58 62 57 59 60 63 61 68 67 72 65 66 69 64 70 71 75 73 76 77 78 80 81 74 79 86 84 87 90 82 85 88 89 83
 60 59 62 56 58 55 57 63 61 64 70 65 68 69 71 72 66 67 81 80 79 77 75 76 78 74 73 82 87 84 88 89 83 85 90 86  9  5  4  8  3  7  1  2  6 10 16 13 14 12 15 11 18 17 19 20 22 26 21 23 24 27 25 32 31 36 29 30 33 28 34 35 39 37 40 41 42 44 45 38 43 50 48 51 54 46 49 52 53 47
 24 23 26 20 22 19 21 27 25 28 34 29 32 33 35 36 30 31 45 44 43 41 39 40 42 38 37 46 51 48 52 53 47 49 54 50 63 59 58 62 57 61 55 56 60 64 70 67 68 66 69 65 72 71 73 74 76 80 75 77 78 81 79 86 85 90 83 84 87 82 88 89  3  1  4  5  6  8  9  2  7 14 12 15 18 10 13 16 17 11
 51 50 53 47 49 46 48 54 52 55 61 56 59 60 62 63 57 58 72 71 70 68 66 67 69 65 64 73 78 75 79 80 74 76 81 77 90 86 85 89 84 88 82 83 87  1  7  4  5  3  6  2  9  8 10 11 13 17 12 14 15 18 16 23 22 27 20 21 24 19 25 26 30 28 31 32 33 35 36 29 34 41 39 42 45 37 40 43 44 38
 69 68 71 65 67 64 66 72 70 73 79 74 77 78 80 81 75 76 90 89 88 86 84 85 87 83 82  1  6  3  7  8  2  4  9  5 18 14 13 17 12 16 10 11 15 19 25 22 23 21 24 20 27 26 28 29 31 35 30 32 33 36 34 41 40 45 38 39 42 37 43 44 48 46 49 50 51 53 54 47 52 59 57 60 63 55 58 61 62 56
 87 86 89 83 85 82 84 90 88  1  7  2  5  6  8  9  3  4 18 17 16 14 12 13 15 11 10 19 24 21 25 26 20 22 27 23 36 32 31 35 30 34 28 29 33 37 43 40 41 39 42 38 45 44 46 47 49 53 48 50 51 54 52 59 58 63 56 57 60 55 61 62 66 64 67 68 69 71 72 65 70 77 75 78 81 73 76 79 80 74
 61 60 63 57 59 56 58 55 62 65 71 66 69 70 72 64 67 68 73 81 80 78 76 77 79 75 74 83 88 85 89 90 84 86 82 87  1  6  5  9  4  8  2  3  7 11 17 14 15 13 16 12 10 18 20 21 23 27 22 24 25 19 26 33 32 28 30 31 34 29 35 36 40 38 41 42 43 45 37 39 44 51 49 52 46 47 50 53 54 48
 70 69 72 66 68 65 67 64 71 74 80 75 78 79 81 73 76 77 82 90 89 87 85 86 88 84 83  2  7  4  8  9  3  5  1  6 10 15 14 18 13 17 11 12 16 20 26 23 24 22 25 21 19 27 29 30 32 36 31 33 34 28 35 42 41 37 39 40 43 38 44 45 49 47 50 51 52 54 46 48 53 60 58 61 55 56 59 62 63 57
  7  6  9  3  5  2  4  1  8 11 17 12 15 16 18 10 13 14 19 27 26 24 22 23 25 21 20 29 34 31 35 36 30 32 28 33 37 42 41 45 40 44 38 39 43 47 53 50 51 49 52 48 46 54 56 57 59 63 58 60 61 55 62 69 68 64 66 67 70 65 71 72 76 74 77 78 79 81 73 75 80 87 85 88 82 83 86 89 90 84
 79 78 81 75 77 74 76 73 80 83 89 84 87 88 90 82 85 86  1  9  8  6  4  5  7  3  2 11 16 13 17 18 12 14 10 15 19 24 23 27 22 26 20 21 25 29 35 32 33 31 34 30 28 36 38 39 41 45 40 42 43 37 44 51 50 46 48 49 52 47 53 54 58 56 59 60 61 63 55 57 62 69 67 70 64 65 68 71 72 66
 43 42 45 39 41 38 40 37 44 47 53 48 51 52 54 46 49 50 55 63 62 60 58 59 61 57 56 65 70 67 71 72 66 68 64 69 73 78 77 81 76 80 74 75 79 83 89 86 87 85 88 84 82 90  2  3  5  9  4  6  7  1  8 15 14 10 12 13 16 11 17 18 22 20 23 24 25 27 19 21 26 33 31 34 28 29 32 35 36 30
 25 24 27 21 23 20 22 19 26 29 35 30 33 34 36 28 31 32 37 45 44 42 40 41 43 39 38 47 52 49 53 54 48 50 46 51 55 60 59 63 58 62 56 57 61 65 71 68 69 67 70 66 64 72 74 75 77 81 76 78 79 73 80 87 86 82 84 85 88 83 89 90  4  2  5  6  7  9  1  3  8 15 13 16 10 11 14 17 18 12
 52 51 54 48 50 47 49 46 53 56 62 57 60 61 63 55 58 59 64 72 71 69 67 68 70 66 65 74 79 76 80 81 75 77 73 78 82 87 86 90 85 89 83 84 88  2  8  5  6  4  7  3  1  9 11 12 14 18 13 15 16 10 17 24 23 19 21 22 25 20 26 27 31 29 32 33 34 36 28 30 35 42 40 43 37 38 41 44 45 39
 16 15 18 12 14 11 13 10 17 20 26 21 24 25 27 19 22 23 28 36 35 33 31 32 34 30 29 38 43 40 44 45 39 41 37 42 46 51 50 54 49 53 47 48 52 56 62 59 60 58 61 57 55 63 65 66 68 72 67 69 70 64 71 78 77 73 75 76 79 74 80 81 85 83 86 87 88 90 82 84 89  6  4  7  1  2  5  8  9  3
 34 33 36 30 32 29 31 28 35 38 44 39 42 43 45 37 40 41 46 54 53 51 49 50 52 48 47 56 61 58 62 63 57 59 55 60 64 69 68 72 67 71 65 66 70 74 80 77 78 76 79 75 73 81 83 84 86 90 85 87 88 82 89  6  5  1  3  4  7  2  8  9 13 11 14 15 16 18 10 12 17 24 22 25 19 20 23 26 27 21
 88 87 90 84 86 83 85 82 89  2  8  3  6  7  9  1  4  5 10 18 17 15 13 14 16 12 11 20 25 22 26 27 21 23 19 24 28 33 32 36 31 35 29 30 34 38 44 41 42 40 43 39 37 45 47 48 50 54 49 51 52 46 53 60 59 55 57 58 61 56 62 63 67 65 68 69 70 72 64 66 71 78 76 79 73 74 77 80 81 75
