 19 22 21 18 23 20 24 17 32 31 27 26 29 28 30 25 38 33 37 35 34 36 40 39 46 41 45 43 42 48 47 44 53 52 56 49 50 55 54 51  4  8  5  2  7  1  3  6 11 10 12 15 16 13  9 14
 35 38 37 34 39 36 40 33 48 47 43 42 45 44 46 41 54 49 53 51 50 52 56 55  6  1  5  3  2  8  7  4 13 12 16  9 10 15 14 11 20 24 21 18 23 17 19 22 27 26 28 31 32 29 25 30
 51 54 53 50 55 52 56 49  8  7  3  2  5  4  6  1 14  9 13 11 10 12 16 15 22 17 21 19 18 24 23 20 29 28 32 25 26 31 30 27 36 40 37 34 39 33 35 38 43 42 44 47 48 45 41 46
 43 46 45 42 47 44 48 41 56 55 51 50 53 52 54 49  6  1  5  3  2  4  8  7 14  9 13 11 10 16 15 12 21 20 24 17 18 23 22 19 28 32 29 26 31 25 27 30 35 34 36 39 40 37 33 38
 27 30 29 26 31 28 32 25 40 39 35 34 37 36 38 33 46 41 45 43 42 44 48 47 54 49 53 51 50 56 55 52  5  4  8  1  2  7  6  3 12 16 13 10 15  9 11 14 19 18 20 23 24 21 17 22
 11 14 13 10 15 12 16  9 24 23 19 18 21 20 22 17 30 25 29 27 26 28 32 31 38 33 37 35 34 40 39 36 45 44 48 41 42 47 46 43 52 56 53 50 55 49 51 54  3  2  4  7  8  5  1  6
  3  6  5  2  7  4  8  1 16 15 11 10 13 12 14  9 22 17 21 19 18 20 24 23 30 25 29 27 26 32 31 28 37 36 40 33 34 39 38 35 44 48 45 42 47 41 43 46 51 50 52 55 56 53 49 54
  4  7  6  3  8  5  1  2  9 16 12 11 14 13 15 10 23 18 22 20 19 21 17 24 31 26 30 28 27 25 32 29 38 37 33 34 35 40 39 36 45 41 46 43 48 42 44 47 52 51 53 56 49 54 50 55
 52 55 54 51 56 53 49 50  1  8  4  3  6  5  7  2 15 10 14 12 11 13  9 16 23 18 22 20 19 17 24 21 30 29 25 26 27 32 31 28 37 33 38 35 40 34 36 39 44 43 45 48 41 46 42 47
 28 31 30 27 32 29 25 26 33 40 36 35 38 37 39 34 47 42 46 44 43 45 41 48 55 50 54 52 51 49 56 53  6  5  1  2  3  8  7  4 13  9 14 11 16 10 12 15 20 19 21 24 17 22 18 23
 12 15 14 11 16 13  9 10 17 24 20 19 22 21 23 18 31 26 30 28 27 29 25 32 39 34 38 36 35 33 40 37 46 45 41 42 43 48 47 44 53 49 54 51 56 50 52 55  4  3  5  8  1  6  2  7
 44 47 46 43 48 45 41 42 49 56 52 51 54 53 55 50  7  2  6  4  3  5  1  8 15 10 14 12 11  9 16 13 22 21 17 18 19 24 23 20 29 25 30 27 32 26 28 31 36 35 37 40 33 38 34 39
 36 39 38 35 40 37 33 34 41 48 44 43 46 45 47 42 55 50 54 52 51 53 49 56  7  2  6  4  3  1  8  5 14 13  9 10 11 16 15 12 21 17 22 19 24 18 20 23 28 27 29 32 25 30 26 31
 20 23 22 19 24 21 17 18 25 32 28 27 30 29 31 26 39 34 38 36 35 37 33 40 47 42 46 44 43 41 48 45 54 53 49 50 51 56 55 52  5  1  6  3  8  2  4  7 12 11 13 16  9 14 10 15
 13 16 15 12  9 14 10 11 18 17 21 20 23 22 24 19 32 27 31 29 28 30 26 25 40 35 39 37 36 34 33 38 47 46 42 43 44 41 48 45 54 50 55 52 49 51 53 56  5  4  6  1  2  7  3  8
  5  8  7  4  1  6  2  3 10  9 13 12 15 14 16 11 24 19 23 21 20 22 18 17 32 27 31 29 28 26 25 30 39 38 34 35 36 33 40 37 46 42 47 44 41 43 45 48 53 52 54 49 50 55 51 56
 21 24 23 20 17 22 18 19 26 25 29 28 31 30 32 27 40 35 39 37 36 38 34 33 48 43 47 45 44 42 41 46 55 54 50 51 52 49 56 53  6  2  7  4  1  3  5  8 13 12 14  9 10 15 11 16
 37 40 39 36 33 38 34 35 42 41 45 44 47 46 48 43 56 51 55 53 52 54 50 49  8  3  7  5  4  2  1  6 15 14 10 11 12  9 16 13 22 18 23 20 17 19 21 24 29 28 30 25 26 31 27 32
 53 56 55 52 49 54 50 51  2  1  5  4  7  6  8  3 16 11 15 13 12 14 10  9 24 19 23 21 20 18 17 22 31 30 26 27 28 25 32 29 38 34 39 36 33 35 37 40 45 44 46 41 42 47 43 48
 29 32 31 28 25 30 26 27 34 33 37 36 39 38 40 35 48 43 47 45 44 46 42 41 56 51 55 53 52 50 49 54  7  6  2  3  4  1  8  5 14 10 15 12  9 11 13 16 21 20 22 17 18 23 19 24
 45 48 47 44 41 46 42 43 50 49 53 52 55 54 56 51  8  3  7  5  4  6  2  1 16 11 15 13 12 10  9 14 23 22 18 19 20 17 24 21 30 26 31 28 25 27 29 32 37 36 38 33 34 39 35 40
 38 33 40 37 34 39 35 36 43 42 46 45 48 47 41 44 49 52 56 54 53 55 51 50  1  4  8  6  5  3  2  7 16 15 11 12 13 10  9 14 23 19 24 21 18 20 22 17 30 29 31 26 27 32 28 25
 54 49 56 53 50 55 51 52  3  2  6  5  8  7  1  4  9 12 16 14 13 15 11 10 17 20 24 22 21 19 18 23 32 31 27 28 29 26 25 30 39 35 40 37 34 36 38 33 46 45 47 42 43 48 44 41
 46 41 48 45 42 47 43 44 51 50 54 53 56 55 49 52  1  4  8  6  5  7  3  2  9 12 16 14 13 11 10 15 24 23 19 20 21 18 17 22 31 27 32 29 26 28 30 25 38 37 39 34 35 40 36 33
 30 25 32 29 26 31 27 28 35 34 38 37 40 39 33 36 41 44 48 46 45 47 43 42 49 52 56 54 53 51 50 55  8  7  3  4  5  2  1  6 15 11 16 13 10 12 14  9 22 21 23 18 19 24 20 17
 14  9 16 13 10 15 11 12 19 18 22 21 24 23 17 20 25 28 32 30 29 31 27 26 33 36 40 38 37 35 34 39 48 47 43 44 45 42 41 46 55 51 56 53 50 52 54 49  6  5  7  2  3  8  4  1
 22 17 24 21 18 23 19 20 27 26 30 29 32 31 25 28 33 36 40 38 37 39 35 34 41 44 48 46 45 43 42 47 56 55 51 52 53 50 49 54  7  3  8  5  2  4  6  1 14 13 15 10 11 16 12  9
  6  1  8  5  2  7  3  4 11 10 14 13 16 15  9 12 17 20 24 22 21 23 19 18 25 28 32 30 29 27 26 31 40 39 35 36 37 34 33 38 47 43 48 45 42 44 46 41 54 53 55 50 51 56 52 49
 47 42 41 46 43 48 44 45 52 51 55 54 49 56 50 53  2  5  1  7  6  8  4  3 10 13  9 15 14 12 11 16 17 24 20 21 22 19 18 23 32 28 25 30 27 29 31 26 39 38 40 35 36 33 37 34
 31 26 25 30 27 32 28 29 36 35 39 38 33 40 34 37 42 45 41 47 46 48 44 43 50 53 49 55 54 52 51 56  1  8  4  5  6  3  2  7 16 12  9 14 11 13 15 10 23 22 24 19 20 17 21 18
 55 50 49 54 51 56 52 53  4  3  7  6  1  8  2  5 10 13  9 15 14 16 12 11 18 21 17 23 22 20 19 24 25 32 28 29 30 27 26 31 40 36 33 38 35 37 39 34 47 46 48 43 44 41 45 42
 39 34 33 38 35 40 36 37 44 43 47 46 41 48 42 45 50 53 49 55 54 56 52 51  2  5  1  7  6  4  3  8  9 16 12 13 14 11 10 15 24 20 17 22 19 21 23 18 31 30 32 27 28 25 29 26
  7  2  1  6  3  8  4  5 12 11 15 14  9 16 10 13 18 21 17 23 22 24 20 19 26 29 25 31 30 28 27 32 33 40 36 37 38 35 34 39 48 44 41 46 43 45 47 42 55 54 56 51 52 49 53 50
 15 10  9 14 11 16 12 13 20 19 23 22 17 24 18 21 26 29 25 31 30 32 28 27 34 37 33 39 38 36 35 40 41 48 44 45 46 43 42 47 56 52 49 54 51 53 55 50  7  6  8  3  4  1  5  2
 23 18 17 22 19 24 20 21 28 27 31 30 25 32 26 29 34 37 33 39 38 40 36 35 42 45 41 47 46 44 43 48 49 56 52 53 54 51 50 55  8  4  1  6  3  5  7  2 15 14 16 11 12  9 13 10
 48 43 42 47 44 41 45 46 53 52 56 55 50 49 51 54  3  6  2  8  7  1  5  4 11 14 10 16 15 13 12  9 18 17 21 22 23 20 19 24 25 29 26 31 28 30 32 27 40 39 33 36 37 34 38 35
  8  3  2  7  4  1  5  6 13 12 16 15 10  9 11 14 19 22 18 24 23 17 21 20 27 30 26 32 31 29 28 25 34 33 37 38 39 36 35 40 41 45 42 47 44 46 48 43 56 55 49 52 53 50 54 51
 16 11 10 15 12  9 13 14 21 20 24 23 18 17 19 22 27 30 26 32 31 25 29 28 35 38 34 40 39 37 36 33 42 41 45 46 47 44 43 48 49 53 50 55 52 54 56 51  8  7  1  4  5  2  6  3
 32 27 26 31 28 25 29 30 37 36 40 39 34 33 35 38 43 46 42 48 47 41 45 44 51 54 50 56 55 53 52 49  2  1  5  6  7  4  3  8  9 13 10 15 12 14 16 11 24 23 17 20 21 18 22 19
 56 51 50 55 52 49 53 54  5  4  8  7  2  1  3  6 11 14 10 16 15  9 13 12 19 22 18 24 23 21 20 17 26 25 29 30 31 28 27 32 33 37 34 39 36 38 40 35 48 47 41 44 45 42 46 43
 24 19 18 23 20 17 21 22 29 28 32 31 26 25 27 30 35 38 34 40 39 33 37 36 43 46 42 48 47 45 44 41 50 49 53 54 55 52 51 56  1  5  2  7  4  6  8  3 16 15  9 12 13 10 14 11
 40 35 34 39 36 33 37 38 45 44 48 47 42 41 43 46 51 54 50 56 55 49 53 52  3  6  2  8  7  5  4  1 10  9 13 14 15 12 11 16 17 21 18 23 20 22 24 19 32 31 25 28 29 26 30 27
  9 12 11 16 13 10 14 15 22 21 17 24 19 18 20 23 28 31 27 25 32 26 30 29 36 39 35 33 40 38 37 34 43 42 46 47 48 45 44 41 50 54 51 56 53 55 49 52  1  8  2  5  6  3  7  4
  1  4  3  8  5  2  6  7 14 13  9 16 11 10 12 15 20 23 19 17 24 18 22 21 28 31 27 25 32 30 29 26 35 34 38 39 40 37 36 33 42 46 43 48 45 47 41 44 49 56 50 53 54 51 55 52
 17 20 19 24 21 18 22 23 30 29 25 32 27 26 28 31 36 39 35 33 40 34 38 37 44 47 43 41 48 46 45 42 51 50 54 55 56 53 52 49  2  6  3  8  5  7  1  4  9 16 10 13 14 11 15 12
 41 44 43 48 45 42 46 47 54 53 49 56 51 50 52 55  4  7  3  1  8  2  6  5 12 15 11  9 16 14 13 10 19 18 22 23 24 21 20 17 26 30 27 32 29 31 25 28 33 40 34 37 38 35 39 36
 49 52 51 56 53 50 54 55  6  5  1  8  3  2  4  7 12 15 11  9 16 10 14 13 20 23 19 17 24 22 21 18 27 26 30 31 32 29 28 25 34 38 35 40 37 39 33 36 41 48 42 45 46 43 47 44
 25 28 27 32 29 26 30 31 38 37 33 40 35 34 36 39 44 47 43 41 48 42 46 45 52 55 51 49 56 54 53 50  3  2  6  7  8  5  4  1 10 14 11 16 13 15  9 12 17 24 18 21 22 19 23 20
 33 36 35 40 37 34 38 39 46 45 41 48 43 42 44 47 52 55 51 49 56 50 54 53  4  7  3  1  8  6  5  2 11 10 14 15 16 13 12  9 18 22 19 24 21 23 17 20 25 32 26 29 30 27 31 28
 34 37 36 33 38 35 39 40 47 46 42 41 44 43 45 48 53 56 52 50 49 51 55 54  5  8  4  2  1  7  6  3 12 11 15 16  9 14 13 10 19 23 20 17 22 24 18 21 26 25 27 30 31 28 32 29
 26 29 28 25 30 27 31 32 39 38 34 33 36 35 37 40 45 48 44 42 41 43 47 46 53 56 52 50 49 55 54 51  4  3  7  8  1  6  5  2 11 15 12  9 14 16 10 13 18 17 19 22 23 20 24 21
 42 45 44 41 46 43 47 48 55 54 50 49 52 51 53 56  5  8  4  2  1  3  7  6 13 16 12 10  9 15 14 11 20 19 23 24 17 22 21 18 27 31 28 25 30 32 26 29 34 33 35 38 39 36 40 37
  2  5  4  1  6  3  7  8 15 14 10  9 12 11 13 16 21 24 20 18 17 19 23 22 29 32 28 26 25 31 30 27 36 35 39 40 33 38 37 34 43 47 44 41 46 48 42 45 50 49 51 54 55 52 56 53
 10 13 12  9 14 11 15 16 23 22 18 17 20 19 21 24 29 32 28 26 25 27 31 30 37 40 36 34 33 39 38 35 44 43 47 48 41 46 45 42 51 55 52 49 54 56 50 53  2  1  3  6  7  4  8  5
 50 53 52 49 54 51 55 56  7  6  2  1  4  3  5  8 13 16 12 10  9 11 15 14 21 24 20 18 17 23 22 19 28 27 31 32 25 30 29 26 35 39 36 33 38 40 34 37 42 41 43 46 47 44 48 45
 18 21 20 17 22 19 23 24 31 30 26 25 28 27 29 32 37 40 36 34 33 35 39 38 45 48 44 42 41 47 46 43 52 51 55 56 49 54 53 50  3  7  4  1  6  8  2  5 10  9 11 14 15 12 16 13
