 11  9 14 10 13 15 12 16 19 24 23 21 20 18 22 17 26 27 31 29 28 32 30 25 34 38 40 33 39 35 36 37 46 42 41 43 47 44 48 45 56 54 53 51 50 55 52 49  2  1  6  7  8  3  5  4
 19 17 22 18 21 23 20 24 27 32 31 29 28 26 30 25 34 35 39 37 36 40 38 33 42 46 48 41 47 43 44 45 54 50 49 51 55 52 56 53  8  6  5  3  2  7  4  1 10  9 14 15 16 11 13 12
 27 25 30 26 29 31 28 32 35 40 39 37 36 34 38 33 42 43 47 45 44 48 46 41 50 54 56 49 55 51 52 53  6  2  1  3  7  4  8  5 16 14 13 11 10 15 12  9 18 17 22 23 24 19 21 20
  3  1  6  2  5  7  4  8 11 16 15 13 12 10 14  9 18 19 23 21 20 24 22 17 26 30 32 25 31 27 28 29 38 34 33 35 39 36 40 37 48 46 45 43 42 47 44 41 50 49 54 55 56 51 53 52
 51 49 54 50 53 55 52 56  3  8  7  5  4  2  6  1 10 11 15 13 12 16 14  9 18 22 24 17 23 19 20 21 30 26 25 27 31 28 32 29 40 38 37 35 34 39 36 33 42 41 46 47 48 43 45 44
 35 33 38 34 37 39 36 40 43 48 47 45 44 42 46 41 50 51 55 53 52 56 54 49  2  6  8  1  7  3  4  5 14 10  9 11 15 12 16 13 24 22 21 19 18 23 20 17 26 25 30 31 32 27 29 28
 43 41 46 42 45 47 44 48 51 56 55 53 52 50 54 49  2  3  7  5  4  8  6  1 10 14 16  9 15 11 12 13 22 18 17 19 23 20 24 21 32 30 29 27 26 31 28 25 34 33 38 39 40 35 37 36
 44 42 47 43 46 48 45 41 52 49 56 54 53 51 55 50  3  4  8  6  5  1  7  2 11 15  9 10 16 12 13 14 23 19 18 20 24 21 17 22 25 31 30 28 27 32 29 26 35 34 39 40 33 36 38 37
 20 18 23 19 22 24 21 17 28 25 32 30 29 27 31 26 35 36 40 38 37 33 39 34 43 47 41 42 48 44 45 46 55 51 50 52 56 53 49 54  1  7  6  4  3  8  5  2 11 10 15 16  9 12 14 13
 36 34 39 35 38 40 37 33 44 41 48 46 45 43 47 42 51 52 56 54 53 49 55 50  3  7  1  2  8  4  5  6 15 11 10 12 16 13  9 14 17 23 22 20 19 24 21 18 27 26 31 32 25 28 30 29
 52 50 55 51 54 56 53 49  4  1  8  6  5  3  7  2 11 12 16 14 13  9 15 10 19 23 17 18 24 20 21 22 31 27 26 28 32 29 25 30 33 39 38 36 35 40 37 34 43 42 47 48 41 44 46 45
 12 10 15 11 14 16 13  9 20 17 24 22 21 19 23 18 27 28 32 30 29 25 31 26 35 39 33 34 40 36 37 38 47 43 42 44 48 45 41 46 49 55 54 52 51 56 53 50  3  2  7  8  1  4  6  5
  4  2  7  3  6  8  5  1 12  9 16 14 13 11 15 10 19 20 24 22 21 17 23 18 27 31 25 26 32 28 29 30 39 35 34 36 40 37 33 38 41 47 46 44 43 48 45 42 51 50 55 56 49 52 54 53
 28 26 31 27 30 32 29 25 36 33 40 38 37 35 39 34 43 44 48 46 45 41 47 42 51 55 49 50 56 52 53 54  7  3  2  4  8  5  1  6  9 15 14 12 11 16 13 10 19 18 23 24 17 20 22 21
 45 43 48 44 47 41 46 42 53 50 49 55 54 52 56 51  4  5  1  7  6  2  8  3 12 16 10 11  9 13 14 15 24 20 19 21 17 22 18 23 26 32 31 29 28 25 30 27 36 35 40 33 34 37 39 38
  5  3  8  4  7  1  6  2 13 10  9 15 14 12 16 11 20 21 17 23 22 18 24 19 28 32 26 27 25 29 30 31 40 36 35 37 33 38 34 39 42 48 47 45 44 41 46 43 52 51 56 49 50 53 55 54
 13 11 16 12 15  9 14 10 21 18 17 23 22 20 24 19 28 29 25 31 30 26 32 27 36 40 34 35 33 37 38 39 48 44 43 45 41 46 42 47 50 56 55 53 52 49 54 51  4  3  8  1  2  5  7  6
 53 51 56 52 55 49 54 50  5  2  1  7  6  4  8  3 12 13  9 15 14 10 16 11 20 24 18 19 17 21 22 23 32 28 27 29 25 30 26 31 34 40 39 37 36 33 38 35 44 43 48 41 42 45 47 46
 37 35 40 36 39 33 38 34 45 42 41 47 46 44 48 43 52 53 49 55 54 50 56 51  4  8  2  3  1  5  6  7 16 12 11 13  9 14 10 15 18 24 23 21 20 17 22 19 28 27 32 25 26 29 31 30
 29 27 32 28 31 25 30 26 37 34 33 39 38 36 40 35 44 45 41 47 46 42 48 43 52 56 50 51 49 53 54 55  8  4  3  5  1  6  2  7 10 16 15 13 12  9 14 11 20 19 24 17 18 21 23 22
 21 19 24 20 23 17 22 18 29 26 25 31 30 28 32 27 36 37 33 39 38 34 40 35 44 48 42 43 41 45 46 47 56 52 51 53 49 54 50 55  2  8  7  5  4  1  6  3 12 11 16  9 10 13 15 14
 30 28 25 29 32 26 31 27 38 35 34 40 39 37 33 36 45 46 42 48 47 43 41 44 53 49 51 52 50 54 55 56  1  5  4  6  2  7  3  8 11  9 16 14 13 10 15 12 21 20 17 18 19 22 24 23
 22 20 17 21 24 18 23 19 30 27 26 32 31 29 25 28 37 38 34 40 39 35 33 36 45 41 43 44 42 46 47 48 49 53 52 54 50 55 51 56  3  1  8  6  5  2  7  4 13 12  9 10 11 14 16 15
  6  4  1  5  8  2  7  3 14 11 10 16 15 13  9 12 21 22 18 24 23 19 17 20 29 25 27 28 26 30 31 32 33 37 36 38 34 39 35 40 43 41 48 46 45 42 47 44 53 52 49 50 51 54 56 55
 54 52 49 53 56 50 55 51  6  3  2  8  7  5  1  4 13 14 10 16 15 11  9 12 21 17 19 20 18 22 23 24 25 29 28 30 26 31 27 32 35 33 40 38 37 34 39 36 45 44 41 42 43 46 48 47
 38 36 33 37 40 34 39 35 46 43 42 48 47 45 41 44 53 54 50 56 55 51 49 52  5  1  3  4  2  6  7  8  9 13 12 14 10 15 11 16 19 17 24 22 21 18 23 20 29 28 25 26 27 30 32 31
 46 44 41 45 48 42 47 43 54 51 50 56 55 53 49 52  5  6  2  8  7  3  1  4 13  9 11 12 10 14 15 16 17 21 20 22 18 23 19 24 27 25 32 30 29 26 31 28 37 36 33 34 35 38 40 39
 14 12  9 13 16 10 15 11 22 19 18 24 23 21 17 20 29 30 26 32 31 27 25 28 37 33 35 36 34 38 39 40 41 45 44 46 42 47 43 48 51 49 56 54 53 50 55 52  5  4  1  2  3  6  8  7
 23 21 18 22 17 19 24 20 31 28 27 25 32 30 26 29 38 39 35 33 40 36 34 37 46 42 44 45 43 47 48 41 50 54 53 55 51 56 52 49  4  2  1  7  6  3  8  5 14 13 10 11 12 15  9 16
 39 37 34 38 33 35 40 36 47 44 43 41 48 46 42 45 54 55 51 49 56 52 50 53  6  2  4  5  3  7  8  1 10 14 13 15 11 16 12  9 20 18 17 23 22 19 24 21 30 29 26 27 28 31 25 32
 47 45 42 46 41 43 48 44 55 52 51 49 56 54 50 53  6  7  3  1  8  4  2  5 14 10 12 13 11 15 16  9 18 22 21 23 19 24 20 17 28 26 25 31 30 27 32 29 38 37 34 35 36 39 33 40
  7  5  2  6  1  3  8  4 15 12 11  9 16 14 10 13 22 23 19 17 24 20 18 21 30 26 28 29 27 31 32 25 34 38 37 39 35 40 36 33 44 42 41 47 46 43 48 45 54 53 50 51 52 55 49 56
 31 29 26 30 25 27 32 28 39 36 35 33 40 38 34 37 46 47 43 41 48 44 42 45 54 50 52 53 51 55 56 49  2  6  5  7  3  8  4  1 12 10  9 15 14 11 16 13 22 21 18 19 20 23 17 24
 55 53 50 54 49 51 56 52  7  4  3  1  8  6  2  5 14 15 11  9 16 12 10 13 22 18 20 21 19 23 24 17 26 30 29 31 27 32 28 25 36 34 33 39 38 35 40 37 46 45 42 43 44 47 41 48
 15 13 10 14  9 11 16 12 23 20 19 17 24 22 18 21 30 31 27 25 32 28 26 29 38 34 36 37 35 39 40 33 42 46 45 47 43 48 44 41 52 50 49 55 54 51 56 53  6  5  2  3  4  7  1  8
 24 22 19 23 18 20 17 21 32 29 28 26 25 31 27 30 39 40 36 34 33 37 35 38 47 43 45 46 44 48 41 42 51 55 54 56 52 49 53 50  5  3  2  8  7  4  1  6 15 14 11 12 13 16 10  9
 56 54 51 55 50 52 49 53  8  5  4  2  1  7  3  6 15 16 12 10  9 13 11 14 23 19 21 22 20 24 17 18 27 31 30 32 28 25 29 26 37 35 34 40 39 36 33 38 47 46 43 44 45 48 42 41
 16 14 11 15 10 12  9 13 24 21 20 18 17 23 19 22 31 32 28 26 25 29 27 30 39 35 37 38 36 40 33 34 43 47 46 48 44 41 45 42 53 51 50 56 55 52 49 54  7  6  3  4  5  8  2  1
 48 46 43 47 42 44 41 45 56 53 52 50 49 55 51 54  7  8  4  2  1  5  3  6 15 11 13 14 12 16  9 10 19 23 22 24 20 17 21 18 29 27 26 32 31 28 25 30 39 38 35 36 37 40 34 33
  8  6  3  7  2  4  1  5 16 13 12 10  9 15 11 14 23 24 20 18 17 21 19 22 31 27 29 30 28 32 25 26 35 39 38 40 36 33 37 34 45 43 42 48 47 44 41 46 55 54 51 52 53 56 50 49
 40 38 35 39 34 36 33 37 48 45 44 42 41 47 43 46 55 56 52 50 49 53 51 54  7  3  5  6  4  8  1  2 11 15 14 16 12  9 13 10 21 19 18 24 23 20 17 22 31 30 27 28 29 32 26 25
 32 30 27 31 26 28 25 29 40 37 36 34 33 39 35 38 47 48 44 42 41 45 43 46 55 51 53 54 52 56 49 50  3  7  6  8  4  1  5  2 13 11 10 16 15 12  9 14 23 22 19 20 21 24 18 17
  9 15 12 16 11 13 10 14 17 22 21 19 18 24 20 23 32 25 29 27 26 30 28 31 40 36 38 39 37 33 34 35 44 48 47 41 45 42 46 43 54 52 51 49 56 53 50 55  8  7  4  5  6  1  3  2
 49 55 52 56 51 53 50 54  1  6  5  3  2  8  4  7 16  9 13 11 10 14 12 15 24 20 22 23 21 17 18 19 28 32 31 25 29 26 30 27 38 36 35 33 40 37 34 39 48 47 44 45 46 41 43 42
 17 23 20 24 19 21 18 22 25 30 29 27 26 32 28 31 40 33 37 35 34 38 36 39 48 44 46 47 45 41 42 43 52 56 55 49 53 50 54 51  6  4  3  1  8  5  2  7 16 15 12 13 14  9 11 10
  1  7  4  8  3  5  2  6  9 14 13 11 10 16 12 15 24 17 21 19 18 22 20 23 32 28 30 31 29 25 26 27 36 40 39 33 37 34 38 35 46 44 43 41 48 45 42 47 56 55 52 53 54 49 51 50
 33 39 36 40 35 37 34 38 41 46 45 43 42 48 44 47 56 49 53 51 50 54 52 55  8  4  6  7  5  1  2  3 12 16 15  9 13 10 14 11 22 20 19 17 24 21 18 23 32 31 28 29 30 25 27 26
 41 47 44 48 43 45 42 46 49 54 53 51 50 56 52 55  8  1  5  3  2  6  4  7 16 12 14 15 13  9 10 11 20 24 23 17 21 18 22 19 30 28 27 25 32 29 26 31 40 39 36 37 38 33 35 34
 25 31 28 32 27 29 26 30 33 38 37 35 34 40 36 39 48 41 45 43 42 46 44 47 56 52 54 55 53 49 50 51  4  8  7  1  5  2  6  3 14 12 11  9 16 13 10 15 24 23 20 21 22 17 19 18
  2  8  5  1  4  6  3  7 10 15 14 12 11  9 13 16 17 18 22 20 19 23 21 24 25 29 31 32 30 26 27 28 37 33 40 34 38 35 39 36 47 45 44 42 41 46 43 48 49 56 53 54 55 50 52 51
 42 48 45 41 44 46 43 47 50 55 54 52 51 49 53 56  1  2  6  4  3  7  5  8  9 13 15 16 14 10 11 12 21 17 24 18 22 19 23 20 31 29 28 26 25 30 27 32 33 40 37 38 39 34 36 35
 50 56 53 49 52 54 51 55  2  7  6  4  3  1  5  8  9 10 14 12 11 15 13 16 17 21 23 24 22 18 19 20 29 25 32 26 30 27 31 28 39 37 36 34 33 38 35 40 41 48 45 46 47 42 44 43
 18 24 21 17 20 22 19 23 26 31 30 28 27 25 29 32 33 34 38 36 35 39 37 40 41 45 47 48 46 42 43 44 53 49 56 50 54 51 55 52  7  5  4  2  1  6  3  8  9 16 13 14 15 10 12 11
 34 40 37 33 36 38 35 39 42 47 46 44 43 41 45 48 49 50 54 52 51 55 53 56  1  5  7  8  6  2  3  4 13  9 16 10 14 11 15 12 23 21 20 18 17 22 19 24 25 32 29 30 31 26 28 27
 26 32 29 25 28 30 27 31 34 39 38 36 35 33 37 40 41 42 46 44 43 47 45 48 49 53 55 56 54 50 51 52  5  1  8  2  6  3  7  4 15 13 12 10  9 14 11 16 17 24 21 22 23 18 20 19
 10 16 13  9 12 14 11 15 18 23 22 20 19 17 21 24 25 26 30 28 27 31 29 32 33 37 39 40 38 34 35 36 45 41 48 42 46 43 47 44 55 53 52 50 49 54 51 56  1  8  5  6  7  2  4  3
