 41 43 47 46 44 42 45 48 50 56 55 51 52 53 49 54  8  6  5  7  4  3  2  1 10 15 11 13 16  9 12 14 24 20 22 17 23 21 19 18 32 28 30 25 31 26 29 27 38 34 39 37 36 40 35 33
 33 35 39 38 36 34 37 40 42 48 47 43 44 45 41 46 56 54 53 55 52 51 50 49  2  7  3  5  8  1  4  6 16 12 14  9 15 13 11 10 24 20 22 17 23 18 21 19 30 26 31 29 28 32 27 25
  1  3  7  6  4  2  5  8 10 16 15 11 12 13  9 14 24 22 21 23 20 19 18 17 26 31 27 29 32 25 28 30 40 36 38 33 39 37 35 34 48 44 46 41 47 42 45 43 54 50 55 53 52 56 51 49
  9 11 15 14 12 10 13 16 18 24 23 19 20 21 17 22 32 30 29 31 28 27 26 25 34 39 35 37 40 33 36 38 48 44 46 41 47 45 43 42 56 52 54 49 55 50 53 51  6  2  7  5  4  8  3  1
 25 27 31 30 28 26 29 32 34 40 39 35 36 37 33 38 48 46 45 47 44 43 42 41 50 55 51 53 56 49 52 54  8  4  6  1  7  5  3  2 16 12 14  9 15 10 13 11 22 18 23 21 20 24 19 17
 17 19 23 22 20 18 21 24 26 32 31 27 28 29 25 30 40 38 37 39 36 35 34 33 42 47 43 45 48 41 44 46 56 52 54 49 55 53 51 50  8  4  6  1  7  2  5  3 14 10 15 13 12 16 11  9
 49 51 55 54 52 50 53 56  2  8  7  3  4  5  1  6 16 14 13 15 12 11 10  9 18 23 19 21 24 17 20 22 32 28 30 25 31 29 27 26 40 36 38 33 39 34 37 35 46 42 47 45 44 48 43 41
 18 20 24 23 21 19 22 17 27 25 32 28 29 30 26 31 33 39 38 40 37 36 35 34 43 48 44 46 41 42 45 47 49 53 55 50 56 54 52 51  1  5  7  2  8  3  6  4 15 11 16 14 13  9 12 10
 10 12 16 15 13 11 14  9 19 17 24 20 21 22 18 23 25 31 30 32 29 28 27 26 35 40 36 38 33 34 37 39 41 45 47 42 48 46 44 43 49 53 55 50 56 51 54 52  7  3  8  6  5  1  4  2
  2  4  8  7  5  3  6  1 11  9 16 12 13 14 10 15 17 23 22 24 21 20 19 18 27 32 28 30 25 26 29 31 33 37 39 34 40 38 36 35 41 45 47 42 48 43 46 44 55 51 56 54 53 49 52 50
 42 44 48 47 45 43 46 41 51 49 56 52 53 54 50 55  1  7  6  8  5  4  3  2 11 16 12 14  9 10 13 15 17 21 23 18 24 22 20 19 25 29 31 26 32 27 30 28 39 35 40 38 37 33 36 34
 50 52 56 55 53 51 54 49  3  1  8  4  5  6  2  7  9 15 14 16 13 12 11 10 19 24 20 22 17 18 21 23 25 29 31 26 32 30 28 27 33 37 39 34 40 35 38 36 47 43 48 46 45 41 44 42
 26 28 32 31 29 27 30 25 35 33 40 36 37 38 34 39 41 47 46 48 45 44 43 42 51 56 52 54 49 50 53 55  1  5  7  2  8  6  4  3  9 13 15 10 16 11 14 12 23 19 24 22 21 17 20 18
 34 36 40 39 37 35 38 33 43 41 48 44 45 46 42 47 49 55 54 56 53 52 51 50  3  8  4  6  1  2  5  7  9 13 15 10 16 14 12 11 17 21 23 18 24 19 22 20 31 27 32 30 29 25 28 26
 43 45 41 48 46 44 47 42 52 50 49 53 54 55 51 56  2  8  7  1  6  5  4  3 12  9 13 15 10 11 14 16 18 22 24 19 17 23 21 20 26 30 32 27 25 28 31 29 40 36 33 39 38 34 37 35
 27 29 25 32 30 28 31 26 36 34 33 37 38 39 35 40 42 48 47 41 46 45 44 43 52 49 53 55 50 51 54 56  2  6  8  3  1  7  5  4 10 14 16 11  9 12 15 13 24 20 17 23 22 18 21 19
 19 21 17 24 22 20 23 18 28 26 25 29 30 31 27 32 34 40 39 33 38 37 36 35 44 41 45 47 42 43 46 48 50 54 56 51 49 55 53 52  2  6  8  3  1  4  7  5 16 12  9 15 14 10 13 11
 35 37 33 40 38 36 39 34 44 42 41 45 46 47 43 48 50 56 55 49 54 53 52 51  4  1  5  7  2  3  6  8 10 14 16 11  9 15 13 12 18 22 24 19 17 20 23 21 32 28 25 31 30 26 29 27
  3  5  1  8  6  4  7  2 12 10  9 13 14 15 11 16 18 24 23 17 22 21 20 19 28 25 29 31 26 27 30 32 34 38 40 35 33 39 37 36 42 46 48 43 41 44 47 45 56 52 49 55 54 50 53 51
 11 13  9 16 14 12 15 10 20 18 17 21 22 23 19 24 26 32 31 25 30 29 28 27 36 33 37 39 34 35 38 40 42 46 48 43 41 47 45 44 50 54 56 51 49 52 55 53  8  4  1  7  6  2  5  3
 51 53 49 56 54 52 55 50  4  2  1  5  6  7  3  8 10 16 15  9 14 13 12 11 20 17 21 23 18 19 22 24 26 30 32 27 25 31 29 28 34 38 40 35 33 36 39 37 48 44 41 47 46 42 45 43
 44 46 42 41 47 45 48 43 53 51 50 54 55 56 52 49  3  1  8  2  7  6  5  4 13 10 14 16 11 12 15  9 19 23 17 20 18 24 22 21 27 31 25 28 26 29 32 30 33 37 34 40 39 35 38 36
 12 14 10  9 15 13 16 11 21 19 18 22 23 24 20 17 27 25 32 26 31 30 29 28 37 34 38 40 35 36 39 33 43 47 41 44 42 48 46 45 51 55 49 52 50 53 56 54  1  5  2  8  7  3  6  4
 52 54 50 49 55 53 56 51  5  3  2  6  7  8  4  1 11  9 16 10 15 14 13 12 21 18 22 24 19 20 23 17 27 31 25 28 26 32 30 29 35 39 33 36 34 37 40 38 41 45 42 48 47 43 46 44
 28 30 26 25 31 29 32 27 37 35 34 38 39 40 36 33 43 41 48 42 47 46 45 44 53 50 54 56 51 52 55 49  3  7  1  4  2  8  6  5 11 15  9 12 10 13 16 14 17 21 18 24 23 19 22 20
 20 22 18 17 23 21 24 19 29 27 26 30 31 32 28 25 35 33 40 34 39 38 37 36 45 42 46 48 43 44 47 41 51 55 49 52 50 56 54 53  3  7  1  4  2  5  8  6  9 13 10 16 15 11 14 12
 36 38 34 33 39 37 40 35 45 43 42 46 47 48 44 41 51 49 56 50 55 54 53 52  5  2  6  8  3  4  7  1 11 15  9 12 10 16 14 13 19 23 17 20 18 21 24 22 25 29 26 32 31 27 30 28
  4  6  2  1  7  5  8  3 13 11 10 14 15 16 12  9 19 17 24 18 23 22 21 20 29 26 30 32 27 28 31 25 35 39 33 36 34 40 38 37 43 47 41 44 42 45 48 46 49 53 50 56 55 51 54 52
 45 47 43 42 48 46 41 44 54 52 51 55 56 49 53 50  4  2  1  3  8  7  6  5 14 11 15  9 12 13 16 10 20 24 18 21 19 17 23 22 28 32 26 29 27 30 25 31 34 38 35 33 40 36 39 37
 53 55 51 50 56 54 49 52  6  4  3  7  8  1  5  2 12 10  9 11 16 15 14 13 22 19 23 17 20 21 24 18 28 32 26 29 27 25 31 30 36 40 34 37 35 38 33 39 42 46 43 41 48 44 47 45
 13 15 11 10 16 14  9 12 22 20 19 23 24 17 21 18 28 26 25 27 32 31 30 29 38 35 39 33 36 37 40 34 44 48 42 45 43 41 47 46 52 56 50 53 51 54 49 55  2  6  3  1  8  4  7  5
 37 39 35 34 40 38 33 36 46 44 43 47 48 41 45 42 52 50 49 51 56 55 54 53  6  3  7  1  4  5  8  2 12 16 10 13 11  9 15 14 20 24 18 21 19 22 17 23 26 30 27 25 32 28 31 29
 29 31 27 26 32 30 25 28 38 36 35 39 40 33 37 34 44 42 41 43 48 47 46 45 54 51 55 49 52 53 56 50  4  8  2  5  3  1  7  6 12 16 10 13 11 14  9 15 18 22 19 17 24 20 23 21
  5  7  3  2  8  6  1  4 14 12 11 15 16  9 13 10 20 18 17 19 24 23 22 21 30 27 31 25 28 29 32 26 36 40 34 37 35 33 39 38 44 48 42 45 43 46 41 47 50 54 51 49 56 52 55 53
 21 23 19 18 24 22 17 20 30 28 27 31 32 25 29 26 36 34 33 35 40 39 38 37 46 43 47 41 44 45 48 42 52 56 50 53 51 49 55 54  4  8  2  5  3  6  1  7 10 14 11  9 16 12 15 13
 38 40 36 35 33 39 34 37 47 45 44 48 41 42 46 43 53 51 50 52 49 56 55 54  7  4  8  2  5  6  1  3 13  9 11 14 12 10 16 15 21 17 19 22 20 23 18 24 27 31 28 26 25 29 32 30
 22 24 20 19 17 23 18 21 31 29 28 32 25 26 30 27 37 35 34 36 33 40 39 38 47 44 48 42 45 46 41 43 53 49 51 54 52 50 56 55  5  1  3  6  4  7  2  8 11 15 12 10  9 13 16 14
 54 56 52 51 49 55 50 53  7  5  4  8  1  2  6  3 13 11 10 12  9 16 15 14 23 20 24 18 21 22 17 19 29 25 27 30 28 26 32 31 37 33 35 38 36 39 34 40 43 47 44 42 41 45 48 46
 14 16 12 11  9 15 10 13 23 21 20 24 17 18 22 19 29 27 26 28 25 32 31 30 39 36 40 34 37 38 33 35 45 41 43 46 44 42 48 47 53 49 51 54 52 55 50 56  3  7  4  2  1  5  8  6
 46 48 44 43 41 47 42 45 55 53 52 56 49 50 54 51  5  3  2  4  1  8  7  6 15 12 16 10 13 14  9 11 21 17 19 22 20 18 24 23 29 25 27 30 28 31 26 32 35 39 36 34 33 37 40 38
  6  8  4  3  1  7  2  5 15 13 12 16  9 10 14 11 21 19 18 20 17 24 23 22 31 28 32 26 29 30 25 27 37 33 35 38 36 34 40 39 45 41 43 46 44 47 42 48 51 55 52 50 49 53 56 54
 30 32 28 27 25 31 26 29 39 37 36 40 33 34 38 35 45 43 42 44 41 48 47 46 55 52 56 50 53 54 49 51  5  1  3  6  4  2  8  7 13  9 11 14 12 15 10 16 19 23 20 18 17 21 24 22
 31 25 29 28 26 32 27 30 40 38 37 33 34 35 39 36 46 44 43 45 42 41 48 47 56 53 49 51 54 55 50 52  6  2  4  7  5  3  1  8 14 10 12 15 13 16 11  9 20 24 21 19 18 22 17 23
 39 33 37 36 34 40 35 38 48 46 45 41 42 43 47 44 54 52 51 53 50 49 56 55  8  5  1  3  6  7  2  4 14 10 12 15 13 11  9 16 22 18 20 23 21 24 19 17 28 32 29 27 26 30 25 31
 15  9 13 12 10 16 11 14 24 22 21 17 18 19 23 20 30 28 27 29 26 25 32 31 40 37 33 35 38 39 34 36 46 42 44 47 45 43 41 48 54 50 52 55 53 56 51 49  4  8  5  3  2  6  1  7
  7  1  5  4  2  8  3  6 16 14 13  9 10 11 15 12 22 20 19 21 18 17 24 23 32 29 25 27 30 31 26 28 38 34 36 39 37 35 33 40 46 42 44 47 45 48 43 41 52 56 53 51 50 54 49 55
 47 41 45 44 42 48 43 46 56 54 53 49 50 51 55 52  6  4  3  5  2  1  8  7 16 13  9 11 14 15 10 12 22 18 20 23 21 19 17 24 30 26 28 31 29 32 27 25 36 40 37 35 34 38 33 39
 23 17 21 20 18 24 19 22 32 30 29 25 26 27 31 28 38 36 35 37 34 33 40 39 48 45 41 43 46 47 42 44 54 50 52 55 53 51 49 56  6  2  4  7  5  8  3  1 12 16 13 11 10 14  9 15
 55 49 53 52 50 56 51 54  8  6  5  1  2  3  7  4 14 12 11 13 10  9 16 15 24 21 17 19 22 23 18 20 30 26 28 31 29 27 25 32 38 34 36 39 37 40 35 33 44 48 45 43 42 46 41 47
 32 26 30 29 27 25 28 31 33 39 38 34 35 36 40 37 47 45 44 46 43 42 41 48 49 54 50 52 55 56 51 53  7  3  5  8  6  4  2  1 15 11 13 16 14  9 12 10 21 17 22 20 19 23 18 24
  8  2  6  5  3  1  4  7  9 15 14 10 11 12 16 13 23 21 20 22 19 18 17 24 25 30 26 28 31 32 27 29 39 35 37 40 38 36 34 33 47 43 45 48 46 41 44 42 53 49 54 52 51 55 50 56
 16 10 14 13 11  9 12 15 17 23 22 18 19 20 24 21 31 29 28 30 27 26 25 32 33 38 34 36 39 40 35 37 47 43 45 48 46 44 42 41 55 51 53 56 54 49 52 50  5  1  6  4  3  7  2  8
 48 42 46 45 43 41 44 47 49 55 54 50 51 52 56 53  7  5  4  6  3  2  1  8  9 14 10 12 15 16 11 13 23 19 21 24 22 20 18 17 31 27 29 32 30 25 28 26 37 33 38 36 35 39 34 40
 56 50 54 53 51 49 52 55  1  7  6  2  3  4  8  5 15 13 12 14 11 10  9 16 17 22 18 20 23 24 19 21 31 27 29 32 30 28 26 25 39 35 37 40 38 33 36 34 45 41 46 44 43 47 42 48
 24 18 22 21 19 17 20 23 25 31 30 26 27 28 32 29 39 37 36 38 35 34 33 40 41 46 42 44 47 48 43 45 55 51 53 56 54 52 50 49  7  3  5  8  6  1  4  2 13  9 14 12 11 15 10 16
 40 34 38 37 35 33 36 39 41 47 46 42 43 44 48 45 55 53 52 54 51 50 49 56  1  6  2  4  7  8  3  5 15 11 13 16 14 12 10  9 23 19 21 24 22 17 20 18 29 25 30 28 27 31 26 32
