  6  1  5  7  3  8  4  2 14 12 16 13  9 10 15 11 18 21 17 23 24 19 20 22 29 30 25 28 31 27 26 32 34 39 37 40 35 38 36 33 47 45 46 48 42 41 43 44 56 55 51 54 53 52 49 50
 14  9 13 15 11 16 12 10 22 20 24 21 17 18 23 19 26 29 25 31 32 27 28 30 37 38 33 36 39 35 34 40 42 47 45 48 43 46 44 41 55 53 54 56 50 49 51 52  8  7  3  6  5  4  1  2
 54 49 53 55 51 56 52 50  6  4  8  5  1  2  7  3 10 13  9 15 16 11 12 14 21 22 17 20 23 19 18 24 26 31 29 32 27 30 28 25 39 37 38 40 34 33 35 36 48 47 43 46 45 44 41 42
 38 33 37 39 35 40 36 34 46 44 48 45 41 42 47 43 50 53 49 55 56 51 52 54  5  6  1  4  7  3  2  8 10 15 13 16 11 14 12  9 23 21 22 24 18 17 19 20 32 31 27 30 29 28 25 26
 22 17 21 23 19 24 20 18 30 28 32 29 25 26 31 27 34 37 33 39 40 35 36 38 45 46 41 44 47 43 42 48 50 55 53 56 51 54 52 49  7  5  6  8  2  1  3  4 16 15 11 14 13 12  9 10
 46 41 45 47 43 48 44 42 54 52 56 53 49 50 55 51  2  5  1  7  8  3  4  6 13 14  9 12 15 11 10 16 18 23 21 24 19 22 20 17 31 29 30 32 26 25 27 28 40 39 35 38 37 36 33 34
 30 25 29 31 27 32 28 26 38 36 40 37 33 34 39 35 42 45 41 47 48 43 44 46 53 54 49 52 55 51 50 56  2  7  5  8  3  6  4  1 15 13 14 16 10  9 11 12 24 23 19 22 21 20 17 18
 31 26 30 32 28 25 29 27 39 37 33 38 34 35 40 36 43 46 42 48 41 44 45 47 54 55 50 53 56 52 51 49  3  8  6  1  4  7  5  2 16 14 15  9 11 10 12 13 17 24 20 23 22 21 18 19
  7  2  6  8  4  1  5  3 15 13  9 14 10 11 16 12 19 22 18 24 17 20 21 23 30 31 26 29 32 28 27 25 35 40 38 33 36 39 37 34 48 46 47 41 43 42 44 45 49 56 52 55 54 53 50 51
 15 10 14 16 12  9 13 11 23 21 17 22 18 19 24 20 27 30 26 32 25 28 29 31 38 39 34 37 40 36 35 33 43 48 46 41 44 47 45 42 56 54 55 49 51 50 52 53  1  8  4  7  6  5  2  3
 47 42 46 48 44 41 45 43 55 53 49 54 50 51 56 52  3  6  2  8  1  4  5  7 14 15 10 13 16 12 11  9 19 24 22 17 20 23 21 18 32 30 31 25 27 26 28 29 33 40 36 39 38 37 34 35
 39 34 38 40 36 33 37 35 47 45 41 46 42 43 48 44 51 54 50 56 49 52 53 55  6  7  2  5  8  4  3  1 11 16 14  9 12 15 13 10 24 22 23 17 19 18 20 21 25 32 28 31 30 29 26 27
 55 50 54 56 52 49 53 51  7  5  1  6  2  3  8  4 11 14 10 16  9 12 13 15 22 23 18 21 24 20 19 17 27 32 30 25 28 31 29 26 40 38 39 33 35 34 36 37 41 48 44 47 46 45 42 43
 23 18 22 24 20 17 21 19 31 29 25 30 26 27 32 28 35 38 34 40 33 36 37 39 46 47 42 45 48 44 43 41 51 56 54 49 52 55 53 50  8  6  7  1  3  2  4  5  9 16 12 15 14 13 10 11
 56 51 55 49 53 50 54 52  8  6  2  7  3  4  1  5 12 15 11  9 10 13 14 16 23 24 19 22 17 21 20 18 28 25 31 26 29 32 30 27 33 39 40 34 36 35 37 38 42 41 45 48 47 46 43 44
 16 11 15  9 13 10 14 12 24 22 18 23 19 20 17 21 28 31 27 25 26 29 30 32 39 40 35 38 33 37 36 34 44 41 47 42 45 48 46 43 49 55 56 50 52 51 53 54  2  1  5  8  7  6  3  4
  8  3  7  1  5  2  6  4 16 14 10 15 11 12  9 13 20 23 19 17 18 21 22 24 31 32 27 30 25 29 28 26 36 33 39 34 37 40 38 35 41 47 48 42 44 43 45 46 50 49 53 56 55 54 51 52
 48 43 47 41 45 42 46 44 56 54 50 55 51 52 49 53  4  7  3  1  2  5  6  8 15 16 11 14  9 13 12 10 20 17 23 18 21 24 22 19 25 31 32 26 28 27 29 30 34 33 37 40 39 38 35 36
 24 19 23 17 21 18 22 20 32 30 26 31 27 28 25 29 36 39 35 33 34 37 38 40 47 48 43 46 41 45 44 42 52 49 55 50 53 56 54 51  1  7  8  2  4  3  5  6 10  9 13 16 15 14 11 12
 40 35 39 33 37 34 38 36 48 46 42 47 43 44 41 45 52 55 51 49 50 53 54 56  7  8  3  6  1  5  4  2 12  9 15 10 13 16 14 11 17 23 24 18 20 19 21 22 26 25 29 32 31 30 27 28
 32 27 31 25 29 26 30 28 40 38 34 39 35 36 33 37 44 47 43 41 42 45 46 48 55 56 51 54 49 53 52 50  4  1  7  2  5  8  6  3  9 15 16 10 12 11 13 14 18 17 21 24 23 22 19 20
  9 12 16 10 14 11 15 13 17 23 19 24 20 21 18 22 29 32 28 26 27 30 31 25 40 33 36 39 34 38 37 35 45 42 48 43 46 41 47 44 50 56 49 51 53 52 54 55  3  2  6  1  8  7  4  5
 25 28 32 26 30 27 31 29 33 39 35 40 36 37 34 38 45 48 44 42 43 46 47 41 56 49 52 55 50 54 53 51  5  2  8  3  6  1  7  4 10 16  9 11 13 12 14 15 19 18 22 17 24 23 20 21
 41 44 48 42 46 43 47 45 49 55 51 56 52 53 50 54  5  8  4  2  3  6  7  1 16  9 12 15 10 14 13 11 21 18 24 19 22 17 23 20 26 32 25 27 29 28 30 31 35 34 38 33 40 39 36 37
 33 36 40 34 38 35 39 37 41 47 43 48 44 45 42 46 53 56 52 50 51 54 55 49  8  1  4  7  2  6  5  3 13 10 16 11 14  9 15 12 18 24 17 19 21 20 22 23 27 26 30 25 32 31 28 29
 17 20 24 18 22 19 23 21 25 31 27 32 28 29 26 30 37 40 36 34 35 38 39 33 48 41 44 47 42 46 45 43 53 50 56 51 54 49 55 52  2  8  1  3  5  4  6  7 11 10 14  9 16 15 12 13
 49 52 56 50 54 51 55 53  1  7  3  8  4  5  2  6 13 16 12 10 11 14 15  9 24 17 20 23 18 22 21 19 29 26 32 27 30 25 31 28 34 40 33 35 37 36 38 39 43 42 46 41 48 47 44 45
  1  4  8  2  6  3  7  5  9 15 11 16 12 13 10 14 21 24 20 18 19 22 23 17 32 25 28 31 26 30 29 27 37 34 40 35 38 33 39 36 42 48 41 43 45 44 46 47 51 50 54 49 56 55 52 53
  2  5  1  3  7  4  8  6 10 16 12  9 13 14 11 15 22 17 21 19 20 23 24 18 25 26 29 32 27 31 30 28 38 35 33 36 39 34 40 37 43 41 42 44 46 45 47 48 52 51 55 50 49 56 53 54
 34 37 33 35 39 36 40 38 42 48 44 41 45 46 43 47 54 49 53 51 52 55 56 50  1  2  5  8  3  7  6  4 14 11  9 12 15 10 16 13 19 17 18 20 22 21 23 24 28 27 31 26 25 32 29 30
 42 45 41 43 47 44 48 46 50 56 52 49 53 54 51 55  6  1  5  3  4  7  8  2  9 10 13 16 11 15 14 12 22 19 17 20 23 18 24 21 27 25 26 28 30 29 31 32 36 35 39 34 33 40 37 38
 50 53 49 51 55 52 56 54  2  8  4  1  5  6  3  7 14  9 13 11 12 15 16 10 17 18 21 24 19 23 22 20 30 27 25 28 31 26 32 29 35 33 34 36 38 37 39 40 44 43 47 42 41 48 45 46
 26 29 25 27 31 28 32 30 34 40 36 33 37 38 35 39 46 41 45 43 44 47 48 42 49 50 53 56 51 55 54 52  6  3  1  4  7  2  8  5 11  9 10 12 14 13 15 16 20 19 23 18 17 24 21 22
 10 13  9 11 15 12 16 14 18 24 20 17 21 22 19 23 30 25 29 27 28 31 32 26 33 34 37 40 35 39 38 36 46 43 41 44 47 42 48 45 51 49 50 52 54 53 55 56  4  3  7  2  1  8  5  6
 18 21 17 19 23 20 24 22 26 32 28 25 29 30 27 31 38 33 37 35 36 39 40 34 41 42 45 48 43 47 46 44 54 51 49 52 55 50 56 53  3  1  2  4  6  5  7  8 12 11 15 10  9 16 13 14
 27 30 26 28 32 29 25 31 35 33 37 34 38 39 36 40 47 42 46 44 45 48 41 43 50 51 54 49 52 56 55 53  7  4  2  5  8  3  1  6 12 10 11 13 15 14 16  9 21 20 24 19 18 17 22 23
 51 54 50 52 56 53 49 55  3  1  5  2  6  7  4  8 15 10 14 12 13 16  9 11 18 19 22 17 20 24 23 21 31 28 26 29 32 27 25 30 36 34 35 37 39 38 40 33 45 44 48 43 42 41 46 47
 19 22 18 20 24 21 17 23 27 25 29 26 30 31 28 32 39 34 38 36 37 40 33 35 42 43 46 41 44 48 47 45 55 52 50 53 56 51 49 54  4  2  3  5  7  6  8  1 13 12 16 11 10  9 14 15
  3  6  2  4  8  5  1  7 11  9 13 10 14 15 12 16 23 18 22 20 21 24 17 19 26 27 30 25 28 32 31 29 39 36 34 37 40 35 33 38 44 42 43 45 47 46 48 41 53 52 56 51 50 49 54 55
 43 46 42 44 48 45 41 47 51 49 53 50 54 55 52 56  7  2  6  4  5  8  1  3 10 11 14  9 12 16 15 13 23 20 18 21 24 19 17 22 28 26 27 29 31 30 32 25 37 36 40 35 34 33 38 39
 11 14 10 12 16 13  9 15 19 17 21 18 22 23 20 24 31 26 30 28 29 32 25 27 34 35 38 33 36 40 39 37 47 44 42 45 48 43 41 46 52 50 51 53 55 54 56 49  5  4  8  3  2  1  6  7
 35 38 34 36 40 37 33 39 43 41 45 42 46 47 44 48 55 50 54 52 53 56 49 51  2  3  6  1  4  8  7  5 15 12 10 13 16 11  9 14 20 18 19 21 23 22 24 17 29 28 32 27 26 25 30 31
  4  7  3  5  1  6  2  8 12 10 14 11 15 16 13  9 24 19 23 21 22 17 18 20 27 28 31 26 29 25 32 30 40 37 35 38 33 36 34 39 45 43 44 46 48 47 41 42 54 53 49 52 51 50 55 56
 52 55 51 53 49 54 50 56  4  2  6  3  7  8  5  1 16 11 15 13 14  9 10 12 19 20 23 18 21 17 24 22 32 29 27 30 25 28 26 31 37 35 36 38 40 39 33 34 46 45 41 44 43 42 47 48
 12 15 11 13  9 14 10 16 20 18 22 19 23 24 21 17 32 27 31 29 30 25 26 28 35 36 39 34 37 33 40 38 48 45 43 46 41 44 42 47 53 51 52 54 56 55 49 50  6  5  1  4  3  2  7  8
 20 23 19 21 17 22 18 24 28 26 30 27 31 32 29 25 40 35 39 37 38 33 34 36 43 44 47 42 45 41 48 46 56 53 51 54 49 52 50 55  5  3  4  6  8  7  1  2 14 13  9 12 11 10 15 16
 36 39 35 37 33 38 34 40 44 42 46 43 47 48 45 41 56 51 55 53 54 49 50 52  3  4  7  2  5  1  8  6 16 13 11 14  9 12 10 15 21 19 20 22 24 23 17 18 30 29 25 28 27 26 31 32
 44 47 43 45 41 46 42 48 52 50 54 51 55 56 53 49  8  3  7  5  6  1  2  4 11 12 15 10 13  9 16 14 24 21 19 22 17 20 18 23 29 27 28 30 32 31 25 26 38 37 33 36 35 34 39 40
 28 31 27 29 25 30 26 32 36 34 38 35 39 40 37 33 48 43 47 45 46 41 42 44 51 52 55 50 53 49 56 54  8  5  3  6  1  4  2  7 13 11 12 14 16 15  9 10 22 21 17 20 19 18 23 24
 21 24 20 22 18 23 19 17 29 27 31 28 32 25 30 26 33 36 40 38 39 34 35 37 44 45 48 43 46 42 41 47 49 54 52 55 50 53 51 56  6  4  5  7  1  8  2  3 15 14 10 13 12 11 16  9
 13 16 12 14 10 15 11  9 21 19 23 20 24 17 22 18 25 28 32 30 31 26 27 29 36 37 40 35 38 34 33 39 41 46 44 47 42 45 43 48 54 52 53 55 49 56 50 51  7  6  2  5  4  3  8  1
 29 32 28 30 26 31 27 25 37 35 39 36 40 33 38 34 41 44 48 46 47 42 43 45 52 53 56 51 54 50 49 55  1  6  4  7  2  5  3  8 14 12 13 15  9 16 10 11 23 22 18 21 20 19 24 17
 53 56 52 54 50 55 51 49  5  3  7  4  8  1  6  2  9 12 16 14 15 10 11 13 20 21 24 19 22 18 17 23 25 30 28 31 26 29 27 32 38 36 37 39 33 40 34 35 47 46 42 45 44 43 48 41
  5  8  4  6  2  7  3  1 13 11 15 12 16  9 14 10 17 20 24 22 23 18 19 21 28 29 32 27 30 26 25 31 33 38 36 39 34 37 35 40 46 44 45 47 41 48 42 43 55 54 50 53 52 51 56 49
 45 48 44 46 42 47 43 41 53 51 55 52 56 49 54 50  1  4  8  6  7  2  3  5 12 13 16 11 14 10  9 15 17 22 20 23 18 21 19 24 30 28 29 31 25 32 26 27 39 38 34 37 36 35 40 33
 37 40 36 38 34 39 35 33 45 43 47 44 48 41 46 42 49 52 56 54 55 50 51 53  4  5  8  3  6  2  1  7  9 14 12 15 10 13 11 16 22 20 21 23 17 24 18 19 31 30 26 29 28 27 32 25
