  4  3 15 12 17  7 23  9 18 24  1 13 22 16 20  8 14  2 11  5 19 21 10  6
  8  6  3 23 19  1 20  7  5 21 10  4 15 24  2  9 11 18 12 14 16 22 13 17
 18 21  5 22 15  3  4 19 20 16  6  8  9 23 24  1  7 13 10  2 14 17 12 11
 12 15 17 11 24  5 10 21 14  2 16 22  8  6  4 18  9 20 19  1 23 13  3  7
  1 20 13  8 12  9 14 15  6  4 19 23 18  7 16  5 10 21 17  3  2 11 22 24
 16 19 18  1 14 20  6  3 13 17 11 15  4 12 22 21  8 24  9  7  5 10  2 23
 22 14 21 16  6 11 13 12 10  7  5 24  2 17 15 23  4 19  8 20  1  3  9 18
 24 13 14 20 16 18  8 17 15  3 21  2 11 19 10 12 22 23  4  6  9  7  5  1
  5 11  6 24 22  8 18  2  9 23 20  7 10 21 19 17  3  1 13 16  4 12 14 15
  7 10  2  4 21 13 11 16  8  1  9 18  5 14  6  3 12 17 22 23 24 15 19 20
  9 23  7 10  2  4  5  1 19 22 17 12 13  3 11 14 16  6 24 15 20 18 21  8
 17  2 19  9 10 23 24 22 11 12 14  3  1 20  7 13 15  5 21 18  8  6  4 16
 19  4 22 14  5 24 16 18  1  6 12 20  7  8 23 10 21  9  3 17 15  2 11 13
  3 22 10 21 18 15  2 24 12  9  4  1 19  5  8 20 23 11  7 13 17 16  6 14
 21  9  4  3  7 17 19 14 24  8 15 10 16 13  1  2 20 22 23 11  6  5 18 12
  6 18 16 19  8 12  9 23  4 13  2  5 20 10  3 24  1  7 15 21 11 14 17 22
 23 16 11 17 13  6 15  4  2 10  8 14 12 18  5 22 24  3 20 19  7  9  1 21
 15  5 12  6  4 21  3 10  7 19 24 16 23  9 18 11 17  8 14 22 13  1 20  2
 20 17 23  2 11 22 21  6 16  5  7 19 14  4 12 15 13 10  1  9 18 24  8  3
 10 12 24 15  3  2 22 20 17 18 23 11  6  1 13  7 19 14  5  8 21  4 16  9
 14 24  1  7 20 16 12  5 22 11 13  9 17 15 21  6 18  4  2 10  3  8 23 19
 11  1  9 13 23 10 17  8 21 15 22  6  3  2 14 19  5 16 18 24 12 20  7  4
  2  8 20  5  1 19  7 13  3 14 18 17 21 11  9  4  6 15 16 12 22 23 24 10
 13  7  8 18  9 14  1 11 23 20  3 21 24 22 17 16  2 12  6  4 10 19 15  5
