 21  7  6 24  8  9 10 18 19 23  5 13 16 22 12 11  3 14  2  1 15  4 20 17
 17 10 15  8  4  2  3 13  7 21 16 22  5 19  1 23  6 11 14 12 20 18 24  9
 14 19 10 11 23 18 21 24 16 20  9  6  8  7  4  5  2 17  3 13  1 22 15 12
 13  2 19  7 16 11 15 23 10 14  1 18  9  6 22  3  8  5 20 17 24 12  4 21
 15 22 16 14 24  6  4 11  3  9 19 21 12  2 18 17  7 20  5 23 13  8  1 10
  8  3  5  1  7 17  6 20 12 18 14 11 21  4 19 16 23 24  9 15  2 10 13 22
  6  4 21  3 15 12 22  8  2 24 20 23 10 18 13  7 19  1 11 16 17  9 14  5
  9 16  2 22  3  5 12 17  6  4 10 15  1 20 21  8 18 13 19 24 23 14  7 11
 24 23 12  4 19 21 16 14  8  1  2  7 13 17 20  6  9 15 10 22  5 11 18  3
  5  1 23  9 14 20  2  7 15 13  8 17 11  3 10 24 22 12 18  4 19 21  6 16
 18 12 13 20 22  1 19  5 11 17  4 24 23 14 15  9 10 21  7  6  3 16  2  8
 20 11 18 17 10 13  9  1 22  5 12  3 24 15  2 14 16  4  8 21  6  7 23 19
 23  5  9 21 17  3 11  4 20  6 22  2 18  1  7 19 15 10 24  8 16 13 12 14
  7  8  4  6 12 22 17 19 14  3 15  9  2 10 16 13 24 23  1 11 21 20  5 18
  3 17  8 15  9  4 23 22  5 11 13 12 14 24  6  2 20 18 16 10  7 19 21  1
  1 20 14 16  6 10  5 21 17 22 11  4 15 12  3 18 13  7 23 19  8 24  9  2
  4 14  3  5  1  8 13 12 23  2 17 19 22 11 24 10 21  9 15  7 18  6 16 20
  2  9 20 19 11 23  1  3 13 10 21  5  7 16 14 15  4  6 22 18 12 17  8 24
 16 13 17  2  5 24  8  9 18 15  6 20  3 23 11 21 12 19  4 14 10  1 22  7
 22 15 11 13  2 19 20  6 24  7 18 10 17 21  8  4  1 16 12  9 14  5  3 23
 12 21  1 23 13  7 18 10  9 19 24 16  4  5 17 20 14  8  6  2 22  3 11 15
 10  6 22 18 20 14 24  2  1 16  7  8 19 13 23 12 11  3 21  5  9 15 17  4
 19 18 24 12 21 15  7 16  4  8 23 14 20  9  5  1 17 22 13  3 11  2 10  6
 11 24  7 10 18 16 14 15 21 12  3  1  6  8  9 22  5  2 17 20  4 23 19 13
