  3 11  1 12  4  9 22  6 15  5 14 16 10  2 13 24  8 19 18 17 23  7 20 21
 18 14 15 10 12 24  4 16  6  3  1 20 13 17  2  8  5 21 22 23  9 19  7 11
  8 12 11 23 13 21 19 15 20 24  6 17  3 22  7 10  2 16  1 14 18  4  9  5
  7 21 20 22 23  1  3 14  4 16 15 13  9  8 11  5 10  6 19 12 24  2 18 17
 24 20 16  3 17  8  1 13 23 22  4 10  6 14 19 18 15 11  9  7  5 21  2 12
 22  1 14  8 11  2 24 21  9 18  5  7  4 15  6 16 12 13 10  3 17 20 19 23
 17 23  5  7 14 18 12 20 19 11 24 21 16  1 22  3  4  9 13  2 10  8 15  6
  2  6 18 17 20  3  7 10 12 13 22  9  5 19  4 21  1 23  8 24 11 15 14 16
 19  4 13 24 22 16  5 18  7 14 12  2 11 21  9 23  3 17 15 20  1  6 10  8
 15  5  2 21  7 10 17  9  1  8  3 19 24 23 14 20 22 18  6 11 16 12  4 13
 16 13  6  9 15 19  2 23 10 21 11  8 20 18 17 12 14  7  4  5 22  3  1 24
  9 10 19  4  5  6  8 11  2 17 23 18  7 12 15  1 20 24 21 16 13 14  3 22
  5 17 10  1 19 22 14 24  8  7  2  6 18 13 23 11  9 15  3 21  4 16 12 20
 12 18  9 20 21  5 10 22  3  1 19 24 15  6 16 14 11  4 17 13  7 23  8  2
  1 16 12  2 10 11 23 19 17  6 21 15 22  7 20 13 18  5 14  4  8  9 24  3
 14 19 21  6 24 23 11 17 22 10 13  5  2 20  8 15  7  1 12  9  3 18 16  4
 13 22 17  5  3  7 21  4 16 23 10 12 14 11  1  9 19  8 20 18  2 24  6 15
 21 15 22 19  1 17  6  3 24 12  7 14  8  9  5  4 13  2 16 10 20 11 23 18
 20  7 24 13  9 12 16  5 21 19 17  3 23  4 18 22  6 14  2  8 15 10 11  1
 10  9  7 18  6 20 13  1  5  4  8 22 12 16 24  2 23  3 11 15 14 17 21 19
 23  8  3 15 16 14  9 12 11  2 18  4 19  5 10  6 17 20 24  1 21 13 22  7
  6  2  4 11  8 15 20  7 18  9 16  1 21 10  3 17 24 22 23 19 12  5 13 14
 11  3  8 14 18  4 15  2 13 20  9 23 17 24 21 19 16 12  7 22  6  1  5 10
  4 24 23 16  2 13 18  8 14 15 20 11  1  3 12  7 21 10  5  6 19 22 17  9
