 12  4 24 18 13 10  8  2 20  5  6 15 11 22  9 19 23 14 21 17  7 16  3  1
 15 23  9  5  3 16 14 17 19  8 20 10  4 18 11 22 12  6 13  1  2 21  7 24
 17 16  6 23 18 24 13  9 14  2  8 19  3 12 10 20 22 21  5  7  1  4 15 11
  2 13 12 11 19 15 10 24  3 18  9 21  1 17 14  7 16  4 23  6 22  5  8 20
 20 21  4 16 12 11  3 19  9 24  5 13  6  2  1 23 10  7 22 14  8 15 18 17
  5 24  2 17 20 23 16  1 10 15  3 14  8  7 21  6 11 19 12  4 13 18 22  9
  8 14 13 22 17  2  7  4 16 12 24 18  9 19  3  5 15  1 10 11  6 20 21 23
 22 10 15  7  4  9 12 18 13 17 11  1 21 14  8  2  5  3 19 20 24 23  6 16
  7 11 21 20 22  8 15 23  1  6  2 12  5 10 18 13  9 24  3 16 14 17  4 19
 19 18  8  3  7  1  5  6 23 21 17 22 13 24  4 16  2 20  9 15 10 11 14 12
  6  3 10  1  5 14 11 21  7 22 23  4 20 16 15 12 17  8 24 18 19  9 13  2
  9  1 14 19  6 21 22 20 11  4 16  7 23 15 24 17 18 13  8  2  3 12  5 10
  3 15  7 10  8 18 24 22  6  9 12 11 14  5 23  4  1 16 17 21 20 19  2 13
 21 20 18 13 23  7 17 16 22 19 15  2 12  9  6 10  4  5 14  3 11 24  1  8
 18  7 17  8 21 12  2  3  4 14 13  6 16 23 22 24 19 10 20  5  9  1 11 15
  4  9  3 15  2  6 18  5  8 16 22 17 24  1 20 14 21 12 11 13 23 10 19  7
 13  2  1 14 10  3  4  7 15 11 21 16 17  6  5  9 20 23 18 19 12  8 24 22
 23  5 20 24 15 13 19 10 17  7 18  9 22 21 16  1 14 11  6  8  4  2 12  3
 11 12  5  9 14 20 21 15  2 13  7  8 18  4 19  3 24 17  1 23 16 22 10  6
 14 19 23 21  1 17  9 11  5  3  4 20 10 13 12  8  6 22  2 24 15  7 16 18
 24 17 19  6 16  5  1 14 12 23 10  3 15 11  2 18  8  9  7 22 21 13 20  4
  1  6 16  4  9 22 20  8 18 10 19 24  7  3 17 11 13  2 15 12  5 14 23 21
 10  8 22  2 11  4  6 12 24  1 14 23 19 20 13 21  7 15 16  9 18  3 17  5
 16 22 11 12 24 19 23 13 21 20  1  5  2  8  7 15  3 18  4 10 17  6  9 14
