 16 17  4 12  8 13 20 14  2 21 11  5  7 19  9 18  3  6 15  1 10
 21 18 11  5  2 16 10  1 13 20  9  7  3 12  8 19  4 15  6 14 17
  1 10  5 21 20 19  7 16 17  2 14  3 11 15  6 12  9  8 13 18  4
 12 13 15  1 11 17  5  3  4 10  6 18  2 20 14  7 21 16  9  8 19
  3 14  6 18  7 15 21  8  9 19 12  4 10  5 16 17  1 13 20 11  2
  2  7 19  6  3  9 15 11 18  8 16  1  4 17 13 20 14 10 12 21  5
  9  8 20  4 14 10  6 12 19 17 15 13 21  1 18  5 11  2 16  7  3
 18 20 14  7 19  3  4 15 16  5  8 17 13 21  2 10  6 11  1  9 12
 15  1  7  8  9 20 17  2  3  6 13 12 16 11  5 14 19 18 10  4 21
 10 19  9 14  4  6 18  5 11  1  7 20 12  3 17 16 15 21  8  2 13
  8  3 16 10  1 12 14 20  7 15 19 21  6 18  4  2 13  9  5 17 11
  6 12  2 15 18 11  8 13 21  4  3 16 19  9 10  1  5 17 14 20  7
 17 11 13 16  5 21 19  9  1 14 10  2 15  7 20  4  8 12 18  3  6
  5  4 21 13 17  2 12  6 10 11 18  9 14  8  1  3  7 20 19 15 16
  7  5 12  9 10 14  2 21 20 16  1  8 18  4  3  6 17 19 11 13 15
 11  6 18 20 16  1  9 10 14  7  2 19 17 13 21 15 12  4  3  5  8
 19  9  1  2  6  7 16 18  5 13 17 15  8 10 11 21 20  3  4 12 14
 20  2 10 11 15  5  1 17  8  3  4 14  9  6 12 13 16  7 21 19 18
  4 15 17  3 21  8 13 19  6 12  5 10 20 14  7 11 18  1  2 16  9
 13 21  3 17 12 18 11  4 15  9 20  6  5 16 19  8  2 14  7 10  1
 14 16  8 19 13  4  3  7 12 18 21 11  1  2 15  9 10  5 17  6 20
