  6  3 13 21  7  5 12 17  4 16 10 11 15 18 20  1 19 14  8  9  2
 18  1  7 14  3 10 21 19 16 12  5  4  6 17  2 15  8  9 11 20 13
  8 15 10 18  9 16  7 14  3  6 19  2  4  5 11 20 12 13  1 17 21
  4 11 17  6 15  8 10  1 20  7 14  3 21  9 13  5  2 18 12 16 19
 12  9  2 13  4 19 18  5  8 21 15 20  7 14  1 11 16 17  3  6 10
 19 16 21 12 17 20 15 11  2  1  9 13 10  3  8  4  7  6 14  5 18
 14  5 20 11  2  1  9  6 13 17 18  8 19 16 12  3 21 10 15  7  4
 10 19  4 16  1 18 14 15 17 13  7  6  2 20  3 12  5  8 21 11  9
 20 14 11 10 21  2  5  9 18  8 17 16 13  7  6 19  3  1  4 12 15
  9  8 18  5 13 11  2 10 21 15 12 14 17  4 19  7  6 20 16  3  1
  1 12  6  8 19  9 20  7 11  2  3  5 16 15 18 14  4 21 10 13 17
  5  2  3  4  6 14  1 16 19  9 20 10 12 11 21 17 13 15  7 18  8
 21  7 16 15 12 17 13  3  6 19  4 18  8  1  5  9 10 11 20  2 14
 17 13 15  3 20  7  8  4 12 11 21  1  9 10 14 16 18  2  6 19  5
 11 18  1  7  8  4 17  2  5  3 13 12 20  6 10 21 14 19  9 15 16
 13  4 14 19 18  3 16 12  1  5  2  9 11 21 15 10 20  7 17  8  6
  2 10  8 17 16 13  4 20  7 18  1 15 14 12  9  6 11  5 19 21  3
  3  6  5 20 10 12 19  8  9  4 11 21  1  2 17 13 15 16 18 14  7
 16 17  9  2 11 21  3 13 15 14  6  7 18 19  4  8  1 12  5 10 20
  7 20 12  9  5 15  6 21 14 10  8 19  3 13 16 18 17  4  2  1 11
 15 21 19  1 14  6 11 18 10 20 16 17  5  8  7  2  9  3 13  4 12
