  6  4 12 14 20  8 11 23  1 15 21 17  5 19 16  9  2 22 18 13  3 10  7
 22  6  5 15 18 10  8 16 19  1 23  2 13  9  4  3 20  7 17 11 12 14 21
  7 20  6 22  2  1 23 14 10 11 12  5  9  3 19  8 15  4 13 17 18 21 16
 19  1  8  7 15 22 17 10 23  9 14 12 21 16 11  4 13  3  6 18  5  2 20
  1 11 23 16  7 15 21  3 17 13 10 14 18  5 12 22  4 20 19  8  9  6  2
  9 22  3  8 13  2 14 15  4 17 20 19 12 10 21  7 23  6 11  1 16 18  5
 16  9  1  2 21 20  7  4  3  6  5 22 14 15 10 19 12 13  8 23 17 11 18
  5  8 15 12 22 21 13 20 16  2  6  3 17 14 23  1 19 18  9  4 10  7 11
 17  7 21 23  8 14 15 22 20 19  1 18  3  2 13 11  5 12  4  9  6 16 10
 18 19  2  1  3  9  5 11 12  8 13  6 10  4 14 21 17 16 20  7 22 15 23
  2 15  9  4 16 17 10 18 13  7  8 23 19  6  5 14 11  1 22 20 21 12  3
 14 16 19 20  1  3  2 21  6 10 22  9 15  8 18  5  7 11 23 12 13 17  4
  8 18 22 10 12 13  1  7 15 14 19 21 23 17  3 20  9  5  2 16 11  4  6
 15 23 13 17 11 12 22  8  2  3  7  1  4 21  6 16 18  9  5 10 20 19 14
 12 17  7 21  6  4 16  1 18 23 11 20 22 13 15  2 14  8 10  5 19  3  9
 21  5 18  9 23  7 12  6 22  4  3 11  8  1  2 10 16 17 14 19 15 20 13
 13  2 16 11 14 19  3 12  8 20  9 10  1 22 17 18 21 23  7  6  4  5 15
 20 14 17 18  5 16  6 19 11 12 15  4  2 23  9 13 10 21  3 22  7  8  1
 11 10 20  6 17 18  9  2  7  5  4  8 16 12  1 23  3 19 21 15 14 13 22
  4 12 14  5  9 11 19 17 21 18  2 13  6 20  7 15  1 10 16  3 23 22  8
 10 13 11  3  4 23 20  9  5 21 17 16  7 18  8  6 22 15 12 14  2  1 19
  3 21 10 13 19  6  4  5  9 16 18  7 20 11 22 12  8 14 15  2  1 23 17
 23  3  4 19 10  5 18 13 14 22 16 15 11  7 20 17  6  2  1 21  8  9 12
