0.006929400027729571
0.00612660008482635
0.006329099996946752
0.0065212000627070665
0.006267799995839596
0.007086099940352142
0.00600220006890595
0.00576640001963824
0.006229100050404668
0.005677300039678812
0.007414799998514354
0.00670719996560365
0.007004900020547211
0.00653519993647933
0.006975499913096428
0.01103060005698353
0.006823300034739077
0.006117700017057359
0.006409900030121207
0.008796799927949905
0.007559299934655428
0.007846099906601012
0.006783599965274334
0.006962399929761887
0.0064270999282598495
0.006365200038999319
0.009654899942688644
0.006742700003087521
0.007874200004152954
0.01036379998549819
0.006505600060336292
0.005978000001050532
0.006777400034479797
0.007167399977333844
0.0065379999577999115
0.006972800008952618
0.007064599893055856
0.00633700005710125
0.0059813999105244875
0.005770500050857663
0.007541899918578565
0.007293200003914535
0.00638140004593879
0.006380600039847195
0.00694409990683198
0.00535009999293834
0.006996899959631264
0.0065481000347062945
0.006459300057031214
0.005624699988402426
0.008905800059437752
0.007589199929498136
0.006749000051058829
0.006337999948300421
0.006711399997584522
0.006700300029478967
0.006934199947863817
0.006952900090254843
0.01049590006005019
0.006826000055298209
0.008139400044456124
0.007246199995279312
0.007007900043390691
0.009005400002934039
0.00869089993648231
0.006032600067555904
0.0068274000659585
0.007580999983474612
0.007243099971674383
0.0062538000056520104
0.007064899895340204
0.006368399946950376
0.0070569999516010284
0.006946500041522086
0.007379599963314831
0.006571499980054796
0.007150599965825677
0.006552700069732964
0.0060418000211939216
0.009500700049102306
0.0065891999984160066
0.006389199988916516
0.005922199925407767
0.00743330002296716
0.006344499997794628
0.007075899979099631
0.006546800024807453
0.007509200018830597
0.0061468998901546
0.006363000022247434
0.008156800060532987
0.005967900040559471
0.007794499979354441
0.006778399925678968
0.00618440005928278
0.0063489999156445265
0.00612060003913939
0.009381200070492923
0.010643200017511845
0.007919499999843538
