 52 55 56 49 50 51 53 54 58 59 60 61 62 57 63 64  5  3  7  6  8  4  2  1 14  9 11 16 15 10 12 13 19 24 22 20 23 21 17 18 25 26 29 32 28 31 27 30 33 40 37 38 35 36 39 34 44 43 42 46 48 45 47 41
 36 39 40 33 34 35 37 38 42 43 44 45 46 41 47 48 53 51 55 54 56 52 50 49 62 57 59 64 63 58 60 61  3  8  6  4  7  5  1  2  9 10 13 16 12 15 11 14 17 24 21 22 19 20 23 18 28 27 26 30 32 29 31 25
 20 23 24 17 18 19 21 22 26 27 28 29 30 25 31 32 37 35 39 38 40 36 34 33 46 41 43 48 47 42 44 45 51 56 54 52 55 53 49 50 57 58 61 64 60 63 59 62  1  8  5  6  3  4  7  2 12 11 10 14 16 13 15  9
 44 47 48 41 42 43 45 46 50 51 52 53 54 49 55 56 61 59 63 62 64 60 58 57  6  1  3  8  7  2  4  5 11 16 14 12 15 13  9 10 17 18 21 24 20 23 19 22 25 32 29 30 27 28 31 26 36 35 34 38 40 37 39 33
 12 15 16  9 10 11 13 14 18 19 20 21 22 17 23 24 29 27 31 30 32 28 26 25 38 33 35 40 39 34 36 37 43 48 46 44 47 45 41 42 49 50 53 56 52 55 51 54 57 64 61 62 59 60 63 58  4  3  2  6  8  5  7  1
 60 63 64 57 58 59 61 62  2  3  4  5  6  1  7  8 13 11 15 14 16 12 10  9 22 17 19 24 23 18 20 21 27 32 30 28 31 29 25 26 33 34 37 40 36 39 35 38 41 48 45 46 43 44 47 42 52 51 50 54 56 53 55 49
  4  7  8  1  2  3  5  6 10 11 12 13 14  9 15 16 21 19 23 22 24 20 18 17 30 25 27 32 31 26 28 29 35 40 38 36 39 37 33 34 41 42 45 48 44 47 43 46 49 56 53 54 51 52 55 50 60 59 58 62 64 61 63 57
 28 31 32 25 26 27 29 30 34 35 36 37 38 33 39 40 45 43 47 46 48 44 42 41 54 49 51 56 55 50 52 53 59 64 62 60 63 61 57 58  1  2  5  8  4  7  3  6  9 16 13 14 11 12 15 10 20 19 18 22 24 21 23 17
 13 16  9 10 11 12 14 15 19 20 21 22 23 18 24 17 30 28 32 31 25 29 27 26 39 34 36 33 40 35 37 38 44 41 47 45 48 46 42 43 50 51 54 49 53 56 52 55 58 57 62 63 60 61 64 59  5  4  3  7  1  6  8  2
 29 32 25 26 27 28 30 31 35 36 37 38 39 34 40 33 46 44 48 47 41 45 43 42 55 50 52 49 56 51 53 54 60 57 63 61 64 62 58 59  2  3  6  1  5  8  4  7 10  9 14 15 12 13 16 11 21 20 19 23 17 22 24 18
 45 48 41 42 43 44 46 47 51 52 53 54 55 50 56 49 62 60 64 63 57 61 59 58  7  2  4  1  8  3  5  6 12  9 15 13 16 14 10 11 18 19 22 17 21 24 20 23 26 25 30 31 28 29 32 27 37 36 35 39 33 38 40 34
 53 56 49 50 51 52 54 55 59 60 61 62 63 58 64 57  6  4  8  7  1  5  3  2 15 10 12  9 16 11 13 14 20 17 23 21 24 22 18 19 26 27 30 25 29 32 28 31 34 33 38 39 36 37 40 35 45 44 43 47 41 46 48 42
  5  8  1  2  3  4  6  7 11 12 13 14 15 10 16  9 22 20 24 23 17 21 19 18 31 26 28 25 32 27 29 30 36 33 39 37 40 38 34 35 42 43 46 41 45 48 44 47 50 49 54 55 52 53 56 51 61 60 59 63 57 62 64 58
 37 40 33 34 35 36 38 39 43 44 45 46 47 42 48 41 54 52 56 55 49 53 51 50 63 58 60 57 64 59 61 62  4  1  7  5  8  6  2  3 10 11 14  9 13 16 12 15 18 17 22 23 20 21 24 19 29 28 27 31 25 30 32 26
 61 64 57 58 59 60 62 63  3  4  5  6  7  2  8  1 14 12 16 15  9 13 11 10 23 18 20 17 24 19 21 22 28 25 31 29 32 30 26 27 34 35 38 33 37 40 36 39 42 41 46 47 44 45 48 43 53 52 51 55 49 54 56 50
 21 24 17 18 19 20 22 23 27 28 29 30 31 26 32 25 38 36 40 39 33 37 35 34 47 42 44 41 48 43 45 46 52 49 55 53 56 54 50 51 58 59 62 57 61 64 60 63  2  1  6  7  4  5  8  3 13 12 11 15  9 14 16 10
  6  1  2  3  4  5  7  8 12 13 14 15 16 11  9 10 23 21 17 24 18 22 20 19 32 27 29 26 25 28 30 31 37 34 40 38 33 39 35 36 43 44 47 42 46 41 45 48 51 50 55 56 53 54 49 52 62 61 60 64 58 63 57 59
 22 17 18 19 20 21 23 24 28 29 30 31 32 27 25 26 39 37 33 40 34 38 36 35 48 43 45 42 41 44 46 47 53 50 56 54 49 55 51 52 59 60 63 58 62 57 61 64  3  2  7  8  5  6  1  4 14 13 12 16 10 15  9 11
 38 33 34 35 36 37 39 40 44 45 46 47 48 43 41 42 55 53 49 56 50 54 52 51 64 59 61 58 57 60 62 63  5  2  8  6  1  7  3  4 11 12 15 10 14  9 13 16 19 18 23 24 21 22 17 20 30 29 28 32 26 31 25 27
 62 57 58 59 60 61 63 64  4  5  6  7  8  3  1  2 15 13  9 16 10 14 12 11 24 19 21 18 17 20 22 23 29 26 32 30 25 31 27 28 35 36 39 34 38 33 37 40 43 42 47 48 45 46 41 44 54 53 52 56 50 55 49 51
 46 41 42 43 44 45 47 48 52 53 54 55 56 51 49 50 63 61 57 64 58 62 60 59  8  3  5  2  1  4  6  7 13 10 16 14  9 15 11 12 19 20 23 18 22 17 21 24 27 26 31 32 29 30 25 28 38 37 36 40 34 39 33 35
 54 49 50 51 52 53 55 56 60 61 62 63 64 59 57 58  7  5  1  8  2  6  4  3 16 11 13 10  9 12 14 15 21 18 24 22 17 23 19 20 27 28 31 26 30 25 29 32 35 34 39 40 37 38 33 36 46 45 44 48 42 47 41 43
 30 25 26 27 28 29 31 32 36 37 38 39 40 35 33 34 47 45 41 48 42 46 44 43 56 51 53 50 49 52 54 55 61 58 64 62 57 63 59 60  3  4  7  2  6  1  5  8 11 10 15 16 13 14  9 12 22 21 20 24 18 23 17 19
 14  9 10 11 12 13 15 16 20 21 22 23 24 19 17 18 31 29 25 32 26 30 28 27 40 35 37 34 33 36 38 39 45 42 48 46 41 47 43 44 51 52 55 50 54 49 53 56 59 58 63 64 61 62 57 60  6  5  4  8  2  7  1  3
 63 58 59 60 61 62 64 57  5  6  7  8  1  4  2  3 16 14 10  9 11 15 13 12 17 20 22 19 18 21 23 24 30 27 25 31 26 32 28 29 36 37 40 35 39 34 38 33 44 43 48 41 46 47 42 45 55 54 53 49 51 56 50 52
 15 10 11 12 13 14 16  9 21 22 23 24 17 20 18 19 32 30 26 25 27 31 29 28 33 36 38 35 34 37 39 40 46 43 41 47 42 48 44 45 52 53 56 51 55 50 54 49 60 59 64 57 62 63 58 61  7  6  5  1  3  8  2  4
 23 18 19 20 21 22 24 17 29 30 31 32 25 28 26 27 40 38 34 33 35 39 37 36 41 44 46 43 42 45 47 48 54 51 49 55 50 56 52 53 60 61 64 59 63 58 62 57  4  3  8  1  6  7  2  5 15 14 13  9 11 16 10 12
 55 50 51 52 53 54 56 49 61 62 63 64 57 60 58 59  8  6  2  1  3  7  5  4  9 12 14 11 10 13 15 16 22 19 17 23 18 24 20 21 28 29 32 27 31 26 30 25 36 35 40 33 38 39 34 37 47 46 45 41 43 48 42 44
 47 42 43 44 45 46 48 41 53 54 55 56 49 52 50 51 64 62 58 57 59 63 61 60  1  4  6  3  2  5  7  8 14 11  9 15 10 16 12 13 20 21 24 19 23 18 22 17 28 27 32 25 30 31 26 29 39 38 37 33 35 40 34 36
  7  2  3  4  5  6  8  1 13 14 15 16  9 12 10 11 24 22 18 17 19 23 21 20 25 28 30 27 26 29 31 32 38 35 33 39 34 40 36 37 44 45 48 43 47 42 46 41 52 51 56 49 54 55 50 53 63 62 61 57 59 64 58 60
 39 34 35 36 37 38 40 33 45 46 47 48 41 44 42 43 56 54 50 49 51 55 53 52 57 60 62 59 58 61 63 64  6  3  1  7  2  8  4  5 12 13 16 11 15 10 14  9 20 19 24 17 22 23 18 21 31 30 29 25 27 32 26 28
 31 26 27 28 29 30 32 25 37 38 39 40 33 36 34 35 48 46 42 41 43 47 45 44 49 52 54 51 50 53 55 56 62 59 57 63 58 64 60 61  4  5  8  3  7  2  6  1 12 11 16  9 14 15 10 13 23 22 21 17 19 24 18 20
  8  3  4  5  6  7  1  2 14 15 16  9 10 13 11 12 17 23 19 18 20 24 22 21 26 29 31 28 27 30 32 25 39 36 34 40 35 33 37 38 45 46 41 44 48 43 47 42 53 52 49 50 55 56 51 54 64 63 62 58 60 57 59 61
 48 43 44 45 46 47 41 42 54 55 56 49 50 53 51 52 57 63 59 58 60 64 62 61  2  5  7  4  3  6  8  1 15 12 10 16 11  9 13 14 21 22 17 20 24 19 23 18 29 28 25 26 31 32 27 30 40 39 38 34 36 33 35 37
 16 11 12 13 14 15  9 10 22 23 24 17 18 21 19 20 25 31 27 26 28 32 30 29 34 37 39 36 35 38 40 33 47 44 42 48 43 41 45 46 53 54 49 52 56 51 55 50 61 60 57 58 63 64 59 62  8  7  6  2  4  1  3  5
 64 59 60 61 62 63 57 58  6  7  8  1  2  5  3  4  9 15 11 10 12 16 14 13 18 21 23 20 19 22 24 17 31 28 26 32 27 25 29 30 37 38 33 36 40 35 39 34 45 44 41 42 47 48 43 46 56 55 54 50 52 49 51 53
 32 27 28 29 30 31 25 26 38 39 40 33 34 37 35 36 41 47 43 42 44 48 46 45 50 53 55 52 51 54 56 49 63 60 58 64 59 57 61 62  5  6  1  4  8  3  7  2 13 12  9 10 15 16 11 14 24 23 22 18 20 17 19 21
 56 51 52 53 54 55 49 50 62 63 64 57 58 61 59 60  1  7  3  2  4  8  6  5 10 13 15 12 11 14 16  9 23 20 18 24 19 17 21 22 29 30 25 28 32 27 31 26 37 36 33 34 39 40 35 38 48 47 46 42 44 41 43 45
 40 35 36 37 38 39 33 34 46 47 48 41 42 45 43 44 49 55 51 50 52 56 54 53 58 61 63 60 59 62 64 57  7  4  2  8  3  1  5  6 13 14  9 12 16 11 15 10 21 20 17 18 23 24 19 22 32 31 30 26 28 25 27 29
 24 19 20 21 22 23 17 18 30 31 32 25 26 29 27 28 33 39 35 34 36 40 38 37 42 45 47 44 43 46 48 41 55 52 50 56 51 49 53 54 61 62 57 60 64 59 63 58  5  4  1  2  7  8  3  6 16 15 14 10 12  9 11 13
 33 36 37 38 39 40 34 35 47 48 41 42 43 46 44 45 50 56 52 51 53 49 55 54 59 62 64 61 60 63 57 58  8  5  3  1  4  2  6  7 14 15 10 13  9 12 16 11 22 21 18 19 24 17 20 23 25 32 31 27 29 26 28 30
 41 44 45 46 47 48 42 43 55 56 49 50 51 54 52 53 58 64 60 59 61 57 63 62  3  6  8  5  4  7  1  2 16 13 11  9 12 10 14 15 22 23 18 21 17 20 24 19 30 29 26 27 32 25 28 31 33 40 39 35 37 34 36 38
 57 60 61 62 63 64 58 59  7  8  1  2  3  6  4  5 10 16 12 11 13  9 15 14 19 22 24 21 20 23 17 18 32 29 27 25 28 26 30 31 38 39 34 37 33 36 40 35 46 45 42 43 48 41 44 47 49 56 55 51 53 50 52 54
 17 20 21 22 23 24 18 19 31 32 25 26 27 30 28 29 34 40 36 35 37 33 39 38 43 46 48 45 44 47 41 42 56 53 51 49 52 50 54 55 62 63 58 61 57 60 64 59  6  5  2  3  8  1  4  7  9 16 15 11 13 10 12 14
 25 28 29 30 31 32 26 27 39 40 33 34 35 38 36 37 42 48 44 43 45 41 47 46 51 54 56 53 52 55 49 50 64 61 59 57 60 58 62 63  6  7  2  5  1  4  8  3 14 13 10 11 16  9 12 15 17 24 23 19 21 18 20 22
 49 52 53 54 55 56 50 51 63 64 57 58 59 62 60 61  2  8  4  3  5  1  7  6 11 14 16 13 12 15  9 10 24 21 19 17 20 18 22 23 30 31 26 29 25 28 32 27 38 37 34 35 40 33 36 39 41 48 47 43 45 42 44 46
  9 12 13 14 15 16 10 11 23 24 17 18 19 22 20 21 26 32 28 27 29 25 31 30 35 38 40 37 36 39 33 34 48 45 43 41 44 42 46 47 54 55 50 53 49 52 56 51 62 61 58 59 64 57 60 63  1  8  7  3  5  2  4  6
  1  4  5  6  7  8  2  3 15 16  9 10 11 14 12 13 18 24 20 19 21 17 23 22 27 30 32 29 28 31 25 26 40 37 35 33 36 34 38 39 46 47 42 45 41 44 48 43 54 53 50 51 56 49 52 55 57 64 63 59 61 58 60 62
 42 45 46 47 48 41 43 44 56 49 50 51 52 55 53 54 59 57 61 60 62 58 64 63  4  7  1  6  5  8  2  3  9 14 12 10 13 11 15 16 23 24 19 22 18 21 17 20 31 30 27 28 25 26 29 32 34 33 40 36 38 35 37 39
  2  5  6  7  8  1  3  4 16  9 10 11 12 15 13 14 19 17 21 20 22 18 24 23 28 31 25 30 29 32 26 27 33 38 36 34 37 35 39 40 47 48 43 46 42 45 41 44 55 54 51 52 49 50 53 56 58 57 64 60 62 59 61 63
 58 61 62 63 64 57 59 60  8  1  2  3  4  7  5  6 11  9 13 12 14 10 16 15 20 23 17 22 21 24 18 19 25 30 28 26 29 27 31 32 39 40 35 38 34 37 33 36 47 46 43 44 41 42 45 48 50 49 56 52 54 51 53 55
 26 29 30 31 32 25 27 28 40 33 34 35 36 39 37 38 43 41 45 44 46 42 48 47 52 55 49 54 53 56 50 51 57 62 60 58 61 59 63 64  7  8  3  6  2  5  1  4 15 14 11 12  9 10 13 16 18 17 24 20 22 19 21 23
 34 37 38 39 40 33 35 36 48 41 42 43 44 47 45 46 51 49 53 52 54 50 56 55 60 63 57 62 61 64 58 59  1  6  4  2  5  3  7  8 15 16 11 14 10 13  9 12 23 22 19 20 17 18 21 24 26 25 32 28 30 27 29 31
 10 13 14 15 16  9 11 12 24 17 18 19 20 23 21 22 27 25 29 28 30 26 32 31 36 39 33 38 37 40 34 35 41 46 44 42 45 43 47 48 55 56 51 54 50 53 49 52 63 62 59 60 57 58 61 64  2  1  8  4  6  3  5  7
 18 21 22 23 24 17 19 20 32 25 26 27 28 31 29 30 35 33 37 36 38 34 40 39 44 47 41 46 45 48 42 43 49 54 52 50 53 51 55 56 63 64 59 62 58 61 57 60  7  6  3  4  1  2  5  8 10  9 16 12 14 11 13 15
 50 53 54 55 56 49 51 52 64 57 58 59 60 63 61 62  3  1  5  4  6  2  8  7 12 15  9 14 13 16 10 11 17 22 20 18 21 19 23 24 31 32 27 30 26 29 25 28 39 38 35 36 33 34 37 40 42 41 48 44 46 43 45 47
 19 22 23 24 17 18 20 21 25 26 27 28 29 32 30 31 36 34 38 37 39 35 33 40 45 48 42 47 46 41 43 44 50 55 53 51 54 52 56 49 64 57 60 63 59 62 58 61  8  7  4  5  2  3  6  1 11 10  9 13 15 12 14 16
 27 30 31 32 25 26 28 29 33 34 35 36 37 40 38 39 44 42 46 45 47 43 41 48 53 56 50 55 54 49 51 52 58 63 61 59 62 60 64 57  8  1  4  7  3  6  2  5 16 15 12 13 10 11 14  9 19 18 17 21 23 20 22 24
 51 54 55 56 49 50 52 53 57 58 59 60 61 64 62 63  4  2  6  5  7  3  1  8 13 16 10 15 14  9 11 12 18 23 21 19 22 20 24 17 32 25 28 31 27 30 26 29 40 39 36 37 34 35 38 33 43 42 41 45 47 44 46 48
 11 14 15 16  9 10 12 13 17 18 19 20 21 24 22 23 28 26 30 29 31 27 25 32 37 40 34 39 38 33 35 36 42 47 45 43 46 44 48 41 56 49 52 55 51 54 50 53 64 63 60 61 58 59 62 57  3  2  1  5  7  4  6  8
  3  6  7  8  1  2  4  5  9 10 11 12 13 16 14 15 20 18 22 21 23 19 17 24 29 32 26 31 30 25 27 28 34 39 37 35 38 36 40 33 48 41 44 47 43 46 42 45 56 55 52 53 50 51 54 49 59 58 57 61 63 60 62 64
 35 38 39 40 33 34 36 37 41 42 43 44 45 48 46 47 52 50 54 53 55 51 49 56 61 64 58 63 62 57 59 60  2  7  5  3  6  4  8  1 16  9 12 15 11 14 10 13 24 23 20 21 18 19 22 17 27 26 25 29 31 28 30 32
 59 62 63 64 57 58 60 61  1  2  3  4  5  8  6  7 12 10 14 13 15 11  9 16 21 24 18 23 22 17 19 20 26 31 29 27 30 28 32 25 40 33 36 39 35 38 34 37 48 47 44 45 42 43 46 41 51 50 49 53 55 52 54 56
 43 46 47 48 41 42 44 45 49 50 51 52 53 56 54 55 60 58 62 61 63 59 57 64  5  8  2  7  6  1  3  4 10 15 13 11 14 12 16  9 24 17 20 23 19 22 18 21 32 31 28 29 26 27 30 25 35 34 33 37 39 36 38 40
