 11 17  2 12  7  9 15 14 10 16 21  1  8  6 13  3 20 19 22 24  4 23  5 18
 12 15 23  5 19 16  3 20  8 10 18 17  1 24  9  4  2  6 14 11  7 13 22 21
 17  1 21  7 20 10  4  6 12 18 23  2 22 15 19  5  8  3 13  9 11 24 16 14
  9 11  8 13 22 18  5 24  4  3  2 14 17  1  6 15 10 20  7 12 16 21 19 23
  3 20  5 22  1  4 16 23 21  6 10 13 24 17 14 19 11 15 12  2  9  7 18  8
 20  5  9  2 21 19  7 15 23 12 13 11  6 16 10 22  1  8  4 14 24 18 17  3
 15 13 19 20  6 22 17  3  9  8 16  5 18 11 24  1  7  2 23  4 12 14 21 10
 19 23 22  8 24  1  2  5  7 21 20  9 13  3 15 14  4 10  6 18 17 16 11 12
  7 21 10  6 12 17 13  8  5 11 19 16  9 22 23 18 14 24 20 15  2  4  3  1
 22 19 11 21 14 20  1  2 24  4 15 23 16 18 12 13  6  9  5  7  3  8 10 17
 14 10  7 16  2  8 11 22 15 17  3 19 21  9 18  6 23 12 24 20  5  1  4 13
  6 12  4 23 15  7 18 19  3 22  1 21  2 13 17 24  5 14 16  8 20 10  9 11
 23 18 15 11 10 21 19 13 14  7  8  3  5  2 16 17  9  4  1 22  6 20 12 24
  5  7 14 10  8  2 21  9 22 19 17 20 11  4  3 16 13 23 15  1 18 12 24  6
  2 14 12 24  9  5 20  7 17 15  6  8  3 10 22 23 19  1 18 16 21 11 13  4
 13 24 17 15  5 12 23 10  1 20  7 22 14 21  4 11  3 18  9  6 19  2  8 16
  1 22 20 19 17 15  9 12 18 13 11 10  4  8  2 21 24 16  3 23 14  6  7  5
 16  9  1 17 11 23 12  4 20 14 22 24 10 19  8  7 18 13 21  3 15  5  6  2
 18 16  6 14  3 11  8 17 19  5 24  4 15 23  1  9 12 21  2 13 10 22 20  7
  8  3 13  4 23  6 22 11  2 24 14 18 19 12 21 10 16  7 17  5  1  9 15 20
 10  6  3  9 18 24 14  1 16  2  4 15 20  5  7 12 21 11  8 17 13 19 23 22
 24  8 18  1  4  3 10 16 13 23  9  6 12  7 20  2 15  5 11 21 22 17 14 19
  4  2 24 18 16 13  6 21 11  9 12  7 23 14  5 20 22 17 19 10  8  3  1 15
 21  4 16  3 13 14 24 18  6  1  5 12  7 20 11  8 17 22 10 19 23 15  2  9
