  5  4  3  2 10  7  1  6  8  9 17 11 20 18 15 16 12 13 14 19 26 27 28 25 24 23 21 30 22 29
 25 24 23 22 30 27 21 26 28 29  7  1 10  8  5  6  2  3  4  9 16 17 18 15 14 13 11 20 12 19
 15 14 13 12 20 17 11 16 18 19 27 21 30 28 25 26 22 23 24 29  6  7  8  5  4  3  1 10  2  9
 16 15 14 13 11 18 12 17 19 20 28 22 21 29 26 27 23 24 25 30  7  8  9  6  5  4  2  1  3 10
  6  5  4  3  1  8  2  7  9 10 18 12 11 19 16 17 13 14 15 20 27 28 29 26 25 24 22 21 23 30
 26 25 24 23 21 28 22 27 29 30  8  2  1  9  6  7  3  4  5 10 17 18 19 16 15 14 12 11 13 20
 27 26 25 24 22 29 23 28 30 21  9  3  2 10  7  8  4  5  6  1 18 19 20 17 16 15 13 12 14 11
  7  6  5  4  2  9  3  8 10  1 19 13 12 20 17 18 14 15 16 11 28 29 30 27 26 25 23 22 24 21
 17 16 15 14 12 19 13 18 20 11 29 23 22 30 27 28 24 25 26 21  8  9 10  7  6  5  3  2  4  1
 28 27 26 25 23 30 24 29 21 22 10  4  3  1  8  9  5  6  7  2 19 20 11 18 17 16 14 13 15 12
  8  7  6  5  3 10  4  9  1  2 20 14 13 11 18 19 15 16 17 12 29 30 21 28 27 26 24 23 25 22
 18 17 16 15 13 20 14 19 11 12 30 24 23 21 28 29 25 26 27 22  9 10  1  8  7  6  4  3  5  2
 19 18 17 16 14 11 15 20 12 13 21 25 24 22 29 30 26 27 28 23 10  1  2  9  8  7  5  4  6  3
 29 28 27 26 24 21 25 30 22 23  1  5  4  2  9 10  6  7  8  3 20 11 12 19 18 17 15 14 16 13
  9  8  7  6  4  1  5 10  2  3 11 15 14 12 19 20 16 17 18 13 30 21 22 29 28 27 25 24 26 23
 10  9  8  7  5  2  6  1  3  4 12 16 15 13 20 11 17 18 19 14 21 22 23 30 29 28 26 25 27 24
 30 29 28 27 25 22 26 21 23 24  2  6  5  3 10  1  7  8  9  4 11 12 13 20 19 18 16 15 17 14
 20 19 18 17 15 12 16 11 13 14 22 26 25 23 30 21 27 28 29 24  1  2  3 10  9  8  6  5  7  4
 11 20 19 18 16 13 17 12 14 15 23 27 26 24 21 22 28 29 30 25  2  3  4  1 10  9  7  6  8  5
  1 10  9  8  6  3  7  2  4  5 13 17 16 14 11 12 18 19 20 15 22 23 24 21 30 29 27 26 28 25
 21 30 29 28 26 23 27 22 24 25  3  7  6  4  1  2  8  9 10  5 12 13 14 11 20 19 17 16 18 15
 12 11 20 19 17 14 18 13 15 16 24 28 27 25 22 23 29 30 21 26  3  4  5  2  1 10  8  7  9  6
  2  1 10  9  7  4  8  3  5  6 14 18 17 15 12 13 19 20 11 16 23 24 25 22 21 30 28 27 29 26
 22 21 30 29 27 24 28 23 25 26  4  8  7  5  2  3  9 10  1  6 13 14 15 12 11 20 18 17 19 16
 13 12 11 20 18 15 19 14 16 17 25 29 28 26 23 24 30 21 22 27  4  5  6  3  2  1  9  8 10  7
 23 22 21 30 28 25 29 24 26 27  5  9  8  6  3  4 10  1  2  7 14 15 16 13 12 11 19 18 20 17
  3  2  1 10  8  5  9  4  6  7 15 19 18 16 13 14 20 11 12 17 24 25 26 23 22 21 29 28 30 27
 24 23 22 21 29 26 30 25 27 28  6 10  9  7  4  5  1  2  3  8 15 16 17 14 13 12 20 19 11 18
  4  3  2  1  9  6 10  5  7  8 16 20 19 17 14 15 11 12 13 18 25 26 27 24 23 22 30 29 21 28
 14 13 12 11 19 16 20 15 17 18 26 30 29 27 24 25 21 22 23 28  5  6  7  4  3  2 10  9  1  8
