 47 41 46 45 44 43 50 42 48 49 51 54 59 58 53 55 56 52 60 57 63 67 65 70 62 61 66 68 69 64  4  5  7  8  1  3  9  2  6 10 16 14 18 17 11 20 15 19 13 12 25 30 24 26 29 22 28 27 23 21 33 38 35 32 34 37 36 40 31 39
 67 61 66 65 64 63 70 62 68 69  1  4  9  8  3  5  6  2 10  7 13 17 15 20 12 11 16 18 19 14 24 25 27 28 21 23 29 22 26 30 36 34 38 37 31 40 35 39 33 32 45 50 44 46 49 42 48 47 43 41 53 58 55 52 54 57 56 60 51 59
  7  1  6  5  4  3 10  2  8  9 11 14 19 18 13 15 16 12 20 17 23 27 25 30 22 21 26 28 29 24 34 35 37 38 31 33 39 32 36 40 46 44 48 47 41 50 45 49 43 42 55 60 54 56 59 52 58 57 53 51 63 68 65 62 64 67 66 70 61 69
 37 31 36 35 34 33 40 32 38 39 41 44 49 48 43 45 46 42 50 47 53 57 55 60 52 51 56 58 59 54 64 65 67 68 61 63 69 62 66 70  6  4  8  7  1 10  5  9  3  2 15 20 14 16 19 12 18 17 13 11 23 28 25 22 24 27 26 30 21 29
 57 51 56 55 54 53 60 52 58 59 61 64 69 68 63 65 66 62 70 67  3  7  5 10  2  1  6  8  9  4 14 15 17 18 11 13 19 12 16 20 26 24 28 27 21 30 25 29 23 22 35 40 34 36 39 32 38 37 33 31 43 48 45 42 44 47 46 50 41 49
 27 21 26 25 24 23 30 22 28 29 31 34 39 38 33 35 36 32 40 37 43 47 45 50 42 41 46 48 49 44 54 55 57 58 51 53 59 52 56 60 66 64 68 67 61 70 65 69 63 62  5 10  4  6  9  2  8  7  3  1 13 18 15 12 14 17 16 20 11 19
 17 11 16 15 14 13 20 12 18 19 21 24 29 28 23 25 26 22 30 27 33 37 35 40 32 31 36 38 39 34 44 45 47 48 41 43 49 42 46 50 56 54 58 57 51 60 55 59 53 52 65 70 64 66 69 62 68 67 63 61  3  8  5  2  4  7  6 10  1  9
 18 12 17 16 15 14 11 13 19 20 22 25 30 29 24 26 27 23 21 28 34 38 36 31 33 32 37 39 40 35 45 46 48 49 42 44 50 43 47 41 57 55 59 58 52 51 56 60 54 53 66 61 65 67 70 63 69 68 64 62  4  9  6  3  5  8  7  1  2 10
 68 62 67 66 65 64 61 63 69 70  2  5 10  9  4  6  7  3  1  8 14 18 16 11 13 12 17 19 20 15 25 26 28 29 22 24 30 23 27 21 37 35 39 38 32 31 36 40 34 33 46 41 45 47 50 43 49 48 44 42 54 59 56 53 55 58 57 51 52 60
 48 42 47 46 45 44 41 43 49 50 52 55 60 59 54 56 57 53 51 58 64 68 66 61 63 62 67 69 70 65  5  6  8  9  2  4 10  3  7  1 17 15 19 18 12 11 16 20 14 13 26 21 25 27 30 23 29 28 24 22 34 39 36 33 35 38 37 31 32 40
 58 52 57 56 55 54 51 53 59 60 62 65 70 69 64 66 67 63 61 68  4  8  6  1  3  2  7  9 10  5 15 16 18 19 12 14 20 13 17 11 27 25 29 28 22 21 26 30 24 23 36 31 35 37 40 33 39 38 34 32 44 49 46 43 45 48 47 41 42 50
 28 22 27 26 25 24 21 23 29 30 32 35 40 39 34 36 37 33 31 38 44 48 46 41 43 42 47 49 50 45 55 56 58 59 52 54 60 53 57 51 67 65 69 68 62 61 66 70 64 63  6  1  5  7 10  3  9  8  4  2 14 19 16 13 15 18 17 11 12 20
 38 32 37 36 35 34 31 33 39 40 42 45 50 49 44 46 47 43 41 48 54 58 56 51 53 52 57 59 60 55 65 66 68 69 62 64 70 63 67 61  7  5  9  8  2  1  6 10  4  3 16 11 15 17 20 13 19 18 14 12 24 29 26 23 25 28 27 21 22 30
  8  2  7  6  5  4  1  3  9 10 12 15 20 19 14 16 17 13 11 18 24 28 26 21 23 22 27 29 30 25 35 36 38 39 32 34 40 33 37 31 47 45 49 48 42 41 46 50 44 43 56 51 55 57 60 53 59 58 54 52 64 69 66 63 65 68 67 61 62 70
 49 43 48 47 46 45 42 44 50 41 53 56 51 60 55 57 58 54 52 59 65 69 67 62 64 63 68 70 61 66  6  7  9 10  3  5  1  4  8  2 18 16 20 19 13 12 17 11 15 14 27 22 26 28 21 24 30 29 25 23 35 40 37 34 36 39 38 32 33 31
 39 33 38 37 36 35 32 34 40 31 43 46 41 50 45 47 48 44 42 49 55 59 57 52 54 53 58 60 51 56 66 67 69 70 63 65 61 64 68 62  8  6 10  9  3  2  7  1  5  4 17 12 16 18 11 14 20 19 15 13 25 30 27 24 26 29 28 22 23 21
 19 13 18 17 16 15 12 14 20 11 23 26 21 30 25 27 28 24 22 29 35 39 37 32 34 33 38 40 31 36 46 47 49 50 43 45 41 44 48 42 58 56 60 59 53 52 57 51 55 54 67 62 66 68 61 64 70 69 65 63  5 10  7  4  6  9  8  2  3  1
 59 53 58 57 56 55 52 54 60 51 63 66 61 70 65 67 68 64 62 69  5  9  7  2  4  3  8 10  1  6 16 17 19 20 13 15 11 14 18 12 28 26 30 29 23 22 27 21 25 24 37 32 36 38 31 34 40 39 35 33 45 50 47 44 46 49 48 42 43 41
  9  3  8  7  6  5  2  4 10  1 13 16 11 20 15 17 18 14 12 19 25 29 27 22 24 23 28 30 21 26 36 37 39 40 33 35 31 34 38 32 48 46 50 49 43 42 47 41 45 44 57 52 56 58 51 54 60 59 55 53 65 70 67 64 66 69 68 62 63 61
 69 63 68 67 66 65 62 64 70 61  3  6  1 10  5  7  8  4  2  9 15 19 17 12 14 13 18 20 11 16 26 27 29 30 23 25 21 24 28 22 38 36 40 39 33 32 37 31 35 34 47 42 46 48 41 44 50 49 45 43 55 60 57 54 56 59 58 52 53 51
 29 23 28 27 26 25 22 24 30 21 33 36 31 40 35 37 38 34 32 39 45 49 47 42 44 43 48 50 41 46 56 57 59 60 53 55 51 54 58 52 68 66 70 69 63 62 67 61 65 64  7  2  6  8  1  4 10  9  5  3 15 20 17 14 16 19 18 12 13 11
 50 44 49 48 47 46 43 45 41 42 54 57 52 51 56 58 59 55 53 60 66 70 68 63 65 64 69 61 62 67  7  8 10  1  4  6  2  5  9  3 19 17 11 20 14 13 18 12 16 15 28 23 27 29 22 25 21 30 26 24 36 31 38 35 37 40 39 33 34 32
 20 14 19 18 17 16 13 15 11 12 24 27 22 21 26 28 29 25 23 30 36 40 38 33 35 34 39 31 32 37 47 48 50 41 44 46 42 45 49 43 59 57 51 60 54 53 58 52 56 55 68 63 67 69 62 65 61 70 66 64  6  1  8  5  7 10  9  3  4  2
 10  4  9  8  7  6  3  5  1  2 14 17 12 11 16 18 19 15 13 20 26 30 28 23 25 24 29 21 22 27 37 38 40 31 34 36 32 35 39 33 49 47 41 50 44 43 48 42 46 45 58 53 57 59 52 55 51 60 56 54 66 61 68 65 67 70 69 63 64 62
 70 64 69 68 67 66 63 65 61 62  4  7  2  1  6  8  9  5  3 10 16 20 18 13 15 14 19 11 12 17 27 28 30 21 24 26 22 25 29 23 39 37 31 40 34 33 38 32 36 35 48 43 47 49 42 45 41 50 46 44 56 51 58 55 57 60 59 53 54 52
 60 54 59 58 57 56 53 55 51 52 64 67 62 61 66 68 69 65 63 70  6 10  8  3  5  4  9  1  2  7 17 18 20 11 14 16 12 15 19 13 29 27 21 30 24 23 28 22 26 25 38 33 37 39 32 35 31 40 36 34 46 41 48 45 47 50 49 43 44 42
 40 34 39 38 37 36 33 35 31 32 44 47 42 41 46 48 49 45 43 50 56 60 58 53 55 54 59 51 52 57 67 68 70 61 64 66 62 65 69 63  9  7  1 10  4  3  8  2  6  5 18 13 17 19 12 15 11 20 16 14 26 21 28 25 27 30 29 23 24 22
 30 24 29 28 27 26 23 25 21 22 34 37 32 31 36 38 39 35 33 40 46 50 48 43 45 44 49 41 42 47 57 58 60 51 54 56 52 55 59 53 69 67 61 70 64 63 68 62 66 65  8  3  7  9  2  5  1 10  6  4 16 11 18 15 17 20 19 13 14 12
 11 15 20 19 18 17 14 16 12 13 25 28 23 22 27 29 30 26 24 21 37 31 39 34 36 35 40 32 33 38 48 49 41 42 45 47 43 46 50 44 60 58 52 51 55 54 59 53 57 56 69 64 68 70 63 66 62 61 67 65  7  2  9  6  8  1 10  4  5  3
 31 35 40 39 38 37 34 36 32 33 45 48 43 42 47 49 50 46 44 41 57 51 59 54 56 55 60 52 53 58 68 69 61 62 65 67 63 66 70 64 10  8  2  1  5  4  9  3  7  6 19 14 18 20 13 16 12 11 17 15 27 22 29 26 28 21 30 24 25 23
 41 45 50 49 48 47 44 46 42 43 55 58 53 52 57 59 60 56 54 51 67 61 69 64 66 65 70 62 63 68  8  9  1  2  5  7  3  6 10  4 20 18 12 11 15 14 19 13 17 16 29 24 28 30 23 26 22 21 27 25 37 32 39 36 38 31 40 34 35 33
 61 65 70 69 68 67 64 66 62 63  5  8  3  2  7  9 10  6  4  1 17 11 19 14 16 15 20 12 13 18 28 29 21 22 25 27 23 26 30 24 40 38 32 31 35 34 39 33 37 36 49 44 48 50 43 46 42 41 47 45 57 52 59 56 58 51 60 54 55 53
 21 25 30 29 28 27 24 26 22 23 35 38 33 32 37 39 40 36 34 31 47 41 49 44 46 45 50 42 43 48 58 59 51 52 55 57 53 56 60 54 70 68 62 61 65 64 69 63 67 66  9  4  8 10  3  6  2  1  7  5 17 12 19 16 18 11 20 14 15 13
 51 55 60 59 58 57 54 56 52 53 65 68 63 62 67 69 70 66 64 61  7  1  9  4  6  5 10  2  3  8 18 19 11 12 15 17 13 16 20 14 30 28 22 21 25 24 29 23 27 26 39 34 38 40 33 36 32 31 37 35 47 42 49 46 48 41 50 44 45 43
  1  5 10  9  8  7  4  6  2  3 15 18 13 12 17 19 20 16 14 11 27 21 29 24 26 25 30 22 23 28 38 39 31 32 35 37 33 36 40 34 50 48 42 41 45 44 49 43 47 46 59 54 58 60 53 56 52 51 57 55 67 62 69 66 68 61 70 64 65 63
 22 26 21 30 29 28 25 27 23 24 36 39 34 33 38 40 31 37 35 32 48 42 50 45 47 46 41 43 44 49 59 60 52 53 56 58 54 57 51 55 61 69 63 62 66 65 70 64 68 67 10  5  9  1  4  7  3  2  8  6 18 13 20 17 19 12 11 15 16 14
  2  6  1 10  9  8  5  7  3  4 16 19 14 13 18 20 11 17 15 12 28 22 30 25 27 26 21 23 24 29 39 40 32 33 36 38 34 37 31 35 41 49 43 42 46 45 50 44 48 47 60 55 59 51 54 57 53 52 58 56 68 63 70 67 69 62 61 65 66 64
 32 36 31 40 39 38 35 37 33 34 46 49 44 43 48 50 41 47 45 42 58 52 60 55 57 56 51 53 54 59 69 70 62 63 66 68 64 67 61 65  1  9  3  2  6  5 10  4  8  7 20 15 19 11 14 17 13 12 18 16 28 23 30 27 29 22 21 25 26 24
 62 66 61 70 69 68 65 67 63 64  6  9  4  3  8 10  1  7  5  2 18 12 20 15 17 16 11 13 14 19 29 30 22 23 26 28 24 27 21 25 31 39 33 32 36 35 40 34 38 37 50 45 49 41 44 47 43 42 48 46 58 53 60 57 59 52 51 55 56 54
 52 56 51 60 59 58 55 57 53 54 66 69 64 63 68 70 61 67 65 62  8  2 10  5  7  6  1  3  4  9 19 20 12 13 16 18 14 17 11 15 21 29 23 22 26 25 30 24 28 27 40 35 39 31 34 37 33 32 38 36 48 43 50 47 49 42 41 45 46 44
 12 16 11 20 19 18 15 17 13 14 26 29 24 23 28 30 21 27 25 22 38 32 40 35 37 36 31 33 34 39 49 50 42 43 46 48 44 47 41 45 51 59 53 52 56 55 60 54 58 57 70 65 69 61 64 67 63 62 68 66  8  3 10  7  9  2  1  5  6  4
 42 46 41 50 49 48 45 47 43 44 56 59 54 53 58 60 51 57 55 52 68 62 70 65 67 66 61 63 64 69  9 10  2  3  6  8  4  7  1  5 11 19 13 12 16 15 20 14 18 17 30 25 29 21 24 27 23 22 28 26 38 33 40 37 39 32 31 35 36 34
 43 47 42 41 50 49 46 48 44 45 57 60 55 54 59 51 52 58 56 53 69 63 61 66 68 67 62 64 65 70 10  1  3  4  7  9  5  8  2  6 12 20 14 13 17 16 11 15 19 18 21 26 30 22 25 28 24 23 29 27 39 34 31 38 40 33 32 36 37 35
 23 27 22 21 30 29 26 28 24 25 37 40 35 34 39 31 32 38 36 33 49 43 41 46 48 47 42 44 45 50 60 51 53 54 57 59 55 58 52 56 62 70 64 63 67 66 61 65 69 68  1  6 10  2  5  8  4  3  9  7 19 14 11 18 20 13 12 16 17 15
 33 37 32 31 40 39 36 38 34 35 47 50 45 44 49 41 42 48 46 43 59 53 51 56 58 57 52 54 55 60 70 61 63 64 67 69 65 68 62 66  2 10  4  3  7  6  1  5  9  8 11 16 20 12 15 18 14 13 19 17 29 24 21 28 30 23 22 26 27 25
 53 57 52 51 60 59 56 58 54 55 67 70 65 64 69 61 62 68 66 63  9  3  1  6  8  7  2  4  5 10 20 11 13 14 17 19 15 18 12 16 22 30 24 23 27 26 21 25 29 28 31 36 40 32 35 38 34 33 39 37 49 44 41 48 50 43 42 46 47 45
 63 67 62 61 70 69 66 68 64 65  7 10  5  4  9  1  2  8  6  3 19 13 11 16 18 17 12 14 15 20 30 21 23 24 27 29 25 28 22 26 32 40 34 33 37 36 31 35 39 38 41 46 50 42 45 48 44 43 49 47 59 54 51 58 60 53 52 56 57 55
  3  7  2  1 10  9  6  8  4  5 17 20 15 14 19 11 12 18 16 13 29 23 21 26 28 27 22 24 25 30 40 31 33 34 37 39 35 38 32 36 42 50 44 43 47 46 41 45 49 48 51 56 60 52 55 58 54 53 59 57 69 64 61 68 70 63 62 66 67 65
 13 17 12 11 20 19 16 18 14 15 27 30 25 24 29 21 22 28 26 23 39 33 31 36 38 37 32 34 35 40 50 41 43 44 47 49 45 48 42 46 52 60 54 53 57 56 51 55 59 58 61 66 70 62 65 68 64 63 69 67  9  4  1  8 10  3  2  6  7  5
 24 28 23 22 21 30 27 29 25 26 38 31 36 35 40 32 33 39 37 34 50 44 42 47 49 48 43 45 46 41 51 52 54 55 58 60 56 59 53 57 63 61 65 64 68 67 62 66 70 69  2  7  1  3  6  9  5  4 10  8 20 15 12 19 11 14 13 17 18 16
  4  8  3  2  1 10  7  9  5  6 18 11 16 15 20 12 13 19 17 14 30 24 22 27 29 28 23 25 26 21 31 32 34 35 38 40 36 39 33 37 43 41 45 44 48 47 42 46 50 49 52 57 51 53 56 59 55 54 60 58 70 65 62 69 61 64 63 67 68 66
 44 48 43 42 41 50 47 49 45 46 58 51 56 55 60 52 53 59 57 54 70 64 62 67 69 68 63 65 66 61  1  2  4  5  8 10  6  9  3  7 13 11 15 14 18 17 12 16 20 19 22 27 21 23 26 29 25 24 30 28 40 35 32 39 31 34 33 37 38 36
 54 58 53 52 51 60 57 59 55 56 68 61 66 65 70 62 63 69 67 64 10  4  2  7  9  8  3  5  6  1 11 12 14 15 18 20 16 19 13 17 23 21 25 24 28 27 22 26 30 29 32 37 31 33 36 39 35 34 40 38 50 45 42 49 41 44 43 47 48 46
 34 38 33 32 31 40 37 39 35 36 48 41 46 45 50 42 43 49 47 44 60 54 52 57 59 58 53 55 56 51 61 62 64 65 68 70 66 69 63 67  3  1  5  4  8  7  2  6 10  9 12 17 11 13 16 19 15 14 20 18 30 25 22 29 21 24 23 27 28 26
 64 68 63 62 61 70 67 69 65 66  8  1  6  5 10  2  3  9  7  4 20 14 12 17 19 18 13 15 16 11 21 22 24 25 28 30 26 29 23 27 33 31 35 34 38 37 32 36 40 39 42 47 41 43 46 49 45 44 50 48 60 55 52 59 51 54 53 57 58 56
 14 18 13 12 11 20 17 19 15 16 28 21 26 25 30 22 23 29 27 24 40 34 32 37 39 38 33 35 36 31 41 42 44 45 48 50 46 49 43 47 53 51 55 54 58 57 52 56 60 59 62 67 61 63 66 69 65 64 70 68 10  5  2  9  1  4  3  7  8  6
  5  9  4  3  2  1  8 10  6  7 19 12 17 16 11 13 14 20 18 15 21 25 23 28 30 29 24 26 27 22 32 33 35 36 39 31 37 40 34 38 44 42 46 45 49 48 43 47 41 50 53 58 52 54 57 60 56 55 51 59 61 66 63 70 62 65 64 68 69 67
 25 29 24 23 22 21 28 30 26 27 39 32 37 36 31 33 34 40 38 35 41 45 43 48 50 49 44 46 47 42 52 53 55 56 59 51 57 60 54 58 64 62 66 65 69 68 63 67 61 70  3  8  2  4  7 10  6  5  1  9 11 16 13 20 12 15 14 18 19 17
 65 69 64 63 62 61 68 70 66 67  9  2  7  6  1  3  4 10  8  5 11 15 13 18 20 19 14 16 17 12 22 23 25 26 29 21 27 30 24 28 34 32 36 35 39 38 33 37 31 40 43 48 42 44 47 50 46 45 41 49 51 56 53 60 52 55 54 58 59 57
 45 49 44 43 42 41 48 50 46 47 59 52 57 56 51 53 54 60 58 55 61 65 63 68 70 69 64 66 67 62  2  3  5  6  9  1  7 10  4  8 14 12 16 15 19 18 13 17 11 20 23 28 22 24 27 30 26 25 21 29 31 36 33 40 32 35 34 38 39 37
 35 39 34 33 32 31 38 40 36 37 49 42 47 46 41 43 44 50 48 45 51 55 53 58 60 59 54 56 57 52 62 63 65 66 69 61 67 70 64 68  4  2  6  5  9  8  3  7  1 10 13 18 12 14 17 20 16 15 11 19 21 26 23 30 22 25 24 28 29 27
 15 19 14 13 12 11 18 20 16 17 29 22 27 26 21 23 24 30 28 25 31 35 33 38 40 39 34 36 37 32 42 43 45 46 49 41 47 50 44 48 54 52 56 55 59 58 53 57 51 60 63 68 62 64 67 70 66 65 61 69  1  6  3 10  2  5  4  8  9  7
 55 59 54 53 52 51 58 60 56 57 69 62 67 66 61 63 64 70 68 65  1  5  3  8 10  9  4  6  7  2 12 13 15 16 19 11 17 20 14 18 24 22 26 25 29 28 23 27 21 30 33 38 32 34 37 40 36 35 31 39 41 46 43 50 42 45 44 48 49 47
  6 10  5  4  3  2  9  1  7  8 20 13 18 17 12 14 15 11 19 16 22 26 24 29 21 30 25 27 28 23 33 34 36 37 40 32 38 31 35 39 45 43 47 46 50 49 44 48 42 41 54 59 53 55 58 51 57 56 52 60 62 67 64 61 63 66 65 69 70 68
 46 50 45 44 43 42 49 41 47 48 60 53 58 57 52 54 55 51 59 56 62 66 64 69 61 70 65 67 68 63  3  4  6  7 10  2  8  1  5  9 15 13 17 16 20 19 14 18 12 11 24 29 23 25 28 21 27 26 22 30 32 37 34 31 33 36 35 39 40 38
 16 20 15 14 13 12 19 11 17 18 30 23 28 27 22 24 25 21 29 26 32 36 34 39 31 40 35 37 38 33 43 44 46 47 50 42 48 41 45 49 55 53 57 56 60 59 54 58 52 51 64 69 63 65 68 61 67 66 62 70  2  7  4  1  3  6  5  9 10  8
 66 70 65 64 63 62 69 61 67 68 10  3  8  7  2  4  5  1  9  6 12 16 14 19 11 20 15 17 18 13 23 24 26 27 30 22 28 21 25 29 35 33 37 36 40 39 34 38 32 31 44 49 43 45 48 41 47 46 42 50 52 57 54 51 53 56 55 59 60 58
 26 30 25 24 23 22 29 21 27 28 40 33 38 37 32 34 35 31 39 36 42 46 44 49 41 50 45 47 48 43 53 54 56 57 60 52 58 51 55 59 65 63 67 66 70 69 64 68 62 61  4  9  3  5  8  1  7  6  2 10 12 17 14 11 13 16 15 19 20 18
 56 60 55 54 53 52 59 51 57 58 70 63 68 67 62 64 65 61 69 66  2  6  4  9  1 10  5  7  8  3 13 14 16 17 20 12 18 11 15 19 25 23 27 26 30 29 24 28 22 21 34 39 33 35 38 31 37 36 32 40 42 47 44 41 43 46 45 49 50 48
 36 40 35 34 33 32 39 31 37 38 50 43 48 47 42 44 45 41 49 46 52 56 54 59 51 60 55 57 58 53 63 64 66 67 70 62 68 61 65 69  5  3  7  6 10  9  4  8  2  1 14 19 13 15 18 11 17 16 12 20 22 27 24 21 23 26 25 29 30 28
