 12 17 16 11 13 18 14 15 19 20 26 21 30 22 29 24 23 27 25 28 31 35 36 39 40 33 38 37 34 32 49 47 48 41 46 45 42 44 50 43 57 59 52 54 60 56 51 55 58 53 66 65 67 69 64 62 68 63 61 70  3  5  4  7 10  6  9  2  8  1
 22 27 26 21 23 28 24 25 29 30 36 31 40 32 39 34 33 37 35 38 41 45 46 49 50 43 48 47 44 42 59 57 58 51 56 55 52 54 60 53 67 69 62 64 70 66 61 65 68 63  6  5  7  9  4  2  8  3  1 10 13 15 14 17 20 16 19 12 18 11
 62 67 66 61 63 68 64 65 69 70  6  1 10  2  9  4  3  7  5  8 11 15 16 19 20 13 18 17 14 12 29 27 28 21 26 25 22 24 30 23 37 39 32 34 40 36 31 35 38 33 46 45 47 49 44 42 48 43 41 50 53 55 54 57 60 56 59 52 58 51
  2  7  6  1  3  8  4  5  9 10 16 11 20 12 19 14 13 17 15 18 21 25 26 29 30 23 28 27 24 22 39 37 38 31 36 35 32 34 40 33 47 49 42 44 50 46 41 45 48 43 56 55 57 59 54 52 58 53 51 60 63 65 64 67 70 66 69 62 68 61
 42 47 46 41 43 48 44 45 49 50 56 51 60 52 59 54 53 57 55 58 61 65 66 69 70 63 68 67 64 62  9  7  8  1  6  5  2  4 10  3 17 19 12 14 20 16 11 15 18 13 26 25 27 29 24 22 28 23 21 30 33 35 34 37 40 36 39 32 38 31
 52 57 56 51 53 58 54 55 59 60 66 61 70 62 69 64 63 67 65 68  1  5  6  9 10  3  8  7  4  2 19 17 18 11 16 15 12 14 20 13 27 29 22 24 30 26 21 25 28 23 36 35 37 39 34 32 38 33 31 40 43 45 44 47 50 46 49 42 48 41
 32 37 36 31 33 38 34 35 39 40 46 41 50 42 49 44 43 47 45 48 51 55 56 59 60 53 58 57 54 52 69 67 68 61 66 65 62 64 70 63  7  9  2  4 10  6  1  5  8  3 16 15 17 19 14 12 18 13 11 20 23 25 24 27 30 26 29 22 28 21
 43 48 47 42 44 49 45 46 50 41 57 52 51 53 60 55 54 58 56 59 62 66 67 70 61 64 69 68 65 63 10  8  9  2  7  6  3  5  1  4 18 20 13 15 11 17 12 16 19 14 27 26 28 30 25 23 29 24 22 21 34 36 35 38 31 37 40 33 39 32
 33 38 37 32 34 39 35 36 40 31 47 42 41 43 50 45 44 48 46 49 52 56 57 60 51 54 59 58 55 53 70 68 69 62 67 66 63 65 61 64  8 10  3  5  1  7  2  6  9  4 17 16 18 20 15 13 19 14 12 11 24 26 25 28 21 27 30 23 29 22
 53 58 57 52 54 59 55 56 60 51 67 62 61 63 70 65 64 68 66 69  2  6  7 10  1  4  9  8  5  3 20 18 19 12 17 16 13 15 11 14 28 30 23 25 21 27 22 26 29 24 37 36 38 40 35 33 39 34 32 31 44 46 45 48 41 47 50 43 49 42
 23 28 27 22 24 29 25 26 30 21 37 32 31 33 40 35 34 38 36 39 42 46 47 50 41 44 49 48 45 43 60 58 59 52 57 56 53 55 51 54 68 70 63 65 61 67 62 66 69 64  7  6  8 10  5  3  9  4  2  1 14 16 15 18 11 17 20 13 19 12
 63 68 67 62 64 69 65 66 70 61  7  2  1  3 10  5  4  8  6  9 12 16 17 20 11 14 19 18 15 13 30 28 29 22 27 26 23 25 21 24 38 40 33 35 31 37 32 36 39 34 47 46 48 50 45 43 49 44 42 41 54 56 55 58 51 57 60 53 59 52
  3  8  7  2  4  9  5  6 10  1 17 12 11 13 20 15 14 18 16 19 22 26 27 30 21 24 29 28 25 23 40 38 39 32 37 36 33 35 31 34 48 50 43 45 41 47 42 46 49 44 57 56 58 60 55 53 59 54 52 51 64 66 65 68 61 67 70 63 69 62
 13 18 17 12 14 19 15 16 20 11 27 22 21 23 30 25 24 28 26 29 32 36 37 40 31 34 39 38 35 33 50 48 49 42 47 46 43 45 41 44 58 60 53 55 51 57 52 56 59 54 67 66 68 70 65 63 69 64 62 61  4  6  5  8  1  7 10  3  9  2
 44 49 48 43 45 50 46 47 41 42 58 53 52 54 51 56 55 59 57 60 63 67 68 61 62 65 70 69 66 64  1  9 10  3  8  7  4  6  2  5 19 11 14 16 12 18 13 17 20 15 28 27 29 21 26 24 30 25 23 22 35 37 36 39 32 38 31 34 40 33
 64 69 68 63 65 70 66 67 61 62  8  3  2  4  1  6  5  9  7 10 13 17 18 11 12 15 20 19 16 14 21 29 30 23 28 27 24 26 22 25 39 31 34 36 32 38 33 37 40 35 48 47 49 41 46 44 50 45 43 42 55 57 56 59 52 58 51 54 60 53
 34 39 38 33 35 40 36 37 31 32 48 43 42 44 41 46 45 49 47 50 53 57 58 51 52 55 60 59 56 54 61 69 70 63 68 67 64 66 62 65  9  1  4  6  2  8  3  7 10  5 18 17 19 11 16 14 20 15 13 12 25 27 26 29 22 28 21 24 30 23
 54 59 58 53 55 60 56 57 51 52 68 63 62 64 61 66 65 69 67 70  3  7  8  1  2  5 10  9  6  4 11 19 20 13 18 17 14 16 12 15 29 21 24 26 22 28 23 27 30 25 38 37 39 31 36 34 40 35 33 32 45 47 46 49 42 48 41 44 50 43
 24 29 28 23 25 30 26 27 21 22 38 33 32 34 31 36 35 39 37 40 43 47 48 41 42 45 50 49 46 44 51 59 60 53 58 57 54 56 52 55 69 61 64 66 62 68 63 67 70 65  8  7  9  1  6  4 10  5  3  2 15 17 16 19 12 18 11 14 20 13
  4  9  8  3  5 10  6  7  1  2 18 13 12 14 11 16 15 19 17 20 23 27 28 21 22 25 30 29 26 24 31 39 40 33 38 37 34 36 32 35 49 41 44 46 42 48 43 47 50 45 58 57 59 51 56 54 60 55 53 52 65 67 66 69 62 68 61 64 70 63
 14 19 18 13 15 20 16 17 11 12 28 23 22 24 21 26 25 29 27 30 33 37 38 31 32 35 40 39 36 34 41 49 50 43 48 47 44 46 42 45 59 51 54 56 52 58 53 57 60 55 68 67 69 61 66 64 70 65 63 62  5  7  6  9  2  8  1  4 10  3
 65 70 69 64 66 61 67 68 62 63  9  4  3  5  2  7  6 10  8  1 14 18 19 12 13 16 11 20 17 15 22 30 21 24 29 28 25 27 23 26 40 32 35 37 33 39 34 38 31 36 49 48 50 42 47 45 41 46 44 43 56 58 57 60 53 59 52 55 51 54
 25 30 29 24 26 21 27 28 22 23 39 34 33 35 32 37 36 40 38 31 44 48 49 42 43 46 41 50 47 45 52 60 51 54 59 58 55 57 53 56 70 62 65 67 63 69 64 68 61 66  9  8 10  2  7  5  1  6  4  3 16 18 17 20 13 19 12 15 11 14
 15 20 19 14 16 11 17 18 12 13 29 24 23 25 22 27 26 30 28 21 34 38 39 32 33 36 31 40 37 35 42 50 41 44 49 48 45 47 43 46 60 52 55 57 53 59 54 58 51 56 69 68 70 62 67 65 61 66 64 63  6  8  7 10  3  9  2  5  1  4
 35 40 39 34 36 31 37 38 32 33 49 44 43 45 42 47 46 50 48 41 54 58 59 52 53 56 51 60 57 55 62 70 61 64 69 68 65 67 63 66 10  2  5  7  3  9  4  8  1  6 19 18 20 12 17 15 11 16 14 13 26 28 27 30 23 29 22 25 21 24
 45 50 49 44 46 41 47 48 42 43 59 54 53 55 52 57 56 60 58 51 64 68 69 62 63 66 61 70 67 65  2 10  1  4  9  8  5  7  3  6 20 12 15 17 13 19 14 18 11 16 29 28 30 22 27 25 21 26 24 23 36 38 37 40 33 39 32 35 31 34
 55 60 59 54 56 51 57 58 52 53 69 64 63 65 62 67 66 70 68 61  4  8  9  2  3  6  1 10  7  5 12 20 11 14 19 18 15 17 13 16 30 22 25 27 23 29 24 28 21 26 39 38 40 32 37 35 31 36 34 33 46 48 47 50 43 49 42 45 41 44
  5 10  9  4  6  1  7  8  2  3 19 14 13 15 12 17 16 20 18 11 24 28 29 22 23 26 21 30 27 25 32 40 31 34 39 38 35 37 33 36 50 42 45 47 43 49 44 48 41 46 59 58 60 52 57 55 51 56 54 53 66 68 67 70 63 69 62 65 61 64
 36 31 40 35 37 32 38 39 33 34 50 45 44 46 43 48 47 41 49 42 55 59 60 53 54 57 52 51 58 56 63 61 62 65 70 69 66 68 64 67  1  3  6  8  4 10  5  9  2  7 20 19 11 13 18 16 12 17 15 14 27 29 28 21 24 30 23 26 22 25
 56 51 60 55 57 52 58 59 53 54 70 65 64 66 63 68 67 61 69 62  5  9 10  3  4  7  2  1  8  6 13 11 12 15 20 19 16 18 14 17 21 23 26 28 24 30 25 29 22 27 40 39 31 33 38 36 32 37 35 34 47 49 48 41 44 50 43 46 42 45
 46 41 50 45 47 42 48 49 43 44 60 55 54 56 53 58 57 51 59 52 65 69 70 63 64 67 62 61 68 66  3  1  2  5 10  9  6  8  4  7 11 13 16 18 14 20 15 19 12 17 30 29 21 23 28 26 22 27 25 24 37 39 38 31 34 40 33 36 32 35
  6  1 10  5  7  2  8  9  3  4 20 15 14 16 13 18 17 11 19 12 25 29 30 23 24 27 22 21 28 26 33 31 32 35 40 39 36 38 34 37 41 43 46 48 44 50 45 49 42 47 60 59 51 53 58 56 52 57 55 54 67 69 68 61 64 70 63 66 62 65
 16 11 20 15 17 12 18 19 13 14 30 25 24 26 23 28 27 21 29 22 35 39 40 33 34 37 32 31 38 36 43 41 42 45 50 49 46 48 44 47 51 53 56 58 54 60 55 59 52 57 70 69 61 63 68 66 62 67 65 64  7  9  8  1  4 10  3  6  2  5
 66 61 70 65 67 62 68 69 63 64 10  5  4  6  3  8  7  1  9  2 15 19 20 13 14 17 12 11 18 16 23 21 22 25 30 29 26 28 24 27 31 33 36 38 34 40 35 39 32 37 50 49 41 43 48 46 42 47 45 44 57 59 58 51 54 60 53 56 52 55
 26 21 30 25 27 22 28 29 23 24 40 35 34 36 33 38 37 31 39 32 45 49 50 43 44 47 42 41 48 46 53 51 52 55 60 59 56 58 54 57 61 63 66 68 64 70 65 69 62 67 10  9  1  3  8  6  2  7  5  4 17 19 18 11 14 20 13 16 12 15
 27 22 21 26 28 23 29 30 24 25 31 36 35 37 34 39 38 32 40 33 46 50 41 44 45 48 43 42 49 47 54 52 53 56 51 60 57 59 55 58 62 64 67 69 65 61 66 70 63 68  1 10  2  4  9  7  3  8  6  5 18 20 19 12 15 11 14 17 13 16
  7  2  1  6  8  3  9 10  4  5 11 16 15 17 14 19 18 12 20 13 26 30 21 24 25 28 23 22 29 27 34 32 33 36 31 40 37 39 35 38 42 44 47 49 45 41 46 50 43 48 51 60 52 54 59 57 53 58 56 55 68 70 69 62 65 61 64 67 63 66
 67 62 61 66 68 63 69 70 64 65  1  6  5  7  4  9  8  2 10  3 16 20 11 14 15 18 13 12 19 17 24 22 23 26 21 30 27 29 25 28 32 34 37 39 35 31 36 40 33 38 41 50 42 44 49 47 43 48 46 45 58 60 59 52 55 51 54 57 53 56
 37 32 31 36 38 33 39 40 34 35 41 46 45 47 44 49 48 42 50 43 56 60 51 54 55 58 53 52 59 57 64 62 63 66 61 70 67 69 65 68  2  4  7  9  5  1  6 10  3  8 11 20 12 14 19 17 13 18 16 15 28 30 29 22 25 21 24 27 23 26
 57 52 51 56 58 53 59 60 54 55 61 66 65 67 64 69 68 62 70 63  6 10  1  4  5  8  3  2  9  7 14 12 13 16 11 20 17 19 15 18 22 24 27 29 25 21 26 30 23 28 31 40 32 34 39 37 33 38 36 35 48 50 49 42 45 41 44 47 43 46
 47 42 41 46 48 43 49 50 44 45 51 56 55 57 54 59 58 52 60 53 66 70 61 64 65 68 63 62 69 67  4  2  3  6  1 10  7  9  5  8 12 14 17 19 15 11 16 20 13 18 21 30 22 24 29 27 23 28 26 25 38 40 39 32 35 31 34 37 33 36
 17 12 11 16 18 13 19 20 14 15 21 26 25 27 24 29 28 22 30 23 36 40 31 34 35 38 33 32 39 37 44 42 43 46 41 50 47 49 45 48 52 54 57 59 55 51 56 60 53 58 61 70 62 64 69 67 63 68 66 65  8 10  9  2  5  1  4  7  3  6
 28 23 22 27 29 24 30 21 25 26 32 37 36 38 35 40 39 33 31 34 47 41 42 45 46 49 44 43 50 48 55 53 54 57 52 51 58 60 56 59 63 65 68 70 66 62 67 61 64 69  2  1  3  5 10  8  4  9  7  6 19 11 20 13 16 12 15 18 14 17
 58 53 52 57 59 54 60 51 55 56 62 67 66 68 65 70 69 63 61 64  7  1  2  5  6  9  4  3 10  8 15 13 14 17 12 11 18 20 16 19 23 25 28 30 26 22 27 21 24 29 32 31 33 35 40 38 34 39 37 36 49 41 50 43 46 42 45 48 44 47
 48 43 42 47 49 44 50 41 45 46 52 57 56 58 55 60 59 53 51 54 67 61 62 65 66 69 64 63 70 68  5  3  4  7  2  1  8 10  6  9 13 15 18 20 16 12 17 11 14 19 22 21 23 25 30 28 24 29 27 26 39 31 40 33 36 32 35 38 34 37
  8  3  2  7  9  4 10  1  5  6 12 17 16 18 15 20 19 13 11 14 27 21 22 25 26 29 24 23 30 28 35 33 34 37 32 31 38 40 36 39 43 45 48 50 46 42 47 41 44 49 52 51 53 55 60 58 54 59 57 56 69 61 70 63 66 62 65 68 64 67
 18 13 12 17 19 14 20 11 15 16 22 27 26 28 25 30 29 23 21 24 37 31 32 35 36 39 34 33 40 38 45 43 44 47 42 41 48 50 46 49 53 55 58 60 56 52 57 51 54 59 62 61 63 65 70 68 64 69 67 66  9  1 10  3  6  2  5  8  4  7
 38 33 32 37 39 34 40 31 35 36 42 47 46 48 45 50 49 43 41 44 57 51 52 55 56 59 54 53 60 58 65 63 64 67 62 61 68 70 66 69  3  5  8 10  6  2  7  1  4  9 12 11 13 15 20 18 14 19 17 16 29 21 30 23 26 22 25 28 24 27
 68 63 62 67 69 64 70 61 65 66  2  7  6  8  5 10  9  3  1  4 17 11 12 15 16 19 14 13 20 18 25 23 24 27 22 21 28 30 26 29 33 35 38 40 36 32 37 31 34 39 42 41 43 45 50 48 44 49 47 46 59 51 60 53 56 52 55 58 54 57
 59 54 53 58 60 55 51 52 56 57 63 68 67 69 66 61 70 64 62 65  8  2  3  6  7 10  5  4  1  9 16 14 15 18 13 12 19 11 17 20 24 26 29 21 27 23 28 22 25 30 33 32 34 36 31 39 35 40 38 37 50 42 41 44 47 43 46 49 45 48
 39 34 33 38 40 35 31 32 36 37 43 48 47 49 46 41 50 44 42 45 58 52 53 56 57 60 55 54 51 59 66 64 65 68 63 62 69 61 67 70  4  6  9  1  7  3  8  2  5 10 13 12 14 16 11 19 15 20 18 17 30 22 21 24 27 23 26 29 25 28
 29 24 23 28 30 25 21 22 26 27 33 38 37 39 36 31 40 34 32 35 48 42 43 46 47 50 45 44 41 49 56 54 55 58 53 52 59 51 57 60 64 66 69 61 67 63 68 62 65 70  3  2  4  6  1  9  5 10  8  7 20 12 11 14 17 13 16 19 15 18
  9  4  3  8 10  5  1  2  6  7 13 18 17 19 16 11 20 14 12 15 28 22 23 26 27 30 25 24 21 29 36 34 35 38 33 32 39 31 37 40 44 46 49 41 47 43 48 42 45 50 53 52 54 56 51 59 55 60 58 57 70 62 61 64 67 63 66 69 65 68
 19 14 13 18 20 15 11 12 16 17 23 28 27 29 26 21 30 24 22 25 38 32 33 36 37 40 35 34 31 39 46 44 45 48 43 42 49 41 47 50 54 56 59 51 57 53 58 52 55 60 63 62 64 66 61 69 65 70 68 67 10  2  1  4  7  3  6  9  5  8
 69 64 63 68 70 65 61 62 66 67  3  8  7  9  6  1 10  4  2  5 18 12 13 16 17 20 15 14 11 19 26 24 25 28 23 22 29 21 27 30 34 36 39 31 37 33 38 32 35 40 43 42 44 46 41 49 45 50 48 47 60 52 51 54 57 53 56 59 55 58
 49 44 43 48 50 45 41 42 46 47 53 58 57 59 56 51 60 54 52 55 68 62 63 66 67 70 65 64 61 69  6  4  5  8  3  2  9  1  7 10 14 16 19 11 17 13 18 12 15 20 23 22 24 26 21 29 25 30 28 27 40 32 31 34 37 33 36 39 35 38
 40 35 34 39 31 36 32 33 37 38 44 49 48 50 47 42 41 45 43 46 59 53 54 57 58 51 56 55 52 60 67 65 66 69 64 63 70 62 68 61  5  7 10  2  8  4  9  3  6  1 14 13 15 17 12 20 16 11 19 18 21 23 22 25 28 24 27 30 26 29
 20 15 14 19 11 16 12 13 17 18 24 29 28 30 27 22 21 25 23 26 39 33 34 37 38 31 36 35 32 40 47 45 46 49 44 43 50 42 48 41 55 57 60 52 58 54 59 53 56 51 64 63 65 67 62 70 66 61 69 68  1  3  2  5  8  4  7 10  6  9
 60 55 54 59 51 56 52 53 57 58 64 69 68 70 67 62 61 65 63 66  9  3  4  7  8  1  6  5  2 10 17 15 16 19 14 13 20 12 18 11 25 27 30 22 28 24 29 23 26 21 34 33 35 37 32 40 36 31 39 38 41 43 42 45 48 44 47 50 46 49
 50 45 44 49 41 46 42 43 47 48 54 59 58 60 57 52 51 55 53 56 69 63 64 67 68 61 66 65 62 70  7  5  6  9  4  3 10  2  8  1 15 17 20 12 18 14 19 13 16 11 24 23 25 27 22 30 26 21 29 28 31 33 32 35 38 34 37 40 36 39
 30 25 24 29 21 26 22 23 27 28 34 39 38 40 37 32 31 35 33 36 49 43 44 47 48 41 46 45 42 50 57 55 56 59 54 53 60 52 58 51 65 67 70 62 68 64 69 63 66 61  4  3  5  7  2 10  6  1  9  8 11 13 12 15 18 14 17 20 16 19
 70 65 64 69 61 66 62 63 67 68  4  9  8 10  7  2  1  5  3  6 19 13 14 17 18 11 16 15 12 20 27 25 26 29 24 23 30 22 28 21 35 37 40 32 38 34 39 33 36 31 44 43 45 47 42 50 46 41 49 48 51 53 52 55 58 54 57 60 56 59
 10  5  4  9  1  6  2  3  7  8 14 19 18 20 17 12 11 15 13 16 29 23 24 27 28 21 26 25 22 30 37 35 36 39 34 33 40 32 38 31 45 47 50 42 48 44 49 43 46 41 54 53 55 57 52 60 56 51 59 58 61 63 62 65 68 64 67 70 66 69
 51 56 55 60 52 57 53 54 58 59 65 70 69 61 68 63 62 66 64 67 10  4  5  8  9  2  7  6  3  1 18 16 17 20 15 14 11 13 19 12 26 28 21 23 29 25 30 24 27 22 35 34 36 38 33 31 37 32 40 39 42 44 43 46 49 45 48 41 47 50
 11 16 15 20 12 17 13 14 18 19 25 30 29 21 28 23 22 26 24 27 40 34 35 38 39 32 37 36 33 31 48 46 47 50 45 44 41 43 49 42 56 58 51 53 59 55 60 54 57 52 65 64 66 68 63 61 67 62 70 69  2  4  3  6  9  5  8  1  7 10
 21 26 25 30 22 27 23 24 28 29 35 40 39 31 38 33 32 36 34 37 50 44 45 48 49 42 47 46 43 41 58 56 57 60 55 54 51 53 59 52 66 68 61 63 69 65 70 64 67 62  5  4  6  8  3  1  7  2 10  9 12 14 13 16 19 15 18 11 17 20
 61 66 65 70 62 67 63 64 68 69  5 10  9  1  8  3  2  6  4  7 20 14 15 18 19 12 17 16 13 11 28 26 27 30 25 24 21 23 29 22 36 38 31 33 39 35 40 34 37 32 45 44 46 48 43 41 47 42 50 49 52 54 53 56 59 55 58 51 57 60
 41 46 45 50 42 47 43 44 48 49 55 60 59 51 58 53 52 56 54 57 70 64 65 68 69 62 67 66 63 61  8  6  7 10  5  4  1  3  9  2 16 18 11 13 19 15 20 14 17 12 25 24 26 28 23 21 27 22 30 29 32 34 33 36 39 35 38 31 37 40
  1  6  5 10  2  7  3  4  8  9 15 20 19 11 18 13 12 16 14 17 30 24 25 28 29 22 27 26 23 21 38 36 37 40 35 34 31 33 39 32 46 48 41 43 49 45 50 44 47 42 55 54 56 58 53 51 57 52 60 59 62 64 63 66 69 65 68 61 67 70
 31 36 35 40 32 37 33 34 38 39 45 50 49 41 48 43 42 46 44 47 60 54 55 58 59 52 57 56 53 51 68 66 67 70 65 64 61 63 69 62  6  8  1  3  9  5 10  4  7  2 15 14 16 18 13 11 17 12 20 19 22 24 23 26 29 25 28 21 27 30
