 65 69 67 70 63 64 66 61 62 68  4  1  8  7  9  6  5  2  3 10 15 13 17 16 14 18 12 11 19 20 27 30 22 23 28 25 21 26 24 29 36 33 38 40 35 37 39 32 31 34 41 45 43 42 46 50 44 48 49 47 54 59 53 55 51 52 56 60 58 57
 55 59 57 60 53 54 56 51 52 58 64 61 68 67 69 66 65 62 63 70  5  3  7  6  4  8  2  1  9 10 17 20 12 13 18 15 11 16 14 19 26 23 28 30 25 27 29 22 21 24 31 35 33 32 36 40 34 38 39 37 44 49 43 45 41 42 46 50 48 47
 35 39 37 40 33 34 36 31 32 38 44 41 48 47 49 46 45 42 43 50 55 53 57 56 54 58 52 51 59 60 67 70 62 63 68 65 61 66 64 69  6  3  8 10  5  7  9  2  1  4 11 15 13 12 16 20 14 18 19 17 24 29 23 25 21 22 26 30 28 27
 15 19 17 20 13 14 16 11 12 18 24 21 28 27 29 26 25 22 23 30 35 33 37 36 34 38 32 31 39 40 47 50 42 43 48 45 41 46 44 49 56 53 58 60 55 57 59 52 51 54 61 65 63 62 66 70 64 68 69 67  4  9  3  5  1  2  6 10  8  7
  5  9  7 10  3  4  6  1  2  8 14 11 18 17 19 16 15 12 13 20 25 23 27 26 24 28 22 21 29 30 37 40 32 33 38 35 31 36 34 39 46 43 48 50 45 47 49 42 41 44 51 55 53 52 56 60 54 58 59 57 64 69 63 65 61 62 66 70 68 67
 25 29 27 30 23 24 26 21 22 28 34 31 38 37 39 36 35 32 33 40 45 43 47 46 44 48 42 41 49 50 57 60 52 53 58 55 51 56 54 59 66 63 68 70 65 67 69 62 61 64  1  5  3  2  6 10  4  8  9  7 14 19 13 15 11 12 16 20 18 17
 45 49 47 50 43 44 46 41 42 48 54 51 58 57 59 56 55 52 53 60 65 63 67 66 64 68 62 61 69 70  7 10  2  3  8  5  1  6  4  9 16 13 18 20 15 17 19 12 11 14 21 25 23 22 26 30 24 28 29 27 34 39 33 35 31 32 36 40 38 37
 26 30 28 21 24 25 27 22 23 29 35 32 39 38 40 37 36 33 34 31 46 44 48 47 45 49 43 42 50 41 58 51 53 54 59 56 52 57 55 60 67 64 69 61 66 68 70 63 62 65  2  6  4  3  7  1  5  9 10  8 15 20 14 16 12 13 17 11 19 18
  6 10  8  1  4  5  7  2  3  9 15 12 19 18 20 17 16 13 14 11 26 24 28 27 25 29 23 22 30 21 38 31 33 34 39 36 32 37 35 40 47 44 49 41 46 48 50 43 42 45 52 56 54 53 57 51 55 59 60 58 65 70 64 66 62 63 67 61 69 68
 56 60 58 51 54 55 57 52 53 59 65 62 69 68 70 67 66 63 64 61  6  4  8  7  5  9  3  2 10  1 18 11 13 14 19 16 12 17 15 20 27 24 29 21 26 28 30 23 22 25 32 36 34 33 37 31 35 39 40 38 45 50 44 46 42 43 47 41 49 48
 46 50 48 41 44 45 47 42 43 49 55 52 59 58 60 57 56 53 54 51 66 64 68 67 65 69 63 62 70 61  8  1  3  4  9  6  2  7  5 10 17 14 19 11 16 18 20 13 12 15 22 26 24 23 27 21 25 29 30 28 35 40 34 36 32 33 37 31 39 38
 66 70 68 61 64 65 67 62 63 69  5  2  9  8 10  7  6  3  4  1 16 14 18 17 15 19 13 12 20 11 28 21 23 24 29 26 22 27 25 30 37 34 39 31 36 38 40 33 32 35 42 46 44 43 47 41 45 49 50 48 55 60 54 56 52 53 57 51 59 58
 36 40 38 31 34 35 37 32 33 39 45 42 49 48 50 47 46 43 44 41 56 54 58 57 55 59 53 52 60 51 68 61 63 64 69 66 62 67 65 70  7  4  9  1  6  8 10  3  2  5 12 16 14 13 17 11 15 19 20 18 25 30 24 26 22 23 27 21 29 28
 16 20 18 11 14 15 17 12 13 19 25 22 29 28 30 27 26 23 24 21 36 34 38 37 35 39 33 32 40 31 48 41 43 44 49 46 42 47 45 50 57 54 59 51 56 58 60 53 52 55 62 66 64 63 67 61 65 69 70 68  5 10  4  6  2  3  7  1  9  8
 17 11 19 12 15 16 18 13 14 20 26 23 30 29 21 28 27 24 25 22 37 35 39 38 36 40 34 33 31 32 49 42 44 45 50 47 43 48 46 41 58 55 60 52 57 59 51 54 53 56 63 67 65 64 68 62 66 70 61 69  6  1  5  7  3  4  8  2 10  9
 47 41 49 42 45 46 48 43 44 50 56 53 60 59 51 58 57 54 55 52 67 65 69 68 66 70 64 63 61 62  9  2  4  5 10  7  3  8  6  1 18 15 20 12 17 19 11 14 13 16 23 27 25 24 28 22 26 30 21 29 36 31 35 37 33 34 38 32 40 39
  7  1  9  2  5  6  8  3  4 10 16 13 20 19 11 18 17 14 15 12 27 25 29 28 26 30 24 23 21 22 39 32 34 35 40 37 33 38 36 31 48 45 50 42 47 49 41 44 43 46 53 57 55 54 58 52 56 60 51 59 66 61 65 67 63 64 68 62 70 69
 37 31 39 32 35 36 38 33 34 40 46 43 50 49 41 48 47 44 45 42 57 55 59 58 56 60 54 53 51 52 69 62 64 65 70 67 63 68 66 61  8  5 10  2  7  9  1  4  3  6 13 17 15 14 18 12 16 20 11 19 26 21 25 27 23 24 28 22 30 29
 27 21 29 22 25 26 28 23 24 30 36 33 40 39 31 38 37 34 35 32 47 45 49 48 46 50 44 43 41 42 59 52 54 55 60 57 53 58 56 51 68 65 70 62 67 69 61 64 63 66  3  7  5  4  8  2  6 10  1  9 16 11 15 17 13 14 18 12 20 19
 67 61 69 62 65 66 68 63 64 70  6  3 10  9  1  8  7  4  5  2 17 15 19 18 16 20 14 13 11 12 29 22 24 25 30 27 23 28 26 21 38 35 40 32 37 39 31 34 33 36 43 47 45 44 48 42 46 50 41 49 56 51 55 57 53 54 58 52 60 59
 57 51 59 52 55 56 58 53 54 60 66 63 70 69 61 68 67 64 65 62  7  5  9  8  6 10  4  3  1  2 19 12 14 15 20 17 13 18 16 11 28 25 30 22 27 29 21 24 23 26 33 37 35 34 38 32 36 40 31 39 46 41 45 47 43 44 48 42 50 49
 28 22 30 23 26 27 29 24 25 21 37 34 31 40 32 39 38 35 36 33 48 46 50 49 47 41 45 44 42 43 60 53 55 56 51 58 54 59 57 52 69 66 61 63 68 70 62 65 64 67  4  8  6  5  9  3  7  1  2 10 17 12 16 18 14 15 19 13 11 20
  8  2 10  3  6  7  9  4  5  1 17 14 11 20 12 19 18 15 16 13 28 26 30 29 27 21 25 24 22 23 40 33 35 36 31 38 34 39 37 32 49 46 41 43 48 50 42 45 44 47 54 58 56 55 59 53 57 51 52 60 67 62 66 68 64 65 69 63 61 70
 58 52 60 53 56 57 59 54 55 51 67 64 61 70 62 69 68 65 66 63  8  6 10  9  7  1  5  4  2  3 20 13 15 16 11 18 14 19 17 12 29 26 21 23 28 30 22 25 24 27 34 38 36 35 39 33 37 31 32 40 47 42 46 48 44 45 49 43 41 50
 68 62 70 63 66 67 69 64 65 61  7  4  1 10  2  9  8  5  6  3 18 16 20 19 17 11 15 14 12 13 30 23 25 26 21 28 24 29 27 22 39 36 31 33 38 40 32 35 34 37 44 48 46 45 49 43 47 41 42 50 57 52 56 58 54 55 59 53 51 60
 48 42 50 43 46 47 49 44 45 41 57 54 51 60 52 59 58 55 56 53 68 66 70 69 67 61 65 64 62 63 10  3  5  6  1  8  4  9  7  2 19 16 11 13 18 20 12 15 14 17 24 28 26 25 29 23 27 21 22 30 37 32 36 38 34 35 39 33 31 40
 18 12 20 13 16 17 19 14 15 11 27 24 21 30 22 29 28 25 26 23 38 36 40 39 37 31 35 34 32 33 50 43 45 46 41 48 44 49 47 42 59 56 51 53 58 60 52 55 54 57 64 68 66 65 69 63 67 61 62 70  7  2  6  8  4  5  9  3  1 10
 38 32 40 33 36 37 39 34 35 31 47 44 41 50 42 49 48 45 46 43 58 56 60 59 57 51 55 54 52 53 70 63 65 66 61 68 64 69 67 62  9  6  1  3  8 10  2  5  4  7 14 18 16 15 19 13 17 11 12 20 27 22 26 28 24 25 29 23 21 30
 49 43 41 44 47 48 50 45 46 42 58 55 52 51 53 60 59 56 57 54 69 67 61 70 68 62 66 65 63 64  1  4  6  7  2  9  5 10  8  3 20 17 12 14 19 11 13 16 15 18 25 29 27 26 30 24 28 22 23 21 38 33 37 39 35 36 40 34 32 31
 29 23 21 24 27 28 30 25 26 22 38 35 32 31 33 40 39 36 37 34 49 47 41 50 48 42 46 45 43 44 51 54 56 57 52 59 55 60 58 53 70 67 62 64 69 61 63 66 65 68  5  9  7  6 10  4  8  2  3  1 18 13 17 19 15 16 20 14 12 11
 59 53 51 54 57 58 60 55 56 52 68 65 62 61 63 70 69 66 67 64  9  7  1 10  8  2  6  5  3  4 11 14 16 17 12 19 15 20 18 13 30 27 22 24 29 21 23 26 25 28 35 39 37 36 40 34 38 32 33 31 48 43 47 49 45 46 50 44 42 41
 69 63 61 64 67 68 70 65 66 62  8  5  2  1  3 10  9  6  7  4 19 17 11 20 18 12 16 15 13 14 21 24 26 27 22 29 25 30 28 23 40 37 32 34 39 31 33 36 35 38 45 49 47 46 50 44 48 42 43 41 58 53 57 59 55 56 60 54 52 51
 19 13 11 14 17 18 20 15 16 12 28 25 22 21 23 30 29 26 27 24 39 37 31 40 38 32 36 35 33 34 41 44 46 47 42 49 45 50 48 43 60 57 52 54 59 51 53 56 55 58 65 69 67 66 70 64 68 62 63 61  8  3  7  9  5  6 10  4  2  1
 39 33 31 34 37 38 40 35 36 32 48 45 42 41 43 50 49 46 47 44 59 57 51 60 58 52 56 55 53 54 61 64 66 67 62 69 65 70 68 63 10  7  2  4  9  1  3  6  5  8 15 19 17 16 20 14 18 12 13 11 28 23 27 29 25 26 30 24 22 21
  9  3  1  4  7  8 10  5  6  2 18 15 12 11 13 20 19 16 17 14 29 27 21 30 28 22 26 25 23 24 31 34 36 37 32 39 35 40 38 33 50 47 42 44 49 41 43 46 45 48 55 59 57 56 60 54 58 52 53 51 68 63 67 69 65 66 70 64 62 61
 60 54 52 55 58 59 51 56 57 53 69 66 63 62 64 61 70 67 68 65 10  8  2  1  9  3  7  6  4  5 12 15 17 18 13 20 16 11 19 14 21 28 23 25 30 22 24 27 26 29 36 40 38 37 31 35 39 33 34 32 49 44 48 50 46 47 41 45 43 42
 30 24 22 25 28 29 21 26 27 23 39 36 33 32 34 31 40 37 38 35 50 48 42 41 49 43 47 46 44 45 52 55 57 58 53 60 56 51 59 54 61 68 63 65 70 62 64 67 66 69  6 10  8  7  1  5  9  3  4  2 19 14 18 20 16 17 11 15 13 12
 70 64 62 65 68 69 61 66 67 63  9  6  3  2  4  1 10  7  8  5 20 18 12 11 19 13 17 16 14 15 22 25 27 28 23 30 26 21 29 24 31 38 33 35 40 32 34 37 36 39 46 50 48 47 41 45 49 43 44 42 59 54 58 60 56 57 51 55 53 52
 10  4  2  5  8  9  1  6  7  3 19 16 13 12 14 11 20 17 18 15 30 28 22 21 29 23 27 26 24 25 32 35 37 38 33 40 36 31 39 34 41 48 43 45 50 42 44 47 46 49 56 60 58 57 51 55 59 53 54 52 69 64 68 70 66 67 61 65 63 62
 20 14 12 15 18 19 11 16 17 13 29 26 23 22 24 21 30 27 28 25 40 38 32 31 39 33 37 36 34 35 42 45 47 48 43 50 46 41 49 44 51 58 53 55 60 52 54 57 56 59 66 70 68 67 61 65 69 63 64 62  9  4  8 10  6  7  1  5  3  2
 50 44 42 45 48 49 41 46 47 43 59 56 53 52 54 51 60 57 58 55 70 68 62 61 69 63 67 66 64 65  2  5  7  8  3 10  6  1  9  4 11 18 13 15 20 12 14 17 16 19 26 30 28 27 21 25 29 23 24 22 39 34 38 40 36 37 31 35 33 32
 40 34 32 35 38 39 31 36 37 33 49 46 43 42 44 41 50 47 48 45 60 58 52 51 59 53 57 56 54 55 62 65 67 68 63 70 66 61 69 64  1  8  3  5 10  2  4  7  6  9 16 20 18 17 11 15 19 13 14 12 29 24 28 30 26 27 21 25 23 22
 31 35 33 36 39 40 32 37 38 34 50 47 44 43 45 42 41 48 49 46 51 59 53 52 60 54 58 57 55 56 63 66 68 69 64 61 67 62 70 65  2  9  4  6  1  3  5  8  7 10 17 11 19 18 12 16 20 14 15 13 30 25 29 21 27 28 22 26 24 23
 11 15 13 16 19 20 12 17 18 14 30 27 24 23 25 22 21 28 29 26 31 39 33 32 40 34 38 37 35 36 43 46 48 49 44 41 47 42 50 45 52 59 54 56 51 53 55 58 57 60 67 61 69 68 62 66 70 64 65 63 10  5  9  1  7  8  2  6  4  3
 41 45 43 46 49 50 42 47 48 44 60 57 54 53 55 52 51 58 59 56 61 69 63 62 70 64 68 67 65 66  3  6  8  9  4  1  7  2 10  5 12 19 14 16 11 13 15 18 17 20 27 21 29 28 22 26 30 24 25 23 40 35 39 31 37 38 32 36 34 33
 21 25 23 26 29 30 22 27 28 24 40 37 34 33 35 32 31 38 39 36 41 49 43 42 50 44 48 47 45 46 53 56 58 59 54 51 57 52 60 55 62 69 64 66 61 63 65 68 67 70  7  1  9  8  2  6 10  4  5  3 20 15 19 11 17 18 12 16 14 13
  1  5  3  6  9 10  2  7  8  4 20 17 14 13 15 12 11 18 19 16 21 29 23 22 30 24 28 27 25 26 33 36 38 39 34 31 37 32 40 35 42 49 44 46 41 43 45 48 47 50 57 51 59 58 52 56 60 54 55 53 70 65 69 61 67 68 62 66 64 63
 51 55 53 56 59 60 52 57 58 54 70 67 64 63 65 62 61 68 69 66  1  9  3  2 10  4  8  7  5  6 13 16 18 19 14 11 17 12 20 15 22 29 24 26 21 23 25 28 27 30 37 31 39 38 32 36 40 34 35 33 50 45 49 41 47 48 42 46 44 43
 61 65 63 66 69 70 62 67 68 64 10  7  4  3  5  2  1  8  9  6 11 19 13 12 20 14 18 17 15 16 23 26 28 29 24 21 27 22 30 25 32 39 34 36 31 33 35 38 37 40 47 41 49 48 42 46 50 44 45 43 60 55 59 51 57 58 52 56 54 53
 22 26 24 27 30 21 23 28 29 25 31 38 35 34 36 33 32 39 40 37 42 50 44 43 41 45 49 48 46 47 54 57 59 60 55 52 58 53 51 56 63 70 65 67 62 64 66 69 68 61  8  2 10  9  3  7  1  5  6  4 11 16 20 12 18 19 13 17 15 14
 32 36 34 37 40 31 33 38 39 35 41 48 45 44 46 43 42 49 50 47 52 60 54 53 51 55 59 58 56 57 64 67 69 70 65 62 68 63 61 66  3 10  5  7  2  4  6  9  8  1 18 12 20 19 13 17 11 15 16 14 21 26 30 22 28 29 23 27 25 24
  2  6  4  7 10  1  3  8  9  5 11 18 15 14 16 13 12 19 20 17 22 30 24 23 21 25 29 28 26 27 34 37 39 40 35 32 38 33 31 36 43 50 45 47 42 44 46 49 48 41 58 52 60 59 53 57 51 55 56 54 61 66 70 62 68 69 63 67 65 64
 12 16 14 17 20 11 13 18 19 15 21 28 25 24 26 23 22 29 30 27 32 40 34 33 31 35 39 38 36 37 44 47 49 50 45 42 48 43 41 46 53 60 55 57 52 54 56 59 58 51 68 62 70 69 63 67 61 65 66 64  1  6 10  2  8  9  3  7  5  4
 52 56 54 57 60 51 53 58 59 55 61 68 65 64 66 63 62 69 70 67  2 10  4  3  1  5  9  8  6  7 14 17 19 20 15 12 18 13 11 16 23 30 25 27 22 24 26 29 28 21 38 32 40 39 33 37 31 35 36 34 41 46 50 42 48 49 43 47 45 44
 42 46 44 47 50 41 43 48 49 45 51 58 55 54 56 53 52 59 60 57 62 70 64 63 61 65 69 68 66 67  4  7  9 10  5  2  8  3  1  6 13 20 15 17 12 14 16 19 18 11 28 22 30 29 23 27 21 25 26 24 31 36 40 32 38 39 33 37 35 34
 62 66 64 67 70 61 63 68 69 65  1  8  5  4  6  3  2  9 10  7 12 20 14 13 11 15 19 18 16 17 24 27 29 30 25 22 28 23 21 26 33 40 35 37 32 34 36 39 38 31 48 42 50 49 43 47 41 45 46 44 51 56 60 52 58 59 53 57 55 54
 13 17 15 18 11 12 14 19 20 16 22 29 26 25 27 24 23 30 21 28 33 31 35 34 32 36 40 39 37 38 45 48 50 41 46 43 49 44 42 47 54 51 56 58 53 55 57 60 59 52 69 63 61 70 64 68 62 66 67 65  2  7  1  3  9 10  4  8  6  5
 33 37 35 38 31 32 34 39 40 36 42 49 46 45 47 44 43 50 41 48 53 51 55 54 52 56 60 59 57 58 65 68 70 61 66 63 69 64 62 67  4  1  6  8  3  5  7 10  9  2 19 13 11 20 14 18 12 16 17 15 22 27 21 23 29 30 24 28 26 25
 43 47 45 48 41 42 44 49 50 46 52 59 56 55 57 54 53 60 51 58 63 61 65 64 62 66 70 69 67 68  5  8 10  1  6  3  9  4  2  7 14 11 16 18 13 15 17 20 19 12 29 23 21 30 24 28 22 26 27 25 32 37 31 33 39 40 34 38 36 35
 23 27 25 28 21 22 24 29 30 26 32 39 36 35 37 34 33 40 31 38 43 41 45 44 42 46 50 49 47 48 55 58 60 51 56 53 59 54 52 57 64 61 66 68 63 65 67 70 69 62  9  3  1 10  4  8  2  6  7  5 12 17 11 13 19 20 14 18 16 15
 53 57 55 58 51 52 54 59 60 56 62 69 66 65 67 64 63 70 61 68  3  1  5  4  2  6 10  9  7  8 15 18 20 11 16 13 19 14 12 17 24 21 26 28 23 25 27 30 29 22 39 33 31 40 34 38 32 36 37 35 42 47 41 43 49 50 44 48 46 45
  3  7  5  8  1  2  4  9 10  6 12 19 16 15 17 14 13 20 11 18 23 21 25 24 22 26 30 29 27 28 35 38 40 31 36 33 39 34 32 37 44 41 46 48 43 45 47 50 49 42 59 53 51 60 54 58 52 56 57 55 62 67 61 63 69 70 64 68 66 65
 63 67 65 68 61 62 64 69 70 66  2  9  6  5  7  4  3 10  1  8 13 11 15 14 12 16 20 19 17 18 25 28 30 21 26 23 29 24 22 27 34 31 36 38 33 35 37 40 39 32 49 43 41 50 44 48 42 46 47 45 52 57 51 53 59 60 54 58 56 55
 54 58 56 59 52 53 55 60 51 57 63 70 67 66 68 65 64 61 62 69  4  2  6  5  3  7  1 10  8  9 16 19 11 12 17 14 20 15 13 18 25 22 27 29 24 26 28 21 30 23 40 34 32 31 35 39 33 37 38 36 43 48 42 44 50 41 45 49 47 46
 14 18 16 19 12 13 15 20 11 17 23 30 27 26 28 25 24 21 22 29 34 32 36 35 33 37 31 40 38 39 46 49 41 42 47 44 50 45 43 48 55 52 57 59 54 56 58 51 60 53 70 64 62 61 65 69 63 67 68 66  3  8  2  4 10  1  5  9  7  6
 34 38 36 39 32 33 35 40 31 37 43 50 47 46 48 45 44 41 42 49 54 52 56 55 53 57 51 60 58 59 66 69 61 62 67 64 70 65 63 68  5  2  7  9  4  6  8  1 10  3 20 14 12 11 15 19 13 17 18 16 23 28 22 24 30 21 25 29 27 26
 64 68 66 69 62 63 65 70 61 67  3 10  7  6  8  5  4  1  2  9 14 12 16 15 13 17 11 20 18 19 26 29 21 22 27 24 30 25 23 28 35 32 37 39 34 36 38 31 40 33 50 44 42 41 45 49 43 47 48 46 53 58 52 54 60 51 55 59 57 56
 24 28 26 29 22 23 25 30 21 27 33 40 37 36 38 35 34 31 32 39 44 42 46 45 43 47 41 50 48 49 56 59 51 52 57 54 60 55 53 58 65 62 67 69 64 66 68 61 70 63 10  4  2  1  5  9  3  7  8  6 13 18 12 14 20 11 15 19 17 16
  4  8  6  9  2  3  5 10  1  7 13 20 17 16 18 15 14 11 12 19 24 22 26 25 23 27 21 30 28 29 36 39 31 32 37 34 40 35 33 38 45 42 47 49 44 46 48 41 50 43 60 54 52 51 55 59 53 57 58 56 63 68 62 64 70 61 65 69 67 66
 44 48 46 49 42 43 45 50 41 47 53 60 57 56 58 55 54 51 52 59 64 62 66 65 63 67 61 70 68 69  6  9  1  2  7  4 10  5  3  8 15 12 17 19 14 16 18 11 20 13 30 24 22 21 25 29 23 27 28 26 33 38 32 34 40 31 35 39 37 36
