 12 19 13 17 11 15 20 14 18 16 29 24 30 23 28 25 21 26 22 27 40 34 37 31 36 33 32 38 39 35 50 46 48 45 47 41 43 42 49 44 57 58 54 60 53 59 52 51 56 55 62 65 67 69 63 61 66 64 70 68  9  1  6  7 10  4  2  8  3  5
 62 69 63 67 61 65 70 64 68 66  9  4 10  3  8  5  1  6  2  7 20 14 17 11 16 13 12 18 19 15 30 26 28 25 27 21 23 22 29 24 37 38 34 40 33 39 32 31 36 35 42 45 47 49 43 41 46 44 50 48 59 51 56 57 60 54 52 58 53 55
  2  9  3  7  1  5 10  4  8  6 19 14 20 13 18 15 11 16 12 17 30 24 27 21 26 23 22 28 29 25 40 36 38 35 37 31 33 32 39 34 47 48 44 50 43 49 42 41 46 45 52 55 57 59 53 51 56 54 60 58 69 61 66 67 70 64 62 68 63 65
 22 29 23 27 21 25 30 24 28 26 39 34 40 33 38 35 31 36 32 37 50 44 47 41 46 43 42 48 49 45 60 56 58 55 57 51 53 52 59 54 67 68 64 70 63 69 62 61 66 65  2  5  7  9  3  1  6  4 10  8 19 11 16 17 20 14 12 18 13 15
 42 49 43 47 41 45 50 44 48 46 59 54 60 53 58 55 51 56 52 57 70 64 67 61 66 63 62 68 69 65 10  6  8  5  7  1  3  2  9  4 17 18 14 20 13 19 12 11 16 15 22 25 27 29 23 21 26 24 30 28 39 31 36 37 40 34 32 38 33 35
 32 39 33 37 31 35 40 34 38 36 49 44 50 43 48 45 41 46 42 47 60 54 57 51 56 53 52 58 59 55 70 66 68 65 67 61 63 62 69 64  7  8  4 10  3  9  2  1  6  5 12 15 17 19 13 11 16 14 20 18 29 21 26 27 30 24 22 28 23 25
 52 59 53 57 51 55 60 54 58 56 69 64 70 63 68 65 61 66 62 67 10  4  7  1  6  3  2  8  9  5 20 16 18 15 17 11 13 12 19 14 27 28 24 30 23 29 22 21 26 25 32 35 37 39 33 31 36 34 40 38 49 41 46 47 50 44 42 48 43 45
 63 70 64 68 62 66 61 65 69 67 10  5  1  4  9  6  2  7  3  8 11 15 18 12 17 14 13 19 20 16 21 27 29 26 28 22 24 23 30 25 38 39 35 31 34 40 33 32 37 36 43 46 48 50 44 42 47 45 41 49 60 52 57 58 51 55 53 59 54 56
 13 20 14 18 12 16 11 15 19 17 30 25 21 24 29 26 22 27 23 28 31 35 38 32 37 34 33 39 40 36 41 47 49 46 48 42 44 43 50 45 58 59 55 51 54 60 53 52 57 56 63 66 68 70 64 62 67 65 61 69 10  2  7  8  1  5  3  9  4  6
 53 60 54 58 52 56 51 55 59 57 70 65 61 64 69 66 62 67 63 68  1  5  8  2  7  4  3  9 10  6 11 17 19 16 18 12 14 13 20 15 28 29 25 21 24 30 23 22 27 26 33 36 38 40 34 32 37 35 31 39 50 42 47 48 41 45 43 49 44 46
 43 50 44 48 42 46 41 45 49 47 60 55 51 54 59 56 52 57 53 58 61 65 68 62 67 64 63 69 70 66  1  7  9  6  8  2  4  3 10  5 18 19 15 11 14 20 13 12 17 16 23 26 28 30 24 22 27 25 21 29 40 32 37 38 31 35 33 39 34 36
  3 10  4  8  2  6  1  5  9  7 20 15 11 14 19 16 12 17 13 18 21 25 28 22 27 24 23 29 30 26 31 37 39 36 38 32 34 33 40 35 48 49 45 41 44 50 43 42 47 46 53 56 58 60 54 52 57 55 51 59 70 62 67 68 61 65 63 69 64 66
 33 40 34 38 32 36 31 35 39 37 50 45 41 44 49 46 42 47 43 48 51 55 58 52 57 54 53 59 60 56 61 67 69 66 68 62 64 63 70 65  8  9  5  1  4 10  3  2  7  6 13 16 18 20 14 12 17 15 11 19 30 22 27 28 21 25 23 29 24 26
 23 30 24 28 22 26 21 25 29 27 40 35 31 34 39 36 32 37 33 38 41 45 48 42 47 44 43 49 50 46 51 57 59 56 58 52 54 53 60 55 68 69 65 61 64 70 63 62 67 66  3  6  8 10  4  2  7  5  1  9 20 12 17 18 11 15 13 19 14 16
 64 61 65 69 63 67 62 66 70 68  1  6  2  5 10  7  3  8  4  9 12 16 19 13 18 15 14 20 11 17 22 28 30 27 29 23 25 24 21 26 39 40 36 32 35 31 34 33 38 37 44 47 49 41 45 43 48 46 42 50 51 53 58 59 52 56 54 60 55 57
 24 21 25 29 23 27 22 26 30 28 31 36 32 35 40 37 33 38 34 39 42 46 49 43 48 45 44 50 41 47 52 58 60 57 59 53 55 54 51 56 69 70 66 62 65 61 64 63 68 67  4  7  9  1  5  3  8  6  2 10 11 13 18 19 12 16 14 20 15 17
 14 11 15 19 13 17 12 16 20 18 21 26 22 25 30 27 23 28 24 29 32 36 39 33 38 35 34 40 31 37 42 48 50 47 49 43 45 44 41 46 59 60 56 52 55 51 54 53 58 57 64 67 69 61 65 63 68 66 62 70  1  3  8  9  2  6  4 10  5  7
 44 41 45 49 43 47 42 46 50 48 51 56 52 55 60 57 53 58 54 59 62 66 69 63 68 65 64 70 61 67  2  8 10  7  9  3  5  4  1  6 19 20 16 12 15 11 14 13 18 17 24 27 29 21 25 23 28 26 22 30 31 33 38 39 32 36 34 40 35 37
 34 31 35 39 33 37 32 36 40 38 41 46 42 45 50 47 43 48 44 49 52 56 59 53 58 55 54 60 51 57 62 68 70 67 69 63 65 64 61 66  9 10  6  2  5  1  4  3  8  7 14 17 19 11 15 13 18 16 12 20 21 23 28 29 22 26 24 30 25 27
  4  1  5  9  3  7  2  6 10  8 11 16 12 15 20 17 13 18 14 19 22 26 29 23 28 25 24 30 21 27 32 38 40 37 39 33 35 34 31 36 49 50 46 42 45 41 44 43 48 47 54 57 59 51 55 53 58 56 52 60 61 63 68 69 62 66 64 70 65 67
 54 51 55 59 53 57 52 56 60 58 61 66 62 65 70 67 63 68 64 69  2  6  9  3  8  5  4 10  1  7 12 18 20 17 19 13 15 14 11 16 29 30 26 22 25 21 24 23 28 27 34 37 39 31 35 33 38 36 32 40 41 43 48 49 42 46 44 50 45 47
  5  2  6 10  4  8  3  7  1  9 12 17 13 16 11 18 14 19 15 20 23 27 30 24 29 26 25 21 22 28 33 39 31 38 40 34 36 35 32 37 50 41 47 43 46 42 45 44 49 48 55 58 60 52 56 54 59 57 53 51 62 64 69 70 63 67 65 61 66 68
 65 62 66 70 64 68 63 67 61 69  2  7  3  6  1  8  4  9  5 10 13 17 20 14 19 16 15 11 12 18 23 29 21 28 30 24 26 25 22 27 40 31 37 33 36 32 35 34 39 38 45 48 50 42 46 44 49 47 43 41 52 54 59 60 53 57 55 51 56 58
 35 32 36 40 34 38 33 37 31 39 42 47 43 46 41 48 44 49 45 50 53 57 60 54 59 56 55 51 52 58 63 69 61 68 70 64 66 65 62 67 10  1  7  3  6  2  5  4  9  8 15 18 20 12 16 14 19 17 13 11 22 24 29 30 23 27 25 21 26 28
 55 52 56 60 54 58 53 57 51 59 62 67 63 66 61 68 64 69 65 70  3  7 10  4  9  6  5  1  2  8 13 19 11 18 20 14 16 15 12 17 30 21 27 23 26 22 25 24 29 28 35 38 40 32 36 34 39 37 33 31 42 44 49 50 43 47 45 41 46 48
 15 12 16 20 14 18 13 17 11 19 22 27 23 26 21 28 24 29 25 30 33 37 40 34 39 36 35 31 32 38 43 49 41 48 50 44 46 45 42 47 60 51 57 53 56 52 55 54 59 58 65 68 70 62 66 64 69 67 63 61  2  4  9 10  3  7  5  1  6  8
 25 22 26 30 24 28 23 27 21 29 32 37 33 36 31 38 34 39 35 40 43 47 50 44 49 46 45 41 42 48 53 59 51 58 60 54 56 55 52 57 70 61 67 63 66 62 65 64 69 68  5  8 10  2  6  4  9  7  3  1 12 14 19 20 13 17 15 11 16 18
 45 42 46 50 44 48 43 47 41 49 52 57 53 56 51 58 54 59 55 60 63 67 70 64 69 66 65 61 62 68  3  9  1  8 10  4  6  5  2  7 20 11 17 13 16 12 15 14 19 18 25 28 30 22 26 24 29 27 23 21 32 34 39 40 33 37 35 31 36 38
 46 43 47 41 45 49 44 48 42 50 53 58 54 57 52 59 55 60 56 51 64 68 61 65 70 67 66 62 63 69  4 10  2  9  1  5  7  6  3  8 11 12 18 14 17 13 16 15 20 19 26 29 21 23 27 25 30 28 24 22 33 35 40 31 34 38 36 32 37 39
 26 23 27 21 25 29 24 28 22 30 33 38 34 37 32 39 35 40 36 31 44 48 41 45 50 47 46 42 43 49 54 60 52 59 51 55 57 56 53 58 61 62 68 64 67 63 66 65 70 69  6  9  1  3  7  5 10  8  4  2 13 15 20 11 14 18 16 12 17 19
 66 63 67 61 65 69 64 68 62 70  3  8  4  7  2  9  5 10  6  1 14 18 11 15 20 17 16 12 13 19 24 30 22 29 21 25 27 26 23 28 31 32 38 34 37 33 36 35 40 39 46 49 41 43 47 45 50 48 44 42 53 55 60 51 54 58 56 52 57 59
  6  3  7  1  5  9  4  8  2 10 13 18 14 17 12 19 15 20 16 11 24 28 21 25 30 27 26 22 23 29 34 40 32 39 31 35 37 36 33 38 41 42 48 44 47 43 46 45 50 49 56 59 51 53 57 55 60 58 54 52 63 65 70 61 64 68 66 62 67 69
 16 13 17 11 15 19 14 18 12 20 23 28 24 27 22 29 25 30 26 21 34 38 31 35 40 37 36 32 33 39 44 50 42 49 41 45 47 46 43 48 51 52 58 54 57 53 56 55 60 59 66 69 61 63 67 65 70 68 64 62  3  5 10  1  4  8  6  2  7  9
 36 33 37 31 35 39 34 38 32 40 43 48 44 47 42 49 45 50 46 41 54 58 51 55 60 57 56 52 53 59 64 70 62 69 61 65 67 66 63 68  1  2  8  4  7  3  6  5 10  9 16 19 11 13 17 15 20 18 14 12 23 25 30 21 24 28 26 22 27 29
 56 53 57 51 55 59 54 58 52 60 63 68 64 67 62 69 65 70 66 61  4  8  1  5 10  7  6  2  3  9 14 20 12 19 11 15 17 16 13 18 21 22 28 24 27 23 26 25 30 29 36 39 31 33 37 35 40 38 34 32 43 45 50 41 44 48 46 42 47 49
 67 64 68 62 66 70 65 69 63 61  4  9  5  8  3 10  6  1  7  2 15 19 12 16 11 18 17 13 14 20 25 21 23 30 22 26 28 27 24 29 32 33 39 35 38 34 37 36 31 40 47 50 42 44 48 46 41 49 45 43 54 56 51 52 55 59 57 53 58 60
 17 14 18 12 16 20 15 19 13 11 24 29 25 28 23 30 26 21 27 22 35 39 32 36 31 38 37 33 34 40 45 41 43 50 42 46 48 47 44 49 52 53 59 55 58 54 57 56 51 60 67 70 62 64 68 66 61 69 65 63  4  6  1  2  5  9  7  3  8 10
 37 34 38 32 36 40 35 39 33 31 44 49 45 48 43 50 46 41 47 42 55 59 52 56 51 58 57 53 54 60 65 61 63 70 62 66 68 67 64 69  2  3  9  5  8  4  7  6  1 10 17 20 12 14 18 16 11 19 15 13 24 26 21 22 25 29 27 23 28 30
  7  4  8  2  6 10  5  9  3  1 14 19 15 18 13 20 16 11 17 12 25 29 22 26 21 28 27 23 24 30 35 31 33 40 32 36 38 37 34 39 42 43 49 45 48 44 47 46 41 50 57 60 52 54 58 56 51 59 55 53 64 66 61 62 65 69 67 63 68 70
 27 24 28 22 26 30 25 29 23 21 34 39 35 38 33 40 36 31 37 32 45 49 42 46 41 48 47 43 44 50 55 51 53 60 52 56 58 57 54 59 62 63 69 65 68 64 67 66 61 70  7 10  2  4  8  6  1  9  5  3 14 16 11 12 15 19 17 13 18 20
 57 54 58 52 56 60 55 59 53 51 64 69 65 68 63 70 66 61 67 62  5  9  2  6  1  8  7  3  4 10 15 11 13 20 12 16 18 17 14 19 22 23 29 25 28 24 27 26 21 30 37 40 32 34 38 36 31 39 35 33 44 46 41 42 45 49 47 43 48 50
 47 44 48 42 46 50 45 49 43 41 54 59 55 58 53 60 56 51 57 52 65 69 62 66 61 68 67 63 64 70  5  1  3 10  2  6  8  7  4  9 12 13 19 15 18 14 17 16 11 20 27 30 22 24 28 26 21 29 25 23 34 36 31 32 35 39 37 33 38 40
 68 65 69 63 67 61 66 70 64 62  5 10  6  9  4  1  7  2  8  3 16 20 13 17 12 19 18 14 15 11 26 22 24 21 23 27 29 28 25 30 33 34 40 36 39 35 38 37 32 31 48 41 43 45 49 47 42 50 46 44 55 57 52 53 56 60 58 54 59 51
 48 45 49 43 47 41 46 50 44 42 55 60 56 59 54 51 57 52 58 53 66 70 63 67 62 69 68 64 65 61  6  2  4  1  3  7  9  8  5 10 13 14 20 16 19 15 18 17 12 11 28 21 23 25 29 27 22 30 26 24 35 37 32 33 36 40 38 34 39 31
 58 55 59 53 57 51 56 60 54 52 65 70 66 69 64 61 67 62 68 63  6 10  3  7  2  9  8  4  5  1 16 12 14 11 13 17 19 18 15 20 23 24 30 26 29 25 28 27 22 21 38 31 33 35 39 37 32 40 36 34 45 47 42 43 46 50 48 44 49 41
  8  5  9  3  7  1  6 10  4  2 15 20 16 19 14 11 17 12 18 13 26 30 23 27 22 29 28 24 25 21 36 32 34 31 33 37 39 38 35 40 43 44 50 46 49 45 48 47 42 41 58 51 53 55 59 57 52 60 56 54 65 67 62 63 66 70 68 64 69 61
 28 25 29 23 27 21 26 30 24 22 35 40 36 39 34 31 37 32 38 33 46 50 43 47 42 49 48 44 45 41 56 52 54 51 53 57 59 58 55 60 63 64 70 66 69 65 68 67 62 61  8  1  3  5  9  7  2 10  6  4 15 17 12 13 16 20 18 14 19 11
 18 15 19 13 17 11 16 20 14 12 25 30 26 29 24 21 27 22 28 23 36 40 33 37 32 39 38 34 35 31 46 42 44 41 43 47 49 48 45 50 53 54 60 56 59 55 58 57 52 51 68 61 63 65 69 67 62 70 66 64  5  7  2  3  6 10  8  4  9  1
 38 35 39 33 37 31 36 40 34 32 45 50 46 49 44 41 47 42 48 43 56 60 53 57 52 59 58 54 55 51 66 62 64 61 63 67 69 68 65 70  3  4 10  6  9  5  8  7  2  1 18 11 13 15 19 17 12 20 16 14 25 27 22 23 26 30 28 24 29 21
 69 66 70 64 68 62 67 61 65 63  6  1  7 10  5  2  8  3  9  4 17 11 14 18 13 20 19 15 16 12 27 23 25 22 24 28 30 29 26 21 34 35 31 37 40 36 39 38 33 32 49 42 44 46 50 48 43 41 47 45 56 58 53 54 57 51 59 55 60 52
 49 46 50 44 48 42 47 41 45 43 56 51 57 60 55 52 58 53 59 54 67 61 64 68 63 70 69 65 66 62  7  3  5  2  4  8 10  9  6  1 14 15 11 17 20 16 19 18 13 12 29 22 24 26 30 28 23 21 27 25 36 38 33 34 37 31 39 35 40 32
  9  6 10  4  8  2  7  1  5  3 16 11 17 20 15 12 18 13 19 14 27 21 24 28 23 30 29 25 26 22 37 33 35 32 34 38 40 39 36 31 44 45 41 47 50 46 49 48 43 42 59 52 54 56 60 58 53 51 57 55 66 68 63 64 67 61 69 65 70 62
 59 56 60 54 58 52 57 51 55 53 66 61 67 70 65 62 68 63 69 64  7  1  4  8  3 10  9  5  6  2 17 13 15 12 14 18 20 19 16 11 24 25 21 27 30 26 29 28 23 22 39 32 34 36 40 38 33 31 37 35 46 48 43 44 47 41 49 45 50 42
 39 36 40 34 38 32 37 31 35 33 46 41 47 50 45 42 48 43 49 44 57 51 54 58 53 60 59 55 56 52 67 63 65 62 64 68 70 69 66 61  4  5  1  7 10  6  9  8  3  2 19 12 14 16 20 18 13 11 17 15 26 28 23 24 27 21 29 25 30 22
 19 16 20 14 18 12 17 11 15 13 26 21 27 30 25 22 28 23 29 24 37 31 34 38 33 40 39 35 36 32 47 43 45 42 44 48 50 49 46 41 54 55 51 57 60 56 59 58 53 52 69 62 64 66 70 68 63 61 67 65  6  8  3  4  7  1  9  5 10  2
 29 26 30 24 28 22 27 21 25 23 36 31 37 40 35 32 38 33 39 34 47 41 44 48 43 50 49 45 46 42 57 53 55 52 54 58 60 59 56 51 64 65 61 67 70 66 69 68 63 62  9  2  4  6 10  8  3  1  7  5 16 18 13 14 17 11 19 15 20 12
 10  7  1  5  9  3  8  2  6  4 17 12 18 11 16 13 19 14 20 15 28 22 25 29 24 21 30 26 27 23 38 34 36 33 35 39 31 40 37 32 45 46 42 48 41 47 50 49 44 43 60 53 55 57 51 59 54 52 58 56 67 69 64 65 68 62 70 66 61 63
 40 37 31 35 39 33 38 32 36 34 47 42 48 41 46 43 49 44 50 45 58 52 55 59 54 51 60 56 57 53 68 64 66 63 65 69 61 70 67 62  5  6  2  8  1  7 10  9  4  3 20 13 15 17 11 19 14 12 18 16 27 29 24 25 28 22 30 26 21 23
 20 17 11 15 19 13 18 12 16 14 27 22 28 21 26 23 29 24 30 25 38 32 35 39 34 31 40 36 37 33 48 44 46 43 45 49 41 50 47 42 55 56 52 58 51 57 60 59 54 53 70 63 65 67 61 69 64 62 68 66  7  9  4  5  8  2 10  6  1  3
 50 47 41 45 49 43 48 42 46 44 57 52 58 51 56 53 59 54 60 55 68 62 65 69 64 61 70 66 67 63  8  4  6  3  5  9  1 10  7  2 15 16 12 18 11 17 20 19 14 13 30 23 25 27 21 29 24 22 28 26 37 39 34 35 38 32 40 36 31 33
 30 27 21 25 29 23 28 22 26 24 37 32 38 31 36 33 39 34 40 35 48 42 45 49 44 41 50 46 47 43 58 54 56 53 55 59 51 60 57 52 65 66 62 68 61 67 70 69 64 63 10  3  5  7  1  9  4  2  8  6 17 19 14 15 18 12 20 16 11 13
 60 57 51 55 59 53 58 52 56 54 67 62 68 61 66 63 69 64 70 65  8  2  5  9  4  1 10  6  7  3 18 14 16 13 15 19 11 20 17 12 25 26 22 28 21 27 30 29 24 23 40 33 35 37 31 39 34 32 38 36 47 49 44 45 48 42 50 46 41 43
 70 67 61 65 69 63 68 62 66 64  7  2  8  1  6  3  9  4 10  5 18 12 15 19 14 11 20 16 17 13 28 24 26 23 25 29 21 30 27 22 35 36 32 38 31 37 40 39 34 33 50 43 45 47 41 49 44 42 48 46 57 59 54 55 58 52 60 56 51 53
 11 18 12 16 20 14 19 13 17 15 28 23 29 22 27 24 30 25 21 26 39 33 36 40 35 32 31 37 38 34 49 45 47 44 46 50 42 41 48 43 56 57 53 59 52 58 51 60 55 54 61 64 66 68 62 70 65 63 69 67  8 10  5  6  9  3  1  7  2  4
 61 68 62 66 70 64 69 63 67 65  8  3  9  2  7  4 10  5  1  6 19 13 16 20 15 12 11 17 18 14 29 25 27 24 26 30 22 21 28 23 36 37 33 39 32 38 31 40 35 34 41 44 46 48 42 50 45 43 49 47 58 60 55 56 59 53 51 57 52 54
 41 48 42 46 50 44 49 43 47 45 58 53 59 52 57 54 60 55 51 56 69 63 66 70 65 62 61 67 68 64  9  5  7  4  6 10  2  1  8  3 16 17 13 19 12 18 11 20 15 14 21 24 26 28 22 30 25 23 29 27 38 40 35 36 39 33 31 37 32 34
  1  8  2  6 10  4  9  3  7  5 18 13 19 12 17 14 20 15 11 16 29 23 26 30 25 22 21 27 28 24 39 35 37 34 36 40 32 31 38 33 46 47 43 49 42 48 41 50 45 44 51 54 56 58 52 60 55 53 59 57 68 70 65 66 69 63 61 67 62 64
 51 58 52 56 60 54 59 53 57 55 68 63 69 62 67 64 70 65 61 66  9  3  6 10  5  2  1  7  8  4 19 15 17 14 16 20 12 11 18 13 26 27 23 29 22 28 21 30 25 24 31 34 36 38 32 40 35 33 39 37 48 50 45 46 49 43 41 47 42 44
 31 38 32 36 40 34 39 33 37 35 48 43 49 42 47 44 50 45 41 46 59 53 56 60 55 52 51 57 58 54 69 65 67 64 66 70 62 61 68 63  6  7  3  9  2  8  1 10  5  4 11 14 16 18 12 20 15 13 19 17 28 30 25 26 29 23 21 27 22 24
 21 28 22 26 30 24 29 23 27 25 38 33 39 32 37 34 40 35 31 36 49 43 46 50 45 42 41 47 48 44 59 55 57 54 56 60 52 51 58 53 66 67 63 69 62 68 61 70 65 64  1  4  6  8  2 10  5  3  9  7 18 20 15 16 19 13 11 17 12 14
