  9  3  4  8  2 15 11  7 13  1 10  6 14 12 16  5
 11  2  7  9 14  6  3  1 12 10 13  4  5 16 15  8
  7 16 13  3 10 12 14  5  6  9  1 11 15  8  2  4
 10  4 16 14  1  9 15  2  3  7  5  8  6 13 11 12
 12  5  2  6  3  7  9  8 11 14 15 16 10  4 13  1
 13 14 10 11  5  8  4 16  2 15  7 12  1  3  6  9
  6  8 15  1 11 16 13 12  4  5  3 14  2  9 10  7
  1 15  5 12  4 13 10  6  8 16  2  9  7 11 14  3
  5 13  6 10  9  4  2 15 16  3  8  7 12 14  1 11
 16 10  8 13 15  3  6 14  1 11 12  5  4  7  9  2
  2  9 11  5 13 14 16  4 15 12  6  3  8  1  7 10
 14 11  1 15 16  5  7 13  9  8  4  2  3 10 12  6
  4  7 14  2 12 11  5  3 10  6 16  1  9 15  8 13
  3  1 12 16  6 10  8  9  7  4 11 15 13  2  5 14
  8 12  9  4  7  2  1 11  5 13 14 10 16  6  3 15
 15  6  3  7  8  1 12 10 14  2  9 13 11  5  4 16
