  9  5  4  8  7  6  3  1  2 13 11 18 14 17 10 15 12 16
 18 14 13 17 16 15 12 10 11  4  2  9  5  8  1  6  3  7
 10 15 14 18 17 16 13 11 12  5  3  1  6  9  2  7  4  8
  1  6  5  9  8  7  4  2  3 14 12 10 15 18 11 16 13 17
 11 16 15 10 18 17 14 12 13  6  4  2  7  1  3  8  5  9
  2  7  6  1  9  8  5  3  4 15 13 11 16 10 12 17 14 18
  3  8  7  2  1  9  6  4  5 16 14 12 17 11 13 18 15 10
 12 17 16 11 10 18 15 13 14  7  5  3  8  2  4  9  6  1
  4  9  8  3  2  1  7  5  6 17 15 13 18 12 14 10 16 11
 13 18 17 12 11 10 16 14 15  8  6  4  9  3  5  1  7  2
  5  1  9  4  3  2  8  6  7 18 16 14 10 13 15 11 17 12
 14 10 18 13 12 11 17 15 16  9  7  5  1  4  6  2  8  3
 15 11 10 14 13 12 18 16 17  1  8  6  2  5  7  3  9  4
  6  2  1  5  4  3  9  7  8 10 17 15 11 14 16 12 18 13
  7  3  2  6  5  4  1  8  9 11 18 16 12 15 17 13 10 14
 16 12 11 15 14 13 10 17 18  2  9  7  3  6  8  4  1  5
  8  4  3  7  6  5  2  9  1 12 10 17 13 16 18 14 11 15
 17 13 12 16 15 14 11 18 10  3  1  8  4  7  9  5  2  6
