  9  2  1  7  4  5  6  3  8 16 11 10 15 18 12 13 17 14
 18 11 10 16 13 14 15 12 17  7  2  1  6  9  3  4  8  5
 10 12 11 17 14 15 16 13 18  8  3  2  7  1  4  5  9  6
  1  3  2  8  5  6  7  4  9 17 12 11 16 10 13 14 18 15
  2  4  3  9  6  7  8  5  1 18 13 12 17 11 14 15 10 16
 11 13 12 18 15 16 17 14 10  9  4  3  8  2  5  6  1  7
  3  5  4  1  7  8  9  6  2 10 14 13 18 12 15 16 11 17
 12 14 13 10 16 17 18 15 11  1  5  4  9  3  6  7  2  8
  4  6  5  2  8  9  1  7  3 11 15 14 10 13 16 17 12 18
 13 15 14 11 17 18 10 16 12  2  6  5  1  4  7  8  3  9
 14 16 15 12 18 10 11 17 13  3  7  6  2  5  8  9  4  1
  5  7  6  3  9  1  2  8  4 12 16 15 11 14 17 18 13 10
  6  8  7  4  1  2  3  9  5 13 17 16 12 15 18 10 14 11
 15 17 16 13 10 11 12 18 14  4  8  7  3  6  9  1  5  2
  7  9  8  5  2  3  4  1  6 14 18 17 13 16 10 11 15 12
 16 18 17 14 11 12 13 10 15  5  9  8  4  7  1  2  6  3
 17 10 18 15 12 13 14 11 16  6  1  9  5  8  2  3  7  4
  8  1  9  6  3  4  5  2  7 15 10 18 14 17 11 12 16 13
