-----------------------------------------------------------------------------------------
|  6 12  |  7  1  |  2  5  | 13 15  | 10 14  |  9  3  | 11  4  |  8 16  |
|  3 13  |  4 12  | 10 14  |  9  5  | 15  2  |  8 16  |  1  7  |  6 11  |
|  4 14  | 13 15  |  7 16  |  6  1  |  5 11  | 10 12  |  8  3  |  2  9  |
|  1 10  | 11  5  | 13 12  | 14  8  |  7 16  |  2 15  |  6  9  |  3  4  |
|  9 11  | 10  8  |  1  4  | 12  7  | 13  3  | 14  6  | 16  2  |  5 15  |
| 16  2  | 14  3  | 15  8  |  4 10  |  9  6  |  7 11  | 12  5  |  1 13  |
| 15  5  | 16  6  |  3  9  |  2 11  |  1  8  | 13  4  | 10 14  |  7 12  |
|  8  7  |  9  2  |  6 11  |  3 16  | 12  4  |  5  1  | 13 15  | 10 14  |
-----------------------------------------------------------------------------------------
| 12 16  |  5 10  |  8  2  | 11  3  |  4 13  |  1 14  | 15  6  |  9  7  |
| 10  9  |  3 14  |  5  6  | 15 12  | 11  1  | 16  2  |  7 13  |  4  8  |
| 13  4  |  8  9  | 12 10  |  7  2  |  3 15  | 11  5  | 14  1  | 16  6  |
|  7  8  |  1 13  |  4 15  | 16 14  |  2  9  |  6 10  |  5 11  | 12  3  |
|  5  6  | 12 11  |  9 13  | 10  4  | 14  7  |  3  8  |  2 16  | 15  1  |
|  2  3  | 15  7  | 11  1  |  5  6  | 16 12  |  4 13  |  9  8  | 14 10  |
| 14 15  |  6  4  | 16  7  |  1 13  |  8  5  | 12  9  |  3 10  | 11  2  |
| 11  1  |  2 16  | 14  3  |  8  9  |  6 10  | 15  7  |  4 12  | 13  5  |
-----------------------------------------------------------------------------------------
