-----------------------------------------------------------------------------------------
|  1 11  | 13 10  |  4  2  | 15  5  | 14  7  |  8  9  |  3  6  | 12 16  |
|  3 10  | 15  6  | 14 11  | 16  4  |  9  5  | 12  2  |  7  1  | 13  8  |
|  8 16  | 11 14  |  3 13  |  9  2  |  4  1  |  7  6  | 12 10  |  5 15  |
|  4  7  |  1 16  |  8 15  | 11 13  |  2 12  | 14 10  |  9  5  |  6  3  |
|  5  6  |  7  4  | 10 12  | 14  3  | 11 13  | 16 15  |  2  8  |  9  1  |
| 15 12  |  9  8  |  1  5  | 10  6  |  3 16  | 13 11  |  4 14  |  2  7  |
|  9 14  | 12  2  |  7  6  |  1  8  | 10 15  |  3  5  | 13 16  |  4 11  |
| 13  2  |  3  5  |  9 16  | 12  7  |  6  8  |  4  1  | 11 15  | 10 14  |
-----------------------------------------------------------------------------------------
|  2  4  |  6  9  |  5 10  | 13 11  | 15 14  |  1  8  | 16  7  |  3 12  |
| 10  8  | 14  7  |  2  3  |  5 15  | 13  6  | 11  4  |  1 12  | 16  9  |
|  7  3  | 16 12  | 13  9  |  2  1  |  5 11  | 15 14  |  6  4  |  8 10  |
|  6  1  |  8 11  | 12  7  |  3 10  | 16  2  |  5 13  | 15  9  | 14  4  |
| 16  9  | 10  1  | 15  8  |  4 14  |  7  3  |  6 12  |  5  2  | 11 13  |
| 11 15  |  4 13  |  6  1  |  8  9  | 12 10  |  2 16  | 14  3  |  7  5  |
| 14 13  |  5  3  | 16  4  |  6 12  |  1  9  | 10  7  |  8 11  | 15  2  |
| 12  5  |  2 15  | 11 14  |  7 16  |  8  4  |  9  3  | 10 13  |  1  6  |
-----------------------------------------------------------------------------------------
