-----------------------------------------------------------------------------------------
| 12  5  | 10  7  | 11 16  |  3 14  | 15  2  |  8  9  |  6 13  |  1  4  |
|  4 14  | 12  8  |  9  6  |  2 10  |  7 16  |  5 13  |  3  1  | 11 15  |
| 11  7  | 16 14  | 12  8  |  6 13  |  3  1  |  2 15  |  9  4  | 10  5  |
| 13  3  | 15  4  | 14  7  | 16  1  | 10  8  | 11 12  |  2  5  |  6  9  |
| 16 10  |  5  3  |  4  2  |  7 11  | 14  9  |  6  1  | 12 15  | 13  8  |
|  1  6  |  2 11  | 13  3  |  9 15  |  5 12  | 14  4  | 10  8  |  7 16  |
|  2 15  | 13  9  | 10  1  |  8  5  |  6  4  | 16  3  |  7 11  | 12 14  |
|  8  9  |  6  1  |  5 15  |  4 12  | 13 11  | 10  7  | 16 14  |  2  3  |
-----------------------------------------------------------------------------------------
| 14  2  |  1 13  |  8  4  | 15  9  | 16  7  |  3 10  | 11 12  |  5  6  |
|  3 13  | 14 10  |  7 12  |  5  4  |  8  6  | 15  2  |  1  9  | 16 11  |
|  6 11  |  4 12  |  1 13  | 14  2  |  9 15  |  7 16  |  5  3  |  8 10  |
|  5  1  |  9  6  |  3 10  | 13  7  |  2 14  |  4 11  |  8 16  | 15 12  |
| 15 12  | 11  2  |  6 14  |  1 16  |  4  5  |  9  8  | 13 10  |  3  7  |
|  7  4  |  8 16  |  2  9  | 12  3  | 11 10  |  1  5  | 15  6  | 14 13  |
| 10  8  |  7 15  | 16  5  | 11  6  | 12  3  | 13 14  |  4  2  |  9  1  |
|  9 16  |  3  5  | 15 11  | 10  8  |  1 13  | 12  6  | 14  7  |  4  2  |
-----------------------------------------------------------------------------------------
