-----------------------------------------------------------------------------------------
|  5  6  |  1 11  | 13 15  |  7 16  | 14  3  | 10  2  |  9 12  |  4  8  |
| 13  3  |  2  4  | 11  7  |  9 10  |  8  6  | 14 16  | 15  5  |  1 12  |
| 16 15  |  3  5  |  1  6  | 13 11  |  4  2  |  7 12  | 14  8  |  9 10  |
|  4 14  | 15  8  |  3 12  |  1  6  | 11  9  |  5 13  |  2 10  |  7 16  |
|  2  8  | 14  6  |  5 16  |  3 12  | 10  7  |  9 11  |  4  1  | 15 13  |
| 10 12  |  7  9  | 14  8  | 15  5  |  1 16  |  6  4  | 13 11  |  2  3  |
|  7  9  | 12 10  |  4  2  |  8 14  | 13  5  |  1 15  | 16  3  | 11  6  |
|  1 11  | 16 13  |  9 10  |  2  4  | 12 15  |  3  8  |  7  6  | 14  5  |
-----------------------------------------------------------------------------------------
| 14  1  | 13  7  |  8  4  |  6  2  |  5 11  | 12 10  |  3  9  | 16 15  |
|  8 10  |  5 14  | 12 13  | 16  1  |  3  4  |  2  9  | 11 15  |  6  7  |
| 15  5  |  9  1  |  2 14  | 12  8  |  6 13  | 11  7  | 10 16  |  3  4  |
| 12 16  |  8  2  |  7  5  | 14 13  |  9  1  | 15  3  |  6  4  | 10 11  |
|  3 13  |  6 15  | 10  9  | 11  7  | 16 12  |  4 14  |  5  2  |  8  1  |
|  6  7  | 10 12  | 15 11  |  4  3  |  2  8  | 16  5  |  1 14  | 13  9  |
| 11  2  |  4 16  |  6  3  |  5  9  | 15 10  | 13  1  |  8  7  | 12 14  |
|  9  4  | 11  3  | 16  1  | 10 15  |  7 14  |  8  6  | 12 13  |  5  2  |
-----------------------------------------------------------------------------------------
