-----------------------------------------------------------------------------------------
| 12  4  | 13  5  | 10  9  |  8  1  |  7  3  |  6 15  | 16  2  | 14 11  |
| 15  3  | 14 12  | 13 11  | 10  9  | 16  8  |  5  4  |  1  6  |  7  2  |
|  1  9  | 15  2  |  5 12  | 14 11  | 10  4  |  8 16  | 13  7  |  6  3  |
| 14  5  |  3 10  |  8  4  | 12  7  |  2  6  | 13  9  | 15 11  | 16  1  |
|  7  6  |  9  1  |  3 16  |  5 13  | 12 15  | 11  2  |  4 14  | 10  8  |
|  8 16  |  7  6  | 14 15  |  3  2  | 13 11  | 10  1  |  5  9  |  4 12  |
| 10 11  |  4  8  |  2  1  | 16  6  |  5  9  |  7 14  | 12  3  | 13 15  |
|  2 13  | 16 11  |  6  7  | 15  4  | 14  1  | 12  3  |  8 10  |  9  5  |
-----------------------------------------------------------------------------------------
|  9  2  |  1 13  | 12 10  |  6 16  |  4 14  | 15 11  |  3  5  |  8  7  |
|  6 15  | 10  7  |  1 14  |  4  8  | 11 16  |  2  5  |  9 12  |  3 13  |
| 11  1  |  8  9  | 16  6  |  2 10  |  3 12  | 14 13  |  7 15  |  5  4  |
| 16  8  |  2 15  |  7  5  |  1 12  |  6 13  |  3 10  | 14  4  | 11  9  |
|  5 10  | 12  4  |  9  8  |  7  3  |  1  2  | 16  6  | 11 13  | 15 14  |
| 13 12  | 11 14  |  4  3  |  9  5  | 15 10  |  1  7  |  6  8  |  2 16  |
|  4  7  |  6  3  | 15 13  | 11 14  |  8  5  |  9 12  |  2 16  |  1 10  |
|  3 14  |  5 16  | 11  2  | 13 15  |  9  7  |  4  8  | 10  1  | 12  6  |
-----------------------------------------------------------------------------------------
