-----------------------------------------------------------------------------------------
|  9  6  |  7  8  |  1 13  |  3 10  | 15  2  |  4 16  | 11 12  |  5 14  |
| 16 11  |  9  4  |  2 14  |  1 12  |  5  6  | 15  8  | 13 10  |  3  7  |
|  7 12  | 16  6  | 10 15  |  5 13  |  3  1  | 11  9  |  4 14  |  8  2  |
| 14  8  |  1  2  |  9 11  | 16  6  | 13 10  | 12  3  |  5  7  |  4 15  |
| 10  4  | 12 13  | 16  7  |  2 11  | 14  8  |  1  5  |  3 15  |  6  9  |
| 15  3  | 14 11  | 12  5  |  9  8  | 16  4  | 10  7  |  2  6  | 13  1  |
|  2  5  | 15  3  |  6  8  |  7  4  | 12 11  | 13 14  |  1  9  | 10 16  |
|  1 13  |  5 10  |  3  4  | 15 14  |  7  9  |  6  2  |  8 16  | 11 12  |
-----------------------------------------------------------------------------------------
|  5 16  |  8 12  |  7  3  | 14 15  | 11 13  |  2 10  |  6  1  |  9  4  |
|  6  2  | 13  9  |  8 10  | 11 16  |  1 15  | 14  4  |  7  5  | 12  3  |
|  3  7  |  2  1  | 11  9  |  8  5  |  4 14  | 16  6  | 12 13  | 15 10  |
| 11 15  |  4 14  |  5  2  | 10  3  |  6 16  |  7 12  |  9  8  |  1 13  |
|  4  1  |  6 15  | 14 16  | 12  2  |  9  5  |  3 13  | 10 11  |  7  8  |
| 13 14  |  3  5  |  4 12  |  6  9  | 10  7  |  8  1  | 15  2  | 16 11  |
|  8 10  | 11  7  | 13  6  |  4  1  |  2 12  |  9 15  | 16  3  | 14  5  |
| 12  9  | 10 16  | 15  1  | 13  7  |  8  3  |  5 11  | 14  4  |  2  6  |
-----------------------------------------------------------------------------------------
