-----------------------------------------------------------------------------------------
|  9 10  |  1 16  | 11 15  |  6  8  |  3  2  |  5 14  |  4  7  | 12 13  |
|  5  1  |  6  2  |  4  3  | 15 14  | 12 16  | 13  9  | 11  8  |  7 10  |
|  3 16  | 13 14  |  6  1  | 11  2  | 15  9  |  4  7  | 10 12  |  8  5  |
|  4 11  |  7  9  | 14  2  |  1 13  |  6 10  |  8 12  |  5 16  |  3 15  |
| 12  6  | 11  5  |  8 16  |  3  4  |  1  7  | 10 15  |  9 13  | 14  2  |
| 13 14  | 10  3  |  7 12  |  9  5  |  4  8  |  2  6  | 15  1  | 11 16  |
|  2  7  | 15  8  |  9 13  | 10 12  | 14  5  | 16 11  |  6  3  |  4  1  |
|  8 15  |  4 12  | 10  5  | 16  7  | 11 13  |  1  3  |  2 14  |  9  6  |
-----------------------------------------------------------------------------------------
| 16  8  | 14 10  | 12 11  |  5  1  |  2  4  |  6 13  |  3  9  | 15  7  |
| 10  5  | 16 15  |  1  6  |  8  9  |  7 12  |  3  4  | 14  2  | 13 11  |
|  7 13  |  3 11  | 15 10  |  4  6  |  9  1  | 12  2  |  8  5  | 16 14  |
|  6  9  |  5 13  | 16  8  |  7  3  | 10 11  | 14  1  | 12 15  |  2  4  |
|  1  2  |  8  4  |  5  7  | 12 15  | 13 14  |  9 10  | 16 11  |  6  3  |
| 15 12  |  9  7  |  2  4  | 14 10  |  5  3  | 11 16  | 13  6  |  1  8  |
| 11  3  | 12  1  | 13 14  |  2 16  |  8  6  | 15  5  |  7  4  | 10  9  |
| 14  4  |  2  6  |  3  9  | 13 11  | 16 15  |  7  8  |  1 10  |  5 12  |
-----------------------------------------------------------------------------------------
