  8  3 10  5  1  7 13 15 17  9 14 11 16  4  6 12  2
  4  1  6  8  2  9  7 12 10  3 11 13 14 16  5 17 15
  9 13  4 16 12 14 10  6 15  1  7  5  2 17  3  8 11
 15 14 13  4 17  8  5 10  2 12  3  9  7 11  1 16  6
 10 16 12 13 14 17  3  9 11  5  4  6  1  2  8 15  7
  2 10  9 14  4 13 15  3  8 17  1 12  5  7 11  6 16
 16 12  1 17  7 10  4 11  6 13  8  3  9  5 15  2 14
  1  2 15 11 16  6 14 13  7  8 17  4  3  9 10  5 12
  7 15  8 12 10  4  2  5  1 16  9 14  6  3 17 11 13
  5  9  3  2  6 16 12 17  4 10 13  8 11 15  7 14  1
  3  4 16 10  8  5  6  7 12 11  2  1 15 14  9 13 17
 14 17 11  3 15  1 16  4  5  6 10  7 13 12  2  9  8
 17  5 14  9  3 12 11  8 13  7 15  2  4  6 16  1 10
 11  6 17  1  9  3  8 16 14  2  5 15 12 10 13  7  4
  6  7  5 15 13 11  9  2 16  4 12 17  8  1 14 10  3
 12  8  7  6 11  2  1 14  9 15 16 10 17 13  4  3  5
 13 11  2  7  5 15 17  1  3 14  6 16 10  8 12  4  9
