  3  9  8 10  5  1  7  4  6 17 15 11 12 16 14  2 13
  9 17  4 15 10  5 13 12 14  6 16  8  3  1  2  7 11
 12  6  1  2  4 13 10  7 17 16  9 15 11  8  3 14  5
 13 11  9  6  2 10 14 17  7  4 12  1 15  3  5  8 16
  5 14 13  9  8  4  1 16 11 12 17 10  2 15  6  3  7
  6 16  5  4  9 11 15  8 10 14  2  3  1  7 12 13 17
 14  5  7 17  1  9  4 15 12 10  6 13  8  2 11 16  3
 17 12 11  1  7  8  5  9  4  3 10 14 16 13 15  6  2
  2 15 17  8 11  7  9  3  1  5  4  6 13 12 16 10 14
  1  2 16  5 15  6  8 10 13  9  3 12 14 11  7 17  4
 10  3  2  7  6 15 17 14 16 11 13  4  9  5  8 12  1
  7 13 14 16 12  2  6  5  3 15 11 17  4 10  1  9  8
  4 10 12 13  3 14  2  6  5  8  1 16  7  9 17 11 15
 15  4  3 12 17 16 11  2  8  7  5  9  6 14 13  1 10
 11  7 10 14 13  3 16  1  9  2  8  5 17  6  4 15 12
  8  1 15  3 16 17 12 11  2 13 14  7 10  4  9  5  6
 16  8  6 11 14 12  3 13 15  1  7  2  5 17 10  4  9
