 13  6 10 12  4 17  7 15  1 14  9  2 11  5  8  3 16
 11 13  5 10  2  6  1  9  8  7  4  3 12 14 16 17 15
  8 17 15  1 12 16  6  7  3 10  2  4 13 11 14  9  5
 16  1  6 15 10 12  4 14  2  3 11  9  7 17 13  5  8
 15  3 13  6  9  4  2  5 14  8 10 16  1  7 17 11 12
  4 16  3  5 15 11 10  6 12  1 14  7  8  2  9 13 17
 10  2 12  9 17  7 15  4  6  5  8 14 16  3 11  1 13
  3  8  4 11  5  9 12 17  7  6 15  1 14 13 10 16  2
  9 10  8 13 14 15 17  1  5  4  7 12  3 16  2  6 11
  1  4 11 16  7 10 13  2 17 15 12  5  9  8  3 14  6
 17  9 16  3  1 13 14 10  4  2  6 11  5 12 15  8  7
  2 11  1  8 13  5 16 12 10 17  3  6 15  9  7  4 14
  7 15 17  4 16 14  3 13  9 11  5  8  2  1  6 12 10
  5 12  9 14  6  2  8  3 11 13 16 15 17 10  1  7  4
  6  5 14  7 11  1  9  8 15 16 17 13 10  4 12  2  3
 12 14  7  2  8  3  5 11 16  9 13 17  6 15  4 10  1
 14  7  2 17  3  8 11 16 13 12  1 10  4  6  5 15  9
