 12 17 15  1 11 16 13  2  6  3  4  5 14  7  9  8 10
  4 12  8 11  5 15  3 10 14  6  7 13 16  9  2 17  1
  2  4 17  9  1 11 15  3  8 10 14  7  6  5 16 13 12
  1  7 16 10 13 12  6 14  3  4  8 11 17 15  5  2  9
  5  8 12 17  4  1  7 15  9  2  3  6 11 16 14 10 13
  6  5  7  3  9 10 14 16 17 15 11  8 13  4  1 12  2
 11 15  4 12  7 14  1  6 16  8  2 10  9 17 13  5  3
 14  2  6  5 17 13 11  1 10 12 15  3  7  8  4  9 16
 13  6  2  4  3 17 12  8  5 16  9 14  1 10 15  7 11
 16 11  5 14  2  9  4 12  7  1 17 15  3 13 10  6  8
  3 13 11  7 12  8  9 17  1 14 16  4 10  2  6 15  5
  8  9  3 16 14  4  5  7 11 13 10  2 15  6 12  1 17
 10 16 13  8 15  5  2 11 12  9  1 17  4  3  7 14  6
 17  3 10  2  8  7 16 13 15  5  6  9 12  1 11  4 14
  7 10 14 15 16  6 17  9 13 11  5  1  2 12  8  3  4
 15  1  9 13  6  2 10  5  4 17 12 16  8 14  3 11  7
  9 14  1  6 10  3  8  4  2  7 13 12  5 11 17 16 15
