  1  3  6 13  2  5  4  8 17 10  7 12 11 14 15  9 16
 13 14  9  6 15  1  3 11  8 17  4  7 12  5  2 16 10
 14  8  4  9 13 10  1 17 12 11  5  3  7 15 16  6  2
  3  4 11  5  6 13  2  1 10  7 15  8  9 16 14 12 17
 10 15  2 14  9  6  8 12  1 13 11 17 16  7  5  4  3
 17 10 13  1 16 15  5  2  9 12  3 11  8  4  6 14  7
 12  5 10 16 14  9 13  3  2  4 17  1 15 11  7  8  6
  5  6  3 10 12 14 17  4 16  9  8 13  2  1 11  7 15
  7 13 15 11 10  8  9  6  3  1  2 16  5 12  4 17 14
  8  1 16 15  7  2 14  9  4  6 10  5 17 13 12  3 11
 15 17  5  4  8 11  7 14  6  2 16 10  1  3  9 13 12
 16 12 17  8  4  7 15 13 14  5  9  2 10  6  3 11  1
  9 16 14  3 11  4 10 15  7  8 12  6 13  2 17  1  5
  4  9  8  2  5 16 12  7 11  3  1 14  6 17 10 15 13
 11  7  1 17  3 12  6  5 13 16 14 15  4 10  8  2  9
  6  2 12  7 17  3 11 16  5 15 13  9 14  8  1 10  4
  2 11  7 12  1 17 16 10 15 14  6  4  3  9 13  5  8
