 19 15 16 11 12 17 20 13 14 18 30 21 22 24 25 28 29 27 23 26 34 36 33 38 37 39 40 32 31 35 44 45 49 50 41 42 48 47 43 46 52 56 58 53 57 60 55 51 54 59 62 61 67 66 69 63 70 68 65 64 78 79 76 77 74 73 72 80 71 75 88 81 86 87 84 83 89 82 90 85  2  1  3  8  6  5  4 10  9  7
 89 85 86 81 82 87 90 83 84 88 10  1  2  4  5  8  9  7  3  6 14 16 13 18 17 19 20 12 11 15 24 25 29 30 21 22 28 27 23 26 32 36 38 33 37 40 35 31 34 39 42 41 47 46 49 43 50 48 45 44 58 59 56 57 54 53 52 60 51 55 68 61 66 67 64 63 69 62 70 65 72 71 73 78 76 75 74 80 79 77
 49 45 46 41 42 47 50 43 44 48 60 51 52 54 55 58 59 57 53 56 64 66 63 68 67 69 70 62 61 65 74 75 79 80 71 72 78 77 73 76 82 86 88 83 87 90 85 81 84 89  2  1  7  6  9  3 10  8  5  4 18 19 16 17 14 13 12 20 11 15 28 21 26 27 24 23 29 22 30 25 32 31 33 38 36 35 34 40 39 37
 59 55 56 51 52 57 60 53 54 58 70 61 62 64 65 68 69 67 63 66 74 76 73 78 77 79 80 72 71 75 84 85 89 90 81 82 88 87 83 86  2  6  8  3  7 10  5  1  4  9 12 11 17 16 19 13 20 18 15 14 28 29 26 27 24 23 22 30 21 25 38 31 36 37 34 33 39 32 40 35 42 41 43 48 46 45 44 50 49 47
  9  5  6  1  2  7 10  3  4  8 20 11 12 14 15 18 19 17 13 16 24 26 23 28 27 29 30 22 21 25 34 35 39 40 31 32 38 37 33 36 42 46 48 43 47 50 45 41 44 49 52 51 57 56 59 53 60 58 55 54 68 69 66 67 64 63 62 70 61 65 78 71 76 77 74 73 79 72 80 75 82 81 83 88 86 85 84 90 89 87
 69 65 66 61 62 67 70 63 64 68 80 71 72 74 75 78 79 77 73 76 84 86 83 88 87 89 90 82 81 85  4  5  9 10  1  2  8  7  3  6 12 16 18 13 17 20 15 11 14 19 22 21 27 26 29 23 30 28 25 24 38 39 36 37 34 33 32 40 31 35 48 41 46 47 44 43 49 42 50 45 52 51 53 58 56 55 54 60 59 57
 39 35 36 31 32 37 40 33 34 38 50 41 42 44 45 48 49 47 43 46 54 56 53 58 57 59 60 52 51 55 64 65 69 70 61 62 68 67 63 66 72 76 78 73 77 80 75 71 74 79 82 81 87 86 89 83 90 88 85 84  8  9  6  7  4  3  2 10  1  5 18 11 16 17 14 13 19 12 20 15 22 21 23 28 26 25 24 30 29 27
 29 25 26 21 22 27 30 23 24 28 40 31 32 34 35 38 39 37 33 36 44 46 43 48 47 49 50 42 41 45 54 55 59 60 51 52 58 57 53 56 62 66 68 63 67 70 65 61 64 69 72 71 77 76 79 73 80 78 75 74 88 89 86 87 84 83 82 90 81 85  8  1  6  7  4  3  9  2 10  5 12 11 13 18 16 15 14 20 19 17
 79 75 76 71 72 77 80 73 74 78 90 81 82 84 85 88 89 87 83 86  4  6  3  8  7  9 10  2  1  5 14 15 19 20 11 12 18 17 13 16 22 26 28 23 27 30 25 21 24 29 32 31 37 36 39 33 40 38 35 34 48 49 46 47 44 43 42 50 41 45 58 51 56 57 54 53 59 52 60 55 62 61 63 68 66 65 64 70 69 67
 30 26 27 22 23 28 21 24 25 29 31 32 33 35 36 39 40 38 34 37 45 47 44 49 48 50 41 43 42 46 55 56 60 51 52 53 59 58 54 57 63 67 69 64 68 61 66 62 65 70 73 72 78 77 80 74 71 79 76 75 89 90 87 88 85 84 83 81 82 86  9  2  7  8  5  4 10  3  1  6 13 12 14 19 17 16 15 11 20 18
 90 86 87 82 83 88 81 84 85 89  1  2  3  5  6  9 10  8  4  7 15 17 14 19 18 20 11 13 12 16 25 26 30 21 22 23 29 28 24 27 33 37 39 34 38 31 36 32 35 40 43 42 48 47 50 44 41 49 46 45 59 60 57 58 55 54 53 51 52 56 69 62 67 68 65 64 70 63 61 66 73 72 74 79 77 76 75 71 80 78
 80 76 77 72 73 78 71 74 75 79 81 82 83 85 86 89 90 88 84 87  5  7  4  9  8 10  1  3  2  6 15 16 20 11 12 13 19 18 14 17 23 27 29 24 28 21 26 22 25 30 33 32 38 37 40 34 31 39 36 35 49 50 47 48 45 44 43 41 42 46 59 52 57 58 55 54 60 53 51 56 63 62 64 69 67 66 65 61 70 68
 20 16 17 12 13 18 11 14 15 19 21 22 23 25 26 29 30 28 24 27 35 37 34 39 38 40 31 33 32 36 45 46 50 41 42 43 49 48 44 47 53 57 59 54 58 51 56 52 55 60 63 62 68 67 70 64 61 69 66 65 79 80 77 78 75 74 73 71 72 76 89 82 87 88 85 84 90 83 81 86  3  2  4  9  7  6  5  1 10  8
 50 46 47 42 43 48 41 44 45 49 51 52 53 55 56 59 60 58 54 57 65 67 64 69 68 70 61 63 62 66 75 76 80 71 72 73 79 78 74 77 83 87 89 84 88 81 86 82 85 90  3  2  8  7 10  4  1  9  6  5 19 20 17 18 15 14 13 11 12 16 29 22 27 28 25 24 30 23 21 26 33 32 34 39 37 36 35 31 40 38
 10  6  7  2  3  8  1  4  5  9 11 12 13 15 16 19 20 18 14 17 25 27 24 29 28 30 21 23 22 26 35 36 40 31 32 33 39 38 34 37 43 47 49 44 48 41 46 42 45 50 53 52 58 57 60 54 51 59 56 55 69 70 67 68 65 64 63 61 62 66 79 72 77 78 75 74 80 73 71 76 83 82 84 89 87 86 85 81 90 88
 40 36 37 32 33 38 31 34 35 39 41 42 43 45 46 49 50 48 44 47 55 57 54 59 58 60 51 53 52 56 65 66 70 61 62 63 69 68 64 67 73 77 79 74 78 71 76 72 75 80 83 82 88 87 90 84 81 89 86 85  9 10  7  8  5  4  3  1  2  6 19 12 17 18 15 14 20 13 11 16 23 22 24 29 27 26 25 21 30 28
 60 56 57 52 53 58 51 54 55 59 61 62 63 65 66 69 70 68 64 67 75 77 74 79 78 80 71 73 72 76 85 86 90 81 82 83 89 88 84 87  3  7  9  4  8  1  6  2  5 10 13 12 18 17 20 14 11 19 16 15 29 30 27 28 25 24 23 21 22 26 39 32 37 38 35 34 40 33 31 36 43 42 44 49 47 46 45 41 50 48
 70 66 67 62 63 68 61 64 65 69 71 72 73 75 76 79 80 78 74 77 85 87 84 89 88 90 81 83 82 86  5  6 10  1  2  3  9  8  4  7 13 17 19 14 18 11 16 12 15 20 23 22 28 27 30 24 21 29 26 25 39 40 37 38 35 34 33 31 32 36 49 42 47 48 45 44 50 43 41 46 53 52 54 59 57 56 55 51 60 58
 51 57 58 53 54 59 52 55 56 60 62 63 64 66 67 70 61 69 65 68 76 78 75 80 79 71 72 74 73 77 86 87 81 82 83 84 90 89 85 88  4  8 10  5  9  2  7  3  6  1 14 13 19 18 11 15 12 20 17 16 30 21 28 29 26 25 24 22 23 27 40 33 38 39 36 35 31 34 32 37 44 43 45 50 48 47 46 42 41 49
  1  7  8  3  4  9  2  5  6 10 12 13 14 16 17 20 11 19 15 18 26 28 25 30 29 21 22 24 23 27 36 37 31 32 33 34 40 39 35 38 44 48 50 45 49 42 47 43 46 41 54 53 59 58 51 55 52 60 57 56 70 61 68 69 66 65 64 62 63 67 80 73 78 79 76 75 71 74 72 77 84 83 85 90 88 87 86 82 81 89
 61 67 68 63 64 69 62 65 66 70 72 73 74 76 77 80 71 79 75 78 86 88 85 90 89 81 82 84 83 87  6  7  1  2  3  4 10  9  5  8 14 18 20 15 19 12 17 13 16 11 24 23 29 28 21 25 22 30 27 26 40 31 38 39 36 35 34 32 33 37 50 43 48 49 46 45 41 44 42 47 54 53 55 60 58 57 56 52 51 59
 11 17 18 13 14 19 12 15 16 20 22 23 24 26 27 30 21 29 25 28 36 38 35 40 39 31 32 34 33 37 46 47 41 42 43 44 50 49 45 48 54 58 60 55 59 52 57 53 56 51 64 63 69 68 61 65 62 70 67 66 80 71 78 79 76 75 74 72 73 77 90 83 88 89 86 85 81 84 82 87  4  3  5 10  8  7  6  2  1  9
 21 27 28 23 24 29 22 25 26 30 32 33 34 36 37 40 31 39 35 38 46 48 45 50 49 41 42 44 43 47 56 57 51 52 53 54 60 59 55 58 64 68 70 65 69 62 67 63 66 61 74 73 79 78 71 75 72 80 77 76 90 81 88 89 86 85 84 82 83 87 10  3  8  9  6  5  1  4  2  7 14 13 15 20 18 17 16 12 11 19
 31 37 38 33 34 39 32 35 36 40 42 43 44 46 47 50 41 49 45 48 56 58 55 60 59 51 52 54 53 57 66 67 61 62 63 64 70 69 65 68 74 78 80 75 79 72 77 73 76 71 84 83 89 88 81 85 82 90 87 86 10  1  8  9  6  5  4  2  3  7 20 13 18 19 16 15 11 14 12 17 24 23 25 30 28 27 26 22 21 29
 71 77 78 73 74 79 72 75 76 80 82 83 84 86 87 90 81 89 85 88  6  8  5 10  9  1  2  4  3  7 16 17 11 12 13 14 20 19 15 18 24 28 30 25 29 22 27 23 26 21 34 33 39 38 31 35 32 40 37 36 50 41 48 49 46 45 44 42 43 47 60 53 58 59 56 55 51 54 52 57 64 63 65 70 68 67 66 62 61 69
 41 47 48 43 44 49 42 45 46 50 52 53 54 56 57 60 51 59 55 58 66 68 65 70 69 61 62 64 63 67 76 77 71 72 73 74 80 79 75 78 84 88 90 85 89 82 87 83 86 81  4  3  9  8  1  5  2 10  7  6 20 11 18 19 16 15 14 12 13 17 30 23 28 29 26 25 21 24 22 27 34 33 35 40 38 37 36 32 31 39
 81 87 88 83 84 89 82 85 86 90  2  3  4  6  7 10  1  9  5  8 16 18 15 20 19 11 12 14 13 17 26 27 21 22 23 24 30 29 25 28 34 38 40 35 39 32 37 33 36 31 44 43 49 48 41 45 42 50 47 46 60 51 58 59 56 55 54 52 53 57 70 63 68 69 66 65 61 64 62 67 74 73 75 80 78 77 76 72 71 79
 12 18 19 14 15 20 13 16 17 11 23 24 25 27 28 21 22 30 26 29 37 39 36 31 40 32 33 35 34 38 47 48 42 43 44 45 41 50 46 49 55 59 51 56 60 53 58 54 57 52 65 64 70 69 62 66 63 61 68 67 71 72 79 80 77 76 75 73 74 78 81 84 89 90 87 86 82 85 83 88  5  4  6  1  9  8  7  3  2 10
  2  8  9  4  5 10  3  6  7  1 13 14 15 17 18 11 12 20 16 19 27 29 26 21 30 22 23 25 24 28 37 38 32 33 34 35 31 40 36 39 45 49 41 46 50 43 48 44 47 42 55 54 60 59 52 56 53 51 58 57 61 62 69 70 67 66 65 63 64 68 71 74 79 80 77 76 72 75 73 78 85 84 86 81 89 88 87 83 82 90
 82 88 89 84 85 90 83 86 87 81  3  4  5  7  8  1  2 10  6  9 17 19 16 11 20 12 13 15 14 18 27 28 22 23 24 25 21 30 26 29 35 39 31 36 40 33 38 34 37 32 45 44 50 49 42 46 43 41 48 47 51 52 59 60 57 56 55 53 54 58 61 64 69 70 67 66 62 65 63 68 75 74 76 71 79 78 77 73 72 80
 32 38 39 34 35 40 33 36 37 31 43 44 45 47 48 41 42 50 46 49 57 59 56 51 60 52 53 55 54 58 67 68 62 63 64 65 61 70 66 69 75 79 71 76 80 73 78 74 77 72 85 84 90 89 82 86 83 81 88 87  1  2  9 10  7  6  5  3  4  8 11 14 19 20 17 16 12 15 13 18 25 24 26 21 29 28 27 23 22 30
 52 58 59 54 55 60 53 56 57 51 63 64 65 67 68 61 62 70 66 69 77 79 76 71 80 72 73 75 74 78 87 88 82 83 84 85 81 90 86 89  5  9  1  6 10  3  8  4  7  2 15 14 20 19 12 16 13 11 18 17 21 22 29 30 27 26 25 23 24 28 31 34 39 40 37 36 32 35 33 38 45 44 46 41 49 48 47 43 42 50
 62 68 69 64 65 70 63 66 67 61 73 74 75 77 78 71 72 80 76 79 87 89 86 81 90 82 83 85 84 88  7  8  2  3  4  5  1 10  6  9 15 19 11 16 20 13 18 14 17 12 25 24 30 29 22 26 23 21 28 27 31 32 39 40 37 36 35 33 34 38 41 44 49 50 47 46 42 45 43 48 55 54 56 51 59 58 57 53 52 60
 72 78 79 74 75 80 73 76 77 71 83 84 85 87 88 81 82 90 86 89  7  9  6  1 10  2  3  5  4  8 17 18 12 13 14 15 11 20 16 19 25 29 21 26 30 23 28 24 27 22 35 34 40 39 32 36 33 31 38 37 41 42 49 50 47 46 45 43 44 48 51 54 59 60 57 56 52 55 53 58 65 64 66 61 69 68 67 63 62 70
 42 48 49 44 45 50 43 46 47 41 53 54 55 57 58 51 52 60 56 59 67 69 66 61 70 62 63 65 64 68 77 78 72 73 74 75 71 80 76 79 85 89 81 86 90 83 88 84 87 82  5  4 10  9  2  6  3  1  8  7 11 12 19 20 17 16 15 13 14 18 21 24 29 30 27 26 22 25 23 28 35 34 36 31 39 38 37 33 32 40
 22 28 29 24 25 30 23 26 27 21 33 34 35 37 38 31 32 40 36 39 47 49 46 41 50 42 43 45 44 48 57 58 52 53 54 55 51 60 56 59 65 69 61 66 70 63 68 64 67 62 75 74 80 79 72 76 73 71 78 77 81 82 89 90 87 86 85 83 84 88  1  4  9 10  7  6  2  5  3  8 15 14 16 11 19 18 17 13 12 20
  3  9 10  5  6  1  4  7  8  2 14 15 16 18 19 12 13 11 17 20 28 30 27 22 21 23 24 26 25 29 38 39 33 34 35 36 32 31 37 40 46 50 42 47 41 44 49 45 48 43 56 55 51 60 53 57 54 52 59 58 62 63 70 61 68 67 66 64 65 69 72 75 80 71 78 77 73 76 74 79 86 85 87 82 90 89 88 84 83 81
 83 89 90 85 86 81 84 87 88 82  4  5  6  8  9  2  3  1  7 10 18 20 17 12 11 13 14 16 15 19 28 29 23 24 25 26 22 21 27 30 36 40 32 37 31 34 39 35 38 33 46 45 41 50 43 47 44 42 49 48 52 53 60 51 58 57 56 54 55 59 62 65 70 61 68 67 63 66 64 69 76 75 77 72 80 79 78 74 73 71
 53 59 60 55 56 51 54 57 58 52 64 65 66 68 69 62 63 61 67 70 78 80 77 72 71 73 74 76 75 79 88 89 83 84 85 86 82 81 87 90  6 10  2  7  1  4  9  5  8  3 16 15 11 20 13 17 14 12 19 18 22 23 30 21 28 27 26 24 25 29 32 35 40 31 38 37 33 36 34 39 46 45 47 42 50 49 48 44 43 41
 13 19 20 15 16 11 14 17 18 12 24 25 26 28 29 22 23 21 27 30 38 40 37 32 31 33 34 36 35 39 48 49 43 44 45 46 42 41 47 50 56 60 52 57 51 54 59 55 58 53 66 65 61 70 63 67 64 62 69 68 72 73 80 71 78 77 76 74 75 79 82 85 90 81 88 87 83 86 84 89  6  5  7  2 10  9  8  4  3  1
 33 39 40 35 36 31 34 37 38 32 44 45 46 48 49 42 43 41 47 50 58 60 57 52 51 53 54 56 55 59 68 69 63 64 65 66 62 61 67 70 76 80 72 77 71 74 79 75 78 73 86 85 81 90 83 87 84 82 89 88  2  3 10  1  8  7  6  4  5  9 12 15 20 11 18 17 13 16 14 19 26 25 27 22 30 29 28 24 23 21
 43 49 50 45 46 41 44 47 48 42 54 55 56 58 59 52 53 51 57 60 68 70 67 62 61 63 64 66 65 69 78 79 73 74 75 76 72 71 77 80 86 90 82 87 81 84 89 85 88 83  6  5  1 10  3  7  4  2  9  8 12 13 20 11 18 17 16 14 15 19 22 25 30 21 28 27 23 26 24 29 36 35 37 32 40 39 38 34 33 31
 73 79 80 75 76 71 74 77 78 72 84 85 86 88 89 82 83 81 87 90  8 10  7  2  1  3  4  6  5  9 18 19 13 14 15 16 12 11 17 20 26 30 22 27 21 24 29 25 28 23 36 35 31 40 33 37 34 32 39 38 42 43 50 41 48 47 46 44 45 49 52 55 60 51 58 57 53 56 54 59 66 65 67 62 70 69 68 64 63 61
 63 69 70 65 66 61 64 67 68 62 74 75 76 78 79 72 73 71 77 80 88 90 87 82 81 83 84 86 85 89  8  9  3  4  5  6  2  1  7 10 16 20 12 17 11 14 19 15 18 13 26 25 21 30 23 27 24 22 29 28 32 33 40 31 38 37 36 34 35 39 42 45 50 41 48 47 43 46 44 49 56 55 57 52 60 59 58 54 53 51
 23 29 30 25 26 21 24 27 28 22 34 35 36 38 39 32 33 31 37 40 48 50 47 42 41 43 44 46 45 49 58 59 53 54 55 56 52 51 57 60 66 70 62 67 61 64 69 65 68 63 76 75 71 80 73 77 74 72 79 78 82 83 90 81 88 87 86 84 85 89  2  5 10  1  8  7  3  6  4  9 16 15 17 12 20 19 18 14 13 11
 74 80 71 76 77 72 75 78 79 73 85 86 87 89 90 83 84 82 88 81  9  1  8  3  2  4  5  7  6 10 19 20 14 15 16 17 13 12 18 11 27 21 23 28 22 25 30 26 29 24 37 36 32 31 34 38 35 33 40 39 43 44 41 42 49 48 47 45 46 50 53 56 51 52 59 58 54 57 55 60 67 66 68 63 61 70 69 65 64 62
 14 20 11 16 17 12 15 18 19 13 25 26 27 29 30 23 24 22 28 21 39 31 38 33 32 34 35 37 36 40 49 50 44 45 46 47 43 42 48 41 57 51 53 58 52 55 60 56 59 54 67 66 62 61 64 68 65 63 70 69 73 74 71 72 79 78 77 75 76 80 83 86 81 82 89 88 84 87 85 90  7  6  8  3  1 10  9  5  4  2
 44 50 41 46 47 42 45 48 49 43 55 56 57 59 60 53 54 52 58 51 69 61 68 63 62 64 65 67 66 70 79 80 74 75 76 77 73 72 78 71 87 81 83 88 82 85 90 86 89 84  7  6  2  1  4  8  5  3 10  9 13 14 11 12 19 18 17 15 16 20 23 26 21 22 29 28 24 27 25 30 37 36 38 33 31 40 39 35 34 32
 54 60 51 56 57 52 55 58 59 53 65 66 67 69 70 63 64 62 68 61 79 71 78 73 72 74 75 77 76 80 89 90 84 85 86 87 83 82 88 81  7  1  3  8  2  5 10  6  9  4 17 16 12 11 14 18 15 13 20 19 23 24 21 22 29 28 27 25 26 30 33 36 31 32 39 38 34 37 35 40 47 46 48 43 41 50 49 45 44 42
  4 10  1  6  7  2  5  8  9  3 15 16 17 19 20 13 14 12 18 11 29 21 28 23 22 24 25 27 26 30 39 40 34 35 36 37 33 32 38 31 47 41 43 48 42 45 50 46 49 44 57 56 52 51 54 58 55 53 60 59 63 64 61 62 69 68 67 65 66 70 73 76 71 72 79 78 74 77 75 80 87 86 88 83 81 90 89 85 84 82
 24 30 21 26 27 22 25 28 29 23 35 36 37 39 40 33 34 32 38 31 49 41 48 43 42 44 45 47 46 50 59 60 54 55 56 57 53 52 58 51 67 61 63 68 62 65 70 66 69 64 77 76 72 71 74 78 75 73 80 79 83 84 81 82 89 88 87 85 86 90  3  6  1  2  9  8  4  7  5 10 17 16 18 13 11 20 19 15 14 12
 34 40 31 36 37 32 35 38 39 33 45 46 47 49 50 43 44 42 48 41 59 51 58 53 52 54 55 57 56 60 69 70 64 65 66 67 63 62 68 61 77 71 73 78 72 75 80 76 79 74 87 86 82 81 84 88 85 83 90 89  3  4  1  2  9  8  7  5  6 10 13 16 11 12 19 18 14 17 15 20 27 26 28 23 21 30 29 25 24 22
 84 90 81 86 87 82 85 88 89 83  5  6  7  9 10  3  4  2  8  1 19 11 18 13 12 14 15 17 16 20 29 30 24 25 26 27 23 22 28 21 37 31 33 38 32 35 40 36 39 34 47 46 42 41 44 48 45 43 50 49 53 54 51 52 59 58 57 55 56 60 63 66 61 62 69 68 64 67 65 70 77 76 78 73 71 80 79 75 74 72
 64 70 61 66 67 62 65 68 69 63 75 76 77 79 80 73 74 72 78 71 89 81 88 83 82 84 85 87 86 90  9 10  4  5  6  7  3  2  8  1 17 11 13 18 12 15 20 16 19 14 27 26 22 21 24 28 25 23 30 29 33 34 31 32 39 38 37 35 36 40 43 46 41 42 49 48 44 47 45 50 57 56 58 53 51 60 59 55 54 52
 75 71 72 77 78 73 76 79 80 74 86 87 88 90 81 84 85 83 89 82 10  2  9  4  3  5  6  8  7  1 20 11 15 16 17 18 14 13 19 12 28 22 24 29 23 26 21 27 30 25 38 37 33 32 35 39 36 34 31 40 44 45 42 43 50 49 48 46 47 41 54 57 52 53 60 59 55 58 56 51 68 67 69 64 62 61 70 66 65 63
 15 11 12 17 18 13 16 19 20 14 26 27 28 30 21 24 25 23 29 22 40 32 39 34 33 35 36 38 37 31 50 41 45 46 47 48 44 43 49 42 58 52 54 59 53 56 51 57 60 55 68 67 63 62 65 69 66 64 61 70 74 75 72 73 80 79 78 76 77 71 84 87 82 83 90 89 85 88 86 81  8  7  9  4  2  1 10  6  5  3
 25 21 22 27 28 23 26 29 30 24 36 37 38 40 31 34 35 33 39 32 50 42 49 44 43 45 46 48 47 41 60 51 55 56 57 58 54 53 59 52 68 62 64 69 63 66 61 67 70 65 78 77 73 72 75 79 76 74 71 80 84 85 82 83 90 89 88 86 87 81  4  7  2  3 10  9  5  8  6  1 18 17 19 14 12 11 20 16 15 13
 45 41 42 47 48 43 46 49 50 44 56 57 58 60 51 54 55 53 59 52 70 62 69 64 63 65 66 68 67 61 80 71 75 76 77 78 74 73 79 72 88 82 84 89 83 86 81 87 90 85  8  7  3  2  5  9  6  4  1 10 14 15 12 13 20 19 18 16 17 11 24 27 22 23 30 29 25 28 26 21 38 37 39 34 32 31 40 36 35 33
 85 81 82 87 88 83 86 89 90 84  6  7  8 10  1  4  5  3  9  2 20 12 19 14 13 15 16 18 17 11 30 21 25 26 27 28 24 23 29 22 38 32 34 39 33 36 31 37 40 35 48 47 43 42 45 49 46 44 41 50 54 55 52 53 60 59 58 56 57 51 64 67 62 63 70 69 65 68 66 61 78 77 79 74 72 71 80 76 75 73
 65 61 62 67 68 63 66 69 70 64 76 77 78 80 71 74 75 73 79 72 90 82 89 84 83 85 86 88 87 81 10  1  5  6  7  8  4  3  9  2 18 12 14 19 13 16 11 17 20 15 28 27 23 22 25 29 26 24 21 30 34 35 32 33 40 39 38 36 37 31 44 47 42 43 50 49 45 48 46 41 58 57 59 54 52 51 60 56 55 53
 55 51 52 57 58 53 56 59 60 54 66 67 68 70 61 64 65 63 69 62 80 72 79 74 73 75 76 78 77 71 90 81 85 86 87 88 84 83 89 82  8  2  4  9  3  6  1  7 10  5 18 17 13 12 15 19 16 14 11 20 24 25 22 23 30 29 28 26 27 21 34 37 32 33 40 39 35 38 36 31 48 47 49 44 42 41 50 46 45 43
 35 31 32 37 38 33 36 39 40 34 46 47 48 50 41 44 45 43 49 42 60 52 59 54 53 55 56 58 57 51 70 61 65 66 67 68 64 63 69 62 78 72 74 79 73 76 71 77 80 75 88 87 83 82 85 89 86 84 81 90  4  5  2  3 10  9  8  6  7  1 14 17 12 13 20 19 15 18 16 11 28 27 29 24 22 21 30 26 25 23
  5  1  2  7  8  3  6  9 10  4 16 17 18 20 11 14 15 13 19 12 30 22 29 24 23 25 26 28 27 21 40 31 35 36 37 38 34 33 39 32 48 42 44 49 43 46 41 47 50 45 58 57 53 52 55 59 56 54 51 60 64 65 62 63 70 69 68 66 67 61 74 77 72 73 80 79 75 78 76 71 88 87 89 84 82 81 90 86 85 83
 36 32 33 38 39 34 37 40 31 35 47 48 49 41 42 45 46 44 50 43 51 53 60 55 54 56 57 59 58 52 61 62 66 67 68 69 65 64 70 63 79 73 75 80 74 77 72 78 71 76 89 88 84 83 86 90 87 85 82 81  5  6  3  4  1 10  9  7  8  2 15 18 13 14 11 20 16 19 17 12 29 28 30 25 23 22 21 27 26 24
 76 72 73 78 79 74 77 80 71 75 87 88 89 81 82 85 86 84 90 83  1  3 10  5  4  6  7  9  8  2 11 12 16 17 18 19 15 14 20 13 29 23 25 30 24 27 22 28 21 26 39 38 34 33 36 40 37 35 32 31 45 46 43 44 41 50 49 47 48 42 55 58 53 54 51 60 56 59 57 52 69 68 70 65 63 62 61 67 66 64
 66 62 63 68 69 64 67 70 61 65 77 78 79 71 72 75 76 74 80 73 81 83 90 85 84 86 87 89 88 82  1  2  6  7  8  9  5  4 10  3 19 13 15 20 14 17 12 18 11 16 29 28 24 23 26 30 27 25 22 21 35 36 33 34 31 40 39 37 38 32 45 48 43 44 41 50 46 49 47 42 59 58 60 55 53 52 51 57 56 54
 86 82 83 88 89 84 87 90 81 85  7  8  9  1  2  5  6  4 10  3 11 13 20 15 14 16 17 19 18 12 21 22 26 27 28 29 25 24 30 23 39 33 35 40 34 37 32 38 31 36 49 48 44 43 46 50 47 45 42 41 55 56 53 54 51 60 59 57 58 52 65 68 63 64 61 70 66 69 67 62 79 78 80 75 73 72 71 77 76 74
 46 42 43 48 49 44 47 50 41 45 57 58 59 51 52 55 56 54 60 53 61 63 70 65 64 66 67 69 68 62 71 72 76 77 78 79 75 74 80 73 89 83 85 90 84 87 82 88 81 86  9  8  4  3  6 10  7  5  2  1 15 16 13 14 11 20 19 17 18 12 25 28 23 24 21 30 26 29 27 22 39 38 40 35 33 32 31 37 36 34
 26 22 23 28 29 24 27 30 21 25 37 38 39 31 32 35 36 34 40 33 41 43 50 45 44 46 47 49 48 42 51 52 56 57 58 59 55 54 60 53 69 63 65 70 64 67 62 68 61 66 79 78 74 73 76 80 77 75 72 71 85 86 83 84 81 90 89 87 88 82  5  8  3  4  1 10  6  9  7  2 19 18 20 15 13 12 11 17 16 14
 56 52 53 58 59 54 57 60 51 55 67 68 69 61 62 65 66 64 70 63 71 73 80 75 74 76 77 79 78 72 81 82 86 87 88 89 85 84 90 83  9  3  5 10  4  7  2  8  1  6 19 18 14 13 16 20 17 15 12 11 25 26 23 24 21 30 29 27 28 22 35 38 33 34 31 40 36 39 37 32 49 48 50 45 43 42 41 47 46 44
  6  2  3  8  9  4  7 10  1  5 17 18 19 11 12 15 16 14 20 13 21 23 30 25 24 26 27 29 28 22 31 32 36 37 38 39 35 34 40 33 49 43 45 50 44 47 42 48 41 46 59 58 54 53 56 60 57 55 52 51 65 66 63 64 61 70 69 67 68 62 75 78 73 74 71 80 76 79 77 72 89 88 90 85 83 82 81 87 86 84
 16 12 13 18 19 14 17 20 11 15 27 28 29 21 22 25 26 24 30 23 31 33 40 35 34 36 37 39 38 32 41 42 46 47 48 49 45 44 50 43 59 53 55 60 54 57 52 58 51 56 69 68 64 63 66 70 67 65 62 61 75 76 73 74 71 80 79 77 78 72 85 88 83 84 81 90 86 89 87 82  9  8 10  5  3  2  1  7  6  4
 37 33 34 39 40 35 38 31 32 36 48 49 50 42 43 46 47 45 41 44 52 54 51 56 55 57 58 60 59 53 62 63 67 68 69 70 66 65 61 64 80 74 76 71 75 78 73 79 72 77 90 89 85 84 87 81 88 86 83 82  6  7  4  5  2  1 10  8  9  3 16 19 14 15 12 11 17 20 18 13 30 29 21 26 24 23 22 28 27 25
 27 23 24 29 30 25 28 21 22 26 38 39 40 32 33 36 37 35 31 34 42 44 41 46 45 47 48 50 49 43 52 53 57 58 59 60 56 55 51 54 70 64 66 61 65 68 63 69 62 67 80 79 75 74 77 71 78 76 73 72 86 87 84 85 82 81 90 88 89 83  6  9  4  5  2  1  7 10  8  3 20 19 11 16 14 13 12 18 17 15
 47 43 44 49 50 45 48 41 42 46 58 59 60 52 53 56 57 55 51 54 62 64 61 66 65 67 68 70 69 63 72 73 77 78 79 80 76 75 71 74 90 84 86 81 85 88 83 89 82 87 10  9  5  4  7  1  8  6  3  2 16 17 14 15 12 11 20 18 19 13 26 29 24 25 22 21 27 30 28 23 40 39 31 36 34 33 32 38 37 35
 57 53 54 59 60 55 58 51 52 56 68 69 70 62 63 66 67 65 61 64 72 74 71 76 75 77 78 80 79 73 82 83 87 88 89 90 86 85 81 84 10  4  6  1  5  8  3  9  2  7 20 19 15 14 17 11 18 16 13 12 26 27 24 25 22 21 30 28 29 23 36 39 34 35 32 31 37 40 38 33 50 49 41 46 44 43 42 48 47 45
 77 73 74 79 80 75 78 71 72 76 88 89 90 82 83 86 87 85 81 84  2  4  1  6  5  7  8 10  9  3 12 13 17 18 19 20 16 15 11 14 30 24 26 21 25 28 23 29 22 27 40 39 35 34 37 31 38 36 33 32 46 47 44 45 42 41 50 48 49 43 56 59 54 55 52 51 57 60 58 53 70 69 61 66 64 63 62 68 67 65
  7  3  4  9 10  5  8  1  2  6 18 19 20 12 13 16 17 15 11 14 22 24 21 26 25 27 28 30 29 23 32 33 37 38 39 40 36 35 31 34 50 44 46 41 45 48 43 49 42 47 60 59 55 54 57 51 58 56 53 52 66 67 64 65 62 61 70 68 69 63 76 79 74 75 72 71 77 80 78 73 90 89 81 86 84 83 82 88 87 85
 17 13 14 19 20 15 18 11 12 16 28 29 30 22 23 26 27 25 21 24 32 34 31 36 35 37 38 40 39 33 42 43 47 48 49 50 46 45 41 44 60 54 56 51 55 58 53 59 52 57 70 69 65 64 67 61 68 66 63 62 76 77 74 75 72 71 80 78 79 73 86 89 84 85 82 81 87 90 88 83 10  9  1  6  4  3  2  8  7  5
 67 63 64 69 70 65 68 61 62 66 78 79 80 72 73 76 77 75 71 74 82 84 81 86 85 87 88 90 89 83  2  3  7  8  9 10  6  5  1  4 20 14 16 11 15 18 13 19 12 17 30 29 25 24 27 21 28 26 23 22 36 37 34 35 32 31 40 38 39 33 46 49 44 45 42 41 47 50 48 43 60 59 51 56 54 53 52 58 57 55
 87 83 84 89 90 85 88 81 82 86  8  9 10  2  3  6  7  5  1  4 12 14 11 16 15 17 18 20 19 13 22 23 27 28 29 30 26 25 21 24 40 34 36 31 35 38 33 39 32 37 50 49 45 44 47 41 48 46 43 42 56 57 54 55 52 51 60 58 59 53 66 69 64 65 62 61 67 70 68 63 80 79 71 76 74 73 72 78 77 75
 78 74 75 80 71 76 79 72 73 77 89 90 81 83 84 87 88 86 82 85  3  5  2  7  6  8  9  1 10  4 13 14 18 19 20 11 17 16 12 15 21 25 27 22 26 29 24 30 23 28 31 40 36 35 38 32 39 37 34 33 47 48 45 46 43 42 41 49 50 44 57 60 55 56 53 52 58 51 59 54 61 70 62 67 65 64 63 69 68 66
 58 54 55 60 51 56 59 52 53 57 69 70 61 63 64 67 68 66 62 65 73 75 72 77 76 78 79 71 80 74 83 84 88 89 90 81 87 86 82 85  1  5  7  2  6  9  4 10  3  8 11 20 16 15 18 12 19 17 14 13 27 28 25 26 23 22 21 29 30 24 37 40 35 36 33 32 38 31 39 34 41 50 42 47 45 44 43 49 48 46
 38 34 35 40 31 36 39 32 33 37 49 50 41 43 44 47 48 46 42 45 53 55 52 57 56 58 59 51 60 54 63 64 68 69 70 61 67 66 62 65 71 75 77 72 76 79 74 80 73 78 81 90 86 85 88 82 89 87 84 83  7  8  5  6  3  2  1  9 10  4 17 20 15 16 13 12 18 11 19 14 21 30 22 27 25 24 23 29 28 26
 68 64 65 70 61 66 69 62 63 67 79 80 71 73 74 77 78 76 72 75 83 85 82 87 86 88 89 81 90 84  3  4  8  9 10  1  7  6  2  5 11 15 17 12 16 19 14 20 13 18 21 30 26 25 28 22 29 27 24 23 37 38 35 36 33 32 31 39 40 34 47 50 45 46 43 42 48 41 49 44 51 60 52 57 55 54 53 59 58 56
 48 44 45 50 41 46 49 42 43 47 59 60 51 53 54 57 58 56 52 55 63 65 62 67 66 68 69 61 70 64 73 74 78 79 80 71 77 76 72 75 81 85 87 82 86 89 84 90 83 88  1 10  6  5  8  2  9  7  4  3 17 18 15 16 13 12 11 19 20 14 27 30 25 26 23 22 28 21 29 24 31 40 32 37 35 34 33 39 38 36
 88 84 85 90 81 86 89 82 83 87  9 10  1  3  4  7  8  6  2  5 13 15 12 17 16 18 19 11 20 14 23 24 28 29 30 21 27 26 22 25 31 35 37 32 36 39 34 40 33 38 41 50 46 45 48 42 49 47 44 43 57 58 55 56 53 52 51 59 60 54 67 70 65 66 63 62 68 61 69 64 71 80 72 77 75 74 73 79 78 76
 18 14 15 20 11 16 19 12 13 17 29 30 21 23 24 27 28 26 22 25 33 35 32 37 36 38 39 31 40 34 43 44 48 49 50 41 47 46 42 45 51 55 57 52 56 59 54 60 53 58 61 70 66 65 68 62 69 67 64 63 77 78 75 76 73 72 71 79 80 74 87 90 85 86 83 82 88 81 89 84  1 10  2  7  5  4  3  9  8  6
  8  4  5 10  1  6  9  2  3  7 19 20 11 13 14 17 18 16 12 15 23 25 22 27 26 28 29 21 30 24 33 34 38 39 40 31 37 36 32 35 41 45 47 42 46 49 44 50 43 48 51 60 56 55 58 52 59 57 54 53 67 68 65 66 63 62 61 69 70 64 77 80 75 76 73 72 78 71 79 74 81 90 82 87 85 84 83 89 88 86
 28 24 25 30 21 26 29 22 23 27 39 40 31 33 34 37 38 36 32 35 43 45 42 47 46 48 49 41 50 44 53 54 58 59 60 51 57 56 52 55 61 65 67 62 66 69 64 70 63 68 71 80 76 75 78 72 79 77 74 73 87 88 85 86 83 82 81 89 90 84  7 10  5  6  3  2  8  1  9  4 11 20 12 17 15 14 13 19 18 16
