  1  2  4  3  5  6  7  8  9 10 11 12 13 14
 13 14  2  1  3  4  5  6  7  8  9 10 11 12
  9 10 12 11 13 14  1  2  3  4  5  6  7  8
  5  6  8  7  9 10 11 12 13 14  1  2  3  4
  3  4  6  5  7  8  9 10 11 12 13 14  1  2
  7  8 10  9 11 12 13 14  1  2  3  4  5  6
 11 12 14 13  1  2  3  4  5  6  7  8  9 10
  6  5  7  8 10  9 12 11 14 13  2  1  4  3
 14 13  1  2  4  3  6  5  8  7 10  9 12 11
  2  1  3  4  6  5  8  7 10  9 12 11 14 13
 10  9 11 12 14 13  2  1  4  3  6  5  8  7
  8  7  9 10 12 11 14 13  2  1  4  3  6  5
  4  3  5  6  8  7 10  9 12 11 14 13  2  1
 12 11 13 14  2  1  4  3  6  5  8  7 10  9
