  2  6  5  7  3  8  1  4 16 11 15 12 14  9 10 13 20 21 24 19 23 17 22 18 26 25 27 30 31 29 28 32
 18 22 21 23 19 24 17 20 32 27 31 28 30 25 26 29  4  5  8  3  7  1  6  2 10  9 11 14 15 13 12 16
 10 14 13 15 11 16  9 12 24 19 23 20 22 17 18 21 28 29 32 27 31 25 30 26  2  1  3  6  7  5  4  8
 26 30 29 31 27 32 25 28  8  3  7  4  6  1  2  5 12 13 16 11 15  9 14 10 18 17 19 22 23 21 20 24
 27 31 30 32 28 25 26 29  1  4  8  5  7  2  3  6 13 14  9 12 16 10 15 11 19 18 20 23 24 22 21 17
 11 15 14 16 12  9 10 13 17 20 24 21 23 18 19 22 29 30 25 28 32 26 31 27  3  2  4  7  8  6  5  1
  3  7  6  8  4  1  2  5  9 12 16 13 15 10 11 14 21 22 17 20 24 18 23 19 27 26 28 31 32 30 29 25
 19 23 22 24 20 17 18 21 25 28 32 29 31 26 27 30  5  6  1  4  8  2  7  3 11 10 12 15 16 14 13  9
 28 32 31 25 29 26 27 30  2  5  1  6  8  3  4  7 14 15 10 13  9 11 16 12 20 19 21 24 17 23 22 18
  4  8  7  1  5  2  3  6 10 13  9 14 16 11 12 15 22 23 18 21 17 19 24 20 28 27 29 32 25 31 30 26
 12 16 15  9 13 10 11 14 18 21 17 22 24 19 20 23 30 31 26 29 25 27 32 28  4  3  5  8  1  7  6  2
 20 24 23 17 21 18 19 22 26 29 25 30 32 27 28 31  6  7  2  5  1  3  8  4 12 11 13 16  9 15 14 10
 13  9 16 10 14 11 12 15 19 22 18 23 17 20 21 24 31 32 27 30 26 28 25 29  5  4  6  1  2  8  7  3
 21 17 24 18 22 19 20 23 27 30 26 31 25 28 29 32  7  8  3  6  2  4  1  5 13 12 14  9 10 16 15 11
  5  1  8  2  6  3  4  7 11 14 10 15  9 12 13 16 23 24 19 22 18 20 17 21 29 28 30 25 26 32 31 27
 29 25 32 26 30 27 28 31  3  6  2  7  1  4  5  8 15 16 11 14 10 12  9 13 21 20 22 17 18 24 23 19
 14 10  9 11 15 12 13 16 20 23 19 24 18 21 22 17 32 25 28 31 27 29 26 30  6  5  7  2  3  1  8  4
  6  2  1  3  7  4  5  8 12 15 11 16 10 13 14  9 24 17 20 23 19 21 18 22 30 29 31 26 27 25 32 28
 30 26 25 27 31 28 29 32  4  7  3  8  2  5  6  1 16  9 12 15 11 13 10 14 22 21 23 18 19 17 24 20
 22 18 17 19 23 20 21 24 28 31 27 32 26 29 30 25  8  1  4  7  3  5  2  6 14 13 15 10 11  9 16 12
 23 19 18 20 24 21 22 17 29 32 28 25 27 30 31 26  1  2  5  8  4  6  3  7 15 14 16 11 12 10  9 13
 15 11 10 12 16 13 14  9 21 24 20 17 19 22 23 18 25 26 29 32 28 30 27 31  7  6  8  3  4  2  1  5
 31 27 26 28 32 29 30 25  5  8  4  1  3  6  7  2  9 10 13 16 12 14 11 15 23 22 24 19 20 18 17 21
  7  3  2  4  8  5  6  1 13 16 12  9 11 14 15 10 17 18 21 24 20 22 19 23 31 30 32 27 28 26 25 29
 32 28 27 29 25 30 31 26  6  1  5  2  4  7  8  3 10 11 14  9 13 15 12 16 24 23 17 20 21 19 18 22
  8  4  3  5  1  6  7  2 14  9 13 10 12 15 16 11 18 19 22 17 21 23 20 24 32 31 25 28 29 27 26 30
 16 12 11 13  9 14 15 10 22 17 21 18 20 23 24 19 26 27 30 25 29 31 28 32  8  7  1  4  5  3  2  6
 24 20 19 21 17 22 23 18 30 25 29 26 28 31 32 27  2  3  6  1  5  7  4  8 16 15  9 12 13 11 10 14
  1  5  4  6  2  7  8  3 15 10 14 11 13 16  9 12 19 20 23 18 22 24 21 17 25 32 26 29 30 28 27 31
  9 13 12 14 10 15 16 11 23 18 22 19 21 24 17 20 27 28 31 26 30 32 29 25  1  8  2  5  6  4  3  7
 17 21 20 22 18 23 24 19 31 26 30 27 29 32 25 28  3  4  7  2  6  8  5  1  9 16 10 13 14 12 11 15
 25 29 28 30 26 31 32 27  7  2  6  3  5  8  1  4 11 12 15 10 14 16 13  9 17 24 18 21 22 20 19 23
