 28 30 31 29 27 26 25 32  4  8  3  6  5  1  2  7 15 11 10 14  9 13 16 12 18 22 23 19 17 21 20 24
  4  6  7  5  3  2  1  8 12 16 11 14 13  9 10 15 23 19 18 22 17 21 24 20 26 30 31 27 25 29 28 32
 20 22 23 21 19 18 17 24 28 32 27 30 29 25 26 31  7  3  2  6  1  5  8  4 10 14 15 11  9 13 12 16
 12 14 15 13 11 10  9 16 20 24 19 22 21 17 18 23 31 27 26 30 25 29 32 28  2  6  7  3  1  5  4  8
 13 15 16 14 12 11 10  9 21 17 20 23 22 18 19 24 32 28 27 31 26 30 25 29  3  7  8  4  2  6  5  1
  5  7  8  6  4  3  2  1 13  9 12 15 14 10 11 16 24 20 19 23 18 22 17 21 27 31 32 28 26 30 29 25
 29 31 32 30 28 27 26 25  5  1  4  7  6  2  3  8 16 12 11 15 10 14  9 13 19 23 24 20 18 22 21 17
 21 23 24 22 20 19 18 17 29 25 28 31 30 26 27 32  8  4  3  7  2  6  1  5 11 15 16 12 10 14 13  9
 30 32 25 31 29 28 27 26  6  2  5  8  7  3  4  1  9 13 12 16 11 15 10 14 20 24 17 21 19 23 22 18
 14 16  9 15 13 12 11 10 22 18 21 24 23 19 20 17 25 29 28 32 27 31 26 30  4  8  1  5  3  7  6  2
 22 24 17 23 21 20 19 18 30 26 29 32 31 27 28 25  1  5  4  8  3  7  2  6 12 16  9 13 11 15 14 10
  6  8  1  7  5  4  3  2 14 10 13 16 15 11 12  9 17 21 20 24 19 23 18 22 28 32 25 29 27 31 30 26
 15  9 10 16 14 13 12 11 23 19 22 17 24 20 21 18 26 30 29 25 28 32 27 31  5  1  2  6  4  8  7  3
 31 25 26 32 30 29 28 27  7  3  6  1  8  4  5  2 10 14 13  9 12 16 11 15 21 17 18 22 20 24 23 19
 23 17 18 24 22 21 20 19 31 27 30 25 32 28 29 26  2  6  5  1  4  8  3  7 13  9 10 14 12 16 15 11
  7  1  2  8  6  5  4  3 15 11 14  9 16 12 13 10 18 22 21 17 20 24 19 23 29 25 26 30 28 32 31 27
 24 18 19 17 23 22 21 20 32 28 31 26 25 29 30 27  3  7  6  2  5  1  4  8 14 10 11 15 13  9 16 12
 32 26 27 25 31 30 29 28  8  4  7  2  1  5  6  3 11 15 14 10 13  9 12 16 22 18 19 23 21 17 24 20
  8  2  3  1  7  6  5  4 16 12 15 10  9 13 14 11 19 23 22 18 21 17 20 24 30 26 27 31 29 25 32 28
 16 10 11  9 15 14 13 12 24 20 23 18 17 21 22 19 27 31 30 26 29 25 28 32  6  2  3  7  5  1  8  4
 17 19 20 18 24 23 22 21 25 29 32 27 26 30 31 28  4  8  7  3  6  2  5  1 15 11 12 16 14 10  9 13
 25 27 28 26 32 31 30 29  1  5  8  3  2  6  7  4 12 16 15 11 14 10 13  9 23 19 20 24 22 18 17 21
  9 11 12 10 16 15 14 13 17 21 24 19 18 22 23 20 28 32 31 27 30 26 29 25  7  3  4  8  6  2  1  5
  1  3  4  2  8  7  6  5  9 13 16 11 10 14 15 12 20 24 23 19 22 18 21 17 31 27 28 32 30 26 25 29
 26 28 29 27 25 32 31 30  2  6  1  4  3  7  8  5 13  9 16 12 15 11 14 10 24 20 21 17 23 19 18 22
 18 20 21 19 17 24 23 22 26 30 25 28 27 31 32 29  5  1  8  4  7  3  6  2 16 12 13  9 15 11 10 14
  2  4  5  3  1  8  7  6 10 14  9 12 11 15 16 13 21 17 24 20 23 19 22 18 32 28 29 25 31 27 26 30
 10 12 13 11  9 16 15 14 18 22 17 20 19 23 24 21 29 25 32 28 31 27 30 26  8  4  5  1  7  3  2  6
  3  5  6  4  2  1  8  7 11 15 10 13 12 16  9 14 22 18 17 21 24 20 23 19 25 29 30 26 32 28 27 31
 19 21 22 20 18 17 24 23 27 31 26 29 28 32 25 30  6  2  1  5  8  4  7  3  9 13 14 10 16 12 11 15
 11 13 14 12 10  9 16 15 19 23 18 21 20 24 17 22 30 26 25 29 32 28 31 27  1  5  6  2  8  4  3  7
 27 29 30 28 26 25 32 31  3  7  2  5  4  8  1  6 14 10  9 13 16 12 15 11 17 21 22 18 24 20 19 23
