 14  9 15 13 16 10 11 12 24 20 23 22 17 21 19 18 26 28 32 30 27 29 25 31  1  5  4  8  3  6  2  7
  6  1  7  5  8  2  3  4 16 12 15 14  9 13 11 10 18 20 24 22 19 21 17 23 25 29 28 32 27 30 26 31
 22 17 23 21 24 18 19 20 32 28 31 30 25 29 27 26  2  4  8  6  3  5  1  7  9 13 12 16 11 14 10 15
 30 25 31 29 32 26 27 28  8  4  7  6  1  5  3  2 10 12 16 14 11 13  9 15 17 21 20 24 19 22 18 23
 15 10 16 14  9 11 12 13 17 21 24 23 18 22 20 19 27 29 25 31 28 30 26 32  2  6  5  1  4  7  3  8
  7  2  8  6  1  3  4  5  9 13 16 15 10 14 12 11 19 21 17 23 20 22 18 24 26 30 29 25 28 31 27 32
 31 26 32 30 25 27 28 29  1  5  8  7  2  6  4  3 11 13  9 15 12 14 10 16 18 22 21 17 20 23 19 24
 23 18 24 22 17 19 20 21 25 29 32 31 26 30 28 27  3  5  1  7  4  6  2  8 10 14 13  9 12 15 11 16
  8  3  1  7  2  4  5  6 10 14  9 16 11 15 13 12 20 22 18 24 21 23 19 17 27 31 30 26 29 32 28 25
 24 19 17 23 18 20 21 22 26 30 25 32 27 31 29 28  4  6  2  8  5  7  3  1 11 15 14 10 13 16 12  9
 32 27 25 31 26 28 29 30  2  6  1  8  3  7  5  4 12 14 10 16 13 15 11  9 19 23 22 18 21 24 20 17
 16 11  9 15 10 12 13 14 18 22 17 24 19 23 21 20 28 30 26 32 29 31 27 25  3  7  6  2  5  8  4  1
  1  4  2  8  3  5  6  7 11 15 10  9 12 16 14 13 21 23 19 17 22 24 20 18 28 32 31 27 30 25 29 26
 25 28 26 32 27 29 30 31  3  7  2  1  4  8  6  5 13 15 11  9 14 16 12 10 20 24 23 19 22 17 21 18
 17 20 18 24 19 21 22 23 27 31 26 25 28 32 30 29  5  7  3  1  6  8  4  2 12 16 15 11 14  9 13 10
  9 12 10 16 11 13 14 15 19 23 18 17 20 24 22 21 29 31 27 25 30 32 28 26  4  8  7  3  6  1  5  2
 10 13 11  9 12 14 15 16 20 24 19 18 21 17 23 22 30 32 28 26 31 25 29 27  5  1  8  4  7  2  6  3
 26 29 27 25 28 30 31 32  4  8  3  2  5  1  7  6 14 16 12 10 15  9 13 11 21 17 24 20 23 18 22 19
 18 21 19 17 20 22 23 24 28 32 27 26 29 25 31 30  6  8  4  2  7  1  5  3 13  9 16 12 15 10 14 11
  2  5  3  1  4  6  7  8 12 16 11 10 13  9 15 14 22 24 20 18 23 17 21 19 29 25 32 28 31 26 30 27
 27 30 28 26 29 31 32 25  5  1  4  3  6  2  8  7 15  9 13 11 16 10 14 12 22 18 17 21 24 19 23 20
 19 22 20 18 21 23 24 17 29 25 28 27 30 26 32 31  7  1  5  3  8  2  6  4 14 10  9 13 16 11 15 12
 11 14 12 10 13 15 16  9 21 17 20 19 22 18 24 23 31 25 29 27 32 26 30 28  6  2  1  5  8  3  7  4
  3  6  4  2  5  7  8  1 13  9 12 11 14 10 16 15 23 17 21 19 24 18 22 20 30 26 25 29 32 27 31 28
 20 23 21 19 22 24 17 18 30 26 29 28 31 27 25 32  8  2  6  4  1  3  7  5 15 11 10 14  9 12 16 13
 12 15 13 11 14 16  9 10 22 18 21 20 23 19 17 24 32 26 30 28 25 27 31 29  7  3  2  6  1  4  8  5
  4  7  5  3  6  8  1  2 14 10 13 12 15 11  9 16 24 18 22 20 17 19 23 21 31 27 26 30 25 28 32 29
 28 31 29 27 30 32 25 26  6  2  5  4  7  3  1  8 16 10 14 12  9 11 15 13 23 19 18 22 17 20 24 21
 13 16 14 12 15  9 10 11 23 19 22 21 24 20 18 17 25 27 31 29 26 28 32 30  8  4  3  7  2  5  1  6
 21 24 22 20 23 17 18 19 31 27 30 29 32 28 26 25  1  3  7  5  2  4  8  6 16 12 11 15 10 13  9 14
  5  8  6  4  7  1  2  3 15 11 14 13 16 12 10  9 17 19 23 21 18 20 24 22 32 28 27 31 26 29 25 30
 29 32 30 28 31 25 26 27  7  3  6  5  8  4  2  1  9 11 15 13 10 12 16 14 24 20 19 23 18 21 17 22
