 24 18 21 23 17 22 19 20 28 25 26 27 30 32 29 31 38 34 35 33 36 37 40 39 46 44 47 43 41 48 42 45  5  7  8  2  1  4  6  3 10 16 15 14 13 11 12  9
  8  2  5  7  1  6  3  4 12  9 10 11 14 16 13 15 22 18 19 17 20 21 24 23 30 28 31 27 25 32 26 29 37 39 40 34 33 36 38 35 42 48 47 46 45 43 44 41
 48 42 45 47 41 46 43 44  4  1  2  3  6  8  5  7 14 10 11  9 12 13 16 15 22 20 23 19 17 24 18 21 29 31 32 26 25 28 30 27 34 40 39 38 37 35 36 33
 16 10 13 15  9 14 11 12 20 17 18 19 22 24 21 23 30 26 27 25 28 29 32 31 38 36 39 35 33 40 34 37 45 47 48 42 41 44 46 43  2  8  7  6  5  3  4  1
 40 34 37 39 33 38 35 36 44 41 42 43 46 48 45 47  6  2  3  1  4  5  8  7 14 12 15 11  9 16 10 13 21 23 24 18 17 20 22 19 26 32 31 30 29 27 28 25
 32 26 29 31 25 30 27 28 36 33 34 35 38 40 37 39 46 42 43 41 44 45 48 47  6  4  7  3  1  8  2  5 13 15 16 10  9 12 14 11 18 24 23 22 21 19 20 17
  9 11 14 16 10 15 12 13 21 18 19 20 23 17 22 24 31 27 28 26 29 30 25 32 39 37 40 36 34 33 35 38 46 48 41 43 42 45 47 44  3  1  8  7  6  4  5  2
 25 27 30 32 26 31 28 29 37 34 35 36 39 33 38 40 47 43 44 42 45 46 41 48  7  5  8  4  2  1  3  6 14 16  9 11 10 13 15 12 19 17 24 23 22 20 21 18
 41 43 46 48 42 47 44 45  5  2  3  4  7  1  6  8 15 11 12 10 13 14  9 16 23 21 24 20 18 17 19 22 30 32 25 27 26 29 31 28 35 33 40 39 38 36 37 34
  1  3  6  8  2  7  4  5 13 10 11 12 15  9 14 16 23 19 20 18 21 22 17 24 31 29 32 28 26 25 27 30 38 40 33 35 34 37 39 36 43 41 48 47 46 44 45 42
 33 35 38 40 34 39 36 37 45 42 43 44 47 41 46 48  7  3  4  2  5  6  1  8 15 13 16 12 10  9 11 14 22 24 17 19 18 21 23 20 27 25 32 31 30 28 29 26
 17 19 22 24 18 23 20 21 29 26 27 28 31 25 30 32 39 35 36 34 37 38 33 40 47 45 48 44 42 41 43 46  6  8  1  3  2  5  7  4 11  9 16 15 14 12 13 10
 10 12 15  9 11 16 13 14 22 19 20 21 24 18 23 17 32 28 29 27 30 31 26 25 40 38 33 37 35 34 36 39 47 41 42 44 43 46 48 45  4  2  1  8  7  5  6  3
 18 20 23 17 19 24 21 22 30 27 28 29 32 26 31 25 40 36 37 35 38 39 34 33 48 46 41 45 43 42 44 47  7  1  2  4  3  6  8  5 12 10  9 16 15 13 14 11
  2  4  7  1  3  8  5  6 14 11 12 13 16 10 15  9 24 20 21 19 22 23 18 17 32 30 25 29 27 26 28 31 39 33 34 36 35 38 40 37 44 42 41 48 47 45 46 43
 34 36 39 33 35 40 37 38 46 43 44 45 48 42 47 41  8  4  5  3  6  7  2  1 16 14  9 13 11 10 12 15 23 17 18 20 19 22 24 21 28 26 25 32 31 29 30 27
 42 44 47 41 43 48 45 46  6  3  4  5  8  2  7  1 16 12 13 11 14 15 10  9 24 22 17 21 19 18 20 23 31 25 26 28 27 30 32 29 36 34 33 40 39 37 38 35
 26 28 31 25 27 32 29 30 38 35 36 37 40 34 39 33 48 44 45 43 46 47 42 41  8  6  1  5  3  2  4  7 15  9 10 12 11 14 16 13 20 18 17 24 23 21 22 19
 27 29 32 26 28 25 30 31 39 36 37 38 33 35 40 34 41 45 46 44 47 48 43 42  1  7  2  6  4  3  5  8 16 10 11 13 12 15  9 14 21 19 18 17 24 22 23 20
 11 13 16 10 12  9 14 15 23 20 21 22 17 19 24 18 25 29 30 28 31 32 27 26 33 39 34 38 36 35 37 40 48 42 43 45 44 47 41 46  5  3  2  1  8  6  7  4
 43 45 48 42 44 41 46 47  7  4  5  6  1  3  8  2  9 13 14 12 15 16 11 10 17 23 18 22 20 19 21 24 32 26 27 29 28 31 25 30 37 35 34 33 40 38 39 36
  3  5  8  2  4  1  6  7 15 12 13 14  9 11 16 10 17 21 22 20 23 24 19 18 25 31 26 30 28 27 29 32 40 34 35 37 36 39 33 38 45 43 42 41 48 46 47 44
 35 37 40 34 36 33 38 39 47 44 45 46 41 43 48 42  1  5  6  4  7  8  3  2  9 15 10 14 12 11 13 16 24 18 19 21 20 23 17 22 29 27 26 25 32 30 31 28
 19 21 24 18 20 17 22 23 31 28 29 30 25 27 32 26 33 37 38 36 39 40 35 34 41 47 42 46 44 43 45 48  8  2  3  5  4  7  1  6 13 11 10  9 16 14 15 12
 36 38 33 35 37 34 39 40 48 45 46 47 42 44 41 43  2  6  7  5  8  1  4  3 10 16 11 15 13 12 14  9 17 19 20 22 21 24 18 23 30 28 27 26 25 31 32 29
 12 14  9 11 13 10 15 16 24 21 22 23 18 20 17 19 26 30 31 29 32 25 28 27 34 40 35 39 37 36 38 33 41 43 44 46 45 48 42 47  6  4  3  2  1  7  8  5
 20 22 17 19 21 18 23 24 32 29 30 31 26 28 25 27 34 38 39 37 40 33 36 35 42 48 43 47 45 44 46 41  1  3  4  6  5  8  2  7 14 12 11 10  9 15 16 13
  4  6  1  3  5  2  7  8 16 13 14 15 10 12  9 11 18 22 23 21 24 17 20 19 26 32 27 31 29 28 30 25 33 35 36 38 37 40 34 39 46 44 43 42 41 47 48 45
 28 30 25 27 29 26 31 32 40 37 38 39 34 36 33 35 42 46 47 45 48 41 44 43  2  8  3  7  5  4  6  1  9 11 12 14 13 16 10 15 22 20 19 18 17 23 24 21
 44 46 41 43 45 42 47 48  8  5  6  7  2  4  1  3 10 14 15 13 16  9 12 11 18 24 19 23 21 20 22 17 25 27 28 30 29 32 26 31 38 36 35 34 33 39 40 37
 29 31 26 28 30 27 32 25 33 38 39 40 35 37 34 36 43 47 48 46 41 42 45 44  3  1  4  8  6  5  7  2 10 12 13 15 14  9 11 16 23 21 20 19 18 24 17 22
 13 15 10 12 14 11 16  9 17 22 23 24 19 21 18 20 27 31 32 30 25 26 29 28 35 33 36 40 38 37 39 34 42 44 45 47 46 41 43 48  7  5  4  3  2  8  1  6
  5  7  2  4  6  3  8  1  9 14 15 16 11 13 10 12 19 23 24 22 17 18 21 20 27 25 28 32 30 29 31 26 34 36 37 39 38 33 35 40 47 45 44 43 42 48 41 46
 37 39 34 36 38 35 40 33 41 46 47 48 43 45 42 44  3  7  8  6  1  2  5  4 11  9 12 16 14 13 15 10 18 20 21 23 22 17 19 24 31 29 28 27 26 32 25 30
 21 23 18 20 22 19 24 17 25 30 31 32 27 29 26 28 35 39 40 38 33 34 37 36 43 41 44 48 46 45 47 42  2  4  5  7  6  1  3  8 15 13 12 11 10 16  9 14
 45 47 42 44 46 43 48 41  1  6  7  8  3  5  2  4 11 15 16 14  9 10 13 12 19 17 20 24 22 21 23 18 26 28 29 31 30 25 27 32 39 37 36 35 34 40 33 38
 30 32 27 29 31 28 25 26 34 39 40 33 36 38 35 37 44 48 41 47 42 43 46 45  4  2  5  1  7  6  8  3 11 13 14 16 15 10 12  9 24 22 21 20 19 17 18 23
 38 40 35 37 39 36 33 34 42 47 48 41 44 46 43 45  4  8  1  7  2  3  6  5 12 10 13  9 15 14 16 11 19 21 22 24 23 18 20 17 32 30 29 28 27 25 26 31
 22 24 19 21 23 20 17 18 26 31 32 25 28 30 27 29 36 40 33 39 34 35 38 37 44 42 45 41 47 46 48 43  3  5  6  8  7  2  4  1 16 14 13 12 11  9 10 15
  6  8  3  5  7  4  1  2 10 15 16  9 12 14 11 13 20 24 17 23 18 19 22 21 28 26 29 25 31 30 32 27 35 37 38 40 39 34 36 33 48 46 45 44 43 41 42 47
 46 48 43 45 47 44 41 42  2  7  8  1  4  6  3  5 12 16  9 15 10 11 14 13 20 18 21 17 23 22 24 19 27 29 30 32 31 26 28 25 40 38 37 36 35 33 34 39
 14 16 11 13 15 12  9 10 18 23 24 17 20 22 19 21 28 32 25 31 26 27 30 29 36 34 37 33 39 38 40 35 43 45 46 48 47 42 44 41  8  6  5  4  3  1  2  7
 31 25 28 30 32 29 26 27 35 40 33 34 37 39 36 38 45 41 42 48 43 44 47 46  5  3  6  2  8  7  1  4 12 14 15  9 16 11 13 10 17 23 22 21 20 18 19 24
 23 17 20 22 24 21 18 19 27 32 25 26 29 31 28 30 37 33 34 40 35 36 39 38 45 43 46 42 48 47 41 44  4  6  7  1  8  3  5  2  9 15 14 13 12 10 11 16
  7  1  4  6  8  5  2  3 11 16  9 10 13 15 12 14 21 17 18 24 19 20 23 22 29 27 30 26 32 31 25 28 36 38 39 33 40 35 37 34 41 47 46 45 44 42 43 48
 47 41 44 46 48 45 42 43  3  8  1  2  5  7  4  6 13  9 10 16 11 12 15 14 21 19 22 18 24 23 17 20 28 30 31 25 32 27 29 26 33 39 38 37 36 34 35 40
 39 33 36 38 40 37 34 35 43 48 41 42 45 47 44 46  5  1  2  8  3  4  7  6 13 11 14 10 16 15  9 12 20 22 23 17 24 19 21 18 25 31 30 29 28 26 27 32
 15  9 12 14 16 13 10 11 19 24 17 18 21 23 20 22 29 25 26 32 27 28 31 30 37 35 38 34 40 39 33 36 44 46 47 41 48 43 45 42  1  7  6  5  4  2  3  8
