 17 18 20 19 24 22 23 21  2  1  4  3  5  6  7  8 11 10  9 12 14 16 13 15
 13 14 16 15 20 18 19 17 22 21 24 23  1  2  3  4  7  6  5  8 10 12  9 11
 21 22 24 23  4  2  3  1  6  5  8  7  9 10 11 12 15 14 13 16 18 20 17 19
  5  6  8  7 12 10 11  9 14 13 16 15 17 18 19 20 23 22 21 24  2  4  1  3
  1  2  4  3  8  6  7  5 10  9 12 11 13 14 15 16 19 18 17 20 22 24 21 23
  9 10 12 11 16 14 15 13 18 17 20 19 21 22 23 24  3  2  1  4  6  8  5  7
 18 19 17 20 21 23 24 22  3  2  1  4  6  7  8  5 12 11 10  9 15 13 14 16
 22 23 21 24  1  3  4  2  7  6  5  8 10 11 12  9 16 15 14 13 19 17 18 20
  2  3  1  4  5  7  8  6 11 10  9 12 14 15 16 13 20 19 18 17 23 21 22 24
  6  7  5  8  9 11 12 10 15 14 13 16 18 19 20 17 24 23 22 21  3  1  2  4
 14 15 13 16 17 19 20 18 23 22 21 24  2  3  4  1  8  7  6  5 11  9 10 12
 10 11  9 12 13 15 16 14 19 18 17 20 22 23 24 21  4  3  2  1  7  5  6  8
 23 24 22 21  2  4  1  3  8  7  6  5 11 12  9 10 13 16 15 14 20 18 19 17
  3  4  2  1  6  8  5  7 12 11 10  9 15 16 13 14 17 20 19 18 24 22 23 21
  7  8  6  5 10 12  9 11 16 15 14 13 19 20 17 18 21 24 23 22  4  2  3  1
 19 20 18 17 22 24 21 23  4  3  2  1  7  8  5  6  9 12 11 10 16 14 15 13
 15 16 14 13 18 20 17 19 24 23 22 21  3  4  1  2  5  8  7  6 12 10 11  9
 11 12 10  9 14 16 13 15 20 19 18 17 23 24 21 22  1  4  3  2  8  6  7  5
 20 17 19 18 23 21 22 24  1  4  3  2  8  5  6  7 10  9 12 11 13 15 16 14
  8  5  7  6 11  9 10 12 13 16 15 14 20 17 18 19 22 21 24 23  1  3  4  2
 16 13 15 14 19 17 18 20 21 24 23 22  4  1  2  3  6  5  8  7  9 11 12 10
  4  1  3  2  7  5  6  8  9 12 11 10 16 13 14 15 18 17 20 19 21 23 24 22
 24 21 23 22  3  1  2  4  5  8  7  6 12  9 10 11 14 13 16 15 17 19 20 18
 12  9 11 10 15 13 14 16 17 20 19 18 24 21 22 23  2  1  4  3  5  7  8  6
