  95 100  93  94  98  96  97  99  92  91   4   5   6   9   1   2   8   7   3  10  18  20  17  12  14  13  15  19  11  16  26  25  24  28  27  23  22  30  21  29  35  31  33  36  38  40  39  32  37  34  43  44  46  42  41  49  45  47  48  50  52  55  58  60  59  53  51  57  54  56  63  67  68  62  66  69  70  64  61  65  76  72  75  80  77  73  71  74  78  79  83  85  86  89  81  88  90  84  82  87
  55  60  53  54  58  56  57  59  52  51  64  65  66  69  61  62  68  67  63  70  78  80  77  72  74  73  75  79  71  76  86  85  84  88  87  83  82  90  81  89  95  91  93  96  98 100  99  92  97  94   3   4   6   2   1   9   5   7   8  10  12  15  18  20  19  13  11  17  14  16  23  27  28  22  26  29  30  24  21  25  36  32  35  40  37  33  31  34  38  39  43  45  46  49  41  48  50  44  42  47
  65  70  63  64  68  66  67  69  62  61  74  75  76  79  71  72  78  77  73  80  88  90  87  82  84  83  85  89  81  86  96  95  94  98  97  93  92 100  91  99   5   1   3   6   8  10   9   2   7   4  13  14  16  12  11  19  15  17  18  20  22  25  28  30  29  23  21  27  24  26  33  37  38  32  36  39  40  34  31  35  46  42  45  50  47  43  41  44  48  49  53  55  56  59  51  58  60  54  52  57
   5  10   3   4   8   6   7   9   2   1  14  15  16  19  11  12  18  17  13  20  28  30  27  22  24  23  25  29  21  26  36  35  34  38  37  33  32  40  31  39  45  41  43  46  48  50  49  42  47  44  53  54  56  52  51  59  55  57  58  60  62  65  68  70  69  63  61  67  64  66  73  77  78  72  76  79  80  74  71  75  86  82  85  90  87  83  81  84  88  89  93  95  96  99  91  98 100  94  92  97
  35  40  33  34  38  36  37  39  32  31  44  45  46  49  41  42  48  47  43  50  58  60  57  52  54  53  55  59  51  56  66  65  64  68  67  63  62  70  61  69  75  71  73  76  78  80  79  72  77  74  83  84  86  82  81  89  85  87  88  90  92  95  98 100  99  93  91  97  94  96   3   7   8   2   6   9  10   4   1   5  16  12  15  20  17  13  11  14  18  19  23  25  26  29  21  28  30  24  22  27
  45  50  43  44  48  46  47  49  42  41  54  55  56  59  51  52  58  57  53  60  68  70  67  62  64  63  65  69  61  66  76  75  74  78  77  73  72  80  71  79  85  81  83  86  88  90  89  82  87  84  93  94  96  92  91  99  95  97  98 100   2   5   8  10   9   3   1   7   4   6  13  17  18  12  16  19  20  14  11  15  26  22  25  30  27  23  21  24  28  29  33  35  36  39  31  38  40  34  32  37
  15  20  13  14  18  16  17  19  12  11  24  25  26  29  21  22  28  27  23  30  38  40  37  32  34  33  35  39  31  36  46  45  44  48  47  43  42  50  41  49  55  51  53  56  58  60  59  52  57  54  63  64  66  62  61  69  65  67  68  70  72  75  78  80  79  73  71  77  74  76  83  87  88  82  86  89  90  84  81  85  96  92  95 100  97  93  91  94  98  99   3   5   6   9   1   8  10   4   2   7
  75  80  73  74  78  76  77  79  72  71  84  85  86  89  81  82  88  87  83  90  98 100  97  92  94  93  95  99  91  96   6   5   4   8   7   3   2  10   1   9  15  11  13  16  18  20  19  12  17  14  23  24  26  22  21  29  25  27  28  30  32  35  38  40  39  33  31  37  34  36  43  47  48  42  46  49  50  44  41  45  56  52  55  60  57  53  51  54  58  59  63  65  66  69  61  68  70  64  62  67
  85  90  83  84  88  86  87  89  82  81  94  95  96  99  91  92  98  97  93 100   8  10   7   2   4   3   5   9   1   6  16  15  14  18  17  13  12  20  11  19  25  21  23  26  28  30  29  22  27  24  33  34  36  32  31  39  35  37  38  40  42  45  48  50  49  43  41  47  44  46  53  57  58  52  56  59  60  54  51  55  66  62  65  70  67  63  61  64  68  69  73  75  76  79  71  78  80  74  72  77
  25  30  23  24  28  26  27  29  22  21  34  35  36  39  31  32  38  37  33  40  48  50  47  42  44  43  45  49  41  46  56  55  54  58  57  53  52  60  51  59  65  61  63  66  68  70  69  62  67  64  73  74  76  72  71  79  75  77  78  80  82  85  88  90  89  83  81  87  84  86  93  97  98  92  96  99 100  94  91  95   6   2   5  10   7   3   1   4   8   9  13  15  16  19  11  18  20  14  12  17
  26  21  24  25  29  27  28  30  23  22  35  36  37  40  32  33  39  38  34  31  49  41  48  43  45  44  46  50  42  47  57  56  55  59  58  54  53  51  52  60  66  62  64  67  69  61  70  63  68  65  74  75  77  73  72  80  76  78  79  71  83  86  89  81  90  84  82  88  85  87  94  98  99  93  97 100  91  95  92  96   7   3   6   1   8   4   2   5   9  10  14  16  17  20  12  19  11  15  13  18
  76  71  74  75  79  77  78  80  73  72  85  86  87  90  82  83  89  88  84  81  99  91  98  93  95  94  96 100  92  97   7   6   5   9   8   4   3   1   2  10  16  12  14  17  19  11  20  13  18  15  24  25  27  23  22  30  26  28  29  21  33  36  39  31  40  34  32  38  35  37  44  48  49  43  47  50  41  45  42  46  57  53  56  51  58  54  52  55  59  60  64  66  67  70  62  69  61  65  63  68
  86  81  84  85  89  87  88  90  83  82  95  96  97 100  92  93  99  98  94  91   9   1   8   3   5   4   6  10   2   7  17  16  15  19  18  14  13  11  12  20  26  22  24  27  29  21  30  23  28  25  34  35  37  33  32  40  36  38  39  31  43  46  49  41  50  44  42  48  45  47  54  58  59  53  57  60  51  55  52  56  67  63  66  61  68  64  62  65  69  70  74  76  77  80  72  79  71  75  73  78
  96  91  94  95  99  97  98 100  93  92   5   6   7  10   2   3   9   8   4   1  19  11  18  13  15  14  16  20  12  17  27  26  25  29  28  24  23  21  22  30  36  32  34  37  39  31  40  33  38  35  44  45  47  43  42  50  46  48  49  41  53  56  59  51  60  54  52  58  55  57  64  68  69  63  67  70  61  65  62  66  77  73  76  71  78  74  72  75  79  80  84  86  87  90  82  89  81  85  83  88
  46  41  44  45  49  47  48  50  43  42  55  56  57  60  52  53  59  58  54  51  69  61  68  63  65  64  66  70  62  67  77  76  75  79  78  74  73  71  72  80  86  82  84  87  89  81  90  83  88  85  94  95  97  93  92 100  96  98  99  91   3   6   9   1  10   4   2   8   5   7  14  18  19  13  17  20  11  15  12  16  27  23  26  21  28  24  22  25  29  30  34  36  37  40  32  39  31  35  33  38
  66  61  64  65  69  67  68  70  63  62  75  76  77  80  72  73  79  78  74  71  89  81  88  83  85  84  86  90  82  87  97  96  95  99  98  94  93  91  92 100   6   2   4   7   9   1  10   3   8   5  14  15  17  13  12  20  16  18  19  11  23  26  29  21  30  24  22  28  25  27  34  38  39  33  37  40  31  35  32  36  47  43  46  41  48  44  42  45  49  50  54  56  57  60  52  59  51  55  53  58
  56  51  54  55  59  57  58  60  53  52  65  66  67  70  62  63  69  68  64  61  79  71  78  73  75  74  76  80  72  77  87  86  85  89  88  84  83  81  82  90  96  92  94  97  99  91 100  93  98  95   4   5   7   3   2  10   6   8   9   1  13  16  19  11  20  14  12  18  15  17  24  28  29  23  27  30  21  25  22  26  37  33  36  31  38  34  32  35  39  40  44  46  47  50  42  49  41  45  43  48
  16  11  14  15  19  17  18  20  13  12  25  26  27  30  22  23  29  28  24  21  39  31  38  33  35  34  36  40  32  37  47  46  45  49  48  44  43  41  42  50  56  52  54  57  59  51  60  53  58  55  64  65  67  63  62  70  66  68  69  61  73  76  79  71  80  74  72  78  75  77  84  88  89  83  87  90  81  85  82  86  97  93  96  91  98  94  92  95  99 100   4   6   7  10   2   9   1   5   3   8
   6   1   4   5   9   7   8  10   3   2  15  16  17  20  12  13  19  18  14  11  29  21  28  23  25  24  26  30  22  27  37  36  35  39  38  34  33  31  32  40  46  42  44  47  49  41  50  43  48  45  54  55  57  53  52  60  56  58  59  51  63  66  69  61  70  64  62  68  65  67  74  78  79  73  77  80  71  75  72  76  87  83  86  81  88  84  82  85  89  90  94  96  97 100  92  99  91  95  93  98
  36  31  34  35  39  37  38  40  33  32  45  46  47  50  42  43  49  48  44  41  59  51  58  53  55  54  56  60  52  57  67  66  65  69  68  64  63  61  62  70  76  72  74  77  79  71  80  73  78  75  84  85  87  83  82  90  86  88  89  81  93  96  99  91 100  94  92  98  95  97   4   8   9   3   7  10   1   5   2   6  17  13  16  11  18  14  12  15  19  20  24  26  27  30  22  29  21  25  23  28
  67  62  65  66  70  68  69  61  64  63  76  77  78  71  73  74  80  79  75  72  90  82  89  84  86  85  87  81  83  88  98  97  96 100  99  95  94  92  93  91   7   3   5   8  10   2   1   4   9   6  15  16  18  14  13  11  17  19  20  12  24  27  30  22  21  25  23  29  26  28  35  39  40  34  38  31  32  36  33  37  48  44  47  42  49  45  43  46  50  41  55  57  58  51  53  60  52  56  54  59
  27  22  25  26  30  28  29  21  24  23  36  37  38  31  33  34  40  39  35  32  50  42  49  44  46  45  47  41  43  48  58  57  56  60  59  55  54  52  53  51  67  63  65  68  70  62  61  64  69  66  75  76  78  74  73  71  77  79  80  72  84  87  90  82  81  85  83  89  86  88  95  99 100  94  98  91  92  96  93  97   8   4   7   2   9   5   3   6  10   1  15  17  18  11  13  20  12  16  14  19
  57  52  55  56  60  58  59  51  54  53  66  67  68  61  63  64  70  69  65  62  80  72  79  74  76  75  77  71  73  78  88  87  86  90  89  85  84  82  83  81  97  93  95  98 100  92  91  94  99  96   5   6   8   4   3   1   7   9  10   2  14  17  20  12  11  15  13  19  16  18  25  29  30  24  28  21  22  26  23  27  38  34  37  32  39  35  33  36  40  31  45  47  48  41  43  50  42  46  44  49
  87  82  85  86  90  88  89  81  84  83  96  97  98  91  93  94 100  99  95  92  10   2   9   4   6   5   7   1   3   8  18  17  16  20  19  15  14  12  13  11  27  23  25  28  30  22  21  24  29  26  35  36  38  34  33  31  37  39  40  32  44  47  50  42  41  45  43  49  46  48  55  59  60  54  58  51  52  56  53  57  68  64  67  62  69  65  63  66  70  61  75  77  78  71  73  80  72  76  74  79
  17  12  15  16  20  18  19  11  14  13  26  27  28  21  23  24  30  29  25  22  40  32  39  34  36  35  37  31  33  38  48  47  46  50  49  45  44  42  43  41  57  53  55  58  60  52  51  54  59  56  65  66  68  64  63  61  67  69  70  62  74  77  80  72  71  75  73  79  76  78  85  89  90  84  88  81  82  86  83  87  98  94  97  92  99  95  93  96 100  91   5   7   8   1   3  10   2   6   4   9
  77  72  75  76  80  78  79  71  74  73  86  87  88  81  83  84  90  89  85  82 100  92  99  94  96  95  97  91  93  98   8   7   6  10   9   5   4   2   3   1  17  13  15  18  20  12  11  14  19  16  25  26  28  24  23  21  27  29  30  22  34  37  40  32  31  35  33  39  36  38  45  49  50  44  48  41  42  46  43  47  58  54  57  52  59  55  53  56  60  51  65  67  68  61  63  70  62  66  64  69
  97  92  95  96 100  98  99  91  94  93   6   7   8   1   3   4  10   9   5   2  20  12  19  14  16  15  17  11  13  18  28  27  26  30  29  25  24  22  23  21  37  33  35  38  40  32  31  34  39  36  45  46  48  44  43  41  47  49  50  42  54  57  60  52  51  55  53  59  56  58  65  69  70  64  68  61  62  66  63  67  78  74  77  72  79  75  73  76  80  71  85  87  88  81  83  90  82  86  84  89
  37  32  35  36  40  38  39  31  34  33  46  47  48  41  43  44  50  49  45  42  60  52  59  54  56  55  57  51  53  58  68  67  66  70  69  65  64  62  63  61  77  73  75  78  80  72  71  74  79  76  85  86  88  84  83  81  87  89  90  82  94  97 100  92  91  95  93  99  96  98   5   9  10   4   8   1   2   6   3   7  18  14  17  12  19  15  13  16  20  11  25  27  28  21  23  30  22  26  24  29
   7   2   5   6  10   8   9   1   4   3  16  17  18  11  13  14  20  19  15  12  30  22  29  24  26  25  27  21  23  28  38  37  36  40  39  35  34  32  33  31  47  43  45  48  50  42  41  44  49  46  55  56  58  54  53  51  57  59  60  52  64  67  70  62  61  65  63  69  66  68  75  79  80  74  78  71  72  76  73  77  88  84  87  82  89  85  83  86  90  81  95  97  98  91  93 100  92  96  94  99
  47  42  45  46  50  48  49  41  44  43  56  57  58  51  53  54  60  59  55  52  70  62  69  64  66  65  67  61  63  68  78  77  76  80  79  75  74  72  73  71  87  83  85  88  90  82  81  84  89  86  95  96  98  94  93  91  97  99 100  92   4   7  10   2   1   5   3   9   6   8  15  19  20  14  18  11  12  16  13  17  28  24  27  22  29  25  23  26  30  21  35  37  38  31  33  40  32  36  34  39
  58  53  56  57  51  59  60  52  55  54  67  68  69  62  64  65  61  70  66  63  71  73  80  75  77  76  78  72  74  79  89  88  87  81  90  86  85  83  84  82  98  94  96  99  91  93  92  95 100  97   6   7   9   5   4   2   8  10   1   3  15  18  11  13  12  16  14  20  17  19  26  30  21  25  29  22  23  27  24  28  39  35  38  33  40  36  34  37  31  32  46  48  49  42  44  41  43  47  45  50
  68  63  66  67  61  69  70  62  65  64  77  78  79  72  74  75  71  80  76  73  81  83  90  85  87  86  88  82  84  89  99  98  97  91 100  96  95  93  94  92   8   4   6   9   1   3   2   5  10   7  16  17  19  15  14  12  18  20  11  13  25  28  21  23  22  26  24  30  27  29  36  40  31  35  39  32  33  37  34  38  49  45  48  43  50  46  44  47  41  42  56  58  59  52  54  51  53  57  55  60
  38  33  36  37  31  39  40  32  35  34  47  48  49  42  44  45  41  50  46  43  51  53  60  55  57  56  58  52  54  59  69  68  67  61  70  66  65  63  64  62  78  74  76  79  71  73  72  75  80  77  86  87  89  85  84  82  88  90  81  83  95  98  91  93  92  96  94 100  97  99   6  10   1   5   9   2   3   7   4   8  19  15  18  13  20  16  14  17  11  12  26  28  29  22  24  21  23  27  25  30
  48  43  46  47  41  49  50  42  45  44  57  58  59  52  54  55  51  60  56  53  61  63  70  65  67  66  68  62  64  69  79  78  77  71  80  76  75  73  74  72  88  84  86  89  81  83  82  85  90  87  96  97  99  95  94  92  98 100  91  93   5   8   1   3   2   6   4  10   7   9  16  20  11  15  19  12  13  17  14  18  29  25  28  23  30  26  24  27  21  22  36  38  39  32  34  31  33  37  35  40
  78  73  76  77  71  79  80  72  75  74  87  88  89  82  84  85  81  90  86  83  91  93 100  95  97  96  98  92  94  99   9   8   7   1  10   6   5   3   4   2  18  14  16  19  11  13  12  15  20  17  26  27  29  25  24  22  28  30  21  23  35  38  31  33  32  36  34  40  37  39  46  50  41  45  49  42  43  47  44  48  59  55  58  53  60  56  54  57  51  52  66  68  69  62  64  61  63  67  65  70
  98  93  96  97  91  99 100  92  95  94   7   8   9   2   4   5   1  10   6   3  11  13  20  15  17  16  18  12  14  19  29  28  27  21  30  26  25  23  24  22  38  34  36  39  31  33  32  35  40  37  46  47  49  45  44  42  48  50  41  43  55  58  51  53  52  56  54  60  57  59  66  70  61  65  69  62  63  67  64  68  79  75  78  73  80  76  74  77  71  72  86  88  89  82  84  81  83  87  85  90
  88  83  86  87  81  89  90  82  85  84  97  98  99  92  94  95  91 100  96  93   1   3  10   5   7   6   8   2   4   9  19  18  17  11  20  16  15  13  14  12  28  24  26  29  21  23  22  25  30  27  36  37  39  35  34  32  38  40  31  33  45  48  41  43  42  46  44  50  47  49  56  60  51  55  59  52  53  57  54  58  69  65  68  63  70  66  64  67  61  62  76  78  79  72  74  71  73  77  75  80
   8   3   6   7   1   9  10   2   5   4  17  18  19  12  14  15  11  20  16  13  21  23  30  25  27  26  28  22  24  29  39  38  37  31  40  36  35  33  34  32  48  44  46  49  41  43  42  45  50  47  56  57  59  55  54  52  58  60  51  53  65  68  61  63  62  66  64  70  67  69  76  80  71  75  79  72  73  77  74  78  89  85  88  83  90  86  84  87  81  82  96  98  99  92  94  91  93  97  95 100
  18  13  16  17  11  19  20  12  15  14  27  28  29  22  24  25  21  30  26  23  31  33  40  35  37  36  38  32  34  39  49  48  47  41  50  46  45  43  44  42  58  54  56  59  51  53  52  55  60  57  66  67  69  65  64  62  68  70  61  63  75  78  71  73  72  76  74  80  77  79  86  90  81  85  89  82  83  87  84  88  99  95  98  93 100  96  94  97  91  92   6   8   9   2   4   1   3   7   5  10
  28  23  26  27  21  29  30  22  25  24  37  38  39  32  34  35  31  40  36  33  41  43  50  45  47  46  48  42  44  49  59  58  57  51  60  56  55  53  54  52  68  64  66  69  61  63  62  65  70  67  76  77  79  75  74  72  78  80  71  73  85  88  81  83  82  86  84  90  87  89  96 100  91  95  99  92  93  97  94  98   9   5   8   3  10   6   4   7   1   2  16  18  19  12  14  11  13  17  15  20
  39  34  37  38  32  40  31  33  36  35  48  49  50  43  45  46  42  41  47  44  52  54  51  56  58  57  59  53  55  60  70  69  68  62  61  67  66  64  65  63  79  75  77  80  72  74  73  76  71  78  87  88  90  86  85  83  89  81  82  84  96  99  92  94  93  97  95  91  98 100   7   1   2   6  10   3   4   8   5   9  20  16  19  14  11  17  15  18  12  13  27  29  30  23  25  22  24  28  26  21
   9   4   7   8   2  10   1   3   6   5  18  19  20  13  15  16  12  11  17  14  22  24  21  26  28  27  29  23  25  30  40  39  38  32  31  37  36  34  35  33  49  45  47  50  42  44  43  46  41  48  57  58  60  56  55  53  59  51  52  54  66  69  62  64  63  67  65  61  68  70  77  71  72  76  80  73  74  78  75  79  90  86  89  84  81  87  85  88  82  83  97  99 100  93  95  92  94  98  96  91
  99  94  97  98  92 100  91  93  96  95   8   9  10   3   5   6   2   1   7   4  12  14  11  16  18  17  19  13  15  20  30  29  28  22  21  27  26  24  25  23  39  35  37  40  32  34  33  36  31  38  47  48  50  46  45  43  49  41  42  44  56  59  52  54  53  57  55  51  58  60  67  61  62  66  70  63  64  68  65  69  80  76  79  74  71  77  75  78  72  73  87  89  90  83  85  82  84  88  86  81
  29  24  27  28  22  30  21  23  26  25  38  39  40  33  35  36  32  31  37  34  42  44  41  46  48  47  49  43  45  50  60  59  58  52  51  57  56  54  55  53  69  65  67  70  62  64  63  66  61  68  77  78  80  76  75  73  79  71  72  74  86  89  82  84  83  87  85  81  88  90  97  91  92  96 100  93  94  98  95  99  10   6   9   4   1   7   5   8   2   3  17  19  20  13  15  12  14  18  16  11
  59  54  57  58  52  60  51  53  56  55  68  69  70  63  65  66  62  61  67  64  72  74  71  76  78  77  79  73  75  80  90  89  88  82  81  87  86  84  85  83  99  95  97 100  92  94  93  96  91  98   7   8  10   6   5   3   9   1   2   4  16  19  12  14  13  17  15  11  18  20  27  21  22  26  30  23  24  28  25  29  40  36  39  34  31  37  35  38  32  33  47  49  50  43  45  42  44  48  46  41
  19  14  17  18  12  20  11  13  16  15  28  29  30  23  25  26  22  21  27  24  32  34  31  36  38  37  39  33  35  40  50  49  48  42  41  47  46  44  45  43  59  55  57  60  52  54  53  56  51  58  67  68  70  66  65  63  69  61  62  64  76  79  72  74  73  77  75  71  78  80  87  81  82  86  90  83  84  88  85  89 100  96  99  94  91  97  95  98  92  93   7   9  10   3   5   2   4   8   6   1
  89  84  87  88  82  90  81  83  86  85  98  99 100  93  95  96  92  91  97  94   2   4   1   6   8   7   9   3   5  10  20  19  18  12  11  17  16  14  15  13  29  25  27  30  22  24  23  26  21  28  37  38  40  36  35  33  39  31  32  34  46  49  42  44  43  47  45  41  48  50  57  51  52  56  60  53  54  58  55  59  70  66  69  64  61  67  65  68  62  63  77  79  80  73  75  72  74  78  76  71
  69  64  67  68  62  70  61  63  66  65  78  79  80  73  75  76  72  71  77  74  82  84  81  86  88  87  89  83  85  90 100  99  98  92  91  97  96  94  95  93   9   5   7  10   2   4   3   6   1   8  17  18  20  16  15  13  19  11  12  14  26  29  22  24  23  27  25  21  28  30  37  31  32  36  40  33  34  38  35  39  50  46  49  44  41  47  45  48  42  43  57  59  60  53  55  52  54  58  56  51
  79  74  77  78  72  80  71  73  76  75  88  89  90  83  85  86  82  81  87  84  92  94  91  96  98  97  99  93  95 100  10   9   8   2   1   7   6   4   5   3  19  15  17  20  12  14  13  16  11  18  27  28  30  26  25  23  29  21  22  24  36  39  32  34  33  37  35  31  38  40  47  41  42  46  50  43  44  48  45  49  60  56  59  54  51  57  55  58  52  53  67  69  70  63  65  62  64  68  66  61
  49  44  47  48  42  50  41  43  46  45  58  59  60  53  55  56  52  51  57  54  62  64  61  66  68  67  69  63  65  70  80  79  78  72  71  77  76  74  75  73  89  85  87  90  82  84  83  86  81  88  97  98 100  96  95  93  99  91  92  94   6   9   2   4   3   7   5   1   8  10  17  11  12  16  20  13  14  18  15  19  30  26  29  24  21  27  25  28  22  23  37  39  40  33  35  32  34  38  36  31
  90  85  88  89  83  81  82  84  87  86  99 100  91  94  96  97  93  92  98  95   3   5   2   7   9   8  10   4   6   1  11  20  19  13  12  18  17  15  16  14  30  26  28  21  23  25  24  27  22  29  38  39  31  37  36  34  40  32  33  35  47  50  43  45  44  48  46  42  49  41  58  52  53  57  51  54  55  59  56  60  61  67  70  65  62  68  66  69  63  64  78  80  71  74  76  73  75  79  77  72
  70  65  68  69  63  61  62  64  67  66  79  80  71  74  76  77  73  72  78  75  83  85  82  87  89  88  90  84  86  81  91 100  99  93  92  98  97  95  96  94  10   6   8   1   3   5   4   7   2   9  18  19  11  17  16  14  20  12  13  15  27  30  23  25  24  28  26  22  29  21  38  32  33  37  31  34  35  39  36  40  41  47  50  45  42  48  46  49  43  44  58  60  51  54  56  53  55  59  57  52
  50  45  48  49  43  41  42  44  47  46  59  60  51  54  56  57  53  52  58  55  63  65  62  67  69  68  70  64  66  61  71  80  79  73  72  78  77  75  76  74  90  86  88  81  83  85  84  87  82  89  98  99  91  97  96  94 100  92  93  95   7  10   3   5   4   8   6   2   9   1  18  12  13  17  11  14  15  19  16  20  21  27  30  25  22  28  26  29  23  24  38  40  31  34  36  33  35  39  37  32
  80  75  78  79  73  71  72  74  77  76  89  90  81  84  86  87  83  82  88  85  93  95  92  97  99  98 100  94  96  91   1  10   9   3   2   8   7   5   6   4  20  16  18  11  13  15  14  17  12  19  28  29  21  27  26  24  30  22  23  25  37  40  33  35  34  38  36  32  39  31  48  42  43  47  41  44  45  49  46  50  51  57  60  55  52  58  56  59  53  54  68  70  61  64  66  63  65  69  67  62
  30  25  28  29  23  21  22  24  27  26  39  40  31  34  36  37  33  32  38  35  43  45  42  47  49  48  50  44  46  41  51  60  59  53  52  58  57  55  56  54  70  66  68  61  63  65  64  67  62  69  78  79  71  77  76  74  80  72  73  75  87  90  83  85  84  88  86  82  89  81  98  92  93  97  91  94  95  99  96 100   1   7  10   5   2   8   6   9   3   4  18  20  11  14  16  13  15  19  17  12
  40  35  38  39  33  31  32  34  37  36  49  50  41  44  46  47  43  42  48  45  53  55  52  57  59  58  60  54  56  51  61  70  69  63  62  68  67  65  66  64  80  76  78  71  73  75  74  77  72  79  88  89  81  87  86  84  90  82  83  85  97 100  93  95  94  98  96  92  99  91   8   2   3   7   1   4   5   9   6  10  11  17  20  15  12  18  16  19  13  14  28  30  21  24  26  23  25  29  27  22
 100  95  98  99  93  91  92  94  97  96   9  10   1   4   6   7   3   2   8   5  13  15  12  17  19  18  20  14  16  11  21  30  29  23  22  28  27  25  26  24  40  36  38  31  33  35  34  37  32  39  48  49  41  47  46  44  50  42  43  45  57  60  53  55  54  58  56  52  59  51  68  62  63  67  61  64  65  69  66  70  71  77  80  75  72  78  76  79  73  74  88  90  81  84  86  83  85  89  87  82
  60  55  58  59  53  51  52  54  57  56  69  70  61  64  66  67  63  62  68  65  73  75  72  77  79  78  80  74  76  71  81  90  89  83  82  88  87  85  86  84 100  96  98  91  93  95  94  97  92  99   8   9   1   7   6   4  10   2   3   5  17  20  13  15  14  18  16  12  19  11  28  22  23  27  21  24  25  29  26  30  31  37  40  35  32  38  36  39  33  34  48  50  41  44  46  43  45  49  47  42
  10   5   8   9   3   1   2   4   7   6  19  20  11  14  16  17  13  12  18  15  23  25  22  27  29  28  30  24  26  21  31  40  39  33  32  38  37  35  36  34  50  46  48  41  43  45  44  47  42  49  58  59  51  57  56  54  60  52  53  55  67  70  63  65  64  68  66  62  69  61  78  72  73  77  71  74  75  79  76  80  81  87  90  85  82  88  86  89  83  84  98 100  91  94  96  93  95  99  97  92
  20  15  18  19  13  11  12  14  17  16  29  30  21  24  26  27  23  22  28  25  33  35  32  37  39  38  40  34  36  31  41  50  49  43  42  48  47  45  46  44  60  56  58  51  53  55  54  57  52  59  68  69  61  67  66  64  70  62  63  65  77  80  73  75  74  78  76  72  79  71  88  82  83  87  81  84  85  89  86  90  91  97 100  95  92  98  96  99  93  94   8  10   1   4   6   3   5   9   7   2
  21  26  29  30  24  22  23  25  28  27  40  31  32  35  37  38  34  33  39  36  44  46  43  48  50  49  41  45  47  42  52  51  60  54  53  59  58  56  57  55  61  67  69  62  64  66  65  68  63  70  79  80  72  78  77  75  71  73  74  76  88  81  84  86  85  89  87  83  90  82  99  93  94  98  92  95  96 100  97  91   2   8   1   6   3   9   7  10   4   5  19  11  12  15  17  14  16  20  18  13
  51  56  59  60  54  52  53  55  58  57  70  61  62  65  67  68  64  63  69  66  74  76  73  78  80  79  71  75  77  72  82  81  90  84  83  89  88  86  87  85  91  97  99  92  94  96  95  98  93 100   9  10   2   8   7   5   1   3   4   6  18  11  14  16  15  19  17  13  20  12  29  23  24  28  22  25  26  30  27  21  32  38  31  36  33  39  37  40  34  35  49  41  42  45  47  44  46  50  48  43
  81  86  89  90  84  82  83  85  88  87 100  91  92  95  97  98  94  93  99  96   4   6   3   8  10   9   1   5   7   2  12  11  20  14  13  19  18  16  17  15  21  27  29  22  24  26  25  28  23  30  39  40  32  38  37  35  31  33  34  36  48  41  44  46  45  49  47  43  50  42  59  53  54  58  52  55  56  60  57  51  62  68  61  66  63  69  67  70  64  65  79  71  72  75  77  74  76  80  78  73
  31  36  39  40  34  32  33  35  38  37  50  41  42  45  47  48  44  43  49  46  54  56  53  58  60  59  51  55  57  52  62  61  70  64  63  69  68  66  67  65  71  77  79  72  74  76  75  78  73  80  89  90  82  88  87  85  81  83  84  86  98  91  94  96  95  99  97  93 100  92   9   3   4   8   2   5   6  10   7   1  12  18  11  16  13  19  17  20  14  15  29  21  22  25  27  24  26  30  28  23
  61  66  69  70  64  62  63  65  68  67  80  71  72  75  77  78  74  73  79  76  84  86  83  88  90  89  81  85  87  82  92  91 100  94  93  99  98  96  97  95   1   7   9   2   4   6   5   8   3  10  19  20  12  18  17  15  11  13  14  16  28  21  24  26  25  29  27  23  30  22  39  33  34  38  32  35  36  40  37  31  42  48  41  46  43  49  47  50  44  45  59  51  52  55  57  54  56  60  58  53
   1   6   9  10   4   2   3   5   8   7  20  11  12  15  17  18  14  13  19  16  24  26  23  28  30  29  21  25  27  22  32  31  40  34  33  39  38  36  37  35  41  47  49  42  44  46  45  48  43  50  59  60  52  58  57  55  51  53  54  56  68  61  64  66  65  69  67  63  70  62  79  73  74  78  72  75  76  80  77  71  82  88  81  86  83  89  87  90  84  85  99  91  92  95  97  94  96 100  98  93
  71  76  79  80  74  72  73  75  78  77  90  81  82  85  87  88  84  83  89  86  94  96  93  98 100  99  91  95  97  92   2   1  10   4   3   9   8   6   7   5  11  17  19  12  14  16  15  18  13  20  29  30  22  28  27  25  21  23  24  26  38  31  34  36  35  39  37  33  40  32  49  43  44  48  42  45  46  50  47  41  52  58  51  56  53  59  57  60  54  55  69  61  62  65  67  64  66  70  68  63
  11  16  19  20  14  12  13  15  18  17  30  21  22  25  27  28  24  23  29  26  34  36  33  38  40  39  31  35  37  32  42  41  50  44  43  49  48  46  47  45  51  57  59  52  54  56  55  58  53  60  69  70  62  68  67  65  61  63  64  66  78  71  74  76  75  79  77  73  80  72  89  83  84  88  82  85  86  90  87  81  92  98  91  96  93  99  97 100  94  95   9   1   2   5   7   4   6  10   8   3
  41  46  49  50  44  42  43  45  48  47  60  51  52  55  57  58  54  53  59  56  64  66  63  68  70  69  61  65  67  62  72  71  80  74  73  79  78  76  77  75  81  87  89  82  84  86  85  88  83  90  99 100  92  98  97  95  91  93  94  96   8   1   4   6   5   9   7   3  10   2  19  13  14  18  12  15  16  20  17  11  22  28  21  26  23  29  27  30  24  25  39  31  32  35  37  34  36  40  38  33
  91  96  99 100  94  92  93  95  98  97  10   1   2   5   7   8   4   3   9   6  14  16  13  18  20  19  11  15  17  12  22  21  30  24  23  29  28  26  27  25  31  37  39  32  34  36  35  38  33  40  49  50  42  48  47  45  41  43  44  46  58  51  54  56  55  59  57  53  60  52  69  63  64  68  62  65  66  70  67  61  72  78  71  76  73  79  77  80  74  75  89  81  82  85  87  84  86  90  88  83
  22  27  30  21  25  23  24  26  29  28  31  32  33  36  38  39  35  34  40  37  45  47  44  49  41  50  42  46  48  43  53  52  51  55  54  60  59  57  58  56  62  68  70  63  65  67  66  69  64  61  80  71  73  79  78  76  72  74  75  77  89  82  85  87  86  90  88  84  81  83 100  94  95  99  93  96  97  91  98  92   3   9   2   7   4  10   8   1   5   6  20  12  13  16  18  15  17  11  19  14
  82  87  90  81  85  83  84  86  89  88  91  92  93  96  98  99  95  94 100  97   5   7   4   9   1  10   2   6   8   3  13  12  11  15  14  20  19  17  18  16  22  28  30  23  25  27  26  29  24  21  40  31  33  39  38  36  32  34  35  37  49  42  45  47  46  50  48  44  41  43  60  54  55  59  53  56  57  51  58  52  63  69  62  67  64  70  68  61  65  66  80  72  73  76  78  75  77  71  79  74
  62  67  70  61  65  63  64  66  69  68  71  72  73  76  78  79  75  74  80  77  85  87  84  89  81  90  82  86  88  83  93  92  91  95  94 100  99  97  98  96   2   8  10   3   5   7   6   9   4   1  20  11  13  19  18  16  12  14  15  17  29  22  25  27  26  30  28  24  21  23  40  34  35  39  33  36  37  31  38  32  43  49  42  47  44  50  48  41  45  46  60  52  53  56  58  55  57  51  59  54
  92  97 100  91  95  93  94  96  99  98   1   2   3   6   8   9   5   4  10   7  15  17  14  19  11  20  12  16  18  13  23  22  21  25  24  30  29  27  28  26  32  38  40  33  35  37  36  39  34  31  50  41  43  49  48  46  42  44  45  47  59  52  55  57  56  60  58  54  51  53  70  64  65  69  63  66  67  61  68  62  73  79  72  77  74  80  78  71  75  76  90  82  83  86  88  85  87  81  89  84
  52  57  60  51  55  53  54  56  59  58  61  62  63  66  68  69  65  64  70  67  75  77  74  79  71  80  72  76  78  73  83  82  81  85  84  90  89  87  88  86  92  98 100  93  95  97  96  99  94  91  10   1   3   9   8   6   2   4   5   7  19  12  15  17  16  20  18  14  11  13  30  24  25  29  23  26  27  21  28  22  33  39  32  37  34  40  38  31  35  36  50  42  43  46  48  45  47  41  49  44
  12  17  20  11  15  13  14  16  19  18  21  22  23  26  28  29  25  24  30  27  35  37  34  39  31  40  32  36  38  33  43  42  41  45  44  50  49  47  48  46  52  58  60  53  55  57  56  59  54  51  70  61  63  69  68  66  62  64  65  67  79  72  75  77  76  80  78  74  71  73  90  84  85  89  83  86  87  81  88  82  93  99  92  97  94 100  98  91  95  96  10   2   3   6   8   5   7   1   9   4
  72  77  80  71  75  73  74  76  79  78  81  82  83  86  88  89  85  84  90  87  95  97  94  99  91 100  92  96  98  93   3   2   1   5   4  10   9   7   8   6  12  18  20  13  15  17  16  19  14  11  30  21  23  29  28  26  22  24  25  27  39  32  35  37  36  40  38  34  31  33  50  44  45  49  43  46  47  41  48  42  53  59  52  57  54  60  58  51  55  56  70  62  63  66  68  65  67  61  69  64
  32  37  40  31  35  33  34  36  39  38  41  42  43  46  48  49  45  44  50  47  55  57  54  59  51  60  52  56  58  53  63  62  61  65  64  70  69  67  68  66  72  78  80  73  75  77  76  79  74  71  90  81  83  89  88  86  82  84  85  87  99  92  95  97  96 100  98  94  91  93  10   4   5   9   3   6   7   1   8   2  13  19  12  17  14  20  18  11  15  16  30  22  23  26  28  25  27  21  29  24
   2   7  10   1   5   3   4   6   9   8  11  12  13  16  18  19  15  14  20  17  25  27  24  29  21  30  22  26  28  23  33  32  31  35  34  40  39  37  38  36  42  48  50  43  45  47  46  49  44  41  60  51  53  59  58  56  52  54  55  57  69  62  65  67  66  70  68  64  61  63  80  74  75  79  73  76  77  71  78  72  83  89  82  87  84  90  88  81  85  86 100  92  93  96  98  95  97  91  99  94
  42  47  50  41  45  43  44  46  49  48  51  52  53  56  58  59  55  54  60  57  65  67  64  69  61  70  62  66  68  63  73  72  71  75  74  80  79  77  78  76  82  88  90  83  85  87  86  89  84  81 100  91  93  99  98  96  92  94  95  97   9   2   5   7   6  10   8   4   1   3  20  14  15  19  13  16  17  11  18  12  23  29  22  27  24  30  28  21  25  26  40  32  33  36  38  35  37  31  39  34
  93  98  91  92  96  94  95  97 100  99   2   3   4   7   9  10   6   5   1   8  16  18  15  20  12  11  13  17  19  14  24  23  22  26  25  21  30  28  29  27  33  39  31  34  36  38  37  40  35  32  41  42  44  50  49  47  43  45  46  48  60  53  56  58  57  51  59  55  52  54  61  65  66  70  64  67  68  62  69  63  74  80  73  78  75  71  79  72  76  77  81  83  84  87  89  86  88  82  90  85
  73  78  71  72  76  74  75  77  80  79  82  83  84  87  89  90  86  85  81  88  96  98  95 100  92  91  93  97  99  94   4   3   2   6   5   1  10   8   9   7  13  19  11  14  16  18  17  20  15  12  21  22  24  30  29  27  23  25  26  28  40  33  36  38  37  31  39  35  32  34  41  45  46  50  44  47  48  42  49  43  54  60  53  58  55  51  59  52  56  57  61  63  64  67  69  66  68  62  70  65
  33  38  31  32  36  34  35  37  40  39  42  43  44  47  49  50  46  45  41  48  56  58  55  60  52  51  53  57  59  54  64  63  62  66  65  61  70  68  69  67  73  79  71  74  76  78  77  80  75  72  81  82  84  90  89  87  83  85  86  88 100  93  96  98  97  91  99  95  92  94   1   5   6  10   4   7   8   2   9   3  14  20  13  18  15  11  19  12  16  17  21  23  24  27  29  26  28  22  30  25
  83  88  81  82  86  84  85  87  90  89  92  93  94  97  99 100  96  95  91  98   6   8   5  10   2   1   3   7   9   4  14  13  12  16  15  11  20  18  19  17  23  29  21  24  26  28  27  30  25  22  31  32  34  40  39  37  33  35  36  38  50  43  46  48  47  41  49  45  42  44  51  55  56  60  54  57  58  52  59  53  64  70  63  68  65  61  69  62  66  67  71  73  74  77  79  76  78  72  80  75
  53  58  51  52  56  54  55  57  60  59  62  63  64  67  69  70  66  65  61  68  76  78  75  80  72  71  73  77  79  74  84  83  82  86  85  81  90  88  89  87  93  99  91  94  96  98  97 100  95  92   1   2   4  10   9   7   3   5   6   8  20  13  16  18  17  11  19  15  12  14  21  25  26  30  24  27  28  22  29  23  34  40  33  38  35  31  39  32  36  37  41  43  44  47  49  46  48  42  50  45
  63  68  61  62  66  64  65  67  70  69  72  73  74  77  79  80  76  75  71  78  86  88  85  90  82  81  83  87  89  84  94  93  92  96  95  91 100  98  99  97   3   9   1   4   6   8   7  10   5   2  11  12  14  20  19  17  13  15  16  18  30  23  26  28  27  21  29  25  22  24  31  35  36  40  34  37  38  32  39  33  44  50  43  48  45  41  49  42  46  47  51  53  54  57  59  56  58  52  60  55
  23  28  21  22  26  24  25  27  30  29  32  33  34  37  39  40  36  35  31  38  46  48  45  50  42  41  43  47  49  44  54  53  52  56  55  51  60  58  59  57  63  69  61  64  66  68  67  70  65  62  71  72  74  80  79  77  73  75  76  78  90  83  86  88  87  81  89  85  82  84  91  95  96 100  94  97  98  92  99  93   4  10   3   8   5   1   9   2   6   7  11  13  14  17  19  16  18  12  20  15
   3   8   1   2   6   4   5   7  10   9  12  13  14  17  19  20  16  15  11  18  26  28  25  30  22  21  23  27  29  24  34  33  32  36  35  31  40  38  39  37  43  49  41  44  46  48  47  50  45  42  51  52  54  60  59  57  53  55  56  58  70  63  66  68  67  61  69  65  62  64  71  75  76  80  74  77  78  72  79  73  84  90  83  88  85  81  89  82  86  87  91  93  94  97  99  96  98  92 100  95
  43  48  41  42  46  44  45  47  50  49  52  53  54  57  59  60  56  55  51  58  66  68  65  70  62  61  63  67  69  64  74  73  72  76  75  71  80  78  79  77  83  89  81  84  86  88  87  90  85  82  91  92  94 100  99  97  93  95  96  98  10   3   6   8   7   1   9   5   2   4  11  15  16  20  14  17  18  12  19  13  24  30  23  28  25  21  29  22  26  27  31  33  34  37  39  36  38  32  40  35
  13  18  11  12  16  14  15  17  20  19  22  23  24  27  29  30  26  25  21  28  36  38  35  40  32  31  33  37  39  34  44  43  42  46  45  41  50  48  49  47  53  59  51  54  56  58  57  60  55  52  61  62  64  70  69  67  63  65  66  68  80  73  76  78  77  71  79  75  72  74  81  85  86  90  84  87  88  82  89  83  94 100  93  98  95  91  99  92  96  97   1   3   4   7   9   6   8   2  10   5
  54  59  52  53  57  55  56  58  51  60  63  64  65  68  70  61  67  66  62  69  77  79  76  71  73  72  74  78  80  75  85  84  83  87  86  82  81  89  90  88  94 100  92  95  97  99  98  91  96  93   2   3   5   1  10   8   4   6   7   9  11  14  17  19  18  12  20  16  13  15  22  26  27  21  25  28  29  23  30  24  35  31  34  39  36  32  40  33  37  38  42  44  45  48  50  47  49  43  41  46
  84  89  82  83  87  85  86  88  81  90  93  94  95  98 100  91  97  96  92  99   7   9   6   1   3   2   4   8  10   5  15  14  13  17  16  12  11  19  20  18  24  30  22  25  27  29  28  21  26  23  32  33  35  31  40  38  34  36  37  39  41  44  47  49  48  42  50  46  43  45  52  56  57  51  55  58  59  53  60  54  65  61  64  69  66  62  70  63  67  68  72  74  75  78  80  77  79  73  71  76
  74  79  72  73  77  75  76  78  71  80  83  84  85  88  90  81  87  86  82  89  97  99  96  91  93  92  94  98 100  95   5   4   3   7   6   2   1   9  10   8  14  20  12  15  17  19  18  11  16  13  22  23  25  21  30  28  24  26  27  29  31  34  37  39  38  32  40  36  33  35  42  46  47  41  45  48  49  43  50  44  55  51  54  59  56  52  60  53  57  58  62  64  65  68  70  67  69  63  61  66
  24  29  22  23  27  25  26  28  21  30  33  34  35  38  40  31  37  36  32  39  47  49  46  41  43  42  44  48  50  45  55  54  53  57  56  52  51  59  60  58  64  70  62  65  67  69  68  61  66  63  72  73  75  71  80  78  74  76  77  79  81  84  87  89  88  82  90  86  83  85  92  96  97  91  95  98  99  93 100  94   5   1   4   9   6   2  10   3   7   8  12  14  15  18  20  17  19  13  11  16
  34  39  32  33  37  35  36  38  31  40  43  44  45  48  50  41  47  46  42  49  57  59  56  51  53  52  54  58  60  55  65  64  63  67  66  62  61  69  70  68  74  80  72  75  77  79  78  71  76  73  82  83  85  81  90  88  84  86  87  89  91  94  97  99  98  92 100  96  93  95   2   6   7   1   5   8   9   3  10   4  15  11  14  19  16  12  20  13  17  18  22  24  25  28  30  27  29  23  21  26
  64  69  62  63  67  65  66  68  61  70  73  74  75  78  80  71  77  76  72  79  87  89  86  81  83  82  84  88  90  85  95  94  93  97  96  92  91  99 100  98   4  10   2   5   7   9   8   1   6   3  12  13  15  11  20  18  14  16  17  19  21  24  27  29  28  22  30  26  23  25  32  36  37  31  35  38  39  33  40  34  45  41  44  49  46  42  50  43  47  48  52  54  55  58  60  57  59  53  51  56
  14  19  12  13  17  15  16  18  11  20  23  24  25  28  30  21  27  26  22  29  37  39  36  31  33  32  34  38  40  35  45  44  43  47  46  42  41  49  50  48  54  60  52  55  57  59  58  51  56  53  62  63  65  61  70  68  64  66  67  69  71  74  77  79  78  72  80  76  73  75  82  86  87  81  85  88  89  83  90  84  95  91  94  99  96  92 100  93  97  98   2   4   5   8  10   7   9   3   1   6
  44  49  42  43  47  45  46  48  41  50  53  54  55  58  60  51  57  56  52  59  67  69  66  61  63  62  64  68  70  65  75  74  73  77  76  72  71  79  80  78  84  90  82  85  87  89  88  81  86  83  92  93  95  91 100  98  94  96  97  99   1   4   7   9   8   2  10   6   3   5  12  16  17  11  15  18  19  13  20  14  25  21  24  29  26  22  30  23  27  28  32  34  35  38  40  37  39  33  31  36
   4   9   2   3   7   5   6   8   1  10  13  14  15  18  20  11  17  16  12  19  27  29  26  21  23  22  24  28  30  25  35  34  33  37  36  32  31  39  40  38  44  50  42  45  47  49  48  41  46  43  52  53  55  51  60  58  54  56  57  59  61  64  67  69  68  62  70  66  63  65  72  76  77  71  75  78  79  73  80  74  85  81  84  89  86  82  90  83  87  88  92  94  95  98 100  97  99  93  91  96
  94  99  92  93  97  95  96  98  91 100   3   4   5   8  10   1   7   6   2   9  17  19  16  11  13  12  14  18  20  15  25  24  23  27  26  22  21  29  30  28  34  40  32  35  37  39  38  31  36  33  42  43  45  41  50  48  44  46  47  49  51  54  57  59  58  52  60  56  53  55  62  66  67  61  65  68  69  63  70  64  75  71  74  79  76  72  80  73  77  78  82  84  85  88  90  87  89  83  81  86
