  7  2  6  8  1  3  5  4 10 15 13  9 14 12 16 11 21 23 18 17 19 20 22 24 25 28 27 26 32 29 31 30 34 40 38 36 35 37 33 39 44 45 48 46 43 47 41 42 53 52 49 55 54 51 56 50
 31 26 30 32 25 27 29 28 34 39 37 33 38 36 40 35 45 47 42 41 43 44 46 48 49 52 51 50 56 53 55 54  2  8  6  4  3  5  1  7 12 13 16 14 11 15  9 10 21 20 17 23 22 19 24 18
 47 42 46 48 41 43 45 44 50 55 53 49 54 52 56 51  5  7  2  1  3  4  6  8  9 12 11 10 16 13 15 14 18 24 22 20 19 21 17 23 28 29 32 30 27 31 25 26 37 36 33 39 38 35 40 34
 23 18 22 24 17 19 21 20 26 31 29 25 30 28 32 27 37 39 34 33 35 36 38 40 41 44 43 42 48 45 47 46 50 56 54 52 51 53 49 55  4  5  8  6  3  7  1  2 13 12  9 15 14 11 16 10
 15 10 14 16  9 11 13 12 18 23 21 17 22 20 24 19 29 31 26 25 27 28 30 32 33 36 35 34 40 37 39 38 42 48 46 44 43 45 41 47 52 53 56 54 51 55 49 50  5  4  1  7  6  3  8  2
 55 50 54 56 49 51 53 52  2  7  5  1  6  4  8  3 13 15 10  9 11 12 14 16 17 20 19 18 24 21 23 22 26 32 30 28 27 29 25 31 36 37 40 38 35 39 33 34 45 44 41 47 46 43 48 42
 39 34 38 40 33 35 37 36 42 47 45 41 46 44 48 43 53 55 50 49 51 52 54 56  1  4  3  2  8  5  7  6 10 16 14 12 11 13  9 15 20 21 24 22 19 23 17 18 29 28 25 31 30 27 32 26
 56 51 55 49 50 52 54 53  3  8  6  2  7  5  1  4 14 16 11 10 12 13 15  9 18 21 20 19 17 22 24 23 27 25 31 29 28 30 26 32 37 38 33 39 36 40 34 35 46 45 42 48 47 44 41 43
 48 43 47 41 42 44 46 45 51 56 54 50 55 53 49 52  6  8  3  2  4  5  7  1 10 13 12 11  9 14 16 15 19 17 23 21 20 22 18 24 29 30 25 31 28 32 26 27 38 37 34 40 39 36 33 35
 24 19 23 17 18 20 22 21 27 32 30 26 31 29 25 28 38 40 35 34 36 37 39 33 42 45 44 43 41 46 48 47 51 49 55 53 52 54 50 56  5  6  1  7  4  8  2  3 14 13 10 16 15 12  9 11
 40 35 39 33 34 36 38 37 43 48 46 42 47 45 41 44 54 56 51 50 52 53 55 49  2  5  4  3  1  6  8  7 11  9 15 13 12 14 10 16 21 22 17 23 20 24 18 19 30 29 26 32 31 28 25 27
  8  3  7  1  2  4  6  5 11 16 14 10 15 13  9 12 22 24 19 18 20 21 23 17 26 29 28 27 25 30 32 31 35 33 39 37 36 38 34 40 45 46 41 47 44 48 42 43 54 53 50 56 55 52 49 51
 16 11 15  9 10 12 14 13 19 24 22 18 23 21 17 20 30 32 27 26 28 29 31 25 34 37 36 35 33 38 40 39 43 41 47 45 44 46 42 48 53 54 49 55 52 56 50 51  6  5  2  8  7  4  1  3
 32 27 31 25 26 28 30 29 35 40 38 34 39 37 33 36 46 48 43 42 44 45 47 41 50 53 52 51 49 54 56 55  3  1  7  5  4  6  2  8 13 14  9 15 12 16 10 11 22 21 18 24 23 20 17 19
 33 36 40 34 35 37 39 38 44 41 47 43 48 46 42 45 55 49 52 51 53 54 56 50  3  6  5  4  2  7  1  8 12 10 16 14 13 15 11  9 22 23 18 24 21 17 19 20 31 30 27 25 32 29 26 28
 17 20 24 18 19 21 23 22 28 25 31 27 32 30 26 29 39 33 36 35 37 38 40 34 43 46 45 44 42 47 41 48 52 50 56 54 53 55 51 49  6  7  2  8  5  1  3  4 15 14 11  9 16 13 10 12
 25 28 32 26 27 29 31 30 36 33 39 35 40 38 34 37 47 41 44 43 45 46 48 42 51 54 53 52 50 55 49 56  4  2  8  6  5  7  3  1 14 15 10 16 13  9 11 12 23 22 19 17 24 21 18 20
 41 44 48 42 43 45 47 46 52 49 55 51 56 54 50 53  7  1  4  3  5  6  8  2 11 14 13 12 10 15  9 16 20 18 24 22 21 23 19 17 30 31 26 32 29 25 27 28 39 38 35 33 40 37 34 36
 49 52 56 50 51 53 55 54  4  1  7  3  8  6  2  5 15  9 12 11 13 14 16 10 19 22 21 20 18 23 17 24 28 26 32 30 29 31 27 25 38 39 34 40 37 33 35 36 47 46 43 41 48 45 42 44
  9 12 16 10 11 13 15 14 20 17 23 19 24 22 18 21 31 25 28 27 29 30 32 26 35 38 37 36 34 39 33 40 44 42 48 46 45 47 43 41 54 55 50 56 53 49 51 52  7  6  3  1  8  5  2  4
  1  4  8  2  3  5  7  6 12  9 15 11 16 14 10 13 23 17 20 19 21 22 24 18 27 30 29 28 26 31 25 32 36 34 40 38 37 39 35 33 46 47 42 48 45 41 43 44 55 54 51 49 56 53 50 52
 26 29 25 27 28 30 32 31 37 34 40 36 33 39 35 38 48 42 45 44 46 47 41 43 52 55 54 53 51 56 50 49  5  3  1  7  6  8  4  2 15 16 11  9 14 10 12 13 24 23 20 18 17 22 19 21
 10 13  9 11 12 14 16 15 21 18 24 20 17 23 19 22 32 26 29 28 30 31 25 27 36 39 38 37 35 40 34 33 45 43 41 47 46 48 44 42 55 56 51 49 54 50 52 53  8  7  4  2  1  6  3  5
  2  5  1  3  4  6  8  7 13 10 16 12  9 15 11 14 24 18 21 20 22 23 17 19 28 31 30 29 27 32 26 25 37 35 33 39 38 40 36 34 47 48 43 41 46 42 44 45 56 55 52 50 49 54 51 53
 34 37 33 35 36 38 40 39 45 42 48 44 41 47 43 46 56 50 53 52 54 55 49 51  4  7  6  5  3  8  2  1 13 11  9 15 14 16 12 10 23 24 19 17 22 18 20 21 32 31 28 26 25 30 27 29
 50 53 49 51 52 54 56 55  5  2  8  4  1  7  3  6 16 10 13 12 14 15  9 11 20 23 22 21 19 24 18 17 29 27 25 31 30 32 28 26 39 40 35 33 38 34 36 37 48 47 44 42 41 46 43 45
 18 21 17 19 20 22 24 23 29 26 32 28 25 31 27 30 40 34 37 36 38 39 33 35 44 47 46 45 43 48 42 41 53 51 49 55 54 56 52 50  7  8  3  1  6  2  4  5 16 15 12 10  9 14 11 13
 42 45 41 43 44 46 48 47 53 50 56 52 49 55 51 54  8  2  5  4  6  7  1  3 12 15 14 13 11 16 10  9 21 19 17 23 22 24 20 18 31 32 27 25 30 26 28 29 40 39 36 34 33 38 35 37
 35 38 34 36 37 39 33 40 46 43 41 45 42 48 44 47 49 51 54 53 55 56 50 52  5  8  7  6  4  1  3  2 14 12 10 16 15  9 13 11 24 17 20 18 23 19 21 22 25 32 29 27 26 31 28 30
 43 46 42 44 45 47 41 48 54 51 49 53 50 56 52 55  1  3  6  5  7  8  2  4 13 16 15 14 12  9 11 10 22 20 18 24 23 17 21 19 32 25 28 26 31 27 29 30 33 40 37 35 34 39 36 38
 27 30 26 28 29 31 25 32 38 35 33 37 34 40 36 39 41 43 46 45 47 48 42 44 53 56 55 54 52 49 51 50  6  4  2  8  7  1  5  3 16  9 12 10 15 11 13 14 17 24 21 19 18 23 20 22
 51 54 50 52 53 55 49 56  6  3  1  5  2  8  4  7  9 11 14 13 15 16 10 12 21 24 23 22 20 17 19 18 30 28 26 32 31 25 29 27 40 33 36 34 39 35 37 38 41 48 45 43 42 47 44 46
 11 14 10 12 13 15  9 16 22 19 17 21 18 24 20 23 25 27 30 29 31 32 26 28 37 40 39 38 36 33 35 34 46 44 42 48 47 41 45 43 56 49 52 50 55 51 53 54  1  8  5  3  2  7  4  6
  3  6  2  4  5  7  1  8 14 11  9 13 10 16 12 15 17 19 22 21 23 24 18 20 29 32 31 30 28 25 27 26 38 36 34 40 39 33 37 35 48 41 44 42 47 43 45 46 49 56 53 51 50 55 52 54
 19 22 18 20 21 23 17 24 30 27 25 29 26 32 28 31 33 35 38 37 39 40 34 36 45 48 47 46 44 41 43 42 54 52 50 56 55 49 53 51  8  1  4  2  7  3  5  6  9 16 13 11 10 15 12 14
 36 39 35 37 38 40 34 33 47 44 42 46 43 41 45 48 50 52 55 54 56 49 51 53  6  1  8  7  5  2  4  3 15 13 11  9 16 10 14 12 17 18 21 19 24 20 22 23 26 25 30 28 27 32 29 31
 28 31 27 29 30 32 26 25 39 36 34 38 35 33 37 40 42 44 47 46 48 41 43 45 54 49 56 55 53 50 52 51  7  5  3  1  8  2  6  4  9 10 13 11 16 12 14 15 18 17 22 20 19 24 21 23
 52 55 51 53 54 56 50 49  7  4  2  6  3  1  5  8 10 12 15 14 16  9 11 13 22 17 24 23 21 18 20 19 31 29 27 25 32 26 30 28 33 34 37 35 40 36 38 39 42 41 46 44 43 48 45 47
 12 15 11 13 14 16 10  9 23 20 18 22 19 17 21 24 26 28 31 30 32 25 27 29 38 33 40 39 37 34 36 35 47 45 43 41 48 42 46 44 49 50 53 51 56 52 54 55  2  1  6  4  3  8  5  7
  4  7  3  5  6  8  2  1 15 12 10 14 11  9 13 16 18 20 23 22 24 17 19 21 30 25 32 31 29 26 28 27 39 37 35 33 40 34 38 36 41 42 45 43 48 44 46 47 50 49 54 52 51 56 53 55
 20 23 19 21 22 24 18 17 31 28 26 30 27 25 29 32 34 36 39 38 40 33 35 37 46 41 48 47 45 42 44 43 55 53 51 49 56 50 54 52  1  2  5  3  8  4  6  7 10  9 14 12 11 16 13 15
 44 47 43 45 46 48 42 41 55 52 50 54 51 49 53 56  2  4  7  6  8  1  3  5 14  9 16 15 13 10 12 11 23 21 19 17 24 18 22 20 25 26 29 27 32 28 30 31 34 33 38 36 35 40 37 39
  5  8  4  6  7  1  3  2 16 13 11 15 12 10 14  9 19 21 24 23 17 18 20 22 31 26 25 32 30 27 29 28 40 38 36 34 33 35 39 37 42 43 46 44 41 45 47 48 51 50 55 53 52 49 54 56
 45 48 44 46 47 41 43 42 56 53 51 55 52 50 54 49  3  5  8  7  1  2  4  6 15 10  9 16 14 11 13 12 24 22 20 18 17 19 23 21 26 27 30 28 25 29 31 32 35 34 39 37 36 33 38 40
 13 16 12 14 15  9 11 10 24 21 19 23 20 18 22 17 27 29 32 31 25 26 28 30 39 34 33 40 38 35 37 36 48 46 44 42 41 43 47 45 50 51 54 52 49 53 55 56  3  2  7  5  4  1  6  8
 37 40 36 38 39 33 35 34 48 45 43 47 44 42 46 41 51 53 56 55 49 50 52 54  7  2  1  8  6  3  5  4 16 14 12 10  9 11 15 13 18 19 22 20 17 21 23 24 27 26 31 29 28 25 30 32
 21 24 20 22 23 17 19 18 32 29 27 31 28 26 30 25 35 37 40 39 33 34 36 38 47 42 41 48 46 43 45 44 56 54 52 50 49 51 55 53  2  3  6  4  1  5  7  8 11 10 15 13 12  9 14 16
 53 56 52 54 55 49 51 50  8  5  3  7  4  2  6  1 11 13 16 15  9 10 12 14 23 18 17 24 22 19 21 20 32 30 28 26 25 27 31 29 34 35 38 36 33 37 39 40 43 42 47 45 44 41 46 48
 29 32 28 30 31 25 27 26 40 37 35 39 36 34 38 33 43 45 48 47 41 42 44 46 55 50 49 56 54 51 53 52  8  6  4  2  1  3  7  5 10 11 14 12  9 13 15 16 19 18 23 21 20 17 22 24
 14  9 13 15 16 10 12 11 17 22 20 24 21 19 23 18 28 30 25 32 26 27 29 31 40 35 34 33 39 36 38 37 41 47 45 43 42 44 48 46 51 52 55 53 50 54 56 49  4  3  8  6  5  2  7  1
 54 49 53 55 56 50 52 51  1  6  4  8  5  3  7  2 12 14  9 16 10 11 13 15 24 19 18 17 23 20 22 21 25 31 29 27 26 28 32 30 35 36 39 37 34 38 40 33 44 43 48 46 45 42 47 41
  6  1  5  7  8  2  4  3  9 14 12 16 13 11 15 10 20 22 17 24 18 19 21 23 32 27 26 25 31 28 30 29 33 39 37 35 34 36 40 38 43 44 47 45 42 46 48 41 52 51 56 54 53 50 55 49
 38 33 37 39 40 34 36 35 41 46 44 48 45 43 47 42 52 54 49 56 50 51 53 55  8  3  2  1  7  4  6  5  9 15 13 11 10 12 16 14 19 20 23 21 18 22 24 17 28 27 32 30 29 26 31 25
 22 17 21 23 24 18 20 19 25 30 28 32 29 27 31 26 36 38 33 40 34 35 37 39 48 43 42 41 47 44 46 45 49 55 53 51 50 52 56 54  3  4  7  5  2  6  8  1 12 11 16 14 13 10 15  9
 30 25 29 31 32 26 28 27 33 38 36 40 37 35 39 34 44 46 41 48 42 43 45 47 56 51 50 49 55 52 54 53  1  7  5  3  2  4  8  6 11 12 15 13 10 14 16  9 20 19 24 22 21 18 23 17
 46 41 45 47 48 42 44 43 49 54 52 56 53 51 55 50  4  6  1  8  2  3  5  7 16 11 10  9 15 12 14 13 17 23 21 19 18 20 24 22 27 28 31 29 26 30 32 25 36 35 40 38 37 34 39 33
