 23 17 19 18 22 20 21 24 31 26 27 29 30 25 32 28 40 33 37 36 35 34 39 38 45 41 42 43 47 46 48 44 56 55 54 49 50 51 52 53  7  1  2  5  3  8  6  4 11 15 13 10 16 12 14  9
 15  9 11 10 14 12 13 16 23 18 19 21 22 17 24 20 32 25 29 28 27 26 31 30 37 33 34 35 39 38 40 36 48 47 46 41 42 43 44 45 55 49 50 53 51 56 54 52  3  7  5  2  8  4  6  1
  7  1  3  2  6  4  5  8 15 10 11 13 14  9 16 12 24 17 21 20 19 18 23 22 29 25 26 27 31 30 32 28 40 39 38 33 34 35 36 37 47 41 42 45 43 48 46 44 51 55 53 50 56 52 54 49
 47 41 43 42 46 44 45 48 55 50 51 53 54 49 56 52  8  1  5  4  3  2  7  6 13  9 10 11 15 14 16 12 24 23 22 17 18 19 20 21 31 25 26 29 27 32 30 28 35 39 37 34 40 36 38 33
 55 49 51 50 54 52 53 56  7  2  3  5  6  1  8  4 16  9 13 12 11 10 15 14 21 17 18 19 23 22 24 20 32 31 30 25 26 27 28 29 39 33 34 37 35 40 38 36 43 47 45 42 48 44 46 41
 39 33 35 34 38 36 37 40 47 42 43 45 46 41 48 44 56 49 53 52 51 50 55 54  5  1  2  3  7  6  8  4 16 15 14  9 10 11 12 13 23 17 18 21 19 24 22 20 27 31 29 26 32 28 30 25
 31 25 27 26 30 28 29 32 39 34 35 37 38 33 40 36 48 41 45 44 43 42 47 46 53 49 50 51 55 54 56 52  8  7  6  1  2  3  4  5 15  9 10 13 11 16 14 12 19 23 21 18 24 20 22 17
 56 50 52 51 55 53 54 49  8  3  4  6  7  2  1  5  9 10 14 13 12 11 16 15 22 18 19 20 24 23 17 21 25 32 31 26 27 28 29 30 40 34 35 38 36 33 39 37 44 48 46 43 41 45 47 42
 40 34 36 35 39 37 38 33 48 43 44 46 47 42 41 45 49 50 54 53 52 51 56 55  6  2  3  4  8  7  1  5  9 16 15 10 11 12 13 14 24 18 19 22 20 17 23 21 28 32 30 27 25 29 31 26
 48 42 44 43 47 45 46 41 56 51 52 54 55 50 49 53  1  2  6  5  4  3  8  7 14 10 11 12 16 15  9 13 17 24 23 18 19 20 21 22 32 26 27 30 28 25 31 29 36 40 38 35 33 37 39 34
 24 18 20 19 23 21 22 17 32 27 28 30 31 26 25 29 33 34 38 37 36 35 40 39 46 42 43 44 48 47 41 45 49 56 55 50 51 52 53 54  8  2  3  6  4  1  7  5 12 16 14 11  9 13 15 10
 16 10 12 11 15 13 14  9 24 19 20 22 23 18 17 21 25 26 30 29 28 27 32 31 38 34 35 36 40 39 33 37 41 48 47 42 43 44 45 46 56 50 51 54 52 49 55 53  4  8  6  3  1  5  7  2
 32 26 28 27 31 29 30 25 40 35 36 38 39 34 33 37 41 42 46 45 44 43 48 47 54 50 51 52 56 55 49 53  1  8  7  2  3  4  5  6 16 10 11 14 12  9 15 13 20 24 22 19 17 21 23 18
  8  2  4  3  7  5  6  1 16 11 12 14 15 10  9 13 17 18 22 21 20 19 24 23 30 26 27 28 32 31 25 29 33 40 39 34 35 36 37 38 48 42 43 46 44 41 47 45 52 56 54 51 49 53 55 50
 17 19 21 20 24 22 23 18 25 28 29 31 32 27 26 30 34 35 39 38 37 36 33 40 47 43 44 45 41 48 42 46 50 49 56 51 52 53 54 55  1  3  4  7  5  2  8  6 13  9 15 12 10 14 16 11
  9 11 13 12 16 14 15 10 17 20 21 23 24 19 18 22 26 27 31 30 29 28 25 32 39 35 36 37 33 40 34 38 42 41 48 43 44 45 46 47 49 51 52 55 53 50 56 54  5  1  7  4  2  6  8  3
 41 43 45 44 48 46 47 42 49 52 53 55 56 51 50 54  2  3  7  6  5  4  1  8 15 11 12 13  9 16 10 14 18 17 24 19 20 21 22 23 25 27 28 31 29 26 32 30 37 33 39 36 34 38 40 35
 33 35 37 36 40 38 39 34 41 44 45 47 48 43 42 46 50 51 55 54 53 52 49 56  7  3  4  5  1  8  2  6 10  9 16 11 12 13 14 15 17 19 20 23 21 18 24 22 29 25 31 28 26 30 32 27
 49 51 53 52 56 54 55 50  1  4  5  7  8  3  2  6 10 11 15 14 13 12  9 16 23 19 20 21 17 24 18 22 26 25 32 27 28 29 30 31 33 35 36 39 37 34 40 38 45 41 47 44 42 46 48 43
  1  3  5  4  8  6  7  2  9 12 13 15 16 11 10 14 18 19 23 22 21 20 17 24 31 27 28 29 25 32 26 30 34 33 40 35 36 37 38 39 41 43 44 47 45 42 48 46 53 49 55 52 50 54 56 51
 25 27 29 28 32 30 31 26 33 36 37 39 40 35 34 38 42 43 47 46 45 44 41 48 55 51 52 53 49 56 50 54  2  1  8  3  4  5  6  7  9 11 12 15 13 10 16 14 21 17 23 20 18 22 24 19
 42 44 46 45 41 47 48 43 50 53 54 56 49 52 51 55  3  4  8  7  6  5  2  1 16 12 13 14 10  9 11 15 19 18 17 20 21 22 23 24 26 28 29 32 30 27 25 31 38 34 40 37 35 39 33 36
 10 12 14 13  9 15 16 11 18 21 22 24 17 20 19 23 27 28 32 31 30 29 26 25 40 36 37 38 34 33 35 39 43 42 41 44 45 46 47 48 50 52 53 56 54 51 49 55  6  2  8  5  3  7  1  4
 18 20 22 21 17 23 24 19 26 29 30 32 25 28 27 31 35 36 40 39 38 37 34 33 48 44 45 46 42 41 43 47 51 50 49 52 53 54 55 56  2  4  5  8  6  3  1  7 14 10 16 13 11 15  9 12
  2  4  6  5  1  7  8  3 10 13 14 16  9 12 11 15 19 20 24 23 22 21 18 17 32 28 29 30 26 25 27 31 35 34 33 36 37 38 39 40 42 44 45 48 46 43 41 47 54 50 56 53 51 55 49 52
 26 28 30 29 25 31 32 27 34 37 38 40 33 36 35 39 43 44 48 47 46 45 42 41 56 52 53 54 50 49 51 55  3  2  1  4  5  6  7  8 10 12 13 16 14 11  9 15 22 18 24 21 19 23 17 20
 50 52 54 53 49 55 56 51  2  5  6  8  1  4  3  7 11 12 16 15 14 13 10  9 24 20 21 22 18 17 19 23 27 26 25 28 29 30 31 32 34 36 37 40 38 35 33 39 46 42 48 45 43 47 41 44
 34 36 38 37 33 39 40 35 42 45 46 48 41 44 43 47 51 52 56 55 54 53 50 49  8  4  5  6  2  1  3  7 11 10  9 12 13 14 15 16 18 20 21 24 22 19 17 23 30 26 32 29 27 31 25 28
 19 21 23 22 18 24 17 20 27 30 31 25 26 29 28 32 36 37 33 40 39 38 35 34 41 45 46 47 43 42 44 48 52 51 50 53 54 55 56 49  3  5  6  1  7  4  2  8 15 11  9 14 12 16 10 13
 27 29 31 30 26 32 25 28 35 38 39 33 34 37 36 40 44 45 41 48 47 46 43 42 49 53 54 55 51 50 52 56  4  3  2  5  6  7  8  1 11 13 14  9 15 12 10 16 23 19 17 22 20 24 18 21
 43 45 47 46 42 48 41 44 51 54 55 49 50 53 52 56  4  5  1  8  7  6  3  2  9 13 14 15 11 10 12 16 20 19 18 21 22 23 24 17 27 29 30 25 31 28 26 32 39 35 33 38 36 40 34 37
 11 13 15 14 10 16  9 12 19 22 23 17 18 21 20 24 28 29 25 32 31 30 27 26 33 37 38 39 35 34 36 40 44 43 42 45 46 47 48 41 51 53 54 49 55 52 50 56  7  3  1  6  4  8  2  5
 51 53 55 54 50 56 49 52  3  6  7  1  2  5  4  8 12 13  9 16 15 14 11 10 17 21 22 23 19 18 20 24 28 27 26 29 30 31 32 25 35 37 38 33 39 36 34 40 47 43 41 46 44 48 42 45
  3  5  7  6  2  8  1  4 11 14 15  9 10 13 12 16 20 21 17 24 23 22 19 18 25 29 30 31 27 26 28 32 36 35 34 37 38 39 40 33 43 45 46 41 47 44 42 48 55 51 49 54 52 56 50 53
 35 37 39 38 34 40 33 36 43 46 47 41 42 45 44 48 52 53 49 56 55 54 51 50  1  5  6  7  3  2  4  8 12 11 10 13 14 15 16  9 19 21 22 17 23 20 18 24 31 27 25 30 28 32 26 29
 20 22 24 23 19 17 18 21 28 31 32 26 27 30 29 25 37 38 34 33 40 39 36 35 42 46 47 48 44 43 45 41 53 52 51 54 55 56 49 50  4  6  7  2  8  5  3  1 16 12 10 15 13  9 11 14
 28 30 32 31 27 25 26 29 36 39 40 34 35 38 37 33 45 46 42 41 48 47 44 43 50 54 55 56 52 51 53 49  5  4  3  6  7  8  1  2 12 14 15 10 16 13 11  9 24 20 18 23 21 17 19 22
 36 38 40 39 35 33 34 37 44 47 48 42 43 46 45 41 53 54 50 49 56 55 52 51  2  6  7  8  4  3  5  1 13 12 11 14 15 16  9 10 20 22 23 18 24 21 19 17 32 28 26 31 29 25 27 30
 52 54 56 55 51 49 50 53  4  7  8  2  3  6  5  1 13 14 10  9 16 15 12 11 18 22 23 24 20 19 21 17 29 28 27 30 31 32 25 26 36 38 39 34 40 37 35 33 48 44 42 47 45 41 43 46
  4  6  8  7  3  1  2  5 12 15 16 10 11 14 13  9 21 22 18 17 24 23 20 19 26 30 31 32 28 27 29 25 37 36 35 38 39 40 33 34 44 46 47 42 48 45 43 41 56 52 50 55 53 49 51 54
 12 14 16 15 11  9 10 13 20 23 24 18 19 22 21 17 29 30 26 25 32 31 28 27 34 38 39 40 36 35 37 33 45 44 43 46 47 48 41 42 52 54 55 50 56 53 51 49  8  4  2  7  5  1  3  6
 44 46 48 47 43 41 42 45 52 55 56 50 51 54 53 49  5  6  2  1  8  7  4  3 10 14 15 16 12 11 13  9 21 20 19 22 23 24 17 18 28 30 31 26 32 29 27 25 40 36 34 39 37 33 35 38
 21 23 17 24 20 18 19 22 29 32 25 27 28 31 30 26 38 39 35 34 33 40 37 36 43 47 48 41 45 44 46 42 54 53 52 55 56 49 50 51  5  7  8  3  1  6  4  2  9 13 11 16 14 10 12 15
 13 15  9 16 12 10 11 14 21 24 17 19 20 23 22 18 30 31 27 26 25 32 29 28 35 39 40 33 37 36 38 34 46 45 44 47 48 41 42 43 53 55 56 51 49 54 52 50  1  5  3  8  6  2  4  7
 37 39 33 40 36 34 35 38 45 48 41 43 44 47 46 42 54 55 51 50 49 56 53 52  3  7  8  1  5  4  6  2 14 13 12 15 16  9 10 11 21 23 24 19 17 22 20 18 25 29 27 32 30 26 28 31
  5  7  1  8  4  2  3  6 13 16  9 11 12 15 14 10 22 23 19 18 17 24 21 20 27 31 32 25 29 28 30 26 38 37 36 39 40 33 34 35 45 47 48 43 41 46 44 42 49 53 51 56 54 50 52 55
 45 47 41 48 44 42 43 46 53 56 49 51 52 55 54 50  6  7  3  2  1  8  5  4 11 15 16  9 13 12 14 10 22 21 20 23 24 17 18 19 29 31 32 27 25 30 28 26 33 37 35 40 38 34 36 39
 53 55 49 56 52 50 51 54  5  8  1  3  4  7  6  2 14 15 11 10  9 16 13 12 19 23 24 17 21 20 22 18 30 29 28 31 32 25 26 27 37 39 40 35 33 38 36 34 41 45 43 48 46 42 44 47
 29 31 25 32 28 26 27 30 37 40 33 35 36 39 38 34 46 47 43 42 41 48 45 44 51 55 56 49 53 52 54 50  6  5  4  7  8  1  2  3 13 15 16 11  9 14 12 10 17 21 19 24 22 18 20 23
 54 56 50 49 53 51 52 55  6  1  2  4  5  8  7  3 15 16 12 11 10  9 14 13 20 24 17 18 22 21 23 19 31 30 29 32 25 26 27 28 38 40 33 36 34 39 37 35 42 46 44 41 47 43 45 48
 14 16 10  9 13 11 12 15 22 17 18 20 21 24 23 19 31 32 28 27 26 25 30 29 36 40 33 34 38 37 39 35 47 46 45 48 41 42 43 44 54 56 49 52 50 55 53 51  2  6  4  1  7  3  5  8
 22 24 18 17 21 19 20 23 30 25 26 28 29 32 31 27 39 40 36 35 34 33 38 37 44 48 41 42 46 45 47 43 55 54 53 56 49 50 51 52  6  8  1  4  2  7  5  3 10 14 12  9 15 11 13 16
 46 48 42 41 45 43 44 47 54 49 50 52 53 56 55 51  7  8  4  3  2  1  6  5 12 16  9 10 14 13 15 11 23 22 21 24 17 18 19 20 30 32 25 28 26 31 29 27 34 38 36 33 39 35 37 40
  6  8  2  1  5  3  4  7 14  9 10 12 13 16 15 11 23 24 20 19 18 17 22 21 28 32 25 26 30 29 31 27 39 38 37 40 33 34 35 36 46 48 41 44 42 47 45 43 50 54 52 49 55 51 53 56
 38 40 34 33 37 35 36 39 46 41 42 44 45 48 47 43 55 56 52 51 50 49 54 53  4  8  1  2  6  5  7  3 15 14 13 16  9 10 11 12 22 24 17 20 18 23 21 19 26 30 28 25 31 27 29 32
 30 32 26 25 29 27 28 31 38 33 34 36 37 40 39 35 47 48 44 43 42 41 46 45 52 56 49 50 54 53 55 51  7  6  5  8  1  2  3  4 14 16  9 12 10 15 13 11 18 22 20 17 23 19 21 24
