 12 13 15 10 14 11 16  9 18 20 23 17 24 22 21 19 31 32 28 29 26 25 27 30 38 36 39 34 35 37 40 33 48 47 43 46 45 42 44 41 52 50 55 53 49 51 54 56  6  7  4  2  3  5  8  1
 36 37 39 34 38 35 40 33 42 44 47 41 48 46 45 43 55 56 52 53 50 49 51 54  6  4  7  2  3  5  8  1 16 15 11 14 13 10 12  9 20 18 23 21 17 19 22 24 30 31 28 26 27 29 32 25
 28 29 31 26 30 27 32 25 34 36 39 33 40 38 37 35 47 48 44 45 42 41 43 46 54 52 55 50 51 53 56 49  8  7  3  6  5  2  4  1 12 10 15 13  9 11 14 16 22 23 20 18 19 21 24 17
 20 21 23 18 22 19 24 17 26 28 31 25 32 30 29 27 39 40 36 37 34 33 35 38 46 44 47 42 43 45 48 41 56 55 51 54 53 50 52 49  4  2  7  5  1  3  6  8 14 15 12 10 11 13 16  9
 52 53 55 50 54 51 56 49  2  4  7  1  8  6  5  3 15 16 12 13 10  9 11 14 22 20 23 18 19 21 24 17 32 31 27 30 29 26 28 25 36 34 39 37 33 35 38 40 46 47 44 42 43 45 48 41
  4  5  7  2  6  3  8  1 10 12 15  9 16 14 13 11 23 24 20 21 18 17 19 22 30 28 31 26 27 29 32 25 40 39 35 38 37 34 36 33 44 42 47 45 41 43 46 48 54 55 52 50 51 53 56 49
 44 45 47 42 46 43 48 41 50 52 55 49 56 54 53 51  7  8  4  5  2  1  3  6 14 12 15 10 11 13 16  9 24 23 19 22 21 18 20 17 28 26 31 29 25 27 30 32 38 39 36 34 35 37 40 33
 21 22 24 19 23 20 17 18 27 29 32 26 25 31 30 28 40 33 37 38 35 34 36 39 47 45 48 43 44 46 41 42 49 56 52 55 54 51 53 50  5  3  8  6  2  4  7  1 15 16 13 11 12 14  9 10
 53 54 56 51 55 52 49 50  3  5  8  2  1  7  6  4 16  9 13 14 11 10 12 15 23 21 24 19 20 22 17 18 25 32 28 31 30 27 29 26 37 35 40 38 34 36 39 33 47 48 45 43 44 46 41 42
 45 46 48 43 47 44 41 42 51 53 56 50 49 55 54 52  8  1  5  6  3  2  4  7 15 13 16 11 12 14  9 10 17 24 20 23 22 19 21 18 29 27 32 30 26 28 31 25 39 40 37 35 36 38 33 34
 37 38 40 35 39 36 33 34 43 45 48 42 41 47 46 44 56 49 53 54 51 50 52 55  7  5  8  3  4  6  1  2  9 16 12 15 14 11 13 10 21 19 24 22 18 20 23 17 31 32 29 27 28 30 25 26
 29 30 32 27 31 28 25 26 35 37 40 34 33 39 38 36 48 41 45 46 43 42 44 47 55 53 56 51 52 54 49 50  1  8  4  7  6  3  5  2 13 11 16 14 10 12 15  9 23 24 21 19 20 22 17 18
  5  6  8  3  7  4  1  2 11 13 16 10  9 15 14 12 24 17 21 22 19 18 20 23 31 29 32 27 28 30 25 26 33 40 36 39 38 35 37 34 45 43 48 46 42 44 47 41 55 56 53 51 52 54 49 50
 13 14 16 11 15 12  9 10 19 21 24 18 17 23 22 20 32 25 29 30 27 26 28 31 39 37 40 35 36 38 33 34 41 48 44 47 46 43 45 42 53 51 56 54 50 52 55 49  7  8  5  3  4  6  1  2
 30 31 25 28 32 29 26 27 36 38 33 35 34 40 39 37 41 42 46 47 44 43 45 48 56 54 49 52 53 55 50 51  2  1  5  8  7  4  6  3 14 12  9 15 11 13 16 10 24 17 22 20 21 23 18 19
 22 23 17 20 24 21 18 19 28 30 25 27 26 32 31 29 33 34 38 39 36 35 37 40 48 46 41 44 45 47 42 43 50 49 53 56 55 52 54 51  6  4  1  7  3  5  8  2 16  9 14 12 13 15 10 11
  6  7  1  4  8  5  2  3 12 14  9 11 10 16 15 13 17 18 22 23 20 19 21 24 32 30 25 28 29 31 26 27 34 33 37 40 39 36 38 35 46 44 41 47 43 45 48 42 56 49 54 52 53 55 50 51
 38 39 33 36 40 37 34 35 44 46 41 43 42 48 47 45 49 50 54 55 52 51 53 56  8  6  1  4  5  7  2  3 10  9 13 16 15 12 14 11 22 20 17 23 19 21 24 18 32 25 30 28 29 31 26 27
 46 47 41 44 48 45 42 43 52 54 49 51 50 56 55 53  1  2  6  7  4  3  5  8 16 14  9 12 13 15 10 11 18 17 21 24 23 20 22 19 30 28 25 31 27 29 32 26 40 33 38 36 37 39 34 35
 14 15  9 12 16 13 10 11 20 22 17 19 18 24 23 21 25 26 30 31 28 27 29 32 40 38 33 36 37 39 34 35 42 41 45 48 47 44 46 43 54 52 49 55 51 53 56 50  8  1  6  4  5  7  2  3
 54 55 49 52 56 53 50 51  4  6  1  3  2  8  7  5  9 10 14 15 12 11 13 16 24 22 17 20 21 23 18 19 26 25 29 32 31 28 30 27 38 36 33 39 35 37 40 34 48 41 46 44 45 47 42 43
 47 48 42 45 41 46 43 44 53 55 50 52 51 49 56 54  2  3  7  8  5  4  6  1  9 15 10 13 14 16 11 12 19 18 22 17 24 21 23 20 31 29 26 32 28 30 25 27 33 34 39 37 38 40 35 36
 15 16 10 13  9 14 11 12 21 23 18 20 19 17 24 22 26 27 31 32 29 28 30 25 33 39 34 37 38 40 35 36 43 42 46 41 48 45 47 44 55 53 50 56 52 54 49 51  1  2  7  5  6  8  3  4
 23 24 18 21 17 22 19 20 29 31 26 28 27 25 32 30 34 35 39 40 37 36 38 33 41 47 42 45 46 48 43 44 51 50 54 49 56 53 55 52  7  5  2  8  4  6  1  3  9 10 15 13 14 16 11 12
  7  8  2  5  1  6  3  4 13 15 10 12 11  9 16 14 18 19 23 24 21 20 22 17 25 31 26 29 30 32 27 28 35 34 38 33 40 37 39 36 47 45 42 48 44 46 41 43 49 50 55 53 54 56 51 52
 55 56 50 53 49 54 51 52  5  7  2  4  3  1  8  6 10 11 15 16 13 12 14  9 17 23 18 21 22 24 19 20 27 26 30 25 32 29 31 28 39 37 34 40 36 38 33 35 41 42 47 45 46 48 43 44
 39 40 34 37 33 38 35 36 45 47 42 44 43 41 48 46 50 51 55 56 53 52 54 49  1  7  2  5  6  8  3  4 11 10 14  9 16 13 15 12 23 21 18 24 20 22 17 19 25 26 31 29 30 32 27 28
 31 32 26 29 25 30 27 28 37 39 34 36 35 33 40 38 42 43 47 48 45 44 46 41 49 55 50 53 54 56 51 52  3  2  6  1  8  5  7  4 15 13 10 16 12 14  9 11 17 18 23 21 22 24 19 20
  8  1  3  6  2  7  4  5 14 16 11 13 12 10  9 15 19 20 24 17 22 21 23 18 26 32 27 30 31 25 28 29 36 35 39 34 33 38 40 37 48 46 43 41 45 47 42 44 50 51 56 54 55 49 52 53
 56 49 51 54 50 55 52 53  6  8  3  5  4  2  1  7 11 12 16  9 14 13 15 10 18 24 19 22 23 17 20 21 28 27 31 26 25 30 32 29 40 38 35 33 37 39 34 36 42 43 48 46 47 41 44 45
 40 33 35 38 34 39 36 37 46 48 43 45 44 42 41 47 51 52 56 49 54 53 55 50  2  8  3  6  7  1  4  5 12 11 15 10  9 14 16 13 24 22 19 17 21 23 18 20 26 27 32 30 31 25 28 29
 16  9 11 14 10 15 12 13 22 24 19 21 20 18 17 23 27 28 32 25 30 29 31 26 34 40 35 38 39 33 36 37 44 43 47 42 41 46 48 45 56 54 51 49 53 55 50 52  2  3  8  6  7  1  4  5
 24 17 19 22 18 23 20 21 30 32 27 29 28 26 25 31 35 36 40 33 38 37 39 34 42 48 43 46 47 41 44 45 52 51 55 50 49 54 56 53  8  6  3  1  5  7  2  4 10 11 16 14 15  9 12 13
 48 41 43 46 42 47 44 45 54 56 51 53 52 50 49 55  3  4  8  1  6  5  7  2 10 16 11 14 15  9 12 13 20 19 23 18 17 22 24 21 32 30 27 25 29 31 26 28 34 35 40 38 39 33 36 37
 32 25 27 30 26 31 28 29 38 40 35 37 36 34 33 39 43 44 48 41 46 45 47 42 50 56 51 54 55 49 52 53  4  3  7  2  1  6  8  5 16 14 11  9 13 15 10 12 18 19 24 22 23 17 20 21
  9 10 12 15 11 16 13 14 23 17 20 22 21 19 18 24 28 29 25 26 31 30 32 27 35 33 36 39 40 34 37 38 45 44 48 43 42 47 41 46 49 55 52 50 54 56 51 53  3  4  1  7  8  2  5  6
  1  2  4  7  3  8  5  6 15  9 12 14 13 11 10 16 20 21 17 18 23 22 24 19 27 25 28 31 32 26 29 30 37 36 40 35 34 39 33 38 41 47 44 42 46 48 43 45 51 52 49 55 56 50 53 54
 25 26 28 31 27 32 29 30 39 33 36 38 37 35 34 40 44 45 41 42 47 46 48 43 51 49 52 55 56 50 53 54  5  4  8  3  2  7  1  6  9 15 12 10 14 16 11 13 19 20 17 23 24 18 21 22
 17 18 20 23 19 24 21 22 31 25 28 30 29 27 26 32 36 37 33 34 39 38 40 35 43 41 44 47 48 42 45 46 53 52 56 51 50 55 49 54  1  7  4  2  6  8  3  5 11 12  9 15 16 10 13 14
 41 42 44 47 43 48 45 46 55 49 52 54 53 51 50 56  4  5  1  2  7  6  8  3 11  9 12 15 16 10 13 14 21 20 24 19 18 23 17 22 25 31 28 26 30 32 27 29 35 36 33 39 40 34 37 38
 33 34 36 39 35 40 37 38 47 41 44 46 45 43 42 48 52 53 49 50 55 54 56 51  3  1  4  7  8  2  5  6 13 12 16 11 10 15  9 14 17 23 20 18 22 24 19 21 27 28 25 31 32 26 29 30
 49 50 52 55 51 56 53 54  7  1  4  6  5  3  2  8 12 13  9 10 15 14 16 11 19 17 20 23 24 18 21 22 29 28 32 27 26 31 25 30 33 39 36 34 38 40 35 37 43 44 41 47 48 42 45 46
 34 35 37 40 36 33 38 39 48 42 45 47 46 44 43 41 53 54 50 51 56 55 49 52  4  2  5  8  1  3  6  7 14 13  9 12 11 16 10 15 18 24 21 19 23 17 20 22 28 29 26 32 25 27 30 31
 42 43 45 48 44 41 46 47 56 50 53 55 54 52 51 49  5  6  2  3  8  7  1  4 12 10 13 16  9 11 14 15 22 21 17 20 19 24 18 23 26 32 29 27 31 25 28 30 36 37 34 40 33 35 38 39
 18 19 21 24 20 17 22 23 32 26 29 31 30 28 27 25 37 38 34 35 40 39 33 36 44 42 45 48 41 43 46 47 54 53 49 52 51 56 50 55  2  8  5  3  7  1  4  6 12 13 10 16  9 11 14 15
  2  3  5  8  4  1  6  7 16 10 13 15 14 12 11  9 21 22 18 19 24 23 17 20 28 26 29 32 25 27 30 31 38 37 33 36 35 40 34 39 42 48 45 43 47 41 44 46 52 53 50 56 49 51 54 55
 10 11 13 16 12  9 14 15 24 18 21 23 22 20 19 17 29 30 26 27 32 31 25 28 36 34 37 40 33 35 38 39 46 45 41 44 43 48 42 47 50 56 53 51 55 49 52 54  4  5  2  8  1  3  6  7
 26 27 29 32 28 25 30 31 40 34 37 39 38 36 35 33 45 46 42 43 48 47 41 44 52 50 53 56 49 51 54 55  6  5  1  4  3  8  2  7 10 16 13 11 15  9 12 14 20 21 18 24 17 19 22 23
 50 51 53 56 52 49 54 55  8  2  5  7  6  4  3  1 13 14 10 11 16 15  9 12 20 18 21 24 17 19 22 23 30 29 25 28 27 32 26 31 34 40 37 35 39 33 36 38 44 45 42 48 41 43 46 47
 19 20 22 17 21 18 23 24 25 27 30 32 31 29 28 26 38 39 35 36 33 40 34 37 45 43 46 41 42 44 47 48 55 54 50 53 52 49 51 56  3  1  6  4  8  2  5  7 13 14 11  9 10 12 15 16
 11 12 14  9 13 10 15 16 17 19 22 24 23 21 20 18 30 31 27 28 25 32 26 29 37 35 38 33 34 36 39 40 47 46 42 45 44 41 43 48 51 49 54 52 56 50 53 55  5  6  3  1  2  4  7  8
 43 44 46 41 45 42 47 48 49 51 54 56 55 53 52 50  6  7  3  4  1  8  2  5 13 11 14  9 10 12 15 16 23 22 18 21 20 17 19 24 27 25 30 28 32 26 29 31 37 38 35 33 34 36 39 40
  3  4  6  1  5  2  7  8  9 11 14 16 15 13 12 10 22 23 19 20 17 24 18 21 29 27 30 25 26 28 31 32 39 38 34 37 36 33 35 40 43 41 46 44 48 42 45 47 53 54 51 49 50 52 55 56
 51 52 54 49 53 50 55 56  1  3  6  8  7  5  4  2 14 15 11 12  9 16 10 13 21 19 22 17 18 20 23 24 31 30 26 29 28 25 27 32 35 33 38 36 40 34 37 39 45 46 43 41 42 44 47 48
 35 36 38 33 37 34 39 40 41 43 46 48 47 45 44 42 54 55 51 52 49 56 50 53  5  3  6  1  2  4  7  8 15 14 10 13 12  9 11 16 19 17 22 20 24 18 21 23 29 30 27 25 26 28 31 32
 27 28 30 25 29 26 31 32 33 35 38 40 39 37 36 34 46 47 43 44 41 48 42 45 53 51 54 49 50 52 55 56  7  6  2  5  4  1  3  8 11  9 14 12 16 10 13 15 21 22 19 17 18 20 23 24
