 24 23 18 19 20 17 22 21 29 26 31 27 32 30 28 25 35 36 40 39 38 33 37 34 47 46 44 42 45 41 43 48  3  5  6  7  1  4  2  8 15 13 14 10 12 16 11  9
  8  7  2  3  4  1  6  5 13 10 15 11 16 14 12  9 19 20 24 23 22 17 21 18 31 30 28 26 29 25 27 32 35 37 38 39 33 36 34 40 47 45 46 42 44 48 43 41
 40 39 34 35 36 33 38 37 45 42 47 43 48 46 44 41  3  4  8  7  6  1  5  2 15 14 12 10 13  9 11 16 19 21 22 23 17 20 18 24 31 29 30 26 28 32 27 25
 32 31 26 27 28 25 30 29 37 34 39 35 40 38 36 33 43 44 48 47 46 41 45 42  7  6  4  2  5  1  3  8 11 13 14 15  9 12 10 16 23 21 22 18 20 24 19 17
 48 47 42 43 44 41 46 45  5  2  7  3  8  6  4  1 11 12 16 15 14  9 13 10 23 22 20 18 21 17 19 24 27 29 30 31 25 28 26 32 39 37 38 34 36 40 35 33
 16 15 10 11 12  9 14 13 21 18 23 19 24 22 20 17 27 28 32 31 30 25 29 26 39 38 36 34 37 33 35 40 43 45 46 47 41 44 42 48  7  5  6  2  4  8  3  1
  9 16 11 12 13 10 15 14 22 19 24 20 17 23 21 18 28 29 25 32 31 26 30 27 40 39 37 35 38 34 36 33 44 46 47 48 42 45 43 41  8  6  7  3  5  1  4  2
 41 48 43 44 45 42 47 46  6  3  8  4  1  7  5  2 12 13  9 16 15 10 14 11 24 23 21 19 22 18 20 17 28 30 31 32 26 29 27 25 40 38 39 35 37 33 36 34
 25 32 27 28 29 26 31 30 38 35 40 36 33 39 37 34 44 45 41 48 47 42 46 43  8  7  5  3  6  2  4  1 12 14 15 16 10 13 11  9 24 22 23 19 21 17 20 18
 33 40 35 36 37 34 39 38 46 43 48 44 41 47 45 42  4  5  1  8  7  2  6  3 16 15 13 11 14 10 12  9 20 22 23 24 18 21 19 17 32 30 31 27 29 25 28 26
 17 24 19 20 21 18 23 22 30 27 32 28 25 31 29 26 36 37 33 40 39 34 38 35 48 47 45 43 46 42 44 41  4  6  7  8  2  5  3  1 16 14 15 11 13  9 12 10
  1  8  3  4  5  2  7  6 14 11 16 12  9 15 13 10 20 21 17 24 23 18 22 19 32 31 29 27 30 26 28 25 36 38 39 40 34 37 35 33 48 46 47 43 45 41 44 42
 18 17 20 21 22 19 24 23 31 28 25 29 26 32 30 27 37 38 34 33 40 35 39 36 41 48 46 44 47 43 45 42  5  7  8  1  3  6  4  2  9 15 16 12 14 10 13 11
 10  9 12 13 14 11 16 15 23 20 17 21 18 24 22 19 29 30 26 25 32 27 31 28 33 40 38 36 39 35 37 34 45 47 48 41 43 46 44 42  1  7  8  4  6  2  5  3
 42 41 44 45 46 43 48 47  7  4  1  5  2  8  6  3 13 14 10  9 16 11 15 12 17 24 22 20 23 19 21 18 29 31 32 25 27 30 28 26 33 39 40 36 38 34 37 35
 26 25 28 29 30 27 32 31 39 36 33 37 34 40 38 35 45 46 42 41 48 43 47 44  1  8  6  4  7  3  5  2 13 15 16  9 11 14 12 10 17 23 24 20 22 18 21 19
  2  1  4  5  6  3  8  7 15 12  9 13 10 16 14 11 21 22 18 17 24 19 23 20 25 32 30 28 31 27 29 26 37 39 40 33 35 38 36 34 41 47 48 44 46 42 45 43
 34 33 36 37 38 35 40 39 47 44 41 45 42 48 46 43  5  6  2  1  8  3  7  4  9 16 14 12 15 11 13 10 21 23 24 17 19 22 20 18 25 31 32 28 30 26 29 27
 19 18 21 22 23 20 17 24 32 29 26 30 27 25 31 28 38 39 35 34 33 36 40 37 42 41 47 45 48 44 46 43  6  8  1  2  4  7  5  3 10 16  9 13 15 11 14 12
 43 42 45 46 47 44 41 48  8  5  2  6  3  1  7  4 14 15 11 10  9 12 16 13 18 17 23 21 24 20 22 19 30 32 25 26 28 31 29 27 34 40 33 37 39 35 38 36
 27 26 29 30 31 28 25 32 40 37 34 38 35 33 39 36 46 47 43 42 41 44 48 45  2  1  7  5  8  4  6  3 14 16  9 10 12 15 13 11 18 24 17 21 23 19 22 20
 35 34 37 38 39 36 33 40 48 45 42 46 43 41 47 44  6  7  3  2  1  4  8  5 10  9 15 13 16 12 14 11 22 24 17 18 20 23 21 19 26 32 25 29 31 27 30 28
 11 10 13 14 15 12  9 16 24 21 18 22 19 17 23 20 30 31 27 26 25 28 32 29 34 33 39 37 40 36 38 35 46 48 41 42 44 47 45 43  2  8  1  5  7  3  6  4
  3  2  5  6  7  4  1  8 16 13 10 14 11  9 15 12 22 23 19 18 17 20 24 21 26 25 31 29 32 28 30 27 38 40 33 34 36 39 37 35 42 48 41 45 47 43 46 44
 20 19 22 23 24 21 18 17 25 30 27 31 28 26 32 29 39 40 36 35 34 37 33 38 43 42 48 46 41 45 47 44  7  1  2  3  5  8  6  4 11  9 10 14 16 12 15 13
 28 27 30 31 32 29 26 25 33 38 35 39 36 34 40 37 47 48 44 43 42 45 41 46  3  2  8  6  1  5  7  4 15  9 10 11 13 16 14 12 19 17 18 22 24 20 23 21
 36 35 38 39 40 37 34 33 41 46 43 47 44 42 48 45  7  8  4  3  2  5  1  6 11 10 16 14  9 13 15 12 23 17 18 19 21 24 22 20 27 25 26 30 32 28 31 29
 44 43 46 47 48 45 42 41  1  6  3  7  4  2  8  5 15 16 12 11 10 13  9 14 19 18 24 22 17 21 23 20 31 25 26 27 29 32 30 28 35 33 34 38 40 36 39 37
 12 11 14 15 16 13 10  9 17 22 19 23 20 18 24 21 31 32 28 27 26 29 25 30 35 34 40 38 33 37 39 36 47 41 42 43 45 48 46 44  3  1  2  6  8  4  7  5
  4  3  6  7  8  5  2  1  9 14 11 15 12 10 16 13 23 24 20 19 18 21 17 22 27 26 32 30 25 29 31 28 39 33 34 35 37 40 38 36 43 41 42 46 48 44 47 45
 21 20 23 24 17 22 19 18 26 31 28 32 29 27 25 30 40 33 37 36 35 38 34 39 44 43 41 47 42 46 48 45  8  2  3  4  6  1  7  5 12 10 11 15  9 13 16 14
  5  4  7  8  1  6  3  2 10 15 12 16 13 11  9 14 24 17 21 20 19 22 18 23 28 27 25 31 26 30 32 29 40 34 35 36 38 33 39 37 44 42 43 47 41 45 48 46
 29 28 31 32 25 30 27 26 34 39 36 40 37 35 33 38 48 41 45 44 43 46 42 47  4  3  1  7  2  6  8  5 16 10 11 12 14  9 15 13 20 18 19 23 17 21 24 22
 13 12 15 16  9 14 11 10 18 23 20 24 21 19 17 22 32 25 29 28 27 30 26 31 36 35 33 39 34 38 40 37 48 42 43 44 46 41 47 45  4  2  3  7  1  5  8  6
 37 36 39 40 33 38 35 34 42 47 44 48 45 43 41 46  8  1  5  4  3  6  2  7 12 11  9 15 10 14 16 13 24 18 19 20 22 17 23 21 28 26 27 31 25 29 32 30
 45 44 47 48 41 46 43 42  2  7  4  8  5  3  1  6 16  9 13 12 11 14 10 15 20 19 17 23 18 22 24 21 32 26 27 28 30 25 31 29 36 34 35 39 33 37 40 38
 46 45 48 41 42 47 44 43  3  8  5  1  6  4  2  7  9 10 14 13 12 15 11 16 21 20 18 24 19 23 17 22 25 27 28 29 31 26 32 30 37 35 36 40 34 38 33 39
 38 37 40 33 34 39 36 35 43 48 45 41 46 44 42 47  1  2  6  5  4  7  3  8 13 12 10 16 11 15  9 14 17 19 20 21 23 18 24 22 29 27 28 32 26 30 25 31
 30 29 32 25 26 31 28 27 35 40 37 33 38 36 34 39 41 42 46 45 44 47 43 48  5  4  2  8  3  7  1  6  9 11 12 13 15 10 16 14 21 19 20 24 18 22 17 23
 14 13 16  9 10 15 12 11 19 24 21 17 22 20 18 23 25 26 30 29 28 31 27 32 37 36 34 40 35 39 33 38 41 43 44 45 47 42 48 46  5  3  4  8  2  6  1  7
  6  5  8  1  2  7  4  3 11 16 13  9 14 12 10 15 17 18 22 21 20 23 19 24 29 28 26 32 27 31 25 30 33 35 36 37 39 34 40 38 45 43 44 48 42 46 41 47
 22 21 24 17 18 23 20 19 27 32 29 25 30 28 26 31 33 34 38 37 36 39 35 40 45 44 42 48 43 47 41 46  1  3  4  5  7  2  8  6 13 11 12 16 10 14  9 15
 31 30 25 26 27 32 29 28 36 33 38 34 39 37 35 40 42 43 47 46 45 48 44 41  6  5  3  1  4  8  2  7 10 12 13 14 16 11  9 15 22 20 21 17 19 23 18 24
 15 14  9 10 11 16 13 12 20 17 22 18 23 21 19 24 26 27 31 30 29 32 28 25 38 37 35 33 36 40 34 39 42 44 45 46 48 43 41 47  6  4  5  1  3  7  2  8
 23 22 17 18 19 24 21 20 28 25 30 26 31 29 27 32 34 35 39 38 37 40 36 33 46 45 43 41 44 48 42 47  2  4  5  6  8  3  1  7 14 12 13  9 11 15 10 16
  7  6  1  2  3  8  5  4 12  9 14 10 15 13 11 16 18 19 23 22 21 24 20 17 30 29 27 25 28 32 26 31 34 36 37 38 40 35 33 39 46 44 45 41 43 47 42 48
 39 38 33 34 35 40 37 36 44 41 46 42 47 45 43 48  2  3  7  6  5  8  4  1 14 13 11  9 12 16 10 15 18 20 21 22 24 19 17 23 30 28 29 25 27 31 26 32
 47 46 41 42 43 48 45 44  4  1  6  2  7  5  3  8 10 11 15 14 13 16 12  9 22 21 19 17 20 24 18 23 26 28 29 30 32 27 25 31 38 36 37 33 35 39 34 40
