 14  6  8 13  4  3 10  1  9 11  2 15  7 12  5
 15 11  7 10  3  8  6  2 13  4 14  5  9  1 12
  4  3  5  2  1 13  9 12  6 14 11  7 10 15  8
  6 15  4  1 11 14  7 13  2 10  3 12  5  8  9
  8  5  1  7 13  2 11 10  3 12 15  6 14  9  4
  7  4  2  5  9 15 14  6 12  1 13 11  8 10  3
 11  8 15  4 10 12 13 14  5  6  9  2  3  7  1
 13 14  3 12  6  4  8  5  1  9  7 10 11  2 15
  3 12 14  8  5 10  4  7 15  2  1  9  6 11 13
  9  2  6  3 15  5 12  4 10  7  8 14  1 13 11
  2  1  9 15 12  6  5  8 11  3 10  4 13 14  7
 10  7 13 11 14  1 15  9  8  5  6  3 12  4  2
  5 13 10 14  2  9  1 11  7 15 12  8  4  3  6
 12 10 11  9  8  7  2  3  4 13  5  1 15  6 14
  1  9 12  6  7 11  3 15 14  8  4 13  2  5 10
