 61 63 68 62 67 64 66 65 69 70 10  5  4  6  3  8  7  1  2  9 13 15 14 11 18 16 17 19 20 12 21 28 24 29 22 26 23 27 30 25 35 37 40 38 39 33 32 31 34 36 43 44 45 47 48 46 41 50 42 49 60 53 51 58 52 57 59 56 55 54
 11 13 18 12 17 14 16 15 19 20 30 25 24 26 23 28 27 21 22 29 33 35 34 31 38 36 37 39 40 32 41 48 44 49 42 46 43 47 50 45 55 57 60 58 59 53 52 51 54 56 63 64 65 67 68 66 61 70 62 69 10  3  1  8  2  7  9  6  5  4
 31 33 38 32 37 34 36 35 39 40 50 45 44 46 43 48 47 41 42 49 53 55 54 51 58 56 57 59 60 52 61 68 64 69 62 66 63 67 70 65  5  7 10  8  9  3  2  1  4  6 13 14 15 17 18 16 11 20 12 19 30 23 21 28 22 27 29 26 25 24
 21 23 28 22 27 24 26 25 29 30 40 35 34 36 33 38 37 31 32 39 43 45 44 41 48 46 47 49 50 42 51 58 54 59 52 56 53 57 60 55 65 67 70 68 69 63 62 61 64 66  3  4  5  7  8  6  1 10  2  9 20 13 11 18 12 17 19 16 15 14
 41 43 48 42 47 44 46 45 49 50 60 55 54 56 53 58 57 51 52 59 63 65 64 61 68 66 67 69 70 62  1  8  4  9  2  6  3  7 10  5 15 17 20 18 19 13 12 11 14 16 23 24 25 27 28 26 21 30 22 29 40 33 31 38 32 37 39 36 35 34
  1  3  8  2  7  4  6  5  9 10 20 15 14 16 13 18 17 11 12 19 23 25 24 21 28 26 27 29 30 22 31 38 34 39 32 36 33 37 40 35 45 47 50 48 49 43 42 41 44 46 53 54 55 57 58 56 51 60 52 59 70 63 61 68 62 67 69 66 65 64
 51 53 58 52 57 54 56 55 59 60 70 65 64 66 63 68 67 61 62 69  3  5  4  1  8  6  7  9 10  2 11 18 14 19 12 16 13 17 20 15 25 27 30 28 29 23 22 21 24 26 33 34 35 37 38 36 31 40 32 39 50 43 41 48 42 47 49 46 45 44
 12 14 19 13 18 15 17 16 20 11 21 26 25 27 24 29 28 22 23 30 34 36 35 32 39 37 38 40 31 33 42 49 45 50 43 47 44 48 41 46 56 58 51 59 60 54 53 52 55 57 64 65 66 68 69 67 62 61 63 70  1  4  2  9  3  8 10  7  6  5
 62 64 69 63 68 65 67 66 70 61  1  6  5  7  4  9  8  2  3 10 14 16 15 12 19 17 18 20 11 13 22 29 25 30 23 27 24 28 21 26 36 38 31 39 40 34 33 32 35 37 44 45 46 48 49 47 42 41 43 50 51 54 52 59 53 58 60 57 56 55
 22 24 29 23 28 25 27 26 30 21 31 36 35 37 34 39 38 32 33 40 44 46 45 42 49 47 48 50 41 43 52 59 55 60 53 57 54 58 51 56 66 68 61 69 70 64 63 62 65 67  4  5  6  8  9  7  2  1  3 10 11 14 12 19 13 18 20 17 16 15
 52 54 59 53 58 55 57 56 60 51 61 66 65 67 64 69 68 62 63 70  4  6  5  2  9  7  8 10  1  3 12 19 15 20 13 17 14 18 11 16 26 28 21 29 30 24 23 22 25 27 34 35 36 38 39 37 32 31 33 40 41 44 42 49 43 48 50 47 46 45
 32 34 39 33 38 35 37 36 40 31 41 46 45 47 44 49 48 42 43 50 54 56 55 52 59 57 58 60 51 53 62 69 65 70 63 67 64 68 61 66  6  8  1  9 10  4  3  2  5  7 14 15 16 18 19 17 12 11 13 20 21 24 22 29 23 28 30 27 26 25
 42 44 49 43 48 45 47 46 50 41 51 56 55 57 54 59 58 52 53 60 64 66 65 62 69 67 68 70 61 63  2  9  5 10  3  7  4  8  1  6 16 18 11 19 20 14 13 12 15 17 24 25 26 28 29 27 22 21 23 30 31 34 32 39 33 38 40 37 36 35
  2  4  9  3  8  5  7  6 10  1 11 16 15 17 14 19 18 12 13 20 24 26 25 22 29 27 28 30 21 23 32 39 35 40 33 37 34 38 31 36 46 48 41 49 50 44 43 42 45 47 54 55 56 58 59 57 52 51 53 60 61 64 62 69 63 68 70 67 66 65
 63 65 70 64 69 66 68 67 61 62  2  7  6  8  5 10  9  3  4  1 15 17 16 13 20 18 19 11 12 14 23 30 26 21 24 28 25 29 22 27 37 39 32 40 31 35 34 33 36 38 45 46 47 49 50 48 43 42 44 41 52 55 53 60 54 59 51 58 57 56
 33 35 40 34 39 36 38 37 31 32 42 47 46 48 45 50 49 43 44 41 55 57 56 53 60 58 59 51 52 54 63 70 66 61 64 68 65 69 62 67  7  9  2 10  1  5  4  3  6  8 15 16 17 19 20 18 13 12 14 11 22 25 23 30 24 29 21 28 27 26
 53 55 60 54 59 56 58 57 51 52 62 67 66 68 65 70 69 63 64 61  5  7  6  3 10  8  9  1  2  4 13 20 16 11 14 18 15 19 12 17 27 29 22 30 21 25 24 23 26 28 35 36 37 39 40 38 33 32 34 31 42 45 43 50 44 49 41 48 47 46
  3  5 10  4  9  6  8  7  1  2 12 17 16 18 15 20 19 13 14 11 25 27 26 23 30 28 29 21 22 24 33 40 36 31 34 38 35 39 32 37 47 49 42 50 41 45 44 43 46 48 55 56 57 59 60 58 53 52 54 51 62 65 63 70 64 69 61 68 67 66
 43 45 50 44 49 46 48 47 41 42 52 57 56 58 55 60 59 53 54 51 65 67 66 63 70 68 69 61 62 64  3 10  6  1  4  8  5  9  2  7 17 19 12 20 11 15 14 13 16 18 25 26 27 29 30 28 23 22 24 21 32 35 33 40 34 39 31 38 37 36
 23 25 30 24 29 26 28 27 21 22 32 37 36 38 35 40 39 33 34 31 45 47 46 43 50 48 49 41 42 44 53 60 56 51 54 58 55 59 52 57 67 69 62 70 61 65 64 63 66 68  5  6  7  9 10  8  3  2  4  1 12 15 13 20 14 19 11 18 17 16
 13 15 20 14 19 16 18 17 11 12 22 27 26 28 25 30 29 23 24 21 35 37 36 33 40 38 39 31 32 34 43 50 46 41 44 48 45 49 42 47 57 59 52 60 51 55 54 53 56 58 65 66 67 69 70 68 63 62 64 61  2  5  3 10  4  9  1  8  7  6
 54 56 51 55 60 57 59 58 52 53 63 68 67 69 66 61 70 64 65 62  6  8  7  4  1  9 10  2  3  5 14 11 17 12 15 19 16 20 13 18 28 30 23 21 22 26 25 24 27 29 36 37 38 40 31 39 34 33 35 32 43 46 44 41 45 50 42 49 48 47
  4  6  1  5 10  7  9  8  2  3 13 18 17 19 16 11 20 14 15 12 26 28 27 24 21 29 30 22 23 25 34 31 37 32 35 39 36 40 33 38 48 50 43 41 42 46 45 44 47 49 56 57 58 60 51 59 54 53 55 52 63 66 64 61 65 70 62 69 68 67
 34 36 31 35 40 37 39 38 32 33 43 48 47 49 46 41 50 44 45 42 56 58 57 54 51 59 60 52 53 55 64 61 67 62 65 69 66 70 63 68  8 10  3  1  2  6  5  4  7  9 16 17 18 20 11 19 14 13 15 12 23 26 24 21 25 30 22 29 28 27
 44 46 41 45 50 47 49 48 42 43 53 58 57 59 56 51 60 54 55 52 66 68 67 64 61 69 70 62 63 65  4  1  7  2  5  9  6 10  3  8 18 20 13 11 12 16 15 14 17 19 26 27 28 30 21 29 24 23 25 22 33 36 34 31 35 40 32 39 38 37
 14 16 11 15 20 17 19 18 12 13 23 28 27 29 26 21 30 24 25 22 36 38 37 34 31 39 40 32 33 35 44 41 47 42 45 49 46 50 43 48 58 60 53 51 52 56 55 54 57 59 66 67 68 70 61 69 64 63 65 62  3  6  4  1  5 10  2  9  8  7
 64 66 61 65 70 67 69 68 62 63  3  8  7  9  6  1 10  4  5  2 16 18 17 14 11 19 20 12 13 15 24 21 27 22 25 29 26 30 23 28 38 40 33 31 32 36 35 34 37 39 46 47 48 50 41 49 44 43 45 42 53 56 54 51 55 60 52 59 58 57
 24 26 21 25 30 27 29 28 22 23 33 38 37 39 36 31 40 34 35 32 46 48 47 44 41 49 50 42 43 45 54 51 57 52 55 59 56 60 53 58 68 70 63 61 62 66 65 64 67 69  6  7  8 10  1  9  4  3  5  2 13 16 14 11 15 20 12 19 18 17
 15 17 12 16 11 18 20 19 13 14 24 29 28 30 27 22 21 25 26 23 37 39 38 35 32 40 31 33 34 36 45 42 48 43 46 50 47 41 44 49 59 51 54 52 53 57 56 55 58 60 67 68 69 61 62 70 65 64 66 63  4  7  5  2  6  1  3 10  9  8
 35 37 32 36 31 38 40 39 33 34 44 49 48 50 47 42 41 45 46 43 57 59 58 55 52 60 51 53 54 56 65 62 68 63 66 70 67 61 64 69  9  1  4  2  3  7  6  5  8 10 17 18 19 11 12 20 15 14 16 13 24 27 25 22 26 21 23 30 29 28
 55 57 52 56 51 58 60 59 53 54 64 69 68 70 67 62 61 65 66 63  7  9  8  5  2 10  1  3  4  6 15 12 18 13 16 20 17 11 14 19 29 21 24 22 23 27 26 25 28 30 37 38 39 31 32 40 35 34 36 33 44 47 45 42 46 41 43 50 49 48
 65 67 62 66 61 68 70 69 63 64  4  9  8 10  7  2  1  5  6  3 17 19 18 15 12 20 11 13 14 16 25 22 28 23 26 30 27 21 24 29 39 31 34 32 33 37 36 35 38 40 47 48 49 41 42 50 45 44 46 43 54 57 55 52 56 51 53 60 59 58
 45 47 42 46 41 48 50 49 43 44 54 59 58 60 57 52 51 55 56 53 67 69 68 65 62 70 61 63 64 66  5  2  8  3  6 10  7  1  4  9 19 11 14 12 13 17 16 15 18 20 27 28 29 21 22 30 25 24 26 23 34 37 35 32 36 31 33 40 39 38
  5  7  2  6  1  8 10  9  3  4 14 19 18 20 17 12 11 15 16 13 27 29 28 25 22 30 21 23 24 26 35 32 38 33 36 40 37 31 34 39 49 41 44 42 43 47 46 45 48 50 57 58 59 51 52 60 55 54 56 53 64 67 65 62 66 61 63 70 69 68
 25 27 22 26 21 28 30 29 23 24 34 39 38 40 37 32 31 35 36 33 47 49 48 45 42 50 41 43 44 46 55 52 58 53 56 60 57 51 54 59 69 61 64 62 63 67 66 65 68 70  7  8  9  1  2 10  5  4  6  3 14 17 15 12 16 11 13 20 19 18
 26 28 23 27 22 29 21 30 24 25 35 40 39 31 38 33 32 36 37 34 48 50 49 46 43 41 42 44 45 47 56 53 59 54 57 51 58 52 55 60 70 62 65 63 64 68 67 66 69 61  8  9 10  2  3  1  6  5  7  4 15 18 16 13 17 12 14 11 20 19
 36 38 33 37 32 39 31 40 34 35 45 50 49 41 48 43 42 46 47 44 58 60 59 56 53 51 52 54 55 57 66 63 69 64 67 61 68 62 65 70 10  2  5  3  4  8  7  6  9  1 18 19 20 12 13 11 16 15 17 14 25 28 26 23 27 22 24 21 30 29
 46 48 43 47 42 49 41 50 44 45 55 60 59 51 58 53 52 56 57 54 68 70 69 66 63 61 62 64 65 67  6  3  9  4  7  1  8  2  5 10 20 12 15 13 14 18 17 16 19 11 28 29 30 22 23 21 26 25 27 24 35 38 36 33 37 32 34 31 40 39
 16 18 13 17 12 19 11 20 14 15 25 30 29 21 28 23 22 26 27 24 38 40 39 36 33 31 32 34 35 37 46 43 49 44 47 41 48 42 45 50 60 52 55 53 54 58 57 56 59 51 68 69 70 62 63 61 66 65 67 64  5  8  6  3  7  2  4  1 10  9
  6  8  3  7  2  9  1 10  4  5 15 20 19 11 18 13 12 16 17 14 28 30 29 26 23 21 22 24 25 27 36 33 39 34 37 31 38 32 35 40 50 42 45 43 44 48 47 46 49 41 58 59 60 52 53 51 56 55 57 54 65 68 66 63 67 62 64 61 70 69
 66 68 63 67 62 69 61 70 64 65  5 10  9  1  8  3  2  6  7  4 18 20 19 16 13 11 12 14 15 17 26 23 29 24 27 21 28 22 25 30 40 32 35 33 34 38 37 36 39 31 48 49 50 42 43 41 46 45 47 44 55 58 56 53 57 52 54 51 60 59
 56 58 53 57 52 59 51 60 54 55 65 70 69 61 68 63 62 66 67 64  8 10  9  6  3  1  2  4  5  7 16 13 19 14 17 11 18 12 15 20 30 22 25 23 24 28 27 26 29 21 38 39 40 32 33 31 36 35 37 34 45 48 46 43 47 42 44 41 50 49
 67 69 64 68 63 70 62 61 65 66  6  1 10  2  9  4  3  7  8  5 19 11 20 17 14 12 13 15 16 18 27 24 30 25 28 22 29 23 26 21 31 33 36 34 35 39 38 37 40 32 49 50 41 43 44 42 47 46 48 45 56 59 57 54 58 53 55 52 51 60
 47 49 44 48 43 50 42 41 45 46 56 51 60 52 59 54 53 57 58 55 69 61 70 67 64 62 63 65 66 68  7  4 10  5  8  2  9  3  6  1 11 13 16 14 15 19 18 17 20 12 29 30 21 23 24 22 27 26 28 25 36 39 37 34 38 33 35 32 31 40
 17 19 14 18 13 20 12 11 15 16 26 21 30 22 29 24 23 27 28 25 39 31 40 37 34 32 33 35 36 38 47 44 50 45 48 42 49 43 46 41 51 53 56 54 55 59 58 57 60 52 69 70 61 63 64 62 67 66 68 65  6  9  7  4  8  3  5  2  1 10
 37 39 34 38 33 40 32 31 35 36 46 41 50 42 49 44 43 47 48 45 59 51 60 57 54 52 53 55 56 58 67 64 70 65 68 62 69 63 66 61  1  3  6  4  5  9  8  7 10  2 19 20 11 13 14 12 17 16 18 15 26 29 27 24 28 23 25 22 21 30
 27 29 24 28 23 30 22 21 25 26 36 31 40 32 39 34 33 37 38 35 49 41 50 47 44 42 43 45 46 48 57 54 60 55 58 52 59 53 56 51 61 63 66 64 65 69 68 67 70 62  9 10  1  3  4  2  7  6  8  5 16 19 17 14 18 13 15 12 11 20
 57 59 54 58 53 60 52 51 55 56 66 61 70 62 69 64 63 67 68 65  9  1 10  7  4  2  3  5  6  8 17 14 20 15 18 12 19 13 16 11 21 23 26 24 25 29 28 27 30 22 39 40 31 33 34 32 37 36 38 35 46 49 47 44 48 43 45 42 41 50
  7  9  4  8  3 10  2  1  5  6 16 11 20 12 19 14 13 17 18 15 29 21 30 27 24 22 23 25 26 28 37 34 40 35 38 32 39 33 36 31 41 43 46 44 45 49 48 47 50 42 59 60 51 53 54 52 57 56 58 55 66 69 67 64 68 63 65 62 61 70
 58 60 55 59 54 51 53 52 56 57 67 62 61 63 70 65 64 68 69 66 10  2  1  8  5  3  4  6  7  9 18 15 11 16 19 13 20 14 17 12 22 24 27 25 26 30 29 28 21 23 40 31 32 34 35 33 38 37 39 36 47 50 48 45 49 44 46 43 42 41
 18 20 15 19 14 11 13 12 16 17 27 22 21 23 30 25 24 28 29 26 40 32 31 38 35 33 34 36 37 39 48 45 41 46 49 43 50 44 47 42 52 54 57 55 56 60 59 58 51 53 70 61 62 64 65 63 68 67 69 66  7 10  8  5  9  4  6  3  2  1
  8 10  5  9  4  1  3  2  6  7 17 12 11 13 20 15 14 18 19 16 30 22 21 28 25 23 24 26 27 29 38 35 31 36 39 33 40 34 37 32 42 44 47 45 46 50 49 48 41 43 60 51 52 54 55 53 58 57 59 56 67 70 68 65 69 64 66 63 62 61
 38 40 35 39 34 31 33 32 36 37 47 42 41 43 50 45 44 48 49 46 60 52 51 58 55 53 54 56 57 59 68 65 61 66 69 63 70 64 67 62  2  4  7  5  6 10  9  8  1  3 20 11 12 14 15 13 18 17 19 16 27 30 28 25 29 24 26 23 22 21
 48 50 45 49 44 41 43 42 46 47 57 52 51 53 60 55 54 58 59 56 70 62 61 68 65 63 64 66 67 69  8  5  1  6  9  3 10  4  7  2 12 14 17 15 16 20 19 18 11 13 30 21 22 24 25 23 28 27 29 26 37 40 38 35 39 34 36 33 32 31
 68 70 65 69 64 61 63 62 66 67  7  2  1  3 10  5  4  8  9  6 20 12 11 18 15 13 14 16 17 19 28 25 21 26 29 23 30 24 27 22 32 34 37 35 36 40 39 38 31 33 50 41 42 44 45 43 48 47 49 46 57 60 58 55 59 54 56 53 52 51
 28 30 25 29 24 21 23 22 26 27 37 32 31 33 40 35 34 38 39 36 50 42 41 48 45 43 44 46 47 49 58 55 51 56 59 53 60 54 57 52 62 64 67 65 66 70 69 68 61 63 10  1  2  4  5  3  8  7  9  6 17 20 18 15 19 14 16 13 12 11
 39 31 36 40 35 32 34 33 37 38 48 43 42 44 41 46 45 49 50 47 51 53 52 59 56 54 55 57 58 60 69 66 62 67 70 64 61 65 68 63  3  5  8  6  7  1 10  9  2  4 11 12 13 15 16 14 19 18 20 17 28 21 29 26 30 25 27 24 23 22
 69 61 66 70 65 62 64 63 67 68  8  3  2  4  1  6  5  9 10  7 11 13 12 19 16 14 15 17 18 20 29 26 22 27 30 24 21 25 28 23 33 35 38 36 37 31 40 39 32 34 41 42 43 45 46 44 49 48 50 47 58 51 59 56 60 55 57 54 53 52
 59 51 56 60 55 52 54 53 57 58 68 63 62 64 61 66 65 69 70 67  1  3  2  9  6  4  5  7  8 10 19 16 12 17 20 14 11 15 18 13 23 25 28 26 27 21 30 29 22 24 31 32 33 35 36 34 39 38 40 37 48 41 49 46 50 45 47 44 43 42
 49 41 46 50 45 42 44 43 47 48 58 53 52 54 51 56 55 59 60 57 61 63 62 69 66 64 65 67 68 70  9  6  2  7 10  4  1  5  8  3 13 15 18 16 17 11 20 19 12 14 21 22 23 25 26 24 29 28 30 27 38 31 39 36 40 35 37 34 33 32
  9  1  6 10  5  2  4  3  7  8 18 13 12 14 11 16 15 19 20 17 21 23 22 29 26 24 25 27 28 30 39 36 32 37 40 34 31 35 38 33 43 45 48 46 47 41 50 49 42 44 51 52 53 55 56 54 59 58 60 57 68 61 69 66 70 65 67 64 63 62
 29 21 26 30 25 22 24 23 27 28 38 33 32 34 31 36 35 39 40 37 41 43 42 49 46 44 45 47 48 50 59 56 52 57 60 54 51 55 58 53 63 65 68 66 67 61 70 69 62 64  1  2  3  5  6  4  9  8 10  7 18 11 19 16 20 15 17 14 13 12
 19 11 16 20 15 12 14 13 17 18 28 23 22 24 21 26 25 29 30 27 31 33 32 39 36 34 35 37 38 40 49 46 42 47 50 44 41 45 48 43 53 55 58 56 57 51 60 59 52 54 61 62 63 65 66 64 69 68 70 67  8  1  9  6 10  5  7  4  3  2
 50 42 47 41 46 43 45 44 48 49 59 54 53 55 52 57 56 60 51 58 62 64 63 70 67 65 66 68 69 61 10  7  3  8  1  5  2  6  9  4 14 16 19 17 18 12 11 20 13 15 22 23 24 26 27 25 30 29 21 28 39 32 40 37 31 36 38 35 34 33
 20 12 17 11 16 13 15 14 18 19 29 24 23 25 22 27 26 30 21 28 32 34 33 40 37 35 36 38 39 31 50 47 43 48 41 45 42 46 49 44 54 56 59 57 58 52 51 60 53 55 62 63 64 66 67 65 70 69 61 68  9  2 10  7  1  6  8  5  4  3
 30 22 27 21 26 23 25 24 28 29 39 34 33 35 32 37 36 40 31 38 42 44 43 50 47 45 46 48 49 41 60 57 53 58 51 55 52 56 59 54 64 66 69 67 68 62 61 70 63 65  2  3  4  6  7  5 10  9  1  8 19 12 20 17 11 16 18 15 14 13
 60 52 57 51 56 53 55 54 58 59 69 64 63 65 62 67 66 70 61 68  2  4  3 10  7  5  6  8  9  1 20 17 13 18 11 15 12 16 19 14 24 26 29 27 28 22 21 30 23 25 32 33 34 36 37 35 40 39 31 38 49 42 50 47 41 46 48 45 44 43
 70 62 67 61 66 63 65 64 68 69  9  4  3  5  2  7  6 10  1  8 12 14 13 20 17 15 16 18 19 11 30 27 23 28 21 25 22 26 29 24 34 36 39 37 38 32 31 40 33 35 42 43 44 46 47 45 50 49 41 48 59 52 60 57 51 56 58 55 54 53
 40 32 37 31 36 33 35 34 38 39 49 44 43 45 42 47 46 50 41 48 52 54 53 60 57 55 56 58 59 51 70 67 63 68 61 65 62 66 69 64  4  6  9  7  8  2  1 10  3  5 12 13 14 16 17 15 20 19 11 18 29 22 30 27 21 26 28 25 24 23
 10  2  7  1  6  3  5  4  8  9 19 14 13 15 12 17 16 20 11 18 22 24 23 30 27 25 26 28 29 21 40 37 33 38 31 35 32 36 39 34 44 46 49 47 48 42 41 50 43 45 52 53 54 56 57 55 60 59 51 58 69 62 70 67 61 66 68 65 64 63
