  4  5  1  8  9  6  2  7  3 10 17 11 18 13 19 12 16 14 20 15 27 23 29 21 25 26 30 28 22 24 37 35 31 36 33 39 34 40 32 38 47 49 43 48 42 41 46 50 44 45 57 51 53 56 54 55 58 52 60 59 67 69 61 64 68 65 62 70 63 66
 24 25 21 28 29 26 22 27 23 30 37 31 38 33 39 32 36 34 40 35 47 43 49 41 45 46 50 48 42 44 57 55 51 56 53 59 54 60 52 58 67 69 63 68 62 61 66 70 64 65  7  1  3  6  4  5  8  2 10  9 17 19 11 14 18 15 12 20 13 16
 64 65 61 68 69 66 62 67 63 70  7  1  8  3  9  2  6  4 10  5 17 13 19 11 15 16 20 18 12 14 27 25 21 26 23 29 24 30 22 28 37 39 33 38 32 31 36 40 34 35 47 41 43 46 44 45 48 42 50 49 57 59 51 54 58 55 52 60 53 56
 14 15 11 18 19 16 12 17 13 20 27 21 28 23 29 22 26 24 30 25 37 33 39 31 35 36 40 38 32 34 47 45 41 46 43 49 44 50 42 48 57 59 53 58 52 51 56 60 54 55 67 61 63 66 64 65 68 62 70 69  7  9  1  4  8  5  2 10  3  6
 54 55 51 58 59 56 52 57 53 60 67 61 68 63 69 62 66 64 70 65  7  3  9  1  5  6 10  8  2  4 17 15 11 16 13 19 14 20 12 18 27 29 23 28 22 21 26 30 24 25 37 31 33 36 34 35 38 32 40 39 47 49 41 44 48 45 42 50 43 46
 34 35 31 38 39 36 32 37 33 40 47 41 48 43 49 42 46 44 50 45 57 53 59 51 55 56 60 58 52 54 67 65 61 66 63 69 64 70 62 68  7  9  3  8  2  1  6 10  4  5 17 11 13 16 14 15 18 12 20 19 27 29 21 24 28 25 22 30 23 26
 44 45 41 48 49 46 42 47 43 50 57 51 58 53 59 52 56 54 60 55 67 63 69 61 65 66 70 68 62 64  7  5  1  6  3  9  4 10  2  8 17 19 13 18 12 11 16 20 14 15 27 21 23 26 24 25 28 22 30 29 37 39 31 34 38 35 32 40 33 36
  5  6  2  9 10  7  3  8  4  1 18 12 19 14 20 13 17 15 11 16 28 24 30 22 26 27 21 29 23 25 38 36 32 37 34 40 35 31 33 39 48 50 44 49 43 42 47 41 45 46 58 52 54 57 55 56 59 53 51 60 68 70 62 65 69 66 63 61 64 67
 65 66 62 69 70 67 63 68 64 61  8  2  9  4 10  3  7  5  1  6 18 14 20 12 16 17 11 19 13 15 28 26 22 27 24 30 25 21 23 29 38 40 34 39 33 32 37 31 35 36 48 42 44 47 45 46 49 43 41 50 58 60 52 55 59 56 53 51 54 57
 15 16 12 19 20 17 13 18 14 11 28 22 29 24 30 23 27 25 21 26 38 34 40 32 36 37 31 39 33 35 48 46 42 47 44 50 45 41 43 49 58 60 54 59 53 52 57 51 55 56 68 62 64 67 65 66 69 63 61 70  8 10  2  5  9  6  3  1  4  7
 45 46 42 49 50 47 43 48 44 41 58 52 59 54 60 53 57 55 51 56 68 64 70 62 66 67 61 69 63 65  8  6  2  7  4 10  5  1  3  9 18 20 14 19 13 12 17 11 15 16 28 22 24 27 25 26 29 23 21 30 38 40 32 35 39 36 33 31 34 37
 55 56 52 59 60 57 53 58 54 51 68 62 69 64 70 63 67 65 61 66  8  4 10  2  6  7  1  9  3  5 18 16 12 17 14 20 15 11 13 19 28 30 24 29 23 22 27 21 25 26 38 32 34 37 35 36 39 33 31 40 48 50 42 45 49 46 43 41 44 47
 35 36 32 39 40 37 33 38 34 31 48 42 49 44 50 43 47 45 41 46 58 54 60 52 56 57 51 59 53 55 68 66 62 67 64 70 65 61 63 69  8 10  4  9  3  2  7  1  5  6 18 12 14 17 15 16 19 13 11 20 28 30 22 25 29 26 23 21 24 27
 25 26 22 29 30 27 23 28 24 21 38 32 39 34 40 33 37 35 31 36 48 44 50 42 46 47 41 49 43 45 58 56 52 57 54 60 55 51 53 59 68 70 64 69 63 62 67 61 65 66  8  2  4  7  5  6  9  3  1 10 18 20 12 15 19 16 13 11 14 17
 46 47 43 50 41 48 44 49 45 42 59 53 60 55 51 54 58 56 52 57 69 65 61 63 67 68 62 70 64 66  9  7  3  8  5  1  6  2  4 10 19 11 15 20 14 13 18 12 16 17 29 23 25 28 26 27 30 24 22 21 39 31 33 36 40 37 34 32 35 38
 66 67 63 70 61 68 64 69 65 62  9  3 10  5  1  4  8  6  2  7 19 15 11 13 17 18 12 20 14 16 29 27 23 28 25 21 26 22 24 30 39 31 35 40 34 33 38 32 36 37 49 43 45 48 46 47 50 44 42 41 59 51 53 56 60 57 54 52 55 58
 26 27 23 30 21 28 24 29 25 22 39 33 40 35 31 34 38 36 32 37 49 45 41 43 47 48 42 50 44 46 59 57 53 58 55 51 56 52 54 60 69 61 65 70 64 63 68 62 66 67  9  3  5  8  6  7 10  4  2  1 19 11 13 16 20 17 14 12 15 18
  6  7  3 10  1  8  4  9  5  2 19 13 20 15 11 14 18 16 12 17 29 25 21 23 27 28 22 30 24 26 39 37 33 38 35 31 36 32 34 40 49 41 45 50 44 43 48 42 46 47 59 53 55 58 56 57 60 54 52 51 69 61 63 66 70 67 64 62 65 68
 16 17 13 20 11 18 14 19 15 12 29 23 30 25 21 24 28 26 22 27 39 35 31 33 37 38 32 40 34 36 49 47 43 48 45 41 46 42 44 50 59 51 55 60 54 53 58 52 56 57 69 63 65 68 66 67 70 64 62 61  9  1  3  6 10  7  4  2  5  8
 36 37 33 40 31 38 34 39 35 32 49 43 50 45 41 44 48 46 42 47 59 55 51 53 57 58 52 60 54 56 69 67 63 68 65 61 66 62 64 70  9  1  5 10  4  3  8  2  6  7 19 13 15 18 16 17 20 14 12 11 29 21 23 26 30 27 24 22 25 28
 56 57 53 60 51 58 54 59 55 52 69 63 70 65 61 64 68 66 62 67  9  5  1  3  7  8  2 10  4  6 19 17 13 18 15 11 16 12 14 20 29 21 25 30 24 23 28 22 26 27 39 33 35 38 36 37 40 34 32 31 49 41 43 46 50 47 44 42 45 48
 47 48 44 41 42 49 45 50 46 43 60 54 51 56 52 55 59 57 53 58 70 66 62 64 68 69 63 61 65 67 10  8  4  9  6  2  7  3  5  1 20 12 16 11 15 14 19 13 17 18 30 24 26 29 27 28 21 25 23 22 40 32 34 37 31 38 35 33 36 39
  7  8  4  1  2  9  5 10  6  3 20 14 11 16 12 15 19 17 13 18 30 26 22 24 28 29 23 21 25 27 40 38 34 39 36 32 37 33 35 31 50 42 46 41 45 44 49 43 47 48 60 54 56 59 57 58 51 55 53 52 70 62 64 67 61 68 65 63 66 69
 37 38 34 31 32 39 35 40 36 33 50 44 41 46 42 45 49 47 43 48 60 56 52 54 58 59 53 51 55 57 70 68 64 69 66 62 67 63 65 61 10  2  6  1  5  4  9  3  7  8 20 14 16 19 17 18 11 15 13 12 30 22 24 27 21 28 25 23 26 29
 57 58 54 51 52 59 55 60 56 53 70 64 61 66 62 65 69 67 63 68 10  6  2  4  8  9  3  1  5  7 20 18 14 19 16 12 17 13 15 11 30 22 26 21 25 24 29 23 27 28 40 34 36 39 37 38 31 35 33 32 50 42 44 47 41 48 45 43 46 49
 27 28 24 21 22 29 25 30 26 23 40 34 31 36 32 35 39 37 33 38 50 46 42 44 48 49 43 41 45 47 60 58 54 59 56 52 57 53 55 51 70 62 66 61 65 64 69 63 67 68 10  4  6  9  7  8  1  5  3  2 20 12 14 17 11 18 15 13 16 19
 67 68 64 61 62 69 65 70 66 63 10  4  1  6  2  5  9  7  3  8 20 16 12 14 18 19 13 11 15 17 30 28 24 29 26 22 27 23 25 21 40 32 36 31 35 34 39 33 37 38 50 44 46 49 47 48 41 45 43 42 60 52 54 57 51 58 55 53 56 59
 17 18 14 11 12 19 15 20 16 13 30 24 21 26 22 25 29 27 23 28 40 36 32 34 38 39 33 31 35 37 50 48 44 49 46 42 47 43 45 41 60 52 56 51 55 54 59 53 57 58 70 64 66 69 67 68 61 65 63 62 10  2  4  7  1  8  5  3  6  9
 58 59 55 52 53 60 56 51 57 54 61 65 62 67 63 66 70 68 64 69  1  7  3  5  9 10  4  2  6  8 11 19 15 20 17 13 18 14 16 12 21 23 27 22 26 25 30 24 28 29 31 35 37 40 38 39 32 36 34 33 41 43 45 48 42 49 46 44 47 50
 48 49 45 42 43 50 46 41 47 44 51 55 52 57 53 56 60 58 54 59 61 67 63 65 69 70 64 62 66 68  1  9  5 10  7  3  8  4  6  2 11 13 17 12 16 15 20 14 18 19 21 25 27 30 28 29 22 26 24 23 31 33 35 38 32 39 36 34 37 40
 68 69 65 62 63 70 66 61 67 64  1  5  2  7  3  6 10  8  4  9 11 17 13 15 19 20 14 12 16 18 21 29 25 30 27 23 28 24 26 22 31 33 37 32 36 35 40 34 38 39 41 45 47 50 48 49 42 46 44 43 51 53 55 58 52 59 56 54 57 60
 18 19 15 12 13 20 16 11 17 14 21 25 22 27 23 26 30 28 24 29 31 37 33 35 39 40 34 32 36 38 41 49 45 50 47 43 48 44 46 42 51 53 57 52 56 55 60 54 58 59 61 65 67 70 68 69 62 66 64 63  1  3  5  8  2  9  6  4  7 10
 38 39 35 32 33 40 36 31 37 34 41 45 42 47 43 46 50 48 44 49 51 57 53 55 59 60 54 52 56 58 61 69 65 70 67 63 68 64 66 62  1  3  7  2  6  5 10  4  8  9 11 15 17 20 18 19 12 16 14 13 21 23 25 28 22 29 26 24 27 30
  8  9  5  2  3 10  6  1  7  4 11 15 12 17 13 16 20 18 14 19 21 27 23 25 29 30 24 22 26 28 31 39 35 40 37 33 38 34 36 32 41 43 47 42 46 45 50 44 48 49 51 55 57 60 58 59 52 56 54 53 61 63 65 68 62 69 66 64 67 70
 28 29 25 22 23 30 26 21 27 24 31 35 32 37 33 36 40 38 34 39 41 47 43 45 49 50 44 42 46 48 51 59 55 60 57 53 58 54 56 52 61 63 67 62 66 65 70 64 68 69  1  5  7 10  8  9  2  6  4  3 11 13 15 18 12 19 16 14 17 20
 39 40 36 33 34 31 37 32 38 35 42 46 43 48 44 47 41 49 45 50 52 58 54 56 60 51 55 53 57 59 62 70 66 61 68 64 69 65 67 63  2  4  8  3  7  6  1  5  9 10 12 16 18 11 19 20 13 17 15 14 22 24 26 29 23 30 27 25 28 21
 29 30 26 23 24 21 27 22 28 25 32 36 33 38 34 37 31 39 35 40 42 48 44 46 50 41 45 43 47 49 52 60 56 51 58 54 59 55 57 53 62 64 68 63 67 66 61 65 69 70  2  6  8  1  9 10  3  7  5  4 12 14 16 19 13 20 17 15 18 11
  9 10  6  3  4  1  7  2  8  5 12 16 13 18 14 17 11 19 15 20 22 28 24 26 30 21 25 23 27 29 32 40 36 31 38 34 39 35 37 33 42 44 48 43 47 46 41 45 49 50 52 56 58 51 59 60 53 57 55 54 62 64 66 69 63 70 67 65 68 61
 19 20 16 13 14 11 17 12 18 15 22 26 23 28 24 27 21 29 25 30 32 38 34 36 40 31 35 33 37 39 42 50 46 41 48 44 49 45 47 43 52 54 58 53 57 56 51 55 59 60 62 66 68 61 69 70 63 67 65 64  2  4  6  9  3 10  7  5  8  1
 49 50 46 43 44 41 47 42 48 45 52 56 53 58 54 57 51 59 55 60 62 68 64 66 70 61 65 63 67 69  2 10  6  1  8  4  9  5  7  3 12 14 18 13 17 16 11 15 19 20 22 26 28 21 29 30 23 27 25 24 32 34 36 39 33 40 37 35 38 31
 59 60 56 53 54 51 57 52 58 55 62 66 63 68 64 67 61 69 65 70  2  8  4  6 10  1  5  3  7  9 12 20 16 11 18 14 19 15 17 13 22 24 28 23 27 26 21 25 29 30 32 36 38 31 39 40 33 37 35 34 42 44 46 49 43 50 47 45 48 41
 69 70 66 63 64 61 67 62 68 65  2  6  3  8  4  7  1  9  5 10 12 18 14 16 20 11 15 13 17 19 22 30 26 21 28 24 29 25 27 23 32 34 38 33 37 36 31 35 39 40 42 46 48 41 49 50 43 47 45 44 52 54 56 59 53 60 57 55 58 51
 20 11 17 14 15 12 18 13 19 16 23 27 24 29 25 28 22 30 26 21 33 39 35 37 31 32 36 34 38 40 43 41 47 42 49 45 50 46 48 44 53 55 59 54 58 57 52 56 60 51 63 67 69 62 70 61 64 68 66 65  3  5  7 10  4  1  8  6  9  2
 60 51 57 54 55 52 58 53 59 56 63 67 64 69 65 68 62 70 66 61  3  9  5  7  1  2  6  4  8 10 13 11 17 12 19 15 20 16 18 14 23 25 29 24 28 27 22 26 30 21 33 37 39 32 40 31 34 38 36 35 43 45 47 50 44 41 48 46 49 42
 40 31 37 34 35 32 38 33 39 36 43 47 44 49 45 48 42 50 46 41 53 59 55 57 51 52 56 54 58 60 63 61 67 62 69 65 70 66 68 64  3  5  9  4  8  7  2  6 10  1 13 17 19 12 20 11 14 18 16 15 23 25 27 30 24 21 28 26 29 22
 50 41 47 44 45 42 48 43 49 46 53 57 54 59 55 58 52 60 56 51 63 69 65 67 61 62 66 64 68 70  3  1  7  2  9  5 10  6  8  4 13 15 19 14 18 17 12 16 20 11 23 27 29 22 30 21 24 28 26 25 33 35 37 40 34 31 38 36 39 32
 70 61 67 64 65 62 68 63 69 66  3  7  4  9  5  8  2 10  6  1 13 19 15 17 11 12 16 14 18 20 23 21 27 22 29 25 30 26 28 24 33 35 39 34 38 37 32 36 40 31 43 47 49 42 50 41 44 48 46 45 53 55 57 60 54 51 58 56 59 52
 10  1  7  4  5  2  8  3  9  6 13 17 14 19 15 18 12 20 16 11 23 29 25 27 21 22 26 24 28 30 33 31 37 32 39 35 40 36 38 34 43 45 49 44 48 47 42 46 50 41 53 57 59 52 60 51 54 58 56 55 63 65 67 70 64 61 68 66 69 62
 30 21 27 24 25 22 28 23 29 26 33 37 34 39 35 38 32 40 36 31 43 49 45 47 41 42 46 44 48 50 53 51 57 52 59 55 60 56 58 54 63 65 69 64 68 67 62 66 70 61  3  7  9  2 10  1  4  8  6  5 13 15 17 20 14 11 18 16 19 12
 61 62 68 65 66 63 69 64 70 67  4  8  5 10  6  9  3  1  7  2 14 20 16 18 12 13 17 15 19 11 24 22 28 23 30 26 21 27 29 25 34 36 40 35 39 38 33 37 31 32 44 48 50 43 41 42 45 49 47 46 54 56 58 51 55 52 59 57 60 53
 11 12 18 15 16 13 19 14 20 17 24 28 25 30 26 29 23 21 27 22 34 40 36 38 32 33 37 35 39 31 44 42 48 43 50 46 41 47 49 45 54 56 60 55 59 58 53 57 51 52 64 68 70 63 61 62 65 69 67 66  4  6  8  1  5  2  9  7 10  3
 51 52 58 55 56 53 59 54 60 57 64 68 65 70 66 69 63 61 67 62  4 10  6  8  2  3  7  5  9  1 14 12 18 13 20 16 11 17 19 15 24 26 30 25 29 28 23 27 21 22 34 38 40 33 31 32 35 39 37 36 44 46 48 41 45 42 49 47 50 43
  1  2  8  5  6  3  9  4 10  7 14 18 15 20 16 19 13 11 17 12 24 30 26 28 22 23 27 25 29 21 34 32 38 33 40 36 31 37 39 35 44 46 50 45 49 48 43 47 41 42 54 58 60 53 51 52 55 59 57 56 64 66 68 61 65 62 69 67 70 63
 31 32 38 35 36 33 39 34 40 37 44 48 45 50 46 49 43 41 47 42 54 60 56 58 52 53 57 55 59 51 64 62 68 63 70 66 61 67 69 65  4  6 10  5  9  8  3  7  1  2 14 18 20 13 11 12 15 19 17 16 24 26 28 21 25 22 29 27 30 23
 41 42 48 45 46 43 49 44 50 47 54 58 55 60 56 59 53 51 57 52 64 70 66 68 62 63 67 65 69 61  4  2  8  3 10  6  1  7  9  5 14 16 20 15 19 18 13 17 11 12 24 28 30 23 21 22 25 29 27 26 34 36 38 31 35 32 39 37 40 33
 21 22 28 25 26 23 29 24 30 27 34 38 35 40 36 39 33 31 37 32 44 50 46 48 42 43 47 45 49 41 54 52 58 53 60 56 51 57 59 55 64 66 70 65 69 68 63 67 61 62  4  8 10  3  1  2  5  9  7  6 14 16 18 11 15 12 19 17 20 13
 62 63 69 66 67 64 70 65 61 68  5  9  6  1  7 10  4  2  8  3 15 11 17 19 13 14 18 16 20 12 25 23 29 24 21 27 22 28 30 26 35 37 31 36 40 39 34 38 32 33 45 49 41 44 42 43 46 50 48 47 55 57 59 52 56 53 60 58 51 54
 42 43 49 46 47 44 50 45 41 48 55 59 56 51 57 60 54 52 58 53 65 61 67 69 63 64 68 66 70 62  5  3  9  4  1  7  2  8 10  6 15 17 11 16 20 19 14 18 12 13 25 29 21 24 22 23 26 30 28 27 35 37 39 32 36 33 40 38 31 34
 52 53 59 56 57 54 60 55 51 58 65 69 66 61 67 70 64 62 68 63  5  1  7  9  3  4  8  6 10  2 15 13 19 14 11 17 12 18 20 16 25 27 21 26 30 29 24 28 22 23 35 39 31 34 32 33 36 40 38 37 45 47 49 42 46 43 50 48 41 44
 12 13 19 16 17 14 20 15 11 18 25 29 26 21 27 30 24 22 28 23 35 31 37 39 33 34 38 36 40 32 45 43 49 44 41 47 42 48 50 46 55 57 51 56 60 59 54 58 52 53 65 69 61 64 62 63 66 70 68 67  5  7  9  2  6  3 10  8  1  4
 22 23 29 26 27 24 30 25 21 28 35 39 36 31 37 40 34 32 38 33 45 41 47 49 43 44 48 46 50 42 55 53 59 54 51 57 52 58 60 56 65 67 61 66 70 69 64 68 62 63  5  9  1  4  2  3  6 10  8  7 15 17 19 12 16 13 20 18 11 14
 32 33 39 36 37 34 40 35 31 38 45 49 46 41 47 50 44 42 48 43 55 51 57 59 53 54 58 56 60 52 65 63 69 64 61 67 62 68 70 66  5  7  1  6 10  9  4  8  2  3 15 19 11 14 12 13 16 20 18 17 25 27 29 22 26 23 30 28 21 24
  2  3  9  6  7  4 10  5  1  8 15 19 16 11 17 20 14 12 18 13 25 21 27 29 23 24 28 26 30 22 35 33 39 34 31 37 32 38 40 36 45 47 41 46 50 49 44 48 42 43 55 59 51 54 52 53 56 60 58 57 65 67 69 62 66 63 70 68 61 64
 63 64 70 67 68 65 61 66 62 69  6 10  7  2  8  1  5  3  9  4 16 12 18 20 14 15 19 17 11 13 26 24 30 25 22 28 23 29 21 27 36 38 32 37 31 40 35 39 33 34 46 50 42 45 43 44 47 41 49 48 56 58 60 53 57 54 51 59 52 55
 33 34 40 37 38 35 31 36 32 39 46 50 47 42 48 41 45 43 49 44 56 52 58 60 54 55 59 57 51 53 66 64 70 65 62 68 63 69 61 67  6  8  2  7  1 10  5  9  3  4 16 20 12 15 13 14 17 11 19 18 26 28 30 23 27 24 21 29 22 25
 43 44 50 47 48 45 41 46 42 49 56 60 57 52 58 51 55 53 59 54 66 62 68 70 64 65 69 67 61 63  6  4 10  5  2  8  3  9  1  7 16 18 12 17 11 20 15 19 13 14 26 30 22 25 23 24 27 21 29 28 36 38 40 33 37 34 31 39 32 35
 53 54 60 57 58 55 51 56 52 59 66 70 67 62 68 61 65 63 69 64  6  2  8 10  4  5  9  7  1  3 16 14 20 15 12 18 13 19 11 17 26 28 22 27 21 30 25 29 23 24 36 40 32 35 33 34 37 31 39 38 46 48 50 43 47 44 41 49 42 45
 13 14 20 17 18 15 11 16 12 19 26 30 27 22 28 21 25 23 29 24 36 32 38 40 34 35 39 37 31 33 46 44 50 45 42 48 43 49 41 47 56 58 52 57 51 60 55 59 53 54 66 70 62 65 63 64 67 61 69 68  6  8 10  3  7  4  1  9  2  5
  3  4 10  7  8  5  1  6  2  9 16 20 17 12 18 11 15 13 19 14 26 22 28 30 24 25 29 27 21 23 36 34 40 35 32 38 33 39 31 37 46 48 42 47 41 50 45 49 43 44 56 60 52 55 53 54 57 51 59 58 66 68 70 63 67 64 61 69 62 65
 23 24 30 27 28 25 21 26 22 29 36 40 37 32 38 31 35 33 39 34 46 42 48 50 44 45 49 47 41 43 56 54 60 55 52 58 53 59 51 57 66 68 62 67 61 70 65 69 63 64  6 10  2  5  3  4  7  1  9  8 16 18 20 13 17 14 11 19 12 15
