  2  5 15 16  8  4  1 17 11 20 10 22  3  6 19  7 14 21 12 13 18  9
 13 15 18  5 14 12  3 20  6 22 16  1 17 11 10  8 21  4 19  2  9  7
  3 21  9 17 19 18 15  8 14 12 22  7 16 10  2 13  6  5 20  1  4 11
  6 13  5 14 16  9 17  7  1  4  8 15 19 18 11 22  2 12  3 10 21 20
  7 17  6  1  5 21 11  9 20 18 19  2  8 16 13 10 22  3  4 12 15 14
  9 16 20 11 15 13  8  1 22  3 18 12  7  5  4 19 17  2 14 21  6 10
 17 18 12 15  1 10  5 21  4 13 20 14 22 19 16  3  8  7  6  9 11  2
 16  9  2  7  3 19 18 11 13  1 21  5 10  8 12  4 15 14 17 20 22  6
 18  1 17 20  7  8 19  5  9 10  2  6 14 22  3 16 12 11 21  4 13 15
 14 20  3 12 21  2  6 19 10  8 17  4 15  7  1 18 16 13  9 11  5 22
  1  6 13 18 20  3 14  4 19  2 15 21 12  9  8 11  5 16 10 22  7 17
  4 14  1  8 18 22 12  6 17 11  5 19 13  3  7 15 20  9  2 16 10 21
 21 19 14 13 17  1 16 18  5  7  4  8 20 12 22  9 10  6 11 15  2  3
 11 10 16  3  6 17  7 15  8  5  9 13  2 21 20  1 19 22 18 14 12  4
 15 22 21  6 10 20  4 14  7 17  1 18 11  2  5 12  9 19 16  3  8 13
  8 11  4  9 12 16 21 10 18  6 14 17  1 13 15  2  7 20 22 19  3  5
 20  2  8 21 13 15 10 22 16 19  7 11  4  1  9 14  3 18  5  6 17 12
 12  4 22 10  9  6 13 16  2 21 11  3  5 15 17 20  1  8  7 18 14 19
 22  8 19  4  2 14 20 13 12 15  3  9  6 17 21  5 11 10  1  7 16 18
 19  7 11 22  4  5  9  2  3 14 12 10 18 20  6 21 13 17 15  8  1 16
 10  3  7 19 22 11  2 12 15  9  6 16 21 14 18 17  4  1 13  5 20  8
  5 12 10  2 11  7 22  3 21 16 13 20  9  4 14  6 18 15  8 17 19  1
