  2  3 17 16 14  7  4 18 12  8  1  6  5 13 15 10  9 11
  8  6  5  1 11 10 13 15  9  7  3 12  4  2 14 16 17 18
 16 13  9  5 10  1 17 12 18  6  4  8 15 11  2 14  3  7
  7 14  8  3  4  6 15  2 11 10 17 18  9  5  1 12 16 13
 17 11  3 12 16  4  6  1  7  2 14  5  8 15 13  9 18 10
  5  8 14 15 18  9 10 13  2 16 11  1  3 12  4  7  6 17
  3  9 16 10  6 18  2  4 17 12  8 14  1  7  5 11 13 15
 11  5 12  8  1 15  7 14 13  9 16 10 17  6 18  2  4  3
 15 17  7  9  2 14 18  3  4 13 10 11 12  1  6  5  8 16
 12 10  6 13  8  5  1 11 16 15  9  7  2  3 17 18 14  4
  9 15 13  6  3 16 14 10  8 11  5  2 18  4 12 17  7  1
  4  7 11 18  5  2 12 17  1  3 15 16 14  9  8 13 10  6
  1  4 15 11  9 17  5  8  6 14 18 13  7 10 16  3 12  2
 14 16 18  2 13 12  3  7 10 17  6  4 11  8  9  1 15  5
 13  2  4 17  7  3  8 16 15  1 12  9 10 18 11  6  5 14
 18  1 10 14 12 11  9  6  5  4 13  3 16 17  7 15  2  8
  6 18  1  7 17  8 16  9  3  5  2 15 13 14 10  4 11 12
 10 12  2  4 15 13 11  5 14 18  7 17  6 16  3  8  1  9
