 16 11 13 15  5  9  3 17 12 10  7  8  1 18 14  2  4  6
  7 14  6  4  8  1 10 18  2 15 12 17  9  3 16  5 13 11
  4  2 15  8  7  5 11  6 10 13  9 18 12  1  3 14 16 17
 17  3  1 13 16 14  9 12 18  6  2 11  8  5 15  7 10  4
  1  6 11  7  4 18 15 13  8  9 10 14  3 16 17 12  2  5
 12 16  3 17 14  2  5 10  9  1 13  4 18  8  7 11  6 15
 11  7 16  2 13  6 12  9  4  8 18 10 14 15  1 17  5  3
  8 15 10  1 18 17 14  5  3  2  6 16  4  9 12 13 11  7
 10  5  4  6  1 13  8 15 14 12 11  2  7 17 18 16  3  9
  3 17  7 16  9 12 18  2 11 14 15  1 10  4  5  6  8 13
 13 18 14  5  2 16  4  3  7 11  8 12  6 10  9 15 17  1
  9 10 17 11 12  8  6  1 15 16  4 13  5 14  2  3  7 18
  2  9 18 14 17 11  7  4  5  3 16  6 13 12 10  1 15  8
 15  8 12 10  6  3 13 16  1  7 17  5 11  2  4 18  9 14
 14 13  2  9  3 15  1  8 17 18  5  7 16 11  6  4 12 10
 18  4  5 12 10  7 16 11  6 17  1  3 15 13  8  9 14  2
  5  1  9  3 11 10 17  7 16  4 14 15  2  6 13  8 18 12
  6 12  8 18 15  4  2 14 13  5  3  9 17  7 11 10  1 16
