  8  5  1 17 13 16  4  2  7  9 11  6 10 15 12 14  3 18
 15 14  9 18  6 10 12 11  3  4 16 17  8  2  1  7 13  5
  4 18 12 14 11  3 17  9 15 16  5  8 13  6  2 10  7  1
  6  8  7  1 10 13  5 16  2 17  4 12 15 11 14 18  9  3
  3  2 18 15 14 12  9  6  8  7 17  5  4 10 16 13  1 11
 10  4 11 13  5 17  1  7 16 15  9  3 12 18  8  2 14  6
 17 16  2  7 18  5 10 13 14  1  6  4  3  9 15 11  8 12
 11  3  8  6  9  4 15  1 12 14  7 16 17 13 10  5 18  2
 13 15  4  2 16  9  6  5  1 12  8 18 11 17  7  3 10 14
 12 10  3  8  7 18 14 17 11 13 15  9 16  1  5  6  2  4
  2 17  5  3  8 15 18  4  9 11  1 13 14  7  6 16 12 10
 16 11 10 12  1  6  7 14 13  3  2 15  5  4 18  8 17  9
  9 12 17 11  4  2  3 10  5 18 14  1  6  8 13 15 16  7
  7  1 14 16 15  8 13 18  6 10 12  2  9  3 11  4  5 17
 18  9 13  4 12 14 16  8 10  6  3  7  2  5 17  1 11 15
  1  6 15  5  2  7 11  3 17  8 13 10 18 14  9 12  4 16
  5  7 16 10 17 11  8 15  4  2 18 14  1 12  3  9  6 13
 14 13  6  9  3  1  2 12 18  5 10 11  7 16  4 17 15  8
