  2 10  7 17  4 16 15  1  3 12  5  6 18  8 13  9 14 11
 11  5 13  9 18 14  8  6 12 15  1 16  3 17  7  4 10  2
  9 11  4  3  7 18 14  8  6 10  2 13 17  1  5 15 12 16
 16 13 12 15 17  2 10  5  1  4 18 14 11  9  8  6  7  3
  6 16  5  2  9 11  7 10 14  8 15 17 12  3  1 13  4 18
 18  8  1 13  3 15 17 12  4  6  7  2 14 11 16 10  9  5
  1  7  2  5  6 17 13 16  8 14 12  4  9 18 11  3 15 10
  3  4 14 10 11  9 12 15 18  1  8  7 13  2  6 16  5 17
  4 14  9  7  1  8 18 17 10  3 13 15 16 12  2  5 11  6
 15  2  3 11  5 12  6 13 16  9 14 10  1  4 17 18  8  7
  7  6 18 12  2  3  1 11  9  5 16  8  4 10 14 17 13 15
 17 15 16  4  8 10  5 14 13 11  9 12  2  6  3  7 18  1
  5  1 15 16 13  4 11 18  7  2 10  3  6 14 12  8 17  9
 10 12 17  8 14  6  3  9  2  7 11 18  5 13 15  1 16  4
  8 17 11 18 12 13  4  3 15 16  6  9  7  5 10  2  1 14
 14  9  6  1 10  7 16  2  5 17  4 11  8 15 18 12  3 13
 12 18 10 14 16  5  2  4 17 13  3  1 15  7  9 11  6  8
 13  3  8  6 15  1  9  7 11 18 17  5 10 16  4 14  2 12
