  2 19  6 11 17 16 10 15 20 12  7  9  8 13  1 14 18  3  5  4
  8 10  4  9 15  5  6 14  3 13 16 20  2 11 18  1 17 19  7 12
  5 18  3 13 16 17  9 11  1  7 12 14 10  4 19 20  2  8 15  6
  1 14 12  7 20  8  4 18  2 19  6  3 15 17  5  9 11 10 16 13
 13  9 20  3  6  1  8 17  5 18 15 19 12 16  4  7 14  2 10 11
 11 12 10  4  7  2 16 19  9 20 18  5  6  8 14  3  1 15 13 17
 14  5 18 17  2  3  7  6  4 15  9  1 13 10 11  8 19 12 20 16
 16  8  1 15 19 14 11 12 13 10  3 17 20  2  7  4  9  5  6 18
  3 16  7  6 11 20  2 10  8  4  1 15  5  9 17 19 13 18 12 14
  9  4 17 10 13  6  5 16 15 11 19 18  7 14 12  2  8  1  3 20
 20  2  5  8 14 12 19 13 18  1 10 16  4  6  3 15  7 17 11  9
 18 15 19 12  1  9  3  7 14 17  2  8 11 20 13 16  5  6  4 10
 17 13 16  5 12 19 20  3 10  2  8  6 18 15  9 11  4 14  1  7
  7 11  8 14  9  4 17  5 12 16 13 10  3  1  2  6 15 20 18 19
 19  3  2  1 10 15 18  9  7  6  4 11 14 12 20 17 16 13  8  5
  4  6 15 20 18 13 14  1 11  8  5  7 17 19 16 12 10  9  2  3
 10  1 14  2  4 18 13  8 17  3 11 12 19  7  6  5 20 16  9 15
  6  7 11 19  5 10 15  2 16 14 20 13  9  3  8 18 12  4 17  1
 15 20  9 16  3  7 12  4 19  5 17  2  1 18 10 13  6 11 14  8
 12 17 13 18  8 11  1 20  6  9 14  4 16  5 15 10  3  7 19  2
