  1 13  8 10  4  7 19  3 11 12  9 16 18 17  6  2 15  5 20 14
 14 11 18 15 20 13  2  9  5  6  7  8  3  4  1 16 17 12 10 19
 19  6  2 12 16 20 10 18  8 17 11  5 13 15 14  9  3  7  1  4
  9  3  7 17  5 16  4 15  1 14 10 19 20  2 12  8 18 11  6 13
  7  5  3 16 14 15  1 10  6 20 18  9  8 11  2  4 13 19 12 17
  2  1 10  4 18  8  3  7 16  9  6 17 19 12 13 11 14 15  5 20
 17  8 15  6 13 14 18 19 12 11 20  1  5 16  4 10  9  2  3  7
 20 12  9 19 11  4 13  5 17  2 15 10 14  3  7 18 16  1  8  6
 15 17 19  7 10 11  6 12  4  5 14 18  9 20 16  1  2  8 13  3
  5 18 20  8  1 10 14  2  3 13 12 11 15  7 17  6  4  9 19 16
  3 16 12 14  2 18 17  1  9 15 13  4  6 19  8  7  5 20 11 10
  6  4 13 11  9 19 16 20  7  8  3  2  1  5 10 17 12 18 14 15
 10 15  1 20 12  6  8 14 13 16 17  7  4  9 19  5 11  3  2 18
 16 14  6  9  7 12 15 17 20 18  2  3 11  8  5 19 10 13  4  1
  8 19  4 18 17  1  5 11  2  3 16 13 10  6 20 15  7 14  9 12
 11  2  5 13  3  9  7  4 19 10  1 15 12 14 18 20  6 17 16  8
 18  9 14  1  8  3 12  6 15  7  5 20 16 10 11 13 19  4 17  2
 12 10 11  2 19  5 20 16 18  1  4 14 17 13 15  3  8  6  7  9
  4  7 16  3 15 17 11 13 14 19  8  6  2  1  9 12 20 10 18  5
 13 20 17  5  6  2  9  8 10  4 19 12  7 18  3 14  1 16 15 11
