  9  8  2 14 13  7  1 17 16 15  3 19  4  5  6 12 11 18 10 20
  3 12  7 19 11  8  6  9  2  4 10 20 15 14 18  5 13 16 17  1
  5  6 20 15  4 12  3 19 10 18 17 16  1 11 13  7  9  2 14  8
 17  1 10 18 16  5 13 11 14 20 12  7  9  8  2 19  3  6 15  4
 16  7 12  2  5  4 19  1 20 14  6 10  8 18  9 15 17 11 13  3
 15  3 18  9 14 16 12  2  7  6  4 11 19 13 17  8  5 20  1 10
 10  4  8  1 19 15  5 13 17 11  2 14 20  7  3  6 16  9 18 12
 13 11  6 20 17 10  9  3 18  8 15 12  5  1 16  4 19 14  2  7
  6 16 17 12  1  3 15 14  9 13 11  5 10 20  8 18  7 19  4  2
 14  5  3  7 18 17  4 16 12 19 13  2  6 15  1 20  8 10 11  9
  2 13  9 10 15  6 20  8 11  7 19  4 18 16 14 17  1  3 12  5
  8 19 11  4 20 18 10  5  1  2  7  3 17  9 12 13  6 15 16 14
 19 10 16  6  2 13 14 18  3 17  8  9 11  4 20  1 12  5  7 15
  4 20  1 17  8  2 16  6 15 12  5 18  7  3 19 10 14 13  9 11
 11 18  5 13 12 20  7 10 19  9  1 17 14  2 15 16  4  8  3  6
  7 15 14  3  9 11  8  4  5  1 16  6 13 12 10  2 18 17 20 19
  1  2  4 16  6 19 17 15  8  3  9 13 12 10 11 14 20  7  5 18
 12  9 13  5 10 14  2 20  6 16 18  1  3 19  7 11 15  4  8 17
 18 14 19  8  7  9 11 12  4 10 20 15 16 17  5  3  2  1  6 13
 20 17 15 11  3  1 18  7 13  5 14  8  2  6  4  9 10 12 19 16
