 15 10 19  8  3  1  7 11  4 14 20 16  5  2 12 18  9 13  6 17
 13  6 12 20  7  5 18  2  3 10 14  4  1 17  9 16 19  8 11 15
  2  9 17  5 14 15  6  8 12 16  3 18 13 11 19  1 20  4  7 10
  4  1 16 11 18 13  9 19 17 20  7 15  8  6 10 12 14  2  3  5
 10 12 11 17 15 18 19 16  6  7  9 13  3  1 20  5  4 14  2  8
 19  3 14  9 20 12 13 10  5  8  6 11 16  4  2 15  1 18 17  7
 18  5  6  2 16 17 15 14  1  4  8 12 10 19  7  9 13 11 20  3
  1  4 13  7  8  2  3  9 20 11 18  5 15 14 17  6 16 10 19 12
 12 15  8 13 17  7  4 18  9  2 11  6 20 16  3 19  5  1 10 14
 20 19 10 16  9  8 11 15 13  5  2 14 18 12  1  3  7 17  4  6
  6  7  4 14 11 20 12  1 16  3  5 19 17 10 15  2 18  9  8 13
  5  2  3 18  1 19 14  6 10 17  4  7  9 13  8 11 12 15 16 20
  9 17  5  4  2 16 20 12 15  6 13  1 14  8 11 10  3  7 18 19
 11 18 20  3 19  4  5 17 14  1 16 10  7  9  6  8 15 12 13  2
 16 14  1 10 12  9  2  7  8 13 15 17 19  3 18 20 11  6  5  4
  8 13  7 15  6 11 10  3 19 18 12  2  4 20  5 14 17 16  9  1
 17 20 15 12 13  3  1  5 18  9 10  8  6  7 16  4  2 19 14 11
  7 11  9  6  4 10 16 20  2 19 17  3 12 15 14 13  8  5  1 18
 14 16  2  1  5  6  8 13  7 15 19 20 11 18  4 17 10  3 12  9
  3  8 18 19 10 14 17  4 11 12  1  9  2  5 13  7  6 20 15 16
