  1 18  2  8  6  5  3 16  4 20 10 12  7 14 11 19 15 13  9 17
 20 11 12  4 10  2  6 18 17 14  5 13 19  9 15  7  3 16  8  1
 14  7  9  5 19 12 15 13  8  1  4 20 17 16  3 11 10  2  6 18
  3 15 17 16 13 10 19  7  9 11  1 18  8  2  6  5  4 14 20 12
  5 13 11 12  7 17  8 19  3 15 20  4  2 18  9  6  1 10 14 16
 18 10 16 20  3 11 12 14  6 13 19  8 15  1  7 17  5  4  2  9
  4  1 19  9 15 20  5 10  2 16  3  6 11 17 14  8  7 18 12 13
  6 14  8  2 17  9  4  1  7 18 12  5 16 13 10 15 19  3 11 20
  9 17  1 11 14  3 18  4 20  2 13 19  5 15 12 10 16  6  7  8
 10  6 18 15  2 14  1 11 19  8 16  3  9  7 17 12 13 20  4  5
 12  4  7 13 20 15 10 17 16  5  2  1 18  6  8  3  9 11 19 14
 16  8  3 19  5 13  9  6 12  7 14 10  4 11 20  2 17  1 18 15
  7 20 14 17  8  4 11  5 10 19 18 16  6 12 13  1  2  9 15  3
 15  3  4  1 16 18 17 12 14  6 11  9 20  5  2 13  8  7 10 19
 13  2  6 18 11 16  7 15  1  9  8 17 10  3 19 20 14 12  5  4
 19 12  5 10  9  8 20  2 13  3  7 15 14  4  1 18 11 17 16  6
 17  5 13  7 12  6 14 20 15 10  9 11  3  8 16  4 18 19  1  2
  8 16 10 14  4  7 13  3  5 12  6  2  1 19 18  9 20 15 17 11
  2 19 15  3 18  1 16  9 11  4 17  7 12 20  5 14  6  8 13 10
 11  9 20  6  1 19  2  8 18 17 15 14 13 10  4 16 12  5  3  7
