 13 20  2 15 18 10  3  6 11  9  5  1 19  8  4  7 16 12 17 14
  5  6  3 10  1  2 18  8 13  4 12 14  7 16 17 19 15  9 11 20
 14 19  8  7 12 20 15  5 16 17 11  9  3 18  6  4 13  2 10  1
  4 11 16  9 17 12 19  7  1 14 10  2 20 13 15  5  8  6 18  3
 16  4 14 13 10  5  8  9  6 11  2 12  1  7 20  3 19 17 15 18
 12 18 20  8 19 14  4 17  7 13  3 11  9 15  5  2  6  1 16 10
  7  5  1 11  2 18 16 20  3 15  8  6 17 19 10 13  9 14 12  4
 15 17  9  3  6 19 12  2 10  1 14 18 13  4 16 20  5 11  7  8
 19 14 13  4 15  8  7 12 18 10 16 17 11  9  3  1 20  5  2  6
  6  3  5  2  7  4 11 19 15 16 20 10 12  1 13 17 18  8 14  9
 17  9 11 12 16 13  2  1 20  6 19  5 18 14  8 10  3  7  4 15
  1 10 18 20  8 17 14  3  9  5 15  7  4  6  2 12 11 19 13 16
  8 12 17 14  9  3 13  4  2 19 18 20  6  5 11 16 10 15  1  7
 18  1  7 16  3  9 17 11 12  8  4 13 15 10 19  6 14 20  5  2
 11 15  6  5  4  1 10 18 14 20 17  3 16  2  7  8 12 13  9 19
 20  2 10 19 13 16  6 15  5  7  9  8 14 12  1 18 17  4  3 11
  9  8  4  6  5 15 20 13 17 18  1 16  2  3 14 11  7 10 19 12
  2  7 12 18 14  6  5 10  4  3 13 19  8 11  9 15  1 16 20 17
  3 13 19  1 20 11  9 16  8  2  7 15 10 17 12 14  4 18  6  5
 10 16 15 17 11  7  1 14 19 12  6  4  5 20 18  9  2  3  8 13
