  6 11 10 13  1  3  5  2 20 14  7 17  9 12  8 15  4 19 16 18
 17  3 20  8 18 11 13 19 15  4  5 14 10 16  1  7  9 12  2  6
 14 12 15  2 19  8 10  9 16  7  4 13 20  6 18  5 17  1 11  3
  9  7 16  5  4  1  6 18 17 12 19  3  2 11 15 20 13 14 10  8
 10 14  3 16 13 18 20 17 11  1  6  4 15  2  5  8 12  9 19  7
 19 15  1  6  2 13  3  5 12  9 11 18 17  8  7 14 10  4 20 16
  4 17  7  9 20 15 16 10 19  8 13  1  3 14 12  2  5 18  6 11
  8  5 11 18 12  4 14  6  7  2 20 19 16 10  9  1 15 13  3 17
  5 19 14  1  6 20 11 13  3 18 17 12  4 15 16  9  7 10  8  2
  7 18  2 15  3  5  1  4  8 19  9 11 13 20 10 16  6 17 12 14
 11  9 12 20 16 14  7 15 10 17  8  5  6 18  2 13 19  3  4  1
 13  4  8 10 17 12  9 16  2  6  3  7 14  1 19 18 20 11 15  5
 20  8  9 11  7 19 15  3 14 13 16  6 12  5  4 17  1  2 18 10
 18 10 17 12  5  2  8 11  9 20  1 15  7  3 13  4 16  6 14 19
  3  2 13  4 15  6 17  7  1 16 14 10 18 19 11 12  8  5  9 20
  1 16  6 19 14 10 18 12  4  5  2 20  8  9 17 11  3 15  7 13
  2 20 18 17  8  9 19 14  5 15 10 16  1  4  6  3 11  7 13 12
 12  6  4 14 11 16  2  1 13 10 15  8  5  7  3 19 18 20 17  9
 16  1 19  7 10 17  4 20 18  3 12  9 11 13 14  6  2  8  5 15
 15 13  5  3  9  7 12  8  6 11 18  2 19 17 20 10 14 16  1  4
