  9 16  6  2 13  5  1 11  7  8 18 12 10  4 15  3 20 14 19 17
 18 13 20  7  1 12 17 16 11 14  5  3 15 19  6  8  2  9  4 10
 14 12 19 10  2 11 18  5 16  4  8  6 13  9  7 17  3 15 20  1
  5 15  9 16 14 20  6  3 13 18  1  4  8 12  2 10 17 19  7 11
 20 11 17 13  6  7  2  4  5 19 14 10 18 16 12  9  1  8  3 15
  2 10 14 18  8  9 20 13  1 17 16 15  3  7  4 19 12 11  6  5
  6 17 12  5 10  4  8  9  3 15 19  7  1 14 11 20 16 13  2 18
  4  3 11 15 17 16 10 19  6 20 13  9  5  2 14  1  7 18  8 12
 19  8  1  4 18  3  7 15  9 12 11  2 20 17 16  5 10  6 14 13
  7  1  3  8 19 15 12 14  2 10 20 17 11  6 13 18  4  5  9 16
 12 18  5 11  4  1 14  7 19  2  3  8  6 10 17 15 13 20 16  9
  3  6 18 12 11 14  5  8 20 13 10 19  7  1  9 16 15  2 17  4
 16  7  8 20  3  6 11 10 14  9 17 18  2 15  1  4  5 12 13 19
 15 19 16  9 12  8 13 18  4  6  7 20 14  5 10  2 11 17  1  3
 17  5 15  6 16  2  4  1  8  7 12 14 19 13  3 11  9 10 18 20
  1 14 13  3 15 19  9  6 12  5  2 16 17 11 20  7 18  4 10  8
 13  9 10  1  7 18  3 12 17 11  6  5  4 20 19 14  8 16 15  2
 10  2  7 19  5 17 16 20 15  3  4 11  9  8 18 13 14  1 12  6
 11 20  4 17  9 10 19  2 18  1 15 13 16  3  8 12  6  7  5 14
  8  4  2 14 20 13 15 17 10 16  9  1 12 18  5  6 19  3 11  7
