 15 19 13  1 22  9 14  7  4  2 11  3 17  6 21 12 16  8 18  5 20 10
 13 20 15  4  8 16 22  6 19  9  2 10 21 11  3 18 14 17  1  7 12  5
 14  8 16  9 15 12 20  3  6 11 13  5  2 19 22  7 18 10  4 17  1 21
  4  7 19 18 13  6  9  5 14  3  8  1 22 15 11  2 21 20 10 12 17 16
 12  5  7 17  1  2 15  4 16 10 20 22  8  3 19  9  6 13 21 11 18 14
 17 22 12  5  7 21  2 16 20 18  9  4 10 14  6 13 19  1 15  8 11  3
  6 10 14  3 18 20  1 13  7 17 16 21 12  9  8 15 11  5 22 19  4  2
 16  1  8  2  5 17 12 11 13 21 19  6 18 20 10  4 22  9  3 14  7 15
  2  9 20 22 19 11 21 10 15 12 18  7  5  1 17 14  3  4  6 16  8 13
 18  3 21 11 14 10 17 19 22  8 15 12  4 16  1  5  2  7 13 20  6  9
 21 11 10  6  4  3  8 18  5  1 14 17  7 13 20 16 12 15  2  9 19 22
  9  6  4 14 21 15  7 20 18 16 10 19 13 12  2  1  8 22 17  3  5 11
 10  2 18  8  3  5 19  1 21 15 22 11  9 17 12 20  7 14 16  6 13  4
 22 13  2 20  9  8  5 15 11  4  6 14 19 21  7 10 17 16 12  1  3 18
  7 17 11 15 12 18  3  8 10  5  4 16 20  2 13 22  9  6 19 21 14  1
  5 12 22 10  6 13 16 21  9 20  1 18  3  7 14 17  4 19 11 15  2  8
  3 21  9  7 20  1 18  2  8 13 17 15  6 22  4 19  5 11 14 10 16 12
  8 15  6 19 11  7  4  9  1 22 21 20 14 18 16  3 13 12  5  2 10 17
 19 18  3 13 16 14  6 22 17  7 12  2 11 10  5  8  1 21  9  4 15 20
 11 14 17 16  2 22 10 12  3  6  5  8  1  4 15 21 20 18  7 13  9 19
  1  4  5 21 10 19 11 17 12 14  3 13 16  8  9  6 15  2 20 18 22  7
 20 16  1 12 17  4 13 14  2 19  7  9 15  5 18 11 10  3  8 22 21  6
