 34 32 35 29 33 30 31 40 39 38 41 42 37 36 44 47 43 49 45 46 48 51 53 56 54 50 55 52  4  5  7  3  6  1  2 13 14  9  8 12 11 10 15 20 17 21 16 19 18 28 27 25 22 26 23 24
 27 25 28 22 26 23 24 33 32 31 34 35 30 29 37 40 36 42 38 39 41 44 46 49 47 43 48 45 53 54 56 52 55 50 51  6  7  2  1  5  4  3  8 13 10 14  9 12 11 21 20 18 15 19 16 17
 20 18 21 15 19 16 17 26 25 24 27 28 23 22 30 33 29 35 31 32 34 37 39 42 40 36 41 38 46 47 49 45 48 43 44 55 56 51 50 54 53 52  1  6  3  7  2  5  4 14 13 11  8 12  9 10
 41 39 42 36 40 37 38 47 46 45 48 49 44 43 51 54 50 56 52 53 55  2  4  7  5  1  6  3 11 12 14 10 13  8  9 20 21 16 15 19 18 17 22 27 24 28 23 26 25 35 34 32 29 33 30 31
 55 53 56 50 54 51 52  5  4  3  6  7  2  1  9 12  8 14 10 11 13 16 18 21 19 15 20 17 25 26 28 24 27 22 23 34 35 30 29 33 32 31 36 41 38 42 37 40 39 49 48 46 43 47 44 45
 48 46 49 43 47 44 45 54 53 52 55 56 51 50  2  5  1  7  3  4  6  9 11 14 12  8 13 10 18 19 21 17 20 15 16 27 28 23 22 26 25 24 29 34 31 35 30 33 32 42 41 39 36 40 37 38
  6  4  7  1  5  2  3 12 11 10 13 14  9  8 16 19 15 21 17 18 20 23 25 28 26 22 27 24 32 33 35 31 34 29 30 41 42 37 36 40 39 38 43 48 45 49 44 47 46 56 55 53 50 54 51 52
 13 11 14  8 12  9 10 19 18 17 20 21 16 15 23 26 22 28 24 25 27 30 32 35 33 29 34 31 39 40 42 38 41 36 37 48 49 44 43 47 46 45 50 55 52 56 51 54 53  7  6  4  1  5  2  3
 42 40 36 37 41 38 39 48 47 46 49 43 45 44 52 55 51 50 53 54 56  3  5  1  6  2  7  4 12 13  8 11 14  9 10 21 15 17 16 20 19 18 23 28 25 22 24 27 26 29 35 33 30 34 31 32
 35 33 29 30 34 31 32 41 40 39 42 36 38 37 45 48 44 43 46 47 49 52 54 50 55 51 56 53  5  6  1  4  7  2  3 14  8 10  9 13 12 11 16 21 18 15 17 20 19 22 28 26 23 27 24 25
 49 47 43 44 48 45 46 55 54 53 56 50 52 51  3  6  2  1  4  5  7 10 12  8 13  9 14 11 19 20 15 18 21 16 17 28 22 24 23 27 26 25 30 35 32 29 31 34 33 36 42 40 37 41 38 39
 56 54 50 51 55 52 53  6  5  4  7  1  3  2 10 13  9  8 11 12 14 17 19 15 20 16 21 18 26 27 22 25 28 23 24 35 29 31 30 34 33 32 37 42 39 36 38 41 40 43 49 47 44 48 45 46
 21 19 15 16 20 17 18 27 26 25 28 22 24 23 31 34 30 29 32 33 35 38 40 36 41 37 42 39 47 48 43 46 49 44 45 56 50 52 51 55 54 53  2  7  4  1  3  6  5  8 14 12  9 13 10 11
 28 26 22 23 27 24 25 34 33 32 35 29 31 30 38 41 37 36 39 40 42 45 47 43 48 44 49 46 54 55 50 53 56 51 52  7  1  3  2  6  5  4  9 14 11  8 10 13 12 15 21 19 16 20 17 18
 14 12  8  9 13 10 11 20 19 18 21 15 17 16 24 27 23 22 25 26 28 31 33 29 34 30 35 32 40 41 36 39 42 37 38 49 43 45 44 48 47 46 51 56 53 50 52 55 54  1  7  5  2  6  3  4
  7  5  1  2  6  3  4 13 12 11 14  8 10  9 17 20 16 15 18 19 21 24 26 22 27 23 28 25 33 34 29 32 35 30 31 42 36 38 37 41 40 39 44 49 46 43 45 48 47 50 56 54 51 55 52 53
 36 41 37 38 42 39 40 49 48 47 43 44 46 45 53 56 52 51 54 55 50  4  6  2  7  3  1  5 13 14  9 12  8 10 11 15 16 18 17 21 20 19 24 22 26 23 25 28 27 30 29 34 31 35 32 33
  1  6  2  3  7  4  5 14 13 12  8  9 11 10 18 21 17 16 19 20 15 25 27 23 28 24 22 26 34 35 30 33 29 31 32 36 37 39 38 42 41 40 45 43 47 44 46 49 48 51 50 55 52 56 53 54
 15 20 16 17 21 18 19 28 27 26 22 23 25 24 32 35 31 30 33 34 29 39 41 37 42 38 36 40 48 49 44 47 43 45 46 50 51 53 52 56 55 54  3  1  5  2  4  7  6  9  8 13 10 14 11 12
 43 48 44 45 49 46 47 56 55 54 50 51 53 52  4  7  3  2  5  6  1 11 13  9 14 10  8 12 20 21 16 19 15 17 18 22 23 25 24 28 27 26 31 29 33 30 32 35 34 37 36 41 38 42 39 40
 29 34 30 31 35 32 33 42 41 40 36 37 39 38 46 49 45 44 47 48 43 53 55 51 56 52 50 54  6  7  2  5  1  3  4  8  9 11 10 14 13 12 17 15 19 16 18 21 20 23 22 27 24 28 25 26
 50 55 51 52 56 53 54  7  6  5  1  2  4  3 11 14 10  9 12 13  8 18 20 16 21 17 15 19 27 28 23 26 22 24 25 29 30 32 31 35 34 33 38 36 40 37 39 42 41 44 43 48 45 49 46 47
  8 13  9 10 14 11 12 21 20 19 15 16 18 17 25 28 24 23 26 27 22 32 34 30 35 31 29 33 41 42 37 40 36 38 39 43 44 46 45 49 48 47 52 50 54 51 53 56 55  2  1  6  3  7  4  5
 22 27 23 24 28 25 26 35 34 33 29 30 32 31 39 42 38 37 40 41 36 46 48 44 49 45 43 47 55 56 51 54 50 52 53  1  2  4  3  7  6  5 10  8 12  9 11 14 13 16 15 20 17 21 18 19
 30 35 31 32 29 33 34 36 42 41 37 38 40 39 47 43 46 45 48 49 44 54 56 52 50 53 51 55  7  1  3  6  2  4  5  9 10 12 11  8 14 13 18 16 20 17 19 15 21 24 23 28 25 22 26 27
 51 56 52 53 50 54 55  1  7  6  2  3  5  4 12  8 11 10 13 14  9 19 21 17 15 18 16 20 28 22 24 27 23 25 26 30 31 33 32 29 35 34 39 37 41 38 40 36 42 45 44 49 46 43 47 48
  2  7  3  4  1  5  6  8 14 13  9 10 12 11 19 15 18 17 20 21 16 26 28 24 22 25 23 27 35 29 31 34 30 32 33 37 38 40 39 36 42 41 46 44 48 45 47 43 49 52 51 56 53 50 54 55
  9 14 10 11  8 12 13 15 21 20 16 17 19 18 26 22 25 24 27 28 23 33 35 31 29 32 30 34 42 36 38 41 37 39 40 44 45 47 46 43 49 48 53 51 55 52 54 50 56  3  2  7  4  1  5  6
 23 28 24 25 22 26 27 29 35 34 30 31 33 32 40 36 39 38 41 42 37 47 49 45 43 46 44 48 56 50 52 55 51 53 54  2  3  5  4  1  7  6 11  9 13 10 12  8 14 17 16 21 18 15 19 20
 16 21 17 18 15 19 20 22 28 27 23 24 26 25 33 29 32 31 34 35 30 40 42 38 36 39 37 41 49 43 45 48 44 46 47 51 52 54 53 50 56 55  4  2  6  3  5  1  7 10  9 14 11  8 12 13
 37 42 38 39 36 40 41 43 49 48 44 45 47 46 54 50 53 52 55 56 51  5  7  3  1  4  2  6 14  8 10 13  9 11 12 16 17 19 18 15 21 20 25 23 27 24 26 22 28 31 30 35 32 29 33 34
 44 49 45 46 43 47 48 50 56 55 51 52 54 53  5  1  4  3  6  7  2 12 14 10  8 11  9 13 21 15 17 20 16 18 19 23 24 26 25 22 28 27 32 30 34 31 33 29 35 38 37 42 39 36 40 41
 38 36 39 40 37 41 42 44 43 49 45 46 48 47 55 51 54 53 56 50 52  6  1  4  2  5  3  7  8  9 11 14 10 12 13 17 18 20 19 16 15 21 26 24 28 25 27 23 22 32 31 29 33 30 34 35
 45 43 46 47 44 48 49 51 50 56 52 53 55 54  6  2  5  4  7  1  3 13  8 11  9 12 10 14 15 16 18 21 17 19 20 24 25 27 26 23 22 28 33 31 35 32 34 30 29 39 38 36 40 37 41 42
 31 29 32 33 30 34 35 37 36 42 38 39 41 40 48 44 47 46 49 43 45 55 50 53 51 54 52 56  1  2  4  7  3  5  6 10 11 13 12  9  8 14 19 17 21 18 20 16 15 25 24 22 26 23 27 28
 10  8 11 12  9 13 14 16 15 21 17 18 20 19 27 23 26 25 28 22 24 34 29 32 30 33 31 35 36 37 39 42 38 40 41 45 46 48 47 44 43 49 54 52 56 53 55 51 50  4  3  1  5  2  6  7
 52 50 53 54 51 55 56  2  1  7  3  4  6  5 13  9 12 11 14  8 10 20 15 18 16 19 17 21 22 23 25 28 24 26 27 31 32 34 33 30 29 35 40 38 42 39 41 37 36 46 45 43 47 44 48 49
 17 15 18 19 16 20 21 23 22 28 24 25 27 26 34 30 33 32 35 29 31 41 36 39 37 40 38 42 43 44 46 49 45 47 48 52 53 55 54 51 50 56  5  3  7  4  6  2  1 11 10  8 12  9 13 14
  3  1  4  5  2  6  7  9  8 14 10 11 13 12 20 16 19 18 21 15 17 27 22 25 23 26 24 28 29 30 32 35 31 33 34 38 39 41 40 37 36 42 47 45 49 46 48 44 43 53 52 50 54 51 55 56
 24 22 25 26 23 27 28 30 29 35 31 32 34 33 41 37 40 39 42 36 38 48 43 46 44 47 45 49 50 51 53 56 52 54 55  3  4  6  5  2  1  7 12 10 14 11 13  9  8 18 17 15 19 16 20 21
 25 23 26 27 24 28 22 31 30 29 32 33 35 34 42 38 41 40 36 37 39 49 44 47 45 48 46 43 51 52 54 50 53 55 56  4  5  7  6  3  2  1 13 11  8 12 14 10  9 19 18 16 20 17 21 15
  4  2  5  6  3  7  1 10  9  8 11 12 14 13 21 17 20 19 15 16 18 28 23 26 24 27 25 22 30 31 33 29 32 34 35 39 40 42 41 38 37 36 48 46 43 47 49 45 44 54 53 51 55 52 56 50
 11  9 12 13 10 14  8 17 16 15 18 19 21 20 28 24 27 26 22 23 25 35 30 33 31 34 32 29 37 38 40 36 39 41 42 46 47 49 48 45 44 43 55 53 50 54 56 52 51  5  4  2  6  3  7  1
 32 30 33 34 31 35 29 38 37 36 39 40 42 41 49 45 48 47 43 44 46 56 51 54 52 55 53 50  2  3  5  1  4  6  7 11 12 14 13 10  9  8 20 18 15 19 21 17 16 26 25 23 27 24 28 22
 46 44 47 48 45 49 43 52 51 50 53 54 56 55  7  3  6  5  1  2  4 14  9 12 10 13 11  8 16 17 19 15 18 20 21 25 26 28 27 24 23 22 34 32 29 33 35 31 30 40 39 37 41 38 42 36
 53 51 54 55 52 56 50  3  2  1  4  5  7  6 14 10 13 12  8  9 11 21 16 19 17 20 18 15 23 24 26 22 25 27 28 32 33 35 34 31 30 29 41 39 36 40 42 38 37 47 46 44 48 45 49 43
 39 37 40 41 38 42 36 45 44 43 46 47 49 48 56 52 55 54 50 51 53  7  2  5  3  6  4  1  9 10 12  8 11 13 14 18 19 21 20 17 16 15 27 25 22 26 28 24 23 33 32 30 34 31 35 29
 18 16 19 20 17 21 15 24 23 22 25 26 28 27 35 31 34 33 29 30 32 42 37 40 38 41 39 36 44 45 47 43 46 48 49 53 54 56 55 52 51 50  6  4  1  5  7  3  2 12 11  9 13 10 14  8
 12 10 13 14 11  8  9 18 17 16 19 20 15 21 22 25 28 27 23 24 26 29 31 34 32 35 33 30 38 39 41 37 40 42 36 47 48 43 49 46 45 44 56 54 51 55 50 53 52  6  5  3  7  4  1  2
 19 17 20 21 18 15 16 25 24 23 26 27 22 28 29 32 35 34 30 31 33 36 38 41 39 42 40 37 45 46 48 44 47 49 43 54 55 50 56 53 52 51  7  5  2  6  1  4  3 13 12 10 14 11  8  9
 33 31 34 35 32 29 30 39 38 37 40 41 36 42 43 46 49 48 44 45 47 50 52 55 53 56 54 51  3  4  6  2  5  7  1 12 13  8 14 11 10  9 21 19 16 20 15 18 17 27 26 24 28 25 22 23
 26 24 27 28 25 22 23 32 31 30 33 34 29 35 36 39 42 41 37 38 40 43 45 48 46 49 47 44 52 53 55 51 54 56 50  5  6  1  7  4  3  2 14 12  9 13  8 11 10 20 19 17 21 18 15 16
 40 38 41 42 39 36 37 46 45 44 47 48 43 49 50 53 56 55 51 52 54  1  3  6  4  7  5  2 10 11 13  9 12 14  8 19 20 15 21 18 17 16 28 26 23 27 22 25 24 34 33 31 35 32 29 30
 54 52 55 56 53 50 51  4  3  2  5  6  1  7  8 11 14 13  9 10 12 15 17 20 18 21 19 16 24 25 27 23 26 28 22 33 34 29 35 32 31 30 42 40 37 41 36 39 38 48 47 45 49 46 43 44
 47 45 48 49 46 43 44 53 52 51 54 55 50 56  1  4  7  6  2  3  5  8 10 13 11 14 12  9 17 18 20 16 19 21 15 26 27 22 28 25 24 23 35 33 30 34 29 32 31 41 40 38 42 39 36 37
  5  3  6  7  4  1  2 11 10  9 12 13  8 14 15 18 21 20 16 17 19 22 24 27 25 28 26 23 31 32 34 30 33 35 29 40 41 36 42 39 38 37 49 47 44 48 43 46 45 55 54 52 56 53 50 51
