  31  32  34  36  33  37  39  40  38  35  47  50  43  48  46  44  49  45  41  42  52  51  56  59  54  53  60  57  58  55  64  65  68  63  66  67  70  61  69  62  72  73  75  71  74  78  79  77  80  76  84  87  82  81  88  90  85  89  86  83  96  94  92  95  93  98 100  99  97  91  10   3   8   7   9   5   4   2   1   6  16  14  19  17  20  18  13  15  11  12  25  27  28  23  22  26  21  24  29  30
  91  92  94  96  93  97  99 100  98  95   7  10   3   8   6   4   9   5   1   2  12  11  16  19  14  13  20  17  18  15  24  25  28  23  26  27  30  21  29  22  32  33  35  31  34  38  39  37  40  36  44  47  42  41  48  50  45  49  46  43  56  54  52  55  53  58  60  59  57  51  70  63  68  67  69  65  64  62  61  66  76  74  79  77  80  78  73  75  71  72  85  87  88  83  82  86  81  84  89  90
  11  12  14  16  13  17  19  20  18  15  27  30  23  28  26  24  29  25  21  22  32  31  36  39  34  33  40  37  38  35  44  45  48  43  46  47  50  41  49  42  52  53  55  51  54  58  59  57  60  56  64  67  62  61  68  70  65  69  66  63  76  74  72  75  73  78  80  79  77  71  90  83  88  87  89  85  84  82  81  86  96  94  99  97 100  98  93  95  91  92   5   7   8   3   2   6   1   4   9  10
  51  52  54  56  53  57  59  60  58  55  67  70  63  68  66  64  69  65  61  62  72  71  76  79  74  73  80  77  78  75  84  85  88  83  86  87  90  81  89  82  92  93  95  91  94  98  99  97 100  96   4   7   2   1   8  10   5   9   6   3  16  14  12  15  13  18  20  19  17  11  30  23  28  27  29  25  24  22  21  26  36  34  39  37  40  38  33  35  31  32  45  47  48  43  42  46  41  44  49  50
  71  72  74  76  73  77  79  80  78  75  87  90  83  88  86  84  89  85  81  82  92  91  96  99  94  93 100  97  98  95   4   5   8   3   6   7  10   1   9   2  12  13  15  11  14  18  19  17  20  16  24  27  22  21  28  30  25  29  26  23  36  34  32  35  33  38  40  39  37  31  50  43  48  47  49  45  44  42  41  46  56  54  59  57  60  58  53  55  51  52  65  67  68  63  62  66  61  64  69  70
  21  22  24  26  23  27  29  30  28  25  37  40  33  38  36  34  39  35  31  32  42  41  46  49  44  43  50  47  48  45  54  55  58  53  56  57  60  51  59  52  62  63  65  61  64  68  69  67  70  66  74  77  72  71  78  80  75  79  76  73  86  84  82  85  83  88  90  89  87  81 100  93  98  97  99  95  94  92  91  96   6   4   9   7  10   8   3   5   1   2  15  17  18  13  12  16  11  14  19  20
   1   2   4   6   3   7   9  10   8   5  17  20  13  18  16  14  19  15  11  12  22  21  26  29  24  23  30  27  28  25  34  35  38  33  36  37  40  31  39  32  42  43  45  41  44  48  49  47  50  46  54  57  52  51  58  60  55  59  56  53  66  64  62  65  63  68  70  69  67  61  80  73  78  77  79  75  74  72  71  76  86  84  89  87  90  88  83  85  81  82  95  97  98  93  92  96  91  94  99 100
  61  62  64  66  63  67  69  70  68  65  77  80  73  78  76  74  79  75  71  72  82  81  86  89  84  83  90  87  88  85  94  95  98  93  96  97 100  91  99  92   2   3   5   1   4   8   9   7  10   6  14  17  12  11  18  20  15  19  16  13  26  24  22  25  23  28  30  29  27  21  40  33  38  37  39  35  34  32  31  36  46  44  49  47  50  48  43  45  41  42  55  57  58  53  52  56  51  54  59  60
  81  82  84  86  83  87  89  90  88  85  97 100  93  98  96  94  99  95  91  92   2   1   6   9   4   3  10   7   8   5  14  15  18  13  16  17  20  11  19  12  22  23  25  21  24  28  29  27  30  26  34  37  32  31  38  40  35  39  36  33  46  44  42  45  43  48  50  49  47  41  60  53  58  57  59  55  54  52  51  56  66  64  69  67  70  68  63  65  61  62  75  77  78  73  72  76  71  74  79  80
  41  42  44  46  43  47  49  50  48  45  57  60  53  58  56  54  59  55  51  52  62  61  66  69  64  63  70  67  68  65  74  75  78  73  76  77  80  71  79  72  82  83  85  81  84  88  89  87  90  86  94  97  92  91  98 100  95  99  96  93   6   4   2   5   3   8  10   9   7   1  20  13  18  17  19  15  14  12  11  16  26  24  29  27  30  28  23  25  21  22  35  37  38  33  32  36  31  34  39  40
  62  63  65  67  64  68  70  61  69  66  78  71  74  79  77  75  80  76  72  73  83  82  87  90  85  84  81  88  89  86  95  96  99  94  97  98  91  92 100  93   3   4   6   2   5   9  10   8   1   7  15  18  13  12  19  11  16  20  17  14  27  25  23  26  24  29  21  30  28  22  31  34  39  38  40  36  35  33  32  37  47  45  50  48  41  49  44  46  42  43  56  58  59  54  53  57  52  55  60  51
  82  83  85  87  84  88  90  81  89  86  98  91  94  99  97  95 100  96  92  93   3   2   7  10   5   4   1   8   9   6  15  16  19  14  17  18  11  12  20  13  23  24  26  22  25  29  30  28  21  27  35  38  33  32  39  31  36  40  37  34  47  45  43  46  44  49  41  50  48  42  51  54  59  58  60  56  55  53  52  57  67  65  70  68  61  69  64  66  62  63  76  78  79  74  73  77  72  75  80  71
  22  23  25  27  24  28  30  21  29  26  38  31  34  39  37  35  40  36  32  33  43  42  47  50  45  44  41  48  49  46  55  56  59  54  57  58  51  52  60  53  63  64  66  62  65  69  70  68  61  67  75  78  73  72  79  71  76  80  77  74  87  85  83  86  84  89  81  90  88  82  91  94  99  98 100  96  95  93  92  97   7   5  10   8   1   9   4   6   2   3  16  18  19  14  13  17  12  15  20  11
  42  43  45  47  44  48  50  41  49  46  58  51  54  59  57  55  60  56  52  53  63  62  67  70  65  64  61  68  69  66  75  76  79  74  77  78  71  72  80  73  83  84  86  82  85  89  90  88  81  87  95  98  93  92  99  91  96 100  97  94   7   5   3   6   4   9   1  10   8   2  11  14  19  18  20  16  15  13  12  17  27  25  30  28  21  29  24  26  22  23  36  38  39  34  33  37  32  35  40  31
  72  73  75  77  74  78  80  71  79  76  88  81  84  89  87  85  90  86  82  83  93  92  97 100  95  94  91  98  99  96   5   6   9   4   7   8   1   2  10   3  13  14  16  12  15  19  20  18  11  17  25  28  23  22  29  21  26  30  27  24  37  35  33  36  34  39  31  40  38  32  41  44  49  48  50  46  45  43  42  47  57  55  60  58  51  59  54  56  52  53  66  68  69  64  63  67  62  65  70  61
  32  33  35  37  34  38  40  31  39  36  48  41  44  49  47  45  50  46  42  43  53  52  57  60  55  54  51  58  59  56  65  66  69  64  67  68  61  62  70  63  73  74  76  72  75  79  80  78  71  77  85  88  83  82  89  81  86  90  87  84  97  95  93  96  94  99  91 100  98  92   1   4   9   8  10   6   5   3   2   7  17  15  20  18  11  19  14  16  12  13  26  28  29  24  23  27  22  25  30  21
  52  53  55  57  54  58  60  51  59  56  68  61  64  69  67  65  70  66  62  63  73  72  77  80  75  74  71  78  79  76  85  86  89  84  87  88  81  82  90  83  93  94  96  92  95  99 100  98  91  97   5   8   3   2   9   1   6  10   7   4  17  15  13  16  14  19  11  20  18  12  21  24  29  28  30  26  25  23  22  27  37  35  40  38  31  39  34  36  32  33  46  48  49  44  43  47  42  45  50  41
  92  93  95  97  94  98 100  91  99  96   8   1   4   9   7   5  10   6   2   3  13  12  17  20  15  14  11  18  19  16  25  26  29  24  27  28  21  22  30  23  33  34  36  32  35  39  40  38  31  37  45  48  43  42  49  41  46  50  47  44  57  55  53  56  54  59  51  60  58  52  61  64  69  68  70  66  65  63  62  67  77  75  80  78  71  79  74  76  72  73  86  88  89  84  83  87  82  85  90  81
   2   3   5   7   4   8  10   1   9   6  18  11  14  19  17  15  20  16  12  13  23  22  27  30  25  24  21  28  29  26  35  36  39  34  37  38  31  32  40  33  43  44  46  42  45  49  50  48  41  47  55  58  53  52  59  51  56  60  57  54  67  65  63  66  64  69  61  70  68  62  71  74  79  78  80  76  75  73  72  77  87  85  90  88  81  89  84  86  82  83  96  98  99  94  93  97  92  95 100  91
  12  13  15  17  14  18  20  11  19  16  28  21  24  29  27  25  30  26  22  23  33  32  37  40  35  34  31  38  39  36  45  46  49  44  47  48  41  42  50  43  53  54  56  52  55  59  60  58  51  57  65  68  63  62  69  61  66  70  67  64  77  75  73  76  74  79  71  80  78  72  81  84  89  88  90  86  85  83  82  87  97  95 100  98  91  99  94  96  92  93   6   8   9   4   3   7   2   5  10   1
  63  64  66  68  65  69  61  62  70  67  79  72  75  80  78  76  71  77  73  74  84  83  88  81  86  85  82  89  90  87  96  97 100  95  98  99  92  93  91  94   4   5   7   3   6  10   1   9   2   8  16  19  14  13  20  12  17  11  18  15  28  26  24  27  25  30  22  21  29  23  32  35  40  39  31  37  36  34  33  38  48  46  41  49  42  50  45  47  43  44  57  59  60  55  54  58  53  56  51  52
  93  94  96  98  95  99  91  92 100  97   9   2   5  10   8   6   1   7   3   4  14  13  18  11  16  15  12  19  20  17  26  27  30  25  28  29  22  23  21  24  34  35  37  33  36  40  31  39  32  38  46  49  44  43  50  42  47  41  48  45  58  56  54  57  55  60  52  51  59  53  62  65  70  69  61  67  66  64  63  68  78  76  71  79  72  80  75  77  73  74  87  89  90  85  84  88  83  86  81  82
   3   4   6   8   5   9   1   2  10   7  19  12  15  20  18  16  11  17  13  14  24  23  28  21  26  25  22  29  30  27  36  37  40  35  38  39  32  33  31  34  44  45  47  43  46  50  41  49  42  48  56  59  54  53  60  52  57  51  58  55  68  66  64  67  65  70  62  61  69  63  72  75  80  79  71  77  76  74  73  78  88  86  81  89  82  90  85  87  83  84  97  99 100  95  94  98  93  96  91  92
  83  84  86  88  85  89  81  82  90  87  99  92  95 100  98  96  91  97  93  94   4   3   8   1   6   5   2   9  10   7  16  17  20  15  18  19  12  13  11  14  24  25  27  23  26  30  21  29  22  28  36  39  34  33  40  32  37  31  38  35  48  46  44  47  45  50  42  41  49  43  52  55  60  59  51  57  56  54  53  58  68  66  61  69  62  70  65  67  63  64  77  79  80  75  74  78  73  76  71  72
  33  34  36  38  35  39  31  32  40  37  49  42  45  50  48  46  41  47  43  44  54  53  58  51  56  55  52  59  60  57  66  67  70  65  68  69  62  63  61  64  74  75  77  73  76  80  71  79  72  78  86  89  84  83  90  82  87  81  88  85  98  96  94  97  95 100  92  91  99  93   2   5  10   9   1   7   6   4   3   8  18  16  11  19  12  20  15  17  13  14  27  29  30  25  24  28  23  26  21  22
  53  54  56  58  55  59  51  52  60  57  69  62  65  70  68  66  61  67  63  64  74  73  78  71  76  75  72  79  80  77  86  87  90  85  88  89  82  83  81  84  94  95  97  93  96 100  91  99  92  98   6   9   4   3  10   2   7   1   8   5  18  16  14  17  15  20  12  11  19  13  22  25  30  29  21  27  26  24  23  28  38  36  31  39  32  40  35  37  33  34  47  49  50  45  44  48  43  46  41  42
  23  24  26  28  25  29  21  22  30  27  39  32  35  40  38  36  31  37  33  34  44  43  48  41  46  45  42  49  50  47  56  57  60  55  58  59  52  53  51  54  64  65  67  63  66  70  61  69  62  68  76  79  74  73  80  72  77  71  78  75  88  86  84  87  85  90  82  81  89  83  92  95 100  99  91  97  96  94  93  98   8   6   1   9   2  10   5   7   3   4  17  19  20  15  14  18  13  16  11  12
  43  44  46  48  45  49  41  42  50  47  59  52  55  60  58  56  51  57  53  54  64  63  68  61  66  65  62  69  70  67  76  77  80  75  78  79  72  73  71  74  84  85  87  83  86  90  81  89  82  88  96  99  94  93 100  92  97  91  98  95   8   6   4   7   5  10   2   1   9   3  12  15  20  19  11  17  16  14  13  18  28  26  21  29  22  30  25  27  23  24  37  39  40  35  34  38  33  36  31  32
  13  14  16  18  15  19  11  12  20  17  29  22  25  30  28  26  21  27  23  24  34  33  38  31  36  35  32  39  40  37  46  47  50  45  48  49  42  43  41  44  54  55  57  53  56  60  51  59  52  58  66  69  64  63  70  62  67  61  68  65  78  76  74  77  75  80  72  71  79  73  82  85  90  89  81  87  86  84  83  88  98  96  91  99  92 100  95  97  93  94   7   9  10   5   4   8   3   6   1   2
  73  74  76  78  75  79  71  72  80  77  89  82  85  90  88  86  81  87  83  84  94  93  98  91  96  95  92  99 100  97   6   7  10   5   8   9   2   3   1   4  14  15  17  13  16  20  11  19  12  18  26  29  24  23  30  22  27  21  28  25  38  36  34  37  35  40  32  31  39  33  42  45  50  49  41  47  46  44  43  48  58  56  51  59  52  60  55  57  53  54  67  69  70  65  64  68  63  66  61  62
  94  95  97  99  96 100  92  93  91  98  10   3   6   1   9   7   2   8   4   5  15  14  19  12  17  16  13  20  11  18  27  28  21  26  29  30  23  24  22  25  35  36  38  34  37  31  32  40  33  39  47  50  45  44  41  43  48  42  49  46  59  57  55  58  56  51  53  52  60  54  63  66  61  70  62  68  67  65  64  69  79  77  72  80  73  71  76  78  74  75  88  90  81  86  85  89  84  87  82  83
  54  55  57  59  56  60  52  53  51  58  70  63  66  61  69  67  62  68  64  65  75  74  79  72  77  76  73  80  71  78  87  88  81  86  89  90  83  84  82  85  95  96  98  94  97  91  92 100  93  99   7  10   5   4   1   3   8   2   9   6  19  17  15  18  16  11  13  12  20  14  23  26  21  30  22  28  27  25  24  29  39  37  32  40  33  31  36  38  34  35  48  50  41  46  45  49  44  47  42  43
  44  45  47  49  46  50  42  43  41  48  60  53  56  51  59  57  52  58  54  55  65  64  69  62  67  66  63  70  61  68  77  78  71  76  79  80  73  74  72  75  85  86  88  84  87  81  82  90  83  89  97 100  95  94  91  93  98  92  99  96   9   7   5   8   6   1   3   2  10   4  13  16  11  20  12  18  17  15  14  19  29  27  22  30  23  21  26  28  24  25  38  40  31  36  35  39  34  37  32  33
  34  35  37  39  36  40  32  33  31  38  50  43  46  41  49  47  42  48  44  45  55  54  59  52  57  56  53  60  51  58  67  68  61  66  69  70  63  64  62  65  75  76  78  74  77  71  72  80  73  79  87  90  85  84  81  83  88  82  89  86  99  97  95  98  96  91  93  92 100  94   3   6   1  10   2   8   7   5   4   9  19  17  12  20  13  11  16  18  14  15  28  30  21  26  25  29  24  27  22  23
  74  75  77  79  76  80  72  73  71  78  90  83  86  81  89  87  82  88  84  85  95  94  99  92  97  96  93 100  91  98   7   8   1   6   9  10   3   4   2   5  15  16  18  14  17  11  12  20  13  19  27  30  25  24  21  23  28  22  29  26  39  37  35  38  36  31  33  32  40  34  43  46  41  50  42  48  47  45  44  49  59  57  52  60  53  51  56  58  54  55  68  70  61  66  65  69  64  67  62  63
  24  25  27  29  26  30  22  23  21  28  40  33  36  31  39  37  32  38  34  35  45  44  49  42  47  46  43  50  41  48  57  58  51  56  59  60  53  54  52  55  65  66  68  64  67  61  62  70  63  69  77  80  75  74  71  73  78  72  79  76  89  87  85  88  86  81  83  82  90  84  93  96  91 100  92  98  97  95  94  99   9   7   2  10   3   1   6   8   4   5  18  20  11  16  15  19  14  17  12  13
  14  15  17  19  16  20  12  13  11  18  30  23  26  21  29  27  22  28  24  25  35  34  39  32  37  36  33  40  31  38  47  48  41  46  49  50  43  44  42  45  55  56  58  54  57  51  52  60  53  59  67  70  65  64  61  63  68  62  69  66  79  77  75  78  76  71  73  72  80  74  83  86  81  90  82  88  87  85  84  89  99  97  92 100  93  91  96  98  94  95   8  10   1   6   5   9   4   7   2   3
  64  65  67  69  66  70  62  63  61  68  80  73  76  71  79  77  72  78  74  75  85  84  89  82  87  86  83  90  81  88  97  98  91  96  99 100  93  94  92  95   5   6   8   4   7   1   2  10   3   9  17  20  15  14  11  13  18  12  19  16  29  27  25  28  26  21  23  22  30  24  33  36  31  40  32  38  37  35  34  39  49  47  42  50  43  41  46  48  44  45  58  60  51  56  55  59  54  57  52  53
  84  85  87  89  86  90  82  83  81  88 100  93  96  91  99  97  92  98  94  95   5   4   9   2   7   6   3  10   1   8  17  18  11  16  19  20  13  14  12  15  25  26  28  24  27  21  22  30  23  29  37  40  35  34  31  33  38  32  39  36  49  47  45  48  46  41  43  42  50  44  53  56  51  60  52  58  57  55  54  59  69  67  62  70  63  61  66  68  64  65  78  80  71  76  75  79  74  77  72  73
   4   5   7   9   6  10   2   3   1   8  20  13  16  11  19  17  12  18  14  15  25  24  29  22  27  26  23  30  21  28  37  38  31  36  39  40  33  34  32  35  45  46  48  44  47  41  42  50  43  49  57  60  55  54  51  53  58  52  59  56  69  67  65  68  66  61  63  62  70  64  73  76  71  80  72  78  77  75  74  79  89  87  82  90  83  81  86  88  84  85  98 100  91  96  95  99  94  97  92  93
  75  76  78  80  77  71  73  74  72  79  81  84  87  82  90  88  83  89  85  86  96  95 100  93  98  97  94  91  92  99   8   9   2   7  10   1   4   5   3   6  16  17  19  15  18  12  13  11  14  20  28  21  26  25  22  24  29  23  30  27  40  38  36  39  37  32  34  33  31  35  44  47  42  41  43  49  48  46  45  50  60  58  53  51  54  52  57  59  55  56  69  61  62  67  66  70  65  68  63  64
  35  36  38  40  37  31  33  34  32  39  41  44  47  42  50  48  43  49  45  46  56  55  60  53  58  57  54  51  52  59  68  69  62  67  70  61  64  65  63  66  76  77  79  75  78  72  73  71  74  80  88  81  86  85  82  84  89  83  90  87 100  98  96  99  97  92  94  93  91  95   4   7   2   1   3   9   8   6   5  10  20  18  13  11  14  12  17  19  15  16  29  21  22  27  26  30  25  28  23  24
  55  56  58  60  57  51  53  54  52  59  61  64  67  62  70  68  63  69  65  66  76  75  80  73  78  77  74  71  72  79  88  89  82  87  90  81  84  85  83  86  96  97  99  95  98  92  93  91  94 100   8   1   6   5   2   4   9   3  10   7  20  18  16  19  17  12  14  13  11  15  24  27  22  21  23  29  28  26  25  30  40  38  33  31  34  32  37  39  35  36  49  41  42  47  46  50  45  48  43  44
  95  96  98 100  97  91  93  94  92  99   1   4   7   2  10   8   3   9   5   6  16  15  20  13  18  17  14  11  12  19  28  29  22  27  30  21  24  25  23  26  36  37  39  35  38  32  33  31  34  40  48  41  46  45  42  44  49  43  50  47  60  58  56  59  57  52  54  53  51  55  64  67  62  61  63  69  68  66  65  70  80  78  73  71  74  72  77  79  75  76  89  81  82  87  86  90  85  88  83  84
  25  26  28  30  27  21  23  24  22  29  31  34  37  32  40  38  33  39  35  36  46  45  50  43  48  47  44  41  42  49  58  59  52  57  60  51  54  55  53  56  66  67  69  65  68  62  63  61  64  70  78  71  76  75  72  74  79  73  80  77  90  88  86  89  87  82  84  83  81  85  94  97  92  91  93  99  98  96  95 100  10   8   3   1   4   2   7   9   5   6  19  11  12  17  16  20  15  18  13  14
  85  86  88  90  87  81  83  84  82  89  91  94  97  92 100  98  93  99  95  96   6   5  10   3   8   7   4   1   2   9  18  19  12  17  20  11  14  15  13  16  26  27  29  25  28  22  23  21  24  30  38  31  36  35  32  34  39  33  40  37  50  48  46  49  47  42  44  43  41  45  54  57  52  51  53  59  58  56  55  60  70  68  63  61  64  62  67  69  65  66  79  71  72  77  76  80  75  78  73  74
  45  46  48  50  47  41  43  44  42  49  51  54  57  52  60  58  53  59  55  56  66  65  70  63  68  67  64  61  62  69  78  79  72  77  80  71  74  75  73  76  86  87  89  85  88  82  83  81  84  90  98  91  96  95  92  94  99  93 100  97  10   8   6   9   7   2   4   3   1   5  14  17  12  11  13  19  18  16  15  20  30  28  23  21  24  22  27  29  25  26  39  31  32  37  36  40  35  38  33  34
  65  66  68  70  67  61  63  64  62  69  71  74  77  72  80  78  73  79  75  76  86  85  90  83  88  87  84  81  82  89  98  99  92  97 100  91  94  95  93  96   6   7   9   5   8   2   3   1   4  10  18  11  16  15  12  14  19  13  20  17  30  28  26  29  27  22  24  23  21  25  34  37  32  31  33  39  38  36  35  40  50  48  43  41  44  42  47  49  45  46  59  51  52  57  56  60  55  58  53  54
  15  16  18  20  17  11  13  14  12  19  21  24  27  22  30  28  23  29  25  26  36  35  40  33  38  37  34  31  32  39  48  49  42  47  50  41  44  45  43  46  56  57  59  55  58  52  53  51  54  60  68  61  66  65  62  64  69  63  70  67  80  78  76  79  77  72  74  73  71  75  84  87  82  81  83  89  88  86  85  90 100  98  93  91  94  92  97  99  95  96   9   1   2   7   6  10   5   8   3   4
   5   6   8  10   7   1   3   4   2   9  11  14  17  12  20  18  13  19  15  16  26  25  30  23  28  27  24  21  22  29  38  39  32  37  40  31  34  35  33  36  46  47  49  45  48  42  43  41  44  50  58  51  56  55  52  54  59  53  60  57  70  68  66  69  67  62  64  63  61  65  74  77  72  71  73  79  78  76  75  80  90  88  83  81  84  82  87  89  85  86  99  91  92  97  96 100  95  98  93  94
  16  17  19  11  18  12  14  15  13  20  22  25  28  23  21  29  24  30  26  27  37  36  31  34  39  38  35  32  33  40  49  50  43  48  41  42  45  46  44  47  57  58  60  56  59  53  54  52  55  51  69  62  67  66  63  65  70  64  61  68  71  79  77  80  78  73  75  74  72  76  85  88  83  82  84  90  89  87  86  81  91  99  94  92  95  93  98 100  96  97  10   2   3   8   7   1   6   9   4   5
  46  47  49  41  48  42  44  45  43  50  52  55  58  53  51  59  54  60  56  57  67  66  61  64  69  68  65  62  63  70  79  80  73  78  71  72  75  76  74  77  87  88  90  86  89  83  84  82  85  81  99  92  97  96  93  95 100  94  91  98   1   9   7  10   8   3   5   4   2   6  15  18  13  12  14  20  19  17  16  11  21  29  24  22  25  23  28  30  26  27  40  32  33  38  37  31  36  39  34  35
  86  87  89  81  88  82  84  85  83  90  92  95  98  93  91  99  94 100  96  97   7   6   1   4   9   8   5   2   3  10  19  20  13  18  11  12  15  16  14  17  27  28  30  26  29  23  24  22  25  21  39  32  37  36  33  35  40  34  31  38  41  49  47  50  48  43  45  44  42  46  55  58  53  52  54  60  59  57  56  51  61  69  64  62  65  63  68  70  66  67  80  72  73  78  77  71  76  79  74  75
  76  77  79  71  78  72  74  75  73  80  82  85  88  83  81  89  84  90  86  87  97  96  91  94  99  98  95  92  93 100   9  10   3   8   1   2   5   6   4   7  17  18  20  16  19  13  14  12  15  11  29  22  27  26  23  25  30  24  21  28  31  39  37  40  38  33  35  34  32  36  45  48  43  42  44  50  49  47  46  41  51  59  54  52  55  53  58  60  56  57  70  62  63  68  67  61  66  69  64  65
  26  27  29  21  28  22  24  25  23  30  32  35  38  33  31  39  34  40  36  37  47  46  41  44  49  48  45  42  43  50  59  60  53  58  51  52  55  56  54  57  67  68  70  66  69  63  64  62  65  61  79  72  77  76  73  75  80  74  71  78  81  89  87  90  88  83  85  84  82  86  95  98  93  92  94 100  99  97  96  91   1   9   4   2   5   3   8  10   6   7  20  12  13  18  17  11  16  19  14  15
  56  57  59  51  58  52  54  55  53  60  62  65  68  63  61  69  64  70  66  67  77  76  71  74  79  78  75  72  73  80  89  90  83  88  81  82  85  86  84  87  97  98 100  96  99  93  94  92  95  91   9   2   7   6   3   5  10   4   1   8  11  19  17  20  18  13  15  14  12  16  25  28  23  22  24  30  29  27  26  21  31  39  34  32  35  33  38  40  36  37  50  42  43  48  47  41  46  49  44  45
  36  37  39  31  38  32  34  35  33  40  42  45  48  43  41  49  44  50  46  47  57  56  51  54  59  58  55  52  53  60  69  70  63  68  61  62  65  66  64  67  77  78  80  76  79  73  74  72  75  71  89  82  87  86  83  85  90  84  81  88  91  99  97 100  98  93  95  94  92  96   5   8   3   2   4  10   9   7   6   1  11  19  14  12  15  13  18  20  16  17  30  22  23  28  27  21  26  29  24  25
  66  67  69  61  68  62  64  65  63  70  72  75  78  73  71  79  74  80  76  77  87  86  81  84  89  88  85  82  83  90  99 100  93  98  91  92  95  96  94  97   7   8  10   6   9   3   4   2   5   1  19  12  17  16  13  15  20  14  11  18  21  29  27  30  28  23  25  24  22  26  35  38  33  32  34  40  39  37  36  31  41  49  44  42  45  43  48  50  46  47  60  52  53  58  57  51  56  59  54  55
   6   7   9   1   8   2   4   5   3  10  12  15  18  13  11  19  14  20  16  17  27  26  21  24  29  28  25  22  23  30  39  40  33  38  31  32  35  36  34  37  47  48  50  46  49  43  44  42  45  41  59  52  57  56  53  55  60  54  51  58  61  69  67  70  68  63  65  64  62  66  75  78  73  72  74  80  79  77  76  71  81  89  84  82  85  83  88  90  86  87 100  92  93  98  97  91  96  99  94  95
  96  97  99  91  98  92  94  95  93 100   2   5   8   3   1   9   4  10   6   7  17  16  11  14  19  18  15  12  13  20  29  30  23  28  21  22  25  26  24  27  37  38  40  36  39  33  34  32  35  31  49  42  47  46  43  45  50  44  41  48  51  59  57  60  58  53  55  54  52  56  65  68  63  62  64  70  69  67  66  61  71  79  74  72  75  73  78  80  76  77  90  82  83  88  87  81  86  89  84  85
  87  88  90  82  89  83  85  86  84  81  93  96  99  94  92 100  95  91  97  98   8   7   2   5  10   9   6   3   4   1  20  11  14  19  12  13  16  17  15  18  28  29  21  27  30  24  25  23  26  22  40  33  38  37  34  36  31  35  32  39  42  50  48  41  49  44  46  45  43  47  56  59  54  53  55  51  60  58  57  52  62  70  65  63  66  64  69  61  67  68  71  73  74  79  78  72  77  80  75  76
  27  28  30  22  29  23  25  26  24  21  33  36  39  34  32  40  35  31  37  38  48  47  42  45  50  49  46  43  44  41  60  51  54  59  52  53  56  57  55  58  68  69  61  67  70  64  65  63  66  62  80  73  78  77  74  76  71  75  72  79  82  90  88  81  89  84  86  85  83  87  96  99  94  93  95  91 100  98  97  92   2  10   5   3   6   4   9   1   7   8  11  13  14  19  18  12  17  20  15  16
  47  48  50  42  49  43  45  46  44  41  53  56  59  54  52  60  55  51  57  58  68  67  62  65  70  69  66  63  64  61  80  71  74  79  72  73  76  77  75  78  88  89  81  87  90  84  85  83  86  82 100  93  98  97  94  96  91  95  92  99   2  10   8   1   9   4   6   5   3   7  16  19  14  13  15  11  20  18  17  12  22  30  25  23  26  24  29  21  27  28  31  33  34  39  38  32  37  40  35  36
  97  98 100  92  99  93  95  96  94  91   3   6   9   4   2  10   5   1   7   8  18  17  12  15  20  19  16  13  14  11  30  21  24  29  22  23  26  27  25  28  38  39  31  37  40  34  35  33  36  32  50  43  48  47  44  46  41  45  42  49  52  60  58  51  59  54  56  55  53  57  66  69  64  63  65  61  70  68  67  62  72  80  75  73  76  74  79  71  77  78  81  83  84  89  88  82  87  90  85  86
  17  18  20  12  19  13  15  16  14  11  23  26  29  24  22  30  25  21  27  28  38  37  32  35  40  39  36  33  34  31  50  41  44  49  42  43  46  47  45  48  58  59  51  57  60  54  55  53  56  52  70  63  68  67  64  66  61  65  62  69  72  80  78  71  79  74  76  75  73  77  86  89  84  83  85  81  90  88  87  82  92 100  95  93  96  94  99  91  97  98   1   3   4   9   8   2   7  10   5   6
  37  38  40  32  39  33  35  36  34  31  43  46  49  44  42  50  45  41  47  48  58  57  52  55  60  59  56  53  54  51  70  61  64  69  62  63  66  67  65  68  78  79  71  77  80  74  75  73  76  72  90  83  88  87  84  86  81  85  82  89  92 100  98  91  99  94  96  95  93  97   6   9   4   3   5   1  10   8   7   2  12  20  15  13  16  14  19  11  17  18  21  23  24  29  28  22  27  30  25  26
  57  58  60  52  59  53  55  56  54  51  63  66  69  64  62  70  65  61  67  68  78  77  72  75  80  79  76  73  74  71  90  81  84  89  82  83  86  87  85  88  98  99  91  97 100  94  95  93  96  92  10   3   8   7   4   6   1   5   2   9  12  20  18  11  19  14  16  15  13  17  26  29  24  23  25  21  30  28  27  22  32  40  35  33  36  34  39  31  37  38  41  43  44  49  48  42  47  50  45  46
   7   8  10   2   9   3   5   6   4   1  13  16  19  14  12  20  15  11  17  18  28  27  22  25  30  29  26  23  24  21  40  31  34  39  32  33  36  37  35  38  48  49  41  47  50  44  45  43  46  42  60  53  58  57  54  56  51  55  52  59  62  70  68  61  69  64  66  65  63  67  76  79  74  73  75  71  80  78  77  72  82  90  85  83  86  84  89  81  87  88  91  93  94  99  98  92  97 100  95  96
  67  68  70  62  69  63  65  66  64  61  73  76  79  74  72  80  75  71  77  78  88  87  82  85  90  89  86  83  84  81 100  91  94  99  92  93  96  97  95  98   8   9   1   7  10   4   5   3   6   2  20  13  18  17  14  16  11  15  12  19  22  30  28  21  29  24  26  25  23  27  36  39  34  33  35  31  40  38  37  32  42  50  45  43  46  44  49  41  47  48  51  53  54  59  58  52  57  60  55  56
  77  78  80  72  79  73  75  76  74  71  83  86  89  84  82  90  85  81  87  88  98  97  92  95 100  99  96  93  94  91  10   1   4   9   2   3   6   7   5   8  18  19  11  17  20  14  15  13  16  12  30  23  28  27  24  26  21  25  22  29  32  40  38  31  39  34  36  35  33  37  46  49  44  43  45  41  50  48  47  42  52  60  55  53  56  54  59  51  57  58  61  63  64  69  68  62  67  70  65  66
  88  89  81  83  90  84  86  87  85  82  94  97 100  95  93  91  96  92  98  99   9   8   3   6   1  10   7   4   5   2  11  12  15  20  13  14  17  18  16  19  29  30  22  28  21  25  26  24  27  23  31  34  39  38  35  37  32  36  33  40  43  41  49  42  50  45  47  46  44  48  57  60  55  54  56  52  51  59  58  53  63  61  66  64  67  65  70  62  68  69  72  74  75  80  79  73  78  71  76  77
  38  39  31  33  40  34  36  37  35  32  44  47  50  45  43  41  46  42  48  49  59  58  53  56  51  60  57  54  55  52  61  62  65  70  63  64  67  68  66  69  79  80  72  78  71  75  76  74  77  73  81  84  89  88  85  87  82  86  83  90  93  91  99  92 100  95  97  96  94  98   7  10   5   4   6   2   1   9   8   3  13  11  16  14  17  15  20  12  18  19  22  24  25  30  29  23  28  21  26  27
  48  49  41  43  50  44  46  47  45  42  54  57  60  55  53  51  56  52  58  59  69  68  63  66  61  70  67  64  65  62  71  72  75  80  73  74  77  78  76  79  89  90  82  88  81  85  86  84  87  83  91  94  99  98  95  97  92  96  93 100   3   1   9   2  10   5   7   6   4   8  17  20  15  14  16  12  11  19  18  13  23  21  26  24  27  25  30  22  28  29  32  34  35  40  39  33  38  31  36  37
  68  69  61  63  70  64  66  67  65  62  74  77  80  75  73  71  76  72  78  79  89  88  83  86  81  90  87  84  85  82  91  92  95 100  93  94  97  98  96  99   9  10   2   8   1   5   6   4   7   3  11  14  19  18  15  17  12  16  13  20  23  21  29  22  30  25  27  26  24  28  37  40  35  34  36  32  31  39  38  33  43  41  46  44  47  45  50  42  48  49  52  54  55  60  59  53  58  51  56  57
  18  19  11  13  20  14  16  17  15  12  24  27  30  25  23  21  26  22  28  29  39  38  33  36  31  40  37  34  35  32  41  42  45  50  43  44  47  48  46  49  59  60  52  58  51  55  56  54  57  53  61  64  69  68  65  67  62  66  63  70  73  71  79  72  80  75  77  76  74  78  87  90  85  84  86  82  81  89  88  83  93  91  96  94  97  95 100  92  98  99   2   4   5  10   9   3   8   1   6   7
  28  29  21  23  30  24  26  27  25  22  34  37  40  35  33  31  36  32  38  39  49  48  43  46  41  50  47  44  45  42  51  52  55  60  53  54  57  58  56  59  69  70  62  68  61  65  66  64  67  63  71  74  79  78  75  77  72  76  73  80  83  81  89  82  90  85  87  86  84  88  97 100  95  94  96  92  91  99  98  93   3   1   6   4   7   5  10   2   8   9  12  14  15  20  19  13  18  11  16  17
  78  79  71  73  80  74  76  77  75  72  84  87  90  85  83  81  86  82  88  89  99  98  93  96  91 100  97  94  95  92   1   2   5  10   3   4   7   8   6   9  19  20  12  18  11  15  16  14  17  13  21  24  29  28  25  27  22  26  23  30  33  31  39  32  40  35  37  36  34  38  47  50  45  44  46  42  41  49  48  43  53  51  56  54  57  55  60  52  58  59  62  64  65  70  69  63  68  61  66  67
  58  59  51  53  60  54  56  57  55  52  64  67  70  65  63  61  66  62  68  69  79  78  73  76  71  80  77  74  75  72  81  82  85  90  83  84  87  88  86  89  99 100  92  98  91  95  96  94  97  93   1   4   9   8   5   7   2   6   3  10  13  11  19  12  20  15  17  16  14  18  27  30  25  24  26  22  21  29  28  23  33  31  36  34  37  35  40  32  38  39  42  44  45  50  49  43  48  41  46  47
   8   9   1   3  10   4   6   7   5   2  14  17  20  15  13  11  16  12  18  19  29  28  23  26  21  30  27  24  25  22  31  32  35  40  33  34  37  38  36  39  49  50  42  48  41  45  46  44  47  43  51  54  59  58  55  57  52  56  53  60  63  61  69  62  70  65  67  66  64  68  77  80  75  74  76  72  71  79  78  73  83  81  86  84  87  85  90  82  88  89  92  94  95 100  99  93  98  91  96  97
  98  99  91  93 100  94  96  97  95  92   4   7  10   5   3   1   6   2   8   9  19  18  13  16  11  20  17  14  15  12  21  22  25  30  23  24  27  28  26  29  39  40  32  38  31  35  36  34  37  33  41  44  49  48  45  47  42  46  43  50  53  51  59  52  60  55  57  56  54  58  67  70  65  64  66  62  61  69  68  63  73  71  76  74  77  75  80  72  78  79  82  84  85  90  89  83  88  81  86  87
  99 100  92  94  91  95  97  98  96  93   5   8   1   6   4   2   7   3   9  10  20  19  14  17  12  11  18  15  16  13  22  23  26  21  24  25  28  29  27  30  40  31  33  39  32  36  37  35  38  34  42  45  50  49  46  48  43  47  44  41  54  52  60  53  51  56  58  57  55  59  68  61  66  65  67  63  62  70  69  64  74  72  77  75  78  76  71  73  79  80  83  85  86  81  90  84  89  82  87  88
  19  20  12  14  11  15  17  18  16  13  25  28  21  26  24  22  27  23  29  30  40  39  34  37  32  31  38  35  36  33  42  43  46  41  44  45  48  49  47  50  60  51  53  59  52  56  57  55  58  54  62  65  70  69  66  68  63  67  64  61  74  72  80  73  71  76  78  77  75  79  88  81  86  85  87  83  82  90  89  84  94  92  97  95  98  96  91  93  99 100   3   5   6   1  10   4   9   2   7   8
  69  70  62  64  61  65  67  68  66  63  75  78  71  76  74  72  77  73  79  80  90  89  84  87  82  81  88  85  86  83  92  93  96  91  94  95  98  99  97 100  10   1   3   9   2   6   7   5   8   4  12  15  20  19  16  18  13  17  14  11  24  22  30  23  21  26  28  27  25  29  38  31  36  35  37  33  32  40  39  34  44  42  47  45  48  46  41  43  49  50  53  55  56  51  60  54  59  52  57  58
   9  10   2   4   1   5   7   8   6   3  15  18  11  16  14  12  17  13  19  20  30  29  24  27  22  21  28  25  26  23  32  33  36  31  34  35  38  39  37  40  50  41  43  49  42  46  47  45  48  44  52  55  60  59  56  58  53  57  54  51  64  62  70  63  61  66  68  67  65  69  78  71  76  75  77  73  72  80  79  74  84  82  87  85  88  86  81  83  89  90  93  95  96  91 100  94  99  92  97  98
  89  90  82  84  81  85  87  88  86  83  95  98  91  96  94  92  97  93  99 100  10   9   4   7   2   1   8   5   6   3  12  13  16  11  14  15  18  19  17  20  30  21  23  29  22  26  27  25  28  24  32  35  40  39  36  38  33  37  34  31  44  42  50  43  41  46  48  47  45  49  58  51  56  55  57  53  52  60  59  54  64  62  67  65  68  66  61  63  69  70  73  75  76  71  80  74  79  72  77  78
  39  40  32  34  31  35  37  38  36  33  45  48  41  46  44  42  47  43  49  50  60  59  54  57  52  51  58  55  56  53  62  63  66  61  64  65  68  69  67  70  80  71  73  79  72  76  77  75  78  74  82  85  90  89  86  88  83  87  84  81  94  92 100  93  91  96  98  97  95  99   8   1   6   5   7   3   2  10   9   4  14  12  17  15  18  16  11  13  19  20  23  25  26  21  30  24  29  22  27  28
  29  30  22  24  21  25  27  28  26  23  35  38  31  36  34  32  37  33  39  40  50  49  44  47  42  41  48  45  46  43  52  53  56  51  54  55  58  59  57  60  70  61  63  69  62  66  67  65  68  64  72  75  80  79  76  78  73  77  74  71  84  82  90  83  81  86  88  87  85  89  98  91  96  95  97  93  92 100  99  94   4   2   7   5   8   6   1   3   9  10  13  15  16  11  20  14  19  12  17  18
  49  50  42  44  41  45  47  48  46  43  55  58  51  56  54  52  57  53  59  60  70  69  64  67  62  61  68  65  66  63  72  73  76  71  74  75  78  79  77  80  90  81  83  89  82  86  87  85  88  84  92  95 100  99  96  98  93  97  94  91   4   2  10   3   1   6   8   7   5   9  18  11  16  15  17  13  12  20  19  14  24  22  27  25  28  26  21  23  29  30  33  35  36  31  40  34  39  32  37  38
  79  80  72  74  71  75  77  78  76  73  85  88  81  86  84  82  87  83  89  90 100  99  94  97  92  91  98  95  96  93   2   3   6   1   4   5   8   9   7  10  20  11  13  19  12  16  17  15  18  14  22  25  30  29  26  28  23  27  24  21  34  32  40  33  31  36  38  37  35  39  48  41  46  45  47  43  42  50  49  44  54  52  57  55  58  56  51  53  59  60  63  65  66  61  70  64  69  62  67  68
  59  60  52  54  51  55  57  58  56  53  65  68  61  66  64  62  67  63  69  70  80  79  74  77  72  71  78  75  76  73  82  83  86  81  84  85  88  89  87  90 100  91  93  99  92  96  97  95  98  94   2   5  10   9   6   8   3   7   4   1  14  12  20  13  11  16  18  17  15  19  28  21  26  25  27  23  22  30  29  24  34  32  37  35  38  36  31  33  39  40  43  45  46  41  50  44  49  42  47  48
  70  61  63  65  62  66  68  69  67  64  76  79  72  77  75  73  78  74  80  71  81  90  85  88  83  82  89  86  87  84  93  94  97  92  95  96  99 100  98  91   1   2   4  10   3   7   8   6   9   5  13  16  11  20  17  19  14  18  15  12  25  23  21  24  22  27  29  28  26  30  39  32  37  36  38  34  33  31  40  35  45  43  48  46  49  47  42  44  50  41  54  56  57  52  51  55  60  53  58  59
  40  31  33  35  32  36  38  39  37  34  46  49  42  47  45  43  48  44  50  41  51  60  55  58  53  52  59  56  57  54  63  64  67  62  65  66  69  70  68  61  71  72  74  80  73  77  78  76  79  75  83  86  81  90  87  89  84  88  85  82  95  93  91  94  92  97  99  98  96 100   9   2   7   6   8   4   3   1  10   5  15  13  18  16  19  17  12  14  20  11  24  26  27  22  21  25  30  23  28  29
  50  41  43  45  42  46  48  49  47  44  56  59  52  57  55  53  58  54  60  51  61  70  65  68  63  62  69  66  67  64  73  74  77  72  75  76  79  80  78  71  81  82  84  90  83  87  88  86  89  85  93  96  91 100  97  99  94  98  95  92   5   3   1   4   2   7   9   8   6  10  19  12  17  16  18  14  13  11  20  15  25  23  28  26  29  27  22  24  30  21  34  36  37  32  31  35  40  33  38  39
 100  91  93  95  92  96  98  99  97  94   6   9   2   7   5   3   8   4  10   1  11  20  15  18  13  12  19  16  17  14  23  24  27  22  25  26  29  30  28  21  31  32  34  40  33  37  38  36  39  35  43  46  41  50  47  49  44  48  45  42  55  53  51  54  52  57  59  58  56  60  69  62  67  66  68  64  63  61  70  65  75  73  78  76  79  77  72  74  80  71  84  86  87  82  81  85  90  83  88  89
  80  71  73  75  72  76  78  79  77  74  86  89  82  87  85  83  88  84  90  81  91 100  95  98  93  92  99  96  97  94   3   4   7   2   5   6   9  10   8   1  11  12  14  20  13  17  18  16  19  15  23  26  21  30  27  29  24  28  25  22  35  33  31  34  32  37  39  38  36  40  49  42  47  46  48  44  43  41  50  45  55  53  58  56  59  57  52  54  60  51  64  66  67  62  61  65  70  63  68  69
  10   1   3   5   2   6   8   9   7   4  16  19  12  17  15  13  18  14  20  11  21  30  25  28  23  22  29  26  27  24  33  34  37  32  35  36  39  40  38  31  41  42  44  50  43  47  48  46  49  45  53  56  51  60  57  59  54  58  55  52  65  63  61  64  62  67  69  68  66  70  79  72  77  76  78  74  73  71  80  75  85  83  88  86  89  87  82  84  90  81  94  96  97  92  91  95 100  93  98  99
  60  51  53  55  52  56  58  59  57  54  66  69  62  67  65  63  68  64  70  61  71  80  75  78  73  72  79  76  77  74  83  84  87  82  85  86  89  90  88  81  91  92  94 100  93  97  98  96  99  95   3   6   1  10   7   9   4   8   5   2  15  13  11  14  12  17  19  18  16  20  29  22  27  26  28  24  23  21  30  25  35  33  38  36  39  37  32  34  40  31  44  46  47  42  41  45  50  43  48  49
  20  11  13  15  12  16  18  19  17  14  26  29  22  27  25  23  28  24  30  21  31  40  35  38  33  32  39  36  37  34  43  44  47  42  45  46  49  50  48  41  51  52  54  60  53  57  58  56  59  55  63  66  61  70  67  69  64  68  65  62  75  73  71  74  72  77  79  78  76  80  89  82  87  86  88  84  83  81  90  85  95  93  98  96  99  97  92  94 100  91   4   6   7   2   1   5  10   3   8   9
  90  81  83  85  82  86  88  89  87  84  96  99  92  97  95  93  98  94 100  91   1  10   5   8   3   2   9   6   7   4  13  14  17  12  15  16  19  20  18  11  21  22  24  30  23  27  28  26  29  25  33  36  31  40  37  39  34  38  35  32  45  43  41  44  42  47  49  48  46  50  59  52  57  56  58  54  53  51  60  55  65  63  68  66  69  67  62  64  70  61  74  76  77  72  71  75  80  73  78  79
  30  21  23  25  22  26  28  29  27  24  36  39  32  37  35  33  38  34  40  31  41  50  45  48  43  42  49  46  47  44  53  54  57  52  55  56  59  60  58  51  61  62  64  70  63  67  68  66  69  65  73  76  71  80  77  79  74  78  75  72  85  83  81  84  82  87  89  88  86  90  99  92  97  96  98  94  93  91 100  95   5   3   8   6   9   7   2   4  10   1  14  16  17  12  11  15  20  13  18  19
