  53  58  59  55  52  54  60  57  56  51  70  67  68  64  62  61  69  66  63  65  80  71  77  75  78  72  73  76  79  74  81  82  86  85  89  87  84  90  83  88 100  94  98  95  93  99  97  96  92  91   9  10   6   5   1   3   8   4   7   2  19  11  15  17  12  16  18  20  14  13  28  24  23  29  22  30  21  27  26  25  40  36  38  31  35  34  32  39  33  37  47  42  46  43  45  41  48  49  50  44
  83  88  89  85  82  84  90  87  86  81 100  97  98  94  92  91  99  96  93  95  10   1   7   5   8   2   3   6   9   4  11  12  16  15  19  17  14  20  13  18  30  24  28  25  23  29  27  26  22  21  39  40  36  35  31  33  38  34  37  32  49  41  45  47  42  46  48  50  44  43  58  54  53  59  52  60  51  57  56  55  70  66  68  61  65  64  62  69  63  67  77  72  76  73  75  71  78  79  80  74
  63  68  69  65  62  64  70  67  66  61  80  77  78  74  72  71  79  76  73  75  90  81  87  85  88  82  83  86  89  84  91  92  96  95  99  97  94 100  93  98  10   4   8   5   3   9   7   6   2   1  19  20  16  15  11  13  18  14  17  12  29  21  25  27  22  26  28  30  24  23  38  34  33  39  32  40  31  37  36  35  50  46  48  41  45  44  42  49  43  47  57  52  56  53  55  51  58  59  60  54
  13  18  19  15  12  14  20  17  16  11  30  27  28  24  22  21  29  26  23  25  40  31  37  35  38  32  33  36  39  34  41  42  46  45  49  47  44  50  43  48  60  54  58  55  53  59  57  56  52  51  69  70  66  65  61  63  68  64  67  62  79  71  75  77  72  76  78  80  74  73  88  84  83  89  82  90  81  87  86  85 100  96  98  91  95  94  92  99  93  97   7   2   6   3   5   1   8   9  10   4
  93  98  99  95  92  94 100  97  96  91  10   7   8   4   2   1   9   6   3   5  20  11  17  15  18  12  13  16  19  14  21  22  26  25  29  27  24  30  23  28  40  34  38  35  33  39  37  36  32  31  49  50  46  45  41  43  48  44  47  42  59  51  55  57  52  56  58  60  54  53  68  64  63  69  62  70  61  67  66  65  80  76  78  71  75  74  72  79  73  77  87  82  86  83  85  81  88  89  90  84
  43  48  49  45  42  44  50  47  46  41  60  57  58  54  52  51  59  56  53  55  70  61  67  65  68  62  63  66  69  64  71  72  76  75  79  77  74  80  73  78  90  84  88  85  83  89  87  86  82  81  99 100  96  95  91  93  98  94  97  92   9   1   5   7   2   6   8  10   4   3  18  14  13  19  12  20  11  17  16  15  30  26  28  21  25  24  22  29  23  27  37  32  36  33  35  31  38  39  40  34
  33  38  39  35  32  34  40  37  36  31  50  47  48  44  42  41  49  46  43  45  60  51  57  55  58  52  53  56  59  54  61  62  66  65  69  67  64  70  63  68  80  74  78  75  73  79  77  76  72  71  89  90  86  85  81  83  88  84  87  82  99  91  95  97  92  96  98 100  94  93   8   4   3   9   2  10   1   7   6   5  20  16  18  11  15  14  12  19  13  17  27  22  26  23  25  21  28  29  30  24
  23  28  29  25  22  24  30  27  26  21  40  37  38  34  32  31  39  36  33  35  50  41  47  45  48  42  43  46  49  44  51  52  56  55  59  57  54  60  53  58  70  64  68  65  63  69  67  66  62  61  79  80  76  75  71  73  78  74  77  72  89  81  85  87  82  86  88  90  84  83  98  94  93  99  92 100  91  97  96  95  10   6   8   1   5   4   2   9   3   7  17  12  16  13  15  11  18  19  20  14
   3   8   9   5   2   4  10   7   6   1  20  17  18  14  12  11  19  16  13  15  30  21  27  25  28  22  23  26  29  24  31  32  36  35  39  37  34  40  33  38  50  44  48  45  43  49  47  46  42  41  59  60  56  55  51  53  58  54  57  52  69  61  65  67  62  66  68  70  64  63  78  74  73  79  72  80  71  77  76  75  90  86  88  81  85  84  82  89  83  87  97  92  96  93  95  91  98  99 100  94
  73  78  79  75  72  74  80  77  76  71  90  87  88  84  82  81  89  86  83  85 100  91  97  95  98  92  93  96  99  94   1   2   6   5   9   7   4  10   3   8  20  14  18  15  13  19  17  16  12  11  29  30  26  25  21  23  28  24  27  22  39  31  35  37  32  36  38  40  34  33  48  44  43  49  42  50  41  47  46  45  60  56  58  51  55  54  52  59  53  57  67  62  66  63  65  61  68  69  70  64
  74  79  80  76  73  75  71  78  77  72  81  88  89  85  83  82  90  87  84  86  91  92  98  96  99  93  94  97 100  95   2   3   7   6  10   8   5   1   4   9  11  15  19  16  14  20  18  17  13  12  30  21  27  26  22  24  29  25  28  23  40  32  36  38  33  37  39  31  35  34  49  45  44  50  43  41  42  48  47  46  51  57  59  52  56  55  53  60  54  58  68  63  67  64  66  62  69  70  61  65
  14  19  20  16  13  15  11  18  17  12  21  28  29  25  23  22  30  27  24  26  31  32  38  36  39  33  34  37  40  35  42  43  47  46  50  48  45  41  44  49  51  55  59  56  54  60  58  57  53  52  70  61  67  66  62  64  69  65  68  63  80  72  76  78  73  77  79  71  75  74  89  85  84  90  83  81  82  88  87  86  91  97  99  92  96  95  93 100  94  98   8   3   7   4   6   2   9  10   1   5
  64  69  70  66  63  65  61  68  67  62  71  78  79  75  73  72  80  77  74  76  81  82  88  86  89  83  84  87  90  85  92  93  97  96 100  98  95  91  94  99   1   5   9   6   4  10   8   7   3   2  20  11  17  16  12  14  19  15  18  13  30  22  26  28  23  27  29  21  25  24  39  35  34  40  33  31  32  38  37  36  41  47  49  42  46  45  43  50  44  48  58  53  57  54  56  52  59  60  51  55
  94  99 100  96  93  95  91  98  97  92   1   8   9   5   3   2  10   7   4   6  11  12  18  16  19  13  14  17  20  15  22  23  27  26  30  28  25  21  24  29  31  35  39  36  34  40  38  37  33  32  50  41  47  46  42  44  49  45  48  43  60  52  56  58  53  57  59  51  55  54  69  65  64  70  63  61  62  68  67  66  71  77  79  72  76  75  73  80  74  78  88  83  87  84  86  82  89  90  81  85
  54  59  60  56  53  55  51  58  57  52  61  68  69  65  63  62  70  67  64  66  71  72  78  76  79  73  74  77  80  75  82  83  87  86  90  88  85  81  84  89  91  95  99  96  94 100  98  97  93  92  10   1   7   6   2   4   9   5   8   3  20  12  16  18  13  17  19  11  15  14  29  25  24  30  23  21  22  28  27  26  31  37  39  32  36  35  33  40  34  38  48  43  47  44  46  42  49  50  41  45
  34  39  40  36  33  35  31  38  37  32  41  48  49  45  43  42  50  47  44  46  51  52  58  56  59  53  54  57  60  55  62  63  67  66  70  68  65  61  64  69  71  75  79  76  74  80  78  77  73  72  90  81  87  86  82  84  89  85  88  83 100  92  96  98  93  97  99  91  95  94   9   5   4  10   3   1   2   8   7   6  11  17  19  12  16  15  13  20  14  18  28  23  27  24  26  22  29  30  21  25
   4   9  10   6   3   5   1   8   7   2  11  18  19  15  13  12  20  17  14  16  21  22  28  26  29  23  24  27  30  25  32  33  37  36  40  38  35  31  34  39  41  45  49  46  44  50  48  47  43  42  60  51  57  56  52  54  59  55  58  53  70  62  66  68  63  67  69  61  65  64  79  75  74  80  73  71  72  78  77  76  81  87  89  82  86  85  83  90  84  88  98  93  97  94  96  92  99 100  91  95
  84  89  90  86  83  85  81  88  87  82  91  98  99  95  93  92 100  97  94  96   1   2   8   6   9   3   4   7  10   5  12  13  17  16  20  18  15  11  14  19  21  25  29  26  24  30  28  27  23  22  40  31  37  36  32  34  39  35  38  33  50  42  46  48  43  47  49  41  45  44  59  55  54  60  53  51  52  58  57  56  61  67  69  62  66  65  63  70  64  68  78  73  77  74  76  72  79  80  71  75
  24  29  30  26  23  25  21  28  27  22  31  38  39  35  33  32  40  37  34  36  41  42  48  46  49  43  44  47  50  45  52  53  57  56  60  58  55  51  54  59  61  65  69  66  64  70  68  67  63  62  80  71  77  76  72  74  79  75  78  73  90  82  86  88  83  87  89  81  85  84  99  95  94 100  93  91  92  98  97  96   1   7   9   2   6   5   3  10   4   8  18  13  17  14  16  12  19  20  11  15
  44  49  50  46  43  45  41  48  47  42  51  58  59  55  53  52  60  57  54  56  61  62  68  66  69  63  64  67  70  65  72  73  77  76  80  78  75  71  74  79  81  85  89  86  84  90  88  87  83  82 100  91  97  96  92  94  99  95  98  93  10   2   6   8   3   7   9   1   5   4  19  15  14  20  13  11  12  18  17  16  21  27  29  22  26  25  23  30  24  28  38  33  37  34  36  32  39  40  31  35
  85  90  81  87  84  86  82  89  88  83  92  99 100  96  94  93  91  98  95  97   2   3   9   7  10   4   5   8   1   6  13  14  18  17  11  19  16  12  15  20  22  26  30  27  25  21  29  28  24  23  31  32  38  37  33  35  40  36  39  34  41  43  47  49  44  48  50  42  46  45  60  56  55  51  54  52  53  59  58  57  62  68  70  63  67  66  64  61  65  69  79  74  78  75  77  73  80  71  72  76
  65  70  61  67  64  66  62  69  68  63  72  79  80  76  74  73  71  78  75  77  82  83  89  87  90  84  85  88  81  86  93  94  98  97  91  99  96  92  95 100   2   6  10   7   5   1   9   8   4   3  11  12  18  17  13  15  20  16  19  14  21  23  27  29  24  28  30  22  26  25  40  36  35  31  34  32  33  39  38  37  42  48  50  43  47  46  44  41  45  49  59  54  58  55  57  53  60  51  52  56
  25  30  21  27  24  26  22  29  28  23  32  39  40  36  34  33  31  38  35  37  42  43  49  47  50  44  45  48  41  46  53  54  58  57  51  59  56  52  55  60  62  66  70  67  65  61  69  68  64  63  71  72  78  77  73  75  80  76  79  74  81  83  87  89  84  88  90  82  86  85 100  96  95  91  94  92  93  99  98  97   2   8  10   3   7   6   4   1   5   9  19  14  18  15  17  13  20  11  12  16
  15  20  11  17  14  16  12  19  18  13  22  29  30  26  24  23  21  28  25  27  32  33  39  37  40  34  35  38  31  36  43  44  48  47  41  49  46  42  45  50  52  56  60  57  55  51  59  58  54  53  61  62  68  67  63  65  70  66  69  64  71  73  77  79  74  78  80  72  76  75  90  86  85  81  84  82  83  89  88  87  92  98 100  93  97  96  94  91  95  99   9   4   8   5   7   3  10   1   2   6
  35  40  31  37  34  36  32  39  38  33  42  49  50  46  44  43  41  48  45  47  52  53  59  57  60  54  55  58  51  56  63  64  68  67  61  69  66  62  65  70  72  76  80  77  75  71  79  78  74  73  81  82  88  87  83  85  90  86  89  84  91  93  97  99  94  98 100  92  96  95  10   6   5   1   4   2   3   9   8   7  12  18  20  13  17  16  14  11  15  19  29  24  28  25  27  23  30  21  22  26
  45  50  41  47  44  46  42  49  48  43  52  59  60  56  54  53  51  58  55  57  62  63  69  67  70  64  65  68  61  66  73  74  78  77  71  79  76  72  75  80  82  86  90  87  85  81  89  88  84  83  91  92  98  97  93  95 100  96  99  94   1   3   7   9   4   8  10   2   6   5  20  16  15  11  14  12  13  19  18  17  22  28  30  23  27  26  24  21  25  29  39  34  38  35  37  33  40  31  32  36
   5  10   1   7   4   6   2   9   8   3  12  19  20  16  14  13  11  18  15  17  22  23  29  27  30  24  25  28  21  26  33  34  38  37  31  39  36  32  35  40  42  46  50  47  45  41  49  48  44  43  51  52  58  57  53  55  60  56  59  54  61  63  67  69  64  68  70  62  66  65  80  76  75  71  74  72  73  79  78  77  82  88  90  83  87  86  84  81  85  89  99  94  98  95  97  93 100  91  92  96
  55  60  51  57  54  56  52  59  58  53  62  69  70  66  64  63  61  68  65  67  72  73  79  77  80  74  75  78  71  76  83  84  88  87  81  89  86  82  85  90  92  96 100  97  95  91  99  98  94  93   1   2   8   7   3   5  10   6   9   4  11  13  17  19  14  18  20  12  16  15  30  26  25  21  24  22  23  29  28  27  32  38  40  33  37  36  34  31  35  39  49  44  48  45  47  43  50  41  42  46
  95 100  91  97  94  96  92  99  98  93   2   9  10   6   4   3   1   8   5   7  12  13  19  17  20  14  15  18  11  16  23  24  28  27  21  29  26  22  25  30  32  36  40  37  35  31  39  38  34  33  41  42  48  47  43  45  50  46  49  44  51  53  57  59  54  58  60  52  56  55  70  66  65  61  64  62  63  69  68  67  72  78  80  73  77  76  74  71  75  79  89  84  88  85  87  83  90  81  82  86
  75  80  71  77  74  76  72  79  78  73  82  89  90  86  84  83  81  88  85  87  92  93  99  97 100  94  95  98  91  96   3   4   8   7   1   9   6   2   5  10  12  16  20  17  15  11  19  18  14  13  21  22  28  27  23  25  30  26  29  24  31  33  37  39  34  38  40  32  36  35  50  46  45  41  44  42  43  49  48  47  52  58  60  53  57  56  54  51  55  59  69  64  68  65  67  63  70  61  62  66
  86  81  82  88  85  87  83  90  89  84  93 100  91  97  95  94  92  99  96  98   3   4  10   8   1   5   6   9   2   7  14  15  19  18  12  20  17  13  16  11  23  27  21  28  26  22  30  29  25  24  32  33  39  38  34  36  31  37  40  35  42  44  48  50  45  49  41  43  47  46  51  57  56  52  55  53  54  60  59  58  63  69  61  64  68  67  65  62  66  70  80  75  79  76  78  74  71  72  73  77
  26  21  22  28  25  27  23  30  29  24  33  40  31  37  35  34  32  39  36  38  43  44  50  48  41  45  46  49  42  47  54  55  59  58  52  60  57  53  56  51  63  67  61  68  66  62  70  69  65  64  72  73  79  78  74  76  71  77  80  75  82  84  88  90  85  89  81  83  87  86  91  97  96  92  95  93  94 100  99  98   3   9   1   4   8   7   5   2   6  10  20  15  19  16  18  14  11  12  13  17
  36  31  32  38  35  37  33  40  39  34  43  50  41  47  45  44  42  49  46  48  53  54  60  58  51  55  56  59  52  57  64  65  69  68  62  70  67  63  66  61  73  77  71  78  76  72  80  79  75  74  82  83  89  88  84  86  81  87  90  85  92  94  98 100  95  99  91  93  97  96   1   7   6   2   5   3   4  10   9   8  13  19  11  14  18  17  15  12  16  20  30  25  29  26  28  24  21  22  23  27
   6   1   2   8   5   7   3  10   9   4  13  20  11  17  15  14  12  19  16  18  23  24  30  28  21  25  26  29  22  27  34  35  39  38  32  40  37  33  36  31  43  47  41  48  46  42  50  49  45  44  52  53  59  58  54  56  51  57  60  55  62  64  68  70  65  69  61  63  67  66  71  77  76  72  75  73  74  80  79  78  83  89  81  84  88  87  85  82  86  90 100  95  99  96  98  94  91  92  93  97
  56  51  52  58  55  57  53  60  59  54  63  70  61  67  65  64  62  69  66  68  73  74  80  78  71  75  76  79  72  77  84  85  89  88  82  90  87  83  86  81  93  97  91  98  96  92 100  99  95  94   2   3   9   8   4   6   1   7  10   5  12  14  18  20  15  19  11  13  17  16  21  27  26  22  25  23  24  30  29  28  33  39  31  34  38  37  35  32  36  40  50  45  49  46  48  44  41  42  43  47
  46  41  42  48  45  47  43  50  49  44  53  60  51  57  55  54  52  59  56  58  63  64  70  68  61  65  66  69  62  67  74  75  79  78  72  80  77  73  76  71  83  87  81  88  86  82  90  89  85  84  92  93  99  98  94  96  91  97 100  95   2   4   8  10   5   9   1   3   7   6  11  17  16  12  15  13  14  20  19  18  23  29  21  24  28  27  25  22  26  30  40  35  39  36  38  34  31  32  33  37
  76  71  72  78  75  77  73  80  79  74  83  90  81  87  85  84  82  89  86  88  93  94 100  98  91  95  96  99  92  97   4   5   9   8   2  10   7   3   6   1  13  17  11  18  16  12  20  19  15  14  22  23  29  28  24  26  21  27  30  25  32  34  38  40  35  39  31  33  37  36  41  47  46  42  45  43  44  50  49  48  53  59  51  54  58  57  55  52  56  60  70  65  69  66  68  64  61  62  63  67
  66  61  62  68  65  67  63  70  69  64  73  80  71  77  75  74  72  79  76  78  83  84  90  88  81  85  86  89  82  87  94  95  99  98  92 100  97  93  96  91   3   7   1   8   6   2  10   9   5   4  12  13  19  18  14  16  11  17  20  15  22  24  28  30  25  29  21  23  27  26  31  37  36  32  35  33  34  40  39  38  43  49  41  44  48  47  45  42  46  50  60  55  59  56  58  54  51  52  53  57
  16  11  12  18  15  17  13  20  19  14  23  30  21  27  25  24  22  29  26  28  33  34  40  38  31  35  36  39  32  37  44  45  49  48  42  50  47  43  46  41  53  57  51  58  56  52  60  59  55  54  62  63  69  68  64  66  61  67  70  65  72  74  78  80  75  79  71  73  77  76  81  87  86  82  85  83  84  90  89  88  93  99  91  94  98  97  95  92  96 100  10   5   9   6   8   4   1   2   3   7
  96  91  92  98  95  97  93 100  99  94   3  10   1   7   5   4   2   9   6   8  13  14  20  18  11  15  16  19  12  17  24  25  29  28  22  30  27  23  26  21  33  37  31  38  36  32  40  39  35  34  42  43  49  48  44  46  41  47  50  45  52  54  58  60  55  59  51  53  57  56  61  67  66  62  65  63  64  70  69  68  73  79  71  74  78  77  75  72  76  80  90  85  89  86  88  84  81  82  83  87
  97  92  93  99  96  98  94  91 100  95   4   1   2   8   6   5   3  10   7   9  14  15  11  19  12  16  17  20  13  18  25  26  30  29  23  21  28  24  27  22  34  38  32  39  37  33  31  40  36  35  43  44  50  49  45  47  42  48  41  46  53  55  59  51  56  60  52  54  58  57  62  68  67  63  66  64  65  61  70  69  74  80  72  75  79  78  76  73  77  71  81  86  90  87  89  85  82  83  84  88
  27  22  23  29  26  28  24  21  30  25  34  31  32  38  36  35  33  40  37  39  44  45  41  49  42  46  47  50  43  48  55  56  60  59  53  51  58  54  57  52  64  68  62  69  67  63  61  70  66  65  73  74  80  79  75  77  72  78  71  76  83  85  89  81  86  90  82  84  88  87  92  98  97  93  96  94  95  91 100  99   4  10   2   5   9   8   6   3   7   1  11  16  20  17  19  15  12  13  14  18
  87  82  83  89  86  88  84  81  90  85  94  91  92  98  96  95  93 100  97  99   4   5   1   9   2   6   7  10   3   8  15  16  20  19  13  11  18  14  17  12  24  28  22  29  27  23  21  30  26  25  33  34  40  39  35  37  32  38  31  36  43  45  49  41  46  50  42  44  48  47  52  58  57  53  56  54  55  51  60  59  64  70  62  65  69  68  66  63  67  61  71  76  80  77  79  75  72  73  74  78
  37  32  33  39  36  38  34  31  40  35  44  41  42  48  46  45  43  50  47  49  54  55  51  59  52  56  57  60  53  58  65  66  70  69  63  61  68  64  67  62  74  78  72  79  77  73  71  80  76  75  83  84  90  89  85  87  82  88  81  86  93  95  99  91  96 100  92  94  98  97   2   8   7   3   6   4   5   1  10   9  14  20  12  15  19  18  16  13  17  11  21  26  30  27  29  25  22  23  24  28
  77  72  73  79  76  78  74  71  80  75  84  81  82  88  86  85  83  90  87  89  94  95  91  99  92  96  97 100  93  98   5   6  10   9   3   1   8   4   7   2  14  18  12  19  17  13  11  20  16  15  23  24  30  29  25  27  22  28  21  26  33  35  39  31  36  40  32  34  38  37  42  48  47  43  46  44  45  41  50  49  54  60  52  55  59  58  56  53  57  51  61  66  70  67  69  65  62  63  64  68
  17  12  13  19  16  18  14  11  20  15  24  21  22  28  26  25  23  30  27  29  34  35  31  39  32  36  37  40  33  38  45  46  50  49  43  41  48  44  47  42  54  58  52  59  57  53  51  60  56  55  63  64  70  69  65  67  62  68  61  66  73  75  79  71  76  80  72  74  78  77  82  88  87  83  86  84  85  81  90  89  94 100  92  95  99  98  96  93  97  91   1   6  10   7   9   5   2   3   4   8
  67  62  63  69  66  68  64  61  70  65  74  71  72  78  76  75  73  80  77  79  84  85  81  89  82  86  87  90  83  88  95  96 100  99  93  91  98  94  97  92   4   8   2   9   7   3   1  10   6   5  13  14  20  19  15  17  12  18  11  16  23  25  29  21  26  30  22  24  28  27  32  38  37  33  36  34  35  31  40  39  44  50  42  45  49  48  46  43  47  41  51  56  60  57  59  55  52  53  54  58
  57  52  53  59  56  58  54  51  60  55  64  61  62  68  66  65  63  70  67  69  74  75  71  79  72  76  77  80  73  78  85  86  90  89  83  81  88  84  87  82  94  98  92  99  97  93  91 100  96  95   3   4  10   9   5   7   2   8   1   6  13  15  19  11  16  20  12  14  18  17  22  28  27  23  26  24  25  21  30  29  34  40  32  35  39  38  36  33  37  31  41  46  50  47  49  45  42  43  44  48
  47  42  43  49  46  48  44  41  50  45  54  51  52  58  56  55  53  60  57  59  64  65  61  69  62  66  67  70  63  68  75  76  80  79  73  71  78  74  77  72  84  88  82  89  87  83  81  90  86  85  93  94 100  99  95  97  92  98  91  96   3   5   9   1   6  10   2   4   8   7  12  18  17  13  16  14  15  11  20  19  24  30  22  25  29  28  26  23  27  21  31  36  40  37  39  35  32  33  34  38
   7   2   3   9   6   8   4   1  10   5  14  11  12  18  16  15  13  20  17  19  24  25  21  29  22  26  27  30  23  28  35  36  40  39  33  31  38  34  37  32  44  48  42  49  47  43  41  50  46  45  53  54  60  59  55  57  52  58  51  56  63  65  69  61  66  70  62  64  68  67  72  78  77  73  76  74  75  71  80  79  84  90  82  85  89  88  86  83  87  81  91  96 100  97  99  95  92  93  94  98
  48  43  44  50  47  49  45  42  41  46  55  52  53  59  57  56  54  51  58  60  65  66  62  70  63  67  68  61  64  69  76  77  71  80  74  72  79  75  78  73  85  89  83  90  88  84  82  81  87  86  94  95  91 100  96  98  93  99  92  97   4   6  10   2   7   1   3   5   9   8  13  19  18  14  17  15  16  12  11  20  25  21  23  26  30  29  27  24  28  22  32  37  31  38  40  36  33  34  35  39
  28  23  24  30  27  29  25  22  21  26  35  32  33  39  37  36  34  31  38  40  45  46  42  50  43  47  48  41  44  49  56  57  51  60  54  52  59  55  58  53  65  69  63  70  68  64  62  61  67  66  74  75  71  80  76  78  73  79  72  77  84  86  90  82  87  81  83  85  89  88  93  99  98  94  97  95  96  92  91 100   5   1   3   6  10   9   7   4   8   2  12  17  11  18  20  16  13  14  15  19
  38  33  34  40  37  39  35  32  31  36  45  42  43  49  47  46  44  41  48  50  55  56  52  60  53  57  58  51  54  59  66  67  61  70  64  62  69  65  68  63  75  79  73  80  78  74  72  71  77  76  84  85  81  90  86  88  83  89  82  87  94  96 100  92  97  91  93  95  99  98   3   9   8   4   7   5   6   2   1  10  15  11  13  16  20  19  17  14  18  12  22  27  21  28  30  26  23  24  25  29
  68  63  64  70  67  69  65  62  61  66  75  72  73  79  77  76  74  71  78  80  85  86  82  90  83  87  88  81  84  89  96  97  91 100  94  92  99  95  98  93   5   9   3  10   8   4   2   1   7   6  14  15  11  20  16  18  13  19  12  17  24  26  30  22  27  21  23  25  29  28  33  39  38  34  37  35  36  32  31  40  45  41  43  46  50  49  47  44  48  42  52  57  51  58  60  56  53  54  55  59
  18  13  14  20  17  19  15  12  11  16  25  22  23  29  27  26  24  21  28  30  35  36  32  40  33  37  38  31  34  39  46  47  41  50  44  42  49  45  48  43  55  59  53  60  58  54  52  51  57  56  64  65  61  70  66  68  63  69  62  67  74  76  80  72  77  71  73  75  79  78  83  89  88  84  87  85  86  82  81  90  95  91  93  96 100  99  97  94  98  92   2   7   1   8  10   6   3   4   5   9
  78  73  74  80  77  79  75  72  71  76  85  82  83  89  87  86  84  81  88  90  95  96  92 100  93  97  98  91  94  99   6   7   1  10   4   2   9   5   8   3  15  19  13  20  18  14  12  11  17  16  24  25  21  30  26  28  23  29  22  27  34  36  40  32  37  31  33  35  39  38  43  49  48  44  47  45  46  42  41  50  55  51  53  56  60  59  57  54  58  52  62  67  61  68  70  66  63  64  65  69
  58  53  54  60  57  59  55  52  51  56  65  62  63  69  67  66  64  61  68  70  75  76  72  80  73  77  78  71  74  79  86  87  81  90  84  82  89  85  88  83  95  99  93 100  98  94  92  91  97  96   4   5   1  10   6   8   3   9   2   7  14  16  20  12  17  11  13  15  19  18  23  29  28  24  27  25  26  22  21  30  35  31  33  36  40  39  37  34  38  32  42  47  41  48  50  46  43  44  45  49
  88  83  84  90  87  89  85  82  81  86  95  92  93  99  97  96  94  91  98 100   5   6   2  10   3   7   8   1   4   9  16  17  11  20  14  12  19  15  18  13  25  29  23  30  28  24  22  21  27  26  34  35  31  40  36  38  33  39  32  37  44  46  50  42  47  41  43  45  49  48  53  59  58  54  57  55  56  52  51  60  65  61  63  66  70  69  67  64  68  62  72  77  71  78  80  76  73  74  75  79
  98  93  94 100  97  99  95  92  91  96   5   2   3   9   7   6   4   1   8  10  15  16  12  20  13  17  18  11  14  19  26  27  21  30  24  22  29  25  28  23  35  39  33  40  38  34  32  31  37  36  44  45  41  50  46  48  43  49  42  47  54  56  60  52  57  51  53  55  59  58  63  69  68  64  67  65  66  62  61  70  75  71  73  76  80  79  77  74  78  72  82  87  81  88  90  86  83  84  85  89
   8   3   4  10   7   9   5   2   1   6  15  12  13  19  17  16  14  11  18  20  25  26  22  30  23  27  28  21  24  29  36  37  31  40  34  32  39  35  38  33  45  49  43  50  48  44  42  41  47  46  54  55  51  60  56  58  53  59  52  57  64  66  70  62  67  61  63  65  69  68  73  79  78  74  77  75  76  72  71  80  85  81  83  86  90  89  87  84  88  82  92  97  91  98 100  96  93  94  95  99
  89  84  85  81  88  90  86  83  82  87  96  93  94 100  98  97  95  92  99  91   6   7   3   1   4   8   9   2   5  10  17  18  12  11  15  13  20  16  19  14  26  30  24  21  29  25  23  22  28  27  35  36  32  31  37  39  34  40  33  38  45  47  41  43  48  42  44  46  50  49  54  60  59  55  58  56  57  53  52  51  66  62  64  67  61  70  68  65  69  63  73  78  72  79  71  77  74  75  76  80
  69  64  65  61  68  70  66  63  62  67  76  73  74  80  78  77  75  72  79  71  86  87  83  81  84  88  89  82  85  90  97  98  92  91  95  93 100  96  99  94   6  10   4   1   9   5   3   2   8   7  15  16  12  11  17  19  14  20  13  18  25  27  21  23  28  22  24  26  30  29  34  40  39  35  38  36  37  33  32  31  46  42  44  47  41  50  48  45  49  43  53  58  52  59  51  57  54  55  56  60
  39  34  35  31  38  40  36  33  32  37  46  43  44  50  48  47  45  42  49  41  56  57  53  51  54  58  59  52  55  60  67  68  62  61  65  63  70  66  69  64  76  80  74  71  79  75  73  72  78  77  85  86  82  81  87  89  84  90  83  88  95  97  91  93  98  92  94  96 100  99   4  10   9   5   8   6   7   3   2   1  16  12  14  17  11  20  18  15  19  13  23  28  22  29  21  27  24  25  26  30
  99  94  95  91  98 100  96  93  92  97   6   3   4  10   8   7   5   2   9   1  16  17  13  11  14  18  19  12  15  20  27  28  22  21  25  23  30  26  29  24  36  40  34  31  39  35  33  32  38  37  45  46  42  41  47  49  44  50  43  48  55  57  51  53  58  52  54  56  60  59  64  70  69  65  68  66  67  63  62  61  76  72  74  77  71  80  78  75  79  73  83  88  82  89  81  87  84  85  86  90
  49  44  45  41  48  50  46  43  42  47  56  53  54  60  58  57  55  52  59  51  66  67  63  61  64  68  69  62  65  70  77  78  72  71  75  73  80  76  79  74  86  90  84  81  89  85  83  82  88  87  95  96  92  91  97  99  94 100  93  98   5   7   1   3   8   2   4   6  10   9  14  20  19  15  18  16  17  13  12  11  26  22  24  27  21  30  28  25  29  23  33  38  32  39  31  37  34  35  36  40
  59  54  55  51  58  60  56  53  52  57  66  63  64  70  68  67  65  62  69  61  76  77  73  71  74  78  79  72  75  80  87  88  82  81  85  83  90  86  89  84  96 100  94  91  99  95  93  92  98  97   5   6   2   1   7   9   4  10   3   8  15  17  11  13  18  12  14  16  20  19  24  30  29  25  28  26  27  23  22  21  36  32  34  37  31  40  38  35  39  33  43  48  42  49  41  47  44  45  46  50
  29  24  25  21  28  30  26  23  22  27  36  33  34  40  38  37  35  32  39  31  46  47  43  41  44  48  49  42  45  50  57  58  52  51  55  53  60  56  59  54  66  70  64  61  69  65  63  62  68  67  75  76  72  71  77  79  74  80  73  78  85  87  81  83  88  82  84  86  90  89  94 100  99  95  98  96  97  93  92  91   6   2   4   7   1  10   8   5   9   3  13  18  12  19  11  17  14  15  16  20
  79  74  75  71  78  80  76  73  72  77  86  83  84  90  88  87  85  82  89  81  96  97  93  91  94  98  99  92  95 100   7   8   2   1   5   3  10   6   9   4  16  20  14  11  19  15  13  12  18  17  25  26  22  21  27  29  24  30  23  28  35  37  31  33  38  32  34  36  40  39  44  50  49  45  48  46  47  43  42  41  56  52  54  57  51  60  58  55  59  53  63  68  62  69  61  67  64  65  66  70
  19  14  15  11  18  20  16  13  12  17  26  23  24  30  28  27  25  22  29  21  36  37  33  31  34  38  39  32  35  40  47  48  42  41  45  43  50  46  49  44  56  60  54  51  59  55  53  52  58  57  65  66  62  61  67  69  64  70  63  68  75  77  71  73  78  72  74  76  80  79  84  90  89  85  88  86  87  83  82  81  96  92  94  97  91 100  98  95  99  93   3   8   2   9   1   7   4   5   6  10
   9   4   5   1   8  10   6   3   2   7  16  13  14  20  18  17  15  12  19  11  26  27  23  21  24  28  29  22  25  30  37  38  32  31  35  33  40  36  39  34  46  50  44  41  49  45  43  42  48  47  55  56  52  51  57  59  54  60  53  58  65  67  61  63  68  62  64  66  70  69  74  80  79  75  78  76  77  73  72  71  86  82  84  87  81  90  88  85  89  83  93  98  92  99  91  97  94  95  96 100
  70  65  66  62  69  61  67  64  63  68  77  74  75  71  79  78  76  73  80  72  87  88  84  82  85  89  90  83  86  81  98  99  93  92  96  94  91  97 100  95   7   1   5   2  10   6   4   3   9   8  16  17  13  12  18  20  15  11  14  19  26  28  22  24  29  23  25  27  21  30  35  31  40  36  39  37  38  34  33  32  47  43  45  48  42  41  49  46  50  44  54  59  53  60  52  58  55  56  57  51
  50  45  46  42  49  41  47  44  43  48  57  54  55  51  59  58  56  53  60  52  67  68  64  62  65  69  70  63  66  61  78  79  73  72  76  74  71  77  80  75  87  81  85  82  90  86  84  83  89  88  96  97  93  92  98 100  95  91  94  99   6   8   2   4   9   3   5   7   1  10  15  11  20  16  19  17  18  14  13  12  27  23  25  28  22  21  29  26  30  24  34  39  33  40  32  38  35  36  37  31
  80  75  76  72  79  71  77  74  73  78  87  84  85  81  89  88  86  83  90  82  97  98  94  92  95  99 100  93  96  91   8   9   3   2   6   4   1   7  10   5  17  11  15  12  20  16  14  13  19  18  26  27  23  22  28  30  25  21  24  29  36  38  32  34  39  33  35  37  31  40  45  41  50  46  49  47  48  44  43  42  57  53  55  58  52  51  59  56  60  54  64  69  63  70  62  68  65  66  67  61
  40  35  36  32  39  31  37  34  33  38  47  44  45  41  49  48  46  43  50  42  57  58  54  52  55  59  60  53  56  51  68  69  63  62  66  64  61  67  70  65  77  71  75  72  80  76  74  73  79  78  86  87  83  82  88  90  85  81  84  89  96  98  92  94  99  93  95  97  91 100   5   1  10   6   9   7   8   4   3   2  17  13  15  18  12  11  19  16  20  14  24  29  23  30  22  28  25  26  27  21
 100  95  96  92  99  91  97  94  93  98   7   4   5   1   9   8   6   3  10   2  17  18  14  12  15  19  20  13  16  11  28  29  23  22  26  24  21  27  30  25  37  31  35  32  40  36  34  33  39  38  46  47  43  42  48  50  45  41  44  49  56  58  52  54  59  53  55  57  51  60  65  61  70  66  69  67  68  64  63  62  77  73  75  78  72  71  79  76  80  74  84  89  83  90  82  88  85  86  87  81
  30  25  26  22  29  21  27  24  23  28  37  34  35  31  39  38  36  33  40  32  47  48  44  42  45  49  50  43  46  41  58  59  53  52  56  54  51  57  60  55  67  61  65  62  70  66  64  63  69  68  76  77  73  72  78  80  75  71  74  79  86  88  82  84  89  83  85  87  81  90  95  91 100  96  99  97  98  94  93  92   7   3   5   8   2   1   9   6  10   4  14  19  13  20  12  18  15  16  17  11
  20  15  16  12  19  11  17  14  13  18  27  24  25  21  29  28  26  23  30  22  37  38  34  32  35  39  40  33  36  31  48  49  43  42  46  44  41  47  50  45  57  51  55  52  60  56  54  53  59  58  66  67  63  62  68  70  65  61  64  69  76  78  72  74  79  73  75  77  71  80  85  81  90  86  89  87  88  84  83  82  97  93  95  98  92  91  99  96 100  94   4   9   3  10   2   8   5   6   7   1
  90  85  86  82  89  81  87  84  83  88  97  94  95  91  99  98  96  93 100  92   7   8   4   2   5   9  10   3   6   1  18  19  13  12  16  14  11  17  20  15  27  21  25  22  30  26  24  23  29  28  36  37  33  32  38  40  35  31  34  39  46  48  42  44  49  43  45  47  41  50  55  51  60  56  59  57  58  54  53  52  67  63  65  68  62  61  69  66  70  64  74  79  73  80  72  78  75  76  77  71
  60  55  56  52  59  51  57  54  53  58  67  64  65  61  69  68  66  63  70  62  77  78  74  72  75  79  80  73  76  71  88  89  83  82  86  84  81  87  90  85  97  91  95  92 100  96  94  93  99  98   6   7   3   2   8  10   5   1   4   9  16  18  12  14  19  13  15  17  11  20  25  21  30  26  29  27  28  24  23  22  37  33  35  38  32  31  39  36  40  34  44  49  43  50  42  48  45  46  47  41
  10   5   6   2   9   1   7   4   3   8  17  14  15  11  19  18  16  13  20  12  27  28  24  22  25  29  30  23  26  21  38  39  33  32  36  34  31  37  40  35  47  41  45  42  50  46  44  43  49  48  56  57  53  52  58  60  55  51  54  59  66  68  62  64  69  63  65  67  61  70  75  71  80  76  79  77  78  74  73  72  87  83  85  88  82  81  89  86  90  84  94  99  93 100  92  98  95  96  97  91
  61  66  67  63  70  62  68  65  64  69  78  75  76  72  80  79  77  74  71  73  88  89  85  83  86  90  81  84  87  82  99 100  94  93  97  95  92  98  91  96   8   2   6   3   1   7   5   4  10   9  17  18  14  13  19  11  16  12  15  20  27  29  23  25  30  24  26  28  22  21  36  32  31  37  40  38  39  35  34  33  48  44  46  49  43  42  50  47  41  45  55  60  54  51  53  59  56  57  58  52
  91  96  97  93 100  92  98  95  94  99   8   5   6   2  10   9   7   4   1   3  18  19  15  13  16  20  11  14  17  12  29  30  24  23  27  25  22  28  21  26  38  32  36  33  31  37  35  34  40  39  47  48  44  43  49  41  46  42  45  50  57  59  53  55  60  54  56  58  52  51  66  62  61  67  70  68  69  65  64  63  78  74  76  79  73  72  80  77  71  75  85  90  84  81  83  89  86  87  88  82
  71  76  77  73  80  72  78  75  74  79  88  85  86  82  90  89  87  84  81  83  98  99  95  93  96 100  91  94  97  92   9  10   4   3   7   5   2   8   1   6  18  12  16  13  11  17  15  14  20  19  27  28  24  23  29  21  26  22  25  30  37  39  33  35  40  34  36  38  32  31  46  42  41  47  50  48  49  45  44  43  58  54  56  59  53  52  60  57  51  55  65  70  64  61  63  69  66  67  68  62
  51  56  57  53  60  52  58  55  54  59  68  65  66  62  70  69  67  64  61  63  78  79  75  73  76  80  71  74  77  72  89  90  84  83  87  85  82  88  81  86  98  92  96  93  91  97  95  94 100  99   7   8   4   3   9   1   6   2   5  10  17  19  13  15  20  14  16  18  12  11  26  22  21  27  30  28  29  25  24  23  38  34  36  39  33  32  40  37  31  35  45  50  44  41  43  49  46  47  48  42
  41  46  47  43  50  42  48  45  44  49  58  55  56  52  60  59  57  54  51  53  68  69  65  63  66  70  61  64  67  62  79  80  74  73  77  75  72  78  71  76  88  82  86  83  81  87  85  84  90  89  97  98  94  93  99  91  96  92  95 100   7   9   3   5  10   4   6   8   2   1  16  12  11  17  20  18  19  15  14  13  28  24  26  29  23  22  30  27  21  25  35  40  34  31  33  39  36  37  38  32
   1   6   7   3  10   2   8   5   4   9  18  15  16  12  20  19  17  14  11  13  28  29  25  23  26  30  21  24  27  22  39  40  34  33  37  35  32  38  31  36  48  42  46  43  41  47  45  44  50  49  57  58  54  53  59  51  56  52  55  60  67  69  63  65  70  64  66  68  62  61  76  72  71  77  80  78  79  75  74  73  88  84  86  89  83  82  90  87  81  85  95 100  94  91  93  99  96  97  98  92
  11  16  17  13  20  12  18  15  14  19  28  25  26  22  30  29  27  24  21  23  38  39  35  33  36  40  31  34  37  32  49  50  44  43  47  45  42  48  41  46  58  52  56  53  51  57  55  54  60  59  67  68  64  63  69  61  66  62  65  70  77  79  73  75  80  74  76  78  72  71  86  82  81  87  90  88  89  85  84  83  98  94  96  99  93  92 100  97  91  95   5  10   4   1   3   9   6   7   8   2
  31  36  37  33  40  32  38  35  34  39  48  45  46  42  50  49  47  44  41  43  58  59  55  53  56  60  51  54  57  52  69  70  64  63  67  65  62  68  61  66  78  72  76  73  71  77  75  74  80  79  87  88  84  83  89  81  86  82  85  90  97  99  93  95 100  94  96  98  92  91   6   2   1   7  10   8   9   5   4   3  18  14  16  19  13  12  20  17  11  15  25  30  24  21  23  29  26  27  28  22
  21  26  27  23  30  22  28  25  24  29  38  35  36  32  40  39  37  34  31  33  48  49  45  43  46  50  41  44  47  42  59  60  54  53  57  55  52  58  51  56  68  62  66  63  61  67  65  64  70  69  77  78  74  73  79  71  76  72  75  80  87  89  83  85  90  84  86  88  82  81  96  92  91  97 100  98  99  95  94  93   8   4   6   9   3   2  10   7   1   5  15  20  14  11  13  19  16  17  18  12
  81  86  87  83  90  82  88  85  84  89  98  95  96  92 100  99  97  94  91  93   8   9   5   3   6  10   1   4   7   2  19  20  14  13  17  15  12  18  11  16  28  22  26  23  21  27  25  24  30  29  37  38  34  33  39  31  36  32  35  40  47  49  43  45  50  44  46  48  42  41  56  52  51  57  60  58  59  55  54  53  68  64  66  69  63  62  70  67  61  65  75  80  74  71  73  79  76  77  78  72
  62  67  68  64  61  63  69  66  65  70  79  76  77  73  71  80  78  75  72  74  89  90  86  84  87  81  82  85  88  83 100  91  95  94  98  96  93  99  92  97   9   3   7   4   2   8   6   5   1  10  18  19  15  14  20  12  17  13  16  11  28  30  24  26  21  25  27  29  23  22  37  33  32  38  31  39  40  36  35  34  49  45  47  50  44  43  41  48  42  46  56  51  55  52  54  60  57  58  59  53
  22  27  28  24  21  23  29  26  25  30  39  36  37  33  31  40  38  35  32  34  49  50  46  44  47  41  42  45  48  43  60  51  55  54  58  56  53  59  52  57  69  63  67  64  62  68  66  65  61  70  78  79  75  74  80  72  77  73  76  71  88  90  84  86  81  85  87  89  83  82  97  93  92  98  91  99 100  96  95  94   9   5   7  10   4   3   1   8   2   6  16  11  15  12  14  20  17  18  19  13
  52  57  58  54  51  53  59  56  55  60  69  66  67  63  61  70  68  65  62  64  79  80  76  74  77  71  72  75  78  73  90  81  85  84  88  86  83  89  82  87  99  93  97  94  92  98  96  95  91 100   8   9   5   4  10   2   7   3   6   1  18  20  14  16  11  15  17  19  13  12  27  23  22  28  21  29  30  26  25  24  39  35  37  40  34  33  31  38  32  36  46  41  45  42  44  50  47  48  49  43
  42  47  48  44  41  43  49  46  45  50  59  56  57  53  51  60  58  55  52  54  69  70  66  64  67  61  62  65  68  63  80  71  75  74  78  76  73  79  72  77  89  83  87  84  82  88  86  85  81  90  98  99  95  94 100  92  97  93  96  91   8  10   4   6   1   5   7   9   3   2  17  13  12  18  11  19  20  16  15  14  29  25  27  30  24  23  21  28  22  26  36  31  35  32  34  40  37  38  39  33
  92  97  98  94  91  93  99  96  95 100   9   6   7   3   1  10   8   5   2   4  19  20  16  14  17  11  12  15  18  13  30  21  25  24  28  26  23  29  22  27  39  33  37  34  32  38  36  35  31  40  48  49  45  44  50  42  47  43  46  41  58  60  54  56  51  55  57  59  53  52  67  63  62  68  61  69  70  66  65  64  79  75  77  80  74  73  71  78  72  76  86  81  85  82  84  90  87  88  89  83
  32  37  38  34  31  33  39  36  35  40  49  46  47  43  41  50  48  45  42  44  59  60  56  54  57  51  52  55  58  53  70  61  65  64  68  66  63  69  62  67  79  73  77  74  72  78  76  75  71  80  88  89  85  84  90  82  87  83  86  81  98 100  94  96  91  95  97  99  93  92   7   3   2   8   1   9  10   6   5   4  19  15  17  20  14  13  11  18  12  16  26  21  25  22  24  30  27  28  29  23
  12  17  18  14  11  13  19  16  15  20  29  26  27  23  21  30  28  25  22  24  39  40  36  34  37  31  32  35  38  33  50  41  45  44  48  46  43  49  42  47  59  53  57  54  52  58  56  55  51  60  68  69  65  64  70  62  67  63  66  61  78  80  74  76  71  75  77  79  73  72  87  83  82  88  81  89  90  86  85  84  99  95  97 100  94  93  91  98  92  96   6   1   5   2   4  10   7   8   9   3
   2   7   8   4   1   3   9   6   5  10  19  16  17  13  11  20  18  15  12  14  29  30  26  24  27  21  22  25  28  23  40  31  35  34  38  36  33  39  32  37  49  43  47  44  42  48  46  45  41  50  58  59  55  54  60  52  57  53  56  51  68  70  64  66  61  65  67  69  63  62  77  73  72  78  71  79  80  76  75  74  89  85  87  90  84  83  81  88  82  86  96  91  95  92  94 100  97  98  99  93
  72  77  78  74  71  73  79  76  75  80  89  86  87  83  81  90  88  85  82  84  99 100  96  94  97  91  92  95  98  93  10   1   5   4   8   6   3   9   2   7  19  13  17  14  12  18  16  15  11  20  28  29  25  24  30  22  27  23  26  21  38  40  34  36  31  35  37  39  33  32  47  43  42  48  41  49  50  46  45  44  59  55  57  60  54  53  51  58  52  56  66  61  65  62  64  70  67  68  69  63
  82  87  88  84  81  83  89  86  85  90  99  96  97  93  91 100  98  95  92  94   9  10   6   4   7   1   2   5   8   3  20  11  15  14  18  16  13  19  12  17  29  23  27  24  22  28  26  25  21  30  38  39  35  34  40  32  37  33  36  31  48  50  44  46  41  45  47  49  43  42  57  53  52  58  51  59  60  56  55  54  69  65  67  70  64  63  61  68  62  66  76  71  75  72  74  80  77  78  79  73
