  7  5  8  6 11 10 12  9 16 14 15 13 20 17 19 18 24 22 21 23 28 25 27 26  3  4  2  1
 11  9 12 10 15 14 16 13 20 18 19 17 24 21 23 22 28 26 25 27  4  1  3  2  7  8  6  5
  3  1  4  2  7  6  8  5 12 10 11  9 16 13 15 14 20 18 17 19 24 21 23 22 27 28 26 25
 19 17 20 18 23 22 24 21 28 26 27 25  4  1  3  2  8  6  5  7 12  9 11 10 15 16 14 13
 27 25 28 26  3  2  4  1  8  6  7  5 12  9 11 10 16 14 13 15 20 17 19 18 23 24 22 21
 23 21 24 22 27 26 28 25  4  2  3  1  8  5  7  6 12 10  9 11 16 13 15 14 19 20 18 17
 15 13 16 14 19 18 20 17 24 22 23 21 28 25 27 26  4  2  1  3  8  5  7  6 11 12 10  9
  8  6  5  7 12 11  9 10 13 15 16 14 17 18 20 19 21 23 22 24 25 26 28 27  4  1  3  2
  4  2  1  3  8  7  5  6  9 11 12 10 13 14 16 15 17 19 18 20 21 22 24 23 28 25 27 26
 20 18 17 19 24 23 21 22 25 27 28 26  1  2  4  3  5  7  6  8  9 10 12 11 16 13 15 14
 24 22 21 23 28 27 25 26  1  3  4  2  5  6  8  7  9 11 10 12 13 14 16 15 20 17 19 18
 16 14 13 15 20 19 17 18 21 23 24 22 25 26 28 27  1  3  2  4  5  6  8  7 12  9 11 10
 28 26 25 27  4  3  1  2  5  7  8  6  9 10 12 11 13 15 14 16 17 18 20 19 24 21 23 22
 12 10  9 11 16 15 13 14 17 19 20 18 21 22 24 23 25 27 26 28  1  2  4  3  8  5  7  6
 21 23 22 24 25 28 26 27  2  4  1  3  6  7  5  8 10 12 11  9 14 15 13 16 17 18 20 19
  5  7  6  8  9 12 10 11 14 16 13 15 18 19 17 20 22 24 23 21 26 27 25 28  1  2  4  3
 17 19 18 20 21 24 22 23 26 28 25 27  2  3  1  4  6  8  7  5 10 11  9 12 13 14 16 15
 13 15 14 16 17 20 18 19 22 24 21 23 26 27 25 28  2  4  3  1  6  7  5  8  9 10 12 11
  1  3  2  4  5  8  6  7 10 12  9 11 14 15 13 16 18 20 19 17 22 23 21 24 25 26 28 27
 25 27 26 28  1  4  2  3  6  8  5  7 10 11  9 12 14 16 15 13 18 19 17 20 21 22 24 23
  9 11 10 12 13 16 14 15 18 20 17 19 22 23 21 24 26 28 27 25  2  3  1  4  5  6  8  7
  6  8  7  5 10  9 11 12 15 13 14 16 19 20 18 17 23 21 24 22 27 28 26 25  2  3  1  4
 18 20 19 17 22 21 23 24 27 25 26 28  3  4  2  1  7  5  8  6 11 12 10  9 14 15 13 16
 22 24 23 21 26 25 27 28  3  1  2  4  7  8  6  5 11  9 12 10 15 16 14 13 18 19 17 20
  2  4  3  1  6  5  7  8 11  9 10 12 15 16 14 13 19 17 20 18 23 24 22 21 26 27 25 28
 10 12 11  9 14 13 15 16 19 17 18 20 23 24 22 21 27 25 28 26  3  4  2  1  6  7  5  8
 26 28 27 25  2  1  3  4  7  5  6  8 11 12 10  9 15 13 16 14 19 20 18 17 22 23 21 24
 14 16 15 13 18 17 19 20 23 21 22 24 27 28 26 25  3  1  4  2  7  8  6  5 10 11  9 12
