 23 22 25 26 21 29 24 30 27 28 32 40 31 36 37 38 33 39 35 34  3  5  1  6 10  7  4  2  9  8 11 18 15 12 13 16 17 19 20 14
 13 12 15 16 11 19 14 20 17 18 22 30 21 26 27 28 23 29 25 24 33 35 31 36 40 37 34 32 39 38  1  8  5  2  3  6  7  9 10  4
 33 32 35 36 31 39 34 40 37 38  2 10  1  6  7  8  3  9  5  4 13 15 11 16 20 17 14 12 19 18 21 28 25 22 23 26 27 29 30 24
  3  2  5  6  1  9  4 10  7  8 12 20 11 16 17 18 13 19 15 14 23 25 21 26 30 27 24 22 29 28 31 38 35 32 33 36 37 39 40 34
  4  3  6  7  2 10  5  1  8  9 13 11 12 17 18 19 14 20 16 15 24 26 22 27 21 28 25 23 30 29 32 39 36 33 34 37 38 40 31 35
 34 33 36 37 32 40 35 31 38 39  3  1  2  7  8  9  4 10  6  5 14 16 12 17 11 18 15 13 20 19 22 29 26 23 24 27 28 30 21 25
 14 13 16 17 12 20 15 11 18 19 23 21 22 27 28 29 24 30 26 25 34 36 32 37 31 38 35 33 40 39  2  9  6  3  4  7  8 10  1  5
 24 23 26 27 22 30 25 21 28 29 33 31 32 37 38 39 34 40 36 35  4  6  2  7  1  8  5  3 10  9 12 19 16 13 14 17 18 20 11 15
  5  4  7  8  3  1  6  2  9 10 14 12 13 18 19 20 15 11 17 16 25 27 23 28 22 29 26 24 21 30 33 40 37 34 35 38 39 31 32 36
 25 24 27 28 23 21 26 22 29 30 34 32 33 38 39 40 35 31 37 36  5  7  3  8  2  9  6  4  1 10 13 20 17 14 15 18 19 11 12 16
 15 14 17 18 13 11 16 12 19 20 24 22 23 28 29 30 25 21 27 26 35 37 33 38 32 39 36 34 31 40  3 10  7  4  5  8  9  1  2  6
 35 34 37 38 33 31 36 32 39 40  4  2  3  8  9 10  5  1  7  6 15 17 13 18 12 19 16 14 11 20 23 30 27 24 25 28 29 21 22 26
 36 35 38 39 34 32 37 33 40 31  5  3  4  9 10  1  6  2  8  7 16 18 14 19 13 20 17 15 12 11 24 21 28 25 26 29 30 22 23 27
 26 25 28 29 24 22 27 23 30 21 35 33 34 39 40 31 36 32 38 37  6  8  4  9  3 10  7  5  2  1 14 11 18 15 16 19 20 12 13 17
 16 15 18 19 14 12 17 13 20 11 25 23 24 29 30 21 26 22 28 27 36 38 34 39 33 40 37 35 32 31  4  1  8  5  6  9 10  2  3  7
  6  5  8  9  4  2  7  3 10  1 15 13 14 19 20 11 16 12 18 17 26 28 24 29 23 30 27 25 22 21 34 31 38 35 36 39 40 32 33 37
 17 16 19 20 15 13 18 14 11 12 26 24 25 30 21 22 27 23 29 28 37 39 35 40 34 31 38 36 33 32  5  2  9  6  7 10  1  3  4  8
 37 36 39 40 35 33 38 34 31 32  6  4  5 10  1  2  7  3  9  8 17 19 15 20 14 11 18 16 13 12 25 22 29 26 27 30 21 23 24 28
 27 26 29 30 25 23 28 24 21 22 36 34 35 40 31 32 37 33 39 38  7  9  5 10  4  1  8  6  3  2 15 12 19 16 17 20 11 13 14 18
  7  6  9 10  5  3  8  4  1  2 16 14 15 20 11 12 17 13 19 18 27 29 25 30 24 21 28 26 23 22 35 32 39 36 37 40 31 33 34 38
 38 37 40 31 36 34 39 35 32 33  7  5  6  1  2  3  8  4 10  9 18 20 16 11 15 12 19 17 14 13 26 23 30 27 28 21 22 24 25 29
 28 27 30 21 26 24 29 25 22 23 37 35 36 31 32 33 38 34 40 39  8 10  6  1  5  2  9  7  4  3 16 13 20 17 18 11 12 14 15 19
  8  7 10  1  6  4  9  5  2  3 17 15 16 11 12 13 18 14 20 19 28 30 26 21 25 22 29 27 24 23 36 33 40 37 38 31 32 34 35 39
 18 17 20 11 16 14 19 15 12 13 27 25 26 21 22 23 28 24 30 29 38 40 36 31 35 32 39 37 34 33  6  3 10  7  8  1  2  4  5  9
 19 18 11 12 17 15 20 16 13 14 28 26 27 22 23 24 29 25 21 30 39 31 37 32 36 33 40 38 35 34  7  4  1  8  9  2  3  5  6 10
 29 28 21 22 27 25 30 26 23 24 38 36 37 32 33 34 39 35 31 40  9  1  7  2  6  3 10  8  5  4 17 14 11 18 19 12 13 15 16 20
 39 38 31 32 37 35 40 36 33 34  8  6  7  2  3  4  9  5  1 10 19 11 17 12 16 13 20 18 15 14 27 24 21 28 29 22 23 25 26 30
  9  8  1  2  7  5 10  6  3  4 18 16 17 12 13 14 19 15 11 20 29 21 27 22 26 23 30 28 25 24 37 34 31 38 39 32 33 35 36 40
 30 29 22 23 28 26 21 27 24 25 39 37 38 33 34 35 40 36 32 31 10  2  8  3  7  4  1  9  6  5 18 15 12 19 20 13 14 16 17 11
 20 19 12 13 18 16 11 17 14 15 29 27 28 23 24 25 30 26 22 21 40 32 38 33 37 34 31 39 36 35  8  5  2  9 10  3  4  6  7  1
 10  9  2  3  8  6  1  7  4  5 19 17 18 13 14 15 20 16 12 11 30 22 28 23 27 24 21 29 26 25 38 35 32 39 40 33 34 36 37 31
 40 39 32 33 38 36 31 37 34 35  9  7  8  3  4  5 10  6  2  1 20 12 18 13 17 14 11 19 16 15 28 25 22 29 30 23 24 26 27 21
 11 20 13 14 19 17 12 18 15 16 30 28 29 24 25 26 21 27 23 22 31 33 39 34 38 35 32 40 37 36  9  6  3 10  1  4  5  7  8  2
  1 10  3  4  9  7  2  8  5  6 20 18 19 14 15 16 11 17 13 12 21 23 29 24 28 25 22 30 27 26 39 36 33 40 31 34 35 37 38 32
 31 40 33 34 39 37 32 38 35 36 10  8  9  4  5  6  1  7  3  2 11 13 19 14 18 15 12 20 17 16 29 26 23 30 21 24 25 27 28 22
 21 30 23 24 29 27 22 28 25 26 40 38 39 34 35 36 31 37 33 32  1  3  9  4  8  5  2 10  7  6 19 16 13 20 11 14 15 17 18 12
 12 11 14 15 20 18 13 19 16 17 21 29 30 25 26 27 22 28 24 23 32 34 40 35 39 36 33 31 38 37 10  7  4  1  2  5  6  8  9  3
  2  1  4  5 10  8  3  9  6  7 11 19 20 15 16 17 12 18 14 13 22 24 30 25 29 26 23 21 28 27 40 37 34 31 32 35 36 38 39 33
 22 21 24 25 30 28 23 29 26 27 31 39 40 35 36 37 32 38 34 33  2  4 10  5  9  6  3  1  8  7 20 17 14 11 12 15 16 18 19 13
 32 31 34 35 40 38 33 39 36 37  1  9 10  5  6  7  2  8  4  3 12 14 20 15 19 16 13 11 18 17 30 27 24 21 22 25 26 28 29 23
