  3 16 13 14  2  8 11  1  5 15 10  9  4  7  6 17 12
 14 17  4  2 11 12 13  5 15  9 16  7  3  6  8  1 10
  2 13 16  3 10  9  8 11  4  5  7  6 14 12 17 15  1
 15  3  9 13 12  2 17  7 14 16  5  1  8 11 10  6  4
 12  1  8 15  3 13  9  6  2  7  4 16  5 14 11 10 17
  1  5 10  4 13  6 16  9 11 14  3  2  7 17 12  8 15
  8 12  7  9  4 15  6 16 17  3 14 13  2 10  1 11  5
  4 14  5 17  1 11 10 13  9  8 15  3 16  2  7 12  6
 13 15 11  8  5  4  7 14 16  6 12 10 17  1  2  9  3
  6  2 12 16 15 17  4  8 13 11  1  5 10  3 14  7  9
  7  8 15  1  6 14  2  4 12 10  9 17 13 16  3  5 11
  9  7  2 11  8  3 12 17 10 13  6 14  1  5 15  4 16
 16 11  3 12  7  5 15 10  1 17 13  4  6  8  9 14  2
 11  4  6 10 16  7  3  2  8  1 17 15 12  9  5 13 14
 10  6 14  5 17 16  1 15  7  2 11 12  9 13  4  3  8
  5 10 17  7  9  1 14  3  6 12  8 11 15  4 16  2 13
 17  9  1  6 14 10  5 12  3  4  2  8 11 15 13 16  7
