  5  7  3 14 11  9 16  8 15  4 12 10 13  2  6  1 17
 15 10 16  9  3  5  6  1  4  2 14 17 11 13  7  8 12
 13  9  5  8  2 14  7  3 10  6  1 12 17 11  4 16 15
  8 15  2 10 14 11  9 12  6 13 16  7  3 17  1  4  5
  6 12  9 11  5 15 10  7  1  3 13  8 16 14 17  2  4
  4  6 13  3 16  2 15  9  7 17  5  1 12  8 11 14 10
 10  4  1 17  6  3 14  2  9  7 15  5  8 12 13 11 16
  2  8  7 13  1 12  3  5 11  9  6  4 10 16 15 17 14
 12 13  4  7  8  1  5 17  3 11  9  6 14 10 16 15  2
 11  2  8 12 13  7 17 14  5 16  3  9  4 15 10  6  1
  9  5 11  1 17 10 12  4 14  8  2 16 15  7  3 13  6
  1 16 15  2 12  8 13  6 17  5  7  3  9  4 14 10 11
 14  1 12  5 10 13  4 11 16 15 17  2  6  3  9  7  8
 16 14 17  4  9  6  1 10  8 12 11 15  7  5  2  3 13
  3 11 10 15  4 17  2 16 12 14  8 13  1  6  5  9  7
 17  3 14  6  7 16  8 15 13 10  4 11  2  1 12  5  9
  7 17  6 16 15  4 11 13  2  1 10 14  5  9  8 12  3
