  5  8 16 17  3  7 11  1  9 15  6 12  2  4 14 13 10
  2  1 17  5  7  6 14 16  3  8 15  4 13 10  9 11 12
  1  5  8 11  2 13  7 12  4 10  3  6  9 16 17 15 14
  3  6  7  4 17 12 15 10 16 11  9  1  5  2 13 14  8
  4 12  6 14 11  1  9  7 10 16  8 13 17  5 15  2  3
 13  7 10  8 15  2  6  3 14  4 11  5 12  1 16  9 17
  6 10  5 16  8 11  2  9  7 13  1 14 15 17  3 12  4
 10  3 14  9  5  4 16 11  2  7 13 15  6 12  8 17  1
 17  9 11 10 16  5  4 14 15 12  2  8  1  6  7  3 13
 14 13  1  7  9  8 10  4  5  3 16 17 11 15 12  6  2
  8 11 12  6 10 16 17  2 13 14  7  9  4  3  1  5 15
  9 14  3 13  6 10  1 15 12  2 17 11  8  7  5  4 16
 12 17  9  3 14 15  8  6 11  1  4 16 10 13  2  7  5
 15  4 13 12  1  3  5 17  8  9 10  2 14 11  6 16  7
  7 15  4  2 13  9  3  8 17  5 12 10 16 14 11  1  6
 16  2 15  1  4 14 12 13  6 17  5  3  7  9 10  8 11
 11 16  2 15 12 17 13  5  1  6 14  7  3  8  4 10  9
