0.0040028000075835735
0.13728809999884106
0.016129199997521937
0.009181699992041104
0.00750510000216309
0.04800690000411123
0.04162000000360422
0.002578699990408495
0.007322000004933216
0.009608100008335896
0.004142899997532368
0.03246489999582991
0.005998599997838028
0.04981450000195764
0.008081899999524467
0.0030448999896179885
0.02190870000049472
0.05780600001162384
0.007917800001450814
0.0124091000034241
0.017037300000083633
0.06163419999938924
0.05088890000479296
0.08183459998690523
0.023446100007276982
0.04976609999721404
0.03326260000176262
0.010441300008096732
0.031442599996807985
0.01065270000253804
0.009318600001279265
0.011157399989315309
0.01853129999653902
0.02121639999677427
0.009571500006131828
0.028014199997414835
0.05862189999606926
0.01615229999879375
0.018751300012809224
0.03245950001291931
0.005400900001404807
0.010516299997107126
0.001919699992868118
0.005820299993501976
0.013215600003604777
0.01581120000628289
0.04755730000033509
0.005877699994016439
0.010495199996512383
0.020143399990047328
0.12189360000775196
0.010228099999949336
0.025443500009714626
0.16662749998795334
0.004939299993566237
0.0037152000004425645
0.03666270000394434
0.005606199993053451
0.007980100010172464
0.010404300002846867
0.011063099998864345
0.007938199996715412
0.008918799998355098
0.011700000002747402
0.01708370000415016
0.023020399996312335
0.012088000003132038
0.01815319999877829
0.018194700009189546
0.004619700004695915
0.0082717000041157
0.022872200002893806
0.019856200000504032
0.012202699988847598
0.007935800007544458
0.014916500003891997
0.017066100001102313
0.0034269000025233254
0.0071075999876484275
0.014578700007405132
0.02016979998734314
0.005374899992602877
0.030929699991247617
0.04816520000167657
0.027622099994914606
0.01214089999848511
0.0963010999985272
0.010983000000123866
0.01632650000101421
0.001768600006471388
0.006461899989517406
0.01755839999532327
0.0429329000035068
0.02801420001196675
0.03242090001003817
0.03294319999986328
0.008816499990643933
0.021029999988968484
0.019956799995270558
0.00946970000222791
0.021654099997249432
