 15 13 14 16  1  4  3  2  5  8  6  7 10 12  9 11
 11  9 10 12 13 16 15 14  1  4  2  3  6  8  5  7
  3  1  2  4  5  8  7  6  9 12 10 11 14 16 13 15
  7  5  6  8  9 12 11 10 13 16 14 15  2  4  1  3
  4  2  3  1  6  5  8  7 10  9 11 12 15 13 14 16
  8  6  7  5 10  9 12 11 14 13 15 16  3  1  2  4
 12 10 11  9 14 13 16 15  2  1  3  4  7  5  6  8
 16 14 15 13  2  1  4  3  6  5  7  8 11  9 10 12
  5  7  8  6 11 10  9 12 15 14 16 13  4  2  3  1
  9 11 12 10 15 14 13 16  3  2  4  1  8  6  7  5
  1  3  4  2  7  6  5  8 11 10 12  9 16 14 15 13
 13 15 16 14  3  2  1  4  7  6  8  5 12 10 11  9
  6  8  5  7 12 11 10  9 16 15 13 14  1  3  4  2
  2  4  1  3  8  7  6  5 12 11  9 10 13 15 16 14
 10 12  9 11 16 15 14 13  4  3  1  2  5  7  8  6
 14 16 13 15  4  3  2  1  8  7  5  6  9 11 12 10
