  2  3  1  4  7  8  6  5 11 10 12  9 13 14 15 16
 14 15 13 16  3  4  2  1  7  6  8  5  9 10 11 12
  6  7  5  8 11 12 10  9 15 14 16 13  1  2  3  4
 10 11  9 12 15 16 14 13  3  2  4  1  5  6  7  8
  7  8  6  5 12  9 11 10 16 15 13 14  2  3  4  1
  3  4  2  1  8  5  7  6 12 11  9 10 14 15 16 13
 11 12 10  9 16 13 15 14  4  3  1  2  6  7  8  5
 15 16 14 13  4  1  3  2  8  7  5  6 10 11 12  9
 12  9 11 10 13 14 16 15  1  4  2  3  7  8  5  6
  4  1  3  2  5  6  8  7  9 12 10 11 15 16 13 14
  8  5  7  6  9 10 12 11 13 16 14 15  3  4  1  2
 16 13 15 14  1  2  4  3  5  8  6  7 11 12  9 10
  1  2  4  3  6  7  5  8 10  9 11 12 16 13 14 15
 13 14 16 15  2  3  1  4  6  5  7  8 12  9 10 11
  9 10 12 11 14 15 13 16  2  1  3  4  8  5  6  7
  5  6  8  7 10 11  9 12 14 13 15 16  4  1  2  3
