 20 18 19 17 22 24 21 23 26 25 28 27 29 31 30 32  3  4  2  1  7  5  6  8 10 12  9 11 13 15 14 16
 24 22 23 21 26 28 25 27 30 29 32 31  1  3  2  4  7  8  6  5 11  9 10 12 14 16 13 15 17 19 18 20
 16 14 15 13 18 20 17 19 22 21 24 23 25 27 26 28 31 32 30 29  3  1  2  4  6  8  5  7  9 11 10 12
 12 10 11  9 14 16 13 15 18 17 20 19 21 23 22 24 27 28 26 25 31 29 30 32  2  4  1  3  5  7  6  8
 28 26 27 25 30 32 29 31  2  1  4  3  5  7  6  8 11 12 10  9 15 13 14 16 18 20 17 19 21 23 22 24
  4  2  3  1  6  8  5  7 10  9 12 11 13 15 14 16 19 20 18 17 23 21 22 24 26 28 25 27 29 31 30 32
 32 30 31 29  2  4  1  3  6  5  8  7  9 11 10 12 15 16 14 13 19 17 18 20 22 24 21 23 25 27 26 28
  8  6  7  5 10 12  9 11 14 13 16 15 17 19 18 20 23 24 22 21 27 25 26 28 30 32 29 31  1  3  2  4
  1  3  4  2  7  5  6  8 11 10  9 12 14 16 15 13 20 17 19 18 24 22 23 21 27 25 26 28 30 32 31 29
 13 15 16 14 19 17 18 20 23 22 21 24 26 28 27 25 32 29 31 30  4  2  3  1  7  5  6  8 10 12 11  9
  9 11 12 10 15 13 14 16 19 18 17 20 22 24 23 21 28 25 27 26 32 30 31 29  3  1  2  4  6  8  7  5
 21 23 24 22 27 25 26 28 31 30 29 32  2  4  3  1  8  5  7  6 12 10 11  9 15 13 14 16 18 20 19 17
  5  7  8  6 11  9 10 12 15 14 13 16 18 20 19 17 24 21 23 22 28 26 27 25 31 29 30 32  2  4  3  1
 29 31 32 30  3  1  2  4  7  6  5  8 10 12 11  9 16 13 15 14 20 18 19 17 23 21 22 24 26 28 27 25
 25 27 28 26 31 29 30 32  3  2  1  4  6  8  7  5 12  9 11 10 16 14 15 13 19 17 18 20 22 24 23 21
 17 19 20 18 23 21 22 24 27 26 25 28 30 32 31 29  4  1  3  2  8  6  7  5 11  9 10 12 14 16 15 13
  2  4  1  3  8  6  7  5 12 11 10  9 15 13 16 14 17 18 20 19 21 23 24 22 28 26 27 25 31 29 32 30
 26 28 25 27 32 30 31 29  4  3  2  1  7  5  8  6  9 10 12 11 13 15 16 14 20 18 19 17 23 21 24 22
 22 24 21 23 28 26 27 25 32 31 30 29  3  1  4  2  5  6  8  7  9 11 12 10 16 14 15 13 19 17 20 18
 10 12  9 11 16 14 15 13 20 19 18 17 23 21 24 22 25 26 28 27 29 31 32 30  4  2  3  1  7  5  8  6
 14 16 13 15 20 18 19 17 24 23 22 21 27 25 28 26 29 30 32 31  1  3  4  2  8  6  7  5 11  9 12 10
 30 32 29 31  4  2  3  1  8  7  6  5 11  9 12 10 13 14 16 15 17 19 20 18 24 22 23 21 27 25 28 26
 18 20 17 19 24 22 23 21 28 27 26 25 31 29 32 30  1  2  4  3  5  7  8  6 12 10 11  9 15 13 16 14
  6  8  5  7 12 10 11  9 16 15 14 13 19 17 20 18 21 22 24 23 25 27 28 26 32 30 31 29  3  1  4  2
 31 29 30 32  1  3  4  2  5  8  7  6 12 10  9 11 14 15 13 16 18 20 17 19 21 23 24 22 28 26 25 27
 27 25 26 28 29 31 32 30  1  4  3  2  8  6  5  7 10 11  9 12 14 16 13 15 17 19 20 18 24 22 21 23
  3  1  2  4  5  7  8  6  9 12 11 10 16 14 13 15 18 19 17 20 22 24 21 23 25 27 28 26 32 30 29 31
 11  9 10 12 13 15 16 14 17 20 19 18 24 22 21 23 26 27 25 28 30 32 29 31  1  3  4  2  8  6  5  7
  7  5  6  8  9 11 12 10 13 16 15 14 20 18 17 19 22 23 21 24 26 28 25 27 29 31 32 30  4  2  1  3
 19 17 18 20 21 23 24 22 25 28 27 26 32 30 29 31  2  3  1  4  6  8  5  7  9 11 12 10 16 14 13 15
 23 21 22 24 25 27 28 26 29 32 31 30  4  2  1  3  6  7  5  8 10 12  9 11 13 15 16 14 20 18 17 19
 15 13 14 16 17 19 20 18 21 24 23 22 28 26 25 27 30 31 29 32  2  4  1  3  5  7  8  6 12 10  9 11
