 17 20 19 18 24 21 23 22 25 26 28 27 29 30 31 32  4  3  1  2  8  5  7  6 11 12  9 10 16 15 14 13
  1  4  3  2  8  5  7  6  9 10 12 11 13 14 15 16 20 19 17 18 24 21 23 22 27 28 25 26 32 31 30 29
 25 28 27 26 32 29 31 30  1  2  4  3  5  6  7  8 12 11  9 10 16 13 15 14 19 20 17 18 24 23 22 21
 21 24 23 22 28 25 27 26 29 30 32 31  1  2  3  4  8  7  5  6 12  9 11 10 15 16 13 14 20 19 18 17
  9 12 11 10 16 13 15 14 17 18 20 19 21 22 23 24 28 27 25 26 32 29 31 30  3  4  1  2  8  7  6  5
 13 16 15 14 20 17 19 18 21 22 24 23 25 26 27 28 32 31 29 30  4  1  3  2  7  8  5  6 12 11 10  9
 29 32 31 30  4  1  3  2  5  6  8  7  9 10 11 12 16 15 13 14 20 17 19 18 23 24 21 22 28 27 26 25
  5  8  7  6 12  9 11 10 13 14 16 15 17 18 19 20 24 23 21 22 28 25 27 26 31 32 29 30  4  3  2  1
 18 17 20 19 21 22 24 23 26 27 25 28 30 31 32 29  1  4  2  3  5  6  8  7 12  9 10 11 13 16 15 14
 30 29 32 31  1  2  4  3  6  7  5  8 10 11 12  9 13 16 14 15 17 18 20 19 24 21 22 23 25 28 27 26
 14 13 16 15 17 18 20 19 22 23 21 24 26 27 28 25 29 32 30 31  1  2  4  3  8  5  6  7  9 12 11 10
  2  1  4  3  5  6  8  7 10 11  9 12 14 15 16 13 17 20 18 19 21 22 24 23 28 25 26 27 29 32 31 30
 10  9 12 11 13 14 16 15 18 19 17 20 22 23 24 21 25 28 26 27 29 30 32 31  4  1  2  3  5  8  7  6
 26 25 28 27 29 30 32 31  2  3  1  4  6  7  8  5  9 12 10 11 13 14 16 15 20 17 18 19 21 24 23 22
  6  5  8  7  9 10 12 11 14 15 13 16 18 19 20 17 21 24 22 23 25 26 28 27 32 29 30 31  1  4  3  2
 22 21 24 23 25 26 28 27 30 31 29 32  2  3  4  1  5  8  6  7  9 10 12 11 16 13 14 15 17 20 19 18
  7  6  5  8 10 11  9 12 15 16 14 13 19 20 17 18 22 21 23 24 26 27 25 28 29 30 31 32  2  1  4  3
 31 30 29 32  2  3  1  4  7  8  6  5 11 12  9 10 14 13 15 16 18 19 17 20 21 22 23 24 26 25 28 27
  3  2  1  4  6  7  5  8 11 12 10  9 15 16 13 14 18 17 19 20 22 23 21 24 25 26 27 28 30 29 32 31
 11 10  9 12 14 15 13 16 19 20 18 17 23 24 21 22 26 25 27 28 30 31 29 32  1  2  3  4  6  5  8  7
 15 14 13 16 18 19 17 20 23 24 22 21 27 28 25 26 30 29 31 32  2  3  1  4  5  6  7  8 10  9 12 11
 27 26 25 28 30 31 29 32  3  4  2  1  7  8  5  6 10  9 11 12 14 15 13 16 17 18 19 20 22 21 24 23
 23 22 21 24 26 27 25 28 31 32 30 29  3  4  1  2  6  5  7  8 10 11  9 12 13 14 15 16 18 17 20 19
 19 18 17 20 22 23 21 24 27 28 26 25 31 32 29 30  2  1  3  4  6  7  5  8  9 10 11 12 14 13 16 15
 16 15 14 13 19 20 18 17 24 21 23 22 28 25 26 27 31 30 32 29  3  4  2  1  6  7  8  5 11 10  9 12
  4  3  2  1  7  8  6  5 12  9 11 10 16 13 14 15 19 18 20 17 23 24 22 21 26 27 28 25 31 30 29 32
 24 23 22 21 27 28 26 25 32 29 31 30  4  1  2  3  7  6  8  5 11 12 10  9 14 15 16 13 19 18 17 20
 32 31 30 29  3  4  2  1  8  5  7  6 12  9 10 11 15 14 16 13 19 20 18 17 22 23 24 21 27 26 25 28
 20 19 18 17 23 24 22 21 28 25 27 26 32 29 30 31  3  2  4  1  7  8  6  5 10 11 12  9 15 14 13 16
 12 11 10  9 15 16 14 13 20 17 19 18 24 21 22 23 27 26 28 25 31 32 30 29  2  3  4  1  7  6  5  8
 28 27 26 25 31 32 30 29  4  1  3  2  8  5  6  7 11 10 12  9 15 16 14 13 18 19 20 17 23 22 21 24
  8  7  6  5 11 12 10  9 16 13 15 14 20 17 18 19 23 22 24 21 27 28 26 25 30 31 32 29  3  2  1  4
