 43 45 44 41 42  5  1  4  3  2 10  8  7  9  6 13 12 14 11 15 18 16 17 20 19 22 24 21 23 25 27 30 29 26 28 33 31 32 35 34 40 39 37 38 36
 18 20 19 16 17 25 21 24 23 22 30 28 27 29 26 33 32 34 31 35 38 36 37 40 39 42 44 41 43 45  2  5  4  1  3  8  6  7 10  9 15 14 12 13 11
 23 25 24 21 22 30 26 29 28 27 35 33 32 34 31 38 37 39 36 40 43 41 42 45 44  2  4  1  3  5  7 10  9  6  8 13 11 12 15 14 20 19 17 18 16
  3  5  4  1  2 10  6  9  8  7 15 13 12 14 11 18 17 19 16 20 23 21 22 25 24 27 29 26 28 30 32 35 34 31 33 38 36 37 40 39 45 44 42 43 41
  8 10  9  6  7 15 11 14 13 12 20 18 17 19 16 23 22 24 21 25 28 26 27 30 29 32 34 31 33 35 37 40 39 36 38 43 41 42 45 44  5  4  2  3  1
 33 35 34 31 32 40 36 39 38 37 45 43 42 44 41  3  2  4  1  5  8  6  7 10  9 12 14 11 13 15 17 20 19 16 18 23 21 22 25 24 30 29 27 28 26
 28 30 29 26 27 35 31 34 33 32 40 38 37 39 36 43 42 44 41 45  3  1  2  5  4  7  9  6  8 10 12 15 14 11 13 18 16 17 20 19 25 24 22 23 21
 13 15 14 11 12 20 16 19 18 17 25 23 22 24 21 28 27 29 26 30 33 31 32 35 34 37 39 36 38 40 42 45 44 41 43  3  1  2  5  4 10  9  7  8  6
 38 40 39 36 37 45 41 44 43 42  5  3  2  4  1  8  7  9  6 10 13 11 12 15 14 17 19 16 18 20 22 25 24 21 23 28 26 27 30 29 35 34 32 33 31
 14 11 15 12 13 16 17 20 19 18 21 24 23 25 22 29 28 30 27 26 34 32 33 31 35 38 40 37 39 36 43 41 45 42 44  4  2  3  1  5  6 10  8  9  7
 24 21 25 22 23 26 27 30 29 28 31 34 33 35 32 39 38 40 37 36 44 42 43 41 45  3  5  2  4  1  8  6 10  7  9 14 12 13 11 15 16 20 18 19 17
 39 36 40 37 38 41 42 45 44 43  1  4  3  5  2  9  8 10  7  6 14 12 13 11 15 18 20 17 19 16 23 21 25 22 24 29 27 28 26 30 31 35 33 34 32
  9  6 10  7  8 11 12 15 14 13 16 19 18 20 17 24 23 25 22 21 29 27 28 26 30 33 35 32 34 31 38 36 40 37 39 44 42 43 41 45  1  5  3  4  2
  4  1  5  2  3  6  7 10  9  8 11 14 13 15 12 19 18 20 17 16 24 22 23 21 25 28 30 27 29 26 33 31 35 32 34 39 37 38 36 40 41 45 43 44 42
 34 31 35 32 33 36 37 40 39 38 41 44 43 45 42  4  3  5  2  1  9  7  8  6 10 13 15 12 14 11 18 16 20 17 19 24 22 23 21 25 26 30 28 29 27
 44 41 45 42 43  1  2  5  4  3  6  9  8 10  7 14 13 15 12 11 19 17 18 16 20 23 25 22 24 21 28 26 30 27 29 34 32 33 31 35 36 40 38 39 37
 29 26 30 27 28 31 32 35 34 33 36 39 38 40 37 44 43 45 42 41  4  2  3  1  5  8 10  7  9  6 13 11 15 12 14 19 17 18 16 20 21 25 23 24 22
 19 16 20 17 18 21 22 25 24 23 26 29 28 30 27 34 33 35 32 31 39 37 38 36 40 43 45 42 44 41  3  1  5  2  4  9  7  8  6 10 11 15 13 14 12
  5  2  1  3  4  7  8  6 10  9 12 15 14 11 13 20 19 16 18 17 25 23 24 22 21 29 26 28 30 27 34 32 31 33 35 40 38 39 37 36 42 41 44 45 43
 25 22 21 23 24 27 28 26 30 29 32 35 34 31 33 40 39 36 38 37 45 43 44 42 41  4  1  3  5  2  9  7  6  8 10 15 13 14 12 11 17 16 19 20 18
 15 12 11 13 14 17 18 16 20 19 22 25 24 21 23 30 29 26 28 27 35 33 34 32 31 39 36 38 40 37 44 42 41 43 45  5  3  4  2  1  7  6  9 10  8
 10  7  6  8  9 12 13 11 15 14 17 20 19 16 18 25 24 21 23 22 30 28 29 27 26 34 31 33 35 32 39 37 36 38 40 45 43 44 42 41  2  1  4  5  3
 30 27 26 28 29 32 33 31 35 34 37 40 39 36 38 45 44 41 43 42  5  3  4  2  1  9  6  8 10  7 14 12 11 13 15 20 18 19 17 16 22 21 24 25 23
 40 37 36 38 39 42 43 41 45 44  2  5  4  1  3 10  9  6  8  7 15 13 14 12 11 19 16 18 20 17 24 22 21 23 25 30 28 29 27 26 32 31 34 35 33
 45 42 41 43 44  2  3  1  5  4  7 10  9  6  8 15 14 11 13 12 20 18 19 17 16 24 21 23 25 22 29 27 26 28 30 35 33 34 32 31 37 36 39 40 38
 35 32 31 33 34 37 38 36 40 39 42 45 44 41 43  5  4  1  3  2 10  8  9  7  6 14 11 13 15 12 19 17 16 18 20 25 23 24 22 21 27 26 29 30 28
 20 17 16 18 19 22 23 21 25 24 27 30 29 26 28 35 34 31 33 32 40 38 39 37 36 44 41 43 45 42  4  2  1  3  5 10  8  9  7  6 12 11 14 15 13
 41 43 42 44 45  3  4  2  1  5  8  6 10  7  9 11 15 12 14 13 16 19 20 18 17 25 22 24 21 23 30 28 27 29 26 31 34 35 33 32 38 37 40 36 39
 16 18 17 19 20 23 24 22 21 25 28 26 30 27 29 31 35 32 34 33 36 39 40 38 37 45 42 44 41 43  5  3  2  4  1  6  9 10  8  7 13 12 15 11 14
 31 33 32 34 35 38 39 37 36 40 43 41 45 42 44  1  5  2  4  3  6  9 10  8  7 15 12 14 11 13 20 18 17 19 16 21 24 25 23 22 28 27 30 26 29
 11 13 12 14 15 18 19 17 16 20 23 21 25 22 24 26 30 27 29 28 31 34 35 33 32 40 37 39 36 38 45 43 42 44 41  1  4  5  3  2  8  7 10  6  9
  1  3  2  4  5  8  9  7  6 10 13 11 15 12 14 16 20 17 19 18 21 24 25 23 22 30 27 29 26 28 35 33 32 34 31 36 39 40 38 37 43 42 45 41 44
 21 23 22 24 25 28 29 27 26 30 33 31 35 32 34 36 40 37 39 38 41 44 45 43 42  5  2  4  1  3 10  8  7  9  6 11 14 15 13 12 18 17 20 16 19
 26 28 27 29 30 33 34 32 31 35 38 36 40 37 39 41 45 42 44 43  1  4  5  3  2 10  7  9  6  8 15 13 12 14 11 16 19 20 18 17 23 22 25 21 24
 36 38 37 39 40 43 44 42 41 45  3  1  5  2  4  6 10  7  9  8 11 14 15 13 12 20 17 19 16 18 25 23 22 24 21 26 29 30 28 27 33 32 35 31 34
  6  8  7  9 10 13 14 12 11 15 18 16 20 17 19 21 25 22 24 23 26 29 30 28 27 35 32 34 31 33 40 38 37 39 36 41 44 45 43 42  3  2  5  1  4
 12 14 13 15 11 19 20 18 17 16 24 22 21 23 25 27 26 28 30 29 32 35 31 34 33 36 38 40 37 39 41 44 43 45 42  2  5  1  4  3  9  8  6  7 10
 37 39 38 40 36 44 45 43 42 41  4  2  1  3  5  7  6  8 10  9 12 15 11 14 13 16 18 20 17 19 21 24 23 25 22 27 30 26 29 28 34 33 31 32 35
 32 34 33 35 31 39 40 38 37 36 44 42 41 43 45  2  1  3  5  4  7 10  6  9  8 11 13 15 12 14 16 19 18 20 17 22 25 21 24 23 29 28 26 27 30
  7  9  8 10  6 14 15 13 12 11 19 17 16 18 20 22 21 23 25 24 27 30 26 29 28 31 33 35 32 34 36 39 38 40 37 42 45 41 44 43  4  3  1  2  5
 22 24 23 25 21 29 30 28 27 26 34 32 31 33 35 37 36 38 40 39 42 45 41 44 43  1  3  5  2  4  6  9  8 10  7 12 15 11 14 13 19 18 16 17 20
  2  4  3  5  1  9 10  8  7  6 14 12 11 13 15 17 16 18 20 19 22 25 21 24 23 26 28 30 27 29 31 34 33 35 32 37 40 36 39 38 44 43 41 42 45
 42 44 43 45 41  4  5  3  2  1  9  7  6  8 10 12 11 13 15 14 17 20 16 19 18 21 23 25 22 24 26 29 28 30 27 32 35 31 34 33 39 38 36 37 40
 17 19 18 20 16 24 25 23 22 21 29 27 26 28 30 32 31 33 35 34 37 40 36 39 38 41 43 45 42 44  1  4  3  5  2  7 10  6  9  8 14 13 11 12 15
 27 29 28 30 26 34 35 33 32 31 39 37 36 38 40 42 41 43 45 44  2  5  1  4  3  6  8 10  7  9 11 14 13 15 12 17 20 16 19 18 24 23 21 22 25
