 35 38 33 34 40 39 37 36 43 48 41 44 45 42 46 47 54 53 50 49 55 52 56 51  1  7  5  2  4  6  8  3 16 13 10 11 15 14  9 12 18 21 19 22 20 24 23 17 31 26 29 32 25 30 27 28
 43 46 41 42 48 47 45 44 51 56 49 52 53 50 54 55  6  5  2  1  7  4  8  3  9 15 13 10 12 14 16 11 24 21 18 19 23 22 17 20 26 29 27 30 28 32 31 25 39 34 37 40 33 38 35 36
  3  6  1  2  8  7  5  4 11 16  9 12 13 10 14 15 22 21 18 17 23 20 24 19 25 31 29 26 28 30 32 27 40 37 34 35 39 38 33 36 42 45 43 46 44 48 47 41 55 50 53 56 49 54 51 52
 27 30 25 26 32 31 29 28 35 40 33 36 37 34 38 39 46 45 42 41 47 44 48 43 49 55 53 50 52 54 56 51  8  5  2  3  7  6  1  4 10 13 11 14 12 16 15  9 23 18 21 24 17 22 19 20
 51 54 49 50 56 55 53 52  3  8  1  4  5  2  6  7 14 13 10  9 15 12 16 11 17 23 21 18 20 22 24 19 32 29 26 27 31 30 25 28 34 37 35 38 36 40 39 33 47 42 45 48 41 46 43 44
 11 14  9 10 16 15 13 12 19 24 17 20 21 18 22 23 30 29 26 25 31 28 32 27 33 39 37 34 36 38 40 35 48 45 42 43 47 46 41 44 50 53 51 54 52 56 55 49  7  2  5  8  1  6  3  4
 19 22 17 18 24 23 21 20 27 32 25 28 29 26 30 31 38 37 34 33 39 36 40 35 41 47 45 42 44 46 48 43 56 53 50 51 55 54 49 52  2  5  3  6  4  8  7  1 15 10 13 16  9 14 11 12
  4  7  2  3  1  8  6  5 12  9 10 13 14 11 15 16 23 22 19 18 24 21 17 20 26 32 30 27 29 31 25 28 33 38 35 36 40 39 34 37 43 46 44 47 45 41 48 42 56 51 54 49 50 55 52 53
 20 23 18 19 17 24 22 21 28 25 26 29 30 27 31 32 39 38 35 34 40 37 33 36 42 48 46 43 45 47 41 44 49 54 51 52 56 55 50 53  3  6  4  7  5  1  8  2 16 11 14  9 10 15 12 13
 12 15 10 11  9 16 14 13 20 17 18 21 22 19 23 24 31 30 27 26 32 29 25 28 34 40 38 35 37 39 33 36 41 46 43 44 48 47 42 45 51 54 52 55 53 49 56 50  8  3  6  1  2  7  4  5
 28 31 26 27 25 32 30 29 36 33 34 37 38 35 39 40 47 46 43 42 48 45 41 44 50 56 54 51 53 55 49 52  1  6  3  4  8  7  2  5 11 14 12 15 13  9 16 10 24 19 22 17 18 23 20 21
 36 39 34 35 33 40 38 37 44 41 42 45 46 43 47 48 55 54 51 50 56 53 49 52  2  8  6  3  5  7  1  4  9 14 11 12 16 15 10 13 19 22 20 23 21 17 24 18 32 27 30 25 26 31 28 29
 52 55 50 51 49 56 54 53  4  1  2  5  6  3  7  8 15 14 11 10 16 13  9 12 18 24 22 19 21 23 17 20 25 30 27 28 32 31 26 29 35 38 36 39 37 33 40 34 48 43 46 41 42 47 44 45
 44 47 42 43 41 48 46 45 52 49 50 53 54 51 55 56  7  6  3  2  8  5  1  4 10 16 14 11 13 15  9 12 17 22 19 20 24 23 18 21 27 30 28 31 29 25 32 26 40 35 38 33 34 39 36 37
  5  8  3  4  2  1  7  6 13 10 11 14 15 12 16  9 24 23 20 19 17 22 18 21 27 25 31 28 30 32 26 29 34 39 36 37 33 40 35 38 44 47 45 48 46 42 41 43 49 52 55 50 51 56 53 54
 53 56 51 52 50 49 55 54  5  2  3  6  7  4  8  1 16 15 12 11  9 14 10 13 19 17 23 20 22 24 18 21 26 31 28 29 25 32 27 30 36 39 37 40 38 34 33 35 41 44 47 42 43 48 45 46
 29 32 27 28 26 25 31 30 37 34 35 38 39 36 40 33 48 47 44 43 41 46 42 45 51 49 55 52 54 56 50 53  2  7  4  5  1  8  3  6 12 15 13 16 14 10  9 11 17 20 23 18 19 24 21 22
 13 16 11 12 10  9 15 14 21 18 19 22 23 20 24 17 32 31 28 27 25 30 26 29 35 33 39 36 38 40 34 37 42 47 44 45 41 48 43 46 52 55 53 56 54 50 49 51  1  4  7  2  3  8  5  6
 37 40 35 36 34 33 39 38 45 42 43 46 47 44 48 41 56 55 52 51 49 54 50 53  3  1  7  4  6  8  2  5 10 15 12 13  9 16 11 14 20 23 21 24 22 18 17 19 25 28 31 26 27 32 29 30
 45 48 43 44 42 41 47 46 53 50 51 54 55 52 56 49  8  7  4  3  1  6  2  5 11  9 15 12 14 16 10 13 18 23 20 21 17 24 19 22 28 31 29 32 30 26 25 27 33 36 39 34 35 40 37 38
 21 24 19 20 18 17 23 22 29 26 27 30 31 28 32 25 40 39 36 35 33 38 34 37 43 41 47 44 46 48 42 45 50 55 52 53 49 56 51 54  4  7  5  8  6  2  1  3  9 12 15 10 11 16 13 14
 38 33 36 37 35 34 40 39 46 43 44 47 48 45 41 42 49 56 53 52 50 55 51 54  4  2  8  5  7  1  3  6 11 16 13 14 10  9 12 15 21 24 22 17 23 19 18 20 26 29 32 27 28 25 30 31
 30 25 28 29 27 26 32 31 38 35 36 39 40 37 33 34 41 48 45 44 42 47 43 46 52 50 56 53 55 49 51 54  3  8  5  6  2  1  4  7 13 16 14  9 15 11 10 12 18 21 24 19 20 17 22 23
 54 49 52 53 51 50 56 55  6  3  4  7  8  5  1  2  9 16 13 12 10 15 11 14 20 18 24 21 23 17 19 22 27 32 29 30 26 25 28 31 37 40 38 33 39 35 34 36 42 45 48 43 44 41 46 47
 22 17 20 21 19 18 24 23 30 27 28 31 32 29 25 26 33 40 37 36 34 39 35 38 44 42 48 45 47 41 43 46 51 56 53 54 50 49 52 55  5  8  6  1  7  3  2  4 10 13 16 11 12  9 14 15
  6  1  4  5  3  2  8  7 14 11 12 15 16 13  9 10 17 24 21 20 18 23 19 22 28 26 32 29 31 25 27 30 35 40 37 38 34 33 36 39 45 48 46 41 47 43 42 44 50 53 56 51 52 49 54 55
 14  9 12 13 11 10 16 15 22 19 20 23 24 21 17 18 25 32 29 28 26 31 27 30 36 34 40 37 39 33 35 38 43 48 45 46 42 41 44 47 53 56 54 49 55 51 50 52  2  5  8  3  4  1  6  7
 46 41 44 45 43 42 48 47 54 51 52 55 56 53 49 50  1  8  5  4  2  7  3  6 12 10 16 13 15  9 11 14 19 24 21 22 18 17 20 23 29 32 30 25 31 27 26 28 34 37 40 35 36 33 38 39
 39 34 37 38 36 35 33 40 47 44 45 48 41 46 42 43 50 49 54 53 51 56 52 55  5  3  1  6  8  2  4  7 12  9 14 15 11 10 13 16 22 17 23 18 24 20 19 21 27 30 25 28 29 26 31 32
 31 26 29 30 28 27 25 32 39 36 37 40 33 38 34 35 42 41 46 45 43 48 44 47 53 51 49 54 56 50 52 55  4  1  6  7  3  2  5  8 14  9 15 10 16 12 11 13 19 22 17 20 21 18 23 24
 23 18 21 22 20 19 17 24 31 28 29 32 25 30 26 27 34 33 38 37 35 40 36 39 45 43 41 46 48 42 44 47 52 49 54 55 51 50 53 56  6  1  7  2  8  4  3  5 11 14  9 12 13 10 15 16
 15 10 13 14 12 11  9 16 23 20 21 24 17 22 18 19 26 25 30 29 27 32 28 31 37 35 33 38 40 34 36 39 44 41 46 47 43 42 45 48 54 49 55 50 56 52 51 53  3  6  1  4  5  2  7  8
 47 42 45 46 44 43 41 48 55 52 53 56 49 54 50 51  2  1  6  5  3  8  4  7 13 11  9 14 16 10 12 15 20 17 22 23 19 18 21 24 30 25 31 26 32 28 27 29 35 38 33 36 37 34 39 40
  7  2  5  6  4  3  1  8 15 12 13 16  9 14 10 11 18 17 22 21 19 24 20 23 29 27 25 30 32 26 28 31 36 33 38 39 35 34 37 40 46 41 47 42 48 44 43 45 51 54 49 52 53 50 55 56
 55 50 53 54 52 51 49 56  7  4  5  8  1  6  2  3 10  9 14 13 11 16 12 15 21 19 17 22 24 18 20 23 28 25 30 31 27 26 29 32 38 33 39 34 40 36 35 37 43 46 41 44 45 42 47 48
 32 27 30 31 29 28 26 25 40 37 38 33 34 39 35 36 43 42 47 46 44 41 45 48 54 52 50 55 49 51 53 56  5  2  7  8  4  3  6  1 15 10 16 11  9 13 12 14 20 23 18 21 22 19 24 17
 56 51 54 55 53 52 50 49  8  5  6  1  2  7  3  4 11 10 15 14 12  9 13 16 22 20 18 23 17 19 21 24 29 26 31 32 28 27 30 25 39 34 40 35 33 37 36 38 44 47 42 45 46 43 48 41
  8  3  6  7  5  4  2  1 16 13 14  9 10 15 11 12 19 18 23 22 20 17 21 24 30 28 26 31 25 27 29 32 37 34 39 40 36 35 38 33 47 42 48 43 41 45 44 46 52 55 50 53 54 51 56 49
 48 43 46 47 45 44 42 41 56 53 54 49 50 55 51 52  3  2  7  6  4  1  5  8 14 12 10 15  9 11 13 16 21 18 23 24 20 19 22 17 31 26 32 27 25 29 28 30 36 39 34 37 38 35 40 33
 16 11 14 15 13 12 10  9 24 21 22 17 18 23 19 20 27 26 31 30 28 25 29 32 38 36 34 39 33 35 37 40 45 42 47 48 44 43 46 41 55 50 56 51 49 53 52 54  4  7  2  5  6  3  8  1
 24 19 22 23 21 20 18 17 32 29 30 25 26 31 27 28 35 34 39 38 36 33 37 40 46 44 42 47 41 43 45 48 53 50 55 56 52 51 54 49  7  2  8  3  1  5  4  6 12 15 10 13 14 11 16  9
 40 35 38 39 37 36 34 33 48 45 46 41 42 47 43 44 51 50 55 54 52 49 53 56  6  4  2  7  1  3  5  8 13 10 15 16 12 11 14  9 23 18 24 19 17 21 20 22 28 31 26 29 30 27 32 25
  1  4  7  8  6  5  3  2  9 14 15 10 11 16 12 13 20 19 24 23 21 18 22 17 31 29 27 32 26 28 30 25 38 35 40 33 37 36 39 34 48 43 41 44 42 46 45 47 53 56 51 54 55 52 49 50
 25 28 31 32 30 29 27 26 33 38 39 34 35 40 36 37 44 43 48 47 45 42 46 41 55 53 51 56 50 52 54 49  6  3  8  1  5  4  7  2 16 11  9 12 10 14 13 15 21 24 19 22 23 20 17 18
  9 12 15 16 14 13 11 10 17 22 23 18 19 24 20 21 28 27 32 31 29 26 30 25 39 37 35 40 34 36 38 33 46 43 48 41 45 44 47 42 56 51 49 52 50 54 53 55  5  8  3  6  7  4  1  2
 17 20 23 24 22 21 19 18 25 30 31 26 27 32 28 29 36 35 40 39 37 34 38 33 47 45 43 48 42 44 46 41 54 51 56 49 53 52 55 50  8  3  1  4  2  6  5  7 13 16 11 14 15 12  9 10
 33 36 39 40 38 37 35 34 41 46 47 42 43 48 44 45 52 51 56 55 53 50 54 49  7  5  3  8  2  4  6  1 14 11 16  9 13 12 15 10 24 19 17 20 18 22 21 23 29 32 27 30 31 28 25 26
 49 52 55 56 54 53 51 50  1  6  7  2  3  8  4  5 12 11 16 15 13 10 14  9 23 21 19 24 18 20 22 17 30 27 32 25 29 28 31 26 40 35 33 36 34 38 37 39 45 48 43 46 47 44 41 42
 41 44 47 48 46 45 43 42 49 54 55 50 51 56 52 53  4  3  8  7  5  2  6  1 15 13 11 16 10 12 14  9 22 19 24 17 21 20 23 18 32 27 25 28 26 30 29 31 37 40 35 38 39 36 33 34
 42 45 48 41 47 46 44 43 50 55 56 51 52 49 53 54  5  4  1  8  6  3  7  2 16 14 12  9 11 13 15 10 23 20 17 18 22 21 24 19 25 28 26 29 27 31 30 32 38 33 36 39 40 37 34 35
 50 53 56 49 55 54 52 51  2  7  8  3  4  1  5  6 13 12  9 16 14 11 15 10 24 22 20 17 19 21 23 18 31 28 25 26 30 29 32 27 33 36 34 37 35 39 38 40 46 41 44 47 48 45 42 43
 26 29 32 25 31 30 28 27 34 39 40 35 36 33 37 38 45 44 41 48 46 43 47 42 56 54 52 49 51 53 55 50  7  4  1  2  6  5  8  3  9 12 10 13 11 15 14 16 22 17 20 23 24 21 18 19
 10 13 16  9 15 14 12 11 18 23 24 19 20 17 21 22 29 28 25 32 30 27 31 26 40 38 36 33 35 37 39 34 47 44 41 42 46 45 48 43 49 52 50 53 51 55 54 56  6  1  4  7  8  5  2  3
 34 37 40 33 39 38 36 35 42 47 48 43 44 41 45 46 53 52 49 56 54 51 55 50  8  6  4  1  3  5  7  2 15 12  9 10 14 13 16 11 17 20 18 21 19 23 22 24 30 25 28 31 32 29 26 27
 18 21 24 17 23 22 20 19 26 31 32 27 28 25 29 30 37 36 33 40 38 35 39 34 48 46 44 41 43 45 47 42 55 52 49 50 54 53 56 51  1  4  2  5  3  7  6  8 14  9 12 15 16 13 10 11
  2  5  8  1  7  6  4  3 10 15 16 11 12  9 13 14 21 20 17 24 22 19 23 18 32 30 28 25 27 29 31 26 39 36 33 34 38 37 40 35 41 44 42 45 43 47 46 48 54 49 52 55 56 53 50 51
