 42 47 48 41 46 43 44 45 52 55 50 54 53 49 51 56  8  3  5  1  4  7  6  2 14 16 15 12 11 10 13  9 20 22 18 17 24 23 19 21 32 25 31 28 27 30 26 29 33 39 38 34 36 37 35 40
 10 15 16  9 14 11 12 13 20 23 18 22 21 17 19 24 32 27 29 25 28 31 30 26 38 40 39 36 35 34 37 33 44 46 42 41 48 47 43 45 56 49 55 52 51 54 50 53  1  7  6  2  4  5  3  8
  2  7  8  1  6  3  4  5 12 15 10 14 13  9 11 16 24 19 21 17 20 23 22 18 30 32 31 28 27 26 29 25 36 38 34 33 40 39 35 37 48 41 47 44 43 46 42 45 49 55 54 50 52 53 51 56
 50 55 56 49 54 51 52 53  4  7  2  6  5  1  3  8 16 11 13  9 12 15 14 10 22 24 23 20 19 18 21 17 28 30 26 25 32 31 27 29 40 33 39 36 35 38 34 37 41 47 46 42 44 45 43 48
 34 39 40 33 38 35 36 37 44 47 42 46 45 41 43 48 56 51 53 49 52 55 54 50  6  8  7  4  3  2  5  1 12 14 10  9 16 15 11 13 24 17 23 20 19 22 18 21 25 31 30 26 28 29 27 32
 26 31 32 25 30 27 28 29 36 39 34 38 37 33 35 40 48 43 45 41 44 47 46 42 54 56 55 52 51 50 53 49  4  6  2  1  8  7  3  5 16  9 15 12 11 14 10 13 17 23 22 18 20 21 19 24
 18 23 24 17 22 19 20 21 28 31 26 30 29 25 27 32 40 35 37 33 36 39 38 34 46 48 47 44 43 42 45 41 52 54 50 49 56 55 51 53  8  1  7  4  3  6  2  5  9 15 14 10 12 13 11 16
  3  8  1  2  7  4  5  6 13 16 11 15 14 10 12  9 17 20 22 18 21 24 23 19 31 25 32 29 28 27 30 26 37 39 35 34 33 40 36 38 41 42 48 45 44 47 43 46 50 56 55 51 53 54 52 49
 51 56 49 50 55 52 53 54  5  8  3  7  6  2  4  1  9 12 14 10 13 16 15 11 23 17 24 21 20 19 22 18 29 31 27 26 25 32 28 30 33 34 40 37 36 39 35 38 42 48 47 43 45 46 44 41
 43 48 41 42 47 44 45 46 53 56 51 55 54 50 52 49  1  4  6  2  5  8  7  3 15  9 16 13 12 11 14 10 21 23 19 18 17 24 20 22 25 26 32 29 28 31 27 30 34 40 39 35 37 38 36 33
 35 40 33 34 39 36 37 38 45 48 43 47 46 42 44 41 49 52 54 50 53 56 55 51  7  1  8  5  4  3  6  2 13 15 11 10  9 16 12 14 17 18 24 21 20 23 19 22 26 32 31 27 29 30 28 25
 11 16  9 10 15 12 13 14 21 24 19 23 22 18 20 17 25 28 30 26 29 32 31 27 39 33 40 37 36 35 38 34 45 47 43 42 41 48 44 46 49 50 56 53 52 55 51 54  2  8  7  3  5  6  4  1
 19 24 17 18 23 20 21 22 29 32 27 31 30 26 28 25 33 36 38 34 37 40 39 35 47 41 48 45 44 43 46 42 53 55 51 50 49 56 52 54  1  2  8  5  4  7  3  6 10 16 15 11 13 14 12  9
 27 32 25 26 31 28 29 30 37 40 35 39 38 34 36 33 41 44 46 42 45 48 47 43 55 49 56 53 52 51 54 50  5  7  3  2  1  8  4  6  9 10 16 13 12 15 11 14 18 24 23 19 21 22 20 17
 20 17 18 19 24 21 22 23 30 25 28 32 31 27 29 26 34 37 39 35 38 33 40 36 48 42 41 46 45 44 47 43 54 56 52 51 50 49 53 55  2  3  1  6  5  8  4  7 11  9 16 12 14 15 13 10
  4  1  2  3  8  5  6  7 14  9 12 16 15 11 13 10 18 21 23 19 22 17 24 20 32 26 25 30 29 28 31 27 38 40 36 35 34 33 37 39 42 43 41 46 45 48 44 47 51 49 56 52 54 55 53 50
 52 49 50 51 56 53 54 55  6  1  4  8  7  3  5  2 10 13 15 11 14  9 16 12 24 18 17 22 21 20 23 19 30 32 28 27 26 25 29 31 34 35 33 38 37 40 36 39 43 41 48 44 46 47 45 42
 44 41 42 43 48 45 46 47 54 49 52 56 55 51 53 50  2  5  7  3  6  1  8  4 16 10  9 14 13 12 15 11 22 24 20 19 18 17 21 23 26 27 25 30 29 32 28 31 35 33 40 36 38 39 37 34
 36 33 34 35 40 37 38 39 46 41 44 48 47 43 45 42 50 53 55 51 54 49 56 52  8  2  1  6  5  4  7  3 14 16 12 11 10  9 13 15 18 19 17 22 21 24 20 23 27 25 32 28 30 31 29 26
 12  9 10 11 16 13 14 15 22 17 20 24 23 19 21 18 26 29 31 27 30 25 32 28 40 34 33 38 37 36 39 35 46 48 44 43 42 41 45 47 50 51 49 54 53 56 52 55  3  1  8  4  6  7  5  2
 28 25 26 27 32 29 30 31 38 33 36 40 39 35 37 34 42 45 47 43 46 41 48 44 56 50 49 54 53 52 55 51  6  8  4  3  2  1  5  7 10 11  9 14 13 16 12 15 19 17 24 20 22 23 21 18
 13 10 11 12  9 14 15 16 23 18 21 17 24 20 22 19 27 30 32 28 31 26 25 29 33 35 34 39 38 37 40 36 47 41 45 44 43 42 46 48 51 52 50 55 54 49 53 56  4  2  1  5  7  8  6  3
 29 26 27 28 25 30 31 32 39 34 37 33 40 36 38 35 43 46 48 44 47 42 41 45 49 51 50 55 54 53 56 52  7  1  5  4  3  2  6  8 11 12 10 15 14  9 13 16 20 18 17 21 23 24 22 19
 53 50 51 52 49 54 55 56  7  2  5  1  8  4  6  3 11 14 16 12 15 10  9 13 17 19 18 23 22 21 24 20 31 25 29 28 27 26 30 32 35 36 34 39 38 33 37 40 44 42 41 45 47 48 46 43
 37 34 35 36 33 38 39 40 47 42 45 41 48 44 46 43 51 54 56 52 55 50 49 53  1  3  2  7  6  5  8  4 15  9 13 12 11 10 14 16 19 20 18 23 22 17 21 24 28 26 25 29 31 32 30 27
 45 42 43 44 41 46 47 48 55 50 53 49 56 52 54 51  3  6  8  4  7  2  1  5  9 11 10 15 14 13 16 12 23 17 21 20 19 18 22 24 27 28 26 31 30 25 29 32 36 34 33 37 39 40 38 35
  5  2  3  4  1  6  7  8 15 10 13  9 16 12 14 11 19 22 24 20 23 18 17 21 25 27 26 31 30 29 32 28 39 33 37 36 35 34 38 40 43 44 42 47 46 41 45 48 52 50 49 53 55 56 54 51
 21 18 19 20 17 22 23 24 31 26 29 25 32 28 30 27 35 38 40 36 39 34 33 37 41 43 42 47 46 45 48 44 55 49 53 52 51 50 54 56  3  4  2  7  6  1  5  8 12 10  9 13 15 16 14 11
 30 27 28 29 26 31 32 25 40 35 38 34 33 37 39 36 44 47 41 45 48 43 42 46 50 52 51 56 55 54 49 53  8  2  6  5  4  3  7  1 12 13 11 16 15 10 14  9 21 19 18 22 24 17 23 20
 22 19 20 21 18 23 24 17 32 27 30 26 25 29 31 28 36 39 33 37 40 35 34 38 42 44 43 48 47 46 41 45 56 50 54 53 52 51 55 49  4  5  3  8  7  2  6  1 13 11 10 14 16  9 15 12
  6  3  4  5  2  7  8  1 16 11 14 10  9 13 15 12 20 23 17 21 24 19 18 22 26 28 27 32 31 30 25 29 40 34 38 37 36 35 39 33 44 45 43 48 47 42 46 41 53 51 50 54 56 49 55 52
 14 11 12 13 10 15 16  9 24 19 22 18 17 21 23 20 28 31 25 29 32 27 26 30 34 36 35 40 39 38 33 37 48 42 46 45 44 43 47 41 52 53 51 56 55 50 54 49  5  3  2  6  8  1  7  4
 46 43 44 45 42 47 48 41 56 51 54 50 49 53 55 52  4  7  1  5  8  3  2  6 10 12 11 16 15 14  9 13 24 18 22 21 20 19 23 17 28 29 27 32 31 26 30 25 37 35 34 38 40 33 39 36
 38 35 36 37 34 39 40 33 48 43 46 42 41 45 47 44 52 55 49 53 56 51 50 54  2  4  3  8  7  6  1  5 16 10 14 13 12 11 15  9 20 21 19 24 23 18 22 17 29 27 26 30 32 25 31 28
 54 51 52 53 50 55 56 49  8  3  6  2  1  5  7  4 12 15  9 13 16 11 10 14 18 20 19 24 23 22 17 21 32 26 30 29 28 27 31 25 36 37 35 40 39 34 38 33 45 43 42 46 48 41 47 44
 23 20 21 22 19 24 17 18 25 28 31 27 26 30 32 29 37 40 34 38 33 36 35 39 43 45 44 41 48 47 42 46 49 51 55 54 53 52 56 50  5  6  4  1  8  3  7  2 14 12 11 15  9 10 16 13
 47 44 45 46 43 48 41 42 49 52 55 51 50 54 56 53  5  8  2  6  1  4  3  7 11 13 12  9 16 15 10 14 17 19 23 22 21 20 24 18 29 30 28 25 32 27 31 26 38 36 35 39 33 34 40 37
  7  4  5  6  3  8  1  2  9 12 15 11 10 14 16 13 21 24 18 22 17 20 19 23 27 29 28 25 32 31 26 30 33 35 39 38 37 36 40 34 45 46 44 41 48 43 47 42 54 52 51 55 49 50 56 53
 15 12 13 14 11 16  9 10 17 20 23 19 18 22 24 21 29 32 26 30 25 28 27 31 35 37 36 33 40 39 34 38 41 43 47 46 45 44 48 42 53 54 52 49 56 51 55 50  6  4  3  7  1  2  8  5
 39 36 37 38 35 40 33 34 41 44 47 43 42 46 48 45 53 56 50 54 49 52 51 55  3  5  4  1  8  7  2  6  9 11 15 14 13 12 16 10 21 22 20 17 24 19 23 18 30 28 27 31 25 26 32 29
 55 52 53 54 51 56 49 50  1  4  7  3  2  6  8  5 13 16 10 14  9 12 11 15 19 21 20 17 24 23 18 22 25 27 31 30 29 28 32 26 37 38 36 33 40 35 39 34 46 44 43 47 41 42 48 45
 31 28 29 30 27 32 25 26 33 36 39 35 34 38 40 37 45 48 42 46 41 44 43 47 51 53 52 49 56 55 50 54  1  3  7  6  5  4  8  2 13 14 12  9 16 11 15 10 22 20 19 23 17 18 24 21
 48 45 46 47 44 41 42 43 50 53 56 52 51 55 49 54  6  1  3  7  2  5  4  8 12 14 13 10  9 16 11 15 18 20 24 23 22 21 17 19 30 31 29 26 25 28 32 27 39 37 36 40 34 35 33 38
 32 29 30 31 28 25 26 27 34 37 40 36 35 39 33 38 46 41 43 47 42 45 44 48 52 54 53 50 49 56 51 55  2  4  8  7  6  5  1  3 14 15 13 10  9 12 16 11 23 21 20 24 18 19 17 22
 24 21 22 23 20 17 18 19 26 29 32 28 27 31 25 30 38 33 35 39 34 37 36 40 44 46 45 42 41 48 43 47 50 52 56 55 54 53 49 51  6  7  5  2  1  4  8  3 15 13 12 16 10 11  9 14
 56 53 54 55 52 49 50 51  2  5  8  4  3  7  1  6 14  9 11 15 10 13 12 16 20 22 21 18 17 24 19 23 26 28 32 31 30 29 25 27 38 39 37 34 33 36 40 35 47 45 44 48 42 43 41 46
 16 13 14 15 12  9 10 11 18 21 24 20 19 23 17 22 30 25 27 31 26 29 28 32 36 38 37 34 33 40 35 39 42 44 48 47 46 45 41 43 54 55 53 50 49 52 56 51  7  5  4  8  2  3  1  6
  8  5  6  7  4  1  2  3 10 13 16 12 11 15  9 14 22 17 19 23 18 21 20 24 28 30 29 26 25 32 27 31 34 36 40 39 38 37 33 35 46 47 45 42 41 44 48 43 55 53 52 56 50 51 49 54
 40 37 38 39 36 33 34 35 42 45 48 44 43 47 41 46 54 49 51 55 50 53 52 56  4  6  5  2  1  8  3  7 10 12 16 15 14 13  9 11 22 23 21 18 17 20 24 19 31 29 28 32 26 27 25 30
 17 22 23 24 21 18 19 20 27 30 25 29 28 32 26 31 39 34 36 40 35 38 37 33 45 47 46 43 42 41 44 48 51 53 49 56 55 54 50 52  7  8  6  3  2  5  1  4 16 14 13  9 11 12 10 15
 49 54 55 56 53 50 51 52  3  6  1  5  4  8  2  7 15 10 12 16 11 14 13  9 21 23 22 19 18 17 20 24 27 29 25 32 31 30 26 28 39 40 38 35 34 37 33 36 48 46 45 41 43 44 42 47
  1  6  7  8  5  2  3  4 11 14  9 13 12 16 10 15 23 18 20 24 19 22 21 17 29 31 30 27 26 25 28 32 35 37 33 40 39 38 34 36 47 48 46 43 42 45 41 44 56 54 53 49 51 52 50 55
 25 30 31 32 29 26 27 28 35 38 33 37 36 40 34 39 47 42 44 48 43 46 45 41 53 55 54 51 50 49 52 56  3  5  1  8  7  6  2  4 15 16 14 11 10 13  9 12 24 22 21 17 19 20 18 23
 33 38 39 40 37 34 35 36 43 46 41 45 44 48 42 47 55 50 52 56 51 54 53 49  5  7  6  3  2  1  4  8 11 13  9 16 15 14 10 12 23 24 22 19 18 21 17 20 32 30 29 25 27 28 26 31
  9 14 15 16 13 10 11 12 19 22 17 21 20 24 18 23 31 26 28 32 27 30 29 25 37 39 38 35 34 33 36 40 43 45 41 48 47 46 42 44 55 56 54 51 50 53 49 52  8  6  5  1  3  4  2  7
 41 46 47 48 45 42 43 44 51 54 49 53 52 56 50 55  7  2  4  8  3  6  5  1 13 15 14 11 10  9 12 16 19 21 17 24 23 22 18 20 31 32 30 27 26 29 25 28 40 38 37 33 35 36 34 39
