 20 21 17 19 22 24 23 18 25 31 30 29 32 27 26 28 39 35 36 38 34 40 37 33 43 48 45 47 46 44 42 41  2  6  8  7  4  3  5  1  9 13 16 15 12 11 10 14
 36 37 33 35 38 40 39 34 41 47 46 45 48 43 42 44  7  3  4  6  2  8  5  1 11 16 13 15 14 12 10  9 18 22 24 23 20 19 21 17 25 29 32 31 28 27 26 30
 44 45 41 43 46 48 47 42  1  7  6  5  8  3  2  4 15 11 12 14 10 16 13  9 19 24 21 23 22 20 18 17 26 30 32 31 28 27 29 25 33 37 40 39 36 35 34 38
 28 29 25 27 30 32 31 26 33 39 38 37 40 35 34 36 47 43 44 46 42 48 45 41  3  8  5  7  6  4  2  1 10 14 16 15 12 11 13  9 17 21 24 23 20 19 18 22
  4  5  1  3  6  8  7  2  9 15 14 13 16 11 10 12 23 19 20 22 18 24 21 17 27 32 29 31 30 28 26 25 34 38 40 39 36 35 37 33 41 45 48 47 44 43 42 46
 12 13  9 11 14 16 15 10 17 23 22 21 24 19 18 20 31 27 28 30 26 32 29 25 35 40 37 39 38 36 34 33 42 46 48 47 44 43 45 41  1  5  8  7  4  3  2  6
 13 14 10 12 15  9 16 11 18 24 23 22 17 20 19 21 32 28 29 31 27 25 30 26 36 33 38 40 39 37 35 34 43 47 41 48 45 44 46 42  2  6  1  8  5  4  3  7
 29 30 26 28 31 25 32 27 34 40 39 38 33 36 35 37 48 44 45 47 43 41 46 42  4  1  6  8  7  5  3  2 11 15  9 16 13 12 14 10 18 22 17 24 21 20 19 23
  5  6  2  4  7  1  8  3 10 16 15 14  9 12 11 13 24 20 21 23 19 17 22 18 28 25 30 32 31 29 27 26 35 39 33 40 37 36 38 34 42 46 41 48 45 44 43 47
 21 22 18 20 23 17 24 19 26 32 31 30 25 28 27 29 40 36 37 39 35 33 38 34 44 41 46 48 47 45 43 42  3  7  1  8  5  4  6  2 10 14  9 16 13 12 11 15
 45 46 42 44 47 41 48 43  2  8  7  6  1  4  3  5 16 12 13 15 11  9 14 10 20 17 22 24 23 21 19 18 27 31 25 32 29 28 30 26 34 38 33 40 37 36 35 39
 37 38 34 36 39 33 40 35 42 48 47 46 41 44 43 45  8  4  5  7  3  1  6  2 12  9 14 16 15 13 11 10 19 23 17 24 21 20 22 18 26 30 25 32 29 28 27 31
 46 47 43 45 48 42 41 44  3  1  8  7  2  5  4  6  9 13 14 16 12 10 15 11 21 18 23 17 24 22 20 19 28 32 26 25 30 29 31 27 35 39 34 33 38 37 36 40
 22 23 19 21 24 18 17 20 27 25 32 31 26 29 28 30 33 37 38 40 36 34 39 35 45 42 47 41 48 46 44 43  4  8  2  1  6  5  7  3 11 15 10  9 14 13 12 16
 30 31 27 29 32 26 25 28 35 33 40 39 34 37 36 38 41 45 46 48 44 42 47 43  5  2  7  1  8  6  4  3 12 16 10  9 14 13 15 11 19 23 18 17 22 21 20 24
 14 15 11 13 16 10  9 12 19 17 24 23 18 21 20 22 25 29 30 32 28 26 31 27 37 34 39 33 40 38 36 35 44 48 42 41 46 45 47 43  3  7  2  1  6  5  4  8
 38 39 35 37 40 34 33 36 43 41 48 47 42 45 44 46  1  5  6  8  4  2  7  3 13 10 15  9 16 14 12 11 20 24 18 17 22 21 23 19 27 31 26 25 30 29 28 32
  6  7  3  5  8  2  1  4 11  9 16 15 10 13 12 14 17 21 22 24 20 18 23 19 29 26 31 25 32 30 28 27 36 40 34 33 38 37 39 35 43 47 42 41 46 45 44 48
 15 16 12 14  9 11 10 13 20 18 17 24 19 22 21 23 26 30 31 25 29 27 32 28 38 35 40 34 33 39 37 36 45 41 43 42 47 46 48 44  4  8  3  2  7  6  5  1
 39 40 36 38 33 35 34 37 44 42 41 48 43 46 45 47  2  6  7  1  5  3  8  4 14 11 16 10  9 15 13 12 21 17 19 18 23 22 24 20 28 32 27 26 31 30 29 25
  7  8  4  6  1  3  2  5 12 10  9 16 11 14 13 15 18 22 23 17 21 19 24 20 30 27 32 26 25 31 29 28 37 33 35 34 39 38 40 36 44 48 43 42 47 46 45 41
 23 24 20 22 17 19 18 21 28 26 25 32 27 30 29 31 34 38 39 33 37 35 40 36 46 43 48 42 41 47 45 44  5  1  3  2  7  6  8  4 12 16 11 10 15 14 13  9
 47 48 44 46 41 43 42 45  4  2  1  8  3  6  5  7 10 14 15  9 13 11 16 12 22 19 24 18 17 23 21 20 29 25 27 26 31 30 32 28 36 40 35 34 39 38 37 33
 31 32 28 30 25 27 26 29 36 34 33 40 35 38 37 39 42 46 47 41 45 43 48 44  6  3  8  2  1  7  5  4 13  9 11 10 15 14 16 12 20 24 19 18 23 22 21 17
 32 25 29 31 26 28 27 30 37 35 34 33 36 39 38 40 43 47 48 42 46 44 41 45  7  4  1  3  2  8  6  5 14 10 12 11 16 15  9 13 21 17 20 19 24 23 22 18
  8  1  5  7  2  4  3  6 13 11 10  9 12 15 14 16 19 23 24 18 22 20 17 21 31 28 25 27 26 32 30 29 38 34 36 35 40 39 33 37 45 41 44 43 48 47 46 42
 40 33 37 39 34 36 35 38 45 43 42 41 44 47 46 48  3  7  8  2  6  4  1  5 15 12  9 11 10 16 14 13 22 18 20 19 24 23 17 21 29 25 28 27 32 31 30 26
 48 41 45 47 42 44 43 46  5  3  2  1  4  7  6  8 11 15 16 10 14 12  9 13 23 20 17 19 18 24 22 21 30 26 28 27 32 31 25 29 37 33 36 35 40 39 38 34
 24 17 21 23 18 20 19 22 29 27 26 25 28 31 30 32 35 39 40 34 38 36 33 37 47 44 41 43 42 48 46 45  6  2  4  3  8  7  1  5 13  9 12 11 16 15 14 10
 16  9 13 15 10 12 11 14 21 19 18 17 20 23 22 24 27 31 32 26 30 28 25 29 39 36 33 35 34 40 38 37 46 42 44 43 48 47 41 45  5  1  4  3  8  7  6  2
  1  2  6  8  3  5  4  7 14 12 11 10 13 16 15  9 20 24 17 19 23 21 18 22 32 29 26 28 27 25 31 30 39 35 37 36 33 40 34 38 46 42 45 44 41 48 47 43
  9 10 14 16 11 13 12 15 22 20 19 18 21 24 23 17 28 32 25 27 31 29 26 30 40 37 34 36 35 33 39 38 47 43 45 44 41 48 42 46  6  2  5  4  1  8  7  3
 17 18 22 24 19 21 20 23 30 28 27 26 29 32 31 25 36 40 33 35 39 37 34 38 48 45 42 44 43 41 47 46  7  3  5  4  1  8  2  6 14 10 13 12  9 16 15 11
 41 42 46 48 43 45 44 47  6  4  3  2  5  8  7  1 12 16  9 11 15 13 10 14 24 21 18 20 19 17 23 22 31 27 29 28 25 32 26 30 38 34 37 36 33 40 39 35
 33 34 38 40 35 37 36 39 46 44 43 42 45 48 47 41  4  8  1  3  7  5  2  6 16 13 10 12 11  9 15 14 23 19 21 20 17 24 18 22 30 26 29 28 25 32 31 27
 25 26 30 32 27 29 28 31 38 36 35 34 37 40 39 33 44 48 41 43 47 45 42 46  8  5  2  4  3  1  7  6 15 11 13 12  9 16 10 14 22 18 21 20 17 24 23 19
 18 19 23 17 20 22 21 24 31 29 28 27 30 25 32 26 37 33 34 36 40 38 35 39 41 46 43 45 44 42 48 47  8  4  6  5  2  1  3  7 15 11 14 13 10  9 16 12
 10 11 15  9 12 14 13 16 23 21 20 19 22 17 24 18 29 25 26 28 32 30 27 31 33 38 35 37 36 34 40 39 48 44 46 45 42 41 43 47  7  3  6  5  2  1  8  4
 26 27 31 25 28 30 29 32 39 37 36 35 38 33 40 34 45 41 42 44 48 46 43 47  1  6  3  5  4  2  8  7 16 12 14 13 10  9 11 15 23 19 22 21 18 17 24 20
 34 35 39 33 36 38 37 40 47 45 44 43 46 41 48 42  5  1  2  4  8  6  3  7  9 14 11 13 12 10 16 15 24 20 22 21 18 17 19 23 31 27 30 29 26 25 32 28
  2  3  7  1  4  6  5  8 15 13 12 11 14  9 16 10 21 17 18 20 24 22 19 23 25 30 27 29 28 26 32 31 40 36 38 37 34 33 35 39 47 43 46 45 42 41 48 44
 42 43 47 41 44 46 45 48  7  5  4  3  6  1  8  2 13  9 10 12 16 14 11 15 17 22 19 21 20 18 24 23 32 28 30 29 26 25 27 31 39 35 38 37 34 33 40 36
 11 12 16 10 13 15 14  9 24 22 21 20 23 18 17 19 30 26 27 29 25 31 28 32 34 39 36 38 37 35 33 40 41 45 47 46 43 42 44 48  8  4  7  6  3  2  1  5
 43 44 48 42 45 47 46 41  8  6  5  4  7  2  1  3 14 10 11 13  9 15 12 16 18 23 20 22 21 19 17 24 25 29 31 30 27 26 28 32 40 36 39 38 35 34 33 37
 35 36 40 34 37 39 38 33 48 46 45 44 47 42 41 43  6  2  3  5  1  7  4  8 10 15 12 14 13 11  9 16 17 21 23 22 19 18 20 24 32 28 31 30 27 26 25 29
 27 28 32 26 29 31 30 25 40 38 37 36 39 34 33 35 46 42 43 45 41 47 44 48  2  7  4  6  5  3  1  8  9 13 15 14 11 10 12 16 24 20 23 22 19 18 17 21
  3  4  8  2  5  7  6  1 16 14 13 12 15 10  9 11 22 18 19 21 17 23 20 24 26 31 28 30 29 27 25 32 33 37 39 38 35 34 36 40 48 44 47 46 43 42 41 45
 19 20 24 18 21 23 22 17 32 30 29 28 31 26 25 27 38 34 35 37 33 39 36 40 42 47 44 46 45 43 41 48  1  5  7  6  3  2  4  8 16 12 15 14 11 10  9 13
