 21 25 24 22 23 30 29 27 26 28 35 34 32 33 31 36 39 38 37 40  5  4  3  1  2  8 10  6  9  7 13 11 14 15 12 19 17 18 16 20
 16 20 19 17 18 25 24 22 21 23 30 29 27 28 26 31 34 33 32 35 40 39 38 36 37  3  5  1  4  2  8  6  9 10  7 14 12 13 11 15
  6 10  9  7  8 15 14 12 11 13 20 19 17 18 16 21 24 23 22 25 30 29 28 26 27 33 35 31 34 32 38 36 39 40 37  4  2  3  1  5
  1  5  4  2  3 10  9  7  6  8 15 14 12 13 11 16 19 18 17 20 25 24 23 21 22 28 30 26 29 27 33 31 34 35 32 39 37 38 36 40
 31 35 34 32 33 40 39 37 36 38  5  4  2  3  1  6  9  8  7 10 15 14 13 11 12 18 20 16 19 17 23 21 24 25 22 29 27 28 26 30
 36 40 39 37 38  5  4  2  1  3 10  9  7  8  6 11 14 13 12 15 20 19 18 16 17 23 25 21 24 22 28 26 29 30 27 34 32 33 31 35
 26 30 29 27 28 35 34 32 31 33 40 39 37 38 36  1  4  3  2  5 10  9  8  6  7 13 15 11 14 12 18 16 19 20 17 24 22 23 21 25
 11 15 14 12 13 20 19 17 16 18 25 24 22 23 21 26 29 28 27 30 35 34 33 31 32 38 40 36 39 37  3  1  4  5  2  9  7  8  6 10
 17 16 20 18 19 21 25 23 22 24 26 30 28 29 27 32 35 34 33 31 36 40 39 37 38  4  1  2  5  3  9  7 10  6  8 15 13 14 12 11
  2  1  5  3  4  6 10  8  7  9 11 15 13 14 12 17 20 19 18 16 21 25 24 22 23 29 26 27 30 28 34 32 35 31 33 40 38 39 37 36
 12 11 15 13 14 16 20 18 17 19 21 25 23 24 22 27 30 29 28 26 31 35 34 32 33 39 36 37 40 38  4  2  5  1  3 10  8  9  7  6
 22 21 25 23 24 26 30 28 27 29 31 35 33 34 32 37 40 39 38 36  1  5  4  2  3  9  6  7 10  8 14 12 15 11 13 20 18 19 17 16
 32 31 35 33 34 36 40 38 37 39  1  5  3  4  2  7 10  9  8  6 11 15 14 12 13 19 16 17 20 18 24 22 25 21 23 30 28 29 27 26
 37 36 40 38 39  1  5  3  2  4  6 10  8  9  7 12 15 14 13 11 16 20 19 17 18 24 21 22 25 23 29 27 30 26 28 35 33 34 32 31
  7  6 10  8  9 11 15 13 12 14 16 20 18 19 17 22 25 24 23 21 26 30 29 27 28 34 31 32 35 33 39 37 40 36 38  5  3  4  2  1
 27 26 30 28 29 31 35 33 32 34 36 40 38 39 37  2  5  4  3  1  6 10  9  7  8 14 11 12 15 13 19 17 20 16 18 25 23 24 22 21
 18 17 16 19 20 22 21 24 23 25 27 26 29 30 28 33 31 35 34 32 37 36 40 38 39  5  2  3  1  4 10  8  6  7  9 11 14 15 13 12
 13 12 11 14 15 17 16 19 18 20 22 21 24 25 23 28 26 30 29 27 32 31 35 33 34 40 37 38 36 39  5  3  1  2  4  6  9 10  8  7
 38 37 36 39 40  2  1  4  3  5  7  6  9 10  8 13 11 15 14 12 17 16 20 18 19 25 22 23 21 24 30 28 26 27 29 31 34 35 33 32
  3  2  1  4  5  7  6  9  8 10 12 11 14 15 13 18 16 20 19 17 22 21 25 23 24 30 27 28 26 29 35 33 31 32 34 36 39 40 38 37
 23 22 21 24 25 27 26 29 28 30 32 31 34 35 33 38 36 40 39 37  2  1  5  3  4 10  7  8  6  9 15 13 11 12 14 16 19 20 18 17
  8  7  6  9 10 12 11 14 13 15 17 16 19 20 18 23 21 25 24 22 27 26 30 28 29 35 32 33 31 34 40 38 36 37 39  1  4  5  3  2
 33 32 31 34 35 37 36 39 38 40  2  1  4  5  3  8  6 10  9  7 12 11 15 13 14 20 17 18 16 19 25 23 21 22 24 26 29 30 28 27
 28 27 26 29 30 32 31 34 33 35 37 36 39 40 38  3  1  5  4  2  7  6 10  8  9 15 12 13 11 14 20 18 16 17 19 21 24 25 23 22
  4  3  2  5  1  8  7 10  9  6 13 12 15 11 14 19 17 16 20 18 23 22 21 24 25 26 28 29 27 30 31 34 32 33 35 37 40 36 39 38
 14 13 12 15 11 18 17 20 19 16 23 22 25 21 24 29 27 26 30 28 33 32 31 34 35 36 38 39 37 40  1  4  2  3  5  7 10  6  9  8
  9  8  7 10  6 13 12 15 14 11 18 17 20 16 19 24 22 21 25 23 28 27 26 29 30 31 33 34 32 35 36 39 37 38 40  2  5  1  4  3
 19 18 17 20 16 23 22 25 24 21 28 27 30 26 29 34 32 31 35 33 38 37 36 39 40  1  3  4  2  5  6  9  7  8 10 12 15 11 14 13
 39 38 37 40 36  3  2  5  4  1  8  7 10  6  9 14 12 11 15 13 18 17 16 19 20 21 23 24 22 25 26 29 27 28 30 32 35 31 34 33
 29 28 27 30 26 33 32 35 34 31 38 37 40 36 39  4  2  1  5  3  8  7  6  9 10 11 13 14 12 15 16 19 17 18 20 22 25 21 24 23
 34 33 32 35 31 38 37 40 39 36  3  2  5  1  4  9  7  6 10  8 13 12 11 14 15 16 18 19 17 20 21 24 22 23 25 27 30 26 29 28
 24 23 22 25 21 28 27 30 29 26 33 32 35 31 34 39 37 36 40 38  3  2  1  4  5  6  8  9  7 10 11 14 12 13 15 17 20 16 19 18
 20 19 18 16 17 24 23 21 25 22 29 28 26 27 30 35 33 32 31 34 39 38 37 40 36  2  4  5  3  1  7 10  8  9  6 13 11 12 15 14
 40 39 38 36 37  4  3  1  5  2  9  8  6  7 10 15 13 12 11 14 19 18 17 20 16 22 24 25 23 21 27 30 28 29 26 33 31 32 35 34
 30 29 28 26 27 34 33 31 35 32 39 38 36 37 40  5  3  2  1  4  9  8  7 10  6 12 14 15 13 11 17 20 18 19 16 23 21 22 25 24
 25 24 23 21 22 29 28 26 30 27 34 33 31 32 35 40 38 37 36 39  4  3  2  5  1  7  9 10  8  6 12 15 13 14 11 18 16 17 20 19
 10  9  8  6  7 14 13 11 15 12 19 18 16 17 20 25 23 22 21 24 29 28 27 30 26 32 34 35 33 31 37 40 38 39 36  3  1  2  5  4
  5  4  3  1  2  9  8  6 10  7 14 13 11 12 15 20 18 17 16 19 24 23 22 25 21 27 29 30 28 26 32 35 33 34 31 38 36 37 40 39
 15 14 13 11 12 19 18 16 20 17 24 23 21 22 25 30 28 27 26 29 34 33 32 35 31 37 39 40 38 36  2  5  3  4  1  8  6  7 10  9
 35 34 33 31 32 39 38 36 40 37  4  3  1  2  5 10  8  7  6  9 14 13 12 15 11 17 19 20 18 16 22 25 23 24 21 28 26 27 30 29
