  5 21  7 13 11 19  1 14  4  2  8 16 18 22  9 20 12 10  3 15  6 17
 17 14 16 15 12  4  9  8  6  1 18  5 21  2 19 10 20 22 13 11  3  7
  7  3  5 12 10 17 19  4  9 18  6 14 20 13 22 21  2  8  1 16 11 15
  6 20 14  2 15 13 11  5 12 10  1  4  9  8 18 17 21  3 19  7 16 22
 11 15  4 20 14  7 12  3 22 16 17  2  6 19  8  1  9 18 21 10 13  5
  2  9  1  3 20  5 17 18 14  7 12 15  4 10  6 13 16 11  8 22 21 19
  4  8 18 10  1  3 22 15  5 19  9 21 11 16  7  2 13  6 17 14 12 20
 13 10 22  9  8  2 16 20 11 21 19  7 12  1  4  3 15 17  6  5 14 18
  1 18 11 17 21  6  2 13  3 20 22 10  5 15 16 14 19  7  9 12  8  4
 16 12  8 19 18 22  6 21 13 15 20  3  7 17  5 11  1 14  2  4  9 10
 22 19 21  6  9 16 10  7  8 17 11 13  3 14 15 12  4  5 20 18  2  1
 18 16  2  8  3 10 20  1 21 14 15 11 19  6 12 22  5 13  7 17  4  9
 15  2  9  4 17 12 18 19 16  3 10  6  1  5 11  7 22 21 14 13 20  8
 20 22 17 16  4 18  3 12  1  5  2 19 15 11 13  6 14  9 10  8  7 21
  9  5 12 22  2 14 21 17 18  8  4 20 10  3  1 16  7 15 11  6 19 13
 10 17 15  7  5  1  8 16 19 12  3 18 13 21 14  9  6 20  4  2 22 11
  3  1 10 18 22  8  5  2 17  4 13  9 14  7 21 19 11 12 16 20 15  6
 19 11  3  1 16 15 14  6  7 13 21 12 17 20 10  5  8  4 22  9 18  2
  8  7 20  5  6  9 13 22  2 11 14  1 16 12 17  4 18 19 15 21 10  3
 21  4 19 11 13 20 15  9 10  6  7 17 22 18  2  8  3 16 12  1  5 14
 14 13  6 21 19 11  7 10 15  9 16 22  8  4 20 18 17  2  5  3  1 12
 12  6 13 14  7 21  4 11 20 22  5  8  2  9  3 15 10  1 18 19 17 16
