  5  7  6 13 10 19 20 22  9  2 18 17 15  3 12 11  4 14 21  1  8 16
 18 21 14  5 17 13 12 11 20  1 16  7 10 22  3  9 19  2  4  8 15  6
 13 20 10  8  5 14  2 18 17 16  9  1  7 19  4 21 12 15  6  3 11 22
 11  8 21 20  6  7  5 15 18 13  2 19  1 14 17 10  9 22 16 12  4  3
 14 15 11  3 22 16  8  6  5  4 13 12 18  2  1  7 17 21  9 10 19 20
  6 17 15 19  2  8 16 10 22  3  5 21 13  4 18 14  1  7 11 20 12  9
  2  3 17  7  9 21 13 19  6 12  4 15  5 16 22 20 11  8 14 18  1 10
 16 12  4  2 20 18 21  1  7 19 14 22  9 11  8  6  3 10 17 15  5 13
 22  9 18  1 11 15  7  4 14 10  3  6 12  8 19  2 20 16  5 13 17 21
  4 10  9 22 12  1 17  3 21 15 11  8  6 20  5 16 18 13  7 19 14  2
  1 19 16 12  4  3  9 14 11  8 20 10 21 17 13 15  6  5  2 22  7 18
 19 18  8 17 16  5 22  2  1  6 12 20  4  9  7 13 21 11 10 14  3 15
 10 11 20  6  1 17 18 21 16  7 19 14  3 12  2 22 15  4  8  9 13  5
 12  1 22  9  8 20  3 13 10 21  6 11 16  5 15 17 14 18 19  4  2  7
 20  4 19 21 15 12  1  8  2 17 10 16 11  6  9 18  5  3 13  7 22 14
 21 16 12  4  3 10 19  5 13 18  1  9 17  7 14  8 22 20 15  2  6 11
  7  2  3 14 21 11  6 12  8  9 15 13 20  1 16  4 10 19 22  5 18 17
  8 22  5 11 18  9 10 16  3 14  7  4  2 15  6  1 13 17 12 21 20 19
 15 14  1 18  7  2  4 17 12 22 21  3 19 13 11  5 16  9 20  6 10  8
 17  5 13 15 19 22 11  9  4 20  8  2 14 18 10 12  7  6  3 16 21  1
  3  6  7 16 13  4 14 20 15 11 22  5  8 10 21 19  2  1 18 17  9 12
  9 13  2 10 14  6 15  7 19  5 17 18 22 21 20  3  8 12  1 11 16  4
