 20 22 18 12 21 10  8  7 11  5 15 13 16  6 14  9  3  1 17  4 19  2
 10  1  9 14 18  7 12  4  8 17 16 11 13  3  6 20  2 19 22 21 15  5
 17 16 20 10 22 19  9 21  6 15 14 12  1 11  5  3  4 18  2  7 13  8
  9 21 19 22 20 12 10  2  7 14 17 18 15  8  1 11 13 16  3  5  4  6
  2  7  5 11  9  3 22 19  1 20  8  4 17 12 13 18 14  6 10 15 16 21
 15 14  7  2 17 16 20 11 22  4 10  9 18 19 12  8  5 21  6 13  3  1
 19  4  1  3  6 15 18 16 21 13  5 20 14  9 17  2 22  7  8 11 12 10
  5 18 13  6  2  8 15 14  9 10 22  3 20  4 16 21 11 12  1 19  7 17
  6  3 16 17  5  4  1 13 19 18  7  2 21 10 15 22  8  9 12 20 11 14
 11  8 15 21  1 13 17  5 12  3 19  6 22  2  4  7 20 10 14 16  9 18
 13 12  8  4 14 11  6  3  2 16 21  1  7  5 19 10 17 15  9 18 22 20
  7  9 14  1 10  2 21 15  4 19 20 17  6 13 11 12 16  5 18  3  8 22
 14 15  6  8 13  1  2 10 20  9 12 22 11  7 21 19 18  3 16 17  5  4
 16  2 10 15 19 22  3 20 14  6  9  7  8  1 18  4 21 11  5 12 17 13
 22 11  3 18  8 17  7 12 10 21  4 16 19 14 20  5  9  2 13  6  1 15
 12 10  2  9  3 14 16  8 18 22 13 21  5 17  7  6 19  4 15  1 20 11
 21  5 22 20 15 18 11  6 13  7  1 19  9 16  8 17 12 14  4 10  2  3
  1  6 11  5 16  9 14 17 15  2 18 10  4 20  3 13  7  8 19 22 21 12
  4 20 21  7 12  6 19  1 17  8  2  5  3 18 22 16 15 13 11 14 10  9
  8 13 12 16  7 21  4 18  5 11  3 14 10 22  9 15  1 17 20  2  6 19
  3 17  4 19 11  5 13 22 16  1  6  8 12 15  2 14 10 20 21  9 18  7
 18 19 17 13  4 20  5  9  3 12 11 15  2 21 10  1  6 22  7  8 14 16
