 19 16 21 15 17 20 18 26 23 28 25 27 22 24 30 31 29 35 32 34 33  3  1  2  5  6  7  4 12 14  8 11 10 13  9
 33 30 35 29 31 34 32  5  2  7  4  6  1  3  9 10  8 14 11 13 12 17 15 16 19 20 21 18 26 28 22 25 24 27 23
 26 23 28 22 24 27 25 33 30 35 32 34 29 31  2  3  1  7  4  6  5 10  8  9 12 13 14 11 19 21 15 18 17 20 16
  5  2  7  1  3  6  4 12  9 14 11 13  8 10 16 17 15 21 18 20 19 24 22 23 26 27 28 25 33 35 29 32 31 34 30
 12  9 14  8 10 13 11 19 16 21 18 20 15 17 23 24 22 28 25 27 26 31 29 30 33 34 35 32  5  7  1  4  3  6  2
 27 24 22 23 25 28 26 34 31 29 33 35 30 32  3  4  2  1  5  7  6 11  9 10 13 14  8 12 20 15 16 19 18 21 17
 13 10  8  9 11 14 12 20 17 15 19 21 16 18 24 25 23 22 26 28 27 32 30 31 34 35 29 33  6  1  2  5  4  7  3
 20 17 15 16 18 21 19 27 24 22 26 28 23 25 31 32 30 29 33 35 34  4  2  3  6  7  1  5 13  8  9 12 11 14 10
  6  3  1  2  4  7  5 13 10  8 12 14  9 11 17 18 16 15 19 21 20 25 23 24 27 28 22 26 34 29 30 33 32 35 31
 34 31 29 30 32 35 33  6  3  1  5  7  2  4 10 11  9  8 12 14 13 18 16 17 20 21 15 19 27 22 23 26 25 28 24
 35 32 30 31 33 29 34  7  4  2  6  1  3  5 11 12 10  9 13  8 14 19 17 18 21 15 16 20 28 23 24 27 26 22 25
 28 25 23 24 26 22 27 35 32 30 34 29 31 33  4  5  3  2  6  1  7 12 10 11 14  8  9 13 21 16 17 20 19 15 18
 21 18 16 17 19 15 20 28 25 23 27 22 24 26 32 33 31 30 34 29 35  5  3  4  7  1  2  6 14  9 10 13 12  8 11
  7  4  2  3  5  1  6 14 11  9 13  8 10 12 18 19 17 16 20 15 21 26 24 25 28 22 23 27 35 30 31 34 33 29 32
 14 11  9 10 12  8 13 21 18 16 20 15 17 19 25 26 24 23 27 22 28 33 31 32 35 29 30 34  7  2  3  6  5  1  4
  1  5  3  4  6  2  7  8 12 10 14  9 11 13 19 20 18 17 21 16 15 27 25 26 22 23 24 28 29 31 32 35 34 30 33
 15 19 17 18 20 16 21 22 26 24 28 23 25 27 33 34 32 31 35 30 29  6  4  5  1  2  3  7  8 10 11 14 13  9 12
 29 33 31 32 34 30 35  1  5  3  7  2  4  6 12 13 11 10 14  9  8 20 18 19 15 16 17 21 22 24 25 28 27 23 26
 22 26 24 25 27 23 28 29 33 31 35 30 32 34  5  6  4  3  7  2  1 13 11 12  8  9 10 14 15 17 18 21 20 16 19
  8 12 10 11 13  9 14 15 19 17 21 16 18 20 26 27 25 24 28 23 22 34 32 33 29 30 31 35  1  3  4  7  6  2  5
 30 34 32 33 35 31 29  2  6  4  1  3  5  7 13 14 12 11  8 10  9 21 19 20 16 17 18 15 23 25 26 22 28 24 27
  2  6  4  5  7  3  1  9 13 11  8 10 12 14 20 21 19 18 15 17 16 28 26 27 23 24 25 22 30 32 33 29 35 31 34
  9 13 11 12 14 10  8 16 20 18 15 17 19 21 27 28 26 25 22 24 23 35 33 34 30 31 32 29  2  4  5  1  7  3  6
 23 27 25 26 28 24 22 30 34 32 29 31 33 35  6  7  5  4  1  3  2 14 12 13  9 10 11  8 16 18 19 15 21 17 20
 16 20 18 19 21 17 15 23 27 25 22 24 26 28 34 35 33 32 29 31 30  7  5  6  2  3  4  1  9 11 12  8 14 10 13
 24 28 26 27 22 25 23 31 35 33 30 32 34 29  7  1  6  5  2  4  3  8 13 14 10 11 12  9 17 19 20 16 15 18 21
  3  7  5  6  1  4  2 10 14 12  9 11 13  8 21 15 20 19 16 18 17 22 27 28 24 25 26 23 31 33 34 30 29 32 35
 31 35 33 34 29 32 30  3  7  5  2  4  6  1 14  8 13 12  9 11 10 15 20 21 17 18 19 16 24 26 27 23 22 25 28
 10 14 12 13  8 11  9 17 21 19 16 18 20 15 28 22 27 26 23 25 24 29 34 35 31 32 33 30  3  5  6  2  1  4  7
 17 21 19 20 15 18 16 24 28 26 23 25 27 22 35 29 34 33 30 32 31  1  6  7  3  4  5  2 10 12 13  9  8 11 14
  4  1  6  7  2  5  3 11  8 13 10 12 14  9 15 16 21 20 17 19 18 23 28 22 25 26 27 24 32 34 35 31 30 33 29
 25 22 27 28 23 26 24 32 29 34 31 33 35 30  1  2  7  6  3  5  4  9 14  8 11 12 13 10 18 20 21 17 16 19 15
 11  8 13 14  9 12 10 18 15 20 17 19 21 16 22 23 28 27 24 26 25 30 35 29 32 33 34 31  4  6  7  3  2  5  1
 18 15 20 21 16 19 17 25 22 27 24 26 28 23 29 30 35 34 31 33 32  2  7  1  4  5  6  3 11 13 14 10  9 12  8
 32 29 34 35 30 33 31  4  1  6  3  5  7  2  8  9 14 13 10 12 11 16 21 15 18 19 20 17 25 27 28 24 23 26 22
