 10  1 23  8 13  7 14 22  4  5  6 11 19 21 16 17  2 20 15 12  9 18  3
 23 14 10  7  8 13  6  4  5 17 15 18 12  3  9 21 22  1 19 16 20 11  2
  8 16  9  6 11  5  7 23  3  4 13 14 17 22  1 20 21 10 18 15  2 12 19
  5 10 19 23  9  8 16 11 20 14  4  7 13 18 12 15  6 22  1 21  3  2 17
 11  3 15 19 17 14  4  5 18  1  7 21 22  2 20  9 23 12 16  8 10  6 13
 19 17 14  2  6  3 15  9 16 12 21  4 11  5 18  7 20 23 22 13  1 10  8
 20  7 22  9 16  1  5  8 15  3 14  6 10 12  4 18 17 11 13  2 19 21 23
  3  9 16 14  5 17 20 15  8 13 11 23  6  1 22 12  7  2 10  4 18 19 21
  7 18 11 10 19 22 17 13  6  8  5  3 21 23 14  1  9 15  2 20 16  4 12
 17 22  8 12 14  9 11 10 19  6  1 13 23 20 21  2 16 18  4  7 15  3  5
  4 13  7 22  2 20  8 14  9 15 16 12 18  6 23 19 11 17  5  3 21  1 10
 22  8 17  3  4 19  9 12 14 11 18 20  7 13  2 16  1 21 23 10  5 15  6
 18  5 21 15 10  6 23 19 12  9  2  1  4 11  7 14  3 16  8 22 17 13 20
 14  6 13 17  7 11 19 16  1 20  8  9  2  4  5 22 10  3 21 18 12 23 15
  6 23 20  5 18  4  2  7 11 21 22 16  1 17 10  3 15  9 12 19 13  8 14
 15  4  2 16 20 21 13 17 23 19  9  8 14 10 11  6 12  7  3  1 22  5 18
  2 19  1 13 15 10 12 20 21 16  3  5  9  7  6 11 18  4 14 23  8 17 22
  9 15 18 20 23  2 10 21 13  7 12 19 16 14  3  4  5  8 11 17  6 22  1
 12 20  3  1 22 18 21  6 10 23 17  2  5 16 15  8 19 13  7 11  4 14  9
 21 12  6  4  3 16 22  1  2 18 20 15  8  9 13 10 14 19 17  5 23  7 11
 16 21  5 11  1 12 18  2 17 10 23 22  3 15 19 13  8  6 20 14  7  9  4
  1 11  4 21 12 15  3 18 22  2 10 17 20 19  8 23 13  5  6  9 14 16  7
 13  2 12 18 21 23  1  3  7 22 19 10 15  8 17  5  4 14  9  6 11 20 16
