  5 16 15 13  4  8 14 23 10 21 17 18  3  6  1  9  2 19  7 22 20 12 11
 22 14  5 15  7  2  9  3 23 18 20  8 16 13 21 12 10 11  6 19  1 17  4
 20  3  8 19 14 11  1  5 18  6 22 17 10  2 15 21  7  9 13 16 12  4 23
  4  5  1  9 15 23  8 11  3 12 13 20 17 10  6  7 21 16 19  2 14 22 18
  2 12 19 17  3  7 20 21  5 22 15 23 14  1 13  6 16 18  8  4 10 11  9
 10  6 16  4 17 21 11  7 15 23 18  5 20 14 12  1 19  3  9 13 22  8  2
 14 19 12  5  9 10 17 20 16  3  2 21  4  7 22 23 18 13  1 11 15  6  8
  6  8 18  1 20  3 21 13  2 11  4 19 12 16  7 10  5 15 23  9 17 14 22
 19 23  3  7  5 13  6  8 21 20 10 15 18  9  4 14 12 17 22  1 11  2 16
 17  2 14 22 21 15  7  4 19  5  9  1  6 20 10  3 11 12 18 23  8 16 13
  7 10  2 23  8 17  3 22 11 14 21  9  5 19 20 13  1  4 12 15 16 18  6
 21 18 10  2 23  9  4 14  8 15  3 11 19 22  5 16  6  1 20 12 13  7 17
  8 21 23 18  1 20  2  6  7 13 16  3  9  5 19 22 15 14 11 17  4 10 12
  9  4 20  8 13 14 15 12 17  1 23  7 21  3 11  5 22  6 16 18  2 19 10
 12  7 21 10  2  4 13 15 20 19 11 22  1 17 16 18  9  5 14  8  6 23  3
 18  9 22 21 19  1 23 10 13  8  7 16 11 12 14 15 17  2  4  6  5  3 20
  3 20 17 16 22 18 10 19  6  9  8 12 15 21  2 11  4  7  5 14 23 13  1
 16 11  6  3 10  5 12  2 14  7  1  4 13 18 23 20  8 22 17 21  9 15 19
 23  1 11  6 16 19  5 17  4  2 12 13 22 15  9  8 14 21 10  3 18 20  7
 13 22  4 20 18 16 19  9 12 10 14  6  8 11 17  2  3 23 21  5  7  1 15
 15 17  9 11  6 12 16  1 22  4  5 10  7 23 18 19 13  8  2 20  3 21 14
  1 13  7 12 11 22 18 16  9 17  6 14  2  8  3  4 23 20 15 10 19  5 21
 11 15 13 14 12  6 22 18  1 16 19  2 23  4  8 17 20 10  3  7 21  9  5
