 12 23 21 13  5  1  6  7  4 22  9 17 15 20 14  8 18  3 10 16 19 11  2
  8  7 18  3 11 17 12 15  5 13 22 10 14  6  4 19 20  2  9 23  1 16 21
 22 20 10 17 12 13 16  6 19  4 18 14 21  8  2 11 23  1  7  3 15  5  9
  7  6 17 16 19 10  1 14 15 18 11 21  5  3 20 13 22 23  8 12  9  2  4
  9 21 20  8 17 11  3  4 12 19 14 18  7 16 10 23  2  6 15 13  5  1 22
 15 22 16 18  1 23 17 13  6 12 19  5  4  7  8  9 10 20 21  2 11 14  3
 13  9  8  7 18 12  4 17  1 15 16 19 22 14  3  2 11 10 23 21 20  6  5
  5 16 13 11  7  6 21 18 10  8 20 22 17  4 19  1 14  9  2 15 12  3 23
 19 18 15  5 14  3  8 12 11 10  1  2 20 22 13  7  9 16  6  4 23 21 17
  1  2  9 22 16  5 14  3 18 20  4  8 19 17 12 15 21 13 11  7  6 23 10
  3  8  4 21 20 16  2 11 13  9 10  1 18 19 23 12 15 14 22  5 17  7  6
  2  3  1 23  9 14 15  8 17 16 12  4 13 18  7 21  6 11  5 20 22 10 19
 14 19  5  6  8 22 20 16  3 11 13 12 10 23 15  4  1 21 17  9  2 18  7
 11 15  2  9 13 18  5  1 14  6  3  7 23 10 22 17  8  4 20 19 21 12 16
  4 13 23 15 21  7 18 22 16  3  6  9 12  2  1 20 17  5 19 11 10  8 14
 18  1  7 19  3  9 11  5 21 17 15 23  2 12  6 10  4  8 14 22 16 20 13
 16  5 19  2  4  8 13  9  7 14 23 20  6  1 21 22 12 15  3 10 18 17 11
 20 17 22  4 23 19  7 10  8  1  2 15  9 21 11  6  5 12 16 14  3 13 18
 10  4  3  1 22 20  9 21 23  2  8  6 11 15 17  5 16  7 13 18 14 19 12
  6 12 11 10  2  4 19 23  9  7 21 13  1  5 16 14  3 22 18 17  8 15 20
 17 10 12 14 15 21 22  2 20 23  7 16  8 11  5  3 19 18  4  6 13  9  1
 23 11 14 20  6 15 10 19  2 21  5  3 16 13  9 18  7 17 12  1  4 22  8
 21 14  6 12 10  2 23 20 22  5 17 11  3  9 18 16 13 19  1  8  7  4 15
