 13 12  8 14  4  3  9  5  6  2  7 10 11  1
  2 10  7  1 11  5  6  3  4 13  9  8 14 12
 12  6  5  8  1  2 10  9  3  4 14  7 13 11
 14  3 11  4  7  9 13  2  1  6  8 12 10  5
  8  7 12  2 10  1  3 14  9 11  4 13  5  6
  5 14 13  6  9  4 11  8 12 10  2  3  1  7
  1  4 10 12  5  7  2 13 14  9  3 11  6  8
  3 13 14  9  6 11  8  4  7  1 10  5 12  2
  9  5  4  3  8 12  1 10  2 14 11  6  7 13
  6 11  2 13 14 10  7 12  8  3  5  1  4  9
  7  2  3 10 12  6  4  1 11  5 13  9  8 14
 11  1  9  5 13  8 14  7 10 12  6  4  2  3
 10  8  1 11  3 14  5  6 13  7 12  2  9  4
  4  9  6  7  2 13 12 11  5  8  1 14  3 10
