  1  3  2  5  7  9  8  6  4 10 18 17 12 11 14 15 13 16 25 27 23 21 26 20 22 24 19
 10 12 11 14 16 18 17 15 13 19 27 26 21 20 23 24 22 25  7  9  5  3  8  2  4  6  1
 19 21 20 23 25 27 26 24 22  1  9  8  3  2  5  6  4  7 16 18 14 12 17 11 13 15 10
 11 13 12 15 17 10 18 16 14 20 19 27 22 21 24 25 23 26  8  1  6  4  9  3  5  7  2
  2  4  3  6  8  1  9  7  5 11 10 18 13 12 15 16 14 17 26 19 24 22 27 21 23 25 20
 20 22 21 24 26 19 27 25 23  2  1  9  4  3  6  7  5  8 17 10 15 13 18 12 14 16 11
 12 14 13 16 18 11 10 17 15 21 20 19 23 22 25 26 24 27  9  2  7  5  1  4  6  8  3
 21 23 22 25 27 20 19 26 24  3  2  1  5  4  7  8  6  9 18 11 16 14 10 13 15 17 12
  3  5  4  7  9  2  1  8  6 12 11 10 14 13 16 17 15 18 27 20 25 23 19 22 24 26 21
  4  6  5  8  1  3  2  9  7 13 12 11 15 14 17 18 16 10 19 21 26 24 20 23 25 27 22
 13 15 14 17 10 12 11 18 16 22 21 20 24 23 26 27 25 19  1  3  8  6  2  5  7  9  4
 22 24 23 26 19 21 20 27 25  4  3  2  6  5  8  9  7  1 10 12 17 15 11 14 16 18 13
 23 25 24 27 20 22 21 19 26  5  4  3  7  6  9  1  8  2 11 13 18 16 12 15 17 10 14
  5  7  6  9  2  4  3  1  8 14 13 12 16 15 18 10 17 11 20 22 27 25 21 24 26 19 23
 14 16 15 18 11 13 12 10 17 23 22 21 25 24 27 19 26 20  2  4  9  7  3  6  8  1  5
 15 17 16 10 12 14 13 11 18 24 23 22 26 25 19 20 27 21  3  5  1  8  4  7  9  2  6
  6  8  7  1  3  5  4  2  9 15 14 13 17 16 10 11 18 12 21 23 19 26 22 25 27 20 24
 24 26 25 19 21 23 22 20 27  6  5  4  8  7  1  2  9  3 12 14 10 17 13 16 18 11 15
  7  9  8  2  4  6  5  3  1 16 15 14 18 17 11 12 10 13 22 24 20 27 23 26 19 21 25
 16 18 17 11 13 15 14 12 10 25 24 23 27 26 20 21 19 22  4  6  2  9  5  8  1  3  7
 25 27 26 20 22 24 23 21 19  7  6  5  9  8  2  3  1  4 13 15 11 18 14 17 10 12 16
 17 10 18 12 14 16 15 13 11 26 25 24 19 27 21 22 20 23  5  7  3  1  6  9  2  4  8
 26 19 27 21 23 25 24 22 20  8  7  6  1  9  3  4  2  5 14 16 12 10 15 18 11 13 17
  8  1  9  3  5  7  6  4  2 17 16 15 10 18 12 13 11 14 23 25 21 19 24 27 20 22 26
  9  2  1  4  6  8  7  5  3 18 17 16 11 10 13 14 12 15 24 26 22 20 25 19 21 23 27
 27 20 19 22 24 26 25 23 21  9  8  7  2  1  4  5  3  6 15 17 13 11 16 10 12 14 18
 18 11 10 13 15 17 16 14 12 27 26 25 20 19 22 23 21 24  6  8  4  2  7  1  3  5  9
