  1  2  8 10  3  4  9  5  7  6 15 20 19 12 16 18 13 14 11 17 28 24 27 21 22 30 23 25 29 26 34 40 37 39 32 31 33 38 36 35 41 49 47 43 44 45 48 46 42 50 51 52 55 58 57 56 54 53 59 60 68 66 61 62 64 65 69 63 67 70 76 73 74 80 71 75 79 77 78 72
 41 42 48 50 43 44 49 45 47 46 55 60 59 52 56 58 53 54 51 57 68 64 67 61 62 70 63 65 69 66 74 80 77 79 72 71 73 78 76 75  1  9  7  3  4  5  8  6  2 10 11 12 15 18 17 16 14 13 19 20 28 26 21 22 24 25 29 23 27 30 36 33 34 40 31 35 39 37 38 32
 11 12 18 20 13 14 19 15 17 16 25 30 29 22 26 28 23 24 21 27 38 34 37 31 32 40 33 35 39 36 44 50 47 49 42 41 43 48 46 45 51 59 57 53 54 55 58 56 52 60 61 62 65 68 67 66 64 63 69 70 78 76 71 72 74 75 79 73 77 80  6  3  4 10  1  5  9  7  8  2
 31 32 38 40 33 34 39 35 37 36 45 50 49 42 46 48 43 44 41 47 58 54 57 51 52 60 53 55 59 56 64 70 67 69 62 61 63 68 66 65 71 79 77 73 74 75 78 76 72 80  1  2  5  8  7  6  4  3  9 10 18 16 11 12 14 15 19 13 17 20 26 23 24 30 21 25 29 27 28 22
 21 22 28 30 23 24 29 25 27 26 35 40 39 32 36 38 33 34 31 37 48 44 47 41 42 50 43 45 49 46 54 60 57 59 52 51 53 58 56 55 61 69 67 63 64 65 68 66 62 70 71 72 75 78 77 76 74 73 79 80  8  6  1  2  4  5  9  3  7 10 16 13 14 20 11 15 19 17 18 12
 51 52 58 60 53 54 59 55 57 56 65 70 69 62 66 68 63 64 61 67 78 74 77 71 72 80 73 75 79 76  4 10  7  9  2  1  3  8  6  5 11 19 17 13 14 15 18 16 12 20 21 22 25 28 27 26 24 23 29 30 38 36 31 32 34 35 39 33 37 40 46 43 44 50 41 45 49 47 48 42
 71 72 78 80 73 74 79 75 77 76  5 10  9  2  6  8  3  4  1  7 18 14 17 11 12 20 13 15 19 16 24 30 27 29 22 21 23 28 26 25 31 39 37 33 34 35 38 36 32 40 41 42 45 48 47 46 44 43 49 50 58 56 51 52 54 55 59 53 57 60 66 63 64 70 61 65 69 67 68 62
 61 62 68 70 63 64 69 65 67 66 75 80 79 72 76 78 73 74 71 77  8  4  7  1  2 10  3  5  9  6 14 20 17 19 12 11 13 18 16 15 21 29 27 23 24 25 28 26 22 30 31 32 35 38 37 36 34 33 39 40 48 46 41 42 44 45 49 43 47 50 56 53 54 60 51 55 59 57 58 52
 42 43 49 41 44 45 50 46 48 47 56 51 60 53 57 59 54 55 52 58 69 65 68 62 63 61 64 66 70 67 75 71 78 80 73 72 74 79 77 76  2 10  8  4  5  6  9  7  3  1 12 13 16 19 18 17 15 14 20 11 29 27 22 23 25 26 30 24 28 21 37 34 35 31 32 36 40 38 39 33
 62 63 69 61 64 65 70 66 68 67 76 71 80 73 77 79 74 75 72 78  9  5  8  2  3  1  4  6 10  7 15 11 18 20 13 12 14 19 17 16 22 30 28 24 25 26 29 27 23 21 32 33 36 39 38 37 35 34 40 31 49 47 42 43 45 46 50 44 48 41 57 54 55 51 52 56 60 58 59 53
 12 13 19 11 14 15 20 16 18 17 26 21 30 23 27 29 24 25 22 28 39 35 38 32 33 31 34 36 40 37 45 41 48 50 43 42 44 49 47 46 52 60 58 54 55 56 59 57 53 51 62 63 66 69 68 67 65 64 70 61 79 77 72 73 75 76 80 74 78 71  7  4  5  1  2  6 10  8  9  3
 32 33 39 31 34 35 40 36 38 37 46 41 50 43 47 49 44 45 42 48 59 55 58 52 53 51 54 56 60 57 65 61 68 70 63 62 64 69 67 66 72 80 78 74 75 76 79 77 73 71  2  3  6  9  8  7  5  4 10  1 19 17 12 13 15 16 20 14 18 11 27 24 25 21 22 26 30 28 29 23
 52 53 59 51 54 55 60 56 58 57 66 61 70 63 67 69 64 65 62 68 79 75 78 72 73 71 74 76 80 77  5  1  8 10  3  2  4  9  7  6 12 20 18 14 15 16 19 17 13 11 22 23 26 29 28 27 25 24 30 21 39 37 32 33 35 36 40 34 38 31 47 44 45 41 42 46 50 48 49 43
  2  3  9  1  4  5 10  6  8  7 16 11 20 13 17 19 14 15 12 18 29 25 28 22 23 21 24 26 30 27 35 31 38 40 33 32 34 39 37 36 42 50 48 44 45 46 49 47 43 41 52 53 56 59 58 57 55 54 60 51 69 67 62 63 65 66 70 64 68 61 77 74 75 71 72 76 80 78 79 73
 22 23 29 21 24 25 30 26 28 27 36 31 40 33 37 39 34 35 32 38 49 45 48 42 43 41 44 46 50 47 55 51 58 60 53 52 54 59 57 56 62 70 68 64 65 66 69 67 63 61 72 73 76 79 78 77 75 74 80 71  9  7  2  3  5  6 10  4  8  1 17 14 15 11 12 16 20 18 19 13
 72 73 79 71 74 75 80 76 78 77  6  1 10  3  7  9  4  5  2  8 19 15 18 12 13 11 14 16 20 17 25 21 28 30 23 22 24 29 27 26 32 40 38 34 35 36 39 37 33 31 42 43 46 49 48 47 45 44 50 41 59 57 52 53 55 56 60 54 58 51 67 64 65 61 62 66 70 68 69 63
 53 54 60 52 55 56 51 57 59 58 67 62 61 64 68 70 65 66 63 69 80 76 79 73 74 72 75 77 71 78  6  2  9  1  4  3  5 10  8  7 13 11 19 15 16 17 20 18 14 12 23 24 27 30 29 28 26 25 21 22 40 38 33 34 36 37 31 35 39 32 48 45 46 42 43 47 41 49 50 44
 33 34 40 32 35 36 31 37 39 38 47 42 41 44 48 50 45 46 43 49 60 56 59 53 54 52 55 57 51 58 66 62 69 61 64 63 65 70 68 67 73 71 79 75 76 77 80 78 74 72  3  4  7 10  9  8  6  5  1  2 20 18 13 14 16 17 11 15 19 12 28 25 26 22 23 27 21 29 30 24
 43 44 50 42 45 46 41 47 49 48 57 52 51 54 58 60 55 56 53 59 70 66 69 63 64 62 65 67 61 68 76 72 79 71 74 73 75 80 78 77  3  1  9  5  6  7 10  8  4  2 13 14 17 20 19 18 16 15 11 12 30 28 23 24 26 27 21 25 29 22 38 35 36 32 33 37 31 39 40 34
 63 64 70 62 65 66 61 67 69 68 77 72 71 74 78 80 75 76 73 79 10  6  9  3  4  2  5  7  1  8 16 12 19 11 14 13 15 20 18 17 23 21 29 25 26 27 30 28 24 22 33 34 37 40 39 38 36 35 31 32 50 48 43 44 46 47 41 45 49 42 58 55 56 52 53 57 51 59 60 54
 23 24 30 22 25 26 21 27 29 28 37 32 31 34 38 40 35 36 33 39 50 46 49 43 44 42 45 47 41 48 56 52 59 51 54 53 55 60 58 57 63 61 69 65 66 67 70 68 64 62 73 74 77 80 79 78 76 75 71 72 10  8  3  4  6  7  1  5  9  2 18 15 16 12 13 17 11 19 20 14
  3  4 10  2  5  6  1  7  9  8 17 12 11 14 18 20 15 16 13 19 30 26 29 23 24 22 25 27 21 28 36 32 39 31 34 33 35 40 38 37 43 41 49 45 46 47 50 48 44 42 53 54 57 60 59 58 56 55 51 52 70 68 63 64 66 67 61 65 69 62 78 75 76 72 73 77 71 79 80 74
 73 74 80 72 75 76 71 77 79 78  7  2  1  4  8 10  5  6  3  9 20 16 19 13 14 12 15 17 11 18 26 22 29 21 24 23 25 30 28 27 33 31 39 35 36 37 40 38 34 32 43 44 47 50 49 48 46 45 41 42 60 58 53 54 56 57 51 55 59 52 68 65 66 62 63 67 61 69 70 64
 13 14 20 12 15 16 11 17 19 18 27 22 21 24 28 30 25 26 23 29 40 36 39 33 34 32 35 37 31 38 46 42 49 41 44 43 45 50 48 47 53 51 59 55 56 57 60 58 54 52 63 64 67 70 69 68 66 65 61 62 80 78 73 74 76 77 71 75 79 72  8  5  6  2  3  7  1  9 10  4
 74 75 71 73 76 77 72 78 80 79  8  3  2  5  9  1  6  7  4 10 11 17 20 14 15 13 16 18 12 19 27 23 30 22 25 24 26 21 29 28 34 32 40 36 37 38 31 39 35 33 44 45 48 41 50 49 47 46 42 43 51 59 54 55 57 58 52 56 60 53 69 66 67 63 64 68 62 70 61 65
 54 55 51 53 56 57 52 58 60 59 68 63 62 65 69 61 66 67 64 70 71 77 80 74 75 73 76 78 72 79  7  3 10  2  5  4  6  1  9  8 14 12 20 16 17 18 11 19 15 13 24 25 28 21 30 29 27 26 22 23 31 39 34 35 37 38 32 36 40 33 49 46 47 43 44 48 42 50 41 45
 44 45 41 43 46 47 42 48 50 49 58 53 52 55 59 51 56 57 54 60 61 67 70 64 65 63 66 68 62 69 77 73 80 72 75 74 76 71 79 78  4  2 10  6  7  8  1  9  5  3 14 15 18 11 20 19 17 16 12 13 21 29 24 25 27 28 22 26 30 23 39 36 37 33 34 38 32 40 31 35
 34 35 31 33 36 37 32 38 40 39 48 43 42 45 49 41 46 47 44 50 51 57 60 54 55 53 56 58 52 59 67 63 70 62 65 64 66 61 69 68 74 72 80 76 77 78 71 79 75 73  4  5  8  1 10  9  7  6  2  3 11 19 14 15 17 18 12 16 20 13 29 26 27 23 24 28 22 30 21 25
 64 65 61 63 66 67 62 68 70 69 78 73 72 75 79 71 76 77 74 80  1  7 10  4  5  3  6  8  2  9 17 13 20 12 15 14 16 11 19 18 24 22 30 26 27 28 21 29 25 23 34 35 38 31 40 39 37 36 32 33 41 49 44 45 47 48 42 46 50 43 59 56 57 53 54 58 52 60 51 55
 14 15 11 13 16 17 12 18 20 19 28 23 22 25 29 21 26 27 24 30 31 37 40 34 35 33 36 38 32 39 47 43 50 42 45 44 46 41 49 48 54 52 60 56 57 58 51 59 55 53 64 65 68 61 70 69 67 66 62 63 71 79 74 75 77 78 72 76 80 73  9  6  7  3  4  8  2 10  1  5
  4  5  1  3  6  7  2  8 10  9 18 13 12 15 19 11 16 17 14 20 21 27 30 24 25 23 26 28 22 29 37 33 40 32 35 34 36 31 39 38 44 42 50 46 47 48 41 49 45 43 54 55 58 51 60 59 57 56 52 53 61 69 64 65 67 68 62 66 70 63 79 76 77 73 74 78 72 80 71 75
 24 25 21 23 26 27 22 28 30 29 38 33 32 35 39 31 36 37 34 40 41 47 50 44 45 43 46 48 42 49 57 53 60 52 55 54 56 51 59 58 64 62 70 66 67 68 61 69 65 63 74 75 78 71 80 79 77 76 72 73  1  9  4  5  7  8  2  6 10  3 19 16 17 13 14 18 12 20 11 15
 35 36 32 34 37 38 33 39 31 40 49 44 43 46 50 42 47 48 45 41 52 58 51 55 56 54 57 59 53 60 68 64 61 63 66 65 67 62 70 69 75 73 71 77 78 79 72 80 76 74  5  6  9  2  1 10  8  7  3  4 12 20 15 16 18 19 13 17 11 14 30 27 28 24 25 29 23 21 22 26
 45 46 42 44 47 48 43 49 41 50 59 54 53 56 60 52 57 58 55 51 62 68 61 65 66 64 67 69 63 70 78 74 71 73 76 75 77 72 80 79  5  3  1  7  8  9  2 10  6  4 15 16 19 12 11 20 18 17 13 14 22 30 25 26 28 29 23 27 21 24 40 37 38 34 35 39 33 31 32 36
 65 66 62 64 67 68 63 69 61 70 79 74 73 76 80 72 77 78 75 71  2  8  1  5  6  4  7  9  3 10 18 14 11 13 16 15 17 12 20 19 25 23 21 27 28 29 22 30 26 24 35 36 39 32 31 40 38 37 33 34 42 50 45 46 48 49 43 47 41 44 60 57 58 54 55 59 53 51 52 56
 25 26 22 24 27 28 23 29 21 30 39 34 33 36 40 32 37 38 35 31 42 48 41 45 46 44 47 49 43 50 58 54 51 53 56 55 57 52 60 59 65 63 61 67 68 69 62 70 66 64 75 76 79 72 71 80 78 77 73 74  2 10  5  6  8  9  3  7  1  4 20 17 18 14 15 19 13 11 12 16
 55 56 52 54 57 58 53 59 51 60 69 64 63 66 70 62 67 68 65 61 72 78 71 75 76 74 77 79 73 80  8  4  1  3  6  5  7  2 10  9 15 13 11 17 18 19 12 20 16 14 25 26 29 22 21 30 28 27 23 24 32 40 35 36 38 39 33 37 31 34 50 47 48 44 45 49 43 41 42 46
 75 76 72 74 77 78 73 79 71 80  9  4  3  6 10  2  7  8  5  1 12 18 11 15 16 14 17 19 13 20 28 24 21 23 26 25 27 22 30 29 35 33 31 37 38 39 32 40 36 34 45 46 49 42 41 50 48 47 43 44 52 60 55 56 58 59 53 57 51 54 70 67 68 64 65 69 63 61 62 66
 15 16 12 14 17 18 13 19 11 20 29 24 23 26 30 22 27 28 25 21 32 38 31 35 36 34 37 39 33 40 48 44 41 43 46 45 47 42 50 49 55 53 51 57 58 59 52 60 56 54 65 66 69 62 61 70 68 67 63 64 72 80 75 76 78 79 73 77 71 74 10  7  8  4  5  9  3  1  2  6
  5  6  2  4  7  8  3  9  1 10 19 14 13 16 20 12 17 18 15 11 22 28 21 25 26 24 27 29 23 30 38 34 31 33 36 35 37 32 40 39 45 43 41 47 48 49 42 50 46 44 55 56 59 52 51 60 58 57 53 54 62 70 65 66 68 69 63 67 61 64 80 77 78 74 75 79 73 71 72 76
 36 37 33 35 38 39 34 40 32 31 50 45 44 47 41 43 48 49 46 42 53 59 52 56 57 55 58 60 54 51 69 65 62 64 67 66 68 63 61 70 76 74 72 78 79 80 73 71 77 75  6  7 10  3  2  1  9  8  4  5 13 11 16 17 19 20 14 18 12 15 21 28 29 25 26 30 24 22 23 27
 46 47 43 45 48 49 44 50 42 41 60 55 54 57 51 53 58 59 56 52 63 69 62 66 67 65 68 70 64 61 79 75 72 74 77 76 78 73 71 80  6  4  2  8  9 10  3  1  7  5 16 17 20 13 12 11 19 18 14 15 23 21 26 27 29 30 24 28 22 25 31 38 39 35 36 40 34 32 33 37
 76 77 73 75 78 79 74 80 72 71 10  5  4  7  1  3  8  9  6  2 13 19 12 16 17 15 18 20 14 11 29 25 22 24 27 26 28 23 21 30 36 34 32 38 39 40 33 31 37 35 46 47 50 43 42 41 49 48 44 45 53 51 56 57 59 60 54 58 52 55 61 68 69 65 66 70 64 62 63 67
 26 27 23 25 28 29 24 30 22 21 40 35 34 37 31 33 38 39 36 32 43 49 42 46 47 45 48 50 44 41 59 55 52 54 57 56 58 53 51 60 66 64 62 68 69 70 63 61 67 65 76 77 80 73 72 71 79 78 74 75  3  1  6  7  9 10  4  8  2  5 11 18 19 15 16 20 14 12 13 17
 56 57 53 55 58 59 54 60 52 51 70 65 64 67 61 63 68 69 66 62 73 79 72 76 77 75 78 80 74 71  9  5  2  4  7  6  8  3  1 10 16 14 12 18 19 20 13 11 17 15 26 27 30 23 22 21 29 28 24 25 33 31 36 37 39 40 34 38 32 35 41 48 49 45 46 50 44 42 43 47
 16 17 13 15 18 19 14 20 12 11 30 25 24 27 21 23 28 29 26 22 33 39 32 36 37 35 38 40 34 31 49 45 42 44 47 46 48 43 41 50 56 54 52 58 59 60 53 51 57 55 66 67 70 63 62 61 69 68 64 65 73 71 76 77 79 80 74 78 72 75  1  8  9  5  6 10  4  2  3  7
 66 67 63 65 68 69 64 70 62 61 80 75 74 77 71 73 78 79 76 72  3  9  2  6  7  5  8 10  4  1 19 15 12 14 17 16 18 13 11 20 26 24 22 28 29 30 23 21 27 25 36 37 40 33 32 31 39 38 34 35 43 41 46 47 49 50 44 48 42 45 51 58 59 55 56 60 54 52 53 57
  6  7  3  5  8  9  4 10  2  1 20 15 14 17 11 13 18 19 16 12 23 29 22 26 27 25 28 30 24 21 39 35 32 34 37 36 38 33 31 40 46 44 42 48 49 50 43 41 47 45 56 57 60 53 52 51 59 58 54 55 63 61 66 67 69 70 64 68 62 65 71 78 79 75 76 80 74 72 73 77
 77 78 74 76 79 80 75 71 73 72  1  6  5  8  2  4  9 10  7  3 14 20 13 17 18 16 19 11 15 12 30 26 23 25 28 27 29 24 22 21 37 35 33 39 40 31 34 32 38 36 47 48 41 44 43 42 50 49 45 46 54 52 57 58 60 51 55 59 53 56 62 69 70 66 67 61 65 63 64 68
 17 18 14 16 19 20 15 11 13 12 21 26 25 28 22 24 29 30 27 23 34 40 33 37 38 36 39 31 35 32 50 46 43 45 48 47 49 44 42 41 57 55 53 59 60 51 54 52 58 56 67 68 61 64 63 62 70 69 65 66 74 72 77 78 80 71 75 79 73 76  2  9 10  6  7  1  5  3  4  8
 67 68 64 66 69 70 65 61 63 62 71 76 75 78 72 74 79 80 77 73  4 10  3  7  8  6  9  1  5  2 20 16 13 15 18 17 19 14 12 11 27 25 23 29 30 21 24 22 28 26 37 38 31 34 33 32 40 39 35 36 44 42 47 48 50 41 45 49 43 46 52 59 60 56 57 51 55 53 54 58
  7  8  4  6  9 10  5  1  3  2 11 16 15 18 12 14 19 20 17 13 24 30 23 27 28 26 29 21 25 22 40 36 33 35 38 37 39 34 32 31 47 45 43 49 50 41 44 42 48 46 57 58 51 54 53 52 60 59 55 56 64 62 67 68 70 61 65 69 63 66 72 79 80 76 77 71 75 73 74 78
 57 58 54 56 59 60 55 51 53 52 61 66 65 68 62 64 69 70 67 63 74 80 73 77 78 76 79 71 75 72 10  6  3  5  8  7  9  4  2  1 17 15 13 19 20 11 14 12 18 16 27 28 21 24 23 22 30 29 25 26 34 32 37 38 40 31 35 39 33 36 42 49 50 46 47 41 45 43 44 48
 47 48 44 46 49 50 45 41 43 42 51 56 55 58 52 54 59 60 57 53 64 70 63 67 68 66 69 61 65 62 80 76 73 75 78 77 79 74 72 71  7  5  3  9 10  1  4  2  8  6 17 18 11 14 13 12 20 19 15 16 24 22 27 28 30 21 25 29 23 26 32 39 40 36 37 31 35 33 34 38
 27 28 24 26 29 30 25 21 23 22 31 36 35 38 32 34 39 40 37 33 44 50 43 47 48 46 49 41 45 42 60 56 53 55 58 57 59 54 52 51 67 65 63 69 70 61 64 62 68 66 77 78 71 74 73 72 80 79 75 76  4  2  7  8 10  1  5  9  3  6 12 19 20 16 17 11 15 13 14 18
 37 38 34 36 39 40 35 31 33 32 41 46 45 48 42 44 49 50 47 43 54 60 53 57 58 56 59 51 55 52 70 66 63 65 68 67 69 64 62 61 77 75 73 79 80 71 74 72 78 76  7  8  1  4  3  2 10  9  5  6 14 12 17 18 20 11 15 19 13 16 22 29 30 26 27 21 25 23 24 28
 58 59 55 57 60 51 56 52 54 53 62 67 66 69 63 65 70 61 68 64 75 71 74 78 79 77 80 72 76 73  1  7  4  6  9  8 10  5  3  2 18 16 14 20 11 12 15 13 19 17 28 29 22 25 24 23 21 30 26 27 35 33 38 39 31 32 36 40 34 37 43 50 41 47 48 42 46 44 45 49
 18 19 15 17 20 11 16 12 14 13 22 27 26 29 23 25 30 21 28 24 35 31 34 38 39 37 40 32 36 33 41 47 44 46 49 48 50 45 43 42 58 56 54 60 51 52 55 53 59 57 68 69 62 65 64 63 61 70 66 67 75 73 78 79 71 72 76 80 74 77  3 10  1  7  8  2  6  4  5  9
  8  9  5  7 10  1  6  2  4  3 12 17 16 19 13 15 20 11 18 14 25 21 24 28 29 27 30 22 26 23 31 37 34 36 39 38 40 35 33 32 48 46 44 50 41 42 45 43 49 47 58 59 52 55 54 53 51 60 56 57 65 63 68 69 61 62 66 70 64 67 73 80 71 77 78 72 76 74 75 79
 68 69 65 67 70 61 66 62 64 63 72 77 76 79 73 75 80 71 78 74  5  1  4  8  9  7 10  2  6  3 11 17 14 16 19 18 20 15 13 12 28 26 24 30 21 22 25 23 29 27 38 39 32 35 34 33 31 40 36 37 45 43 48 49 41 42 46 50 44 47 53 60 51 57 58 52 56 54 55 59
 38 39 35 37 40 31 36 32 34 33 42 47 46 49 43 45 50 41 48 44 55 51 54 58 59 57 60 52 56 53 61 67 64 66 69 68 70 65 63 62 78 76 74 80 71 72 75 73 79 77  8  9  2  5  4  3  1 10  6  7 15 13 18 19 11 12 16 20 14 17 23 30 21 27 28 22 26 24 25 29
 28 29 25 27 30 21 26 22 24 23 32 37 36 39 33 35 40 31 38 34 45 41 44 48 49 47 50 42 46 43 51 57 54 56 59 58 60 55 53 52 68 66 64 70 61 62 65 63 69 67 78 79 72 75 74 73 71 80 76 77  5  3  8  9  1  2  6 10  4  7 13 20 11 17 18 12 16 14 15 19
 78 79 75 77 80 71 76 72 74 73  2  7  6  9  3  5 10  1  8  4 15 11 14 18 19 17 20 12 16 13 21 27 24 26 29 28 30 25 23 22 38 36 34 40 31 32 35 33 39 37 48 49 42 45 44 43 41 50 46 47 55 53 58 59 51 52 56 60 54 57 63 70 61 67 68 62 66 64 65 69
 48 49 45 47 50 41 46 42 44 43 52 57 56 59 53 55 60 51 58 54 65 61 64 68 69 67 70 62 66 63 71 77 74 76 79 78 80 75 73 72  8  6  4 10  1  2  5  3  9  7 18 19 12 15 14 13 11 20 16 17 25 23 28 29 21 22 26 30 24 27 33 40 31 37 38 32 36 34 35 39
 29 30 26 28 21 22 27 23 25 24 33 38 37 40 34 36 31 32 39 35 46 42 45 49 50 48 41 43 47 44 52 58 55 57 60 59 51 56 54 53 69 67 65 61 62 63 66 64 70 68 79 80 73 76 75 74 72 71 77 78  6  4  9 10  2  3  7  1  5  8 14 11 12 18 19 13 17 15 16 20
 59 60 56 58 51 52 57 53 55 54 63 68 67 70 64 66 61 62 69 65 76 72 75 79 80 78 71 73 77 74  2  8  5  7 10  9  1  6  4  3 19 17 15 11 12 13 16 14 20 18 29 30 23 26 25 24 22 21 27 28 36 34 39 40 32 33 37 31 35 38 44 41 42 48 49 43 47 45 46 50
 19 20 16 18 11 12 17 13 15 14 23 28 27 30 24 26 21 22 29 25 36 32 35 39 40 38 31 33 37 34 42 48 45 47 50 49 41 46 44 43 59 57 55 51 52 53 56 54 60 58 69 70 63 66 65 64 62 61 67 68 76 74 79 80 72 73 77 71 75 78  4  1  2  8  9  3  7  5  6 10
 79 80 76 78 71 72 77 73 75 74  3  8  7 10  4  6  1  2  9  5 16 12 15 19 20 18 11 13 17 14 22 28 25 27 30 29 21 26 24 23 39 37 35 31 32 33 36 34 40 38 49 50 43 46 45 44 42 41 47 48 56 54 59 60 52 53 57 51 55 58 64 61 62 68 69 63 67 65 66 70
 39 40 36 38 31 32 37 33 35 34 43 48 47 50 44 46 41 42 49 45 56 52 55 59 60 58 51 53 57 54 62 68 65 67 70 69 61 66 64 63 79 77 75 71 72 73 76 74 80 78  9 10  3  6  5  4  2  1  7  8 16 14 19 20 12 13 17 11 15 18 24 21 22 28 29 23 27 25 26 30
  9 10  6  8  1  2  7  3  5  4 13 18 17 20 14 16 11 12 19 15 26 22 25 29 30 28 21 23 27 24 32 38 35 37 40 39 31 36 34 33 49 47 45 41 42 43 46 44 50 48 59 60 53 56 55 54 52 51 57 58 66 64 69 70 62 63 67 61 65 68 74 71 72 78 79 73 77 75 76 80
 69 70 66 68 61 62 67 63 65 64 73 78 77 80 74 76 71 72 79 75  6  2  5  9 10  8  1  3  7  4 12 18 15 17 20 19 11 16 14 13 29 27 25 21 22 23 26 24 30 28 39 40 33 36 35 34 32 31 37 38 46 44 49 50 42 43 47 41 45 48 54 51 52 58 59 53 57 55 56 60
 49 50 46 48 41 42 47 43 45 44 53 58 57 60 54 56 51 52 59 55 66 62 65 69 70 68 61 63 67 64 72 78 75 77 80 79 71 76 74 73  9  7  5  1  2  3  6  4 10  8 19 20 13 16 15 14 12 11 17 18 26 24 29 30 22 23 27 21 25 28 34 31 32 38 39 33 37 35 36 40
 80 71 77 79 72 73 78 74 76 75  4  9  8  1  5  7  2  3 10  6 17 13 16 20 11 19 12 14 18 15 23 29 26 28 21 30 22 27 25 24 40 38 36 32 33 34 37 35 31 39 50 41 44 47 46 45 43 42 48 49 57 55 60 51 53 54 58 52 56 59 65 62 63 69 70 64 68 66 67 61
 20 11 17 19 12 13 18 14 16 15 24 29 28 21 25 27 22 23 30 26 37 33 36 40 31 39 32 34 38 35 43 49 46 48 41 50 42 47 45 44 60 58 56 52 53 54 57 55 51 59 70 61 64 67 66 65 63 62 68 69 77 75 80 71 73 74 78 72 76 79  5  2  3  9 10  4  8  6  7  1
 70 61 67 69 62 63 68 64 66 65 74 79 78 71 75 77 72 73 80 76  7  3  6 10  1  9  2  4  8  5 13 19 16 18 11 20 12 17 15 14 30 28 26 22 23 24 27 25 21 29 40 31 34 37 36 35 33 32 38 39 47 45 50 41 43 44 48 42 46 49 55 52 53 59 60 54 58 56 57 51
 60 51 57 59 52 53 58 54 56 55 64 69 68 61 65 67 62 63 70 66 77 73 76 80 71 79 72 74 78 75  3  9  6  8  1 10  2  7  5  4 20 18 16 12 13 14 17 15 11 19 30 21 24 27 26 25 23 22 28 29 37 35 40 31 33 34 38 32 36 39 45 42 43 49 50 44 48 46 47 41
 10  1  7  9  2  3  8  4  6  5 14 19 18 11 15 17 12 13 20 16 27 23 26 30 21 29 22 24 28 25 33 39 36 38 31 40 32 37 35 34 50 48 46 42 43 44 47 45 41 49 60 51 54 57 56 55 53 52 58 59 67 65 70 61 63 64 68 62 66 69 75 72 73 79 80 74 78 76 77 71
 40 31 37 39 32 33 38 34 36 35 44 49 48 41 45 47 42 43 50 46 57 53 56 60 51 59 52 54 58 55 63 69 66 68 61 70 62 67 65 64 80 78 76 72 73 74 77 75 71 79 10  1  4  7  6  5  3  2  8  9 17 15 20 11 13 14 18 12 16 19 25 22 23 29 30 24 28 26 27 21
 50 41 47 49 42 43 48 44 46 45 54 59 58 51 55 57 52 53 60 56 67 63 66 70 61 69 62 64 68 65 73 79 76 78 71 80 72 77 75 74 10  8  6  2  3  4  7  5  1  9 20 11 14 17 16 15 13 12 18 19 27 25 30 21 23 24 28 22 26 29 35 32 33 39 40 34 38 36 37 31
 30 21 27 29 22 23 28 24 26 25 34 39 38 31 35 37 32 33 40 36 47 43 46 50 41 49 42 44 48 45 53 59 56 58 51 60 52 57 55 54 70 68 66 62 63 64 67 65 61 69 80 71 74 77 76 75 73 72 78 79  7  5 10  1  3  4  8  2  6  9 15 12 13 19 20 14 18 16 17 11
