 69 64 70 65 62 63 68 66 67 61 71 74 76 75 78 79 73 77 72 80  4  1  5  9  7 10  3  8  2  6 16 11 14 20 13 17 12 15 18 19 26 25 30 22 29 23 28 27 21 24 34 32 33 38 39 37 35 31 36 40 43 49 42 47 45 50 41 48 44 46 51 52 57 58 59 60 56 53 55 54
  9  4 10  5  2  3  8  6  7  1 11 14 16 15 18 19 13 17 12 20 24 21 25 29 27 30 23 28 22 26 36 31 34 40 33 37 32 35 38 39 46 45 50 42 49 43 48 47 41 44 54 52 53 58 59 57 55 51 56 60 63 69 62 67 65 70 61 68 64 66 71 72 77 78 79 80 76 73 75 74
 19 14 20 15 12 13 18 16 17 11 21 24 26 25 28 29 23 27 22 30 34 31 35 39 37 40 33 38 32 36 46 41 44 50 43 47 42 45 48 49 56 55 60 52 59 53 58 57 51 54 64 62 63 68 69 67 65 61 66 70 73 79 72 77 75 80 71 78 74 76  1  2  7  8  9 10  6  3  5  4
 39 34 40 35 32 33 38 36 37 31 41 44 46 45 48 49 43 47 42 50 54 51 55 59 57 60 53 58 52 56 66 61 64 70 63 67 62 65 68 69 76 75 80 72 79 73 78 77 71 74  4  2  3  8  9  7  5  1  6 10 13 19 12 17 15 20 11 18 14 16 21 22 27 28 29 30 26 23 25 24
 29 24 30 25 22 23 28 26 27 21 31 34 36 35 38 39 33 37 32 40 44 41 45 49 47 50 43 48 42 46 56 51 54 60 53 57 52 55 58 59 66 65 70 62 69 63 68 67 61 64 74 72 73 78 79 77 75 71 76 80  3  9  2  7  5 10  1  8  4  6 11 12 17 18 19 20 16 13 15 14
 49 44 50 45 42 43 48 46 47 41 51 54 56 55 58 59 53 57 52 60 64 61 65 69 67 70 63 68 62 66 76 71 74 80 73 77 72 75 78 79  6  5 10  2  9  3  8  7  1  4 14 12 13 18 19 17 15 11 16 20 23 29 22 27 25 30 21 28 24 26 31 32 37 38 39 40 36 33 35 34
 59 54 60 55 52 53 58 56 57 51 61 64 66 65 68 69 63 67 62 70 74 71 75 79 77 80 73 78 72 76  6  1  4 10  3  7  2  5  8  9 16 15 20 12 19 13 18 17 11 14 24 22 23 28 29 27 25 21 26 30 33 39 32 37 35 40 31 38 34 36 41 42 47 48 49 50 46 43 45 44
 79 74 80 75 72 73 78 76 77 71  1  4  6  5  8  9  3  7  2 10 14 11 15 19 17 20 13 18 12 16 26 21 24 30 23 27 22 25 28 29 36 35 40 32 39 33 38 37 31 34 44 42 43 48 49 47 45 41 46 50 53 59 52 57 55 60 51 58 54 56 61 62 67 68 69 70 66 63 65 64
 80 75 71 76 73 74 79 77 78 72  2  5  7  6  9 10  4  8  3  1 15 12 16 20 18 11 14 19 13 17 27 22 25 21 24 28 23 26 29 30 37 36 31 33 40 34 39 38 32 35 45 43 44 49 50 48 46 42 47 41 54 60 53 58 56 51 52 59 55 57 62 63 68 69 70 61 67 64 66 65
 70 65 61 66 63 64 69 67 68 62 72 75 77 76 79 80 74 78 73 71  5  2  6 10  8  1  4  9  3  7 17 12 15 11 14 18 13 16 19 20 27 26 21 23 30 24 29 28 22 25 35 33 34 39 40 38 36 32 37 31 44 50 43 48 46 41 42 49 45 47 52 53 58 59 60 51 57 54 56 55
 20 15 11 16 13 14 19 17 18 12 22 25 27 26 29 30 24 28 23 21 35 32 36 40 38 31 34 39 33 37 47 42 45 41 44 48 43 46 49 50 57 56 51 53 60 54 59 58 52 55 65 63 64 69 70 68 66 62 67 61 74 80 73 78 76 71 72 79 75 77  2  3  8  9 10  1  7  4  6  5
 40 35 31 36 33 34 39 37 38 32 42 45 47 46 49 50 44 48 43 41 55 52 56 60 58 51 54 59 53 57 67 62 65 61 64 68 63 66 69 70 77 76 71 73 80 74 79 78 72 75  5  3  4  9 10  8  6  2  7  1 14 20 13 18 16 11 12 19 15 17 22 23 28 29 30 21 27 24 26 25
 50 45 41 46 43 44 49 47 48 42 52 55 57 56 59 60 54 58 53 51 65 62 66 70 68 61 64 69 63 67 77 72 75 71 74 78 73 76 79 80  7  6  1  3 10  4  9  8  2  5 15 13 14 19 20 18 16 12 17 11 24 30 23 28 26 21 22 29 25 27 32 33 38 39 40 31 37 34 36 35
 10  5  1  6  3  4  9  7  8  2 12 15 17 16 19 20 14 18 13 11 25 22 26 30 28 21 24 29 23 27 37 32 35 31 34 38 33 36 39 40 47 46 41 43 50 44 49 48 42 45 55 53 54 59 60 58 56 52 57 51 64 70 63 68 66 61 62 69 65 67 72 73 78 79 80 71 77 74 76 75
 30 25 21 26 23 24 29 27 28 22 32 35 37 36 39 40 34 38 33 31 45 42 46 50 48 41 44 49 43 47 57 52 55 51 54 58 53 56 59 60 67 66 61 63 70 64 69 68 62 65 75 73 74 79 80 78 76 72 77 71  4 10  3  8  6  1  2  9  5  7 12 13 18 19 20 11 17 14 16 15
 60 55 51 56 53 54 59 57 58 52 62 65 67 66 69 70 64 68 63 61 75 72 76 80 78 71 74 79 73 77  7  2  5  1  4  8  3  6  9 10 17 16 11 13 20 14 19 18 12 15 25 23 24 29 30 28 26 22 27 21 34 40 33 38 36 31 32 39 35 37 42 43 48 49 50 41 47 44 46 45
 61 66 62 67 64 65 70 68 69 63 73 76 78 77 80 71 75 79 74 72  6  3  7  1  9  2  5 10  4  8 18 13 16 12 15 19 14 17 20 11 28 27 22 24 21 25 30 29 23 26 36 34 35 40 31 39 37 33 38 32 45 41 44 49 47 42 43 50 46 48 53 54 59 60 51 52 58 55 57 56
 41 46 42 47 44 45 50 48 49 43 53 56 58 57 60 51 55 59 54 52 66 63 67 61 69 62 65 70 64 68 78 73 76 72 75 79 74 77 80 71  8  7  2  4  1  5 10  9  3  6 16 14 15 20 11 19 17 13 18 12 25 21 24 29 27 22 23 30 26 28 33 34 39 40 31 32 38 35 37 36
 11 16 12 17 14 15 20 18 19 13 23 26 28 27 30 21 25 29 24 22 36 33 37 31 39 32 35 40 34 38 48 43 46 42 45 49 44 47 50 41 58 57 52 54 51 55 60 59 53 56 66 64 65 70 61 69 67 63 68 62 75 71 74 79 77 72 73 80 76 78  3  4  9 10  1  2  8  5  7  6
 21 26 22 27 24 25 30 28 29 23 33 36 38 37 40 31 35 39 34 32 46 43 47 41 49 42 45 50 44 48 58 53 56 52 55 59 54 57 60 51 68 67 62 64 61 65 70 69 63 66 76 74 75 80 71 79 77 73 78 72  5  1  4  9  7  2  3 10  6  8 13 14 19 20 11 12 18 15 17 16
 51 56 52 57 54 55 60 58 59 53 63 66 68 67 70 61 65 69 64 62 76 73 77 71 79 72 75 80 74 78  8  3  6  2  5  9  4  7 10  1 18 17 12 14 11 15 20 19 13 16 26 24 25 30 21 29 27 23 28 22 35 31 34 39 37 32 33 40 36 38 43 44 49 50 41 42 48 45 47 46
 71 76 72 77 74 75 80 78 79 73  3  6  8  7 10  1  5  9  4  2 16 13 17 11 19 12 15 20 14 18 28 23 26 22 25 29 24 27 30 21 38 37 32 34 31 35 40 39 33 36 46 44 45 50 41 49 47 43 48 42 55 51 54 59 57 52 53 60 56 58 63 64 69 70 61 62 68 65 67 66
 31 36 32 37 34 35 40 38 39 33 43 46 48 47 50 41 45 49 44 42 56 53 57 51 59 52 55 60 54 58 68 63 66 62 65 69 64 67 70 61 78 77 72 74 71 75 80 79 73 76  6  4  5 10  1  9  7  3  8  2 15 11 14 19 17 12 13 20 16 18 23 24 29 30 21 22 28 25 27 26
  1  6  2  7  4  5 10  8  9  3 13 16 18 17 20 11 15 19 14 12 26 23 27 21 29 22 25 30 24 28 38 33 36 32 35 39 34 37 40 31 48 47 42 44 41 45 50 49 43 46 56 54 55 60 51 59 57 53 58 52 65 61 64 69 67 62 63 70 66 68 73 74 79 80 71 72 78 75 77 76
 22 27 23 28 25 26 21 29 30 24 34 37 39 38 31 32 36 40 35 33 47 44 48 42 50 43 46 41 45 49 59 54 57 53 56 60 55 58 51 52 69 68 63 65 62 66 61 70 64 67 77 75 76 71 72 80 78 74 79 73  6  2  5 10  8  3  4  1  7  9 14 15 20 11 12 13 19 16 18 17
 52 57 53 58 55 56 51 59 60 54 64 67 69 68 61 62 66 70 65 63 77 74 78 72 80 73 76 71 75 79  9  4  7  3  6 10  5  8  1  2 19 18 13 15 12 16 11 20 14 17 27 25 26 21 22 30 28 24 29 23 36 32 35 40 38 33 34 31 37 39 44 45 50 41 42 43 49 46 48 47
 32 37 33 38 35 36 31 39 40 34 44 47 49 48 41 42 46 50 45 43 57 54 58 52 60 53 56 51 55 59 69 64 67 63 66 70 65 68 61 62 79 78 73 75 72 76 71 80 74 77  7  5  6  1  2 10  8  4  9  3 16 12 15 20 18 13 14 11 17 19 24 25 30 21 22 23 29 26 28 27
  2  7  3  8  5  6  1  9 10  4 14 17 19 18 11 12 16 20 15 13 27 24 28 22 30 23 26 21 25 29 39 34 37 33 36 40 35 38 31 32 49 48 43 45 42 46 41 50 44 47 57 55 56 51 52 60 58 54 59 53 66 62 65 70 68 63 64 61 67 69 74 75 80 71 72 73 79 76 78 77
 42 47 43 48 45 46 41 49 50 44 54 57 59 58 51 52 56 60 55 53 67 64 68 62 70 63 66 61 65 69 79 74 77 73 76 80 75 78 71 72  9  8  3  5  2  6  1 10  4  7 17 15 16 11 12 20 18 14 19 13 26 22 25 30 28 23 24 21 27 29 34 35 40 31 32 33 39 36 38 37
 12 17 13 18 15 16 11 19 20 14 24 27 29 28 21 22 26 30 25 23 37 34 38 32 40 33 36 31 35 39 49 44 47 43 46 50 45 48 41 42 59 58 53 55 52 56 51 60 54 57 67 65 66 61 62 70 68 64 69 63 76 72 75 80 78 73 74 71 77 79  4  5 10  1  2  3  9  6  8  7
 62 67 63 68 65 66 61 69 70 64 74 77 79 78 71 72 76 80 75 73  7  4  8  2 10  3  6  1  5  9 19 14 17 13 16 20 15 18 11 12 29 28 23 25 22 26 21 30 24 27 37 35 36 31 32 40 38 34 39 33 46 42 45 50 48 43 44 41 47 49 54 55 60 51 52 53 59 56 58 57
 72 77 73 78 75 76 71 79 80 74  4  7  9  8  1  2  6 10  5  3 17 14 18 12 20 13 16 11 15 19 29 24 27 23 26 30 25 28 21 22 39 38 33 35 32 36 31 40 34 37 47 45 46 41 42 50 48 44 49 43 56 52 55 60 58 53 54 51 57 59 64 65 70 61 62 63 69 66 68 67
 23 28 24 29 26 27 22 30 21 25 35 38 40 39 32 33 37 31 36 34 48 45 49 43 41 44 47 42 46 50 60 55 58 54 57 51 56 59 52 53 70 69 64 66 63 67 62 61 65 68 78 76 77 72 73 71 79 75 80 74  7  3  6  1  9  4  5  2  8 10 15 16 11 12 13 14 20 17 19 18
 33 38 34 39 36 37 32 40 31 35 45 48 50 49 42 43 47 41 46 44 58 55 59 53 51 54 57 52 56 60 70 65 68 64 67 61 66 69 62 63 80 79 74 76 73 77 72 71 75 78  8  6  7  2  3  1  9  5 10  4 17 13 16 11 19 14 15 12 18 20 25 26 21 22 23 24 30 27 29 28
 53 58 54 59 56 57 52 60 51 55 65 68 70 69 62 63 67 61 66 64 78 75 79 73 71 74 77 72 76 80 10  5  8  4  7  1  6  9  2  3 20 19 14 16 13 17 12 11 15 18 28 26 27 22 23 21 29 25 30 24 37 33 36 31 39 34 35 32 38 40 45 46 41 42 43 44 50 47 49 48
  3  8  4  9  6  7  2 10  1  5 15 18 20 19 12 13 17 11 16 14 28 25 29 23 21 24 27 22 26 30 40 35 38 34 37 31 36 39 32 33 50 49 44 46 43 47 42 41 45 48 58 56 57 52 53 51 59 55 60 54 67 63 66 61 69 64 65 62 68 70 75 76 71 72 73 74 80 77 79 78
 43 48 44 49 46 47 42 50 41 45 55 58 60 59 52 53 57 51 56 54 68 65 69 63 61 64 67 62 66 70 80 75 78 74 77 71 76 79 72 73 10  9  4  6  3  7  2  1  5  8 18 16 17 12 13 11 19 15 20 14 27 23 26 21 29 24 25 22 28 30 35 36 31 32 33 34 40 37 39 38
 13 18 14 19 16 17 12 20 11 15 25 28 30 29 22 23 27 21 26 24 38 35 39 33 31 34 37 32 36 40 50 45 48 44 47 41 46 49 42 43 60 59 54 56 53 57 52 51 55 58 68 66 67 62 63 61 69 65 70 64 77 73 76 71 79 74 75 72 78 80  5  6  1  2  3  4 10  7  9  8
 73 78 74 79 76 77 72 80 71 75  5  8 10  9  2  3  7  1  6  4 18 15 19 13 11 14 17 12 16 20 30 25 28 24 27 21 26 29 22 23 40 39 34 36 33 37 32 31 35 38 48 46 47 42 43 41 49 45 50 44 57 53 56 51 59 54 55 52 58 60 65 66 61 62 63 64 70 67 69 68
 63 68 64 69 66 67 62 70 61 65 75 78 80 79 72 73 77 71 76 74  8  5  9  3  1  4  7  2  6 10 20 15 18 14 17 11 16 19 12 13 30 29 24 26 23 27 22 21 25 28 38 36 37 32 33 31 39 35 40 34 47 43 46 41 49 44 45 42 48 50 55 56 51 52 53 54 60 57 59 58
  4  9  5 10  7  8  3  1  2  6 16 19 11 20 13 14 18 12 17 15 29 26 30 24 22 25 28 23 27 21 31 36 39 35 38 32 37 40 33 34 41 50 45 47 44 48 43 42 46 49 59 57 58 53 54 52 60 56 51 55 68 64 67 62 70 65 66 63 69 61 76 77 72 73 74 75 71 78 80 79
 74 79 75 80 77 78 73 71 72 76  6  9  1 10  3  4  8  2  7  5 19 16 20 14 12 15 18 13 17 11 21 26 29 25 28 22 27 30 23 24 31 40 35 37 34 38 33 32 36 39 49 47 48 43 44 42 50 46 41 45 58 54 57 52 60 55 56 53 59 51 66 67 62 63 64 65 61 68 70 69
 14 19 15 20 17 18 13 11 12 16 26 29 21 30 23 24 28 22 27 25 39 36 40 34 32 35 38 33 37 31 41 46 49 45 48 42 47 50 43 44 51 60 55 57 54 58 53 52 56 59 69 67 68 63 64 62 70 66 61 65 78 74 77 72 80 75 76 73 79 71  6  7  2  3  4  5  1  8 10  9
 64 69 65 70 67 68 63 61 62 66 76 79 71 80 73 74 78 72 77 75  9  6 10  4  2  5  8  3  7  1 11 16 19 15 18 12 17 20 13 14 21 30 25 27 24 28 23 22 26 29 39 37 38 33 34 32 40 36 31 35 48 44 47 42 50 45 46 43 49 41 56 57 52 53 54 55 51 58 60 59
 24 29 25 30 27 28 23 21 22 26 36 39 31 40 33 34 38 32 37 35 49 46 50 44 42 45 48 43 47 41 51 56 59 55 58 52 57 60 53 54 61 70 65 67 64 68 63 62 66 69 79 77 78 73 74 72 80 76 71 75  8  4  7  2 10  5  6  3  9  1 16 17 12 13 14 15 11 18 20 19
 54 59 55 60 57 58 53 51 52 56 66 69 61 70 63 64 68 62 67 65 79 76 80 74 72 75 78 73 77 71  1  6  9  5  8  2  7 10  3  4 11 20 15 17 14 18 13 12 16 19 29 27 28 23 24 22 30 26 21 25 38 34 37 32 40 35 36 33 39 31 46 47 42 43 44 45 41 48 50 49
 34 39 35 40 37 38 33 31 32 36 46 49 41 50 43 44 48 42 47 45 59 56 60 54 52 55 58 53 57 51 61 66 69 65 68 62 67 70 63 64 71 80 75 77 74 78 73 72 76 79  9  7  8  3  4  2 10  6  1  5 18 14 17 12 20 15 16 13 19 11 26 27 22 23 24 25 21 28 30 29
 44 49 45 50 47 48 43 41 42 46 56 59 51 60 53 54 58 52 57 55 69 66 70 64 62 65 68 63 67 61 71 76 79 75 78 72 77 80 73 74  1 10  5  7  4  8  3  2  6  9 19 17 18 13 14 12 20 16 11 15 28 24 27 22 30 25 26 23 29 21 36 37 32 33 34 35 31 38 40 39
 15 20 16 11 18 19 14 12 13 17 27 30 22 21 24 25 29 23 28 26 40 37 31 35 33 36 39 34 38 32 42 47 50 46 49 43 48 41 44 45 52 51 56 58 55 59 54 53 57 60 70 68 69 64 65 63 61 67 62 66 79 75 78 73 71 76 77 74 80 72  7  8  3  4  5  6  2  9  1 10
 75 80 76 71 78 79 74 72 73 77  7 10  2  1  4  5  9  3  8  6 20 17 11 15 13 16 19 14 18 12 22 27 30 26 29 23 28 21 24 25 32 31 36 38 35 39 34 33 37 40 50 48 49 44 45 43 41 47 42 46 59 55 58 53 51 56 57 54 60 52 67 68 63 64 65 66 62 69 61 70
 25 30 26 21 28 29 24 22 23 27 37 40 32 31 34 35 39 33 38 36 50 47 41 45 43 46 49 44 48 42 52 57 60 56 59 53 58 51 54 55 62 61 66 68 65 69 64 63 67 70 80 78 79 74 75 73 71 77 72 76  9  5  8  3  1  6  7  4 10  2 17 18 13 14 15 16 12 19 11 20
 55 60 56 51 58 59 54 52 53 57 67 70 62 61 64 65 69 63 68 66 80 77 71 75 73 76 79 74 78 72  2  7 10  6  9  3  8  1  4  5 12 11 16 18 15 19 14 13 17 20 30 28 29 24 25 23 21 27 22 26 39 35 38 33 31 36 37 34 40 32 47 48 43 44 45 46 42 49 41 50
 65 70 66 61 68 69 64 62 63 67 77 80 72 71 74 75 79 73 78 76 10  7  1  5  3  6  9  4  8  2 12 17 20 16 19 13 18 11 14 15 22 21 26 28 25 29 24 23 27 30 40 38 39 34 35 33 31 37 32 36 49 45 48 43 41 46 47 44 50 42 57 58 53 54 55 56 52 59 51 60
 35 40 36 31 38 39 34 32 33 37 47 50 42 41 44 45 49 43 48 46 60 57 51 55 53 56 59 54 58 52 62 67 70 66 69 63 68 61 64 65 72 71 76 78 75 79 74 73 77 80 10  8  9  4  5  3  1  7  2  6 19 15 18 13 11 16 17 14 20 12 27 28 23 24 25 26 22 29 21 30
  5 10  6  1  8  9  4  2  3  7 17 20 12 11 14 15 19 13 18 16 30 27 21 25 23 26 29 24 28 22 32 37 40 36 39 33 38 31 34 35 42 41 46 48 45 49 44 43 47 50 60 58 59 54 55 53 51 57 52 56 69 65 68 63 61 66 67 64 70 62 77 78 73 74 75 76 72 79 71 80
 45 50 46 41 48 49 44 42 43 47 57 60 52 51 54 55 59 53 58 56 70 67 61 65 63 66 69 64 68 62 72 77 80 76 79 73 78 71 74 75  2  1  6  8  5  9  4  3  7 10 20 18 19 14 15 13 11 17 12 16 29 25 28 23 21 26 27 24 30 22 37 38 33 34 35 36 32 39 31 40
 66 61 67 62 69 70 65 63 64 68 78 71 73 72 75 76 80 74 79 77  1  8  2  6  4  7 10  5  9  3 13 18 11 17 20 14 19 12 15 16 23 22 27 29 26 30 25 24 28 21 31 39 40 35 36 34 32 38 33 37 50 46 49 44 42 47 48 45 41 43 58 59 54 55 56 57 53 60 52 51
 76 71 77 72 79 80 75 73 74 78  8  1  3  2  5  6 10  4  9  7 11 18 12 16 14 17 20 15 19 13 23 28 21 27 30 24 29 22 25 26 33 32 37 39 36 40 35 34 38 31 41 49 50 45 46 44 42 48 43 47 60 56 59 54 52 57 58 55 51 53 68 69 64 65 66 67 63 70 62 61
 16 11 17 12 19 20 15 13 14 18 28 21 23 22 25 26 30 24 29 27 31 38 32 36 34 37 40 35 39 33 43 48 41 47 50 44 49 42 45 46 53 52 57 59 56 60 55 54 58 51 61 69 70 65 66 64 62 68 63 67 80 76 79 74 72 77 78 75 71 73  8  9  4  5  6  7  3 10  2  1
 46 41 47 42 49 50 45 43 44 48 58 51 53 52 55 56 60 54 59 57 61 68 62 66 64 67 70 65 69 63 73 78 71 77 80 74 79 72 75 76  3  2  7  9  6 10  5  4  8  1 11 19 20 15 16 14 12 18 13 17 30 26 29 24 22 27 28 25 21 23 38 39 34 35 36 37 33 40 32 31
 36 31 37 32 39 40 35 33 34 38 48 41 43 42 45 46 50 44 49 47 51 58 52 56 54 57 60 55 59 53 63 68 61 67 70 64 69 62 65 66 73 72 77 79 76 80 75 74 78 71  1  9 10  5  6  4  2  8  3  7 20 16 19 14 12 17 18 15 11 13 28 29 24 25 26 27 23 30 22 21
 56 51 57 52 59 60 55 53 54 58 68 61 63 62 65 66 70 64 69 67 71 78 72 76 74 77 80 75 79 73  3  8  1  7 10  4  9  2  5  6 13 12 17 19 16 20 15 14 18 11 21 29 30 25 26 24 22 28 23 27 40 36 39 34 32 37 38 35 31 33 48 49 44 45 46 47 43 50 42 41
  6  1  7  2  9 10  5  3  4  8 18 11 13 12 15 16 20 14 19 17 21 28 22 26 24 27 30 25 29 23 33 38 31 37 40 34 39 32 35 36 43 42 47 49 46 50 45 44 48 41 51 59 60 55 56 54 52 58 53 57 70 66 69 64 62 67 68 65 61 63 78 79 74 75 76 77 73 80 72 71
 26 21 27 22 29 30 25 23 24 28 38 31 33 32 35 36 40 34 39 37 41 48 42 46 44 47 50 45 49 43 53 58 51 57 60 54 59 52 55 56 63 62 67 69 66 70 65 64 68 61 71 79 80 75 76 74 72 78 73 77 10  6  9  4  2  7  8  5  1  3 18 19 14 15 16 17 13 20 12 11
 27 22 28 23 30 21 26 24 25 29 39 32 34 33 36 37 31 35 40 38 42 49 43 47 45 48 41 46 50 44 54 59 52 58 51 55 60 53 56 57 64 63 68 70 67 61 66 65 69 62 72 80 71 76 77 75 73 79 74 78  1  7 10  5  3  8  9  6  2  4 19 20 15 16 17 18 14 11 13 12
 17 12 18 13 20 11 16 14 15 19 29 22 24 23 26 27 21 25 30 28 32 39 33 37 35 38 31 36 40 34 44 49 42 48 41 45 50 43 46 47 54 53 58 60 57 51 56 55 59 52 62 70 61 66 67 65 63 69 64 68 71 77 80 75 73 78 79 76 72 74  9 10  5  6  7  8  4  1  3  2
 77 72 78 73 80 71 76 74 75 79  9  2  4  3  6  7  1  5 10  8 12 19 13 17 15 18 11 16 20 14 24 29 22 28 21 25 30 23 26 27 34 33 38 40 37 31 36 35 39 32 42 50 41 46 47 45 43 49 44 48 51 57 60 55 53 58 59 56 52 54 69 70 65 66 67 68 64 61 63 62
 57 52 58 53 60 51 56 54 55 59 69 62 64 63 66 67 61 65 70 68 72 79 73 77 75 78 71 76 80 74  4  9  2  8  1  5 10  3  6  7 14 13 18 20 17 11 16 15 19 12 22 30 21 26 27 25 23 29 24 28 31 37 40 35 33 38 39 36 32 34 49 50 45 46 47 48 44 41 43 42
  7  2  8  3 10  1  6  4  5  9 19 12 14 13 16 17 11 15 20 18 22 29 23 27 25 28 21 26 30 24 34 39 32 38 31 35 40 33 36 37 44 43 48 50 47 41 46 45 49 42 52 60 51 56 57 55 53 59 54 58 61 67 70 65 63 68 69 66 62 64 79 80 75 76 77 78 74 71 73 72
 37 32 38 33 40 31 36 34 35 39 49 42 44 43 46 47 41 45 50 48 52 59 53 57 55 58 51 56 60 54 64 69 62 68 61 65 70 63 66 67 74 73 78 80 77 71 76 75 79 72  2 10  1  6  7  5  3  9  4  8 11 17 20 15 13 18 19 16 12 14 29 30 25 26 27 28 24 21 23 22
 67 62 68 63 70 61 66 64 65 69 79 72 74 73 76 77 71 75 80 78  2  9  3  7  5  8  1  6 10  4 14 19 12 18 11 15 20 13 16 17 24 23 28 30 27 21 26 25 29 22 32 40 31 36 37 35 33 39 34 38 41 47 50 45 43 48 49 46 42 44 59 60 55 56 57 58 54 51 53 52
 47 42 48 43 50 41 46 44 45 49 59 52 54 53 56 57 51 55 60 58 62 69 63 67 65 68 61 66 70 64 74 79 72 78 71 75 80 73 76 77  4  3  8 10  7  1  6  5  9  2 12 20 11 16 17 15 13 19 14 18 21 27 30 25 23 28 29 26 22 24 39 40 35 36 37 38 34 31 33 32
 38 33 39 34 31 32 37 35 36 40 50 43 45 44 47 48 42 46 41 49 53 60 54 58 56 59 52 57 51 55 65 70 63 69 62 66 61 64 67 68 75 74 79 71 78 72 77 76 80 73  3  1  2  7  8  6  4 10  5  9 12 18 11 16 14 19 20 17 13 15 30 21 26 27 28 29 25 22 24 23
 28 23 29 24 21 22 27 25 26 30 40 33 35 34 37 38 32 36 31 39 43 50 44 48 46 49 42 47 41 45 55 60 53 59 52 56 51 54 57 58 65 64 69 61 68 62 67 66 70 63 73 71 72 77 78 76 74 80 75 79  2  8  1  6  4  9 10  7  3  5 20 11 16 17 18 19 15 12 14 13
 18 13 19 14 11 12 17 15 16 20 30 23 25 24 27 28 22 26 21 29 33 40 34 38 36 39 32 37 31 35 45 50 43 49 42 46 41 44 47 48 55 54 59 51 58 52 57 56 60 53 63 61 62 67 68 66 64 70 65 69 72 78 71 76 74 79 80 77 73 75 10  1  6  7  8  9  5  2  4  3
 58 53 59 54 51 52 57 55 56 60 70 63 65 64 67 68 62 66 61 69 73 80 74 78 76 79 72 77 71 75  5 10  3  9  2  6  1  4  7  8 15 14 19 11 18 12 17 16 20 13 23 21 22 27 28 26 24 30 25 29 32 38 31 36 34 39 40 37 33 35 50 41 46 47 48 49 45 42 44 43
 48 43 49 44 41 42 47 45 46 50 60 53 55 54 57 58 52 56 51 59 63 70 64 68 66 69 62 67 61 65 75 80 73 79 72 76 71 74 77 78  5  4  9  1  8  2  7  6 10  3 13 11 12 17 18 16 14 20 15 19 22 28 21 26 24 29 30 27 23 25 40 31 36 37 38 39 35 32 34 33
 68 63 69 64 61 62 67 65 66 70 80 73 75 74 77 78 72 76 71 79  3 10  4  8  6  9  2  7  1  5 15 20 13 19 12 16 11 14 17 18 25 24 29 21 28 22 27 26 30 23 33 31 32 37 38 36 34 40 35 39 42 48 41 46 44 49 50 47 43 45 60 51 56 57 58 59 55 52 54 53
  8  3  9  4  1  2  7  5  6 10 20 13 15 14 17 18 12 16 11 19 23 30 24 28 26 29 22 27 21 25 35 40 33 39 32 36 31 34 37 38 45 44 49 41 48 42 47 46 50 43 53 51 52 57 58 56 54 60 55 59 62 68 61 66 64 69 70 67 63 65 80 71 76 77 78 79 75 72 74 73
 78 73 79 74 71 72 77 75 76 80 10  3  5  4  7  8  2  6  1  9 13 20 14 18 16 19 12 17 11 15 25 30 23 29 22 26 21 24 27 28 35 34 39 31 38 32 37 36 40 33 43 41 42 47 48 46 44 50 45 49 52 58 51 56 54 59 60 57 53 55 70 61 66 67 68 69 65 62 64 63
