 11 13 14 18 17 16 15 12 20 19 29 21 26 30 28 27 22 24 23 25 32 40 39 34 31 38 37 36 33 35 41 44 42 48 45 50 43 46 47 49 60 51 53 54 59 55 57 58 56 52 64 65 70 62 68 63 66 67 61 69 80 78 75 76 71 72 74 73 77 79  1  3  5  6  2 10  7  4  8  9
 41 43 44 48 47 46 45 42 50 49 59 51 56 60 58 57 52 54 53 55 62 70 69 64 61 68 67 66 63 65 71 74 72 78 75 80 73 76 77 79 10  1  3  4  9  5  7  8  6  2 14 15 20 12 18 13 16 17 11 19 30 28 25 26 21 22 24 23 27 29 31 33 35 36 32 40 37 34 38 39
 71 73 74 78 77 76 75 72 80 79  9  1  6 10  8  7  2  4  3  5 12 20 19 14 11 18 17 16 13 15 21 24 22 28 25 30 23 26 27 29 40 31 33 34 39 35 37 38 36 32 44 45 50 42 48 43 46 47 41 49 60 58 55 56 51 52 54 53 57 59 61 63 65 66 62 70 67 64 68 69
 31 33 34 38 37 36 35 32 40 39 49 41 46 50 48 47 42 44 43 45 52 60 59 54 51 58 57 56 53 55 61 64 62 68 65 70 63 66 67 69 80 71 73 74 79 75 77 78 76 72  4  5 10  2  8  3  6  7  1  9 20 18 15 16 11 12 14 13 17 19 21 23 25 26 22 30 27 24 28 29
 21 23 24 28 27 26 25 22 30 29 39 31 36 40 38 37 32 34 33 35 42 50 49 44 41 48 47 46 43 45 51 54 52 58 55 60 53 56 57 59 70 61 63 64 69 65 67 68 66 62 74 75 80 72 78 73 76 77 71 79 10  8  5  6  1  2  4  3  7  9 11 13 15 16 12 20 17 14 18 19
 61 63 64 68 67 66 65 62 70 69 79 71 76 80 78 77 72 74 73 75  2 10  9  4  1  8  7  6  3  5 11 14 12 18 15 20 13 16 17 19 30 21 23 24 29 25 27 28 26 22 34 35 40 32 38 33 36 37 31 39 50 48 45 46 41 42 44 43 47 49 51 53 55 56 52 60 57 54 58 59
 51 53 54 58 57 56 55 52 60 59 69 61 66 70 68 67 62 64 63 65 72 80 79 74 71 78 77 76 73 75  1  4  2  8  5 10  3  6  7  9 20 11 13 14 19 15 17 18 16 12 24 25 30 22 28 23 26 27 21 29 40 38 35 36 31 32 34 33 37 39 41 43 45 46 42 50 47 44 48 49
  1  3  4  8  7  6  5  2 10  9 19 11 16 20 18 17 12 14 13 15 22 30 29 24 21 28 27 26 23 25 31 34 32 38 35 40 33 36 37 39 50 41 43 44 49 45 47 48 46 42 54 55 60 52 58 53 56 57 51 59 70 68 65 66 61 62 64 63 67 69 71 73 75 76 72 80 77 74 78 79
 22 24 25 29 28 27 26 23 21 30 40 32 37 31 39 38 33 35 34 36 43 41 50 45 42 49 48 47 44 46 52 55 53 59 56 51 54 57 58 60 61 62 64 65 70 66 68 69 67 63 75 76 71 73 79 74 77 78 72 80  1  9  6  7  2  3  5  4  8 10 12 14 16 17 13 11 18 15 19 20
 62 64 65 69 68 67 66 63 61 70 80 72 77 71 79 78 73 75 74 76  3  1 10  5  2  9  8  7  4  6 12 15 13 19 16 11 14 17 18 20 21 22 24 25 30 26 28 29 27 23 35 36 31 33 39 34 37 38 32 40 41 49 46 47 42 43 45 44 48 50 52 54 56 57 53 51 58 55 59 60
  2  4  5  9  8  7  6  3  1 10 20 12 17 11 19 18 13 15 14 16 23 21 30 25 22 29 28 27 24 26 32 35 33 39 36 31 34 37 38 40 41 42 44 45 50 46 48 49 47 43 55 56 51 53 59 54 57 58 52 60 61 69 66 67 62 63 65 64 68 70 72 74 76 77 73 71 78 75 79 80
 32 34 35 39 38 37 36 33 31 40 50 42 47 41 49 48 43 45 44 46 53 51 60 55 52 59 58 57 54 56 62 65 63 69 66 61 64 67 68 70 71 72 74 75 80 76 78 79 77 73  5  6  1  3  9  4  7  8  2 10 11 19 16 17 12 13 15 14 18 20 22 24 26 27 23 21 28 25 29 30
 42 44 45 49 48 47 46 43 41 50 60 52 57 51 59 58 53 55 54 56 63 61 70 65 62 69 68 67 64 66 72 75 73 79 76 71 74 77 78 80  1  2  4  5 10  6  8  9  7  3 15 16 11 13 19 14 17 18 12 20 21 29 26 27 22 23 25 24 28 30 32 34 36 37 33 31 38 35 39 40
 52 54 55 59 58 57 56 53 51 60 70 62 67 61 69 68 63 65 64 66 73 71 80 75 72 79 78 77 74 76  2  5  3  9  6  1  4  7  8 10 11 12 14 15 20 16 18 19 17 13 25 26 21 23 29 24 27 28 22 30 31 39 36 37 32 33 35 34 38 40 42 44 46 47 43 41 48 45 49 50
 12 14 15 19 18 17 16 13 11 20 30 22 27 21 29 28 23 25 24 26 33 31 40 35 32 39 38 37 34 36 42 45 43 49 46 41 44 47 48 50 51 52 54 55 60 56 58 59 57 53 65 66 61 63 69 64 67 68 62 70 71 79 76 77 72 73 75 74 78 80  2  4  6  7  3  1  8  5  9 10
 72 74 75 79 78 77 76 73 71 80 10  2  7  1  9  8  3  5  4  6 13 11 20 15 12 19 18 17 14 16 22 25 23 29 26 21 24 27 28 30 31 32 34 35 40 36 38 39 37 33 45 46 41 43 49 44 47 48 42 50 51 59 56 57 52 53 55 54 58 60 62 64 66 67 63 61 68 65 69 70
 73 75 76 80 79 78 77 74 72 71  1  3  8  2 10  9  4  6  5  7 14 12 11 16 13 20 19 18 15 17 23 26 24 30 27 22 25 28 29 21 32 33 35 36 31 37 39 40 38 34 46 47 42 44 50 45 48 49 43 41 52 60 57 58 53 54 56 55 59 51 63 65 67 68 64 62 69 66 70 61
 13 15 16 20 19 18 17 14 12 11 21 23 28 22 30 29 24 26 25 27 34 32 31 36 33 40 39 38 35 37 43 46 44 50 47 42 45 48 49 41 52 53 55 56 51 57 59 60 58 54 66 67 62 64 70 65 68 69 63 61 72 80 77 78 73 74 76 75 79 71  3  5  7  8  4  2  9  6 10  1
 43 45 46 50 49 48 47 44 42 41 51 53 58 52 60 59 54 56 55 57 64 62 61 66 63 70 69 68 65 67 73 76 74 80 77 72 75 78 79 71  2  3  5  6  1  7  9 10  8  4 16 17 12 14 20 15 18 19 13 11 22 30 27 28 23 24 26 25 29 21 33 35 37 38 34 32 39 36 40 31
 53 55 56 60 59 58 57 54 52 51 61 63 68 62 70 69 64 66 65 67 74 72 71 76 73 80 79 78 75 77  3  6  4 10  7  2  5  8  9  1 12 13 15 16 11 17 19 20 18 14 26 27 22 24 30 25 28 29 23 21 32 40 37 38 33 34 36 35 39 31 43 45 47 48 44 42 49 46 50 41
  3  5  6 10  9  8  7  4  2  1 11 13 18 12 20 19 14 16 15 17 24 22 21 26 23 30 29 28 25 27 33 36 34 40 37 32 35 38 39 31 42 43 45 46 41 47 49 50 48 44 56 57 52 54 60 55 58 59 53 51 62 70 67 68 63 64 66 65 69 61 73 75 77 78 74 72 79 76 80 71
 33 35 36 40 39 38 37 34 32 31 41 43 48 42 50 49 44 46 45 47 54 52 51 56 53 60 59 58 55 57 63 66 64 70 67 62 65 68 69 61 72 73 75 76 71 77 79 80 78 74  6  7  2  4 10  5  8  9  3  1 12 20 17 18 13 14 16 15 19 11 23 25 27 28 24 22 29 26 30 21
 23 25 26 30 29 28 27 24 22 21 31 33 38 32 40 39 34 36 35 37 44 42 41 46 43 50 49 48 45 47 53 56 54 60 57 52 55 58 59 51 62 63 65 66 61 67 69 70 68 64 76 77 72 74 80 75 78 79 73 71  2 10  7  8  3  4  6  5  9  1 13 15 17 18 14 12 19 16 20 11
 63 65 66 70 69 68 67 64 62 61 71 73 78 72 80 79 74 76 75 77  4  2  1  6  3 10  9  8  5  7 13 16 14 20 17 12 15 18 19 11 22 23 25 26 21 27 29 30 28 24 36 37 32 34 40 35 38 39 33 31 42 50 47 48 43 44 46 45 49 41 53 55 57 58 54 52 59 56 60 51
 64 66 67 61 70 69 68 65 63 62 72 74 79 73 71 80 75 77 76 78  5  3  2  7  4  1 10  9  6  8 14 17 15 11 18 13 16 19 20 12 23 24 26 27 22 28 30 21 29 25 37 38 33 35 31 36 39 40 34 32 43 41 48 49 44 45 47 46 50 42 54 56 58 59 55 53 60 57 51 52
 14 16 17 11 20 19 18 15 13 12 22 24 29 23 21 30 25 27 26 28 35 33 32 37 34 31 40 39 36 38 44 47 45 41 48 43 46 49 50 42 53 54 56 57 52 58 60 51 59 55 67 68 63 65 61 66 69 70 64 62 73 71 78 79 74 75 77 76 80 72  4  6  8  9  5  3 10  7  1  2
 44 46 47 41 50 49 48 45 43 42 52 54 59 53 51 60 55 57 56 58 65 63 62 67 64 61 70 69 66 68 74 77 75 71 78 73 76 79 80 72  3  4  6  7  2  8 10  1  9  5 17 18 13 15 11 16 19 20 14 12 23 21 28 29 24 25 27 26 30 22 34 36 38 39 35 33 40 37 31 32
 54 56 57 51 60 59 58 55 53 52 62 64 69 63 61 70 65 67 66 68 75 73 72 77 74 71 80 79 76 78  4  7  5  1  8  3  6  9 10  2 13 14 16 17 12 18 20 11 19 15 27 28 23 25 21 26 29 30 24 22 33 31 38 39 34 35 37 36 40 32 44 46 48 49 45 43 50 47 41 42
  4  6  7  1 10  9  8  5  3  2 12 14 19 13 11 20 15 17 16 18 25 23 22 27 24 21 30 29 26 28 34 37 35 31 38 33 36 39 40 32 43 44 46 47 42 48 50 41 49 45 57 58 53 55 51 56 59 60 54 52 63 61 68 69 64 65 67 66 70 62 74 76 78 79 75 73 80 77 71 72
 34 36 37 31 40 39 38 35 33 32 42 44 49 43 41 50 45 47 46 48 55 53 52 57 54 51 60 59 56 58 64 67 65 61 68 63 66 69 70 62 73 74 76 77 72 78 80 71 79 75  7  8  3  5  1  6  9 10  4  2 13 11 18 19 14 15 17 16 20 12 24 26 28 29 25 23 30 27 21 22
 74 76 77 71 80 79 78 75 73 72  2  4  9  3  1 10  5  7  6  8 15 13 12 17 14 11 20 19 16 18 24 27 25 21 28 23 26 29 30 22 33 34 36 37 32 38 40 31 39 35 47 48 43 45 41 46 49 50 44 42 53 51 58 59 54 55 57 56 60 52 64 66 68 69 65 63 70 67 61 62
 24 26 27 21 30 29 28 25 23 22 32 34 39 33 31 40 35 37 36 38 45 43 42 47 44 41 50 49 46 48 54 57 55 51 58 53 56 59 60 52 63 64 66 67 62 68 70 61 69 65 77 78 73 75 71 76 79 80 74 72  3  1  8  9  4  5  7  6 10  2 14 16 18 19 15 13 20 17 11 12
 15 17 18 12 11 20 19 16 14 13 23 25 30 24 22 21 26 28 27 29 36 34 33 38 35 32 31 40 37 39 45 48 46 42 49 44 47 50 41 43 54 55 57 58 53 59 51 52 60 56 68 69 64 66 62 67 70 61 65 63 74 72 79 80 75 76 78 77 71 73  5  7  9 10  6  4  1  8  2  3
  5  7  8  2  1 10  9  6  4  3 13 15 20 14 12 11 16 18 17 19 26 24 23 28 25 22 21 30 27 29 35 38 36 32 39 34 37 40 31 33 44 45 47 48 43 49 41 42 50 46 58 59 54 56 52 57 60 51 55 53 64 62 69 70 65 66 68 67 61 63 75 77 79 80 76 74 71 78 72 73
 25 27 28 22 21 30 29 26 24 23 33 35 40 34 32 31 36 38 37 39 46 44 43 48 45 42 41 50 47 49 55 58 56 52 59 54 57 60 51 53 64 65 67 68 63 69 61 62 70 66 78 79 74 76 72 77 80 71 75 73  4  2  9 10  5  6  8  7  1  3 15 17 19 20 16 14 11 18 12 13
 65 67 68 62 61 70 69 66 64 63 73 75 80 74 72 71 76 78 77 79  6  4  3  8  5  2  1 10  7  9 15 18 16 12 19 14 17 20 11 13 24 25 27 28 23 29 21 22 30 26 38 39 34 36 32 37 40 31 35 33 44 42 49 50 45 46 48 47 41 43 55 57 59 60 56 54 51 58 52 53
 35 37 38 32 31 40 39 36 34 33 43 45 50 44 42 41 46 48 47 49 56 54 53 58 55 52 51 60 57 59 65 68 66 62 69 64 67 70 61 63 74 75 77 78 73 79 71 72 80 76  8  9  4  6  2  7 10  1  5  3 14 12 19 20 15 16 18 17 11 13 25 27 29 30 26 24 21 28 22 23
 45 47 48 42 41 50 49 46 44 43 53 55 60 54 52 51 56 58 57 59 66 64 63 68 65 62 61 70 67 69 75 78 76 72 79 74 77 80 71 73  4  5  7  8  3  9  1  2 10  6 18 19 14 16 12 17 20 11 15 13 24 22 29 30 25 26 28 27 21 23 35 37 39 40 36 34 31 38 32 33
 55 57 58 52 51 60 59 56 54 53 63 65 70 64 62 61 66 68 67 69 76 74 73 78 75 72 71 80 77 79  5  8  6  2  9  4  7 10  1  3 14 15 17 18 13 19 11 12 20 16 28 29 24 26 22 27 30 21 25 23 34 32 39 40 35 36 38 37 31 33 45 47 49 50 46 44 41 48 42 43
 75 77 78 72 71 80 79 76 74 73  3  5 10  4  2  1  6  8  7  9 16 14 13 18 15 12 11 20 17 19 25 28 26 22 29 24 27 30 21 23 34 35 37 38 33 39 31 32 40 36 48 49 44 46 42 47 50 41 45 43 54 52 59 60 55 56 58 57 51 53 65 67 69 70 66 64 61 68 62 63
 56 58 59 53 52 51 60 57 55 54 64 66 61 65 63 62 67 69 68 70 77 75 74 79 76 73 72 71 78 80  6  9  7  3 10  5  8  1  2  4 15 16 18 19 14 20 12 13 11 17 29 30 25 27 23 28 21 22 26 24 35 33 40 31 36 37 39 38 32 34 46 48 50 41 47 45 42 49 43 44
 16 18 19 13 12 11 20 17 15 14 24 26 21 25 23 22 27 29 28 30 37 35 34 39 36 33 32 31 38 40 46 49 47 43 50 45 48 41 42 44 55 56 58 59 54 60 52 53 51 57 69 70 65 67 63 68 61 62 66 64 75 73 80 71 76 77 79 78 72 74  6  8 10  1  7  5  2  9  3  4
 26 28 29 23 22 21 30 27 25 24 34 36 31 35 33 32 37 39 38 40 47 45 44 49 46 43 42 41 48 50 56 59 57 53 60 55 58 51 52 54 65 66 68 69 64 70 62 63 61 67 79 80 75 77 73 78 71 72 76 74  5  3 10  1  6  7  9  8  2  4 16 18 20 11 17 15 12 19 13 14
 76 78 79 73 72 71 80 77 75 74  4  6  1  5  3  2  7  9  8 10 17 15 14 19 16 13 12 11 18 20 26 29 27 23 30 25 28 21 22 24 35 36 38 39 34 40 32 33 31 37 49 50 45 47 43 48 41 42 46 44 55 53 60 51 56 57 59 58 52 54 66 68 70 61 67 65 62 69 63 64
 46 48 49 43 42 41 50 47 45 44 54 56 51 55 53 52 57 59 58 60 67 65 64 69 66 63 62 61 68 70 76 79 77 73 80 75 78 71 72 74  5  6  8  9  4 10  2  3  1  7 19 20 15 17 13 18 11 12 16 14 25 23 30 21 26 27 29 28 22 24 36 38 40 31 37 35 32 39 33 34
  6  8  9  3  2  1 10  7  5  4 14 16 11 15 13 12 17 19 18 20 27 25 24 29 26 23 22 21 28 30 36 39 37 33 40 35 38 31 32 34 45 46 48 49 44 50 42 43 41 47 59 60 55 57 53 58 51 52 56 54 65 63 70 61 66 67 69 68 62 64 76 78 80 71 77 75 72 79 73 74
 66 68 69 63 62 61 70 67 65 64 74 76 71 75 73 72 77 79 78 80  7  5  4  9  6  3  2  1  8 10 16 19 17 13 20 15 18 11 12 14 25 26 28 29 24 30 22 23 21 27 39 40 35 37 33 38 31 32 36 34 45 43 50 41 46 47 49 48 42 44 56 58 60 51 57 55 52 59 53 54
 36 38 39 33 32 31 40 37 35 34 44 46 41 45 43 42 47 49 48 50 57 55 54 59 56 53 52 51 58 60 66 69 67 63 70 65 68 61 62 64 75 76 78 79 74 80 72 73 71 77  9 10  5  7  3  8  1  2  6  4 15 13 20 11 16 17 19 18 12 14 26 28 30 21 27 25 22 29 23 24
 77 79 80 74 73 72 71 78 76 75  5  7  2  6  4  3  8 10  9  1 18 16 15 20 17 14 13 12 19 11 27 30 28 24 21 26 29 22 23 25 36 37 39 40 35 31 33 34 32 38 50 41 46 48 44 49 42 43 47 45 56 54 51 52 57 58 60 59 53 55 67 69 61 62 68 66 63 70 64 65
 17 19 20 14 13 12 11 18 16 15 25 27 22 26 24 23 28 30 29 21 38 36 35 40 37 34 33 32 39 31 47 50 48 44 41 46 49 42 43 45 56 57 59 60 55 51 53 54 52 58 70 61 66 68 64 69 62 63 67 65 76 74 71 72 77 78 80 79 73 75  7  9  1  2  8  6  3 10  4  5
 67 69 70 64 63 62 61 68 66 65 75 77 72 76 74 73 78 80 79 71  8  6  5 10  7  4  3  2  9  1 17 20 18 14 11 16 19 12 13 15 26 27 29 30 25 21 23 24 22 28 40 31 36 38 34 39 32 33 37 35 46 44 41 42 47 48 50 49 43 45 57 59 51 52 58 56 53 60 54 55
 57 59 60 54 53 52 51 58 56 55 65 67 62 66 64 63 68 70 69 61 78 76 75 80 77 74 73 72 79 71  7 10  8  4  1  6  9  2  3  5 16 17 19 20 15 11 13 14 12 18 30 21 26 28 24 29 22 23 27 25 36 34 31 32 37 38 40 39 33 35 47 49 41 42 48 46 43 50 44 45
 47 49 50 44 43 42 41 48 46 45 55 57 52 56 54 53 58 60 59 51 68 66 65 70 67 64 63 62 69 61 77 80 78 74 71 76 79 72 73 75  6  7  9 10  5  1  3  4  2  8 20 11 16 18 14 19 12 13 17 15 26 24 21 22 27 28 30 29 23 25 37 39 31 32 38 36 33 40 34 35
 27 29 30 24 23 22 21 28 26 25 35 37 32 36 34 33 38 40 39 31 48 46 45 50 47 44 43 42 49 41 57 60 58 54 51 56 59 52 53 55 66 67 69 70 65 61 63 64 62 68 80 71 76 78 74 79 72 73 77 75  6  4  1  2  7  8 10  9  3  5 17 19 11 12 18 16 13 20 14 15
 37 39 40 34 33 32 31 38 36 35 45 47 42 46 44 43 48 50 49 41 58 56 55 60 57 54 53 52 59 51 67 70 68 64 61 66 69 62 63 65 76 77 79 80 75 71 73 74 72 78 10  1  6  8  4  9  2  3  7  5 16 14 11 12 17 18 20 19 13 15 27 29 21 22 28 26 23 30 24 25
  7  9 10  4  3  2  1  8  6  5 15 17 12 16 14 13 18 20 19 11 28 26 25 30 27 24 23 22 29 21 37 40 38 34 31 36 39 32 33 35 46 47 49 50 45 41 43 44 42 48 60 51 56 58 54 59 52 53 57 55 66 64 61 62 67 68 70 69 63 65 77 79 71 72 78 76 73 80 74 75
 48 50 41 45 44 43 42 49 47 46 56 58 53 57 55 54 59 51 60 52 69 67 66 61 68 65 64 63 70 62 78 71 79 75 72 77 80 73 74 76  7  8 10  1  6  2  4  5  3  9 11 12 17 19 15 20 13 14 18 16 27 25 22 23 28 29 21 30 24 26 38 40 32 33 39 37 34 31 35 36
 78 80 71 75 74 73 72 79 77 76  6  8  3  7  5  4  9  1 10  2 19 17 16 11 18 15 14 13 20 12 28 21 29 25 22 27 30 23 24 26 37 38 40 31 36 32 34 35 33 39 41 42 47 49 45 50 43 44 48 46 57 55 52 53 58 59 51 60 54 56 68 70 62 63 69 67 64 61 65 66
  8 10  1  5  4  3  2  9  7  6 16 18 13 17 15 14 19 11 20 12 29 27 26 21 28 25 24 23 30 22 38 31 39 35 32 37 40 33 34 36 47 48 50 41 46 42 44 45 43 49 51 52 57 59 55 60 53 54 58 56 67 65 62 63 68 69 61 70 64 66 78 80 72 73 79 77 74 71 75 76
 68 70 61 65 64 63 62 69 67 66 76 78 73 77 75 74 79 71 80 72  9  7  6  1  8  5  4  3 10  2 18 11 19 15 12 17 20 13 14 16 27 28 30 21 26 22 24 25 23 29 31 32 37 39 35 40 33 34 38 36 47 45 42 43 48 49 41 50 44 46 58 60 52 53 59 57 54 51 55 56
 18 20 11 15 14 13 12 19 17 16 26 28 23 27 25 24 29 21 30 22 39 37 36 31 38 35 34 33 40 32 48 41 49 45 42 47 50 43 44 46 57 58 60 51 56 52 54 55 53 59 61 62 67 69 65 70 63 64 68 66 77 75 72 73 78 79 71 80 74 76  8 10  2  3  9  7  4  1  5  6
 58 60 51 55 54 53 52 59 57 56 66 68 63 67 65 64 69 61 70 62 79 77 76 71 78 75 74 73 80 72  8  1  9  5  2  7 10  3  4  6 17 18 20 11 16 12 14 15 13 19 21 22 27 29 25 30 23 24 28 26 37 35 32 33 38 39 31 40 34 36 48 50 42 43 49 47 44 41 45 46
 38 40 31 35 34 33 32 39 37 36 46 48 43 47 45 44 49 41 50 42 59 57 56 51 58 55 54 53 60 52 68 61 69 65 62 67 70 63 64 66 77 78 80 71 76 72 74 75 73 79  1  2  7  9  5 10  3  4  8  6 17 15 12 13 18 19 11 20 14 16 28 30 22 23 29 27 24 21 25 26
 28 30 21 25 24 23 22 29 27 26 36 38 33 37 35 34 39 31 40 32 49 47 46 41 48 45 44 43 50 42 58 51 59 55 52 57 60 53 54 56 67 68 70 61 66 62 64 65 63 69 71 72 77 79 75 80 73 74 78 76  7  5  2  3  8  9  1 10  4  6 18 20 12 13 19 17 14 11 15 16
 29 21 22 26 25 24 23 30 28 27 37 39 34 38 36 35 40 32 31 33 50 48 47 42 49 46 45 44 41 43 59 52 60 56 53 58 51 54 55 57 68 69 61 62 67 63 65 66 64 70 72 73 78 80 76 71 74 75 79 77  8  6  3  4  9 10  2  1  5  7 19 11 13 14 20 18 15 12 16 17
  9  1  2  6  5  4  3 10  8  7 17 19 14 18 16 15 20 12 11 13 30 28 27 22 29 26 25 24 21 23 39 32 40 36 33 38 31 34 35 37 48 49 41 42 47 43 45 46 44 50 52 53 58 60 56 51 54 55 59 57 68 66 63 64 69 70 62 61 65 67 79 71 73 74 80 78 75 72 76 77
 69 61 62 66 65 64 63 70 68 67 77 79 74 78 76 75 80 72 71 73 10  8  7  2  9  6  5  4  1  3 19 12 20 16 13 18 11 14 15 17 28 29 21 22 27 23 25 26 24 30 32 33 38 40 36 31 34 35 39 37 48 46 43 44 49 50 42 41 45 47 59 51 53 54 60 58 55 52 56 57
 79 71 72 76 75 74 73 80 78 77  7  9  4  8  6  5 10  2  1  3 20 18 17 12 19 16 15 14 11 13 29 22 30 26 23 28 21 24 25 27 38 39 31 32 37 33 35 36 34 40 42 43 48 50 46 41 44 45 49 47 58 56 53 54 59 60 52 51 55 57 69 61 63 64 70 68 65 62 66 67
 49 41 42 46 45 44 43 50 48 47 57 59 54 58 56 55 60 52 51 53 70 68 67 62 69 66 65 64 61 63 79 72 80 76 73 78 71 74 75 77  8  9  1  2  7  3  5  6  4 10 12 13 18 20 16 11 14 15 19 17 28 26 23 24 29 30 22 21 25 27 39 31 33 34 40 38 35 32 36 37
 39 31 32 36 35 34 33 40 38 37 47 49 44 48 46 45 50 42 41 43 60 58 57 52 59 56 55 54 51 53 69 62 70 66 63 68 61 64 65 67 78 79 71 72 77 73 75 76 74 80  2  3  8 10  6  1  4  5  9  7 18 16 13 14 19 20 12 11 15 17 29 21 23 24 30 28 25 22 26 27
 19 11 12 16 15 14 13 20 18 17 27 29 24 28 26 25 30 22 21 23 40 38 37 32 39 36 35 34 31 33 49 42 50 46 43 48 41 44 45 47 58 59 51 52 57 53 55 56 54 60 62 63 68 70 66 61 64 65 69 67 78 76 73 74 79 80 72 71 75 77  9  1  3  4 10  8  5  2  6  7
 59 51 52 56 55 54 53 60 58 57 67 69 64 68 66 65 70 62 61 63 80 78 77 72 79 76 75 74 71 73  9  2 10  6  3  8  1  4  5  7 18 19 11 12 17 13 15 16 14 20 22 23 28 30 26 21 24 25 29 27 38 36 33 34 39 40 32 31 35 37 49 41 43 44 50 48 45 42 46 47
 80 72 73 77 76 75 74 71 79 78  8 10  5  9  7  6  1  3  2  4 11 19 18 13 20 17 16 15 12 14 30 23 21 27 24 29 22 25 26 28 39 40 32 33 38 34 36 37 35 31 43 44 49 41 47 42 45 46 50 48 59 57 54 55 60 51 53 52 56 58 70 62 64 65 61 69 66 63 67 68
 10  2  3  7  6  5  4  1  9  8 18 20 15 19 17 16 11 13 12 14 21 29 28 23 30 27 26 25 22 24 40 33 31 37 34 39 32 35 36 38 49 50 42 43 48 44 46 47 45 41 53 54 59 51 57 52 55 56 60 58 69 67 64 65 70 61 63 62 66 68 80 72 74 75 71 79 76 73 77 78
 60 52 53 57 56 55 54 51 59 58 68 70 65 69 67 66 61 63 62 64 71 79 78 73 80 77 76 75 72 74 10  3  1  7  4  9  2  5  6  8 19 20 12 13 18 14 16 17 15 11 23 24 29 21 27 22 25 26 30 28 39 37 34 35 40 31 33 32 36 38 50 42 44 45 41 49 46 43 47 48
 50 42 43 47 46 45 44 41 49 48 58 60 55 59 57 56 51 53 52 54 61 69 68 63 70 67 66 65 62 64 80 73 71 77 74 79 72 75 76 78  9 10  2  3  8  4  6  7  5  1 13 14 19 11 17 12 15 16 20 18 29 27 24 25 30 21 23 22 26 28 40 32 34 35 31 39 36 33 37 38
 20 12 13 17 16 15 14 11 19 18 28 30 25 29 27 26 21 23 22 24 31 39 38 33 40 37 36 35 32 34 50 43 41 47 44 49 42 45 46 48 59 60 52 53 58 54 56 57 55 51 63 64 69 61 67 62 65 66 70 68 79 77 74 75 80 71 73 72 76 78 10  2  4  5  1  9  6  3  7  8
 40 32 33 37 36 35 34 31 39 38 48 50 45 49 47 46 41 43 42 44 51 59 58 53 60 57 56 55 52 54 70 63 61 67 64 69 62 65 66 68 79 80 72 73 78 74 76 77 75 71  3  4  9  1  7  2  5  6 10  8 19 17 14 15 20 11 13 12 16 18 30 22 24 25 21 29 26 23 27 28
 30 22 23 27 26 25 24 21 29 28 38 40 35 39 37 36 31 33 32 34 41 49 48 43 50 47 46 45 42 44 60 53 51 57 54 59 52 55 56 58 69 70 62 63 68 64 66 67 65 61 73 74 79 71 77 72 75 76 80 78  9  7  4  5 10  1  3  2  6  8 20 12 14 15 11 19 16 13 17 18
 70 62 63 67 66 65 64 61 69 68 78 80 75 79 77 76 71 73 72 74  1  9  8  3 10  7  6  5  2  4 20 13 11 17 14 19 12 15 16 18 29 30 22 23 28 24 26 27 25 21 33 34 39 31 37 32 35 36 40 38 49 47 44 45 50 41 43 42 46 48 60 52 54 55 51 59 56 53 57 58
