 80 73 74 76 78 79 72 77 75 71  6  2  9  5  1 10  3  4  7  8 20 11 17 15 19 13 18 14 12 16 26 30 22 23 24 27 25 29 21 28 37 32 38 31 36 40 34 33 39 35 42 44 45 43 49 50 48 46 41 47 55 53 54 52 60 58 56 51 59 57 61 66 67 63 68 70 65 64 69 62
 70 63 64 66 68 69 62 67 65 61 76 72 79 75 71 80 73 74 77 78 10  1  7  5  9  3  8  4  2  6 16 20 12 13 14 17 15 19 11 18 27 22 28 21 26 30 24 23 29 25 32 34 35 33 39 40 38 36 31 37 45 43 44 42 50 48 46 41 49 47 51 56 57 53 58 60 55 54 59 52
 20 13 14 16 18 19 12 17 15 11 26 22 29 25 21 30 23 24 27 28 40 31 37 35 39 33 38 34 32 36 46 50 42 43 44 47 45 49 41 48 57 52 58 51 56 60 54 53 59 55 62 64 65 63 69 70 68 66 61 67 75 73 74 72 80 78 76 71 79 77  1  6  7  3  8 10  5  4  9  2
 30 23 24 26 28 29 22 27 25 21 36 32 39 35 31 40 33 34 37 38 50 41 47 45 49 43 48 44 42 46 56 60 52 53 54 57 55 59 51 58 67 62 68 61 66 70 64 63 69 65 72 74 75 73 79 80 78 76 71 77  5  3  4  2 10  8  6  1  9  7 11 16 17 13 18 20 15 14 19 12
 10  3  4  6  8  9  2  7  5  1 16 12 19 15 11 20 13 14 17 18 30 21 27 25 29 23 28 24 22 26 36 40 32 33 34 37 35 39 31 38 47 42 48 41 46 50 44 43 49 45 52 54 55 53 59 60 58 56 51 57 65 63 64 62 70 68 66 61 69 67 71 76 77 73 78 80 75 74 79 72
 50 43 44 46 48 49 42 47 45 41 56 52 59 55 51 60 53 54 57 58 70 61 67 65 69 63 68 64 62 66 76 80 72 73 74 77 75 79 71 78  7  2  8  1  6 10  4  3  9  5 12 14 15 13 19 20 18 16 11 17 25 23 24 22 30 28 26 21 29 27 31 36 37 33 38 40 35 34 39 32
 60 53 54 56 58 59 52 57 55 51 66 62 69 65 61 70 63 64 67 68 80 71 77 75 79 73 78 74 72 76  6 10  2  3  4  7  5  9  1  8 17 12 18 11 16 20 14 13 19 15 22 24 25 23 29 30 28 26 21 27 35 33 34 32 40 38 36 31 39 37 41 46 47 43 48 50 45 44 49 42
 40 33 34 36 38 39 32 37 35 31 46 42 49 45 41 50 43 44 47 48 60 51 57 55 59 53 58 54 52 56 66 70 62 63 64 67 65 69 61 68 77 72 78 71 76 80 74 73 79 75  2  4  5  3  9 10  8  6  1  7 15 13 14 12 20 18 16 11 19 17 21 26 27 23 28 30 25 24 29 22
 21 24 25 27 29 30 23 28 26 22 37 33 40 36 32 31 34 35 38 39 41 42 48 46 50 44 49 45 43 47 57 51 53 54 55 58 56 60 52 59 68 63 69 62 67 61 65 64 70 66 73 75 76 74 80 71 79 77 72 78  6  4  5  3  1  9  7  2 10  8 12 17 18 14 19 11 16 15 20 13
 11 14 15 17 19 20 13 18 16 12 27 23 30 26 22 21 24 25 28 29 31 32 38 36 40 34 39 35 33 37 47 41 43 44 45 48 46 50 42 49 58 53 59 52 57 51 55 54 60 56 63 65 66 64 70 61 69 67 62 68 76 74 75 73 71 79 77 72 80 78  2  7  8  4  9  1  6  5 10  3
 31 34 35 37 39 40 33 38 36 32 47 43 50 46 42 41 44 45 48 49 51 52 58 56 60 54 59 55 53 57 67 61 63 64 65 68 66 70 62 69 78 73 79 72 77 71 75 74 80 76  3  5  6  4 10  1  9  7  2  8 16 14 15 13 11 19 17 12 20 18 22 27 28 24 29 21 26 25 30 23
 61 64 65 67 69 70 63 68 66 62 77 73 80 76 72 71 74 75 78 79  1  2  8  6 10  4  9  5  3  7 17 11 13 14 15 18 16 20 12 19 28 23 29 22 27 21 25 24 30 26 33 35 36 34 40 31 39 37 32 38 46 44 45 43 41 49 47 42 50 48 52 57 58 54 59 51 56 55 60 53
 51 54 55 57 59 60 53 58 56 52 67 63 70 66 62 61 64 65 68 69 71 72 78 76 80 74 79 75 73 77  7  1  3  4  5  8  6 10  2  9 18 13 19 12 17 11 15 14 20 16 23 25 26 24 30 21 29 27 22 28 36 34 35 33 31 39 37 32 40 38 42 47 48 44 49 41 46 45 50 43
 71 74 75 77 79 80 73 78 76 72  7  3 10  6  2  1  4  5  8  9 11 12 18 16 20 14 19 15 13 17 27 21 23 24 25 28 26 30 22 29 38 33 39 32 37 31 35 34 40 36 43 45 46 44 50 41 49 47 42 48 56 54 55 53 51 59 57 52 60 58 62 67 68 64 69 61 66 65 70 63
 41 44 45 47 49 50 43 48 46 42 57 53 60 56 52 51 54 55 58 59 61 62 68 66 70 64 69 65 63 67 77 71 73 74 75 78 76 80 72 79  8  3  9  2  7  1  5  4 10  6 13 15 16 14 20 11 19 17 12 18 26 24 25 23 21 29 27 22 30 28 32 37 38 34 39 31 36 35 40 33
  1  4  5  7  9 10  3  8  6  2 17 13 20 16 12 11 14 15 18 19 21 22 28 26 30 24 29 25 23 27 37 31 33 34 35 38 36 40 32 39 48 43 49 42 47 41 45 44 50 46 53 55 56 54 60 51 59 57 52 58 66 64 65 63 61 69 67 62 70 68 72 77 78 74 79 71 76 75 80 73
 72 75 76 78 80 71 74 79 77 73  8  4  1  7  3  2  5  6  9 10 12 13 19 17 11 15 20 16 14 18 28 22 24 25 26 29 27 21 23 30 39 34 40 33 38 32 36 35 31 37 44 46 47 45 41 42 50 48 43 49 57 55 56 54 52 60 58 53 51 59 63 68 69 65 70 62 67 66 61 64
 12 15 16 18 20 11 14 19 17 13 28 24 21 27 23 22 25 26 29 30 32 33 39 37 31 35 40 36 34 38 48 42 44 45 46 49 47 41 43 50 59 54 60 53 58 52 56 55 51 57 64 66 67 65 61 62 70 68 63 69 77 75 76 74 72 80 78 73 71 79  3  8  9  5 10  2  7  6  1  4
 22 25 26 28 30 21 24 29 27 23 38 34 31 37 33 32 35 36 39 40 42 43 49 47 41 45 50 46 44 48 58 52 54 55 56 59 57 51 53 60 69 64 70 63 68 62 66 65 61 67 74 76 77 75 71 72 80 78 73 79  7  5  6  4  2 10  8  3  1  9 13 18 19 15 20 12 17 16 11 14
  2  5  6  8 10  1  4  9  7  3 18 14 11 17 13 12 15 16 19 20 22 23 29 27 21 25 30 26 24 28 38 32 34 35 36 39 37 31 33 40 49 44 50 43 48 42 46 45 41 47 54 56 57 55 51 52 60 58 53 59 67 65 66 64 62 70 68 63 61 69 73 78 79 75 80 72 77 76 71 74
 32 35 36 38 40 31 34 39 37 33 48 44 41 47 43 42 45 46 49 50 52 53 59 57 51 55 60 56 54 58 68 62 64 65 66 69 67 61 63 70 79 74 80 73 78 72 76 75 71 77  4  6  7  5  1  2 10  8  3  9 17 15 16 14 12 20 18 13 11 19 23 28 29 25 30 22 27 26 21 24
 42 45 46 48 50 41 44 49 47 43 58 54 51 57 53 52 55 56 59 60 62 63 69 67 61 65 70 66 64 68 78 72 74 75 76 79 77 71 73 80  9  4 10  3  8  2  6  5  1  7 14 16 17 15 11 12 20 18 13 19 27 25 26 24 22 30 28 23 21 29 33 38 39 35 40 32 37 36 31 34
 62 65 66 68 70 61 64 69 67 63 78 74 71 77 73 72 75 76 79 80  2  3  9  7  1  5 10  6  4  8 18 12 14 15 16 19 17 11 13 20 29 24 30 23 28 22 26 25 21 27 34 36 37 35 31 32 40 38 33 39 47 45 46 44 42 50 48 43 41 49 53 58 59 55 60 52 57 56 51 54
 52 55 56 58 60 51 54 59 57 53 68 64 61 67 63 62 65 66 69 70 72 73 79 77 71 75 80 76 74 78  8  2  4  5  6  9  7  1  3 10 19 14 20 13 18 12 16 15 11 17 24 26 27 25 21 22 30 28 23 29 37 35 36 34 32 40 38 33 31 39 43 48 49 45 50 42 47 46 41 44
 43 46 47 49 41 42 45 50 48 44 59 55 52 58 54 53 56 57 60 51 63 64 70 68 62 66 61 67 65 69 79 73 75 76 77 80 78 72 74 71 10  5  1  4  9  3  7  6  2  8 15 17 18 16 12 13 11 19 14 20 28 26 27 25 23 21 29 24 22 30 34 39 40 36 31 33 38 37 32 35
 23 26 27 29 21 22 25 30 28 24 39 35 32 38 34 33 36 37 40 31 43 44 50 48 42 46 41 47 45 49 59 53 55 56 57 60 58 52 54 51 70 65 61 64 69 63 67 66 62 68 75 77 78 76 72 73 71 79 74 80  8  6  7  5  3  1  9  4  2 10 14 19 20 16 11 13 18 17 12 15
 73 76 77 79 71 72 75 80 78 74  9  5  2  8  4  3  6  7 10  1 13 14 20 18 12 16 11 17 15 19 29 23 25 26 27 30 28 22 24 21 40 35 31 34 39 33 37 36 32 38 45 47 48 46 42 43 41 49 44 50 58 56 57 55 53 51 59 54 52 60 64 69 70 66 61 63 68 67 62 65
  3  6  7  9  1  2  5 10  8  4 19 15 12 18 14 13 16 17 20 11 23 24 30 28 22 26 21 27 25 29 39 33 35 36 37 40 38 32 34 31 50 45 41 44 49 43 47 46 42 48 55 57 58 56 52 53 51 59 54 60 68 66 67 65 63 61 69 64 62 70 74 79 80 76 71 73 78 77 72 75
 13 16 17 19 11 12 15 20 18 14 29 25 22 28 24 23 26 27 30 21 33 34 40 38 32 36 31 37 35 39 49 43 45 46 47 50 48 42 44 41 60 55 51 54 59 53 57 56 52 58 65 67 68 66 62 63 61 69 64 70 78 76 77 75 73 71 79 74 72 80  4  9 10  6  1  3  8  7  2  5
 53 56 57 59 51 52 55 60 58 54 69 65 62 68 64 63 66 67 70 61 73 74 80 78 72 76 71 77 75 79  9  3  5  6  7 10  8  2  4  1 20 15 11 14 19 13 17 16 12 18 25 27 28 26 22 23 21 29 24 30 38 36 37 35 33 31 39 34 32 40 44 49 50 46 41 43 48 47 42 45
 63 66 67 69 61 62 65 70 68 64 79 75 72 78 74 73 76 77 80 71  3  4 10  8  2  6  1  7  5  9 19 13 15 16 17 20 18 12 14 11 30 25 21 24 29 23 27 26 22 28 35 37 38 36 32 33 31 39 34 40 48 46 47 45 43 41 49 44 42 50 54 59 60 56 51 53 58 57 52 55
 33 36 37 39 31 32 35 40 38 34 49 45 42 48 44 43 46 47 50 41 53 54 60 58 52 56 51 57 55 59 69 63 65 66 67 70 68 62 64 61 80 75 71 74 79 73 77 76 72 78  5  7  8  6  2  3  1  9  4 10 18 16 17 15 13 11 19 14 12 20 24 29 30 26 21 23 28 27 22 25
 14 17 18 20 12 13 16 11 19 15 30 26 23 29 25 24 27 28 21 22 34 35 31 39 33 37 32 38 36 40 50 44 46 47 48 41 49 43 45 42 51 56 52 55 60 54 58 57 53 59 66 68 69 67 63 64 62 70 65 61 79 77 78 76 74 72 80 75 73 71  5 10  1  7  2  4  9  8  3  6
 34 37 38 40 32 33 36 31 39 35 50 46 43 49 45 44 47 48 41 42 54 55 51 59 53 57 52 58 56 60 70 64 66 67 68 61 69 63 65 62 71 76 72 75 80 74 78 77 73 79  6  8  9  7  3  4  2 10  5  1 19 17 18 16 14 12 20 15 13 11 25 30 21 27 22 24 29 28 23 26
  4  7  8 10  2  3  6  1  9  5 20 16 13 19 15 14 17 18 11 12 24 25 21 29 23 27 22 28 26 30 40 34 36 37 38 31 39 33 35 32 41 46 42 45 50 44 48 47 43 49 56 58 59 57 53 54 52 60 55 51 69 67 68 66 64 62 70 65 63 61 75 80 71 77 72 74 79 78 73 76
 44 47 48 50 42 43 46 41 49 45 60 56 53 59 55 54 57 58 51 52 64 65 61 69 63 67 62 68 66 70 80 74 76 77 78 71 79 73 75 72  1  6  2  5 10  4  8  7  3  9 16 18 19 17 13 14 12 20 15 11 29 27 28 26 24 22 30 25 23 21 35 40 31 37 32 34 39 38 33 36
 54 57 58 60 52 53 56 51 59 55 70 66 63 69 65 64 67 68 61 62 74 75 71 79 73 77 72 78 76 80 10  4  6  7  8  1  9  3  5  2 11 16 12 15 20 14 18 17 13 19 26 28 29 27 23 24 22 30 25 21 39 37 38 36 34 32 40 35 33 31 45 50 41 47 42 44 49 48 43 46
 64 67 68 70 62 63 66 61 69 65 80 76 73 79 75 74 77 78 71 72  4  5  1  9  3  7  2  8  6 10 20 14 16 17 18 11 19 13 15 12 21 26 22 25 30 24 28 27 23 29 36 38 39 37 33 34 32 40 35 31 49 47 48 46 44 42 50 45 43 41 55 60 51 57 52 54 59 58 53 56
 24 27 28 30 22 23 26 21 29 25 40 36 33 39 35 34 37 38 31 32 44 45 41 49 43 47 42 48 46 50 60 54 56 57 58 51 59 53 55 52 61 66 62 65 70 64 68 67 63 69 76 78 79 77 73 74 72 80 75 71  9  7  8  6  4  2 10  5  3  1 15 20 11 17 12 14 19 18 13 16
 74 77 78 80 72 73 76 71 79 75 10  6  3  9  5  4  7  8  1  2 14 15 11 19 13 17 12 18 16 20 30 24 26 27 28 21 29 23 25 22 31 36 32 35 40 34 38 37 33 39 46 48 49 47 43 44 42 50 45 41 59 57 58 56 54 52 60 55 53 51 65 70 61 67 62 64 69 68 63 66
 55 58 59 51 53 54 57 52 60 56 61 67 64 70 66 65 68 69 62 63 75 76 72 80 74 78 73 79 77 71  1  5  7  8  9  2 10  4  6  3 12 17 13 16 11 15 19 18 14 20 27 29 30 28 24 25 23 21 26 22 40 38 39 37 35 33 31 36 34 32 46 41 42 48 43 45 50 49 44 47
 25 28 29 21 23 24 27 22 30 26 31 37 34 40 36 35 38 39 32 33 45 46 42 50 44 48 43 49 47 41 51 55 57 58 59 52 60 54 56 53 62 67 63 66 61 65 69 68 64 70 77 79 80 78 74 75 73 71 76 72 10  8  9  7  5  3  1  6  4  2 16 11 12 18 13 15 20 19 14 17
 15 18 19 11 13 14 17 12 20 16 21 27 24 30 26 25 28 29 22 23 35 36 32 40 34 38 33 39 37 31 41 45 47 48 49 42 50 44 46 43 52 57 53 56 51 55 59 58 54 60 67 69 70 68 64 65 63 61 66 62 80 78 79 77 75 73 71 76 74 72  6  1  2  8  3  5 10  9  4  7
 35 38 39 31 33 34 37 32 40 36 41 47 44 50 46 45 48 49 42 43 55 56 52 60 54 58 53 59 57 51 61 65 67 68 69 62 70 64 66 63 72 77 73 76 71 75 79 78 74 80  7  9 10  8  4  5  3  1  6  2 20 18 19 17 15 13 11 16 14 12 26 21 22 28 23 25 30 29 24 27
 45 48 49 41 43 44 47 42 50 46 51 57 54 60 56 55 58 59 52 53 65 66 62 70 64 68 63 69 67 61 71 75 77 78 79 72 80 74 76 73  2  7  3  6  1  5  9  8  4 10 17 19 20 18 14 15 13 11 16 12 30 28 29 27 25 23 21 26 24 22 36 31 32 38 33 35 40 39 34 37
 65 68 69 61 63 64 67 62 70 66 71 77 74 80 76 75 78 79 72 73  5  6  2 10  4  8  3  9  7  1 11 15 17 18 19 12 20 14 16 13 22 27 23 26 21 25 29 28 24 30 37 39 40 38 34 35 33 31 36 32 50 48 49 47 45 43 41 46 44 42 56 51 52 58 53 55 60 59 54 57
  5  8  9  1  3  4  7  2 10  6 11 17 14 20 16 15 18 19 12 13 25 26 22 30 24 28 23 29 27 21 31 35 37 38 39 32 40 34 36 33 42 47 43 46 41 45 49 48 44 50 57 59 60 58 54 55 53 51 56 52 70 68 69 67 65 63 61 66 64 62 76 71 72 78 73 75 80 79 74 77
 75 78 79 71 73 74 77 72 80 76  1  7  4 10  6  5  8  9  2  3 15 16 12 20 14 18 13 19 17 11 21 25 27 28 29 22 30 24 26 23 32 37 33 36 31 35 39 38 34 40 47 49 50 48 44 45 43 41 46 42 60 58 59 57 55 53 51 56 54 52 66 61 62 68 63 65 70 69 64 67
 56 59 60 52 54 55 58 53 51 57 62 68 65 61 67 66 69 70 63 64 76 77 73 71 75 79 74 80 78 72  2  6  8  9 10  3  1  5  7  4 13 18 14 17 12 16 20 19 15 11 28 30 21 29 25 26 24 22 27 23 31 39 40 38 36 34 32 37 35 33 47 42 43 49 44 46 41 50 45 48
 66 69 70 62 64 65 68 63 61 67 72 78 75 71 77 76 79 80 73 74  6  7  3  1  5  9  4 10  8  2 12 16 18 19 20 13 11 15 17 14 23 28 24 27 22 26 30 29 25 21 38 40 31 39 35 36 34 32 37 33 41 49 50 48 46 44 42 47 45 43 57 52 53 59 54 56 51 60 55 58
 36 39 40 32 34 35 38 33 31 37 42 48 45 41 47 46 49 50 43 44 56 57 53 51 55 59 54 60 58 52 62 66 68 69 70 63 61 65 67 64 73 78 74 77 72 76 80 79 75 71  8 10  1  9  5  6  4  2  7  3 11 19 20 18 16 14 12 17 15 13 27 22 23 29 24 26 21 30 25 28
 16 19 20 12 14 15 18 13 11 17 22 28 25 21 27 26 29 30 23 24 36 37 33 31 35 39 34 40 38 32 42 46 48 49 50 43 41 45 47 44 53 58 54 57 52 56 60 59 55 51 68 70 61 69 65 66 64 62 67 63 71 79 80 78 76 74 72 77 75 73  7  2  3  9  4  6  1 10  5  8
  6  9 10  2  4  5  8  3  1  7 12 18 15 11 17 16 19 20 13 14 26 27 23 21 25 29 24 30 28 22 32 36 38 39 40 33 31 35 37 34 43 48 44 47 42 46 50 49 45 41 58 60 51 59 55 56 54 52 57 53 61 69 70 68 66 64 62 67 65 63 77 72 73 79 74 76 71 80 75 78
 46 49 50 42 44 45 48 43 41 47 52 58 55 51 57 56 59 60 53 54 66 67 63 61 65 69 64 70 68 62 72 76 78 79 80 73 71 75 77 74  3  8  4  7  2  6 10  9  5  1 18 20 11 19 15 16 14 12 17 13 21 29 30 28 26 24 22 27 25 23 37 32 33 39 34 36 31 40 35 38
 26 29 30 22 24 25 28 23 21 27 32 38 35 31 37 36 39 40 33 34 46 47 43 41 45 49 44 50 48 42 52 56 58 59 60 53 51 55 57 54 63 68 64 67 62 66 70 69 65 61 78 80 71 79 75 76 74 72 77 73  1  9 10  8  6  4  2  7  5  3 17 12 13 19 14 16 11 20 15 18
 76 79 80 72 74 75 78 73 71 77  2  8  5  1  7  6  9 10  3  4 16 17 13 11 15 19 14 20 18 12 22 26 28 29 30 23 21 25 27 24 33 38 34 37 32 36 40 39 35 31 48 50 41 49 45 46 44 42 47 43 51 59 60 58 56 54 52 57 55 53 67 62 63 69 64 66 61 70 65 68
 67 70 61 63 65 66 69 64 62 68 73 79 76 72 78 77 80 71 74 75  7  8  4  2  6 10  5  1  9  3 13 17 19 20 11 14 12 16 18 15 24 29 25 28 23 27 21 30 26 22 39 31 32 40 36 37 35 33 38 34 42 50 41 49 47 45 43 48 46 44 58 53 54 60 55 57 52 51 56 59
 47 50 41 43 45 46 49 44 42 48 53 59 56 52 58 57 60 51 54 55 67 68 64 62 66 70 65 61 69 63 73 77 79 80 71 74 72 76 78 75  4  9  5  8  3  7  1 10  6  2 19 11 12 20 16 17 15 13 18 14 22 30 21 29 27 25 23 28 26 24 38 33 34 40 35 37 32 31 36 39
 37 40 31 33 35 36 39 34 32 38 43 49 46 42 48 47 50 41 44 45 57 58 54 52 56 60 55 51 59 53 63 67 69 70 61 64 62 66 68 65 74 79 75 78 73 77 71 80 76 72  9  1  2 10  6  7  5  3  8  4 12 20 11 19 17 15 13 18 16 14 28 23 24 30 25 27 22 21 26 29
 57 60 51 53 55 56 59 54 52 58 63 69 66 62 68 67 70 61 64 65 77 78 74 72 76 80 75 71 79 73  3  7  9 10  1  4  2  6  8  5 14 19 15 18 13 17 11 20 16 12 29 21 22 30 26 27 25 23 28 24 32 40 31 39 37 35 33 38 36 34 48 43 44 50 45 47 42 41 46 49
 77 80 71 73 75 76 79 74 72 78  3  9  6  2  8  7 10  1  4  5 17 18 14 12 16 20 15 11 19 13 23 27 29 30 21 24 22 26 28 25 34 39 35 38 33 37 31 40 36 32 49 41 42 50 46 47 45 43 48 44 52 60 51 59 57 55 53 58 56 54 68 63 64 70 65 67 62 61 66 69
  7 10  1  3  5  6  9  4  2  8 13 19 16 12 18 17 20 11 14 15 27 28 24 22 26 30 25 21 29 23 33 37 39 40 31 34 32 36 38 35 44 49 45 48 43 47 41 50 46 42 59 51 52 60 56 57 55 53 58 54 62 70 61 69 67 65 63 68 66 64 78 73 74 80 75 77 72 71 76 79
 17 20 11 13 15 16 19 14 12 18 23 29 26 22 28 27 30 21 24 25 37 38 34 32 36 40 35 31 39 33 43 47 49 50 41 44 42 46 48 45 54 59 55 58 53 57 51 60 56 52 69 61 62 70 66 67 65 63 68 64 72 80 71 79 77 75 73 78 76 74  8  3  4 10  5  7  2  1  6  9
 27 30 21 23 25 26 29 24 22 28 33 39 36 32 38 37 40 31 34 35 47 48 44 42 46 50 45 41 49 43 53 57 59 60 51 54 52 56 58 55 64 69 65 68 63 67 61 70 66 62 79 71 72 80 76 77 75 73 78 74  2 10  1  9  7  5  3  8  6  4 18 13 14 20 15 17 12 11 16 19
  8  1  2  4  6  7 10  5  3  9 14 20 17 13 19 18 11 12 15 16 28 29 25 23 27 21 26 22 30 24 34 38 40 31 32 35 33 37 39 36 45 50 46 49 44 48 42 41 47 43 60 52 53 51 57 58 56 54 59 55 63 61 62 70 68 66 64 69 67 65 79 74 75 71 76 78 73 72 77 80
 58 51 52 54 56 57 60 55 53 59 64 70 67 63 69 68 61 62 65 66 78 79 75 73 77 71 76 72 80 74  4  8 10  1  2  5  3  7  9  6 15 20 16 19 14 18 12 11 17 13 30 22 23 21 27 28 26 24 29 25 33 31 32 40 38 36 34 39 37 35 49 44 45 41 46 48 43 42 47 50
 38 31 32 34 36 37 40 35 33 39 44 50 47 43 49 48 41 42 45 46 58 59 55 53 57 51 56 52 60 54 64 68 70 61 62 65 63 67 69 66 75 80 76 79 74 78 72 71 77 73 10  2  3  1  7  8  6  4  9  5 13 11 12 20 18 16 14 19 17 15 29 24 25 21 26 28 23 22 27 30
 18 11 12 14 16 17 20 15 13 19 24 30 27 23 29 28 21 22 25 26 38 39 35 33 37 31 36 32 40 34 44 48 50 41 42 45 43 47 49 46 55 60 56 59 54 58 52 51 57 53 70 62 63 61 67 68 66 64 69 65 73 71 72 80 78 76 74 79 77 75  9  4  5  1  6  8  3  2  7 10
 28 21 22 24 26 27 30 25 23 29 34 40 37 33 39 38 31 32 35 36 48 49 45 43 47 41 46 42 50 44 54 58 60 51 52 55 53 57 59 56 65 70 66 69 64 68 62 61 67 63 80 72 73 71 77 78 76 74 79 75  3  1  2 10  8  6  4  9  7  5 19 14 15 11 16 18 13 12 17 20
 78 71 72 74 76 77 80 75 73 79  4 10  7  3  9  8  1  2  5  6 18 19 15 13 17 11 16 12 20 14 24 28 30 21 22 25 23 27 29 26 35 40 36 39 34 38 32 31 37 33 50 42 43 41 47 48 46 44 49 45 53 51 52 60 58 56 54 59 57 55 69 64 65 61 66 68 63 62 67 70
 48 41 42 44 46 47 50 45 43 49 54 60 57 53 59 58 51 52 55 56 68 69 65 63 67 61 66 62 70 64 74 78 80 71 72 75 73 77 79 76  5 10  6  9  4  8  2  1  7  3 20 12 13 11 17 18 16 14 19 15 23 21 22 30 28 26 24 29 27 25 39 34 35 31 36 38 33 32 37 40
 68 61 62 64 66 67 70 65 63 69 74 80 77 73 79 78 71 72 75 76  8  9  5  3  7  1  6  2 10  4 14 18 20 11 12 15 13 17 19 16 25 30 26 29 24 28 22 21 27 23 40 32 33 31 37 38 36 34 39 35 43 41 42 50 48 46 44 49 47 45 59 54 55 51 56 58 53 52 57 60
 59 52 53 55 57 58 51 56 54 60 65 61 68 64 70 69 62 63 66 67 79 80 76 74 78 72 77 73 71 75  5  9  1  2  3  6  4  8 10  7 16 11 17 20 15 19 13 12 18 14 21 23 24 22 28 29 27 25 30 26 34 32 33 31 39 37 35 40 38 36 50 45 46 42 47 49 44 43 48 41
 29 22 23 25 27 28 21 26 24 30 35 31 38 34 40 39 32 33 36 37 49 50 46 44 48 42 47 43 41 45 55 59 51 52 53 56 54 58 60 57 66 61 67 70 65 69 63 62 68 64 71 73 74 72 78 79 77 75 80 76  4  2  3  1  9  7  5 10  8  6 20 15 16 12 17 19 14 13 18 11
 79 72 73 75 77 78 71 76 74 80  5  1  8  4 10  9  2  3  6  7 19 20 16 14 18 12 17 13 11 15 25 29 21 22 23 26 24 28 30 27 36 31 37 40 35 39 33 32 38 34 41 43 44 42 48 49 47 45 50 46 54 52 53 51 59 57 55 60 58 56 70 65 66 62 67 69 64 63 68 61
  9  2  3  5  7  8  1  6  4 10 15 11 18 14 20 19 12 13 16 17 29 30 26 24 28 22 27 23 21 25 35 39 31 32 33 36 34 38 40 37 46 41 47 50 45 49 43 42 48 44 51 53 54 52 58 59 57 55 60 56 64 62 63 61 69 67 65 70 68 66 80 75 76 72 77 79 74 73 78 71
 69 62 63 65 67 68 61 66 64 70 75 71 78 74 80 79 72 73 76 77  9 10  6  4  8  2  7  3  1  5 15 19 11 12 13 16 14 18 20 17 26 21 27 30 25 29 23 22 28 24 31 33 34 32 38 39 37 35 40 36 44 42 43 41 49 47 45 50 48 46 60 55 56 52 57 59 54 53 58 51
 49 42 43 45 47 48 41 46 44 50 55 51 58 54 60 59 52 53 56 57 69 70 66 64 68 62 67 63 61 65 75 79 71 72 73 76 74 78 80 77  6  1  7 10  5  9  3  2  8  4 11 13 14 12 18 19 17 15 20 16 24 22 23 21 29 27 25 30 28 26 40 35 36 32 37 39 34 33 38 31
 39 32 33 35 37 38 31 36 34 40 45 41 48 44 50 49 42 43 46 47 59 60 56 54 58 52 57 53 51 55 65 69 61 62 63 66 64 68 70 67 76 71 77 80 75 79 73 72 78 74  1  3  4  2  8  9  7  5 10  6 14 12 13 11 19 17 15 20 18 16 30 25 26 22 27 29 24 23 28 21
 19 12 13 15 17 18 11 16 14 20 25 21 28 24 30 29 22 23 26 27 39 40 36 34 38 32 37 33 31 35 45 49 41 42 43 46 44 48 50 47 56 51 57 60 55 59 53 52 58 54 61 63 64 62 68 69 67 65 70 66 74 72 73 71 79 77 75 80 78 76 10  5  6  2  7  9  4  3  8  1
