 62 63 68 65 66 67 61 70 69 64 74 80 75 77 76 73 71 79 72 78  8  5  9  3  2  1 10  7  4  6 12 16 11 14 13 19 15 17 20 18 24 23 27 25 28 30 22 21 26 29 34 33 35 31 32 36 37 39 40 38 46 49 41 45 47 44 50 42 43 48 51 53 57 60 59 52 54 56 55 58
  2  3  8  5  6  7  1 10  9  4 14 20 15 17 16 13 11 19 12 18 28 25 29 23 22 21 30 27 24 26 32 36 31 34 33 39 35 37 40 38 44 43 47 45 48 50 42 41 46 49 54 53 55 51 52 56 57 59 60 58 66 69 61 65 67 64 70 62 63 68 71 73 77 80 79 72 74 76 75 78
 72 73 78 75 76 77 71 80 79 74  4 10  5  7  6  3  1  9  2  8 18 15 19 13 12 11 20 17 14 16 22 26 21 24 23 29 25 27 30 28 34 33 37 35 38 40 32 31 36 39 44 43 45 41 42 46 47 49 50 48 56 59 51 55 57 54 60 52 53 58 61 63 67 70 69 62 64 66 65 68
 42 43 48 45 46 47 41 50 49 44 54 60 55 57 56 53 51 59 52 58 68 65 69 63 62 61 70 67 64 66 72 76 71 74 73 79 75 77 80 78  4  3  7  5  8 10  2  1  6  9 14 13 15 11 12 16 17 19 20 18 26 29 21 25 27 24 30 22 23 28 31 33 37 40 39 32 34 36 35 38
 22 23 28 25 26 27 21 30 29 24 34 40 35 37 36 33 31 39 32 38 48 45 49 43 42 41 50 47 44 46 52 56 51 54 53 59 55 57 60 58 64 63 67 65 68 70 62 61 66 69 74 73 75 71 72 76 77 79 80 78  6  9  1  5  7  4 10  2  3  8 11 13 17 20 19 12 14 16 15 18
 32 33 38 35 36 37 31 40 39 34 44 50 45 47 46 43 41 49 42 48 58 55 59 53 52 51 60 57 54 56 62 66 61 64 63 69 65 67 70 68 74 73 77 75 78 80 72 71 76 79  4  3  5  1  2  6  7  9 10  8 16 19 11 15 17 14 20 12 13 18 21 23 27 30 29 22 24 26 25 28
 12 13 18 15 16 17 11 20 19 14 24 30 25 27 26 23 21 29 22 28 38 35 39 33 32 31 40 37 34 36 42 46 41 44 43 49 45 47 50 48 54 53 57 55 58 60 52 51 56 59 64 63 65 61 62 66 67 69 70 68 76 79 71 75 77 74 80 72 73 78  1  3  7 10  9  2  4  6  5  8
 52 53 58 55 56 57 51 60 59 54 64 70 65 67 66 63 61 69 62 68 78 75 79 73 72 71 80 77 74 76  2  6  1  4  3  9  5  7 10  8 14 13 17 15 18 20 12 11 16 19 24 23 25 21 22 26 27 29 30 28 36 39 31 35 37 34 40 32 33 38 41 43 47 50 49 42 44 46 45 48
 33 34 39 36 37 38 32 31 40 35 45 41 46 48 47 44 42 50 43 49 59 56 60 54 53 52 51 58 55 57 63 67 62 65 64 70 66 68 61 69 75 74 78 76 79 71 73 72 77 80  5  4  6  2  3  7  8 10  1  9 17 20 12 16 18 15 11 13 14 19 22 24 28 21 30 23 25 27 26 29
 73 74 79 76 77 78 72 71 80 75  5  1  6  8  7  4  2 10  3  9 19 16 20 14 13 12 11 18 15 17 23 27 22 25 24 30 26 28 21 29 35 34 38 36 39 31 33 32 37 40 45 44 46 42 43 47 48 50 41 49 57 60 52 56 58 55 51 53 54 59 62 64 68 61 70 63 65 67 66 69
 13 14 19 16 17 18 12 11 20 15 25 21 26 28 27 24 22 30 23 29 39 36 40 34 33 32 31 38 35 37 43 47 42 45 44 50 46 48 41 49 55 54 58 56 59 51 53 52 57 60 65 64 66 62 63 67 68 70 61 69 77 80 72 76 78 75 71 73 74 79  2  4  8  1 10  3  5  7  6  9
 43 44 49 46 47 48 42 41 50 45 55 51 56 58 57 54 52 60 53 59 69 66 70 64 63 62 61 68 65 67 73 77 72 75 74 80 76 78 71 79  5  4  8  6  9  1  3  2  7 10 15 14 16 12 13 17 18 20 11 19 27 30 22 26 28 25 21 23 24 29 32 34 38 31 40 33 35 37 36 39
 53 54 59 56 57 58 52 51 60 55 65 61 66 68 67 64 62 70 63 69 79 76 80 74 73 72 71 78 75 77  3  7  2  5  4 10  6  8  1  9 15 14 18 16 19 11 13 12 17 20 25 24 26 22 23 27 28 30 21 29 37 40 32 36 38 35 31 33 34 39 42 44 48 41 50 43 45 47 46 49
 23 24 29 26 27 28 22 21 30 25 35 31 36 38 37 34 32 40 33 39 49 46 50 44 43 42 41 48 45 47 53 57 52 55 54 60 56 58 51 59 65 64 68 66 69 61 63 62 67 70 75 74 76 72 73 77 78 80 71 79  7 10  2  6  8  5  1  3  4  9 12 14 18 11 20 13 15 17 16 19
  3  4  9  6  7  8  2  1 10  5 15 11 16 18 17 14 12 20 13 19 29 26 30 24 23 22 21 28 25 27 33 37 32 35 34 40 36 38 31 39 45 44 48 46 49 41 43 42 47 50 55 54 56 52 53 57 58 60 51 59 67 70 62 66 68 65 61 63 64 69 72 74 78 71 80 73 75 77 76 79
 63 64 69 66 67 68 62 61 70 65 75 71 76 78 77 74 72 80 73 79  9  6 10  4  3  2  1  8  5  7 13 17 12 15 14 20 16 18 11 19 25 24 28 26 29 21 23 22 27 30 35 34 36 32 33 37 38 40 31 39 47 50 42 46 48 45 41 43 44 49 52 54 58 51 60 53 55 57 56 59
 44 45 50 47 48 49 43 42 41 46 56 52 57 59 58 55 53 51 54 60 70 67 61 65 64 63 62 69 66 68 74 78 73 76 75 71 77 79 72 80  6  5  9  7 10  2  4  3  8  1 16 15 17 13 14 18 19 11 12 20 28 21 23 27 29 26 22 24 25 30 33 35 39 32 31 34 36 38 37 40
 14 15 20 17 18 19 13 12 11 16 26 22 27 29 28 25 23 21 24 30 40 37 31 35 34 33 32 39 36 38 44 48 43 46 45 41 47 49 42 50 56 55 59 57 60 52 54 53 58 51 66 65 67 63 64 68 69 61 62 70 78 71 73 77 79 76 72 74 75 80  3  5  9  2  1  4  6  8  7 10
 24 25 30 27 28 29 23 22 21 26 36 32 37 39 38 35 33 31 34 40 50 47 41 45 44 43 42 49 46 48 54 58 53 56 55 51 57 59 52 60 66 65 69 67 70 62 64 63 68 61 76 75 77 73 74 78 79 71 72 80  8  1  3  7  9  6  2  4  5 10 13 15 19 12 11 14 16 18 17 20
 54 55 60 57 58 59 53 52 51 56 66 62 67 69 68 65 63 61 64 70 80 77 71 75 74 73 72 79 76 78  4  8  3  6  5  1  7  9  2 10 16 15 19 17 20 12 14 13 18 11 26 25 27 23 24 28 29 21 22 30 38 31 33 37 39 36 32 34 35 40 43 45 49 42 41 44 46 48 47 50
 64 65 70 67 68 69 63 62 61 66 76 72 77 79 78 75 73 71 74 80 10  7  1  5  4  3  2  9  6  8 14 18 13 16 15 11 17 19 12 20 26 25 29 27 30 22 24 23 28 21 36 35 37 33 34 38 39 31 32 40 48 41 43 47 49 46 42 44 45 50 53 55 59 52 51 54 56 58 57 60
  4  5 10  7  8  9  3  2  1  6 16 12 17 19 18 15 13 11 14 20 30 27 21 25 24 23 22 29 26 28 34 38 33 36 35 31 37 39 32 40 46 45 49 47 50 42 44 43 48 41 56 55 57 53 54 58 59 51 52 60 68 61 63 67 69 66 62 64 65 70 73 75 79 72 71 74 76 78 77 80
 74 75 80 77 78 79 73 72 71 76  6  2  7  9  8  5  3  1  4 10 20 17 11 15 14 13 12 19 16 18 24 28 23 26 25 21 27 29 22 30 36 35 39 37 40 32 34 33 38 31 46 45 47 43 44 48 49 41 42 50 58 51 53 57 59 56 52 54 55 60 63 65 69 62 61 64 66 68 67 70
 34 35 40 37 38 39 33 32 31 36 46 42 47 49 48 45 43 41 44 50 60 57 51 55 54 53 52 59 56 58 64 68 63 66 65 61 67 69 62 70 76 75 79 77 80 72 74 73 78 71  6  5  7  3  4  8  9  1  2 10 18 11 13 17 19 16 12 14 15 20 23 25 29 22 21 24 26 28 27 30
 75 76 71 78 79 80 74 73 72 77  7  3  8 10  9  6  4  2  5  1 11 18 12 16 15 14 13 20 17 19 25 29 24 27 26 22 28 30 23 21 37 36 40 38 31 33 35 34 39 32 47 46 48 44 45 49 50 42 43 41 59 52 54 58 60 57 53 55 56 51 64 66 70 63 62 65 67 69 68 61
 45 46 41 48 49 50 44 43 42 47 57 53 58 60 59 56 54 52 55 51 61 68 62 66 65 64 63 70 67 69 75 79 74 77 76 72 78 80 73 71  7  6 10  8  1  3  5  4  9  2 17 16 18 14 15 19 20 12 13 11 29 22 24 28 30 27 23 25 26 21 34 36 40 33 32 35 37 39 38 31
 15 16 11 18 19 20 14 13 12 17 27 23 28 30 29 26 24 22 25 21 31 38 32 36 35 34 33 40 37 39 45 49 44 47 46 42 48 50 43 41 57 56 60 58 51 53 55 54 59 52 67 66 68 64 65 69 70 62 63 61 79 72 74 78 80 77 73 75 76 71  4  6 10  3  2  5  7  9  8  1
 65 66 61 68 69 70 64 63 62 67 77 73 78 80 79 76 74 72 75 71  1  8  2  6  5  4  3 10  7  9 15 19 14 17 16 12 18 20 13 11 27 26 30 28 21 23 25 24 29 22 37 36 38 34 35 39 40 32 33 31 49 42 44 48 50 47 43 45 46 41 54 56 60 53 52 55 57 59 58 51
 35 36 31 38 39 40 34 33 32 37 47 43 48 50 49 46 44 42 45 41 51 58 52 56 55 54 53 60 57 59 65 69 64 67 66 62 68 70 63 61 77 76 80 78 71 73 75 74 79 72  7  6  8  4  5  9 10  2  3  1 19 12 14 18 20 17 13 15 16 11 24 26 30 23 22 25 27 29 28 21
 55 56 51 58 59 60 54 53 52 57 67 63 68 70 69 66 64 62 65 61 71 78 72 76 75 74 73 80 77 79  5  9  4  7  6  2  8 10  3  1 17 16 20 18 11 13 15 14 19 12 27 26 28 24 25 29 30 22 23 21 39 32 34 38 40 37 33 35 36 31 44 46 50 43 42 45 47 49 48 41
  5  6  1  8  9 10  4  3  2  7 17 13 18 20 19 16 14 12 15 11 21 28 22 26 25 24 23 30 27 29 35 39 34 37 36 32 38 40 33 31 47 46 50 48 41 43 45 44 49 42 57 56 58 54 55 59 60 52 53 51 69 62 64 68 70 67 63 65 66 61 74 76 80 73 72 75 77 79 78 71
 25 26 21 28 29 30 24 23 22 27 37 33 38 40 39 36 34 32 35 31 41 48 42 46 45 44 43 50 47 49 55 59 54 57 56 52 58 60 53 51 67 66 70 68 61 63 65 64 69 62 77 76 78 74 75 79 80 72 73 71  9  2  4  8 10  7  3  5  6  1 14 16 20 13 12 15 17 19 18 11
  6  7  2  9 10  1  5  4  3  8 18 14 19 11 20 17 15 13 16 12 22 29 23 27 26 25 24 21 28 30 36 40 35 38 37 33 39 31 34 32 48 47 41 49 42 44 46 45 50 43 58 57 59 55 56 60 51 53 54 52 70 63 65 69 61 68 64 66 67 62 75 77 71 74 73 76 78 80 79 72
 56 57 52 59 60 51 55 54 53 58 68 64 69 61 70 67 65 63 66 62 72 79 73 77 76 75 74 71 78 80  6 10  5  8  7  3  9  1  4  2 18 17 11 19 12 14 16 15 20 13 28 27 29 25 26 30 21 23 24 22 40 33 35 39 31 38 34 36 37 32 45 47 41 44 43 46 48 50 49 42
 76 77 72 79 80 71 75 74 73 78  8  4  9  1 10  7  5  3  6  2 12 19 13 17 16 15 14 11 18 20 26 30 25 28 27 23 29 21 24 22 38 37 31 39 32 34 36 35 40 33 48 47 49 45 46 50 41 43 44 42 60 53 55 59 51 58 54 56 57 52 65 67 61 64 63 66 68 70 69 62
 26 27 22 29 30 21 25 24 23 28 38 34 39 31 40 37 35 33 36 32 42 49 43 47 46 45 44 41 48 50 56 60 55 58 57 53 59 51 54 52 68 67 61 69 62 64 66 65 70 63 78 77 79 75 76 80 71 73 74 72 10  3  5  9  1  8  4  6  7  2 15 17 11 14 13 16 18 20 19 12
 36 37 32 39 40 31 35 34 33 38 48 44 49 41 50 47 45 43 46 42 52 59 53 57 56 55 54 51 58 60 66 70 65 68 67 63 69 61 64 62 78 77 71 79 72 74 76 75 80 73  8  7  9  5  6 10  1  3  4  2 20 13 15 19 11 18 14 16 17 12 25 27 21 24 23 26 28 30 29 22
 66 67 62 69 70 61 65 64 63 68 78 74 79 71 80 77 75 73 76 72  2  9  3  7  6  5  4  1  8 10 16 20 15 18 17 13 19 11 14 12 28 27 21 29 22 24 26 25 30 23 38 37 39 35 36 40 31 33 34 32 50 43 45 49 41 48 44 46 47 42 55 57 51 54 53 56 58 60 59 52
 16 17 12 19 20 11 15 14 13 18 28 24 29 21 30 27 25 23 26 22 32 39 33 37 36 35 34 31 38 40 46 50 45 48 47 43 49 41 44 42 58 57 51 59 52 54 56 55 60 53 68 67 69 65 66 70 61 63 64 62 80 73 75 79 71 78 74 76 77 72  5  7  1  4  3  6  8 10  9  2
 46 47 42 49 50 41 45 44 43 48 58 54 59 51 60 57 55 53 56 52 62 69 63 67 66 65 64 61 68 70 76 80 75 78 77 73 79 71 74 72  8  7  1  9  2  4  6  5 10  3 18 17 19 15 16 20 11 13 14 12 30 23 25 29 21 28 24 26 27 22 35 37 31 34 33 36 38 40 39 32
 27 28 23 30 21 22 26 25 24 29 39 35 40 32 31 38 36 34 37 33 43 50 44 48 47 46 45 42 49 41 57 51 56 59 58 54 60 52 55 53 69 68 62 70 63 65 67 66 61 64 79 78 80 76 77 71 72 74 75 73  1  4  6 10  2  9  5  7  8  3 16 18 12 15 14 17 19 11 20 13
 77 78 73 80 71 72 76 75 74 79  9  5 10  2  1  8  6  4  7  3 13 20 14 18 17 16 15 12 19 11 27 21 26 29 28 24 30 22 25 23 39 38 32 40 33 35 37 36 31 34 49 48 50 46 47 41 42 44 45 43 51 54 56 60 52 59 55 57 58 53 66 68 62 65 64 67 69 61 70 63
 47 48 43 50 41 42 46 45 44 49 59 55 60 52 51 58 56 54 57 53 63 70 64 68 67 66 65 62 69 61 77 71 76 79 78 74 80 72 75 73  9  8  2 10  3  5  7  6  1  4 19 18 20 16 17 11 12 14 15 13 21 24 26 30 22 29 25 27 28 23 36 38 32 35 34 37 39 31 40 33
 37 38 33 40 31 32 36 35 34 39 49 45 50 42 41 48 46 44 47 43 53 60 54 58 57 56 55 52 59 51 67 61 66 69 68 64 70 62 65 63 79 78 72 80 73 75 77 76 71 74  9  8 10  6  7  1  2  4  5  3 11 14 16 20 12 19 15 17 18 13 26 28 22 25 24 27 29 21 30 23
 57 58 53 60 51 52 56 55 54 59 69 65 70 62 61 68 66 64 67 63 73 80 74 78 77 76 75 72 79 71  7  1  6  9  8  4 10  2  5  3 19 18 12 20 13 15 17 16 11 14 29 28 30 26 27 21 22 24 25 23 31 34 36 40 32 39 35 37 38 33 46 48 42 45 44 47 49 41 50 43
 67 68 63 70 61 62 66 65 64 69 79 75 80 72 71 78 76 74 77 73  3 10  4  8  7  6  5  2  9  1 17 11 16 19 18 14 20 12 15 13 29 28 22 30 23 25 27 26 21 24 39 38 40 36 37 31 32 34 35 33 41 44 46 50 42 49 45 47 48 43 56 58 52 55 54 57 59 51 60 53
 17 18 13 20 11 12 16 15 14 19 29 25 30 22 21 28 26 24 27 23 33 40 34 38 37 36 35 32 39 31 47 41 46 49 48 44 50 42 45 43 59 58 52 60 53 55 57 56 51 54 69 68 70 66 67 61 62 64 65 63 71 74 76 80 72 79 75 77 78 73  6  8  2  5  4  7  9  1 10  3
  7  8  3 10  1  2  6  5  4  9 19 15 20 12 11 18 16 14 17 13 23 30 24 28 27 26 25 22 29 21 37 31 36 39 38 34 40 32 35 33 49 48 42 50 43 45 47 46 41 44 59 58 60 56 57 51 52 54 55 53 61 64 66 70 62 69 65 67 68 63 76 78 72 75 74 77 79 71 80 73
 58 59 54 51 52 53 57 56 55 60 70 66 61 63 62 69 67 65 68 64 74 71 75 79 78 77 76 73 80 72  8  2  7 10  9  5  1  3  6  4 20 19 13 11 14 16 18 17 12 15 30 29 21 27 28 22 23 25 26 24 32 35 37 31 33 40 36 38 39 34 47 49 43 46 45 48 50 42 41 44
 68 69 64 61 62 63 67 66 65 70 80 76 71 73 72 79 77 75 78 74  4  1  5  9  8  7  6  3 10  2 18 12 17 20 19 15 11 13 16 14 30 29 23 21 24 26 28 27 22 25 40 39 31 37 38 32 33 35 36 34 42 45 47 41 43 50 46 48 49 44 57 59 53 56 55 58 60 52 51 54
 48 49 44 41 42 43 47 46 45 50 60 56 51 53 52 59 57 55 58 54 64 61 65 69 68 67 66 63 70 62 78 72 77 80 79 75 71 73 76 74 10  9  3  1  4  6  8  7  2  5 20 19 11 17 18 12 13 15 16 14 22 25 27 21 23 30 26 28 29 24 37 39 33 36 35 38 40 32 31 34
 78 79 74 71 72 73 77 76 75 80 10  6  1  3  2  9  7  5  8  4 14 11 15 19 18 17 16 13 20 12 28 22 27 30 29 25 21 23 26 24 40 39 33 31 34 36 38 37 32 35 50 49 41 47 48 42 43 45 46 44 52 55 57 51 53 60 56 58 59 54 67 69 63 66 65 68 70 62 61 64
 28 29 24 21 22 23 27 26 25 30 40 36 31 33 32 39 37 35 38 34 44 41 45 49 48 47 46 43 50 42 58 52 57 60 59 55 51 53 56 54 70 69 63 61 64 66 68 67 62 65 80 79 71 77 78 72 73 75 76 74  2  5  7  1  3 10  6  8  9  4 17 19 13 16 15 18 20 12 11 14
 18 19 14 11 12 13 17 16 15 20 30 26 21 23 22 29 27 25 28 24 34 31 35 39 38 37 36 33 40 32 48 42 47 50 49 45 41 43 46 44 60 59 53 51 54 56 58 57 52 55 70 69 61 67 68 62 63 65 66 64 72 75 77 71 73 80 76 78 79 74  7  9  3  6  5  8 10  2  1  4
 38 39 34 31 32 33 37 36 35 40 50 46 41 43 42 49 47 45 48 44 54 51 55 59 58 57 56 53 60 52 68 62 67 70 69 65 61 63 66 64 80 79 73 71 74 76 78 77 72 75 10  9  1  7  8  2  3  5  6  4 12 15 17 11 13 20 16 18 19 14 27 29 23 26 25 28 30 22 21 24
  8  9  4  1  2  3  7  6  5 10 20 16 11 13 12 19 17 15 18 14 24 21 25 29 28 27 26 23 30 22 38 32 37 40 39 35 31 33 36 34 50 49 43 41 44 46 48 47 42 45 60 59 51 57 58 52 53 55 56 54 62 65 67 61 63 70 66 68 69 64 77 79 73 76 75 78 80 72 71 74
 49 50 45 42 43 44 48 47 46 41 51 57 52 54 53 60 58 56 59 55 65 62 66 70 69 68 67 64 61 63 79 73 78 71 80 76 72 74 77 75  1 10  4  2  5  7  9  8  3  6 11 20 12 18 19 13 14 16 17 15 23 26 28 22 24 21 27 29 30 25 38 40 34 37 36 39 31 33 32 35
 19 20 15 12 13 14 18 17 16 11 21 27 22 24 23 30 28 26 29 25 35 32 36 40 39 38 37 34 31 33 49 43 48 41 50 46 42 44 47 45 51 60 54 52 55 57 59 58 53 56 61 70 62 68 69 63 64 66 67 65 73 76 78 72 74 71 77 79 80 75  8 10  4  7  6  9  1  3  2  5
 59 60 55 52 53 54 58 57 56 51 61 67 62 64 63 70 68 66 69 65 75 72 76 80 79 78 77 74 71 73  9  3  8  1 10  6  2  4  7  5 11 20 14 12 15 17 19 18 13 16 21 30 22 28 29 23 24 26 27 25 33 36 38 32 34 31 37 39 40 35 48 50 44 47 46 49 41 43 42 45
 69 70 65 62 63 64 68 67 66 61 71 77 72 74 73 80 78 76 79 75  5  2  6 10  9  8  7  4  1  3 19 13 18 11 20 16 12 14 17 15 21 30 24 22 25 27 29 28 23 26 31 40 32 38 39 33 34 36 37 35 43 46 48 42 44 41 47 49 50 45 58 60 54 57 56 59 51 53 52 55
 39 40 35 32 33 34 38 37 36 31 41 47 42 44 43 50 48 46 49 45 55 52 56 60 59 58 57 54 51 53 69 63 68 61 70 66 62 64 67 65 71 80 74 72 75 77 79 78 73 76  1 10  2  8  9  3  4  6  7  5 13 16 18 12 14 11 17 19 20 15 28 30 24 27 26 29 21 23 22 25
 29 30 25 22 23 24 28 27 26 21 31 37 32 34 33 40 38 36 39 35 45 42 46 50 49 48 47 44 41 43 59 53 58 51 60 56 52 54 57 55 61 70 64 62 65 67 69 68 63 66 71 80 72 78 79 73 74 76 77 75  3  6  8  2  4  1  7  9 10  5 18 20 14 17 16 19 11 13 12 15
 79 80 75 72 73 74 78 77 76 71  1  7  2  4  3 10  8  6  9  5 15 12 16 20 19 18 17 14 11 13 29 23 28 21 30 26 22 24 27 25 31 40 34 32 35 37 39 38 33 36 41 50 42 48 49 43 44 46 47 45 53 56 58 52 54 51 57 59 60 55 68 70 64 67 66 69 61 63 62 65
  9 10  5  2  3  4  8  7  6  1 11 17 12 14 13 20 18 16 19 15 25 22 26 30 29 28 27 24 21 23 39 33 38 31 40 36 32 34 37 35 41 50 44 42 45 47 49 48 43 46 51 60 52 58 59 53 54 56 57 55 63 66 68 62 64 61 67 69 70 65 78 80 74 77 76 79 71 73 72 75
 60 51 56 53 54 55 59 58 57 52 62 68 63 65 64 61 69 67 70 66 76 73 77 71 80 79 78 75 72 74 10  4  9  2  1  7  3  5  8  6 12 11 15 13 16 18 20 19 14 17 22 21 23 29 30 24 25 27 28 26 34 37 39 33 35 32 38 40 31 36 49 41 45 48 47 50 42 44 43 46
 80 71 76 73 74 75 79 78 77 72  2  8  3  5  4  1  9  7 10  6 16 13 17 11 20 19 18 15 12 14 30 24 29 22 21 27 23 25 28 26 32 31 35 33 36 38 40 39 34 37 42 41 43 49 50 44 45 47 48 46 54 57 59 53 55 52 58 60 51 56 69 61 65 68 67 70 62 64 63 66
 40 31 36 33 34 35 39 38 37 32 42 48 43 45 44 41 49 47 50 46 56 53 57 51 60 59 58 55 52 54 70 64 69 62 61 67 63 65 68 66 72 71 75 73 76 78 80 79 74 77  2  1  3  9 10  4  5  7  8  6 14 17 19 13 15 12 18 20 11 16 29 21 25 28 27 30 22 24 23 26
 10  1  6  3  4  5  9  8  7  2 12 18 13 15 14 11 19 17 20 16 26 23 27 21 30 29 28 25 22 24 40 34 39 32 31 37 33 35 38 36 42 41 45 43 46 48 50 49 44 47 52 51 53 59 60 54 55 57 58 56 64 67 69 63 65 62 68 70 61 66 79 71 75 78 77 80 72 74 73 76
 30 21 26 23 24 25 29 28 27 22 32 38 33 35 34 31 39 37 40 36 46 43 47 41 50 49 48 45 42 44 60 54 59 52 51 57 53 55 58 56 62 61 65 63 66 68 70 69 64 67 72 71 73 79 80 74 75 77 78 76  4  7  9  3  5  2  8 10  1  6 19 11 15 18 17 20 12 14 13 16
 50 41 46 43 44 45 49 48 47 42 52 58 53 55 54 51 59 57 60 56 66 63 67 61 70 69 68 65 62 64 80 74 79 72 71 77 73 75 78 76  2  1  5  3  6  8 10  9  4  7 12 11 13 19 20 14 15 17 18 16 24 27 29 23 25 22 28 30 21 26 39 31 35 38 37 40 32 34 33 36
 20 11 16 13 14 15 19 18 17 12 22 28 23 25 24 21 29 27 30 26 36 33 37 31 40 39 38 35 32 34 50 44 49 42 41 47 43 45 48 46 52 51 55 53 56 58 60 59 54 57 62 61 63 69 70 64 65 67 68 66 74 77 79 73 75 72 78 80 71 76  9  1  5  8  7 10  2  4  3  6
 70 61 66 63 64 65 69 68 67 62 72 78 73 75 74 71 79 77 80 76  6  3  7  1 10  9  8  5  2  4 20 14 19 12 11 17 13 15 18 16 22 21 25 23 26 28 30 29 24 27 32 31 33 39 40 34 35 37 38 36 44 47 49 43 45 42 48 50 41 46 59 51 55 58 57 60 52 54 53 56
 71 72 77 74 75 76 80 79 78 73  3  9  4  6  5  2 10  8  1  7 17 14 18 12 11 20 19 16 13 15 21 25 30 23 22 28 24 26 29 27 33 32 36 34 37 39 31 40 35 38 43 42 44 50 41 45 46 48 49 47 55 58 60 54 56 53 59 51 52 57 70 62 66 69 68 61 63 65 64 67
 61 62 67 64 65 66 70 69 68 63 73 79 74 76 75 72 80 78 71 77  7  4  8  2  1 10  9  6  3  5 11 15 20 13 12 18 14 16 19 17 23 22 26 24 27 29 21 30 25 28 33 32 34 40 31 35 36 38 39 37 45 48 50 44 46 43 49 41 42 47 60 52 56 59 58 51 53 55 54 57
 51 52 57 54 55 56 60 59 58 53 63 69 64 66 65 62 70 68 61 67 77 74 78 72 71 80 79 76 73 75  1  5 10  3  2  8  4  6  9  7 13 12 16 14 17 19 11 20 15 18 23 22 24 30 21 25 26 28 29 27 35 38 40 34 36 33 39 31 32 37 50 42 46 49 48 41 43 45 44 47
  1  2  7  4  5  6 10  9  8  3 13 19 14 16 15 12 20 18 11 17 27 24 28 22 21 30 29 26 23 25 31 35 40 33 32 38 34 36 39 37 43 42 46 44 47 49 41 50 45 48 53 52 54 60 51 55 56 58 59 57 65 68 70 64 66 63 69 61 62 67 80 72 76 79 78 71 73 75 74 77
 31 32 37 34 35 36 40 39 38 33 43 49 44 46 45 42 50 48 41 47 57 54 58 52 51 60 59 56 53 55 61 65 70 63 62 68 64 66 69 67 73 72 76 74 77 79 71 80 75 78  3  2  4 10  1  5  6  8  9  7 15 18 20 14 16 13 19 11 12 17 30 22 26 29 28 21 23 25 24 27
 21 22 27 24 25 26 30 29 28 23 33 39 34 36 35 32 40 38 31 37 47 44 48 42 41 50 49 46 43 45 51 55 60 53 52 58 54 56 59 57 63 62 66 64 67 69 61 70 65 68 73 72 74 80 71 75 76 78 79 77  5  8 10  4  6  3  9  1  2  7 20 12 16 19 18 11 13 15 14 17
 11 12 17 14 15 16 20 19 18 13 23 29 24 26 25 22 30 28 21 27 37 34 38 32 31 40 39 36 33 35 41 45 50 43 42 48 44 46 49 47 53 52 56 54 57 59 51 60 55 58 63 62 64 70 61 65 66 68 69 67 75 78 80 74 76 73 79 71 72 77 10  2  6  9  8  1  3  5  4  7
 41 42 47 44 45 46 50 49 48 43 53 59 54 56 55 52 60 58 51 57 67 64 68 62 61 70 69 66 63 65 71 75 80 73 72 78 74 76 79 77  3  2  6  4  7  9  1 10  5  8 13 12 14 20 11 15 16 18 19 17 25 28 30 24 26 23 29 21 22 27 40 32 36 39 38 31 33 35 34 37
