  2  4  5  1  3  7  9  8  6 10 14 11 13 15 12
  7  9 10  6  8 12 14 13 11 15  4  1  3  5  2
 12 14 15 11 13  2  4  3  1  5  9  6  8 10  7
 13 15 11 12 14  3  5  4  2  1 10  7  9  6  8
  8 10  6  7  9 13 15 14 12 11  5  2  4  1  3
  3  5  1  2  4  8 10  9  7  6 15 12 14 11 13
 14 11 12 13 15  4  1  5  3  2  6  8 10  7  9
  9  6  7  8 10 14 11 15 13 12  1  3  5  2  4
  4  1  2  3  5  9  6 10  8  7 11 13 15 12 14
  5  2  3  4  1 10  7  6  9  8 12 14 11 13 15
 10  7  8  9  6 15 12 11 14 13  2  4  1  3  5
 15 12 13 14 11  5  2  1  4  3  7  9  6  8 10
  1  3  4  5  2  6  8  7 10  9 13 15 12 14 11
 11 13 14 15 12  1  3  2  5  4  8 10  7  9  6
  6  8  9 10  7 11 13 12 15 14  3  5  2  4  1
