 17 10 13 16 11 12 14 15 18 19 23 26 27 20 24 21 25 22 36 30 33 35 34 29 31 32 28 43 45 40 41 42 39 37 44 38 46 52 54 53 49 51 48 47 50  7  9  3  8  4  2  6  1  5
  8  1  4  7  2  3  5  6  9 10 14 17 18 11 15 12 16 13 27 21 24 26 25 20 22 23 19 34 36 31 32 33 30 28 35 29 37 43 45 44 40 42 39 38 41 52 54 48 53 49 47 51 46 50
 35 28 31 34 29 30 32 33 36 37 41 44 45 38 42 39 43 40 54 48 51 53 52 47 49 50 46  7  9  4  5  6  3  1  8  2 10 16 18 17 13 15 12 11 14 25 27 21 26 22 20 24 19 23
 44 37 40 43 38 39 41 42 45 46 50 53 54 47 51 48 52 49  9  3  6  8  7  2  4  5  1 16 18 13 14 15 12 10 17 11 19 25 27 26 22 24 21 20 23 34 36 30 35 31 29 33 28 32
 26 19 22 25 20 21 23 24 27 28 32 35 36 29 33 30 34 31 45 39 42 44 43 38 40 41 37 52 54 49 50 51 48 46 53 47  1  7  9  8  4  6  3  2  5 16 18 12 17 13 11 15 10 14
 53 46 49 52 47 48 50 51 54  1  5  8  9  2  6  3  7  4 18 12 15 17 16 11 13 14 10 25 27 22 23 24 21 19 26 20 28 34 36 35 31 33 30 29 32 43 45 39 44 40 38 42 37 41
 45 38 41 44 39 40 42 43 37 47 51 54 46 48 52 49 53 50  1  4  7  9  8  3  5  6  2 17 10 14 15 16 13 11 18 12 20 26 19 27 23 25 22 21 24 35 28 31 36 32 30 34 29 33
 36 29 32 35 30 31 33 34 28 38 42 45 37 39 43 40 44 41 46 49 52 54 53 48 50 51 47  8  1  5  6  7  4  2  9  3 11 17 10 18 14 16 13 12 15 26 19 22 27 23 21 25 20 24
 27 20 23 26 21 22 24 25 19 29 33 36 28 30 34 31 35 32 37 40 43 45 44 39 41 42 38 53 46 50 51 52 49 47 54 48  2  8  1  9  5  7  4  3  6 17 10 13 18 14 12 16 11 15
  9  2  5  8  3  4  6  7  1 11 15 18 10 12 16 13 17 14 19 22 25 27 26 21 23 24 20 35 28 32 33 34 31 29 36 30 38 44 37 45 41 43 40 39 42 53 46 49 54 50 48 52 47 51
 54 47 50 53 48 49 51 52 46  2  6  9  1  3  7  4  8  5 10 13 16 18 17 12 14 15 11 26 19 23 24 25 22 20 27 21 29 35 28 36 32 34 31 30 33 44 37 40 45 41 39 43 38 42
 18 11 14 17 12 13 15 16 10 20 24 27 19 21 25 22 26 23 28 31 34 36 35 30 32 33 29 44 37 41 42 43 40 38 45 39 47 53 46 54 50 52 49 48 51  8  1  4  9  5  3  7  2  6
 19 21 24 27 22 23 25 26 20 30 34 28 29 31 35 32 36 33 38 41 44 37 45 40 42 43 39 54 47 51 52 53 50 48 46 49  3  9  2  1  6  8  5  4  7 18 11 14 10 15 13 17 12 16
 10 12 15 18 13 14 16 17 11 21 25 19 20 22 26 23 27 24 29 32 35 28 36 31 33 34 30 45 38 42 43 44 41 39 37 40 48 54 47 46 51 53 50 49 52  9  2  5  1  6  4  8  3  7
 46 48 51 54 49 50 52 53 47  3  7  1  2  4  8  5  9  6 11 14 17 10 18 13 15 16 12 27 20 24 25 26 23 21 19 22 30 36 29 28 33 35 32 31 34 45 38 41 37 42 40 44 39 43
 37 39 42 45 40 41 43 44 38 48 52 46 47 49 53 50 54 51  2  5  8  1  9  4  6  7  3 18 11 15 16 17 14 12 10 13 21 27 20 19 24 26 23 22 25 36 29 32 28 33 31 35 30 34
 28 30 33 36 31 32 34 35 29 39 43 37 38 40 44 41 45 42 47 50 53 46 54 49 51 52 48  9  2  6  7  8  5  3  1  4 12 18 11 10 15 17 14 13 16 27 20 23 19 24 22 26 21 25
  1  3  6  9  4  5  7  8  2 12 16 10 11 13 17 14 18 15 20 23 26 19 27 22 24 25 21 36 29 33 34 35 32 30 28 31 39 45 38 37 42 44 41 40 43 54 47 50 46 51 49 53 48 52
  2  4  7  1  5  6  8  9  3 13 17 11 12 14 18 15 10 16 21 24 27 20 19 23 25 26 22 28 30 34 35 36 33 31 29 32 40 37 39 38 43 45 42 41 44 46 48 51 47 52 50 54 49 53
 29 31 34 28 32 33 35 36 30 40 44 38 39 41 45 42 37 43 48 51 54 47 46 50 52 53 49  1  3  7  8  9  6  4  2  5 13 10 12 11 16 18 15 14 17 19 21 24 20 25 23 27 22 26
 20 22 25 19 23 24 26 27 21 31 35 29 30 32 36 33 28 34 39 42 45 38 37 41 43 44 40 46 48 52 53 54 51 49 47 50  4  1  3  2  7  9  6  5  8 10 12 15 11 16 14 18 13 17
 11 13 16 10 14 15 17 18 12 22 26 20 21 23 27 24 19 25 30 33 36 29 28 32 34 35 31 37 39 43 44 45 42 40 38 41 49 46 48 47 52 54 51 50 53  1  3  6  2  7  5  9  4  8
 38 40 43 37 41 42 44 45 39 49 53 47 48 50 54 51 46 52  3  6  9  2  1  5  7  8  4 10 12 16 17 18 15 13 11 14 22 19 21 20 25 27 24 23 26 28 30 33 29 34 32 36 31 35
 47 49 52 46 50 51 53 54 48  4  8  2  3  5  9  6  1  7 12 15 18 11 10 14 16 17 13 19 21 25 26 27 24 22 20 23 31 28 30 29 34 36 33 32 35 37 39 42 38 43 41 45 40 44
 21 23 26 20 24 25 27 19 22 32 36 30 31 33 28 34 29 35 40 43 37 39 38 42 44 45 41 47 49 53 54 46 52 50 48 51  5  2  4  3  8  1  7  6  9 11 13 16 12 17 15 10 14 18
 30 32 35 29 33 34 36 28 31 41 45 39 40 42 37 43 38 44 49 52 46 48 47 51 53 54 50  2  4  8  9  1  7  5  3  6 14 11 13 12 17 10 16 15 18 20 22 25 21 26 24 19 23 27
 39 41 44 38 42 43 45 37 40 50 54 48 49 51 46 52 47 53  4  7  1  3  2  6  8  9  5 11 13 17 18 10 16 14 12 15 23 20 22 21 26 19 25 24 27 29 31 34 30 35 33 28 32 36
 12 14 17 11 15 16 18 10 13 23 27 21 22 24 19 25 20 26 31 34 28 30 29 33 35 36 32 38 40 44 45 37 43 41 39 42 50 47 49 48 53 46 52 51 54  2  4  7  3  8  6  1  5  9
  3  5  8  2  6  7  9  1  4 14 18 12 13 15 10 16 11 17 22 25 19 21 20 24 26 27 23 29 31 35 36 28 34 32 30 33 41 38 40 39 44 37 43 42 45 47 49 52 48 53 51 46 50 54
 48 50 53 47 51 52 54 46 49  5  9  3  4  6  1  7  2  8 13 16 10 12 11 15 17 18 14 20 22 26 27 19 25 23 21 24 32 29 31 30 35 28 34 33 36 38 40 43 39 44 42 37 41 45
 13 15 18 12 16 17 10 11 14 24 19 22 23 25 20 26 21 27 32 35 29 31 30 34 36 28 33 39 41 45 37 38 44 42 40 43 51 48 50 49 54 47 53 52 46  3  5  8  4  9  7  2  6  1
 49 51 54 48 52 53 46 47 50  6  1  4  5  7  2  8  3  9 14 17 11 13 12 16 18 10 15 21 23 27 19 20 26 24 22 25 33 30 32 31 36 29 35 34 28 39 41 44 40 45 43 38 42 37
  4  6  9  3  7  8  1  2  5 15 10 13 14 16 11 17 12 18 23 26 20 22 21 25 27 19 24 30 32 36 28 29 35 33 31 34 42 39 41 40 45 38 44 43 37 48 50 53 49 54 52 47 51 46
 40 42 45 39 43 44 37 38 41 51 46 49 50 52 47 53 48 54  5  8  2  4  3  7  9  1  6 12 14 18 10 11 17 15 13 16 24 21 23 22 27 20 26 25 19 30 32 35 31 36 34 29 33 28
 22 24 27 21 25 26 19 20 23 33 28 31 32 34 29 35 30 36 41 44 38 40 39 43 45 37 42 48 50 54 46 47 53 51 49 52  6  3  5  4  9  2  8  7  1 12 14 17 13 18 16 11 15 10
 31 33 36 30 34 35 28 29 32 42 37 40 41 43 38 44 39 45 50 53 47 49 48 52 54 46 51  3  5  9  1  2  8  6  4  7 15 12 14 13 18 11 17 16 10 21 23 26 22 27 25 20 24 19
 41 43 37 40 44 45 38 39 42 52 47 50 51 53 48 54 49 46  6  9  3  5  4  8  1  2  7 13 15 10 11 12 18 16 14 17 25 22 24 23 19 21 27 26 20 31 33 36 32 28 35 30 34 29
  5  7  1  4  8  9  2  3  6 16 11 14 15 17 12 18 13 10 24 27 21 23 22 26 19 20 25 31 33 28 29 30 36 34 32 35 43 40 42 41 37 39 45 44 38 49 51 54 50 46 53 48 52 47
 14 16 10 13 17 18 11 12 15 25 20 23 24 26 21 27 22 19 33 36 30 32 31 35 28 29 34 40 42 37 38 39 45 43 41 44 52 49 51 50 46 48 54 53 47  4  6  9  5  1  8  3  7  2
 50 52 46 49 53 54 47 48 51  7  2  5  6  8  3  9  4  1 15 18 12 14 13 17 10 11 16 22 24 19 20 21 27 25 23 26 34 31 33 32 28 30 36 35 29 40 42 45 41 37 44 39 43 38
 32 34 28 31 35 36 29 30 33 43 38 41 42 44 39 45 40 37 51 54 48 50 49 53 46 47 52  4  6  1  2  3  9  7  5  8 16 13 15 14 10 12 18 17 11 22 24 27 23 19 26 21 25 20
 23 25 19 22 26 27 20 21 24 34 29 32 33 35 30 36 31 28 42 45 39 41 40 44 37 38 43 49 51 46 47 48 54 52 50 53  7  4  6  5  1  3  9  8  2 13 15 18 14 10 17 12 16 11
 42 44 38 41 45 37 39 40 43 53 48 51 52 54 49 46 50 47  7  1  4  6  5  9  2  3  8 14 16 11 12 13 10 17 15 18 26 23 25 24 20 22 19 27 21 32 34 28 33 29 36 31 35 30
 33 35 29 32 36 28 30 31 34 44 39 42 43 45 40 37 41 38 52 46 49 51 50 54 47 48 53  5  7  2  3  4  1  8  6  9 17 14 16 15 11 13 10 18 12 23 25 19 24 20 27 22 26 21
  6  8  2  5  9  1  3  4  7 17 12 15 16 18 13 10 14 11 25 19 22 24 23 27 20 21 26 32 34 29 30 31 28 35 33 36 44 41 43 42 38 40 37 45 39 50 52 46 51 47 54 49 53 48
 51 53 47 50 54 46 48 49 52  8  3  6  7  9  4  1  5  2 16 10 13 15 14 18 11 12 17 23 25 20 21 22 19 26 24 27 35 32 34 33 29 31 28 36 30 41 43 37 42 38 45 40 44 39
 15 17 11 14 18 10 12 13 16 26 21 24 25 27 22 19 23 20 34 28 31 33 32 36 29 30 35 41 43 38 39 40 37 44 42 45 53 50 52 51 47 49 46 54 48  5  7  1  6  2  9  4  8  3
 24 26 20 23 27 19 21 22 25 35 30 33 34 36 31 28 32 29 43 37 40 42 41 45 38 39 44 50 52 47 48 49 46 53 51 54  8  5  7  6  2  4  1  9  3 14 16 10 15 11 18 13 17 12
 43 45 39 42 37 38 40 41 44 54 49 52 53 46 50 47 51 48  8  2  5  7  6  1  3  4  9 15 17 12 13 14 11 18 16 10 27 24 26 25 21 23 20 19 22 33 35 29 34 30 28 32 36 31
 52 54 48 51 46 47 49 50 53  9  4  7  8  1  5  2  6  3 17 11 14 16 15 10 12 13 18 24 26 21 22 23 20 27 25 19 36 33 35 34 30 32 29 28 31 42 44 38 43 39 37 41 45 40
 16 18 12 15 10 11 13 14 17 27 22 25 26 19 23 20 24 21 35 29 32 34 33 28 30 31 36 42 44 39 40 41 38 45 43 37 54 51 53 52 48 50 47 46 49  6  8  2  7  3  1  5  9  4
 34 36 30 33 28 29 31 32 35 45 40 43 44 37 41 38 42 39 53 47 50 52 51 46 48 49 54  6  8  3  4  5  2  9  7  1 18 15 17 16 12 14 11 10 13 24 26 20 25 21 19 23 27 22
 25 27 21 24 19 20 22 23 26 36 31 34 35 28 32 29 33 30 44 38 41 43 42 37 39 40 45 51 53 48 49 50 47 54 52 46  9  6  8  7  3  5  2  1  4 15 17 11 16 12 10 14 18 13
  7  9  3  6  1  2  4  5  8 18 13 16 17 10 14 11 15 12 26 20 23 25 24 19 21 22 27 33 35 30 31 32 29 36 34 28 45 42 44 43 39 41 38 37 40 51 53 47 52 48 46 50 54 49
