 39 45 37 43 42 41 40 44 38 52 53 48 51 47 46 54 50 49  9  2  3  7  8  4  6  1  5 17 12 16 18 11 10 15 13 14 23 25 27 26 24 22 20 21 19 30 28 35 34 29 31 36 32 33
 21 27 19 25 24 23 22 26 20 34 35 30 33 29 28 36 32 31 45 38 39 43 44 40 42 37 41 53 48 52 54 47 46 51 49 50  5  7  9  8  6  4  2  3  1 12 10 17 16 11 13 18 14 15
 30 36 28 34 33 32 31 35 29 43 44 39 42 38 37 45 41 40 54 47 48 52 53 49 51 46 50  8  3  7  9  2  1  6  4  5 14 16 18 17 15 13 11 12 10 21 19 26 25 20 22 27 23 24
  3  9  1  7  6  5  4  8  2 16 17 12 15 11 10 18 14 13 27 20 21 25 26 22 24 19 23 35 30 34 36 29 28 33 31 32 41 43 45 44 42 40 38 39 37 48 46 53 52 47 49 54 50 51
 12 18 10 16 15 14 13 17 11 25 26 21 24 20 19 27 23 22 36 29 30 34 35 31 33 28 32 44 39 43 45 38 37 42 40 41 50 52 54 53 51 49 47 48 46  3  1  8  7  2  4  9  5  6
 48 54 46 52 51 50 49 53 47  7  8  3  6  2  1  9  5  4 18 11 12 16 17 13 15 10 14 26 21 25 27 20 19 24 22 23 32 34 36 35 33 31 29 30 28 39 37 44 43 38 40 45 41 42
 31 28 29 35 34 33 32 36 30 44 45 40 43 39 38 37 42 41 46 48 49 53 54 50 52 47 51  9  4  8  1  3  2  7  5  6 15 17 10 18 16 14 12 13 11 22 20 27 26 21 23 19 24 25
 40 37 38 44 43 42 41 45 39 53 54 49 52 48 47 46 51 50  1  3  4  8  9  5  7  2  6 18 13 17 10 12 11 16 14 15 24 26 19 27 25 23 21 22 20 31 29 36 35 30 32 28 33 34
  4  1  2  8  7  6  5  9  3 17 18 13 16 12 11 10 15 14 19 21 22 26 27 23 25 20 24 36 31 35 28 30 29 34 32 33 42 44 37 45 43 41 39 40 38 49 47 54 53 48 50 46 51 52
 13 10 11 17 16 15 14 18 12 26 27 22 25 21 20 19 24 23 28 30 31 35 36 32 34 29 33 45 40 44 37 39 38 43 41 42 51 53 46 54 52 50 48 49 47  4  2  9  8  3  5  1  6  7
 22 19 20 26 25 24 23 27 21 35 36 31 34 30 29 28 33 32 37 39 40 44 45 41 43 38 42 54 49 53 46 48 47 52 50 51  6  8  1  9  7  5  3  4  2 13 11 18 17 12 14 10 15 16
 49 46 47 53 52 51 50 54 48  8  9  4  7  3  2  1  6  5 10 12 13 17 18 14 16 11 15 27 22 26 19 21 20 25 23 24 33 35 28 36 34 32 30 31 29 40 38 45 44 39 41 37 42 43
 23 20 21 27 26 25 24 19 22 36 28 32 35 31 30 29 34 33 38 40 41 45 37 42 44 39 43 46 50 54 47 49 48 53 51 52  7  9  2  1  8  6  4  5  3 14 12 10 18 13 15 11 16 17
 50 47 48 54 53 52 51 46 49  9  1  5  8  4  3  2  7  6 11 13 14 18 10 15 17 12 16 19 23 27 20 22 21 26 24 25 34 36 29 28 35 33 31 32 30 41 39 37 45 40 42 38 43 44
 41 38 39 45 44 43 42 37 40 54 46 50 53 49 48 47 52 51  2  4  5  9  1  6  8  3  7 10 14 18 11 13 12 17 15 16 25 27 20 19 26 24 22 23 21 32 30 28 36 31 33 29 34 35
 14 11 12 18 17 16 15 10 13 27 19 23 26 22 21 20 25 24 29 31 32 36 28 33 35 30 34 37 41 45 38 40 39 44 42 43 52 54 47 46 53 51 49 50 48  5  3  1  9  4  6  2  7  8
 32 29 30 36 35 34 33 28 31 45 37 41 44 40 39 38 43 42 47 49 50 54 46 51 53 48 52  1  5  9  2  4  3  8  6  7 16 18 11 10 17 15 13 14 12 23 21 19 27 22 24 20 25 26
  5  2  3  9  8  7  6  1  4 18 10 14 17 13 12 11 16 15 20 22 23 27 19 24 26 21 25 28 32 36 29 31 30 35 33 34 43 45 38 37 44 42 40 41 39 50 48 46 54 49 51 47 52 53
 42 39 40 37 45 44 43 38 41 46 47 51 54 50 49 48 53 52  3  5  6  1  2  7  9  4  8 11 15 10 12 14 13 18 16 17 26 19 21 20 27 25 23 24 22 33 31 29 28 32 34 30 35 36
 51 48 49 46 54 53 52 47 50  1  2  6  9  5  4  3  8  7 12 14 15 10 11 16 18 13 17 20 24 19 21 23 22 27 25 26 35 28 30 29 36 34 32 33 31 42 40 38 37 41 43 39 44 45
 33 30 31 28 36 35 34 29 32 37 38 42 45 41 40 39 44 43 48 50 51 46 47 52 54 49 53  2  6  1  3  5  4  9  7  8 17 10 12 11 18 16 14 15 13 24 22 20 19 23 25 21 26 27
 15 12 13 10 18 17 16 11 14 19 20 24 27 23 22 21 26 25 30 32 33 28 29 34 36 31 35 38 42 37 39 41 40 45 43 44 53 46 48 47 54 52 50 51 49  6  4  2  1  5  7  3  8  9
  6  3  4  1  9  8  7  2  5 10 11 15 18 14 13 12 17 16 21 23 24 19 20 25 27 22 26 29 33 28 30 32 31 36 34 35 44 37 39 38 45 43 41 42 40 51 49 47 46 50 52 48 53 54
 24 21 22 19 27 26 25 20 23 28 29 33 36 32 31 30 35 34 39 41 42 37 38 43 45 40 44 47 51 46 48 50 49 54 52 53  8  1  3  2  9  7  5  6  4 15 13 11 10 14 16 12 17 18
 25 22 23 20 19 27 26 21 24 29 30 34 28 33 32 31 36 35 40 42 43 38 39 44 37 41 45 48 52 47 49 51 50 46 53 54  9  2  4  3  1  8  6  7  5 16 14 12 11 15 17 13 18 10
  7  4  5  2  1  9  8  3  6 11 12 16 10 15 14 13 18 17 22 24 25 20 21 26 19 23 27 30 34 29 31 33 32 28 35 36 45 38 40 39 37 44 42 43 41 52 50 48 47 51 53 49 54 46
 43 40 41 38 37 45 44 39 42 47 48 52 46 51 50 49 54 53  4  6  7  2  3  8  1  5  9 12 16 11 13 15 14 10 17 18 27 20 22 21 19 26 24 25 23 34 32 30 29 33 35 31 36 28
 16 13 14 11 10 18 17 12 15 20 21 25 19 24 23 22 27 26 31 33 34 29 30 35 28 32 36 39 43 38 40 42 41 37 44 45 54 47 49 48 46 53 51 52 50  7  5  3  2  6  8  4  9  1
 52 49 50 47 46 54 53 48 51  2  3  7  1  6  5  4  9  8 13 15 16 11 12 17 10 14 18 21 25 20 22 24 23 19 26 27 36 29 31 30 28 35 33 34 32 43 41 39 38 42 44 40 45 37
 34 31 32 29 28 36 35 30 33 38 39 43 37 42 41 40 45 44 49 51 52 47 48 53 46 50 54  3  7  2  4  6  5  1  8  9 18 11 13 12 10 17 15 16 14 25 23 21 20 24 26 22 27 19
 26 23 24 21 20 19 27 22 25 30 31 35 29 34 33 32 28 36 41 43 44 39 40 45 38 42 37 49 53 48 50 52 51 47 54 46  1  3  5  4  2  9  7  8  6 17 15 13 12 16 18 14 10 11
 35 32 33 30 29 28 36 31 34 39 40 44 38 43 42 41 37 45 50 52 53 48 49 54 47 51 46  4  8  3  5  7  6  2  9  1 10 12 14 13 11 18 16 17 15 26 24 22 21 25 27 23 19 20
 44 41 42 39 38 37 45 40 43 48 49 53 47 52 51 50 46 54  5  7  8  3  4  9  2  6  1 13 17 12 14 16 15 11 18 10 19 21 23 22 20 27 25 26 24 35 33 31 30 34 36 32 28 29
 53 50 51 48 47 46 54 49 52  3  4  8  2  7  6  5  1  9 14 16 17 12 13 18 11 15 10 22 26 21 23 25 24 20 27 19 28 30 32 31 29 36 34 35 33 44 42 40 39 43 45 41 37 38
 17 14 15 12 11 10 18 13 16 21 22 26 20 25 24 23 19 27 32 34 35 30 31 36 29 33 28 40 44 39 41 43 42 38 45 37 46 48 50 49 47 54 52 53 51  8  6  4  3  7  9  5  1  2
  8  5  6  3  2  1  9  4  7 12 13 17 11 16 15 14 10 18 23 25 26 21 22 27 20 24 19 31 35 30 32 34 33 29 36 28 37 39 41 40 38 45 43 44 42 53 51 49 48 52 54 50 46 47
 27 24 25 22 21 20 19 23 26 31 32 36 30 35 34 33 29 28 42 44 45 40 41 37 39 43 38 50 54 49 51 53 52 48 46 47  2  4  6  5  3  1  8  9  7 18 16 14 13 17 10 15 11 12
 36 33 34 31 30 29 28 32 35 40 41 45 39 44 43 42 38 37 51 53 54 49 50 46 48 52 47  5  9  4  6  8  7  3  1  2 11 13 15 14 12 10 17 18 16 27 25 23 22 26 19 24 20 21
 18 15 16 13 12 11 10 14 17 22 23 27 21 26 25 24 20 19 33 35 36 31 32 28 30 34 29 41 45 40 42 44 43 39 37 38 47 49 51 50 48 46 53 54 52  9  7  5  4  8  1  6  2  3
  9  6  7  4  3  2  1  5  8 13 14 18 12 17 16 15 11 10 24 26 27 22 23 19 21 25 20 32 36 31 33 35 34 30 28 29 38 40 42 41 39 37 44 45 43 54 52 50 49 53 46 51 47 48
 45 42 43 40 39 38 37 41 44 49 50 54 48 53 52 51 47 46  6  8  9  4  5  1  3  7  2 14 18 13 15 17 16 12 10 11 20 22 24 23 21 19 26 27 25 36 34 32 31 35 28 33 29 30
 54 51 52 49 48 47 46 50 53  4  5  9  3  8  7  6  2  1 15 17 18 13 14 10 12 16 11 23 27 22 24 26 25 21 19 20 29 31 33 32 30 28 35 36 34 45 43 41 40 44 37 42 38 39
  1  7  8  5  4  3  2  6  9 14 15 10 13 18 17 16 12 11 25 27 19 23 24 20 22 26 21 33 28 32 34 36 35 31 29 30 39 41 43 42 40 38 45 37 44 46 53 51 50 54 47 52 48 49
 10 16 17 14 13 12 11 15 18 23 24 19 22 27 26 25 21 20 34 36 28 32 33 29 31 35 30 42 37 41 43 45 44 40 38 39 48 50 52 51 49 47 54 46 53  1  8  6  5  9  2  7  3  4
 19 25 26 23 22 21 20 24 27 32 33 28 31 36 35 34 30 29 43 45 37 41 42 38 40 44 39 51 46 50 52 54 53 49 47 48  3  5  7  6  4  2  9  1  8 10 17 15 14 18 11 16 12 13
 28 34 35 32 31 30 29 33 36 41 42 37 40 45 44 43 39 38 52 54 46 50 51 47 49 53 48  6  1  5  7  9  8  4  2  3 12 14 16 15 13 11 18 10 17 19 26 24 23 27 20 25 21 22
 46 52 53 50 49 48 47 51 54  5  6  1  4  9  8  7  3  2 16 18 10 14 15 11 13 17 12 24 19 23 25 27 26 22 20 21 30 32 34 33 31 29 36 28 35 37 44 42 41 45 38 43 39 40
 37 43 44 41 40 39 38 42 45 50 51 46 49 54 53 52 48 47  7  9  1  5  6  2  4  8  3 15 10 14 16 18 17 13 11 12 21 23 25 24 22 20 27 19 26 28 35 33 32 36 29 34 30 31
 38 44 45 42 41 40 39 43 37 51 52 47 50 46 54 53 49 48  8  1  2  6  7  3  5  9  4 16 11 15 17 10 18 14 12 13 22 24 26 25 23 21 19 20 27 29 36 34 33 28 30 35 31 32
 29 35 36 33 32 31 30 34 28 42 43 38 41 37 45 44 40 39 53 46 47 51 52 48 50 54 49  7  2  6  8  1  9  5  3  4 13 15 17 16 14 12 10 11 18 20 27 25 24 19 21 26 22 23
 20 26 27 24 23 22 21 25 19 33 34 29 32 28 36 35 31 30 44 37 38 42 43 39 41 45 40 52 47 51 53 46 54 50 48 49  4  6  8  7  5  3  1  2  9 11 18 16 15 10 12 17 13 14
 11 17 18 15 14 13 12 16 10 24 25 20 23 19 27 26 22 21 35 28 29 33 34 30 32 36 31 43 38 42 44 37 45 41 39 40 49 51 53 52 50 48 46 47 54  2  9  7  6  1  3  8  4  5
 47 53 54 51 50 49 48 52 46  6  7  2  5  1  9  8  4  3 17 10 11 15 16 12 14 18 13 25 20 24 26 19 27 23 21 22 31 33 35 34 32 30 28 29 36 38 45 43 42 37 39 44 40 41
  2  8  9  6  5  4  3  7  1 15 16 11 14 10 18 17 13 12 26 19 20 24 25 21 23 27 22 34 29 33 35 28 36 32 30 31 40 42 44 43 41 39 37 38 45 47 54 52 51 46 48 53 49 50
