 17 13 18  4 22 14 21 11  5 19 16 20 12  1  9 10  7  2  6  8  3 15
 22  6  9 10  8 17 16  3  1 11  2 19  7 15 14 21 20  5 12 18  4 13
 13  4 11  5 10 15  7 18 20  9 21 22 16 12  3  8  6  1 19 17 14  2
  6 15 21  3  4  5 20  9 11  1 10  7 19 16  8 17  2 12 22 14 13 18
 19 10  6  7 21  8 18 12  9  3 17  2  1 22  5 14 11  4 13 20 15 16
 10  3 15 16 17  4 22  8  7  6  9 21 11 19 18  1  5 20  2 13 12 14
  1  5  8 11 16  6 14 21  4  2 22  9 20  7 13 15  3 10 18 19 17 12
  4 20 14 18 11 16 15 13 12 22 19  1  2  5 17  9  8 21 10  6  7  3
  2  1 17 22  6 13  8 20 21 12 11 10 18  3 19  4 15  9 14  5 16  7
  3 11 13  8 15  2  4  7 10 18 14 12 22  9  1  6 21 17 20 16  5 19
 18 16 22 14 20  7 17 15  8  4  3 11  9  2  6 19  1 13  5 12 10 21
 21 12  1 15 19 11 10 14  3  5  8  4  6 20  7  2 13 22 16  9 18 17
  9 21 16 12  7 22  2 10 17 20  1  3 14 11  4 13 19 18  8 15  6  5
  5  2  7 13 12  1  9  4 19  8 20 17  3 21 11 16 18 14 15 10 22  6
 16 22  2 17 18 10 11  5 15 14  4  8 21 13 20 12  9  6  7  3 19  1
 11  9  5 20  3 19  6 16 22 17 12 13 10  4  2 18 14 15 21  7  1  8
  8  7  3  2  5 18 13  6 16 21 15 14  4 17 22 11 12 19  9  1 20 10
 20 18 10  6  1 21 12 19 14 15  7  5 13  8 16  3  4 11 17 22  2  9
 14 19  4  9 13 20  1 22 18 16  6 15  5 10 12  7 17  8  3  2 21 11
 12 17 19 21  2  9  5  1  6  7 13 18 15 14 10 20 16  3 11  4  8 22
  7 14 20 19  9 12  3 17  2 13  5  6  8 18 15 22 10 16  1 21 11  4
 15  8 12  1 14  3 19  2 13 10 18 16 17  6 21  5 22  7  4 11  9 20
