 14  9  3  1 10  6 18 13  7  8 11 22 12 16 21 20 17  5  2  4 15 19
  3  1 19 20 12  7  4 11 16 15 21 13  9  2  6 22 18 17  5  8 10 14
  6 19 21 18 14 10 11 12 13 17  8 20  1  9  2 16  7  3  4  5 22 15
  2  3 20 10 11 21  9  5  4 18 19  6 22 14  8  7 12 16 17 15  1 13
 16  6  2  3 18  8 12 10 14  7 15 11  4 20 22 17 13 21 19  1  5  9
  4 20  5 19  2  9 13  7 10 14 22 17 11 18 15 12 16  1 21  3  8  6
 12  7  4  8  6  3  1  9 17 19 20 15 14 13 16 21  2 22 10 18 11  5
 13  4  7 16 19  5 22  6 12 20  3 21 18 11 10 14  1  2 15 17  9  8
  5 18 13 11 20 19 17 22  6  4 10  7 16  3  9  1 21 15  8  2 14 12
 15  2  6  9  1 11 19 21 22 12 18  8 13 10 17  4  5 14  3 16  7 20
 20 13  9 21 15 14  5 19  8  6 12  1 10  7  3  2 22  4 16 11 17 18
 17  5 10  7  3 20  8  4  2 11 14 12  6  1 13 18 15  9 22 21 19 16
 10 16 15  2  5  4 20  3 11  1  7 14  8 22 19  6  9 18 12 13 21 17
 22 12 17 14 21 15  3 20  5 10  9 18  7  8 11 13  4 19  1  6 16  2
 11 21 22 12  8  2  7 16  3  5  6  9 20 17  1 15 14 13 18 19  4 10
  7 17 12  5 13 16 15 14 20  3  2 19 21  6  4  9 10  8 11 22 18  1
 21 14 16  4  7 12  2  8 18  9  1 10 17 15  5  3 19 11 13 20  6 22
 19 11  1 22  9 17 21  2 15 16  5  4  3 12 18  8  6 20 14 10 13  7
  1  8 18  6 17 13 16 15  9 22  4  3 19 21 14  5 20 10  7 12  2 11
  9 22 11 13 16  1 14 18 19  2 17  5 15  4 12 10  8  6 20  7  3 21
 18 10  8 15  4 22  6 17  1 21 13 16  2  5 20 19 11  7  9 14 12  3
  8 15 14 17 22 18 10  1 21 13 16  2  5 19  7 11  3 12  6  9 20  4
