 22 16 10 17 13  5 18  9 11 20  3  8  4 14 15 19  7 12 21  1  6  2
 16  3  6  4 17 10  5 13 14  7 19  1  8 11 12  9  2 15 18 20 21 22
 14 15  8  6 10  2  4 18  9 19  1 12  5  3 11 21 20 16  7 13 22 17
 15 14 21  8  4 17 10 12 13  9  7  2 19  5  1 16 11  3 22 18 20  6
 20  6 13 21  1 11 17 10 18  5 12 22 14  4  9  8 16  7  2 19 15  3
  5  9 15  1  8  7 21 19 17 18 20  4 13 22 10 11  6 14 12  2  3 16
  8 22 12 19  3 21 14 17 10 15  5 20 18  9  7 13  1  6 16 11  2  4
 13  5 14  9 21  8  2  4 12 22 17  6 20 18 19  7 10  1  3 15 16 11
  2 12 22 11 18 19  8 16  3 10 13  9  7 21 14  5 15 20  6 17  4  1
 18 17  4 14 11 20 19  8  7  1  2  5 12  6 21  3  9 22 15 16 10 13
  6  8  9  3 14 22 20  5 19 17  4 15 11  7 16 18 12  2  1 10 13 21
  7  2  3 15  5 14 11  6  8 13 18 19  1 16  4 10 21  9 20 22 17 12
 17 19 20 13 22  6  7 15  5  8 10 16 21  2 18 14  3 11  4 12  1  9
 21 18  7 22 19  1  6 14  2  3  8 17 16 12  5 15  4 13 10  9 11 20
 12  7 16 10  6  9  3 21 20 14 11 18 17 19  2  1 22  5 13  4  8 15
 19 20 18 12  7 15  9 22  6 21 16  3  2  1  8  4 13 17 11 14  5 10
 10 13  5  7 15 12 22  3  1 16 21 11  9  8 20  2 14  4 17  6 18 19
  4 10  2 20 12 13 15  1 16 11  9 21  3 17 22  6 18 19  5  8  7 14
  3 21 17 18 16  4  1 11 22  2 14  7 15 13  6 20 19 10  9  5 12  8
  1  4 11 16 20  3 13  2 21  6 22 14 10 15 17 12  5  8 19  7  9 18
 11  1 19  2  9 18 16  7  4 12 15 10  6 20 13 22 17 21  8  3 14  5
  9 11  1  5  2 16 12 20 15  4  6 13 22 10  3 17  8 18 14 21 19  7
