  6 18 13  2  8  7  3 12 17  9 20 16 15 21 14  5 19 10  4 11 22  1
 11  3 18  4 17 13  2 19 12  5 10  8  9  1 21 15 14 22  6  7 16 20
  8  6 20 13 14 12  7 16 22  2  5 19  1 15  9  3 18 11 10  4 17 21
 15 17 21 19 13  4  8 11  7 20  9 14 10  5  3  1 16  2 12 22  6 18
  1 12 17  7 11  6  5 20  8 14  4  2 19 16 10 18  9 15 22  3 21 13
  2 15 12 17  3 20  4  6 16  8 14  5 21 10 11  9 22  1 19 18 13  7
 14  7  3  5 22 11  6 17 21 16 13  9 20 18  1 10 15  8  2 19 12  4
 16 14  4 11  7 22 13 15 19 17  1  6  8  2 12 21 10 20  5  9 18  3
  9 21  6 16  4  5  1 13 11 12 22  3 18  7  2 19  8 17 15 10 20 14
 19  8 14 12  6 18 22  4 13 21 16 17 11 20  7  2  1  5  9 15  3 10
 21  4  7 14  9 17 11  5  1 10  8 20 22 12 18 16  2  6  3 13 15 19
 22  1 11 21 20 14 17  8  6 13  7 15  5  3 16 12  4 19 18  2 10  9
 12 11 19 15  5  1 14 18  4 22 17 10  2  9 20  7  3 16 13 21  8  6
  3  9  5  6 18 16 20  2 10 15 21  1 12 19 22  8  7 13 17 14  4 11
 13 19 16  8 21  9 12 10  2 18  3  7 17 22 15 20 11  4  1  6 14  5
  4  2  1  3 10  8 18 22  5  7 19 13 16  6 17 11 12 21 14 20  9 15
  7 22  2 18  1  3 10 14 20  4 15 11 13 17  5  6 21  9 16  8 19 12
 20 13 15  9  2 10 16  3 18 11  6  4 14  8 19 22  5 12 21  1  7 17
 17 16  8 10 12  2  9  7 15 19 11 21  3 14  6  4 13 18 20  5  1 22
  5 20 10  1 16 15 19 21  9  6 18 22  7  4 13 14 17  3 11 12  2  8
 18 10 22 20 15 19 21  9  3  1  2 12  4 11  8 13  6 14  7 17  5 16
 10  5  9 22 19 21 15  1 14  3 12 18  6 13  4 17 20  7  8 16 11  2
