 12 14 15  2 16 18  4  8 22  1 20  9 13 17 19  7 11  5 10  3 21  6
 17  1 10 21  2 11  9  4  3  6 15 16 14 12 13 19  5 22  7  8 20 18
 20 12  4 13 15 19 11  1  8 21  9 14 17 10 16  6  7 18 22  2  3  5
  6 21  1 10 22  2  5 11 16  3 14 19  9 15 17 12 18  4  8  7 13 20
  8 17 13 20 10  1  7  2 19  9  3 12 21 18 22  4 15 11 16  6  5 14
 22  2 17 12  5 15 16 13  9  8 19 11 18 21  1 14  4  7  6 20 10  3
 14  5  6  1 13  8 20 22  7 15 11  3 10  9  2 17 19 12  4 21 18 16
  5  6  2  8 21 13 12 18  1 20 22 15 19  4  9 11 10 17  3 16 14  7
 16  8 12 17  7  3 15  9 21 19  1 20 11 14 18 13  2 10  5 22  6  4
  3 22  5  9 19  7 13 16  4 17  8 10  1 11 21 15  6 20 14 18  2 12
  7  3  8 15 12  9  1  5 10 16 17 21 20  2 14 18 22  6 13  4 11 19
  9 20  3  6  8 12 21 17 15  7 16  2 22 19 11  1 14 13 18  5  4 10
 13  7 18 16 17 10  6 12  5  2 21  1 15  8  4 22  9  3 20 14 19 11
 19 10 11  3 18  5 14 15 13 22  7  6  4  1  8  2 20 16 21 12  9 17
  2 18 14 22  1 17 10 21 11 13 12  4  7  6 20  5  3  8 19  9 16 15
 21 16 20  4 14 22  2 19 12  5 18  8  3 13  6  9 17 15 11 10  7  1
 18 19 16  7  3 20 17  6  2 12  4  5  8 22 15 10 13 14  9 11  1 21
 15  9 19 18 20  4 22  7 14 11  6 13  2  5 10  3 16 21 12  1 17  8
  4 11  7 14  6 16  3 10 17 18 13 22 12 20  5  8 21  9  1 19 15  2
 10 15 22 11  4  6 18  3 20 14  5 17 16  7 12 21  1 19  2 13  8  9
  1 13  9  5 11 21 19 14 18  4 10  7  6 16  3 20  8  2 15 17 12 22
 11  4 21 19  9 14  8 20  6 10  2 18  5  3  7 16 12  1 17 15 22 13
