 21  9 15  2  1 19  6 10  5 11  7 18  4  8 17  3 14 12 13 20 22 16
  4 19 12 16  3  5  7 11 22 15 13 21 10  2 20 14  9  8  1 18 17  6
  8 17 18  1 11  6 12  9 19  5 15  4  3 22 13  2 10 14  7 21 16 20
  5  6 22 10 15  3 19  2 20  9 11 17  8 21  4 13  1  7 18 16 14 12
  1  5  6  7 16  4 17 20 10 19  2  8 15  3 11 22 18 21 12  9 13 14
  9 10 19 14  2  7  3 15  8  6 16 11  5 12 18  1 13 22 17  4 20 21
 10  1 17  4 12 13 20 14 11 21  5  9 19  7  8  6 15 16  2 22  3 18
 20 21  5 17  4  1 13  3 12 10  8  2 11  6 22 19  7  9 16 14 18 15
 14  4  9 22 21 15  1 17  2  8 10  6 18 19  5 11 16 20  3  7 12 13
  3 14 21 12 17 22  4  8  1 20  6  5  7 15 10 16  2 18  9 13 19 11
 13 12  8 19 14 21  9  1 15  2  4  7  6 11 16 18 22 10 20 17  5  3
 12  3 11  5  9 10 21  4 16 22 18 15  2 20  6 17  8 13 14 19  7  1
  6 20 14 21  7 12 15 16  4  3 19 10 13 18  2  8 11  5 22  1  9 17
 11 15  1  3 20 14  2 12 17 18 22 13 21 16  7  9  6  4  8  5 10 19
 19 18 10  6  5 17 11 21  3  1 12 22 16 13 14  7 20  2 15  8  4  9
 22  7 13  9  6 18 16 19 21 17  1 12 14  5  3 20  4 11 10  2 15  8
 16 11  2 20 22  9  8  5 18 13 14  3 12  4 15 21 19 17  6 10  1  7
 18  8 16 13 19 11 22  6  9  7 21 14 20 10 12 15 17  1  5  3  2  4
 17 13  7  8 10 16 14 18  6 12  3 20 22  1  9  5 21 19  4 15 11  2
  7  2  4 11  8 20 18 22 13 16 17 19  9 14  1 10  3 15 21 12  6  5
  2 22 20 15 18  8  5 13  7 14  9 16  1 17 19  4 12  3 11  6 21 10
 15 16  3 18 13  2 10  7 14  4 20  1 17  9 21 12  5  6 19 11  8 22
