 36 38 37 33 34 39 40 35 42 46 41 48 44 43 47 45  4  2  6  3  8  7  5  1 13 16  9 10 11 14 12 15 21 20 18 17 23 24 19 22 32 27 31 26 29 25 30 28
 20 22 21 17 18 23 24 19 26 30 25 32 28 27 31 29 36 34 38 35 40 39 37 33 45 48 41 42 43 46 44 47  5  4  2  1  7  8  3  6 16 11 15 10 13  9 14 12
  4  6  5  1  2  7  8  3 10 14  9 16 12 11 15 13 20 18 22 19 24 23 21 17 29 32 25 26 27 30 28 31 37 36 34 33 39 40 35 38 48 43 47 42 45 41 46 44
 28 30 29 25 26 31 32 27 34 38 33 40 36 35 39 37 44 42 46 43 48 47 45 41  5  8  1  2  3  6  4  7 13 12 10  9 15 16 11 14 24 19 23 18 21 17 22 20
 12 14 13  9 10 15 16 11 18 22 17 24 20 19 23 21 28 26 30 27 32 31 29 25 37 40 33 34 35 38 36 39 45 44 42 41 47 48 43 46  8  3  7  2  5  1  6  4
 44 46 45 41 42 47 48 43  2  6  1  8  4  3  7  5 12 10 14 11 16 15 13  9 21 24 17 18 19 22 20 23 29 28 26 25 31 32 27 30 40 35 39 34 37 33 38 36
  5  7  6  2  3  8  1  4 11 15 10  9 13 12 16 14 21 19 23 20 17 24 22 18 30 25 26 27 28 31 29 32 38 37 35 34 40 33 36 39 41 44 48 43 46 42 47 45
 13 15 14 10 11 16  9 12 19 23 18 17 21 20 24 22 29 27 31 28 25 32 30 26 38 33 34 35 36 39 37 40 46 45 43 42 48 41 44 47  1  4  8  3  6  2  7  5
 45 47 46 42 43 48 41 44  3  7  2  1  5  4  8  6 13 11 15 12  9 16 14 10 22 17 18 19 20 23 21 24 30 29 27 26 32 25 28 31 33 36 40 35 38 34 39 37
 21 23 22 18 19 24 17 20 27 31 26 25 29 28 32 30 37 35 39 36 33 40 38 34 46 41 42 43 44 47 45 48  6  5  3  2  8  1  4  7  9 12 16 11 14 10 15 13
 29 31 30 26 27 32 25 28 35 39 34 33 37 36 40 38 45 43 47 44 41 48 46 42  6  1  2  3  4  7  5  8 14 13 11 10 16  9 12 15 17 20 24 19 22 18 23 21
 37 39 38 34 35 40 33 36 43 47 42 41 45 44 48 46  5  3  7  4  1  8  6  2 14  9 10 11 12 15 13 16 22 21 19 18 24 17 20 23 25 28 32 27 30 26 31 29
  6  8  7  3  4  1  2  5 12 16 11 10 14 13  9 15 22 20 24 21 18 17 23 19 31 26 27 28 29 32 30 25 39 38 36 35 33 34 37 40 42 45 41 44 47 43 48 46
 22 24 23 19 20 17 18 21 28 32 27 26 30 29 25 31 38 36 40 37 34 33 39 35 47 42 43 44 45 48 46 41  7  6  4  3  1  2  5  8 10 13  9 12 15 11 16 14
 14 16 15 11 12  9 10 13 20 24 19 18 22 21 17 23 30 28 32 29 26 25 31 27 39 34 35 36 37 40 38 33 47 46 44 43 41 42 45 48  2  5  1  4  7  3  8  6
 30 32 31 27 28 25 26 29 36 40 35 34 38 37 33 39 46 44 48 45 42 41 47 43  7  2  3  4  5  8  6  1 15 14 12 11  9 10 13 16 18 21 17 20 23 19 24 22
 46 48 47 43 44 41 42 45  4  8  3  2  6  5  1  7 14 12 16 13 10  9 15 11 23 18 19 20 21 24 22 17 31 30 28 27 25 26 29 32 34 37 33 36 39 35 40 38
 38 40 39 35 36 33 34 37 44 48 43 42 46 45 41 47  6  4  8  5  2  1  7  3 15 10 11 12 13 16 14  9 23 22 20 19 17 18 21 24 26 29 25 28 31 27 32 30
 47 41 48 44 45 42 43 46  5  1  4  3  7  6  2  8 15 13  9 14 11 10 16 12 24 19 20 21 22 17 23 18 32 31 29 28 26 27 30 25 35 38 34 37 40 36 33 39
 39 33 40 36 37 34 35 38 45 41 44 43 47 46 42 48  7  5  1  6  3  2  8  4 16 11 12 13 14  9 15 10 24 23 21 20 18 19 22 17 27 30 26 29 32 28 25 31
 31 25 32 28 29 26 27 30 37 33 36 35 39 38 34 40 47 45 41 46 43 42 48 44  8  3  4  5  6  1  7  2 16 15 13 12 10 11 14  9 19 22 18 21 24 20 17 23
 15  9 16 12 13 10 11 14 21 17 20 19 23 22 18 24 31 29 25 30 27 26 32 28 40 35 36 37 38 33 39 34 48 47 45 44 42 43 46 41  3  6  2  5  8  4  1  7
  7  1  8  4  5  2  3  6 13  9 12 11 15 14 10 16 23 21 17 22 19 18 24 20 32 27 28 29 30 25 31 26 40 39 37 36 34 35 38 33 43 46 42 45 48 44 41 47
 23 17 24 20 21 18 19 22 29 25 28 27 31 30 26 32 39 37 33 38 35 34 40 36 48 43 44 45 46 41 47 42  8  7  5  4  2  3  6  1 11 14 10 13 16 12  9 15
 32 26 25 29 30 27 28 31 38 34 37 36 40 39 35 33 48 46 42 47 44 43 41 45  1  4  5  6  7  2  8  3  9 16 14 13 11 12 15 10 20 23 19 22 17 21 18 24
 40 34 33 37 38 35 36 39 46 42 45 44 48 47 43 41  8  6  2  7  4  3  1  5  9 12 13 14 15 10 16 11 17 24 22 21 19 20 23 18 28 31 27 30 25 29 26 32
 48 42 41 45 46 43 44 47  6  2  5  4  8  7  3  1 16 14 10 15 12 11  9 13 17 20 21 22 23 18 24 19 25 32 30 29 27 28 31 26 36 39 35 38 33 37 34 40
 24 18 17 21 22 19 20 23 30 26 29 28 32 31 27 25 40 38 34 39 36 35 33 37 41 44 45 46 47 42 48 43  1  8  6  5  3  4  7  2 12 15 11 14  9 13 10 16
 16 10  9 13 14 11 12 15 22 18 21 20 24 23 19 17 32 30 26 31 28 27 25 29 33 36 37 38 39 34 40 35 41 48 46 45 43 44 47 42  4  7  3  6  1  5  2  8
  8  2  1  5  6  3  4  7 14 10 13 12 16 15 11  9 24 22 18 23 20 19 17 21 25 28 29 30 31 26 32 27 33 40 38 37 35 36 39 34 44 47 43 46 41 45 42 48
 33 35 34 38 39 36 37 40 47 43 46 45 41 48 44 42  1  7  3  8  5  4  2  6 10 13 14 15 16 11  9 12 18 17 23 22 20 21 24 19 29 32 28 31 26 30 27 25
 25 27 26 30 31 28 29 32 39 35 38 37 33 40 36 34 41 47 43 48 45 44 42 46  2  5  6  7  8  3  1  4 10  9 15 14 12 13 16 11 21 24 20 23 18 22 19 17
  1  3  2  6  7  4  5  8 15 11 14 13  9 16 12 10 17 23 19 24 21 20 18 22 26 29 30 31 32 27 25 28 34 33 39 38 36 37 40 35 45 48 44 47 42 46 43 41
  9 11 10 14 15 12 13 16 23 19 22 21 17 24 20 18 25 31 27 32 29 28 26 30 34 37 38 39 40 35 33 36 42 41 47 46 44 45 48 43  5  8  4  7  2  6  3  1
 17 19 18 22 23 20 21 24 31 27 30 29 25 32 28 26 33 39 35 40 37 36 34 38 42 45 46 47 48 43 41 44  2  1  7  6  4  5  8  3 13 16 12 15 10 14 11  9
 41 43 42 46 47 44 45 48  7  3  6  5  1  8  4  2  9 15 11 16 13 12 10 14 18 21 22 23 24 19 17 20 26 25 31 30 28 29 32 27 37 40 36 39 34 38 35 33
  2  4  3  7  8  5  6  1 16 12 15 14 10  9 13 11 18 24 20 17 22 21 19 23 27 30 31 32 25 28 26 29 35 34 40 39 37 38 33 36 46 41 45 48 43 47 44 42
 26 28 27 31 32 29 30 25 40 36 39 38 34 33 37 35 42 48 44 41 46 45 43 47  3  6  7  8  1  4  2  5 11 10 16 15 13 14  9 12 22 17 21 24 19 23 20 18
 18 20 19 23 24 21 22 17 32 28 31 30 26 25 29 27 34 40 36 33 38 37 35 39 43 46 47 48 41 44 42 45  3  2  8  7  5  6  1  4 14  9 13 16 11 15 12 10
 34 36 35 39 40 37 38 33 48 44 47 46 42 41 45 43  2  8  4  1  6  5  3  7 11 14 15 16  9 12 10 13 19 18 24 23 21 22 17 20 30 25 29 32 27 31 28 26
 10 12 11 15 16 13 14  9 24 20 23 22 18 17 21 19 26 32 28 25 30 29 27 31 35 38 39 40 33 36 34 37 43 42 48 47 45 46 41 44  6  1  5  8  3  7  4  2
 42 44 43 47 48 45 46 41  8  4  7  6  2  1  5  3 10 16 12  9 14 13 11 15 19 22 23 24 17 20 18 21 27 26 32 31 29 30 25 28 38 33 37 40 35 39 36 34
 19 21 20 24 17 22 23 18 25 29 32 31 27 26 30 28 35 33 37 34 39 38 36 40 44 47 48 41 42 45 43 46  4  3  1  8  6  7  2  5 15 10 14  9 12 16 13 11
  3  5  4  8  1  6  7  2  9 13 16 15 11 10 14 12 19 17 21 18 23 22 20 24 28 31 32 25 26 29 27 30 36 35 33 40 38 39 34 37 47 42 46 41 44 48 45 43
 43 45 44 48 41 46 47 42  1  5  8  7  3  2  6  4 11  9 13 10 15 14 12 16 20 23 24 17 18 21 19 22 28 27 25 32 30 31 26 29 39 34 38 33 36 40 37 35
 11 13 12 16  9 14 15 10 17 21 24 23 19 18 22 20 27 25 29 26 31 30 28 32 36 39 40 33 34 37 35 38 44 43 41 48 46 47 42 45  7  2  6  1  4  8  5  3
 35 37 36 40 33 38 39 34 41 45 48 47 43 42 46 44  3  1  5  2  7  6  4  8 12 15 16  9 10 13 11 14 20 19 17 24 22 23 18 21 31 26 30 25 28 32 29 27
 27 29 28 32 25 30 31 26 33 37 40 39 35 34 38 36 43 41 45 42 47 46 44 48  4  7  8  1  2  5  3  6 12 11  9 16 14 15 10 13 23 18 22 17 20 24 21 19
