 27 26 30 29 32 25 28 31 37 33 36 39 38 34 40 35 44 42 47 41 48 43 46 45  6  1  4  3  2  5  8  7 10 12 14 15  9 11 13 16 22 18 21 17 20 19 24 23
  3  2  6  5  8  1  4  7 13  9 12 15 14 10 16 11 20 18 23 17 24 19 22 21 30 25 28 27 26 29 32 31 34 36 38 39 33 35 37 40 46 42 45 41 44 43 48 47
 19 18 22 21 24 17 20 23 29 25 28 31 30 26 32 27 36 34 39 33 40 35 38 37 46 41 44 43 42 45 48 47  2  4  6  7  1  3  5  8 14 10 13  9 12 11 16 15
 11 10 14 13 16  9 12 15 21 17 20 23 22 18 24 19 28 26 31 25 32 27 30 29 38 33 36 35 34 37 40 39 42 44 46 47 41 43 45 48  6  2  5  1  4  3  8  7
 43 42 46 45 48 41 44 47  5  1  4  7  6  2  8  3 12 10 15  9 16 11 14 13 22 17 20 19 18 21 24 23 26 28 30 31 25 27 29 32 38 34 37 33 36 35 40 39
 35 34 38 37 40 33 36 39 45 41 44 47 46 42 48 43  4  2  7  1  8  3  6  5 14  9 12 11 10 13 16 15 18 20 22 23 17 19 21 24 30 26 29 25 28 27 32 31
 12 11 15 14  9 10 13 16 22 18 21 24 23 19 17 20 29 27 32 26 25 28 31 30 39 34 37 36 35 38 33 40 43 45 47 48 42 44 46 41  7  3  6  2  5  4  1  8
 28 27 31 30 25 26 29 32 38 34 37 40 39 35 33 36 45 43 48 42 41 44 47 46  7  2  5  4  3  6  1  8 11 13 15 16 10 12 14  9 23 19 22 18 21 20 17 24
 44 43 47 46 41 42 45 48  6  2  5  8  7  3  1  4 13 11 16 10  9 12 15 14 23 18 21 20 19 22 17 24 27 29 31 32 26 28 30 25 39 35 38 34 37 36 33 40
 20 19 23 22 17 18 21 24 30 26 29 32 31 27 25 28 37 35 40 34 33 36 39 38 47 42 45 44 43 46 41 48  3  5  7  8  2  4  6  1 15 11 14 10 13 12  9 16
  4  3  7  6  1  2  5  8 14 10 13 16 15 11  9 12 21 19 24 18 17 20 23 22 31 26 29 28 27 30 25 32 35 37 39 40 34 36 38 33 47 43 46 42 45 44 41 48
 36 35 39 38 33 34 37 40 46 42 45 48 47 43 41 44  5  3  8  2  1  4  7  6 15 10 13 12 11 14  9 16 19 21 23 24 18 20 22 17 31 27 30 26 29 28 25 32
 21 20 24 23 18 19 22 17 31 27 30 25 32 28 26 29 38 36 33 35 34 37 40 39 48 43 46 45 44 47 42 41  4  6  8  1  3  5  7  2 16 12 15 11 14 13 10  9
 29 28 32 31 26 27 30 25 39 35 38 33 40 36 34 37 46 44 41 43 42 45 48 47  8  3  6  5  4  7  2  1 12 14 16  9 11 13 15 10 24 20 23 19 22 21 18 17
  5  4  8  7  2  3  6  1 15 11 14  9 16 12 10 13 22 20 17 19 18 21 24 23 32 27 30 29 28 31 26 25 36 38 40 33 35 37 39 34 48 44 47 43 46 45 42 41
 37 36 40 39 34 35 38 33 47 43 46 41 48 44 42 45  6  4  1  3  2  5  8  7 16 11 14 13 12 15 10  9 20 22 24 17 19 21 23 18 32 28 31 27 30 29 26 25
 13 12 16 15 10 11 14  9 23 19 22 17 24 20 18 21 30 28 25 27 26 29 32 31 40 35 38 37 36 39 34 33 44 46 48 41 43 45 47 42  8  4  7  3  6  5  2  1
 45 44 48 47 42 43 46 41  7  3  6  1  8  4  2  5 14 12  9 11 10 13 16 15 24 19 22 21 20 23 18 17 28 30 32 25 27 29 31 26 40 36 39 35 38 37 34 33
 30 29 25 32 27 28 31 26 40 36 39 34 33 37 35 38 47 45 42 44 43 46 41 48  1  4  7  6  5  8  3  2 13 15  9 10 12 14 16 11 17 21 24 20 23 22 19 18
  6  5  1  8  3  4  7  2 16 12 15 10  9 13 11 14 23 21 18 20 19 22 17 24 25 28 31 30 29 32 27 26 37 39 33 34 36 38 40 35 41 45 48 44 47 46 43 42
 38 37 33 40 35 36 39 34 48 44 47 42 41 45 43 46  7  5  2  4  3  6  1  8  9 12 15 14 13 16 11 10 21 23 17 18 20 22 24 19 25 29 32 28 31 30 27 26
 14 13  9 16 11 12 15 10 24 20 23 18 17 21 19 22 31 29 26 28 27 30 25 32 33 36 39 38 37 40 35 34 45 47 41 42 44 46 48 43  1  5  8  4  7  6  3  2
 22 21 17 24 19 20 23 18 32 28 31 26 25 29 27 30 39 37 34 36 35 38 33 40 41 44 47 46 45 48 43 42  5  7  1  2  4  6  8  3  9 13 16 12 15 14 11 10
 46 45 41 48 43 44 47 42  8  4  7  2  1  5  3  6 15 13 10 12 11 14  9 16 17 20 23 22 21 24 19 18 29 31 25 26 28 30 32 27 33 37 40 36 39 38 35 34
 15 14 10  9 12 13 16 11 17 21 24 19 18 22 20 23 32 30 27 29 28 31 26 25 34 37 40 39 38 33 36 35 46 48 42 43 45 47 41 44  2  6  1  5  8  7  4  3
  7  6  2  1  4  5  8  3  9 13 16 11 10 14 12 15 24 22 19 21 20 23 18 17 26 29 32 31 30 25 28 27 38 40 34 35 37 39 33 36 42 46 41 45 48 47 44 43
 47 46 42 41 44 45 48 43  1  5  8  3  2  6  4  7 16 14 11 13 12 15 10  9 18 21 24 23 22 17 20 19 30 32 26 27 29 31 25 28 34 38 33 37 40 39 36 35
 31 30 26 25 28 29 32 27 33 37 40 35 34 38 36 39 48 46 43 45 44 47 42 41  2  5  8  7  6  1  4  3 14 16 10 11 13 15  9 12 18 22 17 21 24 23 20 19
 39 38 34 33 36 37 40 35 41 45 48 43 42 46 44 47  8  6  3  5  4  7  2  1 10 13 16 15 14  9 12 11 22 24 18 19 21 23 17 20 26 30 25 29 32 31 28 27
 23 22 18 17 20 21 24 19 25 29 32 27 26 30 28 31 40 38 35 37 36 39 34 33 42 45 48 47 46 41 44 43  6  8  2  3  5  7  1  4 10 14  9 13 16 15 12 11
  8  7  3  2  5  6  1  4 10 14  9 12 11 15 13 16 17 23 20 22 21 24 19 18 27 30 25 32 31 26 29 28 39 33 35 36 38 40 34 37 43 47 42 46 41 48 45 44
 48 47 43 42 45 46 41 44  2  6  1  4  3  7  5  8  9 15 12 14 13 16 11 10 19 22 17 24 23 18 21 20 31 25 27 28 30 32 26 29 35 39 34 38 33 40 37 36
 24 23 19 18 21 22 17 20 26 30 25 28 27 31 29 32 33 39 36 38 37 40 35 34 43 46 41 48 47 42 45 44  7  1  3  4  6  8  2  5 11 15 10 14  9 16 13 12
 16 15 11 10 13 14  9 12 18 22 17 20 19 23 21 24 25 31 28 30 29 32 27 26 35 38 33 40 39 34 37 36 47 41 43 44 46 48 42 45  3  7  2  6  1  8  5  4
 32 31 27 26 29 30 25 28 34 38 33 36 35 39 37 40 41 47 44 46 45 48 43 42  3  6  1  8  7  2  5  4 15  9 11 12 14 16 10 13 19 23 18 22 17 24 21 20
 40 39 35 34 37 38 33 36 42 46 41 44 43 47 45 48  1  7  4  6  5  8  3  2 11 14  9 16 15 10 13 12 23 17 19 20 22 24 18 21 27 31 26 30 25 32 29 28
  9 16 12 11 14 15 10 13 19 23 18 21 20 24 22 17 26 32 29 31 30 25 28 27 36 39 34 33 40 35 38 37 48 42 44 45 47 41 43 46  4  8  3  7  2  1  6  5
  1  8  4  3  6  7  2  5 11 15 10 13 12 16 14  9 18 24 21 23 22 17 20 19 28 31 26 25 32 27 30 29 40 34 36 37 39 33 35 38 44 48 43 47 42 41 46 45
 33 40 36 35 38 39 34 37 43 47 42 45 44 48 46 41  2  8  5  7  6  1  4  3 12 15 10  9 16 11 14 13 24 18 20 21 23 17 19 22 28 32 27 31 26 25 30 29
 17 24 20 19 22 23 18 21 27 31 26 29 28 32 30 25 34 40 37 39 38 33 36 35 44 47 42 41 48 43 46 45  8  2  4  5  7  1  3  6 12 16 11 15 10  9 14 13
 25 32 28 27 30 31 26 29 35 39 34 37 36 40 38 33 42 48 45 47 46 41 44 43  4  7  2  1  8  3  6  5 16 10 12 13 15  9 11 14 20 24 19 23 18 17 22 21
 41 48 44 43 46 47 42 45  3  7  2  5  4  8  6  1 10 16 13 15 14  9 12 11 20 23 18 17 24 19 22 21 32 26 28 29 31 25 27 30 36 40 35 39 34 33 38 37
 42 41 45 44 47 48 43 46  4  8  3  6  5  1  7  2 11  9 14 16 15 10 13 12 21 24 19 18 17 20 23 22 25 27 29 30 32 26 28 31 37 33 36 40 35 34 39 38
 34 33 37 36 39 40 35 38 44 48 43 46 45 41 47 42  3  1  6  8  7  2  5  4 13 16 11 10  9 12 15 14 17 19 21 22 24 18 20 23 29 25 28 32 27 26 31 30
  2  1  5  4  7  8  3  6 12 16 11 14 13  9 15 10 19 17 22 24 23 18 21 20 29 32 27 26 25 28 31 30 33 35 37 38 40 34 36 39 45 41 44 48 43 42 47 46
 18 17 21 20 23 24 19 22 28 32 27 30 29 25 31 26 35 33 38 40 39 34 37 36 45 48 43 42 41 44 47 46  1  3  5  6  8  2  4  7 13  9 12 16 11 10 15 14
 26 25 29 28 31 32 27 30 36 40 35 38 37 33 39 34 43 41 46 48 47 42 45 44  5  8  3  2  1  4  7  6  9 11 13 14 16 10 12 15 21 17 20 24 19 18 23 22
 10  9 13 12 15 16 11 14 20 24 19 22 21 17 23 18 27 25 30 32 31 26 29 28 37 40 35 34 33 36 39 38 41 43 45 46 48 42 44 47  5  1  4  8  3  2  7  6
