 48 43 41 44 47 45 46 42  4  1  7  6  5  2  8  3 12 15 11  9 13 14 16 10 18 20 22 24 17 21 19 23 28 29 26 32 25 31 30 27 40 35 37 34 39 33 38 36
 16 11  9 12 15 13 14 10 20 17 23 22 21 18 24 19 28 31 27 25 29 30 32 26 34 36 38 40 33 37 35 39 44 45 42 48 41 47 46 43  8  3  5  2  7  1  6  4
 32 27 25 28 31 29 30 26 36 33 39 38 37 34 40 35 44 47 43 41 45 46 48 42  2  4  6  8  1  5  3  7 12 13 10 16  9 15 14 11 24 19 21 18 23 17 22 20
 40 35 33 36 39 37 38 34 44 41 47 46 45 42 48 43  4  7  3  1  5  6  8  2 10 12 14 16  9 13 11 15 20 21 18 24 17 23 22 19 32 27 29 26 31 25 30 28
  8  3  1  4  7  5  6  2 12  9 15 14 13 10 16 11 20 23 19 17 21 22 24 18 26 28 30 32 25 29 27 31 36 37 34 40 33 39 38 35 48 43 45 42 47 41 46 44
 24 19 17 20 23 21 22 18 28 25 31 30 29 26 32 27 36 39 35 33 37 38 40 34 42 44 46 48 41 45 43 47  4  5  2  8  1  7  6  3 16 11 13 10 15  9 14 12
  1  4  2  5  8  6  7  3 13 10 16 15 14 11  9 12 21 24 20 18 22 23 17 19 27 29 31 25 26 30 28 32 37 38 35 33 34 40 39 36 41 44 46 43 48 42 47 45
 17 20 18 21 24 22 23 19 29 26 32 31 30 27 25 28 37 40 36 34 38 39 33 35 43 45 47 41 42 46 44 48  5  6  3  1  2  8  7  4  9 12 14 11 16 10 15 13
 33 36 34 37 40 38 39 35 45 42 48 47 46 43 41 44  5  8  4  2  6  7  1  3 11 13 15  9 10 14 12 16 21 22 19 17 18 24 23 20 25 28 30 27 32 26 31 29
  9 12 10 13 16 14 15 11 21 18 24 23 22 19 17 20 29 32 28 26 30 31 25 27 35 37 39 33 34 38 36 40 45 46 43 41 42 48 47 44  1  4  6  3  8  2  7  5
 25 28 26 29 32 30 31 27 37 34 40 39 38 35 33 36 45 48 44 42 46 47 41 43  3  5  7  1  2  6  4  8 13 14 11  9 10 16 15 12 17 20 22 19 24 18 23 21
 41 44 42 45 48 46 47 43  5  2  8  7  6  3  1  4 13 16 12 10 14 15  9 11 19 21 23 17 18 22 20 24 29 30 27 25 26 32 31 28 33 36 38 35 40 34 39 37
 26 29 27 30 25 31 32 28 38 35 33 40 39 36 34 37 46 41 45 43 47 48 42 44  4  6  8  2  3  7  5  1 14 15 12 10 11  9 16 13 18 21 23 20 17 19 24 22
  2  5  3  6  1  7  8  4 14 11  9 16 15 12 10 13 22 17 21 19 23 24 18 20 28 30 32 26 27 31 29 25 38 39 36 34 35 33 40 37 42 45 47 44 41 43 48 46
 10 13 11 14  9 15 16 12 22 19 17 24 23 20 18 21 30 25 29 27 31 32 26 28 36 38 40 34 35 39 37 33 46 47 44 42 43 41 48 45  2  5  7  4  1  3  8  6
 18 21 19 22 17 23 24 20 30 27 25 32 31 28 26 29 38 33 37 35 39 40 34 36 44 46 48 42 43 47 45 41  6  7  4  2  3  1  8  5 10 13 15 12  9 11 16 14
 42 45 43 46 41 47 48 44  6  3  1  8  7  4  2  5 14  9 13 11 15 16 10 12 20 22 24 18 19 23 21 17 30 31 28 26 27 25 32 29 34 37 39 36 33 35 40 38
 34 37 35 38 33 39 40 36 46 43 41 48 47 44 42 45  6  1  5  3  7  8  2  4 12 14 16 10 11 15 13  9 22 23 20 18 19 17 24 21 26 29 31 28 25 27 32 30
 43 46 44 47 42 48 41 45  7  4  2  1  8  5  3  6 15 10 14 12 16  9 11 13 21 23 17 19 20 24 22 18 31 32 29 27 28 26 25 30 35 38 40 37 34 36 33 39
 27 30 28 31 26 32 25 29 39 36 34 33 40 37 35 38 47 42 46 44 48 41 43 45  5  7  1  3  4  8  6  2 15 16 13 11 12 10  9 14 19 22 24 21 18 20 17 23
 11 14 12 15 10 16  9 13 23 20 18 17 24 21 19 22 31 26 30 28 32 25 27 29 37 39 33 35 36 40 38 34 47 48 45 43 44 42 41 46  3  6  8  5  2  4  1  7
  3  6  4  7  2  8  1  5 15 12 10  9 16 13 11 14 23 18 22 20 24 17 19 21 29 31 25 27 28 32 30 26 39 40 37 35 36 34 33 38 43 46 48 45 42 44 41 47
 35 38 36 39 34 40 33 37 47 44 42 41 48 45 43 46  7  2  6  4  8  1  3  5 13 15  9 11 12 16 14 10 23 24 21 19 20 18 17 22 27 30 32 29 26 28 25 31
 19 22 20 23 18 24 17 21 31 28 26 25 32 29 27 30 39 34 38 36 40 33 35 37 45 47 41 43 44 48 46 42  7  8  5  3  4  2  1  6 11 14 16 13 10 12  9 15
  4  7  5  8  3  1  2  6 16 13 11 10  9 14 12 15 24 19 23 21 17 18 20 22 30 32 26 28 29 25 31 27 40 33 38 36 37 35 34 39 44 47 41 46 43 45 42 48
 12 15 13 16 11  9 10 14 24 21 19 18 17 22 20 23 32 27 31 29 25 26 28 30 38 40 34 36 37 33 39 35 48 41 46 44 45 43 42 47  4  7  1  6  3  5  2  8
 28 31 29 32 27 25 26 30 40 37 35 34 33 38 36 39 48 43 47 45 41 42 44 46  6  8  2  4  5  1  7  3 16  9 14 12 13 11 10 15 20 23 17 22 19 21 18 24
 36 39 37 40 35 33 34 38 48 45 43 42 41 46 44 47  8  3  7  5  1  2  4  6 14 16 10 12 13  9 15 11 24 17 22 20 21 19 18 23 28 31 25 30 27 29 26 32
 20 23 21 24 19 17 18 22 32 29 27 26 25 30 28 31 40 35 39 37 33 34 36 38 46 48 42 44 45 41 47 43  8  1  6  4  5  3  2  7 12 15  9 14 11 13 10 16
 44 47 45 48 43 41 42 46  8  5  3  2  1  6  4  7 16 11 15 13  9 10 12 14 22 24 18 20 21 17 23 19 32 25 30 28 29 27 26 31 36 39 33 38 35 37 34 40
 37 40 38 33 36 34 35 39 41 46 44 43 42 47 45 48  1  4  8  6  2  3  5  7 15  9 11 13 14 10 16 12 17 18 23 21 22 20 19 24 29 32 26 31 28 30 27 25
 29 32 30 25 28 26 27 31 33 38 36 35 34 39 37 40 41 44 48 46 42 43 45 47  7  1  3  5  6  2  8  4  9 10 15 13 14 12 11 16 21 24 18 23 20 22 19 17
 13 16 14  9 12 10 11 15 17 22 20 19 18 23 21 24 25 28 32 30 26 27 29 31 39 33 35 37 38 34 40 36 41 42 47 45 46 44 43 48  5  8  2  7  4  6  3  1
  5  8  6  1  4  2  3  7  9 14 12 11 10 15 13 16 17 20 24 22 18 19 21 23 31 25 27 29 30 26 32 28 33 34 39 37 38 36 35 40 45 48 42 47 44 46 43 41
 21 24 22 17 20 18 19 23 25 30 28 27 26 31 29 32 33 36 40 38 34 35 37 39 47 41 43 45 46 42 48 44  1  2  7  5  6  4  3  8 13 16 10 15 12 14 11  9
 45 48 46 41 44 42 43 47  1  6  4  3  2  7  5  8  9 12 16 14 10 11 13 15 23 17 19 21 22 18 24 20 25 26 31 29 30 28 27 32 37 40 34 39 36 38 35 33
 38 33 39 34 37 35 36 40 42 47 45 44 43 48 46 41  2  5  1  7  3  4  6  8 16 10 12 14 15 11  9 13 18 19 24 22 23 21 20 17 30 25 27 32 29 31 28 26
 46 41 47 42 45 43 44 48  2  7  5  4  3  8  6  1 10 13  9 15 11 12 14 16 24 18 20 22 23 19 17 21 26 27 32 30 31 29 28 25 38 33 35 40 37 39 36 34
 22 17 23 18 21 19 20 24 26 31 29 28 27 32 30 25 34 37 33 39 35 36 38 40 48 42 44 46 47 43 41 45  2  3  8  6  7  5  4  1 14  9 11 16 13 15 12 10
 14  9 15 10 13 11 12 16 18 23 21 20 19 24 22 17 26 29 25 31 27 28 30 32 40 34 36 38 39 35 33 37 42 43 48 46 47 45 44 41  6  1  3  8  5  7  4  2
  6  1  7  2  5  3  4  8 10 15 13 12 11 16 14  9 18 21 17 23 19 20 22 24 32 26 28 30 31 27 25 29 34 35 40 38 39 37 36 33 46 41 43 48 45 47 44 42
 30 25 31 26 29 27 28 32 34 39 37 36 35 40 38 33 42 45 41 47 43 44 46 48  8  2  4  6  7  3  1  5 10 11 16 14 15 13 12  9 22 17 19 24 21 23 20 18
 23 18 24 19 22 20 21 17 27 32 30 29 28 25 31 26 35 38 34 40 36 37 39 33 41 43 45 47 48 44 42 46  3  4  1  7  8  6  5  2 15 10 12  9 14 16 13 11
 31 26 32 27 30 28 29 25 35 40 38 37 36 33 39 34 43 46 42 48 44 45 47 41  1  3  5  7  8  4  2  6 11 12  9 15 16 14 13 10 23 18 20 17 22 24 21 19
 39 34 40 35 38 36 37 33 43 48 46 45 44 41 47 42  3  6  2  8  4  5  7  1  9 11 13 15 16 12 10 14 19 20 17 23 24 22 21 18 31 26 28 25 30 32 29 27
 15 10 16 11 14 12 13  9 19 24 22 21 20 17 23 18 27 30 26 32 28 29 31 25 33 35 37 39 40 36 34 38 43 44 41 47 48 46 45 42  7  2  4  1  6  8  5  3
 47 42 48 43 46 44 45 41  3  8  6  5  4  1  7  2 11 14 10 16 12 13 15  9 17 19 21 23 24 20 18 22 27 28 25 31 32 30 29 26 39 34 36 33 38 40 37 35
  7  2  8  3  6  4  5  1 11 16 14 13 12  9 15 10 19 22 18 24 20 21 23 17 25 27 29 31 32 28 26 30 35 36 33 39 40 38 37 34 47 42 44 41 46 48 45 43
