 32 29 27 30 28 31 25 26 33 34 39 40 36 35 38 37 43 44 48 45 42 46 47 41  6  2  8  5  4  3  1  7 13 14 11 10  9 16 12 15 18 17 20 21 19 24 22 23
 48 45 43 46 44 47 41 42  1  2  7  8  4  3  6  5 11 12 16 13 10 14 15  9 22 18 24 21 20 19 17 23 29 30 27 26 25 32 28 31 34 33 36 37 35 40 38 39
 24 21 19 22 20 23 17 18 25 26 31 32 28 27 30 29 35 36 40 37 34 38 39 33 46 42 48 45 44 43 41 47  5  6  3  2  1  8  4  7 10  9 12 13 11 16 14 15
 40 37 35 38 36 39 33 34 41 42 47 48 44 43 46 45  3  4  8  5  2  6  7  1 14 10 16 13 12 11  9 15 21 22 19 18 17 24 20 23 26 25 28 29 27 32 30 31
 16 13 11 14 12 15  9 10 17 18 23 24 20 19 22 21 27 28 32 29 26 30 31 25 38 34 40 37 36 35 33 39 45 46 43 42 41 48 44 47  2  1  4  5  3  8  6  7
  8  5  3  6  4  7  1  2  9 10 15 16 12 11 14 13 19 20 24 21 18 22 23 17 30 26 32 29 28 27 25 31 37 38 35 34 33 40 36 39 42 41 44 45 43 48 46 47
 33 38 36 39 37 40 34 35 42 43 48 41 45 44 47 46  4  5  1  6  3  7  8  2 15 11  9 14 13 12 10 16 22 23 20 19 18 17 21 24 27 26 29 30 28 25 31 32
  9 14 12 15 13 16 10 11 18 19 24 17 21 20 23 22 28 29 25 30 27 31 32 26 39 35 33 38 37 36 34 40 46 47 44 43 42 41 45 48  3  2  5  6  4  1  7  8
 25 30 28 31 29 32 26 27 34 35 40 33 37 36 39 38 44 45 41 46 43 47 48 42  7  3  1  6  5  4  2  8 14 15 12 11 10  9 13 16 19 18 21 22 20 17 23 24
 17 22 20 23 21 24 18 19 26 27 32 25 29 28 31 30 36 37 33 38 35 39 40 34 47 43 41 46 45 44 42 48  6  7  4  3  2  1  5  8 11 10 13 14 12  9 15 16
  1  6  4  7  5  8  2  3 10 11 16  9 13 12 15 14 20 21 17 22 19 23 24 18 31 27 25 30 29 28 26 32 38 39 36 35 34 33 37 40 43 42 45 46 44 41 47 48
 41 46 44 47 45 48 42 43  2  3  8  1  5  4  7  6 12 13  9 14 11 15 16 10 23 19 17 22 21 20 18 24 30 31 28 27 26 25 29 32 35 34 37 38 36 33 39 40
 26 31 29 32 30 25 27 28 35 36 33 34 38 37 40 39 45 46 42 47 44 48 41 43  8  4  2  7  6  5  3  1 15 16 13 12 11 10 14  9 20 19 22 23 21 18 24 17
 34 39 37 40 38 33 35 36 43 44 41 42 46 45 48 47  5  6  2  7  4  8  1  3 16 12 10 15 14 13 11  9 23 24 21 20 19 18 22 17 28 27 30 31 29 26 32 25
 10 15 13 16 14  9 11 12 19 20 17 18 22 21 24 23 29 30 26 31 28 32 25 27 40 36 34 39 38 37 35 33 47 48 45 44 43 42 46 41  4  3  6  7  5  2  8  1
 18 23 21 24 22 17 19 20 27 28 25 26 30 29 32 31 37 38 34 39 36 40 33 35 48 44 42 47 46 45 43 41  7  8  5  4  3  2  6  1 12 11 14 15 13 10 16  9
 42 47 45 48 46 41 43 44  3  4  1  2  6  5  8  7 13 14 10 15 12 16  9 11 24 20 18 23 22 21 19 17 31 32 29 28 27 26 30 25 36 35 38 39 37 34 40 33
  2  7  5  8  6  1  3  4 11 12  9 10 14 13 16 15 21 22 18 23 20 24 17 19 32 28 26 31 30 29 27 25 39 40 37 36 35 34 38 33 44 43 46 47 45 42 48 41
 35 40 38 33 39 34 36 37 44 45 42 43 47 46 41 48  6  7  3  8  5  1  2  4  9 13 11 16 15 14 12 10 24 17 22 21 20 19 23 18 29 28 31 32 30 27 25 26
  3  8  6  1  7  2  4  5 12 13 10 11 15 14  9 16 22 23 19 24 21 17 18 20 25 29 27 32 31 30 28 26 40 33 38 37 36 35 39 34 45 44 47 48 46 43 41 42
 43 48 46 41 47 42 44 45  4  5  2  3  7  6  1  8 14 15 11 16 13  9 10 12 17 21 19 24 23 22 20 18 32 25 30 29 28 27 31 26 37 36 39 40 38 35 33 34
 27 32 30 25 31 26 28 29 36 37 34 35 39 38 33 40 46 47 43 48 45 41 42 44  1  5  3  8  7  6  4  2 16  9 14 13 12 11 15 10 21 20 23 24 22 19 17 18
 19 24 22 17 23 18 20 21 28 29 26 27 31 30 25 32 38 39 35 40 37 33 34 36 41 45 43 48 47 46 44 42  8  1  6  5  4  3  7  2 13 12 15 16 14 11  9 10
 11 16 14  9 15 10 12 13 20 21 18 19 23 22 17 24 30 31 27 32 29 25 26 28 33 37 35 40 39 38 36 34 48 41 46 45 44 43 47 42  5  4  7  8  6  3  1  2
  4  1  7  2  8  3  5  6 13 14 11 12 16 15 10  9 23 24 20 17 22 18 19 21 26 30 28 25 32 31 29 27 33 34 39 38 37 36 40 35 46 45 48 41 47 44 42 43
 36 33 39 34 40 35 37 38 45 46 43 44 48 47 42 41  7  8  4  1  6  2  3  5 10 14 12  9 16 15 13 11 17 18 23 22 21 20 24 19 30 29 32 25 31 28 26 27
 28 25 31 26 32 27 29 30 37 38 35 36 40 39 34 33 47 48 44 41 46 42 43 45  2  6  4  1  8  7  5  3  9 10 15 14 13 12 16 11 22 21 24 17 23 20 18 19
 20 17 23 18 24 19 21 22 29 30 27 28 32 31 26 25 39 40 36 33 38 34 35 37 42 46 44 41 48 47 45 43  1  2  7  6  5  4  8  3 14 13 16  9 15 12 10 11
 44 41 47 42 48 43 45 46  5  6  3  4  8  7  2  1 15 16 12  9 14 10 11 13 18 22 20 17 24 23 21 19 25 26 31 30 29 28 32 27 38 37 40 33 39 36 34 35
 12  9 15 10 16 11 13 14 21 22 19 20 24 23 18 17 31 32 28 25 30 26 27 29 34 38 36 33 40 39 37 35 41 42 47 46 45 44 48 43  6  5  8  1  7  4  2  3
 21 18 24 19 17 20 22 23 30 31 28 29 25 32 27 26 40 33 37 34 39 35 36 38 43 47 45 42 41 48 46 44  2  3  8  7  6  5  1  4 15 14  9 10 16 13 11 12
 29 26 32 27 25 28 30 31 38 39 36 37 33 40 35 34 48 41 45 42 47 43 44 46  3  7  5  2  1  8  6  4 10 11 16 15 14 13  9 12 23 22 17 18 24 21 19 20
 37 34 40 35 33 36 38 39 46 47 44 45 41 48 43 42  8  1  5  2  7  3  4  6 11 15 13 10  9 16 14 12 18 19 24 23 22 21 17 20 31 30 25 26 32 29 27 28
 45 42 48 43 41 44 46 47  6  7  4  5  1  8  3  2 16  9 13 10 15 11 12 14 19 23 21 18 17 24 22 20 26 27 32 31 30 29 25 28 39 38 33 34 40 37 35 36
  5  2  8  3  1  4  6  7 14 15 12 13  9 16 11 10 24 17 21 18 23 19 20 22 27 31 29 26 25 32 30 28 34 35 40 39 38 37 33 36 47 46 41 42 48 45 43 44
 13 10 16 11  9 12 14 15 22 23 20 21 17 24 19 18 32 25 29 26 31 27 28 30 35 39 37 34 33 40 38 36 42 43 48 47 46 45 41 44  7  6  1  2  8  5  3  4
 46 43 41 44 42 45 47 48  7  8  5  6  2  1  4  3  9 10 14 11 16 12 13 15 20 24 22 19 18 17 23 21 27 28 25 32 31 30 26 29 40 39 34 35 33 38 36 37
 14 11  9 12 10 13 15 16 23 24 21 22 18 17 20 19 25 26 30 27 32 28 29 31 36 40 38 35 34 33 39 37 43 44 41 48 47 46 42 45  8  7  2  3  1  6  4  5
 38 35 33 36 34 37 39 40 47 48 45 46 42 41 44 43  1  2  6  3  8  4  5  7 12 16 14 11 10  9 15 13 19 20 17 24 23 22 18 21 32 31 26 27 25 30 28 29
 22 19 17 20 18 21 23 24 31 32 29 30 26 25 28 27 33 34 38 35 40 36 37 39 44 48 46 43 42 41 47 45  3  4  1  8  7  6  2  5 16 15 10 11  9 14 12 13
 30 27 25 28 26 29 31 32 39 40 37 38 34 33 36 35 41 42 46 43 48 44 45 47  4  8  6  3  2  1  7  5 11 12  9 16 15 14 10 13 24 23 18 19 17 22 20 21
  6  3  1  4  2  5  7  8 15 16 13 14 10  9 12 11 17 18 22 19 24 20 21 23 28 32 30 27 26 25 31 29 35 36 33 40 39 38 34 37 48 47 42 43 41 46 44 45
 15 12 10 13 11 14 16  9 24 17 22 23 19 18 21 20 26 27 31 28 25 29 30 32 37 33 39 36 35 34 40 38 44 45 42 41 48 47 43 46  1  8  3  4  2  7  5  6
 31 28 26 29 27 30 32 25 40 33 38 39 35 34 37 36 42 43 47 44 41 45 46 48  5  1  7  4  3  2  8  6 12 13 10  9 16 15 11 14 17 24 19 20 18 23 21 22
 47 44 42 45 43 46 48 41  8  1  6  7  3  2  5  4 10 11 15 12  9 13 14 16 21 17 23 20 19 18 24 22 28 29 26 25 32 31 27 30 33 40 35 36 34 39 37 38
  7  4  2  5  3  6  8  1 16  9 14 15 11 10 13 12 18 19 23 20 17 21 22 24 29 25 31 28 27 26 32 30 36 37 34 33 40 39 35 38 41 48 43 44 42 47 45 46
 23 20 18 21 19 22 24 17 32 25 30 31 27 26 29 28 34 35 39 36 33 37 38 40 45 41 47 44 43 42 48 46  4  5  2  1  8  7  3  6  9 16 11 12 10 15 13 14
 39 36 34 37 35 38 40 33 48 41 46 47 43 42 45 44  2  3  7  4  1  5  6  8 13  9 15 12 11 10 16 14 20 21 18 17 24 23 19 22 25 32 27 28 26 31 29 30
