 40 38 36 35 37 34 33 39 46 43 42 41 48 44 47 45  3  4  1  2  7  5  6  8 10  9 15 11 14 13 12 16 22 21 20 17 18 23 24 19 28 32 29 30 26 31 25 27
 16 14 12 11 13 10  9 15 22 19 18 17 24 20 23 21 27 28 25 26 31 29 30 32 34 33 39 35 38 37 36 40 46 45 44 41 42 47 48 43  4  8  5  6  2  7  1  3
 48 46 44 43 45 42 41 47  6  3  2  1  8  4  7  5 11 12  9 10 15 13 14 16 18 17 23 19 22 21 20 24 30 29 28 25 26 31 32 27 36 40 37 38 34 39 33 35
 32 30 28 27 29 26 25 31 38 35 34 33 40 36 39 37 43 44 41 42 47 45 46 48  2  1  7  3  6  5  4  8 14 13 12  9 10 15 16 11 20 24 21 22 18 23 17 19
 24 22 20 19 21 18 17 23 30 27 26 25 32 28 31 29 35 36 33 34 39 37 38 40 42 41 47 43 46 45 44 48  6  5  4  1  2  7  8  3 12 16 13 14 10 15  9 11
  8  6  4  3  5  2  1  7 14 11 10  9 16 12 15 13 19 20 17 18 23 21 22 24 26 25 31 27 30 29 28 32 38 37 36 33 34 39 40 35 44 48 45 46 42 47 41 43
 17 23 21 20 22 19 18 24 31 28 27 26 25 29 32 30 36 37 34 35 40 38 39 33 43 42 48 44 47 46 45 41  7  6  5  2  3  8  1  4 13  9 14 15 11 16 10 12
  1  7  5  4  6  3  2  8 15 12 11 10  9 13 16 14 20 21 18 19 24 22 23 17 27 26 32 28 31 30 29 25 39 38 37 34 35 40 33 36 45 41 46 47 43 48 42 44
 33 39 37 36 38 35 34 40 47 44 43 42 41 45 48 46  4  5  2  3  8  6  7  1 11 10 16 12 15 14 13  9 23 22 21 18 19 24 17 20 29 25 30 31 27 32 26 28
 41 47 45 44 46 43 42 48  7  4  3  2  1  5  8  6 12 13 10 11 16 14 15  9 19 18 24 20 23 22 21 17 31 30 29 26 27 32 25 28 37 33 38 39 35 40 34 36
  9 15 13 12 14 11 10 16 23 20 19 18 17 21 24 22 28 29 26 27 32 30 31 25 35 34 40 36 39 38 37 33 47 46 45 42 43 48 41 44  5  1  6  7  3  8  2  4
 25 31 29 28 30 27 26 32 39 36 35 34 33 37 40 38 44 45 42 43 48 46 47 41  3  2  8  4  7  6  5  1 15 14 13 10 11 16  9 12 21 17 22 23 19 24 18 20
 34 40 38 37 39 36 35 33 48 45 44 43 42 46 41 47  5  6  3  4  1  7  8  2 12 11  9 13 16 15 14 10 24 23 22 19 20 17 18 21 30 26 31 32 28 25 27 29
 18 24 22 21 23 20 19 17 32 29 28 27 26 30 25 31 37 38 35 36 33 39 40 34 44 43 41 45 48 47 46 42  8  7  6  3  4  1  2  5 14 10 15 16 12  9 11 13
  2  8  6  5  7  4  3  1 16 13 12 11 10 14  9 15 21 22 19 20 17 23 24 18 28 27 25 29 32 31 30 26 40 39 38 35 36 33 34 37 46 42 47 48 44 41 43 45
 42 48 46 45 47 44 43 41  8  5  4  3  2  6  1  7 13 14 11 12  9 15 16 10 20 19 17 21 24 23 22 18 32 31 30 27 28 25 26 29 38 34 39 40 36 33 35 37
 10 16 14 13 15 12 11  9 24 21 20 19 18 22 17 23 29 30 27 28 25 31 32 26 36 35 33 37 40 39 38 34 48 47 46 43 44 41 42 45  6  2  7  8  4  1  3  5
 26 32 30 29 31 28 27 25 40 37 36 35 34 38 33 39 45 46 43 44 41 47 48 42  4  3  1  5  8  7  6  2 16 15 14 11 12  9 10 13 22 18 23 24 20 17 19 21
 27 25 31 30 32 29 28 26 33 38 37 36 35 39 34 40 46 47 44 45 42 48 41 43  5  4  2  6  1  8  7  3  9 16 15 12 13 10 11 14 23 19 24 17 21 18 20 22
 19 17 23 22 24 21 20 18 25 30 29 28 27 31 26 32 38 39 36 37 34 40 33 35 45 44 42 46 41 48 47 43  1  8  7  4  5  2  3  6 15 11 16  9 13 10 12 14
 35 33 39 38 40 37 36 34 41 46 45 44 43 47 42 48  6  7  4  5  2  8  1  3 13 12 10 14  9 16 15 11 17 24 23 20 21 18 19 22 31 27 32 25 29 26 28 30
  3  1  7  6  8  5  4  2  9 14 13 12 11 15 10 16 22 23 20 21 18 24 17 19 29 28 26 30 25 32 31 27 33 40 39 36 37 34 35 38 47 43 48 41 45 42 44 46
 11  9 15 14 16 13 12 10 17 22 21 20 19 23 18 24 30 31 28 29 26 32 25 27 37 36 34 38 33 40 39 35 41 48 47 44 45 42 43 46  7  3  8  1  5  2  4  6
 43 41 47 46 48 45 44 42  1  6  5  4  3  7  2  8 14 15 12 13 10 16  9 11 21 20 18 22 17 24 23 19 25 32 31 28 29 26 27 30 39 35 40 33 37 34 36 38
  4  2  8  7  1  6  5  3 10 15 14 13 12 16 11  9 23 24 21 22 19 17 18 20 30 29 27 31 26 25 32 28 34 33 40 37 38 35 36 39 48 44 41 42 46 43 45 47
 44 42 48 47 41 46 45 43  2  7  6  5  4  8  3  1 15 16 13 14 11  9 10 12 22 21 19 23 18 17 24 20 26 25 32 29 30 27 28 31 40 36 33 34 38 35 37 39
 28 26 32 31 25 30 29 27 34 39 38 37 36 40 35 33 47 48 45 46 43 41 42 44  6  5  3  7  2  1  8  4 10  9 16 13 14 11 12 15 24 20 17 18 22 19 21 23
 20 18 24 23 17 22 21 19 26 31 30 29 28 32 27 25 39 40 37 38 35 33 34 36 46 45 43 47 42 41 48 44  2  1  8  5  6  3  4  7 16 12  9 10 14 11 13 15
 36 34 40 39 33 38 37 35 42 47 46 45 44 48 43 41  7  8  5  6  3  1  2  4 14 13 11 15 10  9 16 12 18 17 24 21 22 19 20 23 32 28 25 26 30 27 29 31
 12 10 16 15  9 14 13 11 18 23 22 21 20 24 19 17 31 32 29 30 27 25 26 28 38 37 35 39 34 33 40 36 42 41 48 45 46 43 44 47  8  4  1  2  6  3  5  7
 29 27 25 32 26 31 30 28 35 40 39 38 37 33 36 34 48 41 46 47 44 42 43 45  7  6  4  8  3  2  1  5 11 10  9 14 15 12 13 16 17 21 18 19 23 20 22 24
 45 43 41 48 42 47 46 44  3  8  7  6  5  1  4  2 16  9 14 15 12 10 11 13 23 22 20 24 19 18 17 21 27 26 25 30 31 28 29 32 33 37 34 35 39 36 38 40
  5  3  1  8  2  7  6  4 11 16 15 14 13  9 12 10 24 17 22 23 20 18 19 21 31 30 28 32 27 26 25 29 35 34 33 38 39 36 37 40 41 45 42 43 47 44 46 48
 37 35 33 40 34 39 38 36 43 48 47 46 45 41 44 42  8  1  6  7  4  2  3  5 15 14 12 16 11 10  9 13 19 18 17 22 23 20 21 24 25 29 26 27 31 28 30 32
 13 11  9 16 10 15 14 12 19 24 23 22 21 17 20 18 32 25 30 31 28 26 27 29 39 38 36 40 35 34 33 37 43 42 41 46 47 44 45 48  1  5  2  3  7  4  6  8
 21 19 17 24 18 23 22 20 27 32 31 30 29 25 28 26 40 33 38 39 36 34 35 37 47 46 44 48 43 42 41 45  3  2  1  6  7  4  5  8  9 13 10 11 15 12 14 16
 46 44 42 41 43 48 47 45  4  1  8  7  6  2  5  3  9 10 15 16 13 11 12 14 24 23 21 17 20 19 18 22 28 27 26 31 32 29 30 25 34 38 35 36 40 37 39 33
 22 20 18 17 19 24 23 21 28 25 32 31 30 26 29 27 33 34 39 40 37 35 36 38 48 47 45 41 44 43 42 46  4  3  2  7  8  5  6  1 10 14 11 12 16 13 15  9
  6  4  2  1  3  8  7  5 12  9 16 15 14 10 13 11 17 18 23 24 21 19 20 22 32 31 29 25 28 27 26 30 36 35 34 39 40 37 38 33 42 46 43 44 48 45 47 41
 38 36 34 33 35 40 39 37 44 41 48 47 46 42 45 43  1  2  7  8  5  3  4  6 16 15 13  9 12 11 10 14 20 19 18 23 24 21 22 17 26 30 27 28 32 29 31 25
 30 28 26 25 27 32 31 29 36 33 40 39 38 34 37 35 41 42 47 48 45 43 44 46  8  7  5  1  4  3  2  6 12 11 10 15 16 13 14  9 18 22 19 20 24 21 23 17
 14 12 10  9 11 16 15 13 20 17 24 23 22 18 21 19 25 26 31 32 29 27 28 30 40 39 37 33 36 35 34 38 44 43 42 47 48 45 46 41  2  6  3  4  8  5  7  1
  7  5  3  2  4  1  8  6 13 10  9 16 15 11 14 12 18 19 24 17 22 20 21 23 25 32 30 26 29 28 27 31 37 36 35 40 33 38 39 34 43 47 44 45 41 46 48 42
 47 45 43 42 44 41 48 46  5  2  1  8  7  3  6  4 10 11 16  9 14 12 13 15 17 24 22 18 21 20 19 23 29 28 27 32 25 30 31 26 35 39 36 37 33 38 40 34
 31 29 27 26 28 25 32 30 37 34 33 40 39 35 38 36 42 43 48 41 46 44 45 47  1  8  6  2  5  4  3  7 13 12 11 16  9 14 15 10 19 23 20 21 17 22 24 18
 23 21 19 18 20 17 24 22 29 26 25 32 31 27 30 28 34 35 40 33 38 36 37 39 41 48 46 42 45 44 43 47  5  4  3  8  1  6  7  2 11 15 12 13  9 14 16 10
 15 13 11 10 12  9 16 14 21 18 17 24 23 19 22 20 26 27 32 25 30 28 29 31 33 40 38 34 37 36 35 39 45 44 43 48 41 46 47 42  3  7  4  5  1  6  8  2
 39 37 35 34 36 33 40 38 45 42 41 48 47 43 46 44  2  3  8  1  6  4  5  7  9 16 14 10 13 12 11 15 21 20 19 24 17 22 23 18 27 31 28 29 25 30 32 26
