 11 16 14 12 13  9 15 10 17 23 20 22 24 18 21 19 29 31 28 32 27 26 25 30 39 35 34 38 33 40 37 36 48 42 41 46 44 47 43 45  8  3  1  7  5  2  4  6
  3  8  6  4  5  1  7  2  9 15 12 14 16 10 13 11 21 23 20 24 19 18 17 22 31 27 26 30 25 32 29 28 40 34 33 38 36 39 35 37 48 43 41 47 45 42 44 46
 19 24 22 20 21 17 23 18 25 31 28 30 32 26 29 27 37 39 36 40 35 34 33 38 47 43 42 46 41 48 45 44  8  2  1  6  4  7  3  5 16 11  9 15 13 10 12 14
 35 40 38 36 37 33 39 34 41 47 44 46 48 42 45 43  5  7  4  8  3  2  1  6 15 11 10 14  9 16 13 12 24 18 17 22 20 23 19 21 32 27 25 31 29 26 28 30
 27 32 30 28 29 25 31 26 33 39 36 38 40 34 37 35 45 47 44 48 43 42 41 46  7  3  2  6  1  8  5  4 16 10  9 14 12 15 11 13 24 19 17 23 21 18 20 22
 43 48 46 44 45 41 47 42  1  7  4  6  8  2  5  3 13 15 12 16 11 10  9 14 23 19 18 22 17 24 21 20 32 26 25 30 28 31 27 29 40 35 33 39 37 34 36 38
 36 33 39 37 38 34 40 35 42 48 45 47 41 43 46 44  6  8  5  1  4  3  2  7 16 12 11 15 10  9 14 13 17 19 18 23 21 24 20 22 25 28 26 32 30 27 29 31
 44 41 47 45 46 42 48 43  2  8  5  7  1  3  6  4 14 16 13  9 12 11 10 15 24 20 19 23 18 17 22 21 25 27 26 31 29 32 28 30 33 36 34 40 38 35 37 39
  4  1  7  5  6  2  8  3 10 16 13 15  9 11 14 12 22 24 21 17 20 19 18 23 32 28 27 31 26 25 30 29 33 35 34 39 37 40 36 38 41 44 42 48 46 43 45 47
 28 25 31 29 30 26 32 27 34 40 37 39 33 35 38 36 46 48 45 41 44 43 42 47  8  4  3  7  2  1  6  5  9 11 10 15 13 16 12 14 17 20 18 24 22 19 21 23
 20 17 23 21 22 18 24 19 26 32 29 31 25 27 30 28 38 40 37 33 36 35 34 39 48 44 43 47 42 41 46 45  1  3  2  7  5  8  4  6  9 12 10 16 14 11 13 15
 12  9 15 13 14 10 16 11 18 24 21 23 17 19 22 20 30 32 29 25 28 27 26 31 40 36 35 39 34 33 38 37 41 43 42 47 45 48 44 46  1  4  2  8  6  3  5  7
 37 34 40 38 39 35 33 36 43 41 46 48 42 44 47 45  7  1  6  2  5  4  3  8  9 13 12 16 11 10 15 14 18 20 19 24 22 17 21 23 26 29 27 25 31 28 30 32
  5  2  8  6  7  3  1  4 11  9 14 16 10 12 15 13 23 17 22 18 21 20 19 24 25 29 28 32 27 26 31 30 34 36 35 40 38 33 37 39 42 45 43 41 47 44 46 48
 21 18 24 22 23 19 17 20 27 25 30 32 26 28 31 29 39 33 38 34 37 36 35 40 41 45 44 48 43 42 47 46  2  4  3  8  6  1  5  7 10 13 11  9 15 12 14 16
 29 26 32 30 31 27 25 28 35 33 38 40 34 36 39 37 47 41 46 42 45 44 43 48  1  5  4  8  3  2  7  6 10 12 11 16 14  9 13 15 18 21 19 17 23 20 22 24
 45 42 48 46 47 43 41 44  3  1  6  8  2  4  7  5 15  9 14 10 13 12 11 16 17 21 20 24 19 18 23 22 26 28 27 32 30 25 29 31 34 37 35 33 39 36 38 40
 13 10 16 14 15 11  9 12 19 17 22 24 18 20 23 21 31 25 30 26 29 28 27 32 33 37 36 40 35 34 39 38 42 44 43 48 46 41 45 47  2  5  3  1  7  4  6  8
 38 35 33 39 40 36 34 37 44 42 47 41 43 45 48 46  8  2  7  3  6  5  4  1 10 14 13  9 12 11 16 15 19 21 20 17 23 18 22 24 27 30 28 26 32 29 31 25
 30 27 25 31 32 28 26 29 36 34 39 33 35 37 40 38 48 42 47 43 46 45 44 41  2  6  5  1  4  3  8  7 11 13 12  9 15 10 14 16 19 22 20 18 24 21 23 17
 22 19 17 23 24 20 18 21 28 26 31 25 27 29 32 30 40 34 39 35 38 37 36 33 42 46 45 41 44 43 48 47  3  5  4  1  7  2  6  8 11 14 12 10 16 13 15  9
 14 11  9 15 16 12 10 13 20 18 23 17 19 21 24 22 32 26 31 27 30 29 28 25 34 38 37 33 36 35 40 39 43 45 44 41 47 42 46 48  3  6  4  2  8  5  7  1
 46 43 41 47 48 44 42 45  4  2  7  1  3  5  8  6 16 10 15 11 14 13 12  9 18 22 21 17 20 19 24 23 27 29 28 25 31 26 30 32 35 38 36 34 40 37 39 33
  6  3  1  7  8  4  2  5 12 10 15  9 11 13 16 14 24 18 23 19 22 21 20 17 26 30 29 25 28 27 32 31 35 37 36 33 39 34 38 40 43 46 44 42 48 45 47 41
 39 36 34 40 33 37 35 38 45 43 48 42 44 46 41 47  1  3  8  4  7  6  5  2 11 15 14 10 13 12  9 16 20 22 21 18 24 19 23 17 28 31 29 27 25 30 32 26
 47 44 42 48 41 45 43 46  5  3  8  2  4  6  1  7  9 11 16 12 15 14 13 10 19 23 22 18 21 20 17 24 28 30 29 26 32 27 31 25 36 39 37 35 33 38 40 34
 23 20 18 24 17 21 19 22 29 27 32 26 28 30 25 31 33 35 40 36 39 38 37 34 43 47 46 42 45 44 41 48  4  6  5  2  8  3  7  1 12 15 13 11  9 14 16 10
  7  4  2  8  1  5  3  6 13 11 16 10 12 14  9 15 17 19 24 20 23 22 21 18 27 31 30 26 29 28 25 32 36 38 37 34 40 35 39 33 44 47 45 43 41 46 48 42
 15 12 10 16  9 13 11 14 21 19 24 18 20 22 17 23 25 27 32 28 31 30 29 26 35 39 38 34 37 36 33 40 44 46 45 42 48 43 47 41  4  7  5  3  1  6  8  2
 31 28 26 32 25 29 27 30 37 35 40 34 36 38 33 39 41 43 48 44 47 46 45 42  3  7  6  2  5  4  1  8 12 14 13 10 16 11 15  9 20 23 21 19 17 22 24 18
 16 13 11  9 10 14 12 15 22 20 17 19 21 23 18 24 26 28 25 29 32 31 30 27 36 40 39 35 38 37 34 33 45 47 46 43 41 44 48 42  5  8  6  4  2  7  1  3
 40 37 35 33 34 38 36 39 46 44 41 43 45 47 42 48  2  4  1  5  8  7  6  3 12 16 15 11 14 13 10  9 21 23 22 19 17 20 24 18 29 32 30 28 26 31 25 27
 32 29 27 25 26 30 28 31 38 36 33 35 37 39 34 40 42 44 41 45 48 47 46 43  4  8  7  3  6  5  2  1 13 15 14 11  9 12 16 10 21 24 22 20 18 23 17 19
  8  5  3  1  2  6  4  7 14 12  9 11 13 15 10 16 18 20 17 21 24 23 22 19 28 32 31 27 30 29 26 25 37 39 38 35 33 36 40 34 45 48 46 44 42 47 41 43
 24 21 19 17 18 22 20 23 30 28 25 27 29 31 26 32 34 36 33 37 40 39 38 35 44 48 47 43 46 45 42 41  5  7  6  3  1  4  8  2 13 16 14 12 10 15  9 11
 48 45 43 41 42 46 44 47  6  4  1  3  5  7  2  8 10 12  9 13 16 15 14 11 20 24 23 19 22 21 18 17 29 31 30 27 25 28 32 26 37 40 38 36 34 39 33 35
 25 30 28 26 27 31 29 32 39 37 34 36 38 40 35 33 43 45 42 46 41 48 47 44  5  1  8  4  7  6  3  2 14 16 15 12 10 13  9 11 22 17 23 21 19 24 18 20
 41 46 44 42 43 47 45 48  7  5  2  4  6  8  3  1 11 13 10 14  9 16 15 12 21 17 24 20 23 22 19 18 30 32 31 28 26 29 25 27 38 33 39 37 35 40 34 36
 17 22 20 18 19 23 21 24 31 29 26 28 30 32 27 25 35 37 34 38 33 40 39 36 45 41 48 44 47 46 43 42  6  8  7  4  2  5  1  3 14  9 15 13 11 16 10 12
  9 14 12 10 11 15 13 16 23 21 18 20 22 24 19 17 27 29 26 30 25 32 31 28 37 33 40 36 39 38 35 34 46 48 47 44 42 45 41 43  6  1  7  5  3  8  2  4
  1  6  4  2  3  7  5  8 15 13 10 12 14 16 11  9 19 21 18 22 17 24 23 20 29 25 32 28 31 30 27 26 38 40 39 36 34 37 33 35 46 41 47 45 43 48 42 44
 33 38 36 34 35 39 37 40 47 45 42 44 46 48 43 41  3  5  2  6  1  8  7  4 13  9 16 12 15 14 11 10 22 24 23 20 18 21 17 19 30 25 31 29 27 32 26 28
 18 23 21 19 20 24 22 17 32 30 27 29 31 25 28 26 36 38 35 39 34 33 40 37 46 42 41 45 48 47 44 43  7  1  8  5  3  6  2  4 15 10 16 14 12  9 11 13
 10 15 13 11 12 16 14  9 24 22 19 21 23 17 20 18 28 30 27 31 26 25 32 29 38 34 33 37 40 39 36 35 47 41 48 45 43 46 42 44  7  2  8  6  4  1  3  5
 42 47 45 43 44 48 46 41  8  6  3  5  7  1  4  2 12 14 11 15 10  9 16 13 22 18 17 21 24 23 20 19 31 25 32 29 27 30 26 28 39 34 40 38 36 33 35 37
 34 39 37 35 36 40 38 33 48 46 43 45 47 41 44 42  4  6  3  7  2  1  8  5 14 10  9 13 16 15 12 11 23 17 24 21 19 22 18 20 31 26 32 30 28 25 27 29
  2  7  5  3  4  8  6  1 16 14 11 13 15  9 12 10 20 22 19 23 18 17 24 21 30 26 25 29 32 31 28 27 39 33 40 37 35 38 34 36 47 42 48 46 44 41 43 45
 26 31 29 27 28 32 30 25 40 38 35 37 39 33 36 34 44 46 43 47 42 41 48 45  6  2  1  5  8  7  4  3 15  9 16 13 11 14 10 12 23 18 24 22 20 17 19 21
