  9 13 12 11 15 14 10 16 23 24 18 21 20 19 17 22 27 32 31 26 25 28 30 29 35 37 33 38 36 40 39 34 47 42 46 43 41 44 45 48  4  2  6  5  8  7  1  3
  1  5  4  3  7  6  2  8 15 16 10 13 12 11  9 14 19 24 23 18 17 20 22 21 27 29 25 30 28 32 31 26 39 34 38 35 33 36 37 40 44 42 46 45 48 47 41 43
 25 29 28 27 31 30 26 32 39 40 34 37 36 35 33 38 43 48 47 42 41 44 46 45  3  5  1  6  4  8  7  2 15 10 14 11  9 12 13 16 20 18 22 21 24 23 17 19
 17 21 20 19 23 22 18 24 31 32 26 29 28 27 25 30 35 40 39 34 33 36 38 37 43 45 41 46 44 48 47 42  7  2  6  3  1  4  5  8 12 10 14 13 16 15  9 11
 41 45 44 43 47 46 42 48  7  8  2  5  4  3  1  6 11 16 15 10  9 12 14 13 19 21 17 22 20 24 23 18 31 26 30 27 25 28 29 32 36 34 38 37 40 39 33 35
 33 37 36 35 39 38 34 40 47 48 42 45 44 43 41 46  3  8  7  2  1  4  6  5 11 13  9 14 12 16 15 10 23 18 22 19 17 20 21 24 28 26 30 29 32 31 25 27
 42 46 45 44 48 47 43 41  8  1  3  6  5  4  2  7 12  9 16 11 10 13 15 14 20 22 18 23 21 17 24 19 32 27 31 28 26 29 30 25 37 35 39 38 33 40 34 36
 26 30 29 28 32 31 27 25 40 33 35 38 37 36 34 39 44 41 48 43 42 45 47 46  4  6  2  7  5  1  8  3 16 11 15 12 10 13 14  9 21 19 23 22 17 24 18 20
  2  6  5  4  8  7  3  1 16  9 11 14 13 12 10 15 20 17 24 19 18 21 23 22 28 30 26 31 29 25 32 27 40 35 39 36 34 37 38 33 45 43 47 46 41 48 42 44
 34 38 37 36 40 39 35 33 48 41 43 46 45 44 42 47  4  1  8  3  2  5  7  6 12 14 10 15 13  9 16 11 24 19 23 20 18 21 22 17 29 27 31 30 25 32 26 28
 10 14 13 12 16 15 11  9 24 17 19 22 21 20 18 23 28 25 32 27 26 29 31 30 36 38 34 39 37 33 40 35 48 43 47 44 42 45 46 41  5  3  7  6  1  8  2  4
 18 22 21 20 24 23 19 17 32 25 27 30 29 28 26 31 36 33 40 35 34 37 39 38 44 46 42 47 45 41 48 43  8  3  7  4  2  5  6  1 13 11 15 14  9 16 10 12
 11 15 14 13  9 16 12 10 17 18 20 23 22 21 19 24 29 26 25 28 27 30 32 31 37 39 35 40 38 34 33 36 41 44 48 45 43 46 47 42  6  4  8  7  2  1  3  5
 19 23 22 21 17 24 20 18 25 26 28 31 30 29 27 32 37 34 33 36 35 38 40 39 45 47 43 48 46 42 41 44  1  4  8  5  3  6  7  2 14 12 16 15 10  9 11 13
 27 31 30 29 25 32 28 26 33 34 36 39 38 37 35 40 45 42 41 44 43 46 48 47  5  7  3  8  6  2  1  4  9 12 16 13 11 14 15 10 22 20 24 23 18 17 19 21
 43 47 46 45 41 48 44 42  1  2  4  7  6  5  3  8 13 10  9 12 11 14 16 15 21 23 19 24 22 18 17 20 25 28 32 29 27 30 31 26 38 36 40 39 34 33 35 37
  3  7  6  5  1  8  4  2  9 10 12 15 14 13 11 16 21 18 17 20 19 22 24 23 29 31 27 32 30 26 25 28 33 36 40 37 35 38 39 34 46 44 48 47 42 41 43 45
 35 39 38 37 33 40 36 34 41 42 44 47 46 45 43 48  5  2  1  4  3  6  8  7 13 15 11 16 14 10  9 12 17 20 24 21 19 22 23 18 30 28 32 31 26 25 27 29
 20 24 23 22 18 17 21 19 26 27 29 32 31 30 28 25 38 35 34 37 36 39 33 40 46 48 44 41 47 43 42 45  2  5  1  6  4  7  8  3 15 13  9 16 11 10 12 14
  4  8  7  6  2  1  5  3 10 11 13 16 15 14 12  9 22 19 18 21 20 23 17 24 30 32 28 25 31 27 26 29 34 37 33 38 36 39 40 35 47 45 41 48 43 42 44 46
 12 16 15 14 10  9 13 11 18 19 21 24 23 22 20 17 30 27 26 29 28 31 25 32 38 40 36 33 39 35 34 37 42 45 41 46 44 47 48 43  7  5  1  8  3  2  4  6
 28 32 31 30 26 25 29 27 34 35 37 40 39 38 36 33 46 43 42 45 44 47 41 48  6  8  4  1  7  3  2  5 10 13  9 14 12 15 16 11 23 21 17 24 19 18 20 22
 44 48 47 46 42 41 45 43  2  3  5  8  7  6  4  1 14 11 10 13 12 15  9 16 22 24 20 17 23 19 18 21 26 29 25 30 28 31 32 27 39 37 33 40 35 34 36 38
 36 40 39 38 34 33 37 35 42 43 45 48 47 46 44 41  6  3  2  5  4  7  1  8 14 16 12  9 15 11 10 13 18 21 17 22 20 23 24 19 31 29 25 32 27 26 28 30
 21 17 24 23 19 18 22 20 27 28 30 25 32 31 29 26 39 36 35 38 37 40 34 33 47 41 45 42 48 44 43 46  3  6  2  7  5  8  1  4 16 14 10  9 12 11 13 15
 45 41 48 47 43 42 46 44  3  4  6  1  8  7  5  2 15 12 11 14 13 16 10  9 23 17 21 18 24 20 19 22 27 30 26 31 29 32 25 28 40 38 34 33 36 35 37 39
 37 33 40 39 35 34 38 36 43 44 46 41 48 47 45 42  7  4  3  6  5  8  2  1 15  9 13 10 16 12 11 14 19 22 18 23 21 24 17 20 32 30 26 25 28 27 29 31
 29 25 32 31 27 26 30 28 35 36 38 33 40 39 37 34 47 44 43 46 45 48 42 41  7  1  5  2  8  4  3  6 11 14 10 15 13 16  9 12 24 22 18 17 20 19 21 23
 13  9 16 15 11 10 14 12 19 20 22 17 24 23 21 18 31 28 27 30 29 32 26 25 39 33 37 34 40 36 35 38 43 46 42 47 45 48 41 44  8  6  2  1  4  3  5  7
  5  1  8  7  3  2  6  4 11 12 14  9 16 15 13 10 23 20 19 22 21 24 18 17 31 25 29 26 32 28 27 30 35 38 34 39 37 40 33 36 48 46 42 41 44 43 45 47
 46 42 41 48 44 43 47 45  4  5  7  2  1  8  6  3 16 13 12 15 14  9 11 10 24 18 22 19 17 21 20 23 28 31 27 32 30 25 26 29 33 39 35 34 37 36 38 40
  6  2  1  8  4  3  7  5 12 13 15 10  9 16 14 11 24 21 20 23 22 17 19 18 32 26 30 27 25 29 28 31 36 39 35 40 38 33 34 37 41 47 43 42 45 44 46 48
 14 10  9 16 12 11 15 13 20 21 23 18 17 24 22 19 32 29 28 31 30 25 27 26 40 34 38 35 33 37 36 39 44 47 43 48 46 41 42 45  1  7  3  2  5  4  6  8
 22 18 17 24 20 19 23 21 28 29 31 26 25 32 30 27 40 37 36 39 38 33 35 34 48 42 46 43 41 45 44 47  4  7  3  8  6  1  2  5  9 15 11 10 13 12 14 16
 38 34 33 40 36 35 39 37 44 45 47 42 41 48 46 43  8  5  4  7  6  1  3  2 16 10 14 11  9 13 12 15 20 23 19 24 22 17 18 21 25 31 27 26 29 28 30 32
 30 26 25 32 28 27 31 29 36 37 39 34 33 40 38 35 48 45 44 47 46 41 43 42  8  2  6  3  1  5  4  7 12 15 11 16 14  9 10 13 17 23 19 18 21 20 22 24
 39 35 34 33 37 36 40 38 45 46 48 43 42 41 47 44  1  6  5  8  7  2  4  3  9 11 15 12 10 14 13 16 21 24 20 17 23 18 19 22 26 32 28 27 30 29 31 25
  7  3  2  1  5  4  8  6 13 14 16 11 10  9 15 12 17 22 21 24 23 18 20 19 25 27 31 28 26 30 29 32 37 40 36 33 39 34 35 38 42 48 44 43 46 45 47 41
 47 43 42 41 45 44 48 46  5  6  8  3  2  1  7  4  9 14 13 16 15 10 12 11 17 19 23 20 18 22 21 24 29 32 28 25 31 26 27 30 34 40 36 35 38 37 39 33
 31 27 26 25 29 28 32 30 37 38 40 35 34 33 39 36 41 46 45 48 47 42 44 43  1  3  7  4  2  6  5  8 13 16 12  9 15 10 11 14 18 24 20 19 22 21 23 17
 15 11 10  9 13 12 16 14 21 22 24 19 18 17 23 20 25 30 29 32 31 26 28 27 33 35 39 36 34 38 37 40 45 48 44 41 47 42 43 46  2  8  4  3  6  5  7  1
 23 19 18 17 21 20 24 22 29 30 32 27 26 25 31 28 33 38 37 40 39 34 36 35 41 43 47 44 42 46 45 48  5  8  4  1  7  2  3  6 10 16 12 11 14 13 15  9
 40 36 35 34 38 37 33 39 46 47 41 44 43 42 48 45  2  7  6  1  8  3  5  4 10 12 16 13 11 15 14  9 22 17 21 18 24 19 20 23 27 25 29 28 31 30 32 26
 48 44 43 42 46 45 41 47  6  7  1  4  3  2  8  5 10 15 14  9 16 11 13 12 18 20 24 21 19 23 22 17 30 25 29 26 32 27 28 31 35 33 37 36 39 38 40 34
 24 20 19 18 22 21 17 23 30 31 25 28 27 26 32 29 34 39 38 33 40 35 37 36 42 44 48 45 43 47 46 41  6  1  5  2  8  3  4  7 11  9 13 12 15 14 16 10
 16 12 11 10 14 13  9 15 22 23 17 20 19 18 24 21 26 31 30 25 32 27 29 28 34 36 40 37 35 39 38 33 46 41 45 42 48 43 44 47  3  1  5  4  7  6  8  2
 32 28 27 26 30 29 25 31 38 39 33 36 35 34 40 37 42 47 46 41 48 43 45 44  2  4  8  5  3  7  6  1 14  9 13 10 16 11 12 15 19 17 21 20 23 22 24 18
  8  4  3  2  6  5  1  7 14 15  9 12 11 10 16 13 18 23 22 17 24 19 21 20 26 28 32 29 27 31 30 25 38 33 37 34 40 35 36 39 43 41 45 44 47 46 48 42
