  8  7  3  6  4  5  1  2 12 10  9 14 13 11 15 16 22 21 17 23 18 20 19 24 28 27 26 25 31 29 30 32 37 40 36 35 39 34 33 38 44 43 46 47 48 41 42 45
 48 47 43 46 44 45 41 42  4  2  1  6  5  3  7  8 14 13  9 15 10 12 11 16 20 19 18 17 23 21 22 24 29 32 28 27 31 26 25 30 36 35 38 39 40 33 34 37
 32 31 27 30 28 29 25 26 36 34 33 38 37 35 39 40 46 45 41 47 42 44 43 48  4  3  2  1  7  5  6  8 13 16 12 11 15 10  9 14 20 19 22 23 24 17 18 21
 24 23 19 22 20 21 17 18 28 26 25 30 29 27 31 32 38 37 33 39 34 36 35 40 44 43 42 41 47 45 46 48  5  8  4  3  7  2  1  6 12 11 14 15 16  9 10 13
 40 39 35 38 36 37 33 34 44 42 41 46 45 43 47 48  6  5  1  7  2  4  3  8 12 11 10  9 15 13 14 16 21 24 20 19 23 18 17 22 28 27 30 31 32 25 26 29
 16 15 11 14 12 13  9 10 20 18 17 22 21 19 23 24 30 29 25 31 26 28 27 32 36 35 34 33 39 37 38 40 45 48 44 43 47 42 41 46  4  3  6  7  8  1  2  5
 17 24 20 23 21 22 18 19 29 27 26 31 30 28 32 25 39 38 34 40 35 37 36 33 45 44 43 42 48 46 47 41  6  1  5  4  8  3  2  7 13 12 15 16  9 10 11 14
  1  8  4  7  5  6  2  3 13 11 10 15 14 12 16  9 23 22 18 24 19 21 20 17 29 28 27 26 32 30 31 25 38 33 37 36 40 35 34 39 45 44 47 48 41 42 43 46
 33 40 36 39 37 38 34 35 45 43 42 47 46 44 48 41  7  6  2  8  3  5  4  1 13 12 11 10 16 14 15  9 22 17 21 20 24 19 18 23 29 28 31 32 25 26 27 30
  9 16 12 15 13 14 10 11 21 19 18 23 22 20 24 17 31 30 26 32 27 29 28 25 37 36 35 34 40 38 39 33 46 41 45 44 48 43 42 47  5  4  7  8  1  2  3  6
 25 32 28 31 29 30 26 27 37 35 34 39 38 36 40 33 47 46 42 48 43 45 44 41  5  4  3  2  8  6  7  1 14  9 13 12 16 11 10 15 21 20 23 24 17 18 19 22
 41 48 44 47 45 46 42 43  5  3  2  7  6  4  8  1 15 14 10 16 11 13 12  9 21 20 19 18 24 22 23 17 30 25 29 28 32 27 26 31 37 36 39 40 33 34 35 38
 34 33 37 40 38 39 35 36 46 44 43 48 47 45 41 42  8  7  3  1  4  6  5  2 14 13 12 11  9 15 16 10 23 18 22 21 17 20 19 24 30 29 32 25 26 27 28 31
  2  1  5  8  6  7  3  4 14 12 11 16 15 13  9 10 24 23 19 17 20 22 21 18 30 29 28 27 25 31 32 26 39 34 38 37 33 36 35 40 46 45 48 41 42 43 44 47
 10  9 13 16 14 15 11 12 22 20 19 24 23 21 17 18 32 31 27 25 28 30 29 26 38 37 36 35 33 39 40 34 47 42 46 45 41 44 43 48  6  5  8  1  2  3  4  7
 18 17 21 24 22 23 19 20 30 28 27 32 31 29 25 26 40 39 35 33 36 38 37 34 46 45 44 43 41 47 48 42  7  2  6  5  1  4  3  8 14 13 16  9 10 11 12 15
 26 25 29 32 30 31 27 28 38 36 35 40 39 37 33 34 48 47 43 41 44 46 45 42  6  5  4  3  1  7  8  2 15 10 14 13  9 12 11 16 22 21 24 17 18 19 20 23
 42 41 45 48 46 47 43 44  6  4  3  8  7  5  1  2 16 15 11  9 12 14 13 10 22 21 20 19 17 23 24 18 31 26 30 29 25 28 27 32 38 37 40 33 34 35 36 39
 27 26 30 25 31 32 28 29 39 37 36 33 40 38 34 35 41 48 44 42 45 47 46 43  7  6  5  4  2  8  1  3 16 11 15 14 10 13 12  9 23 22 17 18 19 20 21 24
  3  2  6  1  7  8  4  5 15 13 12  9 16 14 10 11 17 24 20 18 21 23 22 19 31 30 29 28 26 32 25 27 40 35 39 38 34 37 36 33 47 46 41 42 43 44 45 48
 11 10 14  9 15 16 12 13 23 21 20 17 24 22 18 19 25 32 28 26 29 31 30 27 39 38 37 36 34 40 33 35 48 43 47 46 42 45 44 41  7  6  1  2  3  4  5  8
 43 42 46 41 47 48 44 45  7  5  4  1  8  6  2  3  9 16 12 10 13 15 14 11 23 22 21 20 18 24 17 19 32 27 31 30 26 29 28 25 39 38 33 34 35 36 37 40
 19 18 22 17 23 24 20 21 31 29 28 25 32 30 26 27 33 40 36 34 37 39 38 35 47 46 45 44 42 48 41 43  8  3  7  6  2  5  4  1 15 14  9 10 11 12 13 16
 35 34 38 33 39 40 36 37 47 45 44 41 48 46 42 43  1  8  4  2  5  7  6  3 15 14 13 12 10 16  9 11 24 19 23 22 18 21 20 17 31 30 25 26 27 28 29 32
 12 11 15 10 16  9 13 14 24 22 21 18 17 23 19 20 26 25 29 27 30 32 31 28 40 39 38 37 35 33 34 36 41 44 48 47 43 46 45 42  8  7  2  3  4  5  6  1
 44 43 47 42 48 41 45 46  8  6  5  2  1  7  3  4 10  9 13 11 14 16 15 12 24 23 22 21 19 17 18 20 25 28 32 31 27 30 29 26 40 39 34 35 36 37 38 33
 36 35 39 34 40 33 37 38 48 46 45 42 41 47 43 44  2  1  5  3  6  8  7  4 16 15 14 13 11  9 10 12 17 20 24 23 19 22 21 18 32 31 26 27 28 29 30 25
 28 27 31 26 32 25 29 30 40 38 37 34 33 39 35 36 42 41 45 43 46 48 47 44  8  7  6  5  3  1  2  4  9 12 16 15 11 14 13 10 24 23 18 19 20 21 22 17
 20 19 23 18 24 17 21 22 32 30 29 26 25 31 27 28 34 33 37 35 38 40 39 36 48 47 46 45 43 41 42 44  1  4  8  7  3  6  5  2 16 15 10 11 12 13 14  9
  4  3  7  2  8  1  5  6 16 14 13 10  9 15 11 12 18 17 21 19 22 24 23 20 32 31 30 29 27 25 26 28 33 36 40 39 35 38 37 34 48 47 42 43 44 45 46 41
 37 36 40 35 33 34 38 39 41 47 46 43 42 48 44 45  3  2  6  4  7  1  8  5  9 16 15 14 12 10 11 13 18 21 17 24 20 23 22 19 25 32 27 28 29 30 31 26
 21 20 24 19 17 18 22 23 25 31 30 27 26 32 28 29 35 34 38 36 39 33 40 37 41 48 47 46 44 42 43 45  2  5  1  8  4  7  6  3  9 16 11 12 13 14 15 10
  5  4  8  3  1  2  6  7  9 15 14 11 10 16 12 13 19 18 22 20 23 17 24 21 25 32 31 30 28 26 27 29 34 37 33 40 36 39 38 35 41 48 43 44 45 46 47 42
 29 28 32 27 25 26 30 31 33 39 38 35 34 40 36 37 43 42 46 44 47 41 48 45  1  8  7  6  4  2  3  5 10 13  9 16 12 15 14 11 17 24 19 20 21 22 23 18
 45 44 48 43 41 42 46 47  1  7  6  3  2  8  4  5 11 10 14 12 15  9 16 13 17 24 23 22 20 18 19 21 26 29 25 32 28 31 30 27 33 40 35 36 37 38 39 34
 13 12 16 11  9 10 14 15 17 23 22 19 18 24 20 21 27 26 30 28 31 25 32 29 33 40 39 38 36 34 35 37 42 45 41 48 44 47 46 43  1  8  3  4  5  6  7  2
 30 29 25 28 26 27 31 32 34 40 39 36 35 33 37 38 44 43 47 45 48 42 41 46  2  1  8  7  5  3  4  6 11 14 10  9 13 16 15 12 18 17 20 21 22 23 24 19
 38 37 33 36 34 35 39 40 42 48 47 44 43 41 45 46  4  3  7  5  8  2  1  6 10  9 16 15 13 11 12 14 19 22 18 17 21 24 23 20 26 25 28 29 30 31 32 27
 14 13  9 12 10 11 15 16 18 24 23 20 19 17 21 22 28 27 31 29 32 26 25 30 34 33 40 39 37 35 36 38 43 46 42 41 45 48 47 44  2  1  4  5  6  7  8  3
 22 21 17 20 18 19 23 24 26 32 31 28 27 25 29 30 36 35 39 37 40 34 33 38 42 41 48 47 45 43 44 46  3  6  2  1  5  8  7  4 10  9 12 13 14 15 16 11
 46 45 41 44 42 43 47 48  2  8  7  4  3  1  5  6 12 11 15 13 16 10  9 14 18 17 24 23 21 19 20 22 27 30 26 25 29 32 31 28 34 33 36 37 38 39 40 35
  6  5  1  4  2  3  7  8 10 16 15 12 11  9 13 14 20 19 23 21 24 18 17 22 26 25 32 31 29 27 28 30 35 38 34 33 37 40 39 36 42 41 44 45 46 47 48 43
  7  6  2  5  3  4  8  1 11  9 16 13 12 10 14 15 21 20 24 22 17 19 18 23 27 26 25 32 30 28 29 31 36 39 35 34 38 33 40 37 43 42 45 46 47 48 41 44
 39 38 34 37 35 36 40 33 43 41 48 45 44 42 46 47  5  4  8  6  1  3  2  7 11 10  9 16 14 12 13 15 20 23 19 18 22 17 24 21 27 26 29 30 31 32 25 28
 15 14 10 13 11 12 16  9 19 17 24 21 20 18 22 23 29 28 32 30 25 27 26 31 35 34 33 40 38 36 37 39 44 47 43 42 46 41 48 45  3  2  5  6  7  8  1  4
 31 30 26 29 27 28 32 25 35 33 40 37 36 34 38 39 45 44 48 46 41 43 42 47  3  2  1  8  6  4  5  7 12 15 11 10 14  9 16 13 19 18 21 22 23 24 17 20
 47 46 42 45 43 44 48 41  3  1  8  5  4  2  6  7 13 12 16 14  9 11 10 15 19 18 17 24 22 20 21 23 28 31 27 26 30 25 32 29 35 34 37 38 39 40 33 36
 23 22 18 21 19 20 24 17 27 25 32 29 28 26 30 31 37 36 40 38 33 35 34 39 43 42 41 48 46 44 45 47  4  7  3  2  6  1  8  5 11 10 13 14 15 16  9 12
