  1  2  3  8  4  7  5  6 11 10 15 13 14 12  9 16 18 22 17 19 24 23 21 20 30 27 29 26 25 32 28 31 35 38 33 37 39 34 40 36 44 46 47 45 43 41 48 42
  9 10 11 16 12 15 13 14 19 18 23 21 22 20 17 24 26 30 25 27 32 31 29 28 38 35 37 34 33 40 36 39 43 46 41 45 47 42 48 44  4  6  7  5  3  1  8  2
 25 26 27 32 28 31 29 30 35 34 39 37 38 36 33 40 42 46 41 43 48 47 45 44  6  3  5  2  1  8  4  7 11 14  9 13 15 10 16 12 20 22 23 21 19 17 24 18
 33 34 35 40 36 39 37 38 43 42 47 45 46 44 41 48  2  6  1  3  8  7  5  4 14 11 13 10  9 16 12 15 19 22 17 21 23 18 24 20 28 30 31 29 27 25 32 26
 17 18 19 24 20 23 21 22 27 26 31 29 30 28 25 32 34 38 33 35 40 39 37 36 46 43 45 42 41 48 44 47  3  6  1  5  7  2  8  4 12 14 15 13 11  9 16 10
 41 42 43 48 44 47 45 46  3  2  7  5  6  4  1  8 10 14  9 11 16 15 13 12 22 19 21 18 17 24 20 23 27 30 25 29 31 26 32 28 36 38 39 37 35 33 40 34
 10 11 12  9 13 16 14 15 20 19 24 22 23 21 18 17 27 31 26 28 25 32 30 29 39 36 38 35 34 33 37 40 44 47 42 46 48 43 41 45  5  7  8  6  4  2  1  3
 42 43 44 41 45 48 46 47  4  3  8  6  7  5  2  1 11 15 10 12  9 16 14 13 23 20 22 19 18 17 21 24 28 31 26 30 32 27 25 29 37 39 40 38 36 34 33 35
 26 27 28 25 29 32 30 31 36 35 40 38 39 37 34 33 43 47 42 44 41 48 46 45  7  4  6  3  2  1  5  8 12 15 10 14 16 11  9 13 21 23 24 22 20 18 17 19
 34 35 36 33 37 40 38 39 44 43 48 46 47 45 42 41  3  7  2  4  1  8  6  5 15 12 14 11 10  9 13 16 20 23 18 22 24 19 17 21 29 31 32 30 28 26 25 27
  2  3  4  1  5  8  6  7 12 11 16 14 15 13 10  9 19 23 18 20 17 24 22 21 31 28 30 27 26 25 29 32 36 39 34 38 40 35 33 37 45 47 48 46 44 42 41 43
 18 19 20 17 21 24 22 23 28 27 32 30 31 29 26 25 35 39 34 36 33 40 38 37 47 44 46 43 42 41 45 48  4  7  2  6  8  3  1  5 13 15 16 14 12 10  9 11
 19 20 21 18 22 17 23 24 29 28 25 31 32 30 27 26 36 40 35 37 34 33 39 38 48 45 47 44 43 42 46 41  5  8  3  7  1  4  2  6 14 16  9 15 13 11 10 12
 35 36 37 34 38 33 39 40 45 44 41 47 48 46 43 42  4  8  3  5  2  1  7  6 16 13 15 12 11 10 14  9 21 24 19 23 17 20 18 22 30 32 25 31 29 27 26 28
  3  4  5  2  6  1  7  8 13 12  9 15 16 14 11 10 20 24 19 21 18 17 23 22 32 29 31 28 27 26 30 25 37 40 35 39 33 36 34 38 46 48 41 47 45 43 42 44
 43 44 45 42 46 41 47 48  5  4  1  7  8  6  3  2 12 16 11 13 10  9 15 14 24 21 23 20 19 18 22 17 29 32 27 31 25 28 26 30 38 40 33 39 37 35 34 36
 11 12 13 10 14  9 15 16 21 20 17 23 24 22 19 18 28 32 27 29 26 25 31 30 40 37 39 36 35 34 38 33 45 48 43 47 41 44 42 46  6  8  1  7  5  3  2  4
 27 28 29 26 30 25 31 32 37 36 33 39 40 38 35 34 44 48 43 45 42 41 47 46  8  5  7  4  3  2  6  1 13 16 11 15  9 12 10 14 22 24 17 23 21 19 18 20
 12 13 14 11 15 10 16  9 22 21 18 24 17 23 20 19 29 25 28 30 27 26 32 31 33 38 40 37 36 35 39 34 46 41 44 48 42 45 43 47  7  1  2  8  6  4  3  5
 44 45 46 43 47 42 48 41  6  5  2  8  1  7  4  3 13  9 12 14 11 10 16 15 17 22 24 21 20 19 23 18 30 25 28 32 26 29 27 31 39 33 34 40 38 36 35 37
  4  5  6  3  7  2  8  1 14 13 10 16  9 15 12 11 21 17 20 22 19 18 24 23 25 30 32 29 28 27 31 26 38 33 36 40 34 37 35 39 47 41 42 48 46 44 43 45
 28 29 30 27 31 26 32 25 38 37 34 40 33 39 36 35 45 41 44 46 43 42 48 47  1  6  8  5  4  3  7  2 14  9 12 16 10 13 11 15 23 17 18 24 22 20 19 21
 36 37 38 35 39 34 40 33 46 45 42 48 41 47 44 43  5  1  4  6  3  2  8  7  9 14 16 13 12 11 15 10 22 17 20 24 18 21 19 23 31 25 26 32 30 28 27 29
 20 21 22 19 23 18 24 17 30 29 26 32 25 31 28 27 37 33 36 38 35 34 40 39 41 46 48 45 44 43 47 42  6  1  4  8  2  5  3  7 15  9 10 16 14 12 11 13
 21 22 23 20 24 19 17 18 31 30 27 25 26 32 29 28 38 34 37 39 36 35 33 40 42 47 41 46 45 44 48 43  7  2  5  1  3  6  4  8 16 10 11  9 15 13 12 14
 29 30 31 28 32 27 25 26 39 38 35 33 34 40 37 36 46 42 45 47 44 43 41 48  2  7  1  6  5  4  8  3 15 10 13  9 11 14 12 16 24 18 19 17 23 21 20 22
 45 46 47 44 48 43 41 42  7  6  3  1  2  8  5  4 14 10 13 15 12 11  9 16 18 23 17 22 21 20 24 19 31 26 29 25 27 30 28 32 40 34 35 33 39 37 36 38
  5  6  7  4  8  3  1  2 15 14 11  9 10 16 13 12 22 18 21 23 20 19 17 24 26 31 25 30 29 28 32 27 39 34 37 33 35 38 36 40 48 42 43 41 47 45 44 46
 13 14 15 12 16 11  9 10 23 22 19 17 18 24 21 20 30 26 29 31 28 27 25 32 34 39 33 38 37 36 40 35 47 42 45 41 43 46 44 48  8  2  3  1  7  5  4  6
 37 38 39 36 40 35 33 34 47 46 43 41 42 48 45 44  6  2  5  7  4  3  1  8 10 15  9 14 13 12 16 11 23 18 21 17 19 22 20 24 32 26 27 25 31 29 28 30
  6  7  8  5  1  4  2  3 16 15 12 10 11  9 14 13 23 19 22 24 21 20 18 17 27 32 26 31 30 29 25 28 40 35 38 34 36 39 37 33 41 43 44 42 48 46 45 47
 30 31 32 29 25 28 26 27 40 39 36 34 35 33 38 37 47 43 46 48 45 44 42 41  3  8  2  7  6  5  1  4 16 11 14 10 12 15 13  9 17 19 20 18 24 22 21 23
 14 15 16 13  9 12 10 11 24 23 20 18 19 17 22 21 31 27 30 32 29 28 26 25 35 40 34 39 38 37 33 36 48 43 46 42 44 47 45 41  1  3  4  2  8  6  5  7
 38 39 40 37 33 36 34 35 48 47 44 42 43 41 46 45  7  3  6  8  5  4  2  1 11 16 10 15 14 13  9 12 24 19 22 18 20 23 21 17 25 27 28 26 32 30 29 31
 22 23 24 21 17 20 18 19 32 31 28 26 27 25 30 29 39 35 38 40 37 36 34 33 43 48 42 47 46 45 41 44  8  3  6  2  4  7  5  1  9 11 12 10 16 14 13 15
 46 47 48 45 41 44 42 43  8  7  4  2  3  1  6  5 15 11 14 16 13 12 10  9 19 24 18 23 22 21 17 20 32 27 30 26 28 31 29 25 33 35 36 34 40 38 37 39
 39 40 33 38 34 37 35 36 41 48 45 43 44 42 47 46  8  4  7  1  6  5  3  2 12  9 11 16 15 14 10 13 17 20 23 19 21 24 22 18 26 28 29 27 25 31 30 32
 15 16  9 14 10 13 11 12 17 24 21 19 20 18 23 22 32 28 31 25 30 29 27 26 36 33 35 40 39 38 34 37 41 44 47 43 45 48 46 42  2  4  5  3  1  7  6  8
  7  8  1  6  2  5  3  4  9 16 13 11 12 10 15 14 24 20 23 17 22 21 19 18 28 25 27 32 31 30 26 29 33 36 39 35 37 40 38 34 42 44 45 43 41 47 46 48
 31 32 25 30 26 29 27 28 33 40 37 35 36 34 39 38 48 44 47 41 46 45 43 42  4  1  3  8  7  6  2  5  9 12 15 11 13 16 14 10 18 20 21 19 17 23 22 24
 47 48 41 46 42 45 43 44  1  8  5  3  4  2  7  6 16 12 15  9 14 13 11 10 20 17 19 24 23 22 18 21 25 28 31 27 29 32 30 26 34 36 37 35 33 39 38 40
 23 24 17 22 18 21 19 20 25 32 29 27 28 26 31 30 40 36 39 33 38 37 35 34 44 41 43 48 47 46 42 45  1  4  7  3  5  8  6  2 10 12 13 11  9 15 14 16
  8  1  2  7  3  6  4  5 10  9 14 12 13 11 16 15 17 21 24 18 23 22 20 19 29 26 28 25 32 31 27 30 34 37 40 36 38 33 39 35 43 45 46 44 42 48 47 41
 32 25 26 31 27 30 28 29 34 33 38 36 37 35 40 39 41 45 48 42 47 46 44 43  5  2  4  1  8  7  3  6 10 13 16 12 14  9 15 11 19 21 22 20 18 24 23 17
 48 41 42 47 43 46 44 45  2  1  6  4  5  3  8  7  9 13 16 10 15 14 12 11 21 18 20 17 24 23 19 22 26 29 32 28 30 25 31 27 35 37 38 36 34 40 39 33
 40 33 34 39 35 38 36 37 42 41 46 44 45 43 48 47  1  5  8  2  7  6  4  3 13 10 12  9 16 15 11 14 18 21 24 20 22 17 23 19 27 29 30 28 26 32 31 25
 24 17 18 23 19 22 20 21 26 25 30 28 29 27 32 31 33 37 40 34 39 38 36 35 45 42 44 41 48 47 43 46  2  5  8  4  6  1  7  3 11 13 14 12 10 16 15  9
 16  9 10 15 11 14 12 13 18 17 22 20 21 19 24 23 25 29 32 26 31 30 28 27 37 34 36 33 40 39 35 38 42 45 48 44 46 41 47 43  3  5  6  4  2  8  7  1
