 45 43 44 47 42 41 46 48  5  4  8  1  2  6  7  3  9 16 14 13 15 12 10 11 18 22 24 20 21 19 17 23 28 25 26 31 30 32 27 29 37 34 36 40 38 39 33 35
 29 27 28 31 26 25 30 32 37 36 40 33 34 38 39 35 41 48 46 45 47 44 42 43  2  6  8  4  5  3  1  7 12  9 10 15 14 16 11 13 21 18 20 24 22 23 17 19
 37 35 36 39 34 33 38 40 45 44 48 41 42 46 47 43  1  8  6  5  7  4  2  3 10 14 16 12 13 11  9 15 20 17 18 23 22 24 19 21 29 26 28 32 30 31 25 27
  5  3  4  7  2  1  6  8 13 12 16  9 10 14 15 11 17 24 22 21 23 20 18 19 26 30 32 28 29 27 25 31 36 33 34 39 38 40 35 37 45 42 44 48 46 47 41 43
 21 19 20 23 18 17 22 24 29 28 32 25 26 30 31 27 33 40 38 37 39 36 34 35 42 46 48 44 45 43 41 47  4  1  2  7  6  8  3  5 13 10 12 16 14 15  9 11
 13 11 12 15 10  9 14 16 21 20 24 17 18 22 23 19 25 32 30 29 31 28 26 27 34 38 40 36 37 35 33 39 44 41 42 47 46 48 43 45  5  2  4  8  6  7  1  3
 30 28 29 32 27 26 31 25 38 37 33 34 35 39 40 36 42 41 47 46 48 45 43 44  3  7  1  5  6  4  2  8 13 10 11 16 15  9 12 14 22 19 21 17 23 24 18 20
 46 44 45 48 43 42 47 41  6  5  1  2  3  7  8  4 10  9 15 14 16 13 11 12 19 23 17 21 22 20 18 24 29 26 27 32 31 25 28 30 38 35 37 33 39 40 34 36
 38 36 37 40 35 34 39 33 46 45 41 42 43 47 48 44  2  1  7  6  8  5  3  4 11 15  9 13 14 12 10 16 21 18 19 24 23 17 20 22 30 27 29 25 31 32 26 28
 22 20 21 24 19 18 23 17 30 29 25 26 27 31 32 28 34 33 39 38 40 37 35 36 43 47 41 45 46 44 42 48  5  2  3  8  7  1  4  6 14 11 13  9 15 16 10 12
  6  4  5  8  3  2  7  1 14 13  9 10 11 15 16 12 18 17 23 22 24 21 19 20 27 31 25 29 30 28 26 32 37 34 35 40 39 33 36 38 46 43 45 41 47 48 42 44
 14 12 13 16 11 10 15  9 22 21 17 18 19 23 24 20 26 25 31 30 32 29 27 28 35 39 33 37 38 36 34 40 45 42 43 48 47 41 44 46  6  3  5  1  7  8  2  4
 47 45 46 41 44 43 48 42  7  6  2  3  4  8  1  5 11 10 16 15  9 14 12 13 20 24 18 22 23 21 19 17 30 27 28 25 32 26 29 31 39 36 38 34 40 33 35 37
  7  5  6  1  4  3  8  2 15 14 10 11 12 16  9 13 19 18 24 23 17 22 20 21 28 32 26 30 31 29 27 25 38 35 36 33 40 34 37 39 47 44 46 42 48 41 43 45
 15 13 14  9 12 11 16 10 23 22 18 19 20 24 17 21 27 26 32 31 25 30 28 29 36 40 34 38 39 37 35 33 46 43 44 41 48 42 45 47  7  4  6  2  8  1  3  5
 39 37 38 33 36 35 40 34 47 46 42 43 44 48 41 45  3  2  8  7  1  6  4  5 12 16 10 14 15 13 11  9 22 19 20 17 24 18 21 23 31 28 30 26 32 25 27 29
 31 29 30 25 28 27 32 26 39 38 34 35 36 40 33 37 43 42 48 47 41 46 44 45  4  8  2  6  7  5  3  1 14 11 12  9 16 10 13 15 23 20 22 18 24 17 19 21
 23 21 22 17 20 19 24 18 31 30 26 27 28 32 25 29 35 34 40 39 33 38 36 37 44 48 42 46 47 45 43 41  6  3  4  1  8  2  5  7 15 12 14 10 16  9 11 13
 48 46 47 42 45 44 41 43  8  7  3  4  5  1  2  6 12 11  9 16 10 15 13 14 21 17 19 23 24 22 20 18 31 28 29 26 25 27 30 32 40 37 39 35 33 34 36 38
  8  6  7  2  5  4  1  3 16 15 11 12 13  9 10 14 20 19 17 24 18 23 21 22 29 25 27 31 32 30 28 26 39 36 37 34 33 35 38 40 48 45 47 43 41 42 44 46
 40 38 39 34 37 36 33 35 48 47 43 44 45 41 42 46  4  3  1  8  2  7  5  6 13  9 11 15 16 14 12 10 23 20 21 18 17 19 22 24 32 29 31 27 25 26 28 30
 16 14 15 10 13 12  9 11 24 23 19 20 21 17 18 22 28 27 25 32 26 31 29 30 37 33 35 39 40 38 36 34 47 44 45 42 41 43 46 48  8  5  7  3  1  2  4  6
 32 30 31 26 29 28 25 27 40 39 35 36 37 33 34 38 44 43 41 48 42 47 45 46  5  1  3  7  8  6  4  2 15 12 13 10  9 11 14 16 24 21 23 19 17 18 20 22
 24 22 23 18 21 20 17 19 32 31 27 28 29 25 26 30 36 35 33 40 34 39 37 38 45 41 43 47 48 46 44 42  7  4  5  2  1  3  6  8 16 13 15 11  9 10 12 14
 33 39 40 35 38 37 34 36 41 48 44 45 46 42 43 47  5  4  2  1  3  8  6  7 14 10 12 16  9 15 13 11 24 21 22 19 18 20 23 17 25 30 32 28 26 27 29 31
 41 47 48 43 46 45 42 44  1  8  4  5  6  2  3  7 13 12 10  9 11 16 14 15 22 18 20 24 17 23 21 19 32 29 30 27 26 28 31 25 33 38 40 36 34 35 37 39
  9 15 16 11 14 13 10 12 17 24 20 21 22 18 19 23 29 28 26 25 27 32 30 31 38 34 36 40 33 39 37 35 48 45 46 43 42 44 47 41  1  6  8  4  2  3  5  7
  1  7  8  3  6  5  2  4  9 16 12 13 14 10 11 15 21 20 18 17 19 24 22 23 30 26 28 32 25 31 29 27 40 37 38 35 34 36 39 33 41 46 48 44 42 43 45 47
 25 31 32 27 30 29 26 28 33 40 36 37 38 34 35 39 45 44 42 41 43 48 46 47  6  2  4  8  1  7  5  3 16 13 14 11 10 12 15  9 17 22 24 20 18 19 21 23
 17 23 24 19 22 21 18 20 25 32 28 29 30 26 27 31 37 36 34 33 35 40 38 39 46 42 44 48 41 47 45 43  8  5  6  3  2  4  7  1  9 14 16 12 10 11 13 15
 10 16  9 12 15 14 11 13 18 17 21 22 23 19 20 24 30 29 27 26 28 25 31 32 39 35 37 33 34 40 38 36 41 46 47 44 43 45 48 42  2  7  1  5  3  4  6  8
 34 40 33 36 39 38 35 37 42 41 45 46 47 43 44 48  6  5  3  2  4  1  7  8 15 11 13  9 10 16 14 12 17 22 23 20 19 21 24 18 26 31 25 29 27 28 30 32
 42 48 41 44 47 46 43 45  2  1  5  6  7  3  4  8 14 13 11 10 12  9 15 16 23 19 21 17 18 24 22 20 25 30 31 28 27 29 32 26 34 39 33 37 35 36 38 40
 26 32 25 28 31 30 27 29 34 33 37 38 39 35 36 40 46 45 43 42 44 41 47 48  7  3  5  1  2  8  6  4  9 14 15 12 11 13 16 10 18 23 17 21 19 20 22 24
 18 24 17 20 23 22 19 21 26 25 29 30 31 27 28 32 38 37 35 34 36 33 39 40 47 43 45 41 42 48 46 44  1  6  7  4  3  5  8  2 10 15  9 13 11 12 14 16
  2  8  1  4  7  6  3  5 10  9 13 14 15 11 12 16 22 21 19 18 20 17 23 24 31 27 29 25 26 32 30 28 33 38 39 36 35 37 40 34 42 47 41 45 43 44 46 48
 35 33 34 37 40 39 36 38 43 42 46 47 48 44 45 41  7  6  4  3  5  2  8  1 16 12 14 10 11  9 15 13 18 23 24 21 20 22 17 19 27 32 26 30 28 29 31 25
 11  9 10 13 16 15 12 14 19 18 22 23 24 20 21 17 31 30 28 27 29 26 32 25 40 36 38 34 35 33 39 37 42 47 48 45 44 46 41 43  3  8  2  6  4  5  7  1
  3  1  2  5  8  7  4  6 11 10 14 15 16 12 13  9 23 22 20 19 21 18 24 17 32 28 30 26 27 25 31 29 34 39 40 37 36 38 33 35 43 48 42 46 44 45 47 41
 43 41 42 45 48 47 44 46  3  2  6  7  8  4  5  1 15 14 12 11 13 10 16  9 24 20 22 18 19 17 23 21 26 31 32 29 28 30 25 27 35 40 34 38 36 37 39 33
 19 17 18 21 24 23 20 22 27 26 30 31 32 28 29 25 39 38 36 35 37 34 40 33 48 44 46 42 43 41 47 45  2  7  8  5  4  6  1  3 11 16 10 14 12 13 15  9
 27 25 26 29 32 31 28 30 35 34 38 39 40 36 37 33 47 46 44 43 45 42 48 41  8  4  6  2  3  1  7  5 10 15 16 13 12 14  9 11 19 24 18 22 20 21 23 17
  4  2  3  6  1  8  5  7 12 11 15 16  9 13 14 10 24 23 21 20 22 19 17 18 25 29 31 27 28 26 32 30 35 40 33 38 37 39 34 36 44 41 43 47 45 46 48 42
 20 18 19 22 17 24 21 23 28 27 31 32 25 29 30 26 40 39 37 36 38 35 33 34 41 45 47 43 44 42 48 46  3  8  1  6  5  7  2  4 12  9 11 15 13 14 16 10
 44 42 43 46 41 48 45 47  4  3  7  8  1  5  6  2 16 15 13 12 14 11  9 10 17 21 23 19 20 18 24 22 27 32 25 30 29 31 26 28 36 33 35 39 37 38 40 34
 28 26 27 30 25 32 29 31 36 35 39 40 33 37 38 34 48 47 45 44 46 43 41 42  1  5  7  3  4  2  8  6 11 16  9 14 13 15 10 12 20 17 19 23 21 22 24 18
 36 34 35 38 33 40 37 39 44 43 47 48 41 45 46 42  8  7  5  4  6  3  1  2  9 13 15 11 12 10 16 14 19 24 17 22 21 23 18 20 28 25 27 31 29 30 32 26
 12 10 11 14  9 16 13 15 20 19 23 24 17 21 22 18 32 31 29 28 30 27 25 26 33 37 39 35 36 34 40 38 43 48 41 46 45 47 42 44  4  1  3  7  5  6  8  2
