 14 16 12 11 10 13  9 15 18 23 20 22 24 19 21 17 31 30 27 28 29 32 26 25 37 36 35 40 39 38 33 34 47 41 43 42 44 48 45 46  3  2  5  6  4  7  1  8
 46 48 44 43 42 45 41 47  2  7  4  6  8  3  5  1 15 14 11 12 13 16 10  9 21 20 19 24 23 22 17 18 31 25 27 26 28 32 29 30 35 34 37 38 36 39 33 40
 38 40 36 35 34 37 33 39 42 47 44 46 48 43 45 41  7  6  3  4  5  8  2  1 13 12 11 16 15 14  9 10 23 17 19 18 20 24 21 22 27 26 29 30 28 31 25 32
  6  8  4  3  2  5  1  7 10 15 12 14 16 11 13  9 23 22 19 20 21 24 18 17 29 28 27 32 31 30 25 26 39 33 35 34 36 40 37 38 43 42 45 46 44 47 41 48
 22 24 20 19 18 21 17 23 26 31 28 30 32 27 29 25 39 38 35 36 37 40 34 33 45 44 43 48 47 46 41 42  7  1  3  2  4  8  5  6 11 10 13 14 12 15  9 16
 30 32 28 27 26 29 25 31 34 39 36 38 40 35 37 33 47 46 43 44 45 48 42 41  5  4  3  8  7  6  1  2 15  9 11 10 12 16 13 14 19 18 21 22 20 23 17 24
 15  9 13 12 11 14 10 16 19 24 21 23 17 20 22 18 32 31 28 29 30 25 27 26 38 37 36 33 40 39 34 35 48 42 44 43 45 41 46 47  4  3  6  7  5  8  2  1
 23 17 21 20 19 22 18 24 27 32 29 31 25 28 30 26 40 39 36 37 38 33 35 34 46 45 44 41 48 47 42 43  8  2  4  3  5  1  6  7 12 11 14 15 13 16 10  9
 39 33 37 36 35 38 34 40 43 48 45 47 41 44 46 42  8  7  4  5  6  1  3  2 14 13 12  9 16 15 10 11 24 18 20 19 21 17 22 23 28 27 30 31 29 32 26 25
  7  1  5  4  3  6  2  8 11 16 13 15  9 12 14 10 24 23 20 21 22 17 19 18 30 29 28 25 32 31 26 27 40 34 36 35 37 33 38 39 44 43 46 47 45 48 42 41
 31 25 29 28 27 30 26 32 35 40 37 39 33 36 38 34 48 47 44 45 46 41 43 42  6  5  4  1  8  7  2  3 16 10 12 11 13  9 14 15 20 19 22 23 21 24 18 17
 47 41 45 44 43 46 42 48  3  8  5  7  1  4  6  2 16 15 12 13 14  9 11 10 22 21 20 17 24 23 18 19 32 26 28 27 29 25 30 31 36 35 38 39 37 40 34 33
  8  2  6  5  4  7  3  1 12  9 14 16 10 13 15 11 17 24 21 22 23 18 20 19 31 30 29 26 25 32 27 28 33 35 37 36 38 34 39 40 45 44 47 48 46 41 43 42
 32 26 30 29 28 31 27 25 36 33 38 40 34 37 39 35 41 48 45 46 47 42 44 43  7  6  5  2  1  8  3  4  9 11 13 12 14 10 15 16 21 20 23 24 22 17 19 18
 48 42 46 45 44 47 43 41  4  1  6  8  2  5  7  3  9 16 13 14 15 10 12 11 23 22 21 18 17 24 19 20 25 27 29 28 30 26 31 32 37 36 39 40 38 33 35 34
 16 10 14 13 12 15 11  9 20 17 22 24 18 21 23 19 25 32 29 30 31 26 28 27 39 38 37 34 33 40 35 36 41 43 45 44 46 42 47 48  5  4  7  8  6  1  3  2
 24 18 22 21 20 23 19 17 28 25 30 32 26 29 31 27 33 40 37 38 39 34 36 35 47 46 45 42 41 48 43 44  1  3  5  4  6  2  7  8 13 12 15 16 14  9 11 10
 40 34 38 37 36 39 35 33 44 41 46 48 42 45 47 43  1  8  5  6  7  2  4  3 15 14 13 10  9 16 11 12 17 19 21 20 22 18 23 24 29 28 31 32 30 25 27 26
 33 35 39 38 37 40 36 34 45 42 47 41 43 46 48 44  2  1  6  7  8  3  5  4 16 15 14 11 10  9 12 13 18 20 22 21 23 19 24 17 30 29 32 25 31 26 28 27
  9 11 15 14 13 16 12 10 21 18 23 17 19 22 24 20 26 25 30 31 32 27 29 28 40 39 38 35 34 33 36 37 42 44 46 45 47 43 48 41  6  5  8  1  7  2  4  3
 25 27 31 30 29 32 28 26 37 34 39 33 35 38 40 36 42 41 46 47 48 43 45 44  8  7  6  3  2  1  4  5 10 12 14 13 15 11 16  9 22 21 24 17 23 18 20 19
  1  3  7  6  5  8  4  2 13 10 15  9 11 14 16 12 18 17 22 23 24 19 21 20 32 31 30 27 26 25 28 29 34 36 38 37 39 35 40 33 46 45 48 41 47 42 44 43
 41 43 47 46 45 48 44 42  5  2  7  1  3  6  8  4 10  9 14 15 16 11 13 12 24 23 22 19 18 17 20 21 26 28 30 29 31 27 32 25 38 37 40 33 39 34 36 35
 17 19 23 22 21 24 20 18 29 26 31 25 27 30 32 28 34 33 38 39 40 35 37 36 48 47 46 43 42 41 44 45  2  4  6  5  7  3  8  1 14 13 16  9 15 10 12 11
 18 20 24 23 22 17 21 19 30 27 32 26 28 31 25 29 35 34 39 40 33 36 38 37 41 48 47 44 43 42 45 46  3  5  7  6  8  4  1  2 15 14  9 10 16 11 13 12
 34 36 40 39 38 33 37 35 46 43 48 42 44 47 41 45  3  2  7  8  1  4  6  5  9 16 15 12 11 10 13 14 19 21 23 22 24 20 17 18 31 30 25 26 32 27 29 28
 42 44 48 47 46 41 45 43  6  3  8  2  4  7  1  5 11 10 15 16  9 12 14 13 17 24 23 20 19 18 21 22 27 29 31 30 32 28 25 26 39 38 33 34 40 35 37 36
 26 28 32 31 30 25 29 27 38 35 40 34 36 39 33 37 43 42 47 48 41 44 46 45  1  8  7  4  3  2  5  6 11 13 15 14 16 12  9 10 23 22 17 18 24 19 21 20
  2  4  8  7  6  1  5  3 14 11 16 10 12 15  9 13 19 18 23 24 17 20 22 21 25 32 31 28 27 26 29 30 35 37 39 38 40 36 33 34 47 46 41 42 48 43 45 44
 10 12 16 15 14  9 13 11 22 19 24 18 20 23 17 21 27 26 31 32 25 28 30 29 33 40 39 36 35 34 37 38 43 45 47 46 48 44 41 42  7  6  1  2  8  3  5  4
  3  5  1  8  7  2  6  4 15 12  9 11 13 16 10 14 20 19 24 17 18 21 23 22 26 25 32 29 28 27 30 31 36 38 40 39 33 37 34 35 48 47 42 43 41 44 46 45
 11 13  9 16 15 10 14 12 23 20 17 19 21 24 18 22 28 27 32 25 26 29 31 30 34 33 40 37 36 35 38 39 44 46 48 47 41 45 42 43  8  7  2  3  1  4  6  5
 19 21 17 24 23 18 22 20 31 28 25 27 29 32 26 30 36 35 40 33 34 37 39 38 42 41 48 45 44 43 46 47  4  6  8  7  1  5  2  3 16 15 10 11  9 12 14 13
 43 45 41 48 47 42 46 44  7  4  1  3  5  8  2  6 12 11 16  9 10 13 15 14 18 17 24 21 20 19 22 23 28 30 32 31 25 29 26 27 40 39 34 35 33 36 38 37
 35 37 33 40 39 34 38 36 47 44 41 43 45 48 42 46  4  3  8  1  2  5  7  6 10  9 16 13 12 11 14 15 20 22 24 23 17 21 18 19 32 31 26 27 25 28 30 29
 27 29 25 32 31 26 30 28 39 36 33 35 37 40 34 38 44 43 48 41 42 45 47 46  2  1  8  5  4  3  6  7 12 14 16 15  9 13 10 11 24 23 18 19 17 20 22 21
 44 46 42 41 48 43 47 45  8  5  2  4  6  1  3  7 13 12  9 10 11 14 16 15 19 18 17 22 21 20 23 24 29 31 25 32 26 30 27 28 33 40 35 36 34 37 39 38
 36 38 34 33 40 35 39 37 48 45 42 44 46 41 43 47  5  4  1  2  3  6  8  7 11 10  9 14 13 12 15 16 21 23 17 24 18 22 19 20 25 32 27 28 26 29 31 30
  4  6  2  1  8  3  7  5 16 13 10 12 14  9 11 15 21 20 17 18 19 22 24 23 27 26 25 30 29 28 31 32 37 39 33 40 34 38 35 36 41 48 43 44 42 45 47 46
 20 22 18 17 24 19 23 21 32 29 26 28 30 25 27 31 37 36 33 34 35 38 40 39 43 42 41 46 45 44 47 48  5  7  1  8  2  6  3  4  9 16 11 12 10 13 15 14
 12 14 10  9 16 11 15 13 24 21 18 20 22 17 19 23 29 28 25 26 27 30 32 31 35 34 33 38 37 36 39 40 45 47 41 48 42 46 43 44  1  8  3  4  2  5  7  6
 28 30 26 25 32 27 31 29 40 37 34 36 38 33 35 39 45 44 41 42 43 46 48 47  3  2  1  6  5  4  7  8 13 15  9 16 10 14 11 12 17 24 19 20 18 21 23 22
  5  7  3  2  1  4  8  6  9 14 11 13 15 10 12 16 22 21 18 19 20 23 17 24 28 27 26 31 30 29 32 25 38 40 34 33 35 39 36 37 42 41 44 45 43 46 48 47
 45 47 43 42 41 44 48 46  1  6  3  5  7  2  4  8 14 13 10 11 12 15  9 16 20 19 18 23 22 21 24 17 30 32 26 25 27 31 28 29 34 33 36 37 35 38 40 39
 29 31 27 26 25 28 32 30 33 38 35 37 39 34 36 40 46 45 42 43 44 47 41 48  4  3  2  7  6  5  8  1 14 16 10  9 11 15 12 13 18 17 20 21 19 22 24 23
 21 23 19 18 17 20 24 22 25 30 27 29 31 26 28 32 38 37 34 35 36 39 33 40 44 43 42 47 46 45 48 41  6  8  2  1  3  7  4  5 10  9 12 13 11 14 16 15
 13 15 11 10  9 12 16 14 17 22 19 21 23 18 20 24 30 29 26 27 28 31 25 32 36 35 34 39 38 37 40 33 46 48 42 41 43 47 44 45  2  1  4  5  3  6  8  7
 37 39 35 34 33 36 40 38 41 46 43 45 47 42 44 48  6  5  2  3  4  7  1  8 12 11 10 15 14 13 16  9 22 24 18 17 19 23 20 21 26 25 28 29 27 30 32 31
