  6  5  4  1  8  7  3  2  9 11 13 16 10 14 12 15 23 24 21 17 22 18 19 20 27 28 31 29 26 30 25 32 40 33 37 38 39 36 34 35 41 47 43 45 44 42 48 46
 46 45 44 41 48 47 43 42  1  3  5  8  2  6  4  7 15 16 13  9 14 10 11 12 19 20 23 21 18 22 17 24 32 25 29 30 31 28 26 27 33 39 35 37 36 34 40 38
 30 29 28 25 32 31 27 26 33 35 37 40 34 38 36 39 47 48 45 41 46 42 43 44  3  4  7  5  2  6  1  8 16  9 13 14 15 12 10 11 17 23 19 21 20 18 24 22
 14 13 12  9 16 15 11 10 17 19 21 24 18 22 20 23 31 32 29 25 30 26 27 28 35 36 39 37 34 38 33 40 48 41 45 46 47 44 42 43  1  7  3  5  4  2  8  6
 22 21 20 17 24 23 19 18 25 27 29 32 26 30 28 31 39 40 37 33 38 34 35 36 43 44 47 45 42 46 41 48  8  1  5  6  7  4  2  3  9 15 11 13 12 10 16 14
 38 37 36 33 40 39 35 34 41 43 45 48 42 46 44 47  7  8  5  1  6  2  3  4 11 12 15 13 10 14  9 16 24 17 21 22 23 20 18 19 25 31 27 29 28 26 32 30
 31 30 29 26 25 32 28 27 34 36 38 33 35 39 37 40 48 41 46 42 47 43 44 45  4  5  8  6  3  7  2  1  9 10 14 15 16 13 11 12 18 24 20 22 21 19 17 23
 15 14 13 10  9 16 12 11 18 20 22 17 19 23 21 24 32 25 30 26 31 27 28 29 36 37 40 38 35 39 34 33 41 42 46 47 48 45 43 44  2  8  4  6  5  3  1  7
  7  6  5  2  1  8  4  3 10 12 14  9 11 15 13 16 24 17 22 18 23 19 20 21 28 29 32 30 27 31 26 25 33 34 38 39 40 37 35 36 42 48 44 46 45 43 41 47
 47 46 45 42 41 48 44 43  2  4  6  1  3  7  5  8 16  9 14 10 15 11 12 13 20 21 24 22 19 23 18 17 25 26 30 31 32 29 27 28 34 40 36 38 37 35 33 39
 39 38 37 34 33 40 36 35 42 44 46 41 43 47 45 48  8  1  6  2  7  3  4  5 12 13 16 14 11 15 10  9 17 18 22 23 24 21 19 20 26 32 28 30 29 27 25 31
 23 22 21 18 17 24 20 19 26 28 30 25 27 31 29 32 40 33 38 34 39 35 36 37 44 45 48 46 43 47 42 41  1  2  6  7  8  5  3  4 10 16 12 14 13 11  9 15
 24 23 22 19 18 17 21 20 27 29 31 26 28 32 30 25 33 34 39 35 40 36 37 38 45 46 41 47 44 48 43 42  2  3  7  8  1  6  4  5 11  9 13 15 14 12 10 16
 32 31 30 27 26 25 29 28 35 37 39 34 36 40 38 33 41 42 47 43 48 44 45 46  5  6  1  7  4  8  3  2 10 11 15 16  9 14 12 13 19 17 21 23 22 20 18 24
 48 47 46 43 42 41 45 44  3  5  7  2  4  8  6  1  9 10 15 11 16 12 13 14 21 22 17 23 20 24 19 18 26 27 31 32 25 30 28 29 35 33 37 39 38 36 34 40
 40 39 38 35 34 33 37 36 43 45 47 42 44 48 46 41  1  2  7  3  8  4  5  6 13 14  9 15 12 16 11 10 18 19 23 24 17 22 20 21 27 25 29 31 30 28 26 32
  8  7  6  3  2  1  5  4 11 13 15 10 12 16 14  9 17 18 23 19 24 20 21 22 29 30 25 31 28 32 27 26 34 35 39 40 33 38 36 37 43 41 45 47 46 44 42 48
 16 15 14 11 10  9 13 12 19 21 23 18 20 24 22 17 25 26 31 27 32 28 29 30 37 38 33 39 36 40 35 34 42 43 47 48 41 46 44 45  3  1  5  7  6  4  2  8
  1  8  7  4  3  2  6  5 12 14 16 11 13  9 15 10 18 19 24 20 17 21 22 23 30 31 26 32 29 25 28 27 35 36 40 33 34 39 37 38 44 42 46 48 47 45 43 41
 17 24 23 20 19 18 22 21 28 30 32 27 29 25 31 26 34 35 40 36 33 37 38 39 46 47 42 48 45 41 44 43  3  4  8  1  2  7  5  6 12 10 14 16 15 13 11  9
 33 40 39 36 35 34 38 37 44 46 48 43 45 41 47 42  2  3  8  4  1  5  6  7 14 15 10 16 13  9 12 11 19 20 24 17 18 23 21 22 28 26 30 32 31 29 27 25
  9 16 15 12 11 10 14 13 20 22 24 19 21 17 23 18 26 27 32 28 25 29 30 31 38 39 34 40 37 33 36 35 43 44 48 41 42 47 45 46  4  2  6  8  7  5  3  1
 25 32 31 28 27 26 30 29 36 38 40 35 37 33 39 34 42 43 48 44 41 45 46 47  6  7  2  8  5  1  4  3 11 12 16  9 10 15 13 14 20 18 22 24 23 21 19 17
 41 48 47 44 43 42 46 45  4  6  8  3  5  1  7  2 10 11 16 12  9 13 14 15 22 23 18 24 21 17 20 19 27 28 32 25 26 31 29 30 36 34 38 40 39 37 35 33
 18 17 24 21 20 19 23 22 29 31 25 28 30 26 32 27 35 36 33 37 34 38 39 40 47 48 43 41 46 42 45 44  4  5  1  2  3  8  6  7 13 11 15  9 16 14 12 10
 26 25 32 29 28 27 31 30 37 39 33 36 38 34 40 35 43 44 41 45 42 46 47 48  7  8  3  1  6  2  5  4 12 13  9 10 11 16 14 15 21 19 23 17 24 22 20 18
 34 33 40 37 36 35 39 38 45 47 41 44 46 42 48 43  3  4  1  5  2  6  7  8 15 16 11  9 14 10 13 12 20 21 17 18 19 24 22 23 29 27 31 25 32 30 28 26
 10  9 16 13 12 11 15 14 21 23 17 20 22 18 24 19 27 28 25 29 26 30 31 32 39 40 35 33 38 34 37 36 44 45 41 42 43 48 46 47  5  3  7  1  8  6  4  2
 42 41 48 45 44 43 47 46  5  7  1  4  6  2  8  3 11 12  9 13 10 14 15 16 23 24 19 17 22 18 21 20 28 29 25 26 27 32 30 31 37 35 39 33 40 38 36 34
  2  1  8  5  4  3  7  6 13 15  9 12 14 10 16 11 19 20 17 21 18 22 23 24 31 32 27 25 30 26 29 28 36 37 33 34 35 40 38 39 45 43 47 41 48 46 44 42
 35 34 33 38 37 36 40 39 46 48 42 45 47 43 41 44  4  5  2  6  3  7  8  1 16  9 12 10 15 11 14 13 21 22 18 19 20 17 23 24 30 28 32 26 25 31 29 27
  3  2  1  6  5  4  8  7 14 16 10 13 15 11  9 12 20 21 18 22 19 23 24 17 32 25 28 26 31 27 30 29 37 38 34 35 36 33 39 40 46 44 48 42 41 47 45 43
 11 10  9 14 13 12 16 15 22 24 18 21 23 19 17 20 28 29 26 30 27 31 32 25 40 33 36 34 39 35 38 37 45 46 42 43 44 41 47 48  6  4  8  2  1  7  5  3
 27 26 25 30 29 28 32 31 38 40 34 37 39 35 33 36 44 45 42 46 43 47 48 41  8  1  4  2  7  3  6  5 13 14 10 11 12  9 15 16 22 20 24 18 17 23 21 19
 19 18 17 22 21 20 24 23 30 32 26 29 31 27 25 28 36 37 34 38 35 39 40 33 48 41 44 42 47 43 46 45  5  6  2  3  4  1  7  8 14 12 16 10  9 15 13 11
 43 42 41 46 45 44 48 47  6  8  2  5  7  3  1  4 12 13 10 14 11 15 16  9 24 17 20 18 23 19 22 21 29 30 26 27 28 25 31 32 38 36 40 34 33 39 37 35
 20 19 18 23 22 21 17 24 31 25 27 30 32 28 26 29 37 38 35 39 36 40 33 34 41 42 45 43 48 44 47 46  6  7  3  4  5  2  8  1 15 13  9 11 10 16 14 12
 28 27 26 31 30 29 25 32 39 33 35 38 40 36 34 37 45 46 43 47 44 48 41 42  1  2  5  3  8  4  7  6 14 15 11 12 13 10 16  9 23 21 17 19 18 24 22 20
 12 11 10 15 14 13  9 16 23 17 19 22 24 20 18 21 29 30 27 31 28 32 25 26 33 34 37 35 40 36 39 38 46 47 43 44 45 42 48 41  7  5  1  3  2  8  6  4
 44 43 42 47 46 45 41 48  7  1  3  6  8  4  2  5 13 14 11 15 12 16  9 10 17 18 21 19 24 20 23 22 30 31 27 28 29 26 32 25 39 37 33 35 34 40 38 36
 36 35 34 39 38 37 33 40 47 41 43 46 48 44 42 45  5  6  3  7  4  8  1  2  9 10 13 11 16 12 15 14 22 23 19 20 21 18 24 17 31 29 25 27 26 32 30 28
  4  3  2  7  6  5  1  8 15  9 11 14 16 12 10 13 21 22 19 23 20 24 17 18 25 26 29 27 32 28 31 30 38 39 35 36 37 34 40 33 47 45 41 43 42 48 46 44
 45 44 43 48 47 46 42 41  8  2  4  7  1  5  3  6 14 15 12 16 13  9 10 11 18 19 22 20 17 21 24 23 31 32 28 29 30 27 25 26 40 38 34 36 35 33 39 37
 29 28 27 32 31 30 26 25 40 34 36 39 33 37 35 38 46 47 44 48 45 41 42 43  2  3  6  4  1  5  8  7 15 16 12 13 14 11  9 10 24 22 18 20 19 17 23 21
 37 36 35 40 39 38 34 33 48 42 44 47 41 45 43 46  6  7  4  8  5  1  2  3 10 11 14 12  9 13 16 15 23 24 20 21 22 19 17 18 32 30 26 28 27 25 31 29
 13 12 11 16 15 14 10  9 24 18 20 23 17 21 19 22 30 31 28 32 29 25 26 27 34 35 38 36 33 37 40 39 47 48 44 45 46 43 41 42  8  6  2  4  3  1  7  5
 21 20 19 24 23 22 18 17 32 26 28 31 25 29 27 30 38 39 36 40 37 33 34 35 42 43 46 44 41 45 48 47  7  8  4  5  6  3  1  2 16 14 10 12 11  9 15 13
  5  4  3  8  7  6  2  1 16 10 12 15  9 13 11 14 22 23 20 24 21 17 18 19 26 27 30 28 25 29 32 31 39 40 36 37 38 35 33 34 48 46 42 44 43 41 47 45
