 16 17 11 13  3 18  2 19  1  5  6 15 10 14  8  7  4 12  9
  3 19 15 11 12  2 18  6 10  4  9 14  7  5  1 13 17  8 16
  5  2 18 12 13  3  1 15  9  7  8 11  4 10 19 16  6 14 17
  6  5 17  3 10  8 14  9 18  2 12 16 15 11 13 19  1  7  4
  7  3  5 16 11 12 17  8 13  9 10  6  1 15  2  4 18 19 14
  8  4  6  5 14  1 16 11 15 17  2 12 13  9 10 18 19  3  7
  4 16  3 17  2 13 10 18 12  1  7 19  9  6 15 14  5 11  8
 18 11 16 14  1  5 13 12 19 15  3  9  6 17  4  8  7 10  2
 11  7 14  6 17 16  3  1  5 12 13 18 19  4  9 10  8  2 15
  2 18  7  4 16 11 19  3 14  6  1 17 12  8  5  9 15 13 10
  1  9 12  7  5 17 11 16  2 14 18 13  8  3  6 15 10  4 19
 10  8  9 18  7  4  5  2 16  3 11  1 17 19 12  6 14 15 13
  9 10  4  1 18 15 12 13  3 16 19  8  5  7 14 11  2 17  6
 17 14  8  9  4  7  6 10 11 19 15  2 18  1 16 12 13  5  3
 15  6 10  8  9 19  4  5 17 13 16  3 14 12  7  2 11 18  1
 12  1 13 10 19  6 15 14  8 11  4  7  3  2 17  5  9 16 18
 14 15 19  2  8  9  7 17  4 18  5 10 16 13 11  1  3  6 12
 13 12  2 19 15 10  9  7  6  8 14  4 11 18  3 17 16  1  5
 19 13  1 15  6 14  8  4  7 10 17  5  2 16 18  3 12  9 11
