 16 10 14 17 11  3  7 15 13  1  2 18  9  5  6  4 19  8 12
 11  6 16  3 15 14  4 17  2 13 18 12 19 10  9  7  8  1  5
  8  9  3  4 10 15 11 19  7 17 13 14 12  2  5  6  1 18 16
 18 14 17 16 19  8 15  6  9 10  7 13  4 11  1  5  3 12  2
 17 12 18  1  9  6 16 10 15  2 14 19 13  7  4 11  5  3  8
 14 11  9 18 12  2  6  8  5  7 19  1 16  3 10 15 17  4 13
  1 17  8  6 16 10  2 13  3 15  4  5 14 19  7  9 12 11 18
  2  8  6 15 17  5 14 18  4 12 10  7  1 16  3 13 11 19  9
 15  2 11  8  1  9 19  7 18  4  5 10  3 14 16 12  6 13 17
 12 16 15 14 13 17  9  4  8  6 11  2 18  1 19 10  7  5  3
  6 18 13  5  8 16 17  1 10 19 12  4  7 15 14  3  9  2 11
  9  3  2 11 18  4  5 14  6 16 15 17 10 12  8 19 13  7  1
 10 19  7  9 14 13  8  2 17 18  3 11  5  4 12  1 15 16  6
  5 15 12 13  6  7 10 11 14  8  1  3  2  9 18 16  4 17 19
 19  7  4 12  2 11 18  5  1  3  9 15 17  6 13  8 16 14 10
  7  5 10  2  3 19  1 16 12 14  6  9  8 13 11 17 18 15  4
  3  4  5 10  7  1 13 12 19 11 17 16  6  8  2 18 14  9 15
 13  1 19  7  4 12  3  9 11  5 16  8 15 18 17  2 10  6 14
  4 13  1 19  5 18 12  3 16  9  8  6 11 17 15 14  2 10  7
