  5  2  6 19 11 22  9  7 18  4 21 10 15  8  1 14 23 20 17  3 16 13 24 12
 15 14 11  3 20  9 22 18 23  8 13 21  2  7 16 12  4  5  1 10  6 19 17 24
 12 18  5 11 23 24  2 21  3 10 20 14  7 17 13 16  6 15 19  1  8  4  9 22
 16 22 17  6 12 14  3  2  7 20 15 11  5  1  8 19  9 23 13 21 18 24  4 10
 17 21 22 14  1 11 19 12 10  7  3  2 13 16  6 15 20  4  5 18 24  8 23  9
 11  5 24  4 18 12 14 22 13  9  6  3 20 15  7  2 10 16 23 19  1 17  8 21
 21 11 18  2 15  3 24 10  4  1  8 16 19 20 22 13 14  9  6 12 23  5  7 17
 22  8 12 21 14  6  4 19 20  3 23 18 10  5 11 24 16 13  7 15 17  9  2  1
 23 15  4  5 13 10 11  8 17  6  1 20  3 19 14  7 22 18  9 24 12  2 21 16
 10 12 15  8  2  4 23 20  9 13 24 22 16 11 19 17 18  6 21  5  7  1 14  3
 13 17 23 22  6  1 18  3 14  2  7  4  9 21 15 10 12 11 24  8 19 20 16  5
  2  3  8 15 21 16 12  6 19 24 17  9 18 23 10  5 11 22  4 20 14  7  1 13
  9 23 19 12  5 15  1 24  2 18 22  8 21 14 17  3 13  7 20 11  4 16 10  6
  3 16  2 17  9  5  6  4 21 19 10  7 24 18 12 11 15  1 22 23 20 14 13  8
  7  9 21 16 17  2  5 11  8 23 12 19  4  3 20 18  1 24 15  6 13 10 22 14
  1 19 16 18 10 20 21  5 22 14  2 23 11  6  9  4 24 17  8 13 15  3 12  7
  4 13  9 20 19 18  8  1  6 11  5 17 22 12 24 23  7 10 16 14  3 21 15  2
  6  1 20 23  8 19 10 15  5 12 16 24 17 13 18  9  3 14  2  7 21 22 11  4
 19  6 14  7 16  8 20  9  1 22  4 13 12 24  3 21  5  2 11 17 10 15 18 23
 14 10  1 13 22 17  7 23 24 15 19 12  8  4 21 20  2  3 18 16  9  6  5 11
 24  7 13  1  4 21 15 16 11 17 14  6 23 22  2  8 19 12 10  9  5 18  3 20
 18 24  7  9  3 23 17 13 16  5 11 15  6 10  4  1  8 21 14 22  2 12 20 19
 20  4 10 24  7 13 16 14 12 21 18  5  1  9 23  6 17  8  3  2 22 11 19 15
  8 20  3 10 24  7 13 17 15 16  9  1 14  2  5 22 21 19 12  4 11 23  6 18
