 23 18 11 14 22 17 24  3  9 19 10 21  7 12  6 16  5  4 15  8 20  2 13  1
 21  8  3  4 17  2 16 24 18 20 15 13 22 11 19 12 14  9  6  1 10  7  5 23
 22  1  4 19  7 12  6 15 21 13 24  2 20  5  9 10 18 23 11 14  8 17 16  3
 19 12 22 10  4  1 14  9 17  8 21 15 13 20  7 23 16  2  3  5  6 18 24 11
 14 15  9  1 13 18 21 16 11 12 20  5 17  7 10  3  2 24  8  4 22  6 23 19
  5 17 20  3 18  4 12 10  7 15 11  6  1 24 14 13 22 16 19  9  2 23 21  8
 11 19  5 15  2  6 18 23 13 21 16 20  9 22 12  7 10  8 24  3  4 14  1 17
  1 11 19  5  9 21 20  6 12 16  2 18 15  3 22 14  8 17 13 24 23  4  7 10
 10 22 16 20  5 13 15  8 24  6  3 12 14 21  2  9 11  7 17 23 19  1  4 18
 16 10  2 12 15 24  4 17 20  1  8  3 18 13  5 22 21 11 23 19 14  9  6  7
  9  7 15  8  3 14 19 12  1 23 18 11  2 10 21  5 24 22 20  6 16 13 17  4
 18  5 24 16 11 15  2 22 23  9 13 17 12  1 20  4  3 10 14  7 21  8 19  6
  4 23 10 11 24  5  7 19  3  2 12  1 21  6 16 20  9 18 22 17 13 15  8 14
 15 16 23  7  8  3 11  2  6  5  9 10  4 17  1 21 12 20 18 13 24 19 14 22
 13  9 18 21  1 19 23  4 22 11  6 16  5 14  8  2 20  3  7 12 17 24 10 15
 12 21  6 23 16  9  1 18  2  7 19  8 11 15 13 17  4 14 10 20  5 22  3 24
 20  4 21 24 10 16  3  1 15 22 17 14  8 23 11  6 13 19  9 18  7 12  2  5
  3 24  1 22 12 10  5 20  4 18 14  9 23  8 17 19  7  6  2 16 15 21 11 13
 24 14  7  6 19 22  9 11 10  3  1  4 16  2 23  8 17 13  5 21 18 20 15 12
  8 20 14  9 21  7 17 13 16  4 22 23  3 19 15 24  6  5 12 10  1 11 18  2
  7  3 12 18 20 11 13 14  8 17  5 19  6 16 24 15 23  1  4  2  9 10 22 21
  6 13 17  2 14 20  8 21 19 24 23  7 10  4  3 18 15 12  1 22 11  5  9 16
  2  6 13 17 23  8 10  7  5 14  4 22 24  9 18  1 19 15 21 11  3 16 12 20
 17  2  8 13  6 23 22  5 14 10  7 24 19 18  4 11  1 21 16 15 12  3 20  9
