  7 15  6 18 24 21  4 20  5 22  3 17  9  8 12 16 23  1 11 10  2 19 14 13
  4 17 12 24  8 11  7 23  9  2 18 21 16  3 10  5 14 22 15  6  1 20 13 19
 22 24  1  6  7  5 11  8 15 19 20 16 18 17  3 23  2 14 12 13 10  9  4 21
 12 10 11 19  1  6  5 14  8 21  4 22  7 13  2 24 15  3  9 17 23 18 20 16
 17 22 18 20  3 12 15  7  6  1 21 23 24  2 11 14  4  9 13  5 19 16 10  8
 11 23 14 22  4 17  1  5 10 15 16 18 21  7 13 19  6 12  8 24  9  2  3 20
 10  1 22  3 20 24  8 17 19 13 11  7  6 21 18 12  5 23  4  2 14 15 16  9
 16  6 15 14 19  3 24 21 20 23  8  9 12 22 17 11 13 10 18  7  5  4  2  1
  3  2  7 17 23  1 19 16 24 10  5  4 14  6 21 18  8 15 20 12 22 13  9 11
  6  8 21 10 18 19  3  1 14 16 23 11 22  9 20 13 17  4  2 15  7 12 24  5
 13  4  3 11 22  2 12 19 23  6 15  1 20 24  7 21 10  8  5  9 16 14 18 17
  9 16  2  1 14 15 10 22 17 18 24  8  3  5  6  4 12 21 19 20 13  7 11 23
 21  5 16  8 17 22 14 24  1 20 10 19 11 12  9  7 18 13 23  4 15  3  6  2
 15 12 10  9  5 23 18  3  4 24  6  2 13 14 22  1 16 19 17  8 20 11 21  7
 19 13  8  7 10 18 21 12  3  4  1 24 15 16  5  9 20  2 14 23 11  6 17 22
 23 11  4 15 21  9 20 10  2  3 14 13  5 19  8 17  7 16 22 18 12 24  1  6
  8 19 13 12 15 10 22 18  7  9  2 14  1 11 16  3 24 20  6 21 17 23  5  4
 18  9  5 21  6 14 13 15 11 17  7 10  2  1 23 20 19 24 16  3  4  8 22 12
  5  7  9 13 16 20  6  4 18 14 22  3 10 23 19  2 21 17 24 11  8  1 12 15
  2 18 23 16 13  7 17  6 12  8 19 20  4 10 24 22  9 11 21  1  3  5 15 14
  1  3 19  5  2  8  9 11 16  7 13 12 17 20  4 15 22 18 10 14  6 21 23 24
 14 21 20  4  9 13 23  2 22  5 12 15 19 18  1 10 11  6  7 16 24 17  8  3
 20 14 24 23 12 16  2  9 13 11 17  5  8  4 15  6  3  7  1 22 21 10 19 18
 24 20 17  2 11  4 16 13 21 12  9  6 23 15 14  8  1  5  3 19 18 22  7 10
