 13 24 12 14  4 23  3  5  1 22  6 18 20 11 10 17 16 15  8 19  9 21  2  7
 19  3  2 17 15 13  5 18 12 20 16  7  6 23 24  1  9  4 14 22  8 10 11 21
 17 22  6 11  8  2 24 23  5 19  7 10 18  9 21 16  1  3 15 12 20 14  4 13
 16 15 17 10  5 14  8  3 13  9  4  6  7 24 23 22 21  1  2 18 12 19 20 11
 23 13 19  8 12  9 18 15 20  5  2 22 11 16  4 21 24 14 10  3  6  7  1 17
 14  5 18  6 22 17  2  7 15 16 12  3  4 10 19 23 13 21  1 24 11 20  9  8
  4 14  8  5 21 20 17  9  3 11 10 23 12  7  6 18 15  2 22  1 13 24 19 16
  5 11 20  2  6  7  1 21  9  3 24 17 22  4 16 10  8 19 13 15 18 23 12 14
  6 23  5 22 10 11  7  2 17 15  9 21  3 12 20  4 14 16 19  8  1 18 13 24
 22 19 24  9  3 18 14  8  7 12 23 11 15  2 17  5  4 13 21 20 16  6 10  1
 20 12 14 24  7 21  6  4  2 10  5 15 19  1  9  8 17 18  3 11 22 13 16 23
  1 18  7 12 14  6 20 17  8  2 13  5 10 19 11 24 23 22  9 21  4 16 15  3
 24 20 21  4 17  5 23  6 18  8  1 13  9 15  7 19 22 12 11 16 10  3 14  2
 15  1  9 20 19  3 21 22  4 13 17  2  5 14 12  7 10 23 16  6 24 11  8 18
  8 17 11 13  1 10 12 14 23 18 20 24 16 22 15  3 19  7  4  2  5  9 21  6
  2  9  1 21 11 24 22 20 19 17  3 16 13  6 14 15  7 10 18  4 23  8  5 12
 21  4 15  1 24  8 11 10 16 23 18 12 17 13  3  6  5  9  7 14 19  2 22 20
 11  8 13 19 20  1 10 16 22  4 15  9 23 17 18 14  2 24  6  7 21 12  3  5
  3  6 16 15 23  4 19 11 24 14  8  1  2 21 13  9 18 20 12 10  7  5 17 22
 12 21 23  3 13 15 16  1 11 24 19  8 14 18 22 20  6 17  5  9  2  4  7 10
 18 10  4  7  9 16 13 19 14  1 11 20 21  3  5  2 12  8 24 23 17 22  6 15
  9  2 22 18 16 19 15 24 10  7 21 14  1  5  8 12 11  6 20 13  3 17 23  4
  7 16 10 23 18 22  9 12  6 21 14  4  8 20  2 13  3 11 17  5 15  1 24 19
 10  7  3 16  2 12  4 13 21  6 22 19 24  8  1 11 20  5 23 17 14 15 18  9
