 13 15 14 18 17 16  5  4  3  1  6  2 10  7  9 11 12  8
  7  9  8 12 11 10 17 16 15 13 18 14  4  1  3  5  6  2
  1  3  2  6  5  4 11 10  9  7 12  8 16 13 15 17 18 14
  8 10  9  7 12 11 18 17 16 14 13 15  5  2  4  6  1  3
 14 16 15 13 18 17  6  5  4  2  1  3 11  8 10 12  7  9
  2  4  3  1  6  5 12 11 10  8  7  9 17 14 16 18 13 15
  3  5  4  2  1  6  7 12 11  9  8 10 18 15 17 13 14 16
  9 11 10  8  7 12 13 18 17 15 14 16  6  3  5  1  2  4
 15 17 16 14 13 18  1  6  5  3  2  4 12  9 11  7  8 10
 16 18 17 15 14 13  2  1  6  4  3  5  7 10 12  8  9 11
 10 12 11  9  8  7 14 13 18 16 15 17  1  4  6  2  3  5
  4  6  5  3  2  1  8  7 12 10  9 11 13 16 18 14 15 17
 11  7 12 10  9  8 15 14 13 17 16 18  2  5  1  3  4  6
 17 13 18 16 15 14  3  2  1  5  4  6  8 11  7  9 10 12
  5  1  6  4  3  2  9  8  7 11 10 12 14 17 13 15 16 18
 12  8  7 11 10  9 16 15 14 18 17 13  3  6  2  4  5  1
 18 14 13 17 16 15  4  3  2  6  5  1  9 12  8 10 11  7
  6  2  1  5  4  3 10  9  8 12 11  7 15 18 14 16 17 13
