 28 29 32 36 31 33 35 34 30 38 39 37 44 45 40 43 41 42 49 48 50 47 52 53 46 51 54 62 57 59 56 55 58 61 60 63  6  3  4  9  8  7  5  1  2 15 12 17 10 18 11 14 16 13 25 27 24 22 20 26 19 21 23
 37 38 41 45 40 42 44 43 39 47 48 46 53 54 49 52 50 51 58 57 59 56 61 62 55 60 63  8  3  5  2  1  4  7  6  9 15 12 13 18 17 16 14 10 11 24 21 26 19 27 20 23 25 22 34 36 33 31 29 35 28 30 32
 46 47 50 54 49 51 53 52 48 56 57 55 62 63 58 61 59 60  4  3  5  2  7  8  1  6  9 17 12 14 11 10 13 16 15 18 24 21 22 27 26 25 23 19 20 33 30 35 28 36 29 32 34 31 43 45 42 40 38 44 37 39 41
 19 20 23 27 22 24 26 25 21 29 30 28 35 36 31 34 32 33 40 39 41 38 43 44 37 42 45 53 48 50 47 46 49 52 51 54 60 57 58 63 62 61 59 55 56  6  3  8  1  9  2  5  7  4 16 18 15 13 11 17 10 12 14
 10 11 14 18 13 15 17 16 12 20 21 19 26 27 22 25 23 24 31 30 32 29 34 35 28 33 36 44 39 41 38 37 40 43 42 45 51 48 49 54 53 52 50 46 47 60 57 62 55 63 56 59 61 58  7  9  6  4  2  8  1  3  5
  1  2  5  9  4  6  8  7  3 11 12 10 17 18 13 16 14 15 22 21 23 20 25 26 19 24 27 35 30 32 29 28 31 34 33 36 42 39 40 45 44 43 41 37 38 51 48 53 46 54 47 50 52 49 61 63 60 58 56 62 55 57 59
 55 56 59 63 58 60 62 61 57  2  3  1  8  9  4  7  5  6 13 12 14 11 16 17 10 15 18 26 21 23 20 19 22 25 24 27 33 30 31 36 35 34 32 28 29 42 39 44 37 45 38 41 43 40 52 54 51 49 47 53 46 48 50
 29 30 33 28 32 34 36 35 31 39 40 38 45 37 41 44 42 43 50 49 51 48 53 54 47 52 46 63 58 60 57 56 59 62 61 55  7  4  5  1  9  8  6  2  3 16 13 18 11 10 12 15 17 14 26 19 25 23 21 27 20 22 24
 38 39 42 37 41 43 45 44 40 48 49 47 54 46 50 53 51 52 59 58 60 57 62 63 56 61 55  9  4  6  3  2  5  8  7  1 16 13 14 10 18 17 15 11 12 25 22 27 20 19 21 24 26 23 35 28 34 32 30 36 29 31 33
 47 48 51 46 50 52 54 53 49 57 58 56 63 55 59 62 60 61  5  4  6  3  8  9  2  7  1 18 13 15 12 11 14 17 16 10 25 22 23 19 27 26 24 20 21 34 31 36 29 28 30 33 35 32 44 37 43 41 39 45 38 40 42
 20 21 24 19 23 25 27 26 22 30 31 29 36 28 32 35 33 34 41 40 42 39 44 45 38 43 37 54 49 51 48 47 50 53 52 46 61 58 59 55 63 62 60 56 57  7  4  9  2  1  3  6  8  5 17 10 16 14 12 18 11 13 15
 56 57 60 55 59 61 63 62 58  3  4  2  9  1  5  8  6  7 14 13 15 12 17 18 11 16 10 27 22 24 21 20 23 26 25 19 34 31 32 28 36 35 33 29 30 43 40 45 38 37 39 42 44 41 53 46 52 50 48 54 47 49 51
 11 12 15 10 14 16 18 17 13 21 22 20 27 19 23 26 24 25 32 31 33 30 35 36 29 34 28 45 40 42 39 38 41 44 43 37 52 49 50 46 54 53 51 47 48 61 58 63 56 55 57 60 62 59  8  1  7  5  3  9  2  4  6
  2  3  6  1  5  7  9  8  4 12 13 11 18 10 14 17 15 16 23 22 24 21 26 27 20 25 19 36 31 33 30 29 32 35 34 28 43 40 41 37 45 44 42 38 39 52 49 54 47 46 48 51 53 50 62 55 61 59 57 63 56 58 60
 57 58 61 56 60 62 55 63 59  4  5  3  1  2  6  9  7  8 15 14 16 13 18 10 12 17 11 19 23 25 22 21 24 27 26 20 35 32 33 29 28 36 34 30 31 44 41 37 39 38 40 43 45 42 54 47 53 51 49 46 48 50 52
 30 31 34 29 33 35 28 36 32 40 41 39 37 38 42 45 43 44 51 50 52 49 54 46 48 53 47 55 59 61 58 57 60 63 62 56  8  5  6  2  1  9  7  3  4 17 14 10 12 11 13 16 18 15 27 20 26 24 22 19 21 23 25
 39 40 43 38 42 44 37 45 41 49 50 48 46 47 51 54 52 53 60 59 61 58 63 55 57 62 56  1  5  7  4  3  6  9  8  2 17 14 15 11 10 18 16 12 13 26 23 19 21 20 22 25 27 24 36 29 35 33 31 28 30 32 34
 12 13 16 11 15 17 10 18 14 22 23 21 19 20 24 27 25 26 33 32 34 31 36 28 30 35 29 37 41 43 40 39 42 45 44 38 53 50 51 47 46 54 52 48 49 62 59 55 57 56 58 61 63 60  9  2  8  6  4  1  3  5  7
 21 22 25 20 24 26 19 27 23 31 32 30 28 29 33 36 34 35 42 41 43 40 45 37 39 44 38 46 50 52 49 48 51 54 53 47 62 59 60 56 55 63 61 57 58  8  5  1  3  2  4  7  9  6 18 11 17 15 13 10 12 14 16
  3  4  7  2  6  8  1  9  5 13 14 12 10 11 15 18 16 17 24 23 25 22 27 19 21 26 20 28 32 34 31 30 33 36 35 29 44 41 42 38 37 45 43 39 40 53 50 46 48 47 49 52 54 51 63 56 62 60 58 55 57 59 61
 48 49 52 47 51 53 46 54 50 58 59 57 55 56 60 63 61 62  6  5  7  4  9  1  3  8  2 10 14 16 13 12 15 18 17 11 26 23 24 20 19 27 25 21 22 35 32 28 30 29 31 34 36 33 45 38 44 42 40 37 39 41 43
 13 14 17 12 16 18 11 10 15 23 24 22 20 21 25 19 26 27 34 33 35 32 28 29 31 36 30 38 42 44 41 40 43 37 45 39 54 51 52 48 47 46 53 49 50 63 60 56 58 57 59 62 55 61  1  3  9  7  5  2  4  6  8
 40 41 44 39 43 45 38 37 42 50 51 49 47 48 52 46 53 54 61 60 62 59 55 56 58 63 57  2  6  8  5  4  7  1  9  3 18 15 16 12 11 10 17 13 14 27 24 20 22 21 23 26 19 25 28 30 36 34 32 29 31 33 35
 49 50 53 48 52 54 47 46 51 59 60 58 56 57 61 55 62 63  7  6  8  5  1  2  4  9  3 11 15 17 14 13 16 10 18 12 27 24 25 21 20 19 26 22 23 36 33 29 31 30 32 35 28 34 37 39 45 43 41 38 40 42 44
 22 23 26 21 25 27 20 19 24 32 33 31 29 30 34 28 35 36 43 42 44 41 37 38 40 45 39 47 51 53 50 49 52 46 54 48 63 60 61 57 56 55 62 58 59  9  6  2  4  3  5  8  1  7 10 12 18 16 14 11 13 15 17
  4  5  8  3  7  9  2  1  6 14 15 13 11 12 16 10 17 18 25 24 26 23 19 20 22 27 21 29 33 35 32 31 34 28 36 30 45 42 43 39 38 37 44 40 41 54 51 47 49 48 50 53 46 52 55 57 63 61 59 56 58 60 62
 31 32 35 30 34 36 29 28 33 41 42 40 38 39 43 37 44 45 52 51 53 50 46 47 49 54 48 56 60 62 59 58 61 55 63 57  9  6  7  3  2  1  8  4  5 18 15 11 13 12 14 17 10 16 19 21 27 25 23 20 22 24 26
 58 59 62 57 61 63 56 55 60  5  6  4  2  3  7  1  8  9 16 15 17 14 10 11 13 18 12 20 24 26 23 22 25 19 27 21 36 33 34 30 29 28 35 31 32 45 42 38 40 39 41 44 37 43 46 48 54 52 50 47 49 51 53
 14 15 18 13 17 10 12 11 16 24 25 23 21 22 26 20 27 19 35 34 36 33 29 30 32 28 31 39 43 45 42 41 44 38 37 40 46 52 53 49 48 47 54 50 51 55 61 57 59 58 60 63 56 62  2  4  1  8  6  3  5  7  9
 23 24 27 22 26 19 21 20 25 33 34 32 30 31 35 29 36 28 44 43 45 42 38 39 41 37 40 48 52 54 51 50 53 47 46 49 55 61 62 58 57 56 63 59 60  1  7  3  5  4  6  9  2  8 11 13 10 17 15 12 14 16 18
 50 51 54 49 53 46 48 47 52 60 61 59 57 58 62 56 63 55  8  7  9  6  2  3  5  1  4 12 16 18 15 14 17 11 10 13 19 25 26 22 21 20 27 23 24 28 34 30 32 31 33 36 29 35 38 40 37 44 42 39 41 43 45
  5  6  9  4  8  1  3  2  7 15 16 14 12 13 17 11 18 10 26 25 27 24 20 21 23 19 22 30 34 36 33 32 35 29 28 31 37 43 44 40 39 38 45 41 42 46 52 48 50 49 51 54 47 53 56 58 55 62 60 57 59 61 63
 41 42 45 40 44 37 39 38 43 51 52 50 48 49 53 47 54 46 62 61 63 60 56 57 59 55 58  3  7  9  6  5  8  2  1  4 10 16 17 13 12 11 18 14 15 19 25 21 23 22 24 27 20 26 29 31 28 35 33 30 32 34 36
 59 60 63 58 62 55 57 56 61  6  7  5  3  4  8  2  9  1 17 16 18 15 11 12 14 10 13 21 25 27 24 23 26 20 19 22 28 34 35 31 30 29 36 32 33 37 43 39 41 40 42 45 38 44 47 49 46 53 51 48 50 52 54
 32 33 36 31 35 28 30 29 34 42 43 41 39 40 44 38 45 37 53 52 54 51 47 48 50 46 49 57 61 63 60 59 62 56 55 58  1  7  8  4  3  2  9  5  6 10 16 12 14 13 15 18 11 17 20 22 19 26 24 21 23 25 27
 24 25 19 23 27 20 22 21 26 34 35 33 31 32 36 30 28 29 45 44 37 43 39 40 42 38 41 49 53 46 52 51 54 48 47 50 56 62 63 59 58 57 55 60 61  2  8  4  6  5  7  1  3  9 12 14 11 18 16 13 15 17 10
 42 43 37 41 45 38 40 39 44 52 53 51 49 50 54 48 46 47 63 62 55 61 57 58 60 56 59  4  8  1  7  6  9  3  2  5 11 17 18 14 13 12 10 15 16 20 26 22 24 23 25 19 21 27 30 32 29 36 34 31 33 35 28
 15 16 10 14 18 11 13 12 17 25 26 24 22 23 27 21 19 20 36 35 28 34 30 31 33 29 32 40 44 37 43 42 45 39 38 41 47 53 54 50 49 48 46 51 52 56 62 58 60 59 61 55 57 63  3  5  2  9  7  4  6  8  1
  6  7  1  5  9  2  4  3  8 16 17 15 13 14 18 12 10 11 27 26 19 25 21 22 24 20 23 31 35 28 34 33 36 30 29 32 38 44 45 41 40 39 37 42 43 47 53 49 51 50 52 46 48 54 57 59 56 63 61 58 60 62 55
 60 61 55 59 63 56 58 57 62  7  8  6  4  5  9  3  1  2 18 17 10 16 12 13 15 11 14 22 26 19 25 24 27 21 20 23 29 35 36 32 31 30 28 33 34 38 44 40 42 41 43 37 39 45 48 50 47 54 52 49 51 53 46
 51 52 46 50 54 47 49 48 53 61 62 60 58 59 63 57 55 56  9  8  1  7  3  4  6  2  5 13 17 10 16 15 18 12 11 14 20 26 27 23 22 21 19 24 25 29 35 31 33 32 34 28 30 36 39 41 38 45 43 40 42 44 37
 33 34 28 32 36 29 31 30 35 43 44 42 40 41 45 39 37 38 54 53 46 52 48 49 51 47 50 58 62 55 61 60 63 57 56 59  2  8  9  5  4  3  1  6  7 11 17 13 15 14 16 10 12 18 21 23 20 27 25 22 24 26 19
 25 26 20 24 19 21 23 22 27 35 36 34 32 33 28 31 29 30 37 45 38 44 40 41 43 39 42 50 54 47 53 52 46 49 48 51 57 63 55 60 59 58 56 61 62  3  9  5  7  6  8  2  4  1 13 15 12 10 17 14 16 18 11
 52 53 47 51 46 48 50 49 54 62 63 61 59 60 55 58 56 57  1  9  2  8  4  5  7  3  6 14 18 11 17 16 10 13 12 15 21 27 19 24 23 22 20 25 26 30 36 32 34 33 35 29 31 28 40 42 39 37 44 41 43 45 38
  7  8  2  6  1  3  5  4  9 17 18 16 14 15 10 13 11 12 19 27 20 26 22 23 25 21 24 32 36 29 35 34 28 31 30 33 39 45 37 42 41 40 38 43 44 48 54 50 52 51 53 47 49 46 58 60 57 55 62 59 61 63 56
 43 44 38 42 37 39 41 40 45 53 54 52 50 51 46 49 47 48 55 63 56 62 58 59 61 57 60  5  9  2  8  7  1  4  3  6 12 18 10 15 14 13 11 16 17 21 27 23 25 24 26 20 22 19 31 33 30 28 35 32 34 36 29
 16 17 11 15 10 12 14 13 18 26 27 25 23 24 19 22 20 21 28 36 29 35 31 32 34 30 33 41 45 38 44 43 37 40 39 42 48 54 46 51 50 49 47 52 53 57 63 59 61 60 62 56 58 55  4  6  3  1  8  5  7  9  2
 61 62 56 60 55 57 59 58 63  8  9  7  5  6  1  4  2  3 10 18 11 17 13 14 16 12 15 23 27 20 26 25 19 22 21 24 30 36 28 33 32 31 29 34 35 39 45 41 43 42 44 38 40 37 49 51 48 46 53 50 52 54 47
 34 35 29 33 28 30 32 31 36 44 45 43 41 42 37 40 38 39 46 54 47 53 49 50 52 48 51 59 63 56 62 61 55 58 57 60  3  9  1  6  5  4  2  7  8 12 18 14 16 15 17 11 13 10 22 24 21 19 26 23 25 27 20
 44 45 39 43 38 40 42 41 37 54 46 53 51 52 47 50 48 49 56 55 57 63 59 60 62 58 61  6  1  3  9  8  2  5  4  7 13 10 11 16 15 14 12 17 18 22 19 24 26 25 27 21 23 20 32 34 31 29 36 33 35 28 30
 26 27 21 25 20 22 24 23 19 36 28 35 33 34 29 32 30 31 38 37 39 45 41 42 44 40 43 51 46 48 54 53 47 50 49 52 58 55 56 61 60 59 57 62 63  4  1  6  8  7  9  3  5  2 14 16 13 11 18 15 17 10 12
 62 63 57 61 56 58 60 59 55  9  1  8  6  7  2  5  3  4 11 10 12 18 14 15 17 13 16 24 19 21 27 26 20 23 22 25 31 28 29 34 33 32 30 35 36 40 37 42 44 43 45 39 41 38 50 52 49 47 54 51 53 46 48
  8  9  3  7  2  4  6  5  1 18 10 17 15 16 11 14 12 13 20 19 21 27 23 24 26 22 25 33 28 30 36 35 29 32 31 34 40 37 38 43 42 41 39 44 45 49 46 51 53 52 54 48 50 47 59 61 58 56 63 60 62 55 57
 17 18 12 16 11 13 15 14 10 27 19 26 24 25 20 23 21 22 29 28 30 36 32 33 35 31 34 42 37 39 45 44 38 41 40 43 49 46 47 52 51 50 48 53 54 58 55 60 62 61 63 57 59 56  5  7  4  2  9  6  8  1  3
 53 54 48 52 47 49 51 50 46 63 55 62 60 61 56 59 57 58  2  1  3  9  5  6  8  4  7 15 10 12 18 17 11 14 13 16 22 19 20 25 24 23 21 26 27 31 28 33 35 34 36 30 32 29 41 43 40 38 45 42 44 37 39
 35 36 30 34 29 31 33 32 28 45 37 44 42 43 38 41 39 40 47 46 48 54 50 51 53 49 52 60 55 57 63 62 56 59 58 61  4  1  2  7  6  5  3  8  9 13 10 15 17 16 18 12 14 11 23 25 22 20 27 24 26 19 21
 63 55 58 62 57 59 61 60 56  1  2  9  7  8  3  6  4  5 12 11 13 10 15 16 18 14 17 25 20 22 19 27 21 24 23 26 32 29 30 35 34 33 31 36 28 41 38 43 45 44 37 40 42 39 51 53 50 48 46 52 54 47 49
  9  1  4  8  3  5  7  6  2 10 11 18 16 17 12 15 13 14 21 20 22 19 24 25 27 23 26 34 29 31 28 36 30 33 32 35 41 38 39 44 43 42 40 45 37 50 47 52 54 53 46 49 51 48 60 62 59 57 55 61 63 56 58
 36 28 31 35 30 32 34 33 29 37 38 45 43 44 39 42 40 41 48 47 49 46 51 52 54 50 53 61 56 58 55 63 57 60 59 62  5  2  3  8  7  6  4  9  1 14 11 16 18 17 10 13 15 12 24 26 23 21 19 25 27 20 22
 27 19 22 26 21 23 25 24 20 28 29 36 34 35 30 33 31 32 39 38 40 37 42 43 45 41 44 52 47 49 46 54 48 51 50 53 59 56 57 62 61 60 58 63 55  5  2  7  9  8  1  4  6  3 15 17 14 12 10 16 18 11 13
 45 37 40 44 39 41 43 42 38 46 47 54 52 53 48 51 49 50 57 56 58 55 60 61 63 59 62  7  2  4  1  9  3  6  5  8 14 11 12 17 16 15 13 18 10 23 20 25 27 26 19 22 24 21 33 35 32 30 28 34 36 29 31
 18 10 13 17 12 14 16 15 11 19 20 27 25 26 21 24 22 23 30 29 31 28 33 34 36 32 35 43 38 40 37 45 39 42 41 44 50 47 48 53 52 51 49 54 46 59 56 61 63 62 55 58 60 57  6  8  5  3  1  7  9  2  4
 54 46 49 53 48 50 52 51 47 55 56 63 61 62 57 60 58 59  3  2  4  1  6  7  9  5  8 16 11 13 10 18 12 15 14 17 23 20 21 26 25 24 22 27 19 32 29 34 36 35 28 31 33 30 42 44 41 39 37 43 45 38 40
