  3  9  2  4  5  1  7  8  6 11 10 16 12 15 18 17 14 13 19 21 20 23 25 27 22 24 26 36 30 28 35 31 32 33 34 29 39 40 38 41 37 44 45 43 42 50 49 54 51 47 52 48 46 53 56 57 58 60 55 62 63 61 59
 39 45 38 40 41 37 43 44 42 47 46 52 48 51 54 53 50 49 55 57 56 59 61 63 58 60 62  9  3  1  8  4  5  6  7  2 12 13 11 14 10 17 18 16 15 23 22 27 24 20 25 21 19 26 29 30 31 33 28 35 36 34 32
 21 27 20 22 23 19 25 26 24 29 28 34 30 33 36 35 32 31 37 39 38 41 43 45 40 42 44 54 48 46 53 49 50 51 52 47 57 58 56 59 55 62 63 61 60  5  4  9  6  2  7  3  1  8 11 12 13 15 10 17 18 16 14
 30 36 29 31 32 28 34 35 33 38 37 43 39 42 45 44 41 40 46 48 47 50 52 54 49 51 53 63 57 55 62 58 59 60 61 56  3  4  2  5  1  8  9  7  6 14 13 18 15 11 16 12 10 17 20 21 22 24 19 26 27 25 23
 57 63 56 58 59 55 61 62 60  2  1  7  3  6  9  8  5  4 10 12 11 14 16 18 13 15 17 27 21 19 26 22 23 24 25 20 30 31 29 32 28 35 36 34 33 41 40 45 42 38 43 39 37 44 47 48 49 51 46 53 54 52 50
 12 18 11 13 14 10 16 17 15 20 19 25 21 24 27 26 23 22 28 30 29 32 34 36 31 33 35 45 39 37 44 40 41 42 43 38 48 49 47 50 46 53 54 52 51 59 58 63 60 56 61 57 55 62  2  3  4  6  1  8  9  7  5
 48 54 47 49 50 46 52 53 51 56 55 61 57 60 63 62 59 58  1  3  2  5  7  9  4  6  8 18 12 10 17 13 14 15 16 11 21 22 20 23 19 26 27 25 24 32 31 36 33 29 34 30 28 35 38 39 40 42 37 44 45 43 41
  4  1  3  5  6  2  8  9  7 12 11 17 13 16 10 18 15 14 20 22 21 24 26 19 23 25 27 28 31 29 36 32 33 34 35 30 40 41 39 42 38 45 37 44 43 51 50 46 52 48 53 49 47 54 57 58 59 61 56 63 55 62 60
 31 28 30 32 33 29 35 36 34 39 38 44 40 43 37 45 42 41 47 49 48 51 53 46 50 52 54 55 58 56 63 59 60 61 62 57  4  5  3  6  2  9  1  8  7 15 14 10 16 12 17 13 11 18 21 22 23 25 20 27 19 26 24
 49 46 48 50 51 47 53 54 52 57 56 62 58 61 55 63 60 59  2  4  3  6  8  1  5  7  9 10 13 11 18 14 15 16 17 12 22 23 21 24 20 27 19 26 25 33 32 28 34 30 35 31 29 36 39 40 41 43 38 45 37 44 42
 22 19 21 23 24 20 26 27 25 30 29 35 31 34 28 36 33 32 38 40 39 42 44 37 41 43 45 46 49 47 54 50 51 52 53 48 58 59 57 60 56 63 55 62 61  6  5  1  7  3  8  4  2  9 12 13 14 16 11 18 10 17 15
 58 55 57 59 60 56 62 63 61  3  2  8  4  7  1  9  6  5 11 13 12 15 17 10 14 16 18 19 22 20 27 23 24 25 26 21 31 32 30 33 29 36 28 35 34 42 41 37 43 39 44 40 38 45 48 49 50 52 47 54 46 53 51
 13 10 12 14 15 11 17 18 16 21 20 26 22 25 19 27 24 23 29 31 30 33 35 28 32 34 36 37 40 38 45 41 42 43 44 39 49 50 48 51 47 54 46 53 52 60 59 55 61 57 62 58 56 63  3  4  5  7  2  9  1  8  6
 40 37 39 41 42 38 44 45 43 48 47 53 49 52 46 54 51 50 56 58 57 60 62 55 59 61 63  1  4  2  9  5  6  7  8  3 13 14 12 15 11 18 10 17 16 24 23 19 25 21 26 22 20 27 30 31 32 34 29 36 28 35 33
 59 56 58 60 61 57 63 55 62  4  3  9  5  8  2  1  7  6 12 14 13 16 18 11 15 17 10 20 23 21 19 24 25 26 27 22 32 33 31 34 30 28 29 36 35 43 42 38 44 40 45 41 39 37 49 50 51 53 48 46 47 54 52
 50 47 49 51 52 48 54 46 53 58 57 63 59 62 56 55 61 60  3  5  4  7  9  2  6  8  1 11 14 12 10 15 16 17 18 13 23 24 22 25 21 19 20 27 26 34 33 29 35 31 36 32 30 28 40 41 42 44 39 37 38 45 43
 41 38 40 42 43 39 45 37 44 49 48 54 50 53 47 46 52 51 57 59 58 61 63 56 60 62 55  2  5  3  1  6  7  8  9  4 14 15 13 16 12 10 11 18 17 25 24 20 26 22 27 23 21 19 31 32 33 35 30 28 29 36 34
 32 29 31 33 34 30 36 28 35 40 39 45 41 44 38 37 43 42 48 50 49 52 54 47 51 53 46 56 59 57 55 60 61 62 63 58  5  6  4  7  3  1  2  9  8 16 15 11 17 13 18 14 12 10 22 23 24 26 21 19 20 27 25
 23 20 22 24 25 21 27 19 26 31 30 36 32 35 29 28 34 33 39 41 40 43 45 38 42 44 37 47 50 48 46 51 52 53 54 49 59 60 58 61 57 55 56 63 62  7  6  2  8  4  9  5  3  1 13 14 15 17 12 10 11 18 16
 14 11 13 15 16 12 18 10 17 22 21 27 23 26 20 19 25 24 30 32 31 34 36 29 33 35 28 38 41 39 37 42 43 44 45 40 50 51 49 52 48 46 47 54 53 61 60 56 62 58 63 59 57 55  4  5  6  8  3  1  2  9  7
  5  2  4  6  7  3  9  1  8 13 12 18 14 17 11 10 16 15 21 23 22 25 27 20 24 26 19 29 32 30 28 33 34 35 36 31 41 42 40 43 39 37 38 45 44 52 51 47 53 49 54 50 48 46 58 59 60 62 57 55 56 63 61
 60 57 59 61 62 58 55 56 63  5  4  1  6  9  3  2  8  7 13 15 14 17 10 12 16 18 11 21 24 22 20 25 26 27 19 23 33 34 32 35 31 29 30 28 36 44 43 39 45 41 37 42 40 38 50 51 52 54 49 47 48 46 53
 42 39 41 43 44 40 37 38 45 50 49 46 51 54 48 47 53 52 58 60 59 62 55 57 61 63 56  3  6  4  2  7  8  9  1  5 15 16 14 17 13 11 12 10 18 26 25 21 27 23 19 24 22 20 32 33 34 36 31 29 30 28 35
 33 30 32 34 35 31 28 29 36 41 40 37 42 45 39 38 44 43 49 51 50 53 46 48 52 54 47 57 60 58 56 61 62 63 55 59  6  7  5  8  4  2  3  1  9 17 16 12 18 14 10 15 13 11 23 24 25 27 22 20 21 19 26
 24 21 23 25 26 22 19 20 27 32 31 28 33 36 30 29 35 34 40 42 41 44 37 39 43 45 38 48 51 49 47 52 53 54 46 50 60 61 59 62 58 56 57 55 63  8  7  3  9  5  1  6  4  2 14 15 16 18 13 11 12 10 17
 15 12 14 16 17 13 10 11 18 23 22 19 24 27 21 20 26 25 31 33 32 35 28 30 34 36 29 39 42 40 38 43 44 45 37 41 51 52 50 53 49 47 48 46 54 62 61 57 63 59 55 60 58 56  5  6  7  9  4  2  3  1  8
 51 48 50 52 53 49 46 47 54 59 58 55 60 63 57 56 62 61  4  6  5  8  1  3  7  9  2 12 15 13 11 16 17 18 10 14 24 25 23 26 22 20 21 19 27 35 34 30 36 32 28 33 31 29 41 42 43 45 40 38 39 37 44
  6  3  5  7  8  4  1  2  9 14 13 10 15 18 12 11 17 16 22 24 23 26 19 21 25 27 20 30 33 31 29 34 35 36 28 32 42 43 41 44 40 38 39 37 45 53 52 48 54 50 46 51 49 47 59 60 61 63 58 56 57 55 62
 34 31 33 35 36 32 29 30 28 42 41 38 43 37 40 39 45 44 50 52 51 54 47 49 53 46 48 58 61 59 57 62 63 55 56 60  7  8  6  9  5  3  4  2  1 18 17 13 10 15 11 16 14 12 24 25 26 19 23 21 22 20 27
 52 49 51 53 54 50 47 48 46 60 59 56 61 55 58 57 63 62  5  7  6  9  2  4  8  1  3 13 16 14 12 17 18 10 11 15 25 26 24 27 23 21 22 20 19 36 35 31 28 33 29 34 32 30 42 43 44 37 41 39 40 38 45
 16 13 15 17 18 14 11 12 10 24 23 20 25 19 22 21 27 26 32 34 33 36 29 31 35 28 30 40 43 41 39 44 45 37 38 42 52 53 51 54 50 48 49 47 46 63 62 58 55 60 56 61 59 57  6  7  8  1  5  3  4  2  9
 61 58 60 62 63 59 56 57 55  6  5  2  7  1  4  3  9  8 14 16 15 18 11 13 17 10 12 22 25 23 21 26 27 19 20 24 34 35 33 36 32 30 31 29 28 45 44 40 37 42 38 43 41 39 51 52 53 46 50 48 49 47 54
  7  4  6  8  9  5  2  3  1 15 14 11 16 10 13 12 18 17 23 25 24 27 20 22 26 19 21 31 34 32 30 35 36 28 29 33 43 44 42 45 41 39 40 38 37 54 53 49 46 51 47 52 50 48 60 61 62 55 59 57 58 56 63
 25 22 24 26 27 23 20 21 19 33 32 29 34 28 31 30 36 35 41 43 42 45 38 40 44 37 39 49 52 50 48 53 54 46 47 51 61 62 60 63 59 57 58 56 55  9  8  4  1  6  2  7  5  3 15 16 17 10 14 12 13 11 18
 43 40 42 44 45 41 38 39 37 51 50 47 52 46 49 48 54 53 59 61 60 63 56 58 62 55 57  4  7  5  3  8  9  1  2  6 16 17 15 18 14 12 13 11 10 27 26 22 19 24 20 25 23 21 33 34 35 28 32 30 31 29 36
 17 14 16 18 10 15 12 13 11 25 24 21 26 20 23 22 19 27 33 35 34 28 30 32 36 29 31 41 44 42 40 45 37 38 39 43 53 54 52 46 51 49 50 48 47 55 63 59 56 61 57 62 60 58  7  8  9  2  6  4  5  3  1
 35 32 34 36 28 33 30 31 29 43 42 39 44 38 41 40 37 45 51 53 52 46 48 50 54 47 49 59 62 60 58 63 55 56 57 61  8  9  7  1  6  4  5  3  2 10 18 14 11 16 12 17 15 13 25 26 27 20 24 22 23 21 19
 26 23 25 27 19 24 21 22 20 34 33 30 35 29 32 31 28 36 42 44 43 37 39 41 45 38 40 50 53 51 49 54 46 47 48 52 62 63 61 55 60 58 59 57 56  1  9  5  2  7  3  8  6  4 16 17 18 11 15 13 14 12 10
 53 50 52 54 46 51 48 49 47 61 60 57 62 56 59 58 55 63  6  8  7  1  3  5  9  2  4 14 17 15 13 18 10 11 12 16 26 27 25 19 24 22 23 21 20 28 36 32 29 34 30 35 33 31 43 44 45 38 42 40 41 39 37
 62 59 61 63 55 60 57 58 56  7  6  3  8  2  5  4  1  9 15 17 16 10 12 14 18 11 13 23 26 24 22 27 19 20 21 25 35 36 34 28 33 31 32 30 29 37 45 41 38 43 39 44 42 40 52 53 54 47 51 49 50 48 46
 44 41 43 45 37 42 39 40 38 52 51 48 53 47 50 49 46 54 60 62 61 55 57 59 63 56 58  5  8  6  4  9  1  2  3  7 17 18 16 10 15 13 14 12 11 19 27 23 20 25 21 26 24 22 34 35 36 29 33 31 32 30 28
  8  5  7  9  1  6  3  4  2 16 15 12 17 11 14 13 10 18 24 26 25 19 21 23 27 20 22 32 35 33 31 36 28 29 30 34 44 45 43 37 42 40 41 39 38 46 54 50 47 52 48 53 51 49 61 62 63 56 60 58 59 57 55
 36 33 35 28 29 34 31 32 30 44 43 40 45 39 42 41 38 37 52 54 53 47 49 51 46 48 50 60 63 61 59 55 56 57 58 62  9  1  8  2  7  5  6  4  3 11 10 15 12 17 13 18 16 14 26 27 19 21 25 23 24 22 20
 27 24 26 19 20 25 22 23 21 35 34 31 36 30 33 32 29 28 43 45 44 38 40 42 37 39 41 51 54 52 50 46 47 48 49 53 63 55 62 56 61 59 60 58 57  2  1  6  3  8  4  9  7  5 17 18 10 12 16 14 15 13 11
 45 42 44 37 38 43 40 41 39 53 52 49 54 48 51 50 47 46 61 63 62 56 58 60 55 57 59  6  9  7  5  1  2  3  4  8 18 10 17 11 16 14 15 13 12 20 19 24 21 26 22 27 25 23 35 36 28 30 34 32 33 31 29
 18 15 17 10 11 16 13 14 12 26 25 22 27 21 24 23 20 19 34 36 35 29 31 33 28 30 32 42 45 43 41 37 38 39 40 44 54 46 53 47 52 50 51 49 48 56 55 60 57 62 58 63 61 59  8  9  1  3  7  5  6  4  2
 63 60 62 55 56 61 58 59 57  8  7  4  9  3  6  5  2  1 16 18 17 11 13 15 10 12 14 24 27 25 23 19 20 21 22 26 36 28 35 29 34 32 33 31 30 38 37 42 39 44 40 45 43 41 53 54 46 48 52 50 51 49 47
 54 51 53 46 47 52 49 50 48 62 61 58 63 57 60 59 56 55  7  9  8  2  4  6  1  3  5 15 18 16 14 10 11 12 13 17 27 19 26 20 25 23 24 22 21 29 28 33 30 35 31 36 34 32 44 45 37 39 43 41 42 40 38
  9  6  8  1  2  7  4  5  3 17 16 13 18 12 15 14 11 10 25 27 26 20 22 24 19 21 23 33 36 34 32 28 29 30 31 35 45 37 44 38 43 41 42 40 39 47 46 51 48 53 49 54 52 50 62 63 55 57 61 59 60 58 56
 37 43 45 38 39 44 41 42 40 54 53 50 46 49 52 51 48 47 62 55 63 57 59 61 56 58 60  7  1  8  6  2  3  4  5  9 10 11 18 12 17 15 16 14 13 21 20 25 22 27 23 19 26 24 36 28 29 31 35 33 34 32 30
 10 16 18 11 12 17 14 15 13 27 26 23 19 22 25 24 21 20 35 28 36 30 32 34 29 31 33 43 37 44 42 38 39 40 41 45 46 47 54 48 53 51 52 50 49 57 56 61 58 63 59 55 62 60  9  1  2  4  8  6  7  5  3
  1  7  9  2  3  8  5  6  4 18 17 14 10 13 16 15 12 11 26 19 27 21 23 25 20 22 24 34 28 35 33 29 30 31 32 36 37 38 45 39 44 42 43 41 40 48 47 52 49 54 50 46 53 51 63 55 56 58 62 60 61 59 57
 46 52 54 47 48 53 50 51 49 63 62 59 55 58 61 60 57 56  8  1  9  3  5  7  2  4  6 16 10 17 15 11 12 13 14 18 19 20 27 21 26 24 25 23 22 30 29 34 31 36 32 28 35 33 45 37 38 40 44 42 43 41 39
 28 34 36 29 30 35 32 33 31 45 44 41 37 40 43 42 39 38 53 46 54 48 50 52 47 49 51 61 55 62 60 56 57 58 59 63  1  2  9  3  8  6  7  5  4 12 11 16 13 18 14 10 17 15 27 19 20 22 26 24 25 23 21
 19 25 27 20 21 26 23 24 22 36 35 32 28 31 34 33 30 29 44 37 45 39 41 43 38 40 42 52 46 53 51 47 48 49 50 54 55 56 63 57 62 60 61 59 58  3  2  7  4  9  5  1  8  6 18 10 11 13 17 15 16 14 12
 55 61 63 56 57 62 59 60 58  9  8  5  1  4  7  6  3  2 17 10 18 12 14 16 11 13 15 25 19 26 24 20 21 22 23 27 28 29 36 30 35 33 34 32 31 39 38 43 40 45 41 37 44 42 54 46 47 49 53 51 52 50 48
  2  8  1  3  4  9  6  7  5 10 18 15 11 14 17 16 13 12 27 20 19 22 24 26 21 23 25 35 29 36 34 30 31 32 33 28 38 39 37 40 45 43 44 42 41 49 48 53 50 46 51 47 54 52 55 56 57 59 63 61 62 60 58
 38 44 37 39 40 45 42 43 41 46 54 51 47 50 53 52 49 48 63 56 55 58 60 62 57 59 61  8  2  9  7  3  4  5  6  1 11 12 10 13 18 16 17 15 14 22 21 26 23 19 24 20 27 25 28 29 30 32 36 34 35 33 31
 47 53 46 48 49 54 51 52 50 55 63 60 56 59 62 61 58 57  9  2  1  4  6  8  3  5  7 17 11 18 16 12 13 14 15 10 20 21 19 22 27 25 26 24 23 31 30 35 32 28 33 29 36 34 37 38 39 41 45 43 44 42 40
 20 26 19 21 22 27 24 25 23 28 36 33 29 32 35 34 31 30 45 38 37 40 42 44 39 41 43 53 47 54 52 48 49 50 51 46 56 57 55 58 63 61 62 60 59  4  3  8  5  1  6  2  9  7 10 11 12 14 18 16 17 15 13
 56 62 55 57 58 63 60 61 59  1  9  6  2  5  8  7  4  3 18 11 10 13 15 17 12 14 16 26 20 27 25 21 22 23 24 19 29 30 28 31 36 34 35 33 32 40 39 44 41 37 42 38 45 43 46 47 48 50 54 52 53 51 49
 29 35 28 30 31 36 33 34 32 37 45 42 38 41 44 43 40 39 54 47 46 49 51 53 48 50 52 62 56 63 61 57 58 59 60 55  2  3  1  4  9  7  8  6  5 13 12 17 14 10 15 11 18 16 19 20 21 23 27 25 26 24 22
 11 17 10 12 13 18 15 16 14 19 27 24 20 23 26 25 22 21 36 29 28 31 33 35 30 32 34 44 38 45 43 39 40 41 42 37 47 48 46 49 54 52 53 51 50 58 57 62 59 55 60 56 63 61  1  2  3  5  9  7  8  6  4
