 20 15 18 14 17 16 12 19 11 13  6 10  2  8  1  5  7  9  4  3
 10  5  8  4  7  6  2  9  1  3 16 20 12 18 11 15 17 19 14 13
 11 16 19 15 18 17 13 20 12 14  7  1  3  9  2  6  8 10  5  4
  1  6  9  5  8  7  3 10  2  4 17 11 13 19 12 16 18 20 15 14
  2  7 10  6  9  8  4  1  3  5 18 12 14 20 13 17 19 11 16 15
 12 17 20 16 19 18 14 11 13 15  8  2  4 10  3  7  9  1  6  5
  3  8  1  7 10  9  5  2  4  6 19 13 15 11 14 18 20 12 17 16
 13 18 11 17 20 19 15 12 14 16  9  3  5  1  4  8 10  2  7  6
  4  9  2  8  1 10  6  3  5  7 20 14 16 12 15 19 11 13 18 17
 14 19 12 18 11 20 16 13 15 17 10  4  6  2  5  9  1  3  8  7
 15 20 13 19 12 11 17 14 16 18  1  5  7  3  6 10  2  4  9  8
  5 10  3  9  2  1  7  4  6  8 11 15 17 13 16 20 12 14 19 18
 16 11 14 20 13 12 18 15 17 19  2  6  8  4  7  1  3  5 10  9
  6  1  4 10  3  2  8  5  7  9 12 16 18 14 17 11 13 15 20 19
 17 12 15 11 14 13 19 16 18 20  3  7  9  5  8  2  4  6  1 10
  7  2  5  1  4  3  9  6  8 10 13 17 19 15 18 12 14 16 11 20
 18 13 16 12 15 14 20 17 19 11  4  8 10  6  9  3  5  7  2  1
  8  3  6  2  5  4 10  7  9  1 14 18 20 16 19 13 15 17 12 11
 19 14 17 13 16 15 11 18 20 12  5  9  1  7 10  4  6  8  3  2
  9  4  7  3  6  5  1  8 10  2 15 19 11 17 20 14 16 18 13 12
