 18 17 13 16 12 14 15 10 11  4  5  6  7  8  9  1  2  3
  9  8  4  7  3  5  6  1  2 13 14 15 16 17 18 10 11 12
 10 18 14 17 13 15 16 11 12  5  6  7  8  9  1  2  3  4
  1  9  5  8  4  6  7  2  3 14 15 16 17 18 10 11 12 13
  2  1  6  9  5  7  8  3  4 15 16 17 18 10 11 12 13 14
 11 10 15 18 14 16 17 12 13  6  7  8  9  1  2  3  4  5
 12 11 16 10 15 17 18 13 14  7  8  9  1  2  3  4  5  6
  3  2  7  1  6  8  9  4  5 16 17 18 10 11 12 13 14 15
 13 12 17 11 16 18 10 14 15  8  9  1  2  3  4  5  6  7
  4  3  8  2  7  9  1  5  6 17 18 10 11 12 13 14 15 16
  5  4  9  3  8  1  2  6  7 18 10 11 12 13 14 15 16 17
 14 13 18 12 17 10 11 15 16  9  1  2  3  4  5  6  7  8
  6  5  1  4  9  2  3  7  8 10 11 12 13 14 15 16 17 18
 15 14 10 13 18 11 12 16 17  1  2  3  4  5  6  7  8  9
 16 15 11 14 10 12 13 17 18  2  3  4  5  6  7  8  9  1
  7  6  2  5  1  3  4  8  9 11 12 13 14 15 16 17 18 10
 17 16 12 15 11 13 14 18 10  3  4  5  6  7  8  9  1  2
  8  7  3  6  2  4  5  9  1 12 13 14 15 16 17 18 10 11
