 24 23 21 17 20 18 22 19 31 25 26 32 27 28 29 30 39 38 35 34 40 33 36 37 41 48 44 43 47 46 45 42 54 53 49 51 55 52 50 56 60 64 57 58 61 62 59 63 67 69 65 70 68 72 66 71  6  1  4  5  7  2  8  3 16 13 10 12 15 11 14  9
 72 71 69 65 68 66 70 67  7  1  2  8  3  4  5  6 15 14 11 10 16  9 12 13 17 24 20 19 23 22 21 18 30 29 25 27 31 28 26 32 36 40 33 34 37 38 35 39 43 45 41 46 44 48 42 47 54 49 52 53 55 50 56 51 64 61 58 60 63 59 62 57
 64 63 61 57 60 58 62 59 71 65 66 72 67 68 69 70  7  6  3  2  8  1  4  5  9 16 12 11 15 14 13 10 22 21 17 19 23 20 18 24 28 32 25 26 29 30 27 31 35 37 33 38 36 40 34 39 46 41 44 45 47 42 48 43 56 53 50 52 55 51 54 49
 48 47 45 41 44 42 46 43 55 49 50 56 51 52 53 54 63 62 59 58 64 57 60 61 65 72 68 67 71 70 69 66  6  5  1  3  7  4  2  8 12 16  9 10 13 14 11 15 19 21 17 22 20 24 18 23 30 25 28 29 31 26 32 27 40 37 34 36 39 35 38 33
 32 31 29 25 28 26 30 27 39 33 34 40 35 36 37 38 47 46 43 42 48 41 44 45 49 56 52 51 55 54 53 50 62 61 57 59 63 60 58 64 68 72 65 66 69 70 67 71  3  5  1  6  4  8  2  7 14  9 12 13 15 10 16 11 24 21 18 20 23 19 22 17
 40 39 37 33 36 34 38 35 47 41 42 48 43 44 45 46 55 54 51 50 56 49 52 53 57 64 60 59 63 62 61 58 70 69 65 67 71 68 66 72  4  8  1  2  5  6  3  7 11 13  9 14 12 16 10 15 22 17 20 21 23 18 24 19 32 29 26 28 31 27 30 25
 56 55 53 49 52 50 54 51 63 57 58 64 59 60 61 62 71 70 67 66 72 65 68 69  1  8  4  3  7  6  5  2 14 13  9 11 15 12 10 16 20 24 17 18 21 22 19 23 27 29 25 30 28 32 26 31 38 33 36 37 39 34 40 35 48 45 42 44 47 43 46 41
  8  7  5  1  4  2  6  3 15  9 10 16 11 12 13 14 23 22 19 18 24 17 20 21 25 32 28 27 31 30 29 26 38 37 33 35 39 36 34 40 44 48 41 42 45 46 43 47 51 53 49 54 52 56 50 55 62 57 60 61 63 58 64 59 72 69 66 68 71 67 70 65
 16 15 13  9 12 10 14 11 23 17 18 24 19 20 21 22 31 30 27 26 32 25 28 29 33 40 36 35 39 38 37 34 46 45 41 43 47 44 42 48 52 56 49 50 53 54 51 55 59 61 57 62 60 64 58 63 70 65 68 69 71 66 72 67  8  5  2  4  7  3  6  1
  1  8  6  2  5  3  7  4 16 10 11  9 12 13 14 15 24 23 20 19 17 18 21 22 26 25 29 28 32 31 30 27 39 38 34 36 40 37 35 33 45 41 42 43 46 47 44 48 52 54 50 55 53 49 51 56 63 58 61 62 64 59 57 60 65 70 67 69 72 68 71 66
 57 64 62 58 61 59 63 60 72 66 67 65 68 69 70 71  8  7  4  3  1  2  5  6 10  9 13 12 16 15 14 11 23 22 18 20 24 21 19 17 29 25 26 27 30 31 28 32 36 38 34 39 37 33 35 40 47 42 45 46 48 43 41 44 49 54 51 53 56 52 55 50
 25 32 30 26 29 27 31 28 40 34 35 33 36 37 38 39 48 47 44 43 41 42 45 46 50 49 53 52 56 55 54 51 63 62 58 60 64 61 59 57 69 65 66 67 70 71 68 72  4  6  2  7  5  1  3  8 15 10 13 14 16 11  9 12 17 22 19 21 24 20 23 18
 65 72 70 66 69 67 71 68  8  2  3  1  4  5  6  7 16 15 12 11  9 10 13 14 18 17 21 20 24 23 22 19 31 30 26 28 32 29 27 25 37 33 34 35 38 39 36 40 44 46 42 47 45 41 43 48 55 50 53 54 56 51 49 52 57 62 59 61 64 60 63 58
  9 16 14 10 13 11 15 12 24 18 19 17 20 21 22 23 32 31 28 27 25 26 29 30 34 33 37 36 40 39 38 35 47 46 42 44 48 45 43 41 53 49 50 51 54 55 52 56 60 62 58 63 61 57 59 64 71 66 69 70 72 67 65 68  1  6  3  5  8  4  7  2
 49 56 54 50 53 51 55 52 64 58 59 57 60 61 62 63 72 71 68 67 65 66 69 70  2  1  5  4  8  7  6  3 15 14 10 12 16 13 11  9 21 17 18 19 22 23 20 24 28 30 26 31 29 25 27 32 39 34 37 38 40 35 33 36 41 46 43 45 48 44 47 42
 17 24 22 18 21 19 23 20 32 26 27 25 28 29 30 31 40 39 36 35 33 34 37 38 42 41 45 44 48 47 46 43 55 54 50 52 56 53 51 49 61 57 58 59 62 63 60 64 68 70 66 71 69 65 67 72  7  2  5  6  8  3  1  4  9 14 11 13 16 12 15 10
 41 48 46 42 45 43 47 44 56 50 51 49 52 53 54 55 64 63 60 59 57 58 61 62 66 65 69 68 72 71 70 67  7  6  2  4  8  5  3  1 13  9 10 11 14 15 12 16 20 22 18 23 21 17 19 24 31 26 29 30 32 27 25 28 33 38 35 37 40 36 39 34
 33 40 38 34 37 35 39 36 48 42 43 41 44 45 46 47 56 55 52 51 49 50 53 54 58 57 61 60 64 63 62 59 71 70 66 68 72 69 67 65  5  1  2  3  6  7  4  8 12 14 10 15 13  9 11 16 23 18 21 22 24 19 17 20 25 30 27 29 32 28 31 26
 58 57 63 59 62 60 64 61 65 67 68 66 69 70 71 72  1  8  5  4  2  3  6  7 11 10 14 13  9 16 15 12 24 23 19 21 17 22 20 18 30 26 27 28 31 32 29 25 37 39 35 40 38 34 36 33 48 43 46 47 41 44 42 45 50 55 52 54 49 53 56 51
 26 25 31 27 30 28 32 29 33 35 36 34 37 38 39 40 41 48 45 44 42 43 46 47 51 50 54 53 49 56 55 52 64 63 59 61 57 62 60 58 70 66 67 68 71 72 69 65  5  7  3  8  6  2  4  1 16 11 14 15  9 12 10 13 18 23 20 22 17 21 24 19
 66 65 71 67 70 68 72 69  1  3  4  2  5  6  7  8  9 16 13 12 10 11 14 15 19 18 22 21 17 24 23 20 32 31 27 29 25 30 28 26 38 34 35 36 39 40 37 33 45 47 43 48 46 42 44 41 56 51 54 55 49 52 50 53 58 63 60 62 57 61 64 59
 10  9 15 11 14 12 16 13 17 19 20 18 21 22 23 24 25 32 29 28 26 27 30 31 35 34 38 37 33 40 39 36 48 47 43 45 41 46 44 42 54 50 51 52 55 56 53 49 61 63 59 64 62 58 60 57 72 67 70 71 65 68 66 69  2  7  4  6  1  5  8  3
 42 41 47 43 46 44 48 45 49 51 52 50 53 54 55 56 57 64 61 60 58 59 62 63 67 66 70 69 65 72 71 68  8  7  3  5  1  6  4  2 14 10 11 12 15 16 13  9 21 23 19 24 22 18 20 17 32 27 30 31 25 28 26 29 34 39 36 38 33 37 40 35
 34 33 39 35 38 36 40 37 41 43 44 42 45 46 47 48 49 56 53 52 50 51 54 55 59 58 62 61 57 64 63 60 72 71 67 69 65 70 68 66  6  2  3  4  7  8  5  1 13 15 11 16 14 10 12  9 24 19 22 23 17 20 18 21 26 31 28 30 25 29 32 27
  2  1  7  3  6  4  8  5  9 11 12 10 13 14 15 16 17 24 21 20 18 19 22 23 27 26 30 29 25 32 31 28 40 39 35 37 33 38 36 34 46 42 43 44 47 48 45 41 53 55 51 56 54 50 52 49 64 59 62 63 57 60 58 61 66 71 68 70 65 69 72 67
 18 17 23 19 22 20 24 21 25 27 28 26 29 30 31 32 33 40 37 36 34 35 38 39 43 42 46 45 41 48 47 44 56 55 51 53 49 54 52 50 62 58 59 60 63 64 61 57 69 71 67 72 70 66 68 65  8  3  6  7  1  4  2  5 10 15 12 14  9 13 16 11
 50 49 55 51 54 52 56 53 57 59 60 58 61 62 63 64 65 72 69 68 66 67 70 71  3  2  6  5  1  8  7  4 16 15 11 13  9 14 12 10 22 18 19 20 23 24 21 17 29 31 27 32 30 26 28 25 40 35 38 39 33 36 34 37 42 47 44 46 41 45 48 43
 27 26 32 28 31 29 25 30 34 36 37 35 38 39 40 33 42 41 46 45 43 44 47 48 52 51 55 54 50 49 56 53 57 64 60 62 58 63 61 59 71 67 68 69 72 65 70 66  6  8  4  1  7  3  5  2  9 12 15 16 10 13 11 14 19 24 21 23 18 22 17 20
 35 34 40 36 39 37 33 38 42 44 45 43 46 47 48 41 50 49 54 53 51 52 55 56 60 59 63 62 58 57 64 61 65 72 68 70 66 71 69 67  7  3  4  5  8  1  6  2 14 16 12  9 15 11 13 10 17 20 23 24 18 21 19 22 27 32 29 31 26 30 25 28
  3  2  8  4  7  5  1  6 10 12 13 11 14 15 16  9 18 17 22 21 19 20 23 24 28 27 31 30 26 25 32 29 33 40 36 38 34 39 37 35 47 43 44 45 48 41 46 42 54 56 52 49 55 51 53 50 57 60 63 64 58 61 59 62 67 72 69 71 66 70 65 68
 51 50 56 52 55 53 49 54 58 60 61 59 62 63 64 57 66 65 70 69 67 68 71 72  4  3  7  6  2  1  8  5  9 16 12 14 10 15 13 11 23 19 20 21 24 17 22 18 30 32 28 25 31 27 29 26 33 36 39 40 34 37 35 38 43 48 45 47 42 46 41 44
 11 10 16 12 15 13  9 14 18 20 21 19 22 23 24 17 26 25 30 29 27 28 31 32 36 35 39 38 34 33 40 37 41 48 44 46 42 47 45 43 55 51 52 53 56 49 54 50 62 64 60 57 63 59 61 58 65 68 71 72 66 69 67 70  3  8  5  7  2  6  1  4
 67 66 72 68 71 69 65 70  2  4  5  3  6  7  8  1 10  9 14 13 11 12 15 16 20 19 23 22 18 17 24 21 25 32 28 30 26 31 29 27 39 35 36 37 40 33 38 34 46 48 44 41 47 43 45 42 49 52 55 56 50 53 51 54 59 64 61 63 58 62 57 60
 59 58 64 60 63 61 57 62 66 68 69 67 70 71 72 65  2  1  6  5  3  4  7  8 12 11 15 14 10  9 16 13 17 24 20 22 18 23 21 19 31 27 28 29 32 25 30 26 38 40 36 33 39 35 37 34 41 44 47 48 42 45 43 46 51 56 53 55 50 54 49 52
 19 18 24 20 23 21 17 22 26 28 29 27 30 31 32 25 34 33 38 37 35 36 39 40 44 43 47 46 42 41 48 45 49 56 52 54 50 55 53 51 63 59 60 61 64 57 62 58 70 72 68 65 71 67 69 66  1  4  7  8  2  5  3  6 11 16 13 15 10 14  9 12
 43 42 48 44 47 45 41 46 50 52 53 51 54 55 56 49 58 57 62 61 59 60 63 64 68 67 71 70 66 65 72 69  1  8  4  6  2  7  5  3 15 11 12 13 16  9 14 10 22 24 20 17 23 19 21 18 25 28 31 32 26 29 27 30 35 40 37 39 34 38 33 36
  4  3  1  5  8  6  2  7 11 13 14 12 15 16  9 10 19 18 23 22 20 21 24 17 29 28 32 31 27 26 25 30 34 33 37 39 35 40 38 36 48 44 45 46 41 42 47 43 55 49 53 50 56 52 54 51 58 61 64 57 59 62 60 63 68 65 70 72 67 71 66 69
 12 11  9 13 16 14 10 15 19 21 22 20 23 24 17 18 27 26 31 30 28 29 32 25 37 36 40 39 35 34 33 38 42 41 45 47 43 48 46 44 56 52 53 54 49 50 55 51 63 57 61 58 64 60 62 59 66 69 72 65 67 70 68 71  4  1  6  8  3  7  2  5
 44 43 41 45 48 46 42 47 51 53 54 52 55 56 49 50 59 58 63 62 60 61 64 57 69 68 72 71 67 66 65 70  2  1  5  7  3  8  6  4 16 12 13 14  9 10 15 11 23 17 21 18 24 20 22 19 26 29 32 25 27 30 28 31 36 33 38 40 35 39 34 37
 68 67 65 69 72 70 66 71  3  5  6  4  7  8  1  2 11 10 15 14 12 13 16  9 21 20 24 23 19 18 17 22 26 25 29 31 27 32 30 28 40 36 37 38 33 34 39 35 47 41 45 42 48 44 46 43 50 53 56 49 51 54 52 55 60 57 62 64 59 63 58 61
 60 59 57 61 64 62 58 63 67 69 70 68 71 72 65 66  3  2  7  6  4  5  8  1 13 12 16 15 11 10  9 14 18 17 21 23 19 24 22 20 32 28 29 30 25 26 31 27 39 33 37 34 40 36 38 35 42 45 48 41 43 46 44 47 52 49 54 56 51 55 50 53
 20 19 17 21 24 22 18 23 27 29 30 28 31 32 25 26 35 34 39 38 36 37 40 33 45 44 48 47 43 42 41 46 50 49 53 55 51 56 54 52 64 60 61 62 57 58 63 59 71 65 69 66 72 68 70 67  2  5  8  1  3  6  4  7 12  9 14 16 11 15 10 13
 52 51 49 53 56 54 50 55 59 61 62 60 63 64 57 58 67 66 71 70 68 69 72 65  5  4  8  7  3  2  1  6 10  9 13 15 11 16 14 12 24 20 21 22 17 18 23 19 31 25 29 26 32 28 30 27 34 37 40 33 35 38 36 39 44 41 46 48 43 47 42 45
 36 35 33 37 40 38 34 39 43 45 46 44 47 48 41 42 51 50 55 54 52 53 56 49 61 60 64 63 59 58 57 62 66 65 69 71 67 72 70 68  8  4  5  6  1  2  7  3 15  9 13 10 16 12 14 11 18 21 24 17 19 22 20 23 28 25 30 32 27 31 26 29
 28 27 25 29 32 30 26 31 35 37 38 36 39 40 33 34 43 42 47 46 44 45 48 41 53 52 56 55 51 50 49 54 58 57 61 63 59 64 62 60 72 68 69 70 65 66 71 67  7  1  5  2  8  4  6  3 10 13 16  9 11 14 12 15 20 17 22 24 19 23 18 21
 53 52 50 54 49 55 51 56 60 62 63 61 64 57 58 59 68 67 72 71 69 70 65 66  6  5  1  8  4  3  2  7 11 10 14 16 12  9 15 13 17 21 22 23 18 19 24 20 32 26 30 27 25 29 31 28 35 38 33 34 36 39 37 40 45 42 47 41 44 48 43 46
 45 44 42 46 41 47 43 48 52 54 55 53 56 49 50 51 60 59 64 63 61 62 57 58 70 69 65 72 68 67 66 71  3  2  6  8  4  1  7  5  9 13 14 15 10 11 16 12 24 18 22 19 17 21 23 20 27 30 25 26 28 31 29 32 37 34 39 33 36 40 35 38
 13 12 10 14  9 15 11 16 20 22 23 21 24 17 18 19 28 27 32 31 29 30 25 26 38 37 33 40 36 35 34 39 43 42 46 48 44 41 47 45 49 53 54 55 50 51 56 52 64 58 62 59 57 61 63 60 67 70 65 66 68 71 69 72  5  2  7  1  4  8  3  6
  5  4  2  6  1  7  3  8 12 14 15 13 16  9 10 11 20 19 24 23 21 22 17 18 30 29 25 32 28 27 26 31 35 34 38 40 36 33 39 37 41 45 46 47 42 43 48 44 56 50 54 51 49 53 55 52 59 62 57 58 60 63 61 64 69 66 71 65 68 72 67 70
 61 60 58 62 57 63 59 64 68 70 71 69 72 65 66 67  4  3  8  7  5  6  1  2 14 13  9 16 12 11 10 15 19 18 22 24 20 17 23 21 25 29 30 31 26 27 32 28 40 34 38 35 33 37 39 36 43 46 41 42 44 47 45 48 53 50 55 49 52 56 51 54
 69 68 66 70 65 71 67 72  4  6  7  5  8  1  2  3 12 11 16 15 13 14  9 10 22 21 17 24 20 19 18 23 27 26 30 32 28 25 31 29 33 37 38 39 34 35 40 36 48 42 46 43 41 45 47 44 51 54 49 50 52 55 53 56 61 58 63 57 60 64 59 62
 29 28 26 30 25 31 27 32 36 38 39 37 40 33 34 35 44 43 48 47 45 46 41 42 54 53 49 56 52 51 50 55 59 58 62 64 60 57 63 61 65 69 70 71 66 67 72 68  8  2  6  3  1  5  7  4 11 14  9 10 12 15 13 16 21 18 23 17 20 24 19 22
 21 20 18 22 17 23 19 24 28 30 31 29 32 25 26 27 36 35 40 39 37 38 33 34 46 45 41 48 44 43 42 47 51 50 54 56 52 49 55 53 57 61 62 63 58 59 64 60 72 66 70 67 65 69 71 68  3  6  1  2  4  7  5  8 13 10 15  9 12 16 11 14
 37 36 34 38 33 39 35 40 44 46 47 45 48 41 42 43 52 51 56 55 53 54 49 50 62 61 57 64 60 59 58 63 67 66 70 72 68 65 71 69  1  5  6  7  2  3  8  4 16 10 14 11  9 13 15 12 19 22 17 18 20 23 21 24 29 26 31 25 28 32 27 30
 30 29 27 31 26 32 28 25 37 39 40 38 33 34 35 36 45 44 41 48 46 47 42 43 55 54 50 49 53 52 51 56 60 59 63 57 61 58 64 62 66 70 71 72 67 68 65 69  1  3  7  4  2  6  8  5 12 15 10 11 13 16 14  9 22 19 24 18 21 17 20 23
 54 53 51 55 50 56 52 49 61 63 64 62 57 58 59 60 69 68 65 72 70 71 66 67  7  6  2  1  5  4  3  8 12 11 15  9 13 10 16 14 18 22 23 24 19 20 17 21 25 27 31 28 26 30 32 29 36 39 34 35 37 40 38 33 46 43 48 42 45 41 44 47
 22 21 19 23 18 24 20 17 29 31 32 30 25 26 27 28 37 36 33 40 38 39 34 35 47 46 42 41 45 44 43 48 52 51 55 49 53 50 56 54 58 62 63 64 59 60 57 61 65 67 71 68 66 70 72 69  4  7  2  3  5  8  6  1 14 11 16 10 13  9 12 15
  6  5  3  7  2  8  4  1 13 15 16 14  9 10 11 12 21 20 17 24 22 23 18 19 31 30 26 25 29 28 27 32 36 35 39 33 37 34 40 38 42 46 47 48 43 44 41 45 49 51 55 52 50 54 56 53 60 63 58 59 61 64 62 57 70 67 72 66 69 65 68 71
 38 37 35 39 34 40 36 33 45 47 48 46 41 42 43 44 53 52 49 56 54 55 50 51 63 62 58 57 61 60 59 64 68 67 71 65 69 66 72 70  2  6  7  8  3  4  1  5  9 11 15 12 10 14 16 13 20 23 18 19 21 24 22 17 30 27 32 26 29 25 28 31
 62 61 59 63 58 64 60 57 69 71 72 70 65 66 67 68  5  4  1  8  6  7  2  3 15 14 10  9 13 12 11 16 20 19 23 17 21 18 24 22 26 30 31 32 27 28 25 29 33 35 39 36 34 38 40 37 44 47 42 43 45 48 46 41 54 51 56 50 53 49 52 55
 46 45 43 47 42 48 44 41 53 55 56 54 49 50 51 52 61 60 57 64 62 63 58 59 71 70 66 65 69 68 67 72  4  3  7  1  5  2  8  6 10 14 15 16 11 12  9 13 17 19 23 20 18 22 24 21 28 31 26 27 29 32 30 25 38 35 40 34 37 33 36 39
 70 69 67 71 66 72 68 65  5  7  8  6  1  2  3  4 13 12  9 16 14 15 10 11 23 22 18 17 21 20 19 24 28 27 31 25 29 26 32 30 34 38 39 40 35 36 33 37 41 43 47 44 42 46 48 45 52 55 50 51 53 56 54 49 62 59 64 58 61 57 60 63
 14 13 11 15 10 16 12  9 21 23 24 22 17 18 19 20 29 28 25 32 30 31 26 27 39 38 34 33 37 36 35 40 44 43 47 41 45 42 48 46 50 54 55 56 51 52 49 53 57 59 63 60 58 62 64 61 68 71 66 67 69 72 70 65  6  3  8  2  5  1  4  7
 71 70 68 72 67 65 69 66  6  8  1  7  2  3  4  5 14 13 10  9 15 16 11 12 24 23 19 18 22 21 20 17 29 28 32 26 30 27 25 31 35 39 40 33 36 37 34 38 42 44 48 45 43 47 41 46 53 56 51 52 54 49 55 50 63 60 57 59 62 58 61 64
  7  6  4  8  3  1  5  2 14 16  9 15 10 11 12 13 22 21 18 17 23 24 19 20 32 31 27 26 30 29 28 25 37 36 40 34 38 35 33 39 43 47 48 41 44 45 42 46 50 52 56 53 51 55 49 54 61 64 59 60 62 57 63 58 71 68 65 67 70 66 69 72
 55 54 52 56 51 49 53 50 62 64 57 63 58 59 60 61 70 69 66 65 71 72 67 68  8  7  3  2  6  5  4  1 13 12 16 10 14 11  9 15 19 23 24 17 20 21 18 22 26 28 32 29 27 31 25 30 37 40 35 36 38 33 39 34 47 44 41 43 46 42 45 48
 47 46 44 48 43 41 45 42 54 56 49 55 50 51 52 53 62 61 58 57 63 64 59 60 72 71 67 66 70 69 68 65  5  4  8  2  6  3  1  7 11 15 16  9 12 13 10 14 18 20 24 21 19 23 17 22 29 32 27 28 30 25 31 26 39 36 33 35 38 34 37 40
 63 62 60 64 59 57 61 58 70 72 65 71 66 67 68 69  6  5  2  1  7  8  3  4 16 15 11 10 14 13 12  9 21 20 24 18 22 19 17 23 27 31 32 25 28 29 26 30 34 36 40 37 35 39 33 38 45 48 43 44 46 41 47 42 55 52 49 51 54 50 53 56
 31 30 28 32 27 25 29 26 38 40 33 39 34 35 36 37 46 45 42 41 47 48 43 44 56 55 51 50 54 53 52 49 61 60 64 58 62 59 57 63 67 71 72 65 68 69 66 70  2  4  8  5  3  7  1  6 13 16 11 12 14  9 15 10 23 20 17 19 22 18 21 24
 23 22 20 24 19 17 21 18 30 32 25 31 26 27 28 29 38 37 34 33 39 40 35 36 48 47 43 42 46 45 44 41 53 52 56 50 54 51 49 55 59 63 64 57 60 61 58 62 66 68 72 69 67 71 65 70  5  8  3  4  6  1  7  2 15 12  9 11 14 10 13 16
 39 38 36 40 35 33 37 34 46 48 41 47 42 43 44 45 54 53 50 49 55 56 51 52 64 63 59 58 62 61 60 57 69 68 72 66 70 67 65 71  3  7  8  1  4  5  2  6 10 12 16 13 11 15  9 14 21 24 19 20 22 17 23 18 31 28 25 27 30 26 29 32
 15 14 12 16 11  9 13 10 22 24 17 23 18 19 20 21 30 29 26 25 31 32 27 28 40 39 35 34 38 37 36 33 45 44 48 42 46 43 41 47 51 55 56 49 52 53 50 54 58 60 64 61 59 63 57 62 69 72 67 68 70 65 71 66  7  4  1  3  6  2  5  8
