 61 58 57 64 63 60 62 59 70 65 72 71 66 69 68 67  5  3  4  2  7  8  1  6 15 10 16 13  9 11 14 12 19 18 23 20 17 24 22 21 30 32 26 31 28 25 29 27 38 40 39 35 37 36 33 34 41 47 46 44 43 45 42 48 50 55 52 51 49 56 53 54
 45 42 41 48 47 44 46 43 54 49 56 55 50 53 52 51 61 59 60 58 63 64 57 62 71 66 72 69 65 67 70 68  3  2  7  4  1  8  6  5 14 16 10 15 12  9 13 11 22 24 23 19 21 20 17 18 25 31 30 28 27 29 26 32 34 39 36 35 33 40 37 38
 13 10  9 16 15 12 14 11 22 17 24 23 18 21 20 19 29 27 28 26 31 32 25 30 39 34 40 37 33 35 38 36 43 42 47 44 41 48 46 45 54 56 50 55 52 49 53 51 62 64 63 59 61 60 57 58 65 71 70 68 67 69 66 72  2  7  4  3  1  8  5  6
 37 34 33 40 39 36 38 35 46 41 48 47 42 45 44 43 53 51 52 50 55 56 49 54 63 58 64 61 57 59 62 60 67 66 71 68 65 72 70 69  6  8  2  7  4  1  5  3 14 16 15 11 13 12  9 10 17 23 22 20 19 21 18 24 26 31 28 27 25 32 29 30
  5  2  1  8  7  4  6  3 14  9 16 15 10 13 12 11 21 19 20 18 23 24 17 22 31 26 32 29 25 27 30 28 35 34 39 36 33 40 38 37 46 48 42 47 44 41 45 43 54 56 55 51 53 52 49 50 57 63 62 60 59 61 58 64 66 71 68 67 65 72 69 70
 21 18 17 24 23 20 22 19 30 25 32 31 26 29 28 27 37 35 36 34 39 40 33 38 47 42 48 45 41 43 46 44 51 50 55 52 49 56 54 53 62 64 58 63 60 57 61 59 70 72 71 67 69 68 65 66  1  7  6  4  3  5  2  8 10 15 12 11  9 16 13 14
 69 66 65 72 71 68 70 67  6  1  8  7  2  5  4  3 13 11 12 10 15 16  9 14 23 18 24 21 17 19 22 20 27 26 31 28 25 32 30 29 38 40 34 39 36 33 37 35 46 48 47 43 45 44 41 42 49 55 54 52 51 53 50 56 58 63 60 59 57 64 61 62
 53 50 49 56 55 52 54 51 62 57 64 63 58 61 60 59 69 67 68 66 71 72 65 70  7  2  8  5  1  3  6  4 11 10 15 12  9 16 14 13 22 24 18 23 20 17 21 19 30 32 31 27 29 28 25 26 33 39 38 36 35 37 34 40 42 47 44 43 41 48 45 46
 29 26 25 32 31 28 30 27 38 33 40 39 34 37 36 35 45 43 44 42 47 48 41 46 55 50 56 53 49 51 54 52 59 58 63 60 57 64 62 61 70 72 66 71 68 65 69 67  6  8  7  3  5  4  1  2  9 15 14 12 11 13 10 16 18 23 20 19 17 24 21 22
 14 11 10  9 16 13 15 12 23 18 17 24 19 22 21 20 30 28 29 27 32 25 26 31 40 35 33 38 34 36 39 37 44 43 48 45 42 41 47 46 55 49 51 56 53 50 54 52 63 57 64 60 62 61 58 59 66 72 71 69 68 70 67 65  3  8  5  4  2  1  6  7
 46 43 42 41 48 45 47 44 55 50 49 56 51 54 53 52 62 60 61 59 64 57 58 63 72 67 65 70 66 68 71 69  4  3  8  5  2  1  7  6 15  9 11 16 13 10 14 12 23 17 24 20 22 21 18 19 26 32 31 29 28 30 27 25 35 40 37 36 34 33 38 39
  6  3  2  1  8  5  7  4 15 10  9 16 11 14 13 12 22 20 21 19 24 17 18 23 32 27 25 30 26 28 31 29 36 35 40 37 34 33 39 38 47 41 43 48 45 42 46 44 55 49 56 52 54 53 50 51 58 64 63 61 60 62 59 57 67 72 69 68 66 65 70 71
 70 67 66 65 72 69 71 68  7  2  1  8  3  6  5  4 14 12 13 11 16  9 10 15 24 19 17 22 18 20 23 21 28 27 32 29 26 25 31 30 39 33 35 40 37 34 38 36 47 41 48 44 46 45 42 43 50 56 55 53 52 54 51 49 59 64 61 60 58 57 62 63
 54 51 50 49 56 53 55 52 63 58 57 64 59 62 61 60 70 68 69 67 72 65 66 71  8  3  1  6  2  4  7  5 12 11 16 13 10  9 15 14 23 17 19 24 21 18 22 20 31 25 32 28 30 29 26 27 34 40 39 37 36 38 35 33 43 48 45 44 42 41 46 47
 38 35 34 33 40 37 39 36 47 42 41 48 43 46 45 44 54 52 53 51 56 49 50 55 64 59 57 62 58 60 63 61 68 67 72 69 66 65 71 70  7  1  3  8  5  2  6  4 15  9 16 12 14 13 10 11 18 24 23 21 20 22 19 17 27 32 29 28 26 25 30 31
 30 27 26 25 32 29 31 28 39 34 33 40 35 38 37 36 46 44 45 43 48 41 42 47 56 51 49 54 50 52 55 53 60 59 64 61 58 57 63 62 71 65 67 72 69 66 70 68  7  1  8  4  6  5  2  3 10 16 15 13 12 14 11  9 19 24 21 20 18 17 22 23
 22 19 18 17 24 21 23 20 31 26 25 32 27 30 29 28 38 36 37 35 40 33 34 39 48 43 41 46 42 44 47 45 52 51 56 53 50 49 55 54 63 57 59 64 61 58 62 60 71 65 72 68 70 69 66 67  2  8  7  5  4  6  3  1 11 16 13 12 10  9 14 15
 62 59 58 57 64 61 63 60 71 66 65 72 67 70 69 68  6  4  5  3  8  1  2  7 16 11  9 14 10 12 15 13 20 19 24 21 18 17 23 22 31 25 27 32 29 26 30 28 39 33 40 36 38 37 34 35 42 48 47 45 44 46 43 41 51 56 53 52 50 49 54 55
  7  4  3  2  1  6  8  5 16 11 10  9 12 15 14 13 23 21 22 20 17 18 19 24 25 28 26 31 27 29 32 30 37 36 33 38 35 34 40 39 48 42 44 41 46 43 47 45 56 50 49 53 55 54 51 52 59 57 64 62 61 63 60 58 68 65 70 69 67 66 71 72
 15 12 11 10  9 14 16 13 24 19 18 17 20 23 22 21 31 29 30 28 25 26 27 32 33 36 34 39 35 37 40 38 45 44 41 46 43 42 48 47 56 50 52 49 54 51 55 53 64 58 57 61 63 62 59 60 67 65 72 70 69 71 68 66  4  1  6  5  3  2  7  8
 71 68 67 66 65 70 72 69  8  3  2  1  4  7  6  5 15 13 14 12  9 10 11 16 17 20 18 23 19 21 24 22 29 28 25 30 27 26 32 31 40 34 36 33 38 35 39 37 48 42 41 45 47 46 43 44 51 49 56 54 53 55 52 50 60 57 62 61 59 58 63 64
 23 20 19 18 17 22 24 21 32 27 26 25 28 31 30 29 39 37 38 36 33 34 35 40 41 44 42 47 43 45 48 46 53 52 49 54 51 50 56 55 64 58 60 57 62 59 63 61 72 66 65 69 71 70 67 68  3  1  8  6  5  7  4  2 12  9 14 13 11 10 15 16
 47 44 43 42 41 46 48 45 56 51 50 49 52 55 54 53 63 61 62 60 57 58 59 64 65 68 66 71 67 69 72 70  5  4  1  6  3  2  8  7 16 10 12  9 14 11 15 13 24 18 17 21 23 22 19 20 27 25 32 30 29 31 28 26 36 33 38 37 35 34 39 40
 39 36 35 34 33 38 40 37 48 43 42 41 44 47 46 45 55 53 54 52 49 50 51 56 57 60 58 63 59 61 64 62 69 68 65 70 67 66 72 71  8  2  4  1  6  3  7  5 16 10  9 13 15 14 11 12 19 17 24 22 21 23 20 18 28 25 30 29 27 26 31 32
 55 52 51 50 49 54 56 53 64 59 58 57 60 63 62 61 71 69 70 68 65 66 67 72  1  4  2  7  3  5  8  6 13 12  9 14 11 10 16 15 24 18 20 17 22 19 23 21 32 26 25 29 31 30 27 28 35 33 40 38 37 39 36 34 44 41 46 45 43 42 47 48
 31 28 27 26 25 30 32 29 40 35 34 33 36 39 38 37 47 45 46 44 41 42 43 48 49 52 50 55 51 53 56 54 61 60 57 62 59 58 64 63 72 66 68 65 70 67 71 69  8  2  1  5  7  6  3  4 11  9 16 14 13 15 12 10 20 17 22 21 19 18 23 24
 63 60 59 58 57 62 64 61 72 67 66 65 68 71 70 69  7  5  6  4  1  2  3  8  9 12 10 15 11 13 16 14 21 20 17 22 19 18 24 23 32 26 28 25 30 27 31 29 40 34 33 37 39 38 35 36 43 41 48 46 45 47 44 42 52 49 54 53 51 50 55 56
 16 13 12 11 10 15  9 14 17 20 19 18 21 24 23 22 32 30 31 29 26 27 28 25 34 37 35 40 36 38 33 39 46 45 42 47 44 43 41 48 49 51 53 50 55 52 56 54 57 59 58 62 64 63 60 61 68 66 65 71 70 72 69 67  5  2  7  6  4  3  8  1
 56 53 52 51 50 55 49 54 57 60 59 58 61 64 63 62 72 70 71 69 66 67 68 65  2  5  3  8  4  6  1  7 14 13 10 15 12 11  9 16 17 19 21 18 23 20 24 22 25 27 26 30 32 31 28 29 36 34 33 39 38 40 37 35 45 42 47 46 44 43 48 41
 24 21 20 19 18 23 17 22 25 28 27 26 29 32 31 30 40 38 39 37 34 35 36 33 42 45 43 48 44 46 41 47 54 53 50 55 52 51 49 56 57 59 61 58 63 60 64 62 65 67 66 70 72 71 68 69  4  2  1  7  6  8  5  3 13 10 15 14 12 11 16  9
 48 45 44 43 42 47 41 46 49 52 51 50 53 56 55 54 64 62 63 61 58 59 60 57 66 69 67 72 68 70 65 71  6  5  2  7  4  3  1  8  9 11 13 10 15 12 16 14 17 19 18 22 24 23 20 21 28 26 25 31 30 32 29 27 37 34 39 38 36 35 40 33
 32 29 28 27 26 31 25 30 33 36 35 34 37 40 39 38 48 46 47 45 42 43 44 41 50 53 51 56 52 54 49 55 62 61 58 63 60 59 57 64 65 67 69 66 71 68 72 70  1  3  2  6  8  7  4  5 12 10  9 15 14 16 13 11 21 18 23 22 20 19 24 17
 40 37 36 35 34 39 33 38 41 44 43 42 45 48 47 46 56 54 55 53 50 51 52 49 58 61 59 64 60 62 57 63 70 69 66 71 68 67 65 72  1  3  5  2  7  4  8  6  9 11 10 14 16 15 12 13 20 18 17 23 22 24 21 19 29 26 31 30 28 27 32 25
 72 69 68 67 66 71 65 70  1  4  3  2  5  8  7  6 16 14 15 13 10 11 12  9 18 21 19 24 20 22 17 23 30 29 26 31 28 27 25 32 33 35 37 34 39 36 40 38 41 43 42 46 48 47 44 45 52 50 49 55 54 56 53 51 61 58 63 62 60 59 64 57
 64 61 60 59 58 63 57 62 65 68 67 66 69 72 71 70  8  6  7  5  2  3  4  1 10 13 11 16 12 14  9 15 22 21 18 23 20 19 17 24 25 27 29 26 31 28 32 30 33 35 34 38 40 39 36 37 44 42 41 47 46 48 45 43 53 50 55 54 52 51 56 49
  8  5  4  3  2  7  1  6  9 12 11 10 13 16 15 14 24 22 23 21 18 19 20 17 26 29 27 32 28 30 25 31 38 37 34 39 36 35 33 40 41 43 45 42 47 44 48 46 49 51 50 54 56 55 52 53 60 58 57 63 62 64 61 59 69 66 71 70 68 67 72 65
 41 46 45 44 43 48 42 47 50 53 52 51 54 49 56 55 57 63 64 62 59 60 61 58 67 70 68 65 69 71 66 72  7  6  3  8  5  4  2  1 10 12 14 11 16 13  9 15 18 20 19 23 17 24 21 22 29 27 26 32 31 25 30 28 38 35 40 39 37 36 33 34
 25 30 29 28 27 32 26 31 34 37 36 35 38 33 40 39 41 47 48 46 43 44 45 42 51 54 52 49 53 55 50 56 63 62 59 64 61 60 58 57 66 68 70 67 72 69 65 71  2  4  3  7  1  8  5  6 13 11 10 16 15  9 14 12 22 19 24 23 21 20 17 18
 65 70 69 68 67 72 66 71  2  5  4  3  6  1  8  7  9 15 16 14 11 12 13 10 19 22 20 17 21 23 18 24 31 30 27 32 29 28 26 25 34 36 38 35 40 37 33 39 42 44 43 47 41 48 45 46 53 51 50 56 55 49 54 52 62 59 64 63 61 60 57 58
 49 54 53 52 51 56 50 55 58 61 60 59 62 57 64 63 65 71 72 70 67 68 69 66  3  6  4  1  5  7  2  8 15 14 11 16 13 12 10  9 18 20 22 19 24 21 17 23 26 28 27 31 25 32 29 30 37 35 34 40 39 33 38 36 46 43 48 47 45 44 41 42
 17 22 21 20 19 24 18 23 26 29 28 27 30 25 32 31 33 39 40 38 35 36 37 34 43 46 44 41 45 47 42 48 55 54 51 56 53 52 50 49 58 60 62 59 64 61 57 63 66 68 67 71 65 72 69 70  5  3  2  8  7  1  6  4 14 11 16 15 13 12  9 10
 33 38 37 36 35 40 34 39 42 45 44 43 46 41 48 47 49 55 56 54 51 52 53 50 59 62 60 57 61 63 58 64 71 70 67 72 69 68 66 65  2  4  6  3  8  5  1  7 10 12 11 15  9 16 13 14 21 19 18 24 23 17 22 20 30 27 32 31 29 28 25 26
  9 14 13 12 11 16 10 15 18 21 20 19 22 17 24 23 25 31 32 30 27 28 29 26 35 38 36 33 37 39 34 40 47 46 43 48 45 44 42 41 50 52 54 51 56 53 49 55 58 60 59 63 57 64 61 62 69 67 66 72 71 65 70 68  6  3  8  7  5  4  1  2
 57 62 61 60 59 64 58 63 66 69 68 67 70 65 72 71  1  7  8  6  3  4  5  2 11 14 12  9 13 15 10 16 23 22 19 24 21 20 18 17 26 28 30 27 32 29 25 31 34 36 35 39 33 40 37 38 45 43 42 48 47 41 46 44 54 51 56 55 53 52 49 50
  1  6  5  4  3  8  2  7 10 13 12 11 14  9 16 15 17 23 24 22 19 20 21 18 27 30 28 25 29 31 26 32 39 38 35 40 37 36 34 33 42 44 46 43 48 45 41 47 50 52 51 55 49 56 53 54 61 59 58 64 63 57 62 60 70 67 72 71 69 68 65 66
 10 15 14 13 12  9 11 16 19 22 21 20 23 18 17 24 26 32 25 31 28 29 30 27 36 39 37 34 38 40 35 33 48 47 44 41 46 45 43 42 51 53 55 52 49 54 50 56 59 61 60 64 58 57 62 63 70 68 67 65 72 66 71 69  7  4  1  8  6  5  2  3
 34 39 38 37 36 33 35 40 43 46 45 44 47 42 41 48 50 56 49 55 52 53 54 51 60 63 61 58 62 64 59 57 72 71 68 65 70 69 67 66  3  5  7  4  1  6  2  8 11 13 12 16 10  9 14 15 22 20 19 17 24 18 23 21 31 28 25 32 30 29 26 27
 58 63 62 61 60 57 59 64 67 70 69 68 71 66 65 72  2  8  1  7  4  5  6  3 12 15 13 10 14 16 11  9 24 23 20 17 22 21 19 18 27 29 31 28 25 30 26 32 35 37 36 40 34 33 38 39 46 44 43 41 48 42 47 45 55 52 49 56 54 53 50 51
 18 23 22 21 20 17 19 24 27 30 29 28 31 26 25 32 34 40 33 39 36 37 38 35 44 47 45 42 46 48 43 41 56 55 52 49 54 53 51 50 59 61 63 60 57 62 58 64 67 69 68 72 66 65 70 71  6  4  3  1  8  2  7  5 15 12  9 16 14 13 10 11
 50 55 54 53 52 49 51 56 59 62 61 60 63 58 57 64 66 72 65 71 68 69 70 67  4  7  5  2  6  8  3  1 16 15 12  9 14 13 11 10 19 21 23 20 17 22 18 24 27 29 28 32 26 25 30 31 38 36 35 33 40 34 39 37 47 44 41 48 46 45 42 43
 66 71 70 69 68 65 67 72  3  6  5  4  7  2  1  8 10 16  9 15 12 13 14 11 20 23 21 18 22 24 19 17 32 31 28 25 30 29 27 26 35 37 39 36 33 38 34 40 43 45 44 48 42 41 46 47 54 52 51 49 56 50 55 53 63 60 57 64 62 61 58 59
 42 47 46 45 44 41 43 48 51 54 53 52 55 50 49 56 58 64 57 63 60 61 62 59 68 71 69 66 70 72 67 65  8  7  4  1  6  5  3  2 11 13 15 12  9 14 10 16 19 21 20 24 18 17 22 23 30 28 27 25 32 26 31 29 39 36 33 40 38 37 34 35
  2  7  6  5  4  1  3  8 11 14 13 12 15 10  9 16 18 24 17 23 20 21 22 19 28 31 29 26 30 32 27 25 40 39 36 33 38 37 35 34 43 45 47 44 41 46 42 48 51 53 52 56 50 49 54 55 62 60 59 57 64 58 63 61 71 68 65 72 70 69 66 67
 26 31 30 29 28 25 27 32 35 38 37 36 39 34 33 40 42 48 41 47 44 45 46 43 52 55 53 50 54 56 51 49 64 63 60 57 62 61 59 58 67 69 71 68 65 70 66 72  3  5  4  8  2  1  6  7 14 12 11  9 16 10 15 13 23 20 17 24 22 21 18 19
 59 64 63 62 61 58 60 57 68 71 70 69 72 67 66 65  3  1  2  8  5  6  7  4 13 16 14 11 15  9 12 10 17 24 21 18 23 22 20 19 28 30 32 29 26 31 27 25 36 38 37 33 35 34 39 40 47 45 44 42 41 43 48 46 56 53 50 49 55 54 51 52
 51 56 55 54 53 50 52 49 60 63 62 61 64 59 58 57 67 65 66 72 69 70 71 68  5  8  6  3  7  1  4  2  9 16 13 10 15 14 12 11 20 22 24 21 18 23 19 17 28 30 29 25 27 26 31 32 39 37 36 34 33 35 40 38 48 45 42 41 47 46 43 44
 19 24 23 22 21 18 20 17 28 31 30 29 32 27 26 25 35 33 34 40 37 38 39 36 45 48 46 43 47 41 44 42 49 56 53 50 55 54 52 51 60 62 64 61 58 63 59 57 68 70 69 65 67 66 71 72  7  5  4  2  1  3  8  6 16 13 10  9 15 14 11 12
 27 32 31 30 29 26 28 25 36 39 38 37 40 35 34 33 43 41 42 48 45 46 47 44 53 56 54 51 55 49 52 50 57 64 61 58 63 62 60 59 68 70 72 69 66 71 67 65  4  6  5  1  3  2  7  8 15 13 12 10  9 11 16 14 24 21 18 17 23 22 19 20
 11 16 15 14 13 10 12  9 20 23 22 21 24 19 18 17 27 25 26 32 29 30 31 28 37 40 38 35 39 33 36 34 41 48 45 42 47 46 44 43 52 54 56 53 50 55 51 49 60 62 61 57 59 58 63 64 71 69 68 66 65 67 72 70  8  5  2  1  7  6  3  4
 43 48 47 46 45 42 44 41 52 55 54 53 56 51 50 49 59 57 58 64 61 62 63 60 69 72 70 67 71 65 68 66  1  8  5  2  7  6  4  3 12 14 16 13 10 15 11  9 20 22 21 17 19 18 23 24 31 29 28 26 25 27 32 30 40 37 34 33 39 38 35 36
  3  8  7  6  5  2  4  1 12 15 14 13 16 11 10  9 19 17 18 24 21 22 23 20 29 32 30 27 31 25 28 26 33 40 37 34 39 38 36 35 44 46 48 45 42 47 43 41 52 54 53 49 51 50 55 56 63 61 60 58 57 59 64 62 72 69 66 65 71 70 67 68
 67 72 71 70 69 66 68 65  4  7  6  5  8  3  2  1 11  9 10 16 13 14 15 12 21 24 22 19 23 17 20 18 25 32 29 26 31 30 28 27 36 38 40 37 34 39 35 33 44 46 45 41 43 42 47 48 55 53 52 50 49 51 56 54 64 61 58 57 63 62 59 60
 35 40 39 38 37 34 36 33 44 47 46 45 48 43 42 41 51 49 50 56 53 54 55 52 61 64 62 59 63 57 60 58 65 72 69 66 71 70 68 67  4  6  8  5  2  7  3  1 12 14 13  9 11 10 15 16 23 21 20 18 17 19 24 22 32 29 26 25 31 30 27 28
 20 17 24 23 22 19 21 18 29 32 31 30 25 28 27 26 36 34 35 33 38 39 40 37 46 41 47 44 48 42 45 43 50 49 54 51 56 55 53 52 61 63 57 62 59 64 60 58 69 71 70 66 68 67 72 65  8  6  5  3  2  4  1  7  9 14 11 10 16 15 12 13
 68 65 72 71 70 67 69 66  5  8  7  6  1  4  3  2 12 10 11  9 14 15 16 13 22 17 23 20 24 18 21 19 26 25 30 27 32 31 29 28 37 39 33 38 35 40 36 34 45 47 46 42 44 43 48 41 56 54 53 51 50 52 49 55 57 62 59 58 64 63 60 61
  4  1  8  7  6  3  5  2 13 16 15 14  9 12 11 10 20 18 19 17 22 23 24 21 30 25 31 28 32 26 29 27 34 33 38 35 40 39 37 36 45 47 41 46 43 48 44 42 53 55 54 50 52 51 56 49 64 62 61 59 58 60 57 63 65 70 67 66 72 71 68 69
 44 41 48 47 46 43 45 42 53 56 55 54 49 52 51 50 60 58 59 57 62 63 64 61 70 65 71 68 72 66 69 67  2  1  6  3  8  7  5  4 13 15  9 14 11 16 12 10 21 23 22 18 20 19 24 17 32 30 29 27 26 28 25 31 33 38 35 34 40 39 36 37
 36 33 40 39 38 35 37 34 45 48 47 46 41 44 43 42 52 50 51 49 54 55 56 53 62 57 63 60 64 58 61 59 66 65 70 67 72 71 69 68  5  7  1  6  3  8  4  2 13 15 14 10 12 11 16  9 24 22 21 19 18 20 17 23 25 30 27 26 32 31 28 29
 28 25 32 31 30 27 29 26 37 40 39 38 33 36 35 34 44 42 43 41 46 47 48 45 54 49 55 52 56 50 53 51 58 57 62 59 64 63 61 60 69 71 65 70 67 72 68 66  5  7  6  2  4  3  8  1 16 14 13 11 10 12  9 15 17 22 19 18 24 23 20 21
 60 57 64 63 62 59 61 58 69 72 71 70 65 68 67 66  4  2  3  1  6  7  8  5 14  9 15 12 16 10 13 11 18 17 22 19 24 23 21 20 29 31 25 30 27 32 28 26 37 39 38 34 36 35 40 33 48 46 45 43 42 44 41 47 49 54 51 50 56 55 52 53
 12  9 16 15 14 11 13 10 21 24 23 22 17 20 19 18 28 26 27 25 30 31 32 29 38 33 39 36 40 34 37 35 42 41 46 43 48 47 45 44 53 55 49 54 51 56 52 50 61 63 62 58 60 59 64 57 72 70 69 67 66 68 65 71  1  6  3  2  8  7  4  5
 52 49 56 55 54 51 53 50 61 64 63 62 57 60 59 58 68 66 67 65 70 71 72 69  6  1  7  4  8  2  5  3 10  9 14 11 16 15 13 12 21 23 17 22 19 24 20 18 29 31 30 26 28 27 32 25 40 38 37 35 34 36 33 39 41 46 43 42 48 47 44 45
