 13  6  3  1  5 11  9 15  8 16  2  7 14 10  4 12
  5 15 11 10 13  3 12  4  1 14  6  9  7 16  2  8
  9  2  8  4  6 16  7 14 12 10  5 11 15  3 13  1
 14  7 12 16  2 10  8  1  4  3 15 13  6  5 11  9
  7  3  6  2 10  8 16 11 14  5  4  1 13 12  9 15
  4 13  9 15  1  2 14  5 11 12 16  8 10  7  3  6
 11  8  1 12  7  9 15  6 13  2  3 10  4 14  5 16
 10  5 16 14  3  4 13 12  9 15  7  6  8  2  1 11
 15 14  7  9  4 13 10  8 16 11  1  2  3  6 12  5
  2 12 13  5 15  6  3 16  7  8  9  4  1 11 14 10
 16 11 10  8 14  1  5  2  3  6 12 15  9  4  7 13
  3  1  4  6  9 12 11  7 10 13 14  5 16  8 15  2
  8  4 15  7 11  5  1  3  6  9 10 12  2 13 16 14
  1 10  2 13 16  7  6  9  5  4 11 14 12 15  8  3
  6 16 14 11 12 15  4 13  2  1  8  3  5  9 10  7
 12  9  5  3  8 14  2 10 15  7 13 16 11  1  6  4
