 14 12  5  4  8  1  9  2 11 10  6  7 16  3 15 13
  1 13 11  3 12 15  7 10  9 14  2 16  6  5  8  4
 10  2  9  6 14 16  3  4  8 15  5 13  7 11  1 12
  8 15 16  7  6  5 11 13  3 12  4  1  2  9 10 14
  2 10  3 16 11  8  6  1  4  7 14  9 12 15 13  5
  4  6 12 14  2 10 16  3 13  8 15  5  9  7 11  1
  7 11  8  5  4 13 15  9  1  2 16 12  3 10 14  6
 15  9 13  1  5 12 14  7 10 11  3  6  8  2  4 16
 16  8 10 13  9 11 12 15  6  3  1 14  5  4  2  7
  9 14  7 11 13  6  8 16  2  5 10  4  1 12  3 15
  5  1  2 12  7  3  4 14 15 13  9  8 10  6 16 11
  6  3  4 15  1  2 10  5  7 16 12 11 13 14  9  8
 11  5  6  2  3  4 13 12 14  1  8 10 15 16  7  9
  3  7 14  8 16  9  2  6 12  4 13 15 11  1  5 10
 12  4  1 10 15  7  5  8 16  9 11  3 14 13  6  2
 13 16 15  9 10 14  1 11  5  6  7  2  4  8 12  3
