  6  9  2  1  4 15  5 14 13  7 12 11 10  3 16  8
 14 16  4 11  9  2  8 12  5  1  3 10  7 13 15  6
  8  7  5 15 11  3 13 10  2 14  6 16 12  1  9  4
 13  3 12 10 16  1  7  6  8  9 15  4  2 14  5 11
  9 12 16  2  8 13  4 15  6 10 11  1 14  5  3  7
 10  8  7 14  2  5  1  9  3 15  4 12  6 11 13 16
  1  6  3  5 12  7 10 11  9 16 13 14 15  4  8  2
 15 11 13  4  6 16 14  3  7  2  8  5  1  9 10 12
 16  5  8  3 14 12  6  7  4 11 10  2  9 15  1 13
  4 14 11 12  5  8  2 13 15  6  1  9 16 10  7  3
  7 13 10  6 15 11  9  1 12  5 16  3  4  8  2 14
  2  1 15  9  3 10 16  4 14  8  7 13 11  6 12  5
 11 10  9 13  7 14 12  8 16  4  5 15  3  2  6  1
  3 15  6 16  1  4 11  5 10 13  2  7  8 12 14  9
  5  2  1  8 10  9  3 16 11 12 14  6 13  7  4 15
 12  4 14  7 13  6 15  2  1  3  9  8  5 16 11 10
