 16  3 12  9  7  8 15  5  1 11 13 10 14  6  2  4
 13 15  2  8  6  9 11 16  5  7 14  4  1 10  3 12
  5  7 11 14 12  4  1 10  6  9  2  3 13 16 15  8
 10  6  4  1 13  3 14  2 15 12  8 16  5  7  9 11
  2 10  1  7  8 13  6  4 16 14 15  5 12  3 11  9
 14 11  5  6 10 12 16 15  4 13  3  9  7  8  1  2
  4 12 15 13  2  1  3  9  8  6  7 11 16 14 10  5
  3  9  8 16 11  5  7 14 10  1 12  2  4 15  6 13
  7 14 10 12  9 16 13  3 11  4  5 15  6  2  8  1
  6  1  3 11 14  7 12  8  9  2 16 13 15  5  4 10
 15  4 13  2  5 11 10  1 12  8  6 14  3  9 16  7
  9  8 16  5 15  2  4  6  3 10  1  7 11 12 13 14
 11  5  7  4 16  6  9 12  2 15 10  1  8 13 14  3
 12 13 14 10  4 15  8 11  7  3  9  6  2  1  5 16
  8 16  6  3  1 10  2 13 14  5  4 12  9 11  7 15
  1  2  9 15  3 14  5  7 13 16 11  8 10  4 12  6
