 28 30 29  3  2  1  5  6  4  9  7  8 12 11 10 15 13 14 17 16 18 19 21 20 23 22 24 27 26 25
  7  9  8 12 11 10 14 15 13 18 16 17 21 20 19 24 22 23 26 25 27 28 30 29  2  1  3  6  5  4
 13 15 14 18 17 16 20 21 19 24 22 23 27 26 25 30 28 29  2  1  3  4  6  5  8  7  9 12 11 10
  4  6  5  9  8  7 11 12 10 15 13 14 18 17 16 21 19 20 23 22 24 25 27 26 29 28 30  3  2  1
 22 24 23 27 26 25 29 30 28  3  1  2  6  5  4  9  7  8 11 10 12 13 15 14 17 16 18 21 20 19
 19 21 20 24 23 22 26 27 25 30 28 29  3  2  1  6  4  5  8  7  9 10 12 11 14 13 15 18 17 16
 16 18 17 21 20 19 23 24 22 27 25 26 30 29 28  3  1  2  5  4  6  7  9  8 11 10 12 15 14 13
  1  3  2  6  5  4  8  9  7 12 10 11 15 14 13 18 16 17 20 19 21 22 24 23 26 25 27 30 29 28
 10 12 11 15 14 13 17 18 16 21 19 20 24 23 22 27 25 26 29 28 30  1  3  2  5  4  6  9  8  7
 25 27 26 30 29 28  2  3  1  6  4  5  9  8  7 12 10 11 14 13 15 16 18 17 20 19 21 24 23 22
 14 13 15 16 18 17 21 19 20 22 23 24 25 27 26 28 29 30  3  2  1  5  4  6  9  8  7 10 12 11
 29 28 30  1  3  2  6  4  5  7  8  9 10 12 11 13 14 15 18 17 16 20 19 21 24 23 22 25 27 26
  8  7  9 10 12 11 15 13 14 16 17 18 19 21 20 22 23 24 27 26 25 29 28 30  3  2  1  4  6  5
 23 22 24 25 27 26 30 28 29  1  2  3  4  6  5  7  8  9 12 11 10 14 13 15 18 17 16 19 21 20
 20 19 21 22 24 23 27 25 26 28 29 30  1  3  2  4  5  6  9  8  7 11 10 12 15 14 13 16 18 17
 26 25 27 28 30 29  3  1  2  4  5  6  7  9  8 10 11 12 15 14 13 17 16 18 21 20 19 22 24 23
 17 16 18 19 21 20 24 22 23 25 26 27 28 30 29  1  2  3  6  5  4  8  7  9 12 11 10 13 15 14
  5  4  6  7  9  8 12 10 11 13 14 15 16 18 17 19 20 21 24 23 22 26 25 27 30 29 28  1  3  2
 11 10 12 13 15 14 18 16 17 19 20 21 22 24 23 25 26 27 30 29 28  2  1  3  6  5  4  7  9  8
  2  1  3  4  6  5  9  7  8 10 11 12 13 15 14 16 17 18 21 20 19 23 22 24 27 26 25 28 30 29
 15 14 13 17 16 18 19 20 21 23 24 22 26 25 27 29 30 28  1  3  2  6  5  4  7  9  8 11 10 12
 18 17 16 20 19 21 22 23 24 26 27 25 29 28 30  2  3  1  4  6  5  9  8  7 10 12 11 14 13 15
  9  8  7 11 10 12 13 14 15 17 18 16 20 19 21 23 24 22 25 27 26 30 29 28  1  3  2  5  4  6
 12 11 10 14 13 15 16 17 18 20 21 19 23 22 24 26 27 25 28 30 29  3  2  1  4  6  5  8  7  9
 30 29 28  2  1  3  4  5  6  8  9  7 11 10 12 14 15 13 16 18 17 21 20 19 22 24 23 26 25 27
  6  5  4  8  7  9 10 11 12 14 15 13 17 16 18 20 21 19 22 24 23 27 26 25 28 30 29  2  1  3
 27 26 25 29 28 30  1  2  3  5  6  4  8  7  9 11 12 10 13 15 14 18 17 16 19 21 20 23 22 24
  3  2  1  5  4  6  7  8  9 11 12 10 14 13 15 17 18 16 19 21 20 24 23 22 25 27 26 29 28 30
 24 23 22 26 25 27 28 29 30  2  3  1  5  4  6  8  9  7 10 12 11 15 14 13 16 18 17 20 19 21
 21 20 19 23 22 24 25 26 27 29 30 28  2  1  3  5  6  4  7  9  8 12 11 10 13 15 14 17 16 18
