  8  9  2  4  7  3  6  5  1 11 12 16 17 15 13 14 10 18 20 23 27 21 26 24 22 19 25
 17 18 11 13 16 12 15 14 10 20 21 25 26 24 22 23 19 27  2  5  9  3  8  6  4  1  7
 26 27 20 22 25 21 24 23 19  2  3  7  8  6  4  5  1  9 11 14 18 12 17 15 13 10 16
 18 10 12 14 17 13 16 15 11 21 22 26 27 25 23 24 20 19  3  6  1  4  9  7  5  2  8
  9  1  3  5  8  4  7  6  2 12 13 17 18 16 14 15 11 10 21 24 19 22 27 25 23 20 26
 27 19 21 23 26 22 25 24 20  3  4  8  9  7  5  6  2  1 12 15 10 13 18 16 14 11 17
 19 20 22 24 27 23 26 25 21  4  5  9  1  8  6  7  3  2 13 16 11 14 10 17 15 12 18
  1  2  4  6  9  5  8  7  3 13 14 18 10 17 15 16 12 11 22 25 20 23 19 26 24 21 27
 10 11 13 15 18 14 17 16 12 22 23 27 19 26 24 25 21 20  4  7  2  5  1  8  6  3  9
 20 21 23 25 19 24 27 26 22  5  6  1  2  9  7  8  4  3 14 17 12 15 11 18 16 13 10
 11 12 14 16 10 15 18 17 13 23 24 19 20 27 25 26 22 21  5  8  3  6  2  9  7  4  1
  2  3  5  7  1  6  9  8  4 14 15 10 11 18 16 17 13 12 23 26 21 24 20 27 25 22 19
 12 13 15 17 11 16 10 18 14 24 25 20 21 19 26 27 23 22  6  9  4  7  3  1  8  5  2
  3  4  6  8  2  7  1  9  5 15 16 11 12 10 17 18 14 13 24 27 22 25 21 19 26 23 20
 21 22 24 26 20 25 19 27 23  6  7  2  3  1  8  9  5  4 15 18 13 16 12 10 17 14 11
 22 23 25 27 21 26 20 19 24  7  8  3  4  2  9  1  6  5 16 10 14 17 13 11 18 15 12
  4  5  7  9  3  8  2  1  6 16 17 12 13 11 18 10 15 14 25 19 23 26 22 20 27 24 21
 13 14 16 18 12 17 11 10 15 25 26 21 22 20 27 19 24 23  7  1  5  8  4  2  9  6  3
 23 24 26 19 22 27 21 20 25  8  9  4  5  3  1  2  7  6 17 11 15 18 14 12 10 16 13
  5  6  8  1  4  9  3  2  7 17 18 13 14 12 10 11 16 15 26 20 24 27 23 21 19 25 22
 14 15 17 10 13 18 12 11 16 26 27 22 23 21 19 20 25 24  8  2  6  9  5  3  1  7  4
  6  7  9  2  5  1  4  3  8 18 10 14 15 13 11 12 17 16 27 21 25 19 24 22 20 26 23
 24 25 27 20 23 19 22 21 26  9  1  5  6  4  2  3  8  7 18 12 16 10 15 13 11 17 14
 15 16 18 11 14 10 13 12 17 27 19 23 24 22 20 21 26 25  9  3  7  1  6  4  2  8  5
 25 26 19 21 24 20 23 22 27  1  2  6  7  5  3  4  9  8 10 13 17 11 16 14 12 18 15
 16 17 10 12 15 11 14 13 18 19 20 24 25 23 21 22 27 26  1  4  8  2  7  5  3  9  6
  7  8  1  3  6  2  5  4  9 10 11 15 16 14 12 13 18 17 19 22 26 20 25 23 21 27 24
