  9  3  4  8  5  2  6  7  1 14 12 15 18 13 11 10 17 16 24 19 27 21 25 26 22 20 23
 27 21 22 26 23 20 24 25 19  5  3  6  9  4  2  1  8  7 15 10 18 12 16 17 13 11 14
 18 12 13 17 14 11 15 16 10 23 21 24 27 22 20 19 26 25  6  1  9  3  7  8  4  2  5
  1  4  5  9  6  3  7  8  2 15 13 16 10 14 12 11 18 17 25 20 19 22 26 27 23 21 24
 10 13 14 18 15 12 16 17 11 24 22 25 19 23 21 20 27 26  7  2  1  4  8  9  5  3  6
 19 22 23 27 24 21 25 26 20  6  4  7  1  5  3  2  9  8 16 11 10 13 17 18 14 12 15
 11 14 15 10 16 13 17 18 12 25 23 26 20 24 22 21 19 27  8  3  2  5  9  1  6  4  7
 20 23 24 19 25 22 26 27 21  7  5  8  2  6  4  3  1  9 17 12 11 14 18 10 15 13 16
  2  5  6  1  7  4  8  9  3 16 14 17 11 15 13 12 10 18 26 21 20 23 27 19 24 22 25
 12 15 16 11 17 14 18 10 13 26 24 27 21 25 23 22 20 19  9  4  3  6  1  2  7  5  8
 21 24 25 20 26 23 27 19 22  8  6  9  3  7  5  4  2  1 18 13 12 15 10 11 16 14 17
  3  6  7  2  8  5  9  1  4 17 15 18 12 16 14 13 11 10 27 22 21 24 19 20 25 23 26
 13 16 17 12 18 15 10 11 14 27 25 19 22 26 24 23 21 20  1  5  4  7  2  3  8  6  9
  4  7  8  3  9  6  1  2  5 18 16 10 13 17 15 14 12 11 19 23 22 25 20 21 26 24 27
 22 25 26 21 27 24 19 20 23  9  7  1  4  8  6  5  3  2 10 14 13 16 11 12 17 15 18
 14 17 18 13 10 16 11 12 15 19 26 20 23 27 25 24 22 21  2  6  5  8  3  4  9  7  1
 23 26 27 22 19 25 20 21 24  1  8  2  5  9  7  6  4  3 11 15 14 17 12 13 18 16 10
  5  8  9  4  1  7  2  3  6 10 17 11 14 18 16 15 13 12 20 24 23 26 21 22 27 25 19
 24 27 19 23 20 26 21 22 25  2  9  3  6  1  8  7  5  4 12 16 15 18 13 14 10 17 11
 15 18 10 14 11 17 12 13 16 20 27 21 24 19 26 25 23 22  3  7  6  9  4  5  1  8  2
  6  9  1  5  2  8  3  4  7 11 18 12 15 10 17 16 14 13 21 25 24 27 22 23 19 26 20
  7  1  2  6  3  9  4  5  8 12 10 13 16 11 18 17 15 14 22 26 25 19 23 24 20 27 21
 16 10 11 15 12 18 13 14 17 21 19 22 25 20 27 26 24 23  4  8  7  1  5  6  2  9  3
 25 19 20 24 21 27 22 23 26  3  1  4  7  2  9  8  6  5 13 17 16 10 14 15 11 18 12
  8  2  3  7  4  1  5  6  9 13 11 14 17 12 10 18 16 15 23 27 26 20 24 25 21 19 22
 26 20 21 25 22 19 23 24 27  4  2  5  8  3  1  9  7  6 14 18 17 11 15 16 12 10 13
 17 11 12 16 13 10 14 15 18 22 20 23 26 21 19 27 25 24  5  9  8  2  6  7  3  1  4
