 14 11 15 12 13  1  5  3  2  4  8  6  7 10  9
  4  1  5  2  3  6 10  8  7  9 13 11 12 15 14
  9  6 10  7  8 11 15 13 12 14  3  1  2  5  4
 10  7  6  8  9 12 11 14 13 15  4  2  3  1  5
  5  2  1  3  4  7  6  9  8 10 14 12 13 11 15
 15 12 11 13 14  2  1  4  3  5  9  7  8  6 10
  1  3  2  4  5  8  7 10  9  6 15 13 14 12 11
  6  8  7  9 10 13 12 15 14 11  5  3  4  2  1
 11 13 12 14 15  3  2  5  4  1 10  8  9  7  6
 12 14 13 15 11  4  3  1  5  2  6  9 10  8  7
  2  4  3  5  1  9  8  6 10  7 11 14 15 13 12
  7  9  8 10  6 14 13 11 15 12  1  4  5  3  2
  8 10  9  6  7 15 14 12 11 13  2  5  1  4  3
  3  5  4  1  2 10  9  7  6  8 12 15 11 14 13
 13 15 14 11 12  5  4  2  1  3  7 10  6  9  8
