 14 12 11 13 15  2  4  5  1  3  7  6  8  9 10
  4  2  1  3  5  7  9 10  6  8 12 11 13 14 15
  9  7  6  8 10 12 14 15 11 13  2  1  3  4  5
 10  8  7  9  6 13 15 11 12 14  3  2  4  5  1
  5  3  2  4  1  8 10  6  7  9 13 12 14 15 11
 15 13 12 14 11  3  5  1  2  4  8  7  9 10  6
  6  9  8 10  7 14 11 12 13 15  4  3  5  1  2
 11 14 13 15 12  4  1  2  3  5  9  8 10  6  7
  1  4  3  5  2  9  6  7  8 10 14 13 15 11 12
  7 10  9  6  8 15 12 13 14 11  5  4  1  2  3
  2  5  4  1  3 10  7  8  9  6 15 14 11 12 13
 12 15 14 11 13  5  2  3  4  1 10  9  6  7  8
 13 11 15 12 14  1  3  4  5  2  6 10  7  8  9
  3  1  5  2  4  6  8  9 10  7 11 15 12 13 14
  8  6 10  7  9 11 13 14 15 12  1  5  2  3  4
