 20 14 11 17 16 13 12 19 15 18 26 28 25 24 22 29 23 30 21 27 39 34 37 40 38 33 36 32 35 31 42 44 50 43 48 41 46 47 49 45  6  7  5  1 10  3  2  8  4  9
 10  4  1  7  6  3  2  9  5  8 16 18 15 14 12 19 13 20 11 17 29 24 27 30 28 23 26 22 25 21 32 34 40 33 38 31 36 37 39 35 46 47 45 41 50 43 42 48 44 49
 30 24 21 27 26 23 22 29 25 28 36 38 35 34 32 39 33 40 31 37 49 44 47 50 48 43 46 42 45 41  2  4 10  3  8  1  6  7  9  5 16 17 15 11 20 13 12 18 14 19
 40 34 31 37 36 33 32 39 35 38 46 48 45 44 42 49 43 50 41 47  9  4  7 10  8  3  6  2  5  1 12 14 20 13 18 11 16 17 19 15 26 27 25 21 30 23 22 28 24 29
 50 44 41 47 46 43 42 49 45 48  6  8  5  4  2  9  3 10  1  7 19 14 17 20 18 13 16 12 15 11 22 24 30 23 28 21 26 27 29 25 36 37 35 31 40 33 32 38 34 39
 21 25 22 28 27 24 23 30 26 29 37 39 36 35 33 40 34 31 32 38 50 45 48 41 49 44 47 43 46 42  3  5  1  4  9  2  7  8 10  6 17 18 16 12 11 14 13 19 15 20
  1  5  2  8  7  4  3 10  6  9 17 19 16 15 13 20 14 11 12 18 30 25 28 21 29 24 27 23 26 22 33 35 31 34 39 32 37 38 40 36 47 48 46 42 41 44 43 49 45 50
 11 15 12 18 17 14 13 20 16 19 27 29 26 25 23 30 24 21 22 28 40 35 38 31 39 34 37 33 36 32 43 45 41 44 49 42 47 48 50 46  7  8  6  2  1  4  3  9  5 10
 31 35 32 38 37 34 33 40 36 39 47 49 46 45 43 50 44 41 42 48 10  5  8  1  9  4  7  3  6  2 13 15 11 14 19 12 17 18 20 16 27 28 26 22 21 24 23 29 25 30
 41 45 42 48 47 44 43 50 46 49  7  9  6  5  3 10  4  1  2  8 20 15 18 11 19 14 17 13 16 12 23 25 21 24 29 22 27 28 30 26 37 38 36 32 31 34 33 39 35 40
 42 46 43 49 48 45 44 41 47 50  8 10  7  6  4  1  5  2  3  9 11 16 19 12 20 15 18 14 17 13 24 26 22 25 30 23 28 29 21 27 38 39 37 33 32 35 34 40 36 31
 22 26 23 29 28 25 24 21 27 30 38 40 37 36 34 31 35 32 33 39 41 46 49 42 50 45 48 44 47 43  4  6  2  5 10  3  8  9  1  7 18 19 17 13 12 15 14 20 16 11
 12 16 13 19 18 15 14 11 17 20 28 30 27 26 24 21 25 22 23 29 31 36 39 32 40 35 38 34 37 33 44 46 42 45 50 43 48 49 41 47  8  9  7  3  2  5  4 10  6  1
 32 36 33 39 38 35 34 31 37 40 48 50 47 46 44 41 45 42 43 49  1  6  9  2 10  5  8  4  7  3 14 16 12 15 20 13 18 19 11 17 28 29 27 23 22 25 24 30 26 21
  2  6  3  9  8  5  4  1  7 10 18 20 17 16 14 11 15 12 13 19 21 26 29 22 30 25 28 24 27 23 34 36 32 35 40 33 38 39 31 37 48 49 47 43 42 45 44 50 46 41
 23 27 24 30 29 26 25 22 28 21 39 31 38 37 35 32 36 33 34 40 42 47 50 43 41 46 49 45 48 44  5  7  3  6  1  4  9 10  2  8 19 20 18 14 13 16 15 11 17 12
  3  7  4 10  9  6  5  2  8  1 19 11 18 17 15 12 16 13 14 20 22 27 30 23 21 26 29 25 28 24 35 37 33 36 31 34 39 40 32 38 49 50 48 44 43 46 45 41 47 42
 43 47 44 50 49 46 45 42 48 41  9  1  8  7  5  2  6  3  4 10 12 17 20 13 11 16 19 15 18 14 25 27 23 26 21 24 29 30 22 28 39 40 38 34 33 36 35 31 37 32
 33 37 34 40 39 36 35 32 38 31 49 41 48 47 45 42 46 43 44 50  2  7 10  3  1  6  9  5  8  4 15 17 13 16 11 14 19 20 12 18 29 30 28 24 23 26 25 21 27 22
 13 17 14 20 19 16 15 12 18 11 29 21 28 27 25 22 26 23 24 30 32 37 40 33 31 36 39 35 38 34 45 47 43 46 41 44 49 50 42 48  9 10  8  4  3  6  5  1  7  2
 14 18 15 11 20 17 16 13 19 12 30 22 29 28 26 23 27 24 25 21 33 38 31 34 32 37 40 36 39 35 46 48 44 47 42 45 50 41 43 49 10  1  9  5  4  7  6  2  8  3
 44 48 45 41 50 47 46 43 49 42 10  2  9  8  6  3  7  4  5  1 13 18 11 14 12 17 20 16 19 15 26 28 24 27 22 25 30 21 23 29 40 31 39 35 34 37 36 32 38 33
 34 38 35 31 40 37 36 33 39 32 50 42 49 48 46 43 47 44 45 41  3  8  1  4  2  7 10  6  9  5 16 18 14 17 12 15 20 11 13 19 30 21 29 25 24 27 26 22 28 23
  4  8  5  1 10  7  6  3  9  2 20 12 19 18 16 13 17 14 15 11 23 28 21 24 22 27 30 26 29 25 36 38 34 37 32 35 40 31 33 39 50 41 49 45 44 47 46 42 48 43
 24 28 25 21 30 27 26 23 29 22 40 32 39 38 36 33 37 34 35 31 43 48 41 44 42 47 50 46 49 45  6  8  4  7  2  5 10  1  3  9 20 11 19 15 14 17 16 12 18 13
 45 49 46 42 41 48 47 44 50 43  1  3 10  9  7  4  8  5  6  2 14 19 12 15 13 18 11 17 20 16 27 29 25 28 23 26 21 22 24 30 31 32 40 36 35 38 37 33 39 34
 15 19 16 12 11 18 17 14 20 13 21 23 30 29 27 24 28 25 26 22 34 39 32 35 33 38 31 37 40 36 47 49 45 48 43 46 41 42 44 50  1  2 10  6  5  8  7  3  9  4
 35 39 36 32 31 38 37 34 40 33 41 43 50 49 47 44 48 45 46 42  4  9  2  5  3  8  1  7 10  6 17 19 15 18 13 16 11 12 14 20 21 22 30 26 25 28 27 23 29 24
  5  9  6  2  1  8  7  4 10  3 11 13 20 19 17 14 18 15 16 12 24 29 22 25 23 28 21 27 30 26 37 39 35 38 33 36 31 32 34 40 41 42 50 46 45 48 47 43 49 44
 25 29 26 22 21 28 27 24 30 23 31 33 40 39 37 34 38 35 36 32 44 49 42 45 43 48 41 47 50 46  7  9  5  8  3  6  1  2  4 10 11 12 20 16 15 18 17 13 19 14
  6 10  7  3  2  9  8  5  1  4 12 14 11 20 18 15 19 16 17 13 25 30 23 26 24 29 22 28 21 27 38 40 36 39 34 37 32 33 35 31 42 43 41 47 46 49 48 44 50 45
 46 50 47 43 42 49 48 45 41 44  2  4  1 10  8  5  9  6  7  3 15 20 13 16 14 19 12 18 11 17 28 30 26 29 24 27 22 23 25 21 32 33 31 37 36 39 38 34 40 35
 16 20 17 13 12 19 18 15 11 14 22 24 21 30 28 25 29 26 27 23 35 40 33 36 34 39 32 38 31 37 48 50 46 49 44 47 42 43 45 41  2  3  1  7  6  9  8  4 10  5
 36 40 37 33 32 39 38 35 31 34 42 44 41 50 48 45 49 46 47 43  5 10  3  6  4  9  2  8  1  7 18 20 16 19 14 17 12 13 15 11 22 23 21 27 26 29 28 24 30 25
 26 30 27 23 22 29 28 25 21 24 32 34 31 40 38 35 39 36 37 33 45 50 43 46 44 49 42 48 41 47  8 10  6  9  4  7  2  3  5  1 12 13 11 17 16 19 18 14 20 15
 47 41 48 44 43 50 49 46 42 45  3  5  2  1  9  6 10  7  8  4 16 11 14 17 15 20 13 19 12 18 29 21 27 30 25 28 23 24 26 22 33 34 32 38 37 40 39 35 31 36
 37 31 38 34 33 40 39 36 32 35 43 45 42 41 49 46 50 47 48 44  6  1  4  7  5 10  3  9  2  8 19 11 17 20 15 18 13 14 16 12 23 24 22 28 27 30 29 25 21 26
 27 21 28 24 23 30 29 26 22 25 33 35 32 31 39 36 40 37 38 34 46 41 44 47 45 50 43 49 42 48  9  1  7 10  5  8  3  4  6  2 13 14 12 18 17 20 19 15 11 16
 17 11 18 14 13 20 19 16 12 15 23 25 22 21 29 26 30 27 28 24 36 31 34 37 35 40 33 39 32 38 49 41 47 50 45 48 43 44 46 42  3  4  2  8  7 10  9  5  1  6
  7  1  8  4  3 10  9  6  2  5 13 15 12 11 19 16 20 17 18 14 26 21 24 27 25 30 23 29 22 28 39 31 37 40 35 38 33 34 36 32 43 44 42 48 47 50 49 45 41 46
  8  2  9  5  4  1 10  7  3  6 14 16 13 12 20 17 11 18 19 15 27 22 25 28 26 21 24 30 23 29 40 32 38 31 36 39 34 35 37 33 44 45 43 49 48 41 50 46 42 47
 48 42 49 45 44 41 50 47 43 46  4  6  3  2 10  7  1  8  9  5 17 12 15 18 16 11 14 20 13 19 30 22 28 21 26 29 24 25 27 23 34 35 33 39 38 31 40 36 32 37
 38 32 39 35 34 31 40 37 33 36 44 46 43 42 50 47 41 48 49 45  7  2  5  8  6  1  4 10  3  9 20 12 18 11 16 19 14 15 17 13 24 25 23 29 28 21 30 26 22 27
 28 22 29 25 24 21 30 27 23 26 34 36 33 32 40 37 31 38 39 35 47 42 45 48 46 41 44 50 43 49 10  2  8  1  6  9  4  5  7  3 14 15 13 19 18 11 20 16 12 17
 18 12 19 15 14 11 20 17 13 16 24 26 23 22 30 27 21 28 29 25 37 32 35 38 36 31 34 40 33 39 50 42 48 41 46 49 44 45 47 43  4  5  3  9  8  1 10  6  2  7
 19 13 20 16 15 12 11 18 14 17 25 27 24 23 21 28 22 29 30 26 38 33 36 39 37 32 35 31 34 40 41 43 49 42 47 50 45 46 48 44  5  6  4 10  9  2  1  7  3  8
  9  3 10  6  5  2  1  8  4  7 15 17 14 13 11 18 12 19 20 16 28 23 26 29 27 22 25 21 24 30 31 33 39 32 37 40 35 36 38 34 45 46 44 50 49 42 41 47 43 48
 39 33 40 36 35 32 31 38 34 37 45 47 44 43 41 48 42 49 50 46  8  3  6  9  7  2  5  1  4 10 11 13 19 12 17 20 15 16 18 14 25 26 24 30 29 22 21 27 23 28
 49 43 50 46 45 42 41 48 44 47  5  7  4  3  1  8  2  9 10  6 18 13 16 19 17 12 15 11 14 20 21 23 29 22 27 30 25 26 28 24 35 36 34 40 39 32 31 37 33 38
 29 23 30 26 25 22 21 28 24 27 35 37 34 33 31 38 32 39 40 36 48 43 46 49 47 42 45 41 44 50  1  3  9  2  7 10  5  6  8  4 15 16 14 20 19 12 11 17 13 18
