-------------------------------------------------------------
| 15 13  2  1  |  6 12 14  8  |  9  7  3  4  | 16 10 11  5  |
|  9 11  5  7  | 13  1 10 15  |  8 16  6 12  |  4  2  3 14  |
|  3 16  4  8  |  9  2 11  7  | 13 10 14  5  |  6 12  1 15  |
|  6 12 10 14  |  3  5 16  4  | 15  2 11  1  |  9  8 13  7  |
-------------------------------------------------------------
|  2  4  3  5  | 11  6 12 16  |  7 15 10 14  |  1  9  8 13  |
|  8 10 12 15  |  2  3  4  5  | 11  9  1 13  |  7 16 14  6  |
| 14  9 16 13  | 15 10  7  1  |  6  4  2  8  | 12 11  5  3  |
|  1  7  6 11  |  8 14 13  9  |  5 12 16  3  | 10  4 15  2  |
-------------------------------------------------------------
| 16  1 14  2  | 10 13 15 12  |  4  8  9  6  |  5  3  7 11  |
| 11  3  7  9  |  1 16  2 14  | 12 13  5 10  |  8 15  6  4  |
| 13  6  8  4  |  5  7  9 11  |  1  3 15 16  |  2 14 10 12  |
| 12  5 15 10  |  4  8  3  6  |  2 14  7 11  | 13  1 16  9  |
-------------------------------------------------------------
| 10 14  9  6  | 16 15  1 13  |  3  5 12  2  | 11  7  4  8  |
|  7  8 11 12  | 14  4  6  3  | 16  1 13  9  | 15  5  2 10  |
|  4  2 13 16  |  7  9  5 10  | 14 11  8 15  |  3  6 12  1  |
|  5 15  1  3  | 12 11  8  2  | 10  6  4  7  | 14 13  9 16  |
-------------------------------------------------------------
