-------------------------------------------------------------
| 14  4 12  1  | 13  6  9 16  |  5  8 10  7  |  3 15 11  2  |
| 16  6  3 11  | 10  7 12 15  | 13 14  2  9  |  5  8  1  4  |
| 15  2 10  8  |  4 14  1  5  |  6 12  3 11  | 13  9  7 16  |
|  7 13  9  5  |  2  8 11  3  | 16 15  4  1  | 10 12 14  6  |
-------------------------------------------------------------
|  6 16  8 12  | 14 10 13  2  | 15  5  9  3  | 11  7  4  1  |
|  1 10  2  3  |  9 15  6 11  |  4 13  7 16  | 12  5  8 14  |
| 11 15 14  4  |  1 12  5  7  | 10  6  8  2  | 16 13  9  3  |
|  5  9 13  7  |  8  3 16  4  | 12 11  1 14  | 15  2  6 10  |
-------------------------------------------------------------
|  4  5  6 13  | 15 11  7  1  |  8 10 16 12  | 14  3  2  9  |
|  8  3  1 16  | 12  4 10  6  |  9  2 14  5  |  7 11 13 15  |
| 10 14 15  2  |  3 13  8  9  |  1  7 11  6  |  4 16  5 12  |
| 12 11  7  9  | 16  5  2 14  |  3  4 15 13  |  1  6 10  8  |
-------------------------------------------------------------
|  9  1  5  6  | 11 16  4 10  |  7  3 12  8  |  2 14 15 13  |
|  2 12 16 14  |  7  9 15  8  | 11  1 13  4  |  6 10  3  5  |
|  3  8 11 10  |  5  1 14 13  |  2 16  6 15  |  9  4 12  7  |
| 13  7  4 15  |  6  2  3 12  | 14  9  5 10  |  8  1 16 11  |
-------------------------------------------------------------
