-------------------------------------------------------------
|  5 15 11 10  |  2  9  3  7  |  8 16 14  1  | 12  6  4 13  |
|  1  3 13  9  | 10 11 12  6  |  2  5  4 15  |  8 14 16  7  |
|  6 14  4 16  | 15 13  5  8  |  7 12 10  9  |  2 11  3  1  |
|  8  7 12  2  |  1  4 16 14  |  3 11  6 13  |  5 10 15  9  |
-------------------------------------------------------------
| 14  8  6  7  |  9  2 10  4  | 11  1 16  5  | 15 12 13  3  |
| 15 16  3 13  | 12 14  6 11  |  9 10  8  4  |  1  7  2  5  |
|  9 12  5 11  |  7  8 13  1  | 15 14  3  2  | 10  4  6 16  |
| 10  1  2  4  |  5  3 15 16  | 12  7 13  6  | 14  9 11  8  |
-------------------------------------------------------------
|  4 10 14  8  | 11  6  2  3  | 16  9  7 12  | 13  1  5 15  |
| 16  2  7  3  |  4 15  9 13  |  5  6  1 14  | 11  8 12 10  |
| 13  5 15 12  | 16  7  1 10  |  4  3 11  8  |  9  2 14  6  |
| 11  9  1  6  |  8  5 14 12  | 13 15  2 10  |  3 16  7  4  |
-------------------------------------------------------------
|  2  6  8  5  | 14 12  7  9  | 10 13 15 16  |  4  3  1 11  |
|  3 11 10 14  | 13 16  4 15  |  1  2  9  7  |  6  5  8 12  |
|  7  4  9 15  |  6  1 11  5  | 14  8 12  3  | 16 13 10  2  |
| 12 13 16  1  |  3 10  8  2  |  6  4  5 11  |  7 15  9 14  |
-------------------------------------------------------------
