 28 34 30 36 31 33 35 32 29 41 45 42 40 44 37 39 43 38 48 46 50 53 47 49 54 52 51 55 59 56 60 62 58 61 57 63  7  2  1  6  3  9  4  5  8 11 18 15 13 12 16 10 14 17 19 24 21 23 27 20 22 26 25
  1  7  3  9  4  6  8  5  2 14 18 15 13 17 10 12 16 11 21 19 23 26 20 22 27 25 24 28 32 29 33 35 31 34 30 36 43 38 37 42 39 45 40 41 44 47 54 51 49 48 52 46 50 53 55 60 57 59 63 56 58 62 61
 19 25 21 27 22 24 26 23 20 32 36 33 31 35 28 30 34 29 39 37 41 44 38 40 45 43 42 46 50 47 51 53 49 52 48 54 61 56 55 60 57 63 58 59 62  2  9  6  4  3  7  1  5  8 10 15 12 14 18 11 13 17 16
 37 43 39 45 40 42 44 41 38 50 54 51 49 53 46 48 52 47 57 55 59 62 56 58 63 61 60  1  5  2  6  8  4  7  3  9 16 11 10 15 12 18 13 14 17 20 27 24 22 21 25 19 23 26 28 33 30 32 36 29 31 35 34
 46 52 48 54 49 51 53 50 47 59 63 60 58 62 55 57 61 56  3  1  5  8  2  4  9  7  6 10 14 11 15 17 13 16 12 18 25 20 19 24 21 27 22 23 26 29 36 33 31 30 34 28 32 35 37 42 39 41 45 38 40 44 43
 10 16 12 18 13 15 17 14 11 23 27 24 22 26 19 21 25 20 30 28 32 35 29 31 36 34 33 37 41 38 42 44 40 43 39 45 52 47 46 51 48 54 49 50 53 56 63 60 58 57 61 55 59 62  1  6  3  5  9  2  4  8  7
 55 61 57 63 58 60 62 59 56  5  9  6  4  8  1  3  7  2 12 10 14 17 11 13 18 16 15 19 23 20 24 26 22 25 21 27 34 29 28 33 30 36 31 32 35 38 45 42 40 39 43 37 41 44 46 51 48 50 54 47 49 53 52
 56 62 58 55 59 61 63 60 57  6  1  7  5  9  2  4  8  3 13 11 15 18 12 14 10 17 16 20 24 21 25 27 23 26 22 19 35 30 29 34 31 28 32 33 36 39 37 43 41 40 44 38 42 45 47 52 49 51 46 48 50 54 53
 29 35 31 28 32 34 36 33 30 42 37 43 41 45 38 40 44 39 49 47 51 54 48 50 46 53 52 56 60 57 61 63 59 62 58 55  8  3  2  7  4  1  5  6  9 12 10 16 14 13 17 11 15 18 20 25 22 24 19 21 23 27 26
 47 53 49 46 50 52 54 51 48 60 55 61 59 63 56 58 62 57  4  2  6  9  3  5  1  8  7 11 15 12 16 18 14 17 13 10 26 21 20 25 22 19 23 24 27 30 28 34 32 31 35 29 33 36 38 43 40 42 37 39 41 45 44
  2  8  4  1  5  7  9  6  3 15 10 16 14 18 11 13 17 12 22 20 24 27 21 23 19 26 25 29 33 30 34 36 32 35 31 28 44 39 38 43 40 37 41 42 45 48 46 52 50 49 53 47 51 54 56 61 58 60 55 57 59 63 62
 20 26 22 19 23 25 27 24 21 33 28 34 32 36 29 31 35 30 40 38 42 45 39 41 37 44 43 47 51 48 52 54 50 53 49 46 62 57 56 61 58 55 59 60 63  3  1  7  5  4  8  2  6  9 11 16 13 15 10 12 14 18 17
 11 17 13 10 14 16 18 15 12 24 19 25 23 27 20 22 26 21 31 29 33 36 30 32 28 35 34 38 42 39 43 45 41 44 40 37 53 48 47 52 49 46 50 51 54 57 55 61 59 58 62 56 60 63  2  7  4  6  1  3  5  9  8
 38 44 40 37 41 43 45 42 39 51 46 52 50 54 47 49 53 48 58 56 60 63 57 59 55 62 61  2  6  3  7  9  5  8  4  1 17 12 11 16 13 10 14 15 18 21 19 25 23 22 26 20 24 27 29 34 31 33 28 30 32 36 35
 57 63 59 56 60 62 55 61 58  7  2  8  6  1  3  5  9  4 14 12 16 10 13 15 11 18 17 21 25 22 26 19 24 27 23 20 36 31 30 35 32 29 33 34 28 40 38 44 42 41 45 39 43 37 48 53 50 52 47 49 51 46 54
 48 54 50 47 51 53 46 52 49 61 56 62 60 55 57 59 63 58  5  3  7  1  4  6  2  9  8 12 16 13 17 10 15 18 14 11 27 22 21 26 23 20 24 25 19 31 29 35 33 32 36 30 34 28 39 44 41 43 38 40 42 37 45
 12 18 14 11 15 17 10 16 13 25 20 26 24 19 21 23 27 22 32 30 34 28 31 33 29 36 35 39 43 40 44 37 42 45 41 38 54 49 48 53 50 47 51 52 46 58 56 62 60 59 63 57 61 55  3  8  5  7  2  4  6  1  9
  3  9  5  2  6  8  1  7  4 16 11 17 15 10 12 14 18 13 23 21 25 19 22 24 20 27 26 30 34 31 35 28 33 36 32 29 45 40 39 44 41 38 42 43 37 49 47 53 51 50 54 48 52 46 57 62 59 61 56 58 60 55 63
 30 36 32 29 33 35 28 34 31 43 38 44 42 37 39 41 45 40 50 48 52 46 49 51 47 54 53 57 61 58 62 55 60 63 59 56  9  4  3  8  5  2  6  7  1 13 11 17 15 14 18 12 16 10 21 26 23 25 20 22 24 19 27
 21 27 23 20 24 26 19 25 22 34 29 35 33 28 30 32 36 31 41 39 43 37 40 42 38 45 44 48 52 49 53 46 51 54 50 47 63 58 57 62 59 56 60 61 55  4  2  8  6  5  9  3  7  1 12 17 14 16 11 13 15 10 18
 39 45 41 38 42 44 37 43 40 52 47 53 51 46 48 50 54 49 59 57 61 55 58 60 56 63 62  3  7  4  8  1  6  9  5  2 18 13 12 17 14 11 15 16 10 22 20 26 24 23 27 21 25 19 30 35 32 34 29 31 33 28 36
  4  1  6  3  7  9  2  8  5 17 12 18 16 11 13 15 10 14 24 22 26 20 23 25 21 19 27 31 35 32 36 29 34 28 33 30 37 41 40 45 42 39 43 44 38 50 48 54 52 51 46 49 53 47 58 63 60 62 57 59 61 56 55
 49 46 51 48 52 54 47 53 50 62 57 63 61 56 58 60 55 59  6  4  8  2  5  7  3  1  9 13 17 14 18 11 16 10 15 12 19 23 22 27 24 21 25 26 20 32 30 36 34 33 28 31 35 29 40 45 42 44 39 41 43 38 37
 58 55 60 57 61 63 56 62 59  8  3  9  7  2  4  6  1  5 15 13 17 11 14 16 12 10 18 22 26 23 27 20 25 19 24 21 28 32 31 36 33 30 34 35 29 41 39 45 43 42 37 40 44 38 49 54 51 53 48 50 52 47 46
 31 28 33 30 34 36 29 35 32 44 39 45 43 38 40 42 37 41 51 49 53 47 50 52 48 46 54 58 62 59 63 56 61 55 60 57  1  5  4  9  6  3  7  8  2 14 12 18 16 15 10 13 17 11 22 27 24 26 21 23 25 20 19
 13 10 15 12 16 18 11 17 14 26 21 27 25 20 22 24 19 23 33 31 35 29 32 34 30 28 36 40 44 41 45 38 43 37 42 39 46 50 49 54 51 48 52 53 47 59 57 63 61 60 55 58 62 56  4  9  6  8  3  5  7  2  1
 40 37 42 39 43 45 38 44 41 53 48 54 52 47 49 51 46 50 60 58 62 56 59 61 57 55 63  4  8  5  9  2  7  1  6  3 10 14 13 18 15 12 16 17 11 23 21 27 25 24 19 22 26 20 31 36 33 35 30 32 34 29 28
 22 19 24 21 25 27 20 26 23 35 30 36 34 29 31 33 28 32 42 40 44 38 41 43 39 37 45 49 53 50 54 47 52 46 51 48 55 59 58 63 60 57 61 62 56  5  3  9  7  6  1  4  8  2 13 18 15 17 12 14 16 11 10
  5  2  7  4  8  1  3  9  6 18 13 10 17 12 14 16 11 15 25 23 27 21 24 26 22 20 19 32 36 33 28 30 35 29 34 31 38 42 41 37 43 40 44 45 39 51 49 46 53 52 47 50 54 48 59 55 61 63 58 60 62 57 56
 41 38 43 40 44 37 39 45 42 54 49 46 53 48 50 52 47 51 61 59 63 57 60 62 58 56 55  5  9  6  1  3  8  2  7  4 11 15 14 10 16 13 17 18 12 24 22 19 26 25 20 23 27 21 32 28 34 36 31 33 35 30 29
 14 11 16 13 17 10 12 18 15 27 22 19 26 21 23 25 20 24 34 32 36 30 33 35 31 29 28 41 45 42 37 39 44 38 43 40 47 51 50 46 52 49 53 54 48 60 58 55 62 61 56 59 63 57  5  1  7  9  4  6  8  3  2
 32 29 34 31 35 28 30 36 33 45 40 37 44 39 41 43 38 42 52 50 54 48 51 53 49 47 46 59 63 60 55 57 62 56 61 58  2  6  5  1  7  4  8  9  3 15 13 10 17 16 11 14 18 12 23 19 25 27 22 24 26 21 20
 50 47 52 49 53 46 48 54 51 63 58 55 62 57 59 61 56 60  7  5  9  3  6  8  4  2  1 14 18 15 10 12 17 11 16 13 20 24 23 19 25 22 26 27 21 33 31 28 35 34 29 32 36 30 41 37 43 45 40 42 44 39 38
 59 56 61 58 62 55 57 63 60  9  4  1  8  3  5  7  2  6 16 14 18 12 15 17 13 11 10 23 27 24 19 21 26 20 25 22 29 33 32 28 34 31 35 36 30 42 40 37 44 43 38 41 45 39 50 46 52 54 49 51 53 48 47
 23 20 25 22 26 19 21 27 24 36 31 28 35 30 32 34 29 33 43 41 45 39 42 44 40 38 37 50 54 51 46 48 53 47 52 49 56 60 59 55 61 58 62 63 57  6  4  1  8  7  2  5  9  3 14 10 16 18 13 15 17 12 11
  6  3  8  5  9  2  4  1  7 10 14 11 18 13 15 17 12 16 26 24 19 22 25 27 23 21 20 33 28 34 29 31 36 30 35 32 39 43 42 38 44 41 45 37 40 52 50 47 54 53 48 51 46 49 60 56 62 55 59 61 63 58 57
 60 57 62 59 63 56 58 55 61  1  5  2  9  4  6  8  3  7 17 15 10 13 16 18 14 12 11 24 19 25 20 22 27 21 26 23 30 34 33 29 35 32 36 28 31 43 41 38 45 44 39 42 37 40 51 47 53 46 50 52 54 49 48
 15 12 17 14 18 11 13 10 16 19 23 20 27 22 24 26 21 25 35 33 28 31 34 36 32 30 29 42 37 43 38 40 45 39 44 41 48 52 51 47 53 50 54 46 49 61 59 56 63 62 57 60 55 58  6  2  8  1  5  7  9  4  3
 42 39 44 41 45 38 40 37 43 46 50 47 54 49 51 53 48 52 62 60 55 58 61 63 59 57 56  6  1  7  2  4  9  3  8  5 12 16 15 11 17 14 18 10 13 25 23 20 27 26 21 24 19 22 33 29 35 28 32 34 36 31 30
 51 48 53 50 54 47 49 46 52 55 59 56 63 58 60 62 57 61  8  6  1  4  7  9  5  3  2 15 10 16 11 13 18 12 17 14 21 25 24 20 26 23 27 19 22 34 32 29 36 35 30 33 28 31 42 38 44 37 41 43 45 40 39
 33 30 35 32 36 29 31 28 34 37 41 38 45 40 42 44 39 43 53 51 46 49 52 54 50 48 47 60 55 61 56 58 63 57 62 59  3  7  6  2  8  5  9  1  4 16 14 11 18 17 12 15 10 13 24 20 26 19 23 25 27 22 21
 24 21 26 23 27 20 22 19 25 28 32 29 36 31 33 35 30 34 44 42 37 40 43 45 41 39 38 51 46 52 47 49 54 48 53 50 57 61 60 56 62 59 63 55 58  7  5  2  9  8  3  6  1  4 15 11 17 10 14 16 18 13 12
 25 22 27 24 19 21 23 20 26 29 33 30 28 32 34 36 31 35 45 43 38 41 44 37 42 40 39 52 47 53 48 50 46 49 54 51 58 62 61 57 63 60 55 56 59  8  6  3  1  9  4  7  2  5 16 12 18 11 15 17 10 14 13
  7  4  9  6  1  3  5  2  8 11 15 12 10 14 16 18 13 17 27 25 20 23 26 19 24 22 21 34 29 35 30 32 28 31 36 33 40 44 43 39 45 42 37 38 41 53 51 48 46 54 49 52 47 50 61 57 63 56 60 62 55 59 58
 34 31 36 33 28 30 32 29 35 38 42 39 37 41 43 45 40 44 54 52 47 50 53 46 51 49 48 61 56 62 57 59 55 58 63 60  4  8  7  3  9  6  1  2  5 17 15 12 10 18 13 16 11 14 25 21 27 20 24 26 19 23 22
 61 58 63 60 55 57 59 56 62  2  6  3  1  5  7  9  4  8 18 16 11 14 17 10 15 13 12 25 20 26 21 23 19 22 27 24 31 35 34 30 36 33 28 29 32 44 42 39 37 45 40 43 38 41 52 48 54 47 51 53 46 50 49
 52 49 54 51 46 48 50 47 53 56 60 57 55 59 61 63 58 62  9  7  2  5  8  1  6  4  3 16 11 17 12 14 10 13 18 15 22 26 25 21 27 24 19 20 23 35 33 30 28 36 31 34 29 32 43 39 45 38 42 44 37 41 40
 43 40 45 42 37 39 41 38 44 47 51 48 46 50 52 54 49 53 63 61 56 59 62 55 60 58 57  7  2  8  3  5  1  4  9  6 13 17 16 12 18 15 10 11 14 26 24 21 19 27 22 25 20 23 34 30 36 29 33 35 28 32 31
 16 13 18 15 10 12 14 11 17 20 24 21 19 23 25 27 22 26 36 34 29 32 35 28 33 31 30 43 38 44 39 41 37 40 45 42 49 53 52 48 54 51 46 47 50 62 60 57 55 63 58 61 56 59  7  3  9  2  6  8  1  5  4
 35 32 28 34 29 31 33 30 36 39 43 40 38 42 44 37 41 45 46 53 48 51 54 47 52 50 49 62 57 63 58 60 56 59 55 61  5  9  8  4  1  7  2  3  6 18 16 13 11 10 14 17 12 15 26 22 19 21 25 27 20 24 23
 53 50 46 52 47 49 51 48 54 57 61 58 56 60 62 55 59 63  1  8  3  6  9  2  7  5  4 17 12 18 13 15 11 14 10 16 23 27 26 22 19 25 20 21 24 36 34 31 29 28 32 35 30 33 44 40 37 39 43 45 38 42 41
 62 59 55 61 56 58 60 57 63  3  7  4  2  6  8  1  5  9 10 17 12 15 18 11 16 14 13 26 21 27 22 24 20 23 19 25 32 36 35 31 28 34 29 30 33 45 43 40 38 37 41 44 39 42 53 49 46 48 52 54 47 51 50
 17 14 10 16 11 13 15 12 18 21 25 22 20 24 26 19 23 27 28 35 30 33 36 29 34 32 31 44 39 45 40 42 38 41 37 43 50 54 53 49 46 52 47 48 51 63 61 58 56 55 59 62 57 60  8  4  1  3  7  9  2  6  5
 26 23 19 25 20 22 24 21 27 30 34 31 29 33 35 28 32 36 37 44 39 42 45 38 43 41 40 53 48 54 49 51 47 50 46 52 59 63 62 58 55 61 56 57 60  9  7  4  2  1  5  8  3  6 17 13 10 12 16 18 11 15 14
  8  5  1  7  2  4  6  3  9 12 16 13 11 15 17 10 14 18 19 26 21 24 27 20 25 23 22 35 30 36 31 33 29 32 28 34 41 45 44 40 37 43 38 39 42 54 52 49 47 46 50 53 48 51 62 58 55 57 61 63 56 60 59
 44 41 37 43 38 40 42 39 45 48 52 49 47 51 53 46 50 54 55 62 57 60 63 56 61 59 58  8  3  9  4  6  2  5  1  7 14 18 17 13 10 16 11 12 15 27 25 22 20 19 23 26 21 24 35 31 28 30 34 36 29 33 32
 45 42 38 44 39 41 43 40 37 49 53 50 48 52 54 47 51 46 56 63 58 61 55 57 62 60 59  9  4  1  5  7  3  6  2  8 15 10 18 14 11 17 12 13 16 19 26 23 21 20 24 27 22 25 36 32 29 31 35 28 30 34 33
 27 24 20 26 21 23 25 22 19 31 35 32 30 34 36 29 33 28 38 45 40 43 37 39 44 42 41 54 49 46 50 52 48 51 47 53 60 55 63 59 56 62 57 58 61  1  8  5  3  2  6  9  4  7 18 14 11 13 17 10 12 16 15
 18 15 11 17 12 14 16 13 10 22 26 23 21 25 27 20 24 19 29 36 31 34 28 30 35 33 32 45 40 37 41 43 39 42 38 44 51 46 54 50 47 53 48 49 52 55 62 59 57 56 60 63 58 61  9  5  2  4  8  1  3  7  6
 63 60 56 62 57 59 61 58 55  4  8  5  3  7  9  2  6  1 11 18 13 16 10 12 17 15 14 27 22 19 23 25 21 24 20 26 33 28 36 32 29 35 30 31 34 37 44 41 39 38 42 45 40 43 54 50 47 49 53 46 48 52 51
  9  6  2  8  3  5  7  4  1 13 17 14 12 16 18 11 15 10 20 27 22 25 19 21 26 24 23 36 31 28 32 34 30 33 29 35 42 37 45 41 38 44 39 40 43 46 53 50 48 47 51 54 49 52 63 59 56 58 62 55 57 61 60
 54 51 47 53 48 50 52 49 46 58 62 59 57 61 63 56 60 55  2  9  4  7  1  3  8  6  5 18 13 10 14 16 12 15 11 17 24 19 27 23 20 26 21 22 25 28 35 32 30 29 33 36 31 34 45 41 38 40 44 37 39 43 42
 36 33 29 35 30 32 34 31 28 40 44 41 39 43 45 38 42 37 47 54 49 52 46 48 53 51 50 63 58 55 59 61 57 60 56 62  6  1  9  5  2  8  3  4  7 10 17 14 12 11 15 18 13 16 27 23 20 22 26 19 21 25 24
