 26 20 23 24 19 21 25 27 22 35 33 32 31 30 36 28 29 34 44 39 45 40 43 41 37 42 38 53 47 54 50 51 46 52 49 48 58 57 61 59 62 56 55 60 63  3  4  1  7  2  6  5  9  8 10 13 18 17 12 14 11 16 15
 17 11 14 15 10 12 16 18 13 26 24 23 22 21 27 19 20 25 35 30 36 31 34 32 28 33 29 44 38 45 41 42 37 43 40 39 49 48 52 50 53 47 46 51 54 57 58 55 61 56 60 59 63 62  1  4  9  8  3  5  2  7  6
 35 29 32 33 28 30 34 36 31 44 42 41 40 39 45 37 38 43 53 48 54 49 52 50 46 51 47 62 56 63 59 60 55 61 58 57  4  3  7  5  8  2  1  6  9 12 13 10 16 11 15 14 18 17 19 22 27 26 21 23 20 25 24
 62 56 59 60 55 57 61 63 58  8  6  5  4  3  9  1  2  7 17 12 18 13 16 14 10 15 11 26 20 27 23 24 19 25 22 21 31 30 34 32 35 29 28 33 36 39 40 37 43 38 42 41 45 44 46 49 54 53 48 50 47 52 51
 44 38 41 42 37 39 43 45 40 53 51 50 49 48 54 46 47 52 62 57 63 58 61 59 55 60 56  8  2  9  5  6  1  7  4  3 13 12 16 14 17 11 10 15 18 21 22 19 25 20 24 23 27 26 28 31 36 35 30 32 29 34 33
  8  2  5  6  1  3  7  9  4 17 15 14 13 12 18 10 11 16 26 21 27 22 25 23 19 24 20 35 29 36 32 33 28 34 31 30 40 39 43 41 44 38 37 42 45 48 49 46 52 47 51 50 54 53 55 58 63 62 57 59 56 61 60
 53 47 50 51 46 48 52 54 49 62 60 59 58 57 63 55 56 61  8  3  9  4  7  5  1  6  2 17 11 18 14 15 10 16 13 12 22 21 25 23 26 20 19 24 27 30 31 28 34 29 33 32 36 35 37 40 45 44 39 41 38 43 42
 54 48 51 52 47 49 53 46 50 63 61 60 59 58 55 56 57 62  9  4  1  5  8  6  2  7  3 18 12 10 15 16 11 17 14 13 23 22 26 24 27 21 20 25 19 31 32 29 35 30 34 33 28 36 38 41 37 45 40 42 39 44 43
 63 57 60 61 56 58 62 55 59  9  7  6  5  4  1  2  3  8 18 13 10 14 17 15 11 16 12 27 21 19 24 25 20 26 23 22 32 31 35 33 36 30 29 34 28 40 41 38 44 39 43 42 37 45 47 50 46 54 49 51 48 53 52
 18 12 15 16 11 13 17 10 14 27 25 24 23 22 19 20 21 26 36 31 28 32 35 33 29 34 30 45 39 37 42 43 38 44 41 40 50 49 53 51 54 48 47 52 46 58 59 56 62 57 61 60 55 63  2  5  1  9  4  6  3  8  7
 45 39 42 43 38 40 44 37 41 54 52 51 50 49 46 47 48 53 63 58 55 59 62 60 56 61 57  9  3  1  6  7  2  8  5  4 14 13 17 15 18 12 11 16 10 22 23 20 26 21 25 24 19 27 29 32 28 36 31 33 30 35 34
  9  3  6  7  2  4  8  1  5 18 16 15 14 13 10 11 12 17 27 22 19 23 26 24 20 25 21 36 30 28 33 34 29 35 32 31 41 40 44 42 45 39 38 43 37 49 50 47 53 48 52 51 46 54 56 59 55 63 58 60 57 62 61
 27 21 24 25 20 22 26 19 23 36 34 33 32 31 28 29 30 35 45 40 37 41 44 42 38 43 39 54 48 46 51 52 47 53 50 49 59 58 62 60 63 57 56 61 55  4  5  2  8  3  7  6  1  9 11 14 10 18 13 15 12 17 16
 36 30 33 34 29 31 35 28 32 45 43 42 41 40 37 38 39 44 54 49 46 50 53 51 47 52 48 63 57 55 60 61 56 62 59 58  5  4  8  6  9  3  2  7  1 13 14 11 17 12 16 15 10 18 20 23 19 27 22 24 21 26 25
 46 49 52 53 48 50 54 47 51 55 62 61 60 59 56 57 58 63  1  5  2  6  9  7  3  8  4 10 13 11 16 17 12 18 15 14 24 23 27 25 19 22 21 26 20 32 33 30 36 31 35 34 29 28 39 42 38 37 41 43 40 45 44
 55 58 61 62 57 59 63 56 60  1  8  7  6  5  2  3  4  9 10 14 11 15 18 16 12 17 13 19 22 20 25 26 21 27 24 23 33 32 36 34 28 31 30 35 29 41 42 39 45 40 44 43 38 37 48 51 47 46 50 52 49 54 53
 19 22 25 26 21 23 27 20 24 28 35 34 33 32 29 30 31 36 37 41 38 42 45 43 39 44 40 46 49 47 52 53 48 54 51 50 60 59 63 61 55 58 57 62 56  5  6  3  9  4  8  7  2  1 12 15 11 10 14 16 13 18 17
 28 31 34 35 30 32 36 29 33 37 44 43 42 41 38 39 40 45 46 50 47 51 54 52 48 53 49 55 58 56 61 62 57 63 60 59  6  5  9  7  1  4  3  8  2 14 15 12 18 13 17 16 11 10 21 24 20 19 23 25 22 27 26
  1  4  7  8  3  5  9  2  6 10 17 16 15 14 11 12 13 18 19 23 20 24 27 25 21 26 22 28 31 29 34 35 30 36 33 32 42 41 45 43 37 40 39 44 38 50 51 48 54 49 53 52 47 46 57 60 56 55 59 61 58 63 62
 37 40 43 44 39 41 45 38 42 46 53 52 51 50 47 48 49 54 55 59 56 60 63 61 57 62 58  1  4  2  7  8  3  9  6  5 15 14 18 16 10 13 12 17 11 23 24 21 27 22 26 25 20 19 30 33 29 28 32 34 31 36 35
 10 13 16 17 12 14 18 11 15 19 26 25 24 23 20 21 22 27 28 32 29 33 36 34 30 35 31 37 40 38 43 44 39 45 42 41 51 50 54 52 46 49 48 53 47 59 60 57 63 58 62 61 56 55  3  6  2  1  5  7  4  9  8
 11 14 17 18 13 15 10 12 16 20 27 26 25 24 21 22 23 19 29 33 30 34 28 35 31 36 32 38 41 39 44 45 40 37 43 42 52 51 46 53 47 50 49 54 48 60 61 58 55 59 63 62 57 56  4  7  3  2  6  8  5  1  9
 20 23 26 27 22 24 19 21 25 29 36 35 34 33 30 31 32 28 38 42 39 43 37 44 40 45 41 47 50 48 53 54 49 46 52 51 61 60 55 62 56 59 58 63 57  6  7  4  1  5  9  8  3  2 13 16 12 11 15 17 14 10 18
 47 50 53 54 49 51 46 48 52 56 63 62 61 60 57 58 59 55  2  6  3  7  1  8  4  9  5 11 14 12 17 18 13 10 16 15 25 24 19 26 20 23 22 27 21 33 34 31 28 32 36 35 30 29 40 43 39 38 42 44 41 37 45
 29 32 35 36 31 33 28 30 34 38 45 44 43 42 39 40 41 37 47 51 48 52 46 53 49 54 50 56 59 57 62 63 58 55 61 60  7  6  1  8  2  5  4  9  3 15 16 13 10 14 18 17 12 11 22 25 21 20 24 26 23 19 27
 56 59 62 63 58 60 55 57 61  2  9  8  7  6  3  4  5  1 11 15 12 16 10 17 13 18 14 20 23 21 26 27 22 19 25 24 34 33 28 35 29 32 31 36 30 42 43 40 37 41 45 44 39 38 49 52 48 47 51 53 50 46 54
  2  5  8  9  4  6  1  3  7 11 18 17 16 15 12 13 14 10 20 24 21 25 19 26 22 27 23 29 32 30 35 36 31 28 34 33 43 42 37 44 38 41 40 45 39 51 52 49 46 50 54 53 48 47 58 61 57 56 60 62 59 55 63
 38 41 44 45 40 42 37 39 43 47 54 53 52 51 48 49 50 46 56 60 57 61 55 62 58 63 59  2  5  3  8  9  4  1  7  6 16 15 10 17 11 14 13 18 12 24 25 22 19 23 27 26 21 20 31 34 30 29 33 35 32 28 36
 12 15 18 10 14 16 11 13 17 21 19 27 26 25 22 23 24 20 30 34 31 35 29 36 32 28 33 39 42 40 45 37 41 38 44 43 53 52 47 54 48 51 50 46 49 61 62 59 56 60 55 63 58 57  5  8  4  3  7  9  6  2  1
 48 51 54 46 50 52 47 49 53 57 55 63 62 61 58 59 60 56  3  7  4  8  2  9  5  1  6 12 15 13 18 10 14 11 17 16 26 25 20 27 21 24 23 19 22 34 35 32 29 33 28 36 31 30 41 44 40 39 43 45 42 38 37
 39 42 45 37 41 43 38 40 44 48 46 54 53 52 49 50 51 47 57 61 58 62 56 63 59 55 60  3  6  4  9  1  5  2  8  7 17 16 11 18 12 15 14 10 13 25 26 23 20 24 19 27 22 21 32 35 31 30 34 36 33 29 28
 57 60 63 55 59 61 56 58 62  3  1  9  8  7  4  5  6  2 12 16 13 17 11 18 14 10 15 21 24 22 27 19 23 20 26 25 35 34 29 36 30 33 32 28 31 43 44 41 38 42 37 45 40 39 50 53 49 48 52 54 51 47 46
  3  6  9  1  5  7  2  4  8 12 10 18 17 16 13 14 15 11 21 25 22 26 20 27 23 19 24 30 33 31 36 28 32 29 35 34 44 43 38 45 39 42 41 37 40 52 53 50 47 51 46 54 49 48 59 62 58 57 61 63 60 56 55
 30 33 36 28 32 34 29 31 35 39 37 45 44 43 40 41 42 38 48 52 49 53 47 54 50 46 51 57 60 58 63 55 59 56 62 61  8  7  2  9  3  6  5  1  4 16 17 14 11 15 10 18 13 12 23 26 22 21 25 27 24 20 19
 21 24 27 19 23 25 20 22 26 30 28 36 35 34 31 32 33 29 39 43 40 44 38 45 41 37 42 48 51 49 54 46 50 47 53 52 62 61 56 63 57 60 59 55 58  7  8  5  2  6  1  9  4  3 14 17 13 12 16 18 15 11 10
 40 43 37 38 42 44 39 41 45 49 47 46 54 53 50 51 52 48 58 62 59 63 57 55 60 56 61  4  7  5  1  2  6  3  9  8 18 17 12 10 13 16 15 11 14 26 27 24 21 25 20 19 23 22 33 36 32 31 35 28 34 30 29
 22 25 19 20 24 26 21 23 27 31 29 28 36 35 32 33 34 30 40 44 41 45 39 37 42 38 43 49 52 50 46 47 51 48 54 53 63 62 57 55 58 61 60 56 59  8  9  6  3  7  2  1  5  4 15 18 14 13 17 10 16 12 11
 49 52 46 47 51 53 48 50 54 58 56 55 63 62 59 60 61 57  4  8  5  9  3  1  6  2  7 13 16 14 10 11 15 12 18 17 27 26 21 19 22 25 24 20 23 35 36 33 30 34 29 28 32 31 42 45 41 40 44 37 43 39 38
 58 61 55 56 60 62 57 59 63  4  2  1  9  8  5  6  7  3 13 17 14 18 12 10 15 11 16 22 25 23 19 20 24 21 27 26 36 35 30 28 31 34 33 29 32 44 45 42 39 43 38 37 41 40 51 54 50 49 53 46 52 48 47
 13 16 10 11 15 17 12 14 18 22 20 19 27 26 23 24 25 21 31 35 32 36 30 28 33 29 34 40 43 41 37 38 42 39 45 44 54 53 48 46 49 52 51 47 50 62 63 60 57 61 56 55 59 58  6  9  5  4  8  1  7  3  2
  4  7  1  2  6  8  3  5  9 13 11 10 18 17 14 15 16 12 22 26 23 27 21 19 24 20 25 31 34 32 28 29 33 30 36 35 45 44 39 37 40 43 42 38 41 53 54 51 48 52 47 46 50 49 60 63 59 58 62 55 61 57 56
 31 34 28 29 33 35 30 32 36 40 38 37 45 44 41 42 43 39 49 53 50 54 48 46 51 47 52 58 61 59 55 56 60 57 63 62  9  8  3  1  4  7  6  2  5 17 18 15 12 16 11 10 14 13 24 27 23 22 26 19 25 21 20
 23 26 20 21 25 27 22 24 19 32 30 29 28 36 33 34 35 31 41 45 42 37 40 38 43 39 44 50 53 51 47 48 52 49 46 54 55 63 58 56 59 62 61 57 60  9  1  7  4  8  3  2  6  5 16 10 15 14 18 11 17 13 12
 50 53 47 48 52 54 49 51 46 59 57 56 55 63 60 61 62 58  5  9  6  1  4  2  7  3  8 14 17 15 11 12 16 13 10 18 19 27 22 20 23 26 25 21 24 36 28 34 31 35 30 29 33 32 43 37 42 41 45 38 44 40 39
 14 17 11 12 16 18 13 15 10 23 21 20 19 27 24 25 26 22 32 36 33 28 31 29 34 30 35 41 44 42 38 39 43 40 37 45 46 54 49 47 50 53 52 48 51 63 55 61 58 62 57 56 60 59  7  1  6  5  9  2  8  4  3
 32 35 29 30 34 36 31 33 28 41 39 38 37 45 42 43 44 40 50 54 51 46 49 47 52 48 53 59 62 60 56 57 61 58 55 63  1  9  4  2  5  8  7  3  6 18 10 16 13 17 12 11 15 14 25 19 24 23 27 20 26 22 21
 41 44 38 39 43 45 40 42 37 50 48 47 46 54 51 52 53 49 59 63 60 55 58 56 61 57 62  5  8  6  2  3  7  4  1  9 10 18 13 11 14 17 16 12 15 27 19 25 22 26 21 20 24 23 34 28 33 32 36 29 35 31 30
 59 62 56 57 61 63 58 60 55  5  3  2  1  9  6  7  8  4 14 18 15 10 13 11 16 12 17 23 26 24 20 21 25 22 19 27 28 36 31 29 32 35 34 30 33 45 37 43 40 44 39 38 42 41 52 46 51 50 54 47 53 49 48
  5  8  2  3  7  9  4  6  1 14 12 11 10 18 15 16 17 13 23 27 24 19 22 20 25 21 26 32 35 33 29 30 34 31 28 36 37 45 40 38 41 44 43 39 42 54 46 52 49 53 48 47 51 50 61 55 60 59 63 56 62 58 57
 15 18 12 13 17 10 14 16 11 24 22 21 20 19 25 26 27 23 33 28 34 29 32 30 35 31 36 42 45 43 39 40 44 41 38 37 47 46 50 48 51 54 53 49 52 55 56 62 59 63 58 57 61 60  8  2  7  6  1  3  9  5  4
 51 54 48 49 53 46 50 52 47 60 58 57 56 55 61 62 63 59  6  1  7  2  5  3  8  4  9 15 18 16 12 13 17 14 11 10 20 19 23 21 24 27 26 22 25 28 29 35 32 36 31 30 34 33 44 38 43 42 37 39 45 41 40
 24 27 21 22 26 19 23 25 20 33 31 30 29 28 34 35 36 32 42 37 43 38 41 39 44 40 45 51 54 52 48 49 53 50 47 46 56 55 59 57 60 63 62 58 61  1  2  8  5  9  4  3  7  6 17 11 16 15 10 12 18 14 13
 33 36 30 31 35 28 32 34 29 42 40 39 38 37 43 44 45 41 51 46 52 47 50 48 53 49 54 60 63 61 57 58 62 59 56 55  2  1  5  3  6  9  8  4  7 10 11 17 14 18 13 12 16 15 26 20 25 24 19 21 27 23 22
 42 45 39 40 44 37 41 43 38 51 49 48 47 46 52 53 54 50 60 55 61 56 59 57 62 58 63  6  9  7  3  4  8  5  2  1 11 10 14 12 15 18 17 13 16 19 20 26 23 27 22 21 25 24 35 29 34 33 28 30 36 32 31
  6  9  3  4  8  1  5  7  2 15 13 12 11 10 16 17 18 14 24 19 25 20 23 21 26 22 27 33 36 34 30 31 35 32 29 28 38 37 41 39 42 45 44 40 43 46 47 53 50 54 49 48 52 51 62 56 61 60 55 57 63 59 58
 60 63 57 58 62 55 59 61 56  6  4  3  2  1  7  8  9  5 15 10 16 11 14 12 17 13 18 24 27 25 21 22 26 23 20 19 29 28 32 30 33 36 35 31 34 37 38 44 41 45 40 39 43 42 53 47 52 51 46 48 54 50 49
 43 37 40 41 45 38 42 44 39 52 50 49 48 47 53 54 46 51 61 56 62 57 60 58 63 59 55  7  1  8  4  5  9  6  3  2 12 11 15 13 16 10 18 14 17 20 21 27 24 19 23 22 26 25 36 30 35 34 29 31 28 33 32
 34 28 31 32 36 29 33 35 30 43 41 40 39 38 44 45 37 42 52 47 53 48 51 49 54 50 46 61 55 62 58 59 63 60 57 56  3  2  6  4  7  1  9  5  8 11 12 18 15 10 14 13 17 16 27 21 26 25 20 22 19 24 23
 52 46 49 50 54 47 51 53 48 61 59 58 57 56 62 63 55 60  7  2  8  3  6  4  9  5  1 16 10 17 13 14 18 15 12 11 21 20 24 22 25 19 27 23 26 29 30 36 33 28 32 31 35 34 45 39 44 43 38 40 37 42 41
 61 55 58 59 63 56 60 62 57  7  5  4  3  2  8  9  1  6 16 11 17 12 15 13 18 14 10 25 19 26 22 23 27 24 21 20 30 29 33 31 34 28 36 32 35 38 39 45 42 37 41 40 44 43 54 48 53 52 47 49 46 51 50
 16 10 13 14 18 11 15 17 12 25 23 22 21 20 26 27 19 24 34 29 35 30 33 31 36 32 28 43 37 44 40 41 45 42 39 38 48 47 51 49 52 46 54 50 53 56 57 63 60 55 59 58 62 61  9  3  8  7  2  4  1  6  5
  7  1  4  5  9  2  6  8  3 16 14 13 12 11 17 18 10 15 25 20 26 21 24 22 27 23 19 34 28 35 31 32 36 33 30 29 39 38 42 40 43 37 45 41 44 47 48 54 51 46 50 49 53 52 63 57 62 61 56 58 55 60 59
 25 19 22 23 27 20 24 26 21 34 32 31 30 29 35 36 28 33 43 38 44 39 42 40 45 41 37 52 46 53 49 50 54 51 48 47 57 56 60 58 61 55 63 59 62  2  3  9  6  1  5  4  8  7 18 12 17 16 11 13 10 15 14
