  4 12 14  2  5  1  7  6 13 11  8  9 10 15  3
  2 11 13  7 12  4  1 10  5  6 14  8 15  3  9
 14 10  1 13  7  2  6  4 11 15  9  3 12  8  5
 12  4  3 10  2 13  5  7  6  8 11 15  9  1 14
  6  9 15  3 10 11  4  2 14  7  1 13  8  5 12
  8  2 10 12 14  5 11 15  7  1 13  4  3  9  6
  7  1  2  4 11 12 10 13 15  9  3 14  5  6  8
  5  8  9 14  4 10  2  3  1 12 15  6  7 11 13
 15  7  6  1  9  3 13  5  8 14 12 11  2 10  4
 11  6  4 15  1  7 12  8  9  3  5 10 14 13  2
  9 15 12  5 13 14  8  1  3  4  6  7 11  2 10
  1  5  8  9  6 15  3 12  4 10  7  2 13 14 11
  3 13  7  6  8  9 14 11 12  2 10  5  1  4 15
 10 14  5 11  3  8 15  9  2 13  4 12  6  7  1
 13  3 11  8 15  6  9 14 10  5  2  1  4 12  7
