  3  7  5  8 11  2  4  9 15 12  1 14 10 13  6
 15 14  1  5  4 12 10  7  9  2 11  6  3  8 13
  6 13  2 15 14  3 11 10  4  7  5  1 12  9  8
  4 12  3  2  7 11  8 13 10  9 15  5  1  6 14
 13  8  4  1  6  5 14 11  3 10  7 15  2 12  9
  8  4 15 10  2  7  5  6 11 13 12  9 14  1  3
  2 15 13  3  9  8  7  5 12 11 10  4  6 14  1
  9  1  8  7 15  6  2  3  5  4 14 12 13 10 11
  5  9 11 13  8 15  3 12 14  1  6 10  7  2  4
  7 11 14 12 13 10 15  2  1  6  4  8  9  3  5
  1  3  9 14  5  4 12 15  6  8 13  2 11  7 10
 11  6 10  4  1 13  9  8  7 14  2  3  5 15 12
 12  5  7  6 10 14 13  1  2  3  9 11  8  4 15
 14 10 12  9  3  1  6  4 13  5  8  7 15 11  2
 10  2  6 11 12  9  1 14  8 15  3 13  4  5  7
