  9  1  5 15 14 10  8 13  6  3  4 11  7 12  2
  2  9 13  5 11 14  6 12  4 15  7  1  3  8 10
  1  5  7 12  9 13 14  3 11  4 10  6  8  2 15
 10 11  9  7  5  8 13  4 14  6  1  3  2 15 12
  4 12  1  6 13  3  7 14  9 11  8  2 15 10  5
  5  8 15  9 12  7 11  1 13 14  2  4 10  3  6
  7 14 11 13 15  5  9 10  1  2  3  8 12  6  4
 15  3  6  1  2  9  5  8 12  7 14 10  4 11 13
  6 13  3  4  1 12 10  5  2  8 15 14 11  9  7
 14  6 10  8  7  1 12  2  3 13 11 15  5  4  9
 11 15 12  3  6  2  4  9  8 10 13  5 14  7  1
 12  4 14 11  8  6  2 15 10  9  5  7  1 13  3
  8  7  4  2 10 15  3  6  5  1  9 12 13 14 11
 13  2  8 10  3  4 15 11  7  5 12  9  6  1 14
  3 10  2 14  4 11  1  7 15 12  6 13  9  5  8
