  5 12  7 11 13 15  1  6 10  9  8 14  4  3  2
  6  9 10 15  1 13  4 12 14  2 11  3  5  8  7
 15  2  5  3 14 11  8  9  7  6 13 12  1 10  4
  2  7  6  5  4  1  9  8 15 12 14 11 10 13  3
 14  6 13 12  3  7 11  1  4 10  9  2  8 15  5
  9  1  2 10  5  4 14 11  8 13  7 15  3  6 12
  3  5 12  2 10  6 13  4  9  7 15  8 11 14  1
 13 14  9  6 12  5  7 15 11  4  3 10  2  1  8
 12  8 11  9  2  3  5  7  6  1 10 13 14  4 15
 11  3  4  7 15 12 10  2  1  8  6  9 13  5 14
  4 10  3 14  6  8 12  5  2 15  1  7  9 11 13
  1 15  8 13  9 10  3 14 12 11  4  5  7  2  6
  7  4 15  1  8 14  2 10 13  3  5  6 12  9 11
 10 13  1  8 11  2 15  3  5 14 12  4  6  7  9
  8 11 14  4  7  9  6 13  3  5  2  1 15 12 10
