 12  8 13  7  4 14  1  3 10  6 11  2  9 15  5
 11  2 12  4 10  3 15  9 13  7  5  8  1  6 14
  7 11  4  3 13  1  9 12  8  2 10 15 14  5  6
 10 14 11  5  8  9  2  1 12  3 13  7  6  4 15
 13 12  8  2  3  4  7 11 14  5  1  6 15  9 10
 14  5  2 13  9 10  3 15  7 12  6  4 11  1  8
  8  7 14 12 15  5  6  4  1  9  3 10  2 11 13
  6 13 15 11 14  2  4  7  3  8 12  1  5 10  9
  1  6  7  8 11 13 14  2  4 15  9  5 10  3 12
  2  9  6 15  5  7 12 14 11 10  8  3  4 13  1
  9  3  1 14  2 11 10  6  5  4 15 12 13  8  7
  4 10  5  6 12  8 11 13 15  1  7  9  3 14  2
 15  1  9 10  6 12 13  5  2 11  4 14  8  7  3
  3  4 10  9  1 15  5  8  6 14  2 13  7 12 11
  5 15  3  1  7  6  8 10  9 13 14 11 12  2  4
