  8 13  2  3 14 10 11  7 12 15  6  4  5  1  9
  7  4 12  1  8 15 14 13  2  9 10 11  6  5  3
  3  5 13  4 10 11  9  8 14  1  7 15  2  6 12
  5  8  7 12  4 14  6 11  3 13  2  1 10  9 15
  9 11 10 13  7  4 15 14  6  2  3  5  8 12  1
 13  6  8  5 15  9  1 10 11 14  4  7 12  3  2
 10  7  9 14  6 13  4  5  8  3 12  2  1 15 11
  2 10 15  9 13  7  3  1  4 11  5 12 14  8  6
  1  9  6  7  5  8 13  4 10 12 11  3 15  2 14
 11  1  3  8  2  6 10 12  5  4 15 13  9 14  7
 15 14  5  2 12  1  8  9  7 10 13  6  3 11  4
 14  3  4  6  9  5 12  2 15  8  1 10 11  7 13
 12  2 11 10  1  3  5 15 13  6 14  9  7  4  8
  4 15 14 11  3 12  2  6  1  7  9  8 13 10  5
  6 12  1 15 11  2  7  3  9  5  8 14  4 13 10
