 55 59 54 60 53 56 52 58 51 57 65 67 70 62 66 64 69 68 61 63 73 71 75 79 74 76 77 80 72 78 89 83 84 88 86 90 81 85 82 87  6 10  5  2  7  4  3  9  1  8 13 17 19 15 16 18 20 11 14 12 23 26 29 25 30 22 27 28 24 21 38 37 34 40 33 31 35 32 39 36 50 42 47 48 49 46 45 44 43 41
 65 69 64 70 63 66 62 68 61 67 75 77 80 72 76 74 79 78 71 73 83 81 85 89 84 86 87 90 82 88  9  3  4  8  6 10  1  5  2  7 16 20 15 12 17 14 13 19 11 18 23 27 29 25 26 28 30 21 24 22 33 36 39 35 40 32 37 38 34 31 48 47 44 50 43 41 45 42 49 46 60 52 57 58 59 56 55 54 53 51
 35 39 34 40 33 36 32 38 31 37 45 47 50 42 46 44 49 48 41 43 53 51 55 59 54 56 57 60 52 58 69 63 64 68 66 70 61 65 62 67 76 80 75 72 77 74 73 79 71 78 83 87 89 85 86 88 90 81 84 82  3  6  9  5 10  2  7  8  4  1 18 17 14 20 13 11 15 12 19 16 30 22 27 28 29 26 25 24 23 21
 15 19 14 20 13 16 12 18 11 17 25 27 30 22 26 24 29 28 21 23 33 31 35 39 34 36 37 40 32 38 49 43 44 48 46 50 41 45 42 47 56 60 55 52 57 54 53 59 51 58 63 67 69 65 66 68 70 61 64 62 73 76 79 75 80 72 77 78 74 71 88 87 84 90 83 81 85 82 89 86 10  2  7  8  9  6  5  4  3  1
  5  9  4 10  3  6  2  8  1  7 15 17 20 12 16 14 19 18 11 13 23 21 25 29 24 26 27 30 22 28 39 33 34 38 36 40 31 35 32 37 46 50 45 42 47 44 43 49 41 48 53 57 59 55 56 58 60 51 54 52 63 66 69 65 70 62 67 68 64 61 78 77 74 80 73 71 75 72 79 76 90 82 87 88 89 86 85 84 83 81
 25 29 24 30 23 26 22 28 21 27 35 37 40 32 36 34 39 38 31 33 43 41 45 49 44 46 47 50 42 48 59 53 54 58 56 60 51 55 52 57 66 70 65 62 67 64 63 69 61 68 73 77 79 75 76 78 80 71 74 72 83 86 89 85 90 82 87 88 84 81  8  7  4 10  3  1  5  2  9  6 20 12 17 18 19 16 15 14 13 11
 85 89 84 90 83 86 82 88 81 87  5  7 10  2  6  4  9  8  1  3 13 11 15 19 14 16 17 20 12 18 29 23 24 28 26 30 21 25 22 27 36 40 35 32 37 34 33 39 31 38 43 47 49 45 46 48 50 41 44 42 53 56 59 55 60 52 57 58 54 51 68 67 64 70 63 61 65 62 69 66 80 72 77 78 79 76 75 74 73 71
 45 49 44 50 43 46 42 48 41 47 55 57 60 52 56 54 59 58 51 53 63 61 65 69 64 66 67 70 62 68 79 73 74 78 76 80 71 75 72 77 86 90 85 82 87 84 83 89 81 88  3  7  9  5  6  8 10  1  4  2 13 16 19 15 20 12 17 18 14 11 28 27 24 30 23 21 25 22 29 26 40 32 37 38 39 36 35 34 33 31
 75 79 74 80 73 76 72 78 71 77 85 87 90 82 86 84 89 88 81 83  3  1  5  9  4  6  7 10  2  8 19 13 14 18 16 20 11 15 12 17 26 30 25 22 27 24 23 29 21 28 33 37 39 35 36 38 40 31 34 32 43 46 49 45 50 42 47 48 44 41 58 57 54 60 53 51 55 52 59 56 70 62 67 68 69 66 65 64 63 61
 26 30 25 21 24 27 23 29 22 28 36 38 31 33 37 35 40 39 32 34 44 42 46 50 45 47 48 41 43 49 60 54 55 59 57 51 52 56 53 58 67 61 66 63 68 65 64 70 62 69 74 78 80 76 77 79 71 72 75 73 84 87 90 86 81 83 88 89 85 82  9  8  5  1  4  2  6  3 10  7 11 13 18 19 20 17 16 15 14 12
 86 90 85 81 84 87 83 89 82 88  6  8  1  3  7  5 10  9  2  4 14 12 16 20 15 17 18 11 13 19 30 24 25 29 27 21 22 26 23 28 37 31 36 33 38 35 34 40 32 39 44 48 50 46 47 49 41 42 45 43 54 57 60 56 51 53 58 59 55 52 69 68 65 61 64 62 66 63 70 67 71 73 78 79 80 77 76 75 74 72
 56 60 55 51 54 57 53 59 52 58 66 68 61 63 67 65 70 69 62 64 74 72 76 80 75 77 78 71 73 79 90 84 85 89 87 81 82 86 83 88  7  1  6  3  8  5  4 10  2  9 14 18 20 16 17 19 11 12 15 13 24 27 30 26 21 23 28 29 25 22 39 38 35 31 34 32 36 33 40 37 41 43 48 49 50 47 46 45 44 42
 16 20 15 11 14 17 13 19 12 18 26 28 21 23 27 25 30 29 22 24 34 32 36 40 35 37 38 31 33 39 50 44 45 49 47 41 42 46 43 48 57 51 56 53 58 55 54 60 52 59 64 68 70 66 67 69 61 62 65 63 74 77 80 76 71 73 78 79 75 72 89 88 85 81 84 82 86 83 90 87  1  3  8  9 10  7  6  5  4  2
 66 70 65 61 64 67 63 69 62 68 76 78 71 73 77 75 80 79 72 74 84 82 86 90 85 87 88 81 83 89 10  4  5  9  7  1  2  6  3  8 17 11 16 13 18 15 14 20 12 19 24 28 30 26 27 29 21 22 25 23 34 37 40 36 31 33 38 39 35 32 49 48 45 41 44 42 46 43 50 47 51 53 58 59 60 57 56 55 54 52
 46 50 45 41 44 47 43 49 42 48 56 58 51 53 57 55 60 59 52 54 64 62 66 70 65 67 68 61 63 69 80 74 75 79 77 71 72 76 73 78 87 81 86 83 88 85 84 90 82 89  4  8 10  6  7  9  1  2  5  3 14 17 20 16 11 13 18 19 15 12 29 28 25 21 24 22 26 23 30 27 31 33 38 39 40 37 36 35 34 32
 76 80 75 71 74 77 73 79 72 78 86 88 81 83 87 85 90 89 82 84  4  2  6 10  5  7  8  1  3  9 20 14 15 19 17 11 12 16 13 18 27 21 26 23 28 25 24 30 22 29 34 38 40 36 37 39 31 32 35 33 44 47 50 46 41 43 48 49 45 42 59 58 55 51 54 52 56 53 60 57 61 63 68 69 70 67 66 65 64 62
  6 10  5  1  4  7  3  9  2  8 16 18 11 13 17 15 20 19 12 14 24 22 26 30 25 27 28 21 23 29 40 34 35 39 37 31 32 36 33 38 47 41 46 43 48 45 44 50 42 49 54 58 60 56 57 59 51 52 55 53 64 67 70 66 61 63 68 69 65 62 79 78 75 71 74 72 76 73 80 77 81 83 88 89 90 87 86 85 84 82
 36 40 35 31 34 37 33 39 32 38 46 48 41 43 47 45 50 49 42 44 54 52 56 60 55 57 58 51 53 59 70 64 65 69 67 61 62 66 63 68 77 71 76 73 78 75 74 80 72 79 84 88 90 86 87 89 81 82 85 83  4  7 10  6  1  3  8  9  5  2 19 18 15 11 14 12 16 13 20 17 21 23 28 29 30 27 26 25 24 22
 67 61 66 62 65 68 64 70 63 69 77 79 72 74 78 76 71 80 73 75 85 83 87 81 86 88 89 82 84 90  1  5  6 10  8  2  3  7  4  9 18 12 17 14 19 16 15 11 13 20 25 29 21 27 28 30 22 23 26 24 35 38 31 37 32 34 39 40 36 33 50 49 46 42 45 43 47 44 41 48 52 54 59 60 51 58 57 56 55 53
 87 81 86 82 85 88 84 90 83 89  7  9  2  4  8  6  1 10  3  5 15 13 17 11 16 18 19 12 14 20 21 25 26 30 28 22 23 27 24 29 38 32 37 34 39 36 35 31 33 40 45 49 41 47 48 50 42 43 46 44 55 58 51 57 52 54 59 60 56 53 70 69 66 62 65 63 67 64 61 68 72 74 79 80 71 78 77 76 75 73
  7  1  6  2  5  8  4 10  3  9 17 19 12 14 18 16 11 20 13 15 25 23 27 21 26 28 29 22 24 30 31 35 36 40 38 32 33 37 34 39 48 42 47 44 49 46 45 41 43 50 55 59 51 57 58 60 52 53 56 54 65 68 61 67 62 64 69 70 66 63 80 79 76 72 75 73 77 74 71 78 82 84 89 90 81 88 87 86 85 83
 57 51 56 52 55 58 54 60 53 59 67 69 62 64 68 66 61 70 63 65 75 73 77 71 76 78 79 72 74 80 81 85 86 90 88 82 83 87 84 89  8  2  7  4  9  6  5  1  3 10 15 19 11 17 18 20 12 13 16 14 25 28 21 27 22 24 29 30 26 23 40 39 36 32 35 33 37 34 31 38 42 44 49 50 41 48 47 46 45 43
 27 21 26 22 25 28 24 30 23 29 37 39 32 34 38 36 31 40 33 35 45 43 47 41 46 48 49 42 44 50 51 55 56 60 58 52 53 57 54 59 68 62 67 64 69 66 65 61 63 70 75 79 71 77 78 80 72 73 76 74 85 88 81 87 82 84 89 90 86 83 10  9  6  2  5  3  7  4  1  8 12 14 19 20 11 18 17 16 15 13
 77 71 76 72 75 78 74 80 73 79 87 89 82 84 88 86 81 90 83 85  5  3  7  1  6  8  9  2  4 10 11 15 16 20 18 12 13 17 14 19 28 22 27 24 29 26 25 21 23 30 35 39 31 37 38 40 32 33 36 34 45 48 41 47 42 44 49 50 46 43 60 59 56 52 55 53 57 54 51 58 62 64 69 70 61 68 67 66 65 63
 37 31 36 32 35 38 34 40 33 39 47 49 42 44 48 46 41 50 43 45 55 53 57 51 56 58 59 52 54 60 61 65 66 70 68 62 63 67 64 69 78 72 77 74 79 76 75 71 73 80 85 89 81 87 88 90 82 83 86 84  5  8  1  7  2  4  9 10  6  3 20 19 16 12 15 13 17 14 11 18 22 24 29 30 21 28 27 26 25 23
 17 11 16 12 15 18 14 20 13 19 27 29 22 24 28 26 21 30 23 25 35 33 37 31 36 38 39 32 34 40 41 45 46 50 48 42 43 47 44 49 58 52 57 54 59 56 55 51 53 60 65 69 61 67 68 70 62 63 66 64 75 78 71 77 72 74 79 80 76 73 90 89 86 82 85 83 87 84 81 88  2  4  9 10  1  8  7  6  5  3
 47 41 46 42 45 48 44 50 43 49 57 59 52 54 58 56 51 60 53 55 65 63 67 61 66 68 69 62 64 70 71 75 76 80 78 72 73 77 74 79 88 82 87 84 89 86 85 81 83 90  5  9  1  7  8 10  2  3  6  4 15 18 11 17 12 14 19 20 16 13 30 29 26 22 25 23 27 24 21 28 32 34 39 40 31 38 37 36 35 33
 28 22 27 23 26 29 25 21 24 30 38 40 33 35 39 37 32 31 34 36 46 44 48 42 47 49 50 43 45 41 52 56 57 51 59 53 54 58 55 60 69 63 68 65 70 67 66 62 64 61 76 80 72 78 79 71 73 74 77 75 86 89 82 88 83 85 90 81 87 84  1 10  7  3  6  4  8  5  2  9 13 15 20 11 12 19 18 17 16 14
  8  2  7  3  6  9  5  1  4 10 18 20 13 15 19 17 12 11 14 16 26 24 28 22 27 29 30 23 25 21 32 36 37 31 39 33 34 38 35 40 49 43 48 45 50 47 46 42 44 41 56 60 52 58 59 51 53 54 57 55 66 69 62 68 63 65 70 61 67 64 71 80 77 73 76 74 78 75 72 79 83 85 90 81 82 89 88 87 86 84
 68 62 67 63 66 69 65 61 64 70 78 80 73 75 79 77 72 71 74 76 86 84 88 82 87 89 90 83 85 81  2  6  7  1  9  3  4  8  5 10 19 13 18 15 20 17 16 12 14 11 26 30 22 28 29 21 23 24 27 25 36 39 32 38 33 35 40 31 37 34 41 50 47 43 46 44 48 45 42 49 53 55 60 51 52 59 58 57 56 54
 38 32 37 33 36 39 35 31 34 40 48 50 43 45 49 47 42 41 44 46 56 54 58 52 57 59 60 53 55 51 62 66 67 61 69 63 64 68 65 70 79 73 78 75 80 77 76 72 74 71 86 90 82 88 89 81 83 84 87 85  6  9  2  8  3  5 10  1  7  4 11 20 17 13 16 14 18 15 12 19 23 25 30 21 22 29 28 27 26 24
 18 12 17 13 16 19 15 11 14 20 28 30 23 25 29 27 22 21 24 26 36 34 38 32 37 39 40 33 35 31 42 46 47 41 49 43 44 48 45 50 59 53 58 55 60 57 56 52 54 51 66 70 62 68 69 61 63 64 67 65 76 79 72 78 73 75 80 71 77 74 81 90 87 83 86 84 88 85 82 89  3  5 10  1  2  9  8  7  6  4
 88 82 87 83 86 89 85 81 84 90  8 10  3  5  9  7  2  1  4  6 16 14 18 12 17 19 20 13 15 11 22 26 27 21 29 23 24 28 25 30 39 33 38 35 40 37 36 32 34 31 46 50 42 48 49 41 43 44 47 45 56 59 52 58 53 55 60 51 57 54 61 70 67 63 66 64 68 65 62 69 73 75 80 71 72 79 78 77 76 74
 58 52 57 53 56 59 55 51 54 60 68 70 63 65 69 67 62 61 64 66 76 74 78 72 77 79 80 73 75 71 82 86 87 81 89 83 84 88 85 90  9  3  8  5 10  7  6  2  4  1 16 20 12 18 19 11 13 14 17 15 26 29 22 28 23 25 30 21 27 24 31 40 37 33 36 34 38 35 32 39 43 45 50 41 42 49 48 47 46 44
 78 72 77 73 76 79 75 71 74 80 88 90 83 85 89 87 82 81 84 86  6  4  8  2  7  9 10  3  5  1 12 16 17 11 19 13 14 18 15 20 29 23 28 25 30 27 26 22 24 21 36 40 32 38 39 31 33 34 37 35 46 49 42 48 43 45 50 41 47 44 51 60 57 53 56 54 58 55 52 59 63 65 70 61 62 69 68 67 66 64
 48 42 47 43 46 49 45 41 44 50 58 60 53 55 59 57 52 51 54 56 66 64 68 62 67 69 70 63 65 61 72 76 77 71 79 73 74 78 75 80 89 83 88 85 90 87 86 82 84 81  6 10  2  8  9  1  3  4  7  5 16 19 12 18 13 15 20 11 17 14 21 30 27 23 26 24 28 25 22 29 33 35 40 31 32 39 38 37 36 34
  9  3  8  4  7 10  6  2  5  1 19 11 14 16 20 18 13 12 15 17 27 25 29 23 28 30 21 24 26 22 33 37 38 32 40 34 35 39 36 31 50 44 49 46 41 48 47 43 45 42 57 51 53 59 60 52 54 55 58 56 67 70 63 69 64 66 61 62 68 65 72 71 78 74 77 75 79 76 73 80 84 86 81 82 83 90 89 88 87 85
 69 63 68 64 67 70 66 62 65 61 79 71 74 76 80 78 73 72 75 77 87 85 89 83 88 90 81 84 86 82  3  7  8  2 10  4  5  9  6  1 20 14 19 16 11 18 17 13 15 12 27 21 23 29 30 22 24 25 28 26 37 40 33 39 34 36 31 32 38 35 42 41 48 44 47 45 49 46 43 50 54 56 51 52 53 60 59 58 57 55
 19 13 18 14 17 20 16 12 15 11 29 21 24 26 30 28 23 22 25 27 37 35 39 33 38 40 31 34 36 32 43 47 48 42 50 44 45 49 46 41 60 54 59 56 51 58 57 53 55 52 67 61 63 69 70 62 64 65 68 66 77 80 73 79 74 76 71 72 78 75 82 81 88 84 87 85 89 86 83 90  4  6  1  2  3 10  9  8  7  5
 89 83 88 84 87 90 86 82 85 81  9  1  4  6 10  8  3  2  5  7 17 15 19 13 18 20 11 14 16 12 23 27 28 22 30 24 25 29 26 21 40 34 39 36 31 38 37 33 35 32 47 41 43 49 50 42 44 45 48 46 57 60 53 59 54 56 51 52 58 55 62 61 68 64 67 65 69 66 63 70 74 76 71 72 73 80 79 78 77 75
 49 43 48 44 47 50 46 42 45 41 59 51 54 56 60 58 53 52 55 57 67 65 69 63 68 70 61 64 66 62 73 77 78 72 80 74 75 79 76 71 90 84 89 86 81 88 87 83 85 82  7  1  3  9 10  2  4  5  8  6 17 20 13 19 14 16 11 12 18 15 22 21 28 24 27 25 29 26 23 30 34 36 31 32 33 40 39 38 37 35
 29 23 28 24 27 30 26 22 25 21 39 31 34 36 40 38 33 32 35 37 47 45 49 43 48 50 41 44 46 42 53 57 58 52 60 54 55 59 56 51 70 64 69 66 61 68 67 63 65 62 77 71 73 79 80 72 74 75 78 76 87 90 83 89 84 86 81 82 88 85  2  1  8  4  7  5  9  6  3 10 14 16 11 12 13 20 19 18 17 15
 79 73 78 74 77 80 76 72 75 71 89 81 84 86 90 88 83 82 85 87  7  5  9  3  8 10  1  4  6  2 13 17 18 12 20 14 15 19 16 11 30 24 29 26 21 28 27 23 25 22 37 31 33 39 40 32 34 35 38 36 47 50 43 49 44 46 41 42 48 45 52 51 58 54 57 55 59 56 53 60 64 66 61 62 63 70 69 68 67 65
 39 33 38 34 37 40 36 32 35 31 49 41 44 46 50 48 43 42 45 47 57 55 59 53 58 60 51 54 56 52 63 67 68 62 70 64 65 69 66 61 80 74 79 76 71 78 77 73 75 72 87 81 83 89 90 82 84 85 88 86  7 10  3  9  4  6  1  2  8  5 12 11 18 14 17 15 19 16 13 20 24 26 21 22 23 30 29 28 27 25
 59 53 58 54 57 60 56 52 55 51 69 61 64 66 70 68 63 62 65 67 77 75 79 73 78 80 71 74 76 72 83 87 88 82 90 84 85 89 86 81 10  4  9  6  1  8  7  3  5  2 17 11 13 19 20 12 14 15 18 16 27 30 23 29 24 26 21 22 28 25 32 31 38 34 37 35 39 36 33 40 44 46 41 42 43 50 49 48 47 45
 10  4  9  5  8  1  7  3  6  2 20 12 15 17 11 19 14 13 16 18 28 26 30 24 29 21 22 25 27 23 34 38 39 33 31 35 36 40 37 32 41 45 50 47 42 49 48 44 46 43 58 52 54 60 51 53 55 56 59 57 68 61 64 70 65 67 62 63 69 66 73 72 79 75 78 76 80 77 74 71 85 87 82 83 84 81 90 89 88 86
 50 44 49 45 48 41 47 43 46 42 60 52 55 57 51 59 54 53 56 58 68 66 70 64 69 61 62 65 67 63 74 78 79 73 71 75 76 80 77 72 81 85 90 87 82 89 88 84 86 83  8  2  4 10  1  3  5  6  9  7 18 11 14 20 15 17 12 13 19 16 23 22 29 25 28 26 30 27 24 21 35 37 32 33 34 31 40 39 38 36
 30 24 29 25 28 21 27 23 26 22 40 32 35 37 31 39 34 33 36 38 48 46 50 44 49 41 42 45 47 43 54 58 59 53 51 55 56 60 57 52 61 65 70 67 62 69 68 64 66 63 78 72 74 80 71 73 75 76 79 77 88 81 84 90 85 87 82 83 89 86  3  2  9  5  8  6 10  7  4  1 15 17 12 13 14 11 20 19 18 16
 90 84 89 85 88 81 87 83 86 82 10  2  5  7  1  9  4  3  6  8 18 16 20 14 19 11 12 15 17 13 24 28 29 23 21 25 26 30 27 22 31 35 40 37 32 39 38 34 36 33 48 42 44 50 41 43 45 46 49 47 58 51 54 60 55 57 52 53 59 56 63 62 69 65 68 66 70 67 64 61 75 77 72 73 74 71 80 79 78 76
 60 54 59 55 58 51 57 53 56 52 70 62 65 67 61 69 64 63 66 68 78 76 80 74 79 71 72 75 77 73 84 88 89 83 81 85 86 90 87 82  1  5 10  7  2  9  8  4  6  3 18 12 14 20 11 13 15 16 19 17 28 21 24 30 25 27 22 23 29 26 33 32 39 35 38 36 40 37 34 31 45 47 42 43 44 41 50 49 48 46
 40 34 39 35 38 31 37 33 36 32 50 42 45 47 41 49 44 43 46 48 58 56 60 54 59 51 52 55 57 53 64 68 69 63 61 65 66 70 67 62 71 75 80 77 72 79 78 74 76 73 88 82 84 90 81 83 85 86 89 87  8  1  4 10  5  7  2  3  9  6 13 12 19 15 18 16 20 17 14 11 25 27 22 23 24 21 30 29 28 26
 80 74 79 75 78 71 77 73 76 72 90 82 85 87 81 89 84 83 86 88  8  6 10  4  9  1  2  5  7  3 14 18 19 13 11 15 16 20 17 12 21 25 30 27 22 29 28 24 26 23 38 32 34 40 31 33 35 36 39 37 48 41 44 50 45 47 42 43 49 46 53 52 59 55 58 56 60 57 54 51 65 67 62 63 64 61 70 69 68 66
 20 14 19 15 18 11 17 13 16 12 30 22 25 27 21 29 24 23 26 28 38 36 40 34 39 31 32 35 37 33 44 48 49 43 41 45 46 50 47 42 51 55 60 57 52 59 58 54 56 53 68 62 64 70 61 63 65 66 69 67 78 71 74 80 75 77 72 73 79 76 83 82 89 85 88 86 90 87 84 81  5  7  2  3  4  1 10  9  8  6
 70 64 69 65 68 61 67 63 66 62 80 72 75 77 71 79 74 73 76 78 88 86 90 84 89 81 82 85 87 83  4  8  9  3  1  5  6 10  7  2 11 15 20 17 12 19 18 14 16 13 28 22 24 30 21 23 25 26 29 27 38 31 34 40 35 37 32 33 39 36 43 42 49 45 48 46 50 47 44 41 55 57 52 53 54 51 60 59 58 56
 31 35 40 36 39 32 38 34 37 33 41 43 46 48 42 50 45 44 47 49 59 57 51 55 60 52 53 56 58 54 65 69 70 64 62 66 67 61 68 63 72 76 71 78 73 80 79 75 77 74 89 83 85 81 82 84 86 87 90 88  9  2  5  1  6  8  3  4 10  7 14 13 20 16 19 17 11 18 15 12 26 28 23 24 25 22 21 30 29 27
  1  5 10  6  9  2  8  4  7  3 11 13 16 18 12 20 15 14 17 19 29 27 21 25 30 22 23 26 28 24 35 39 40 34 32 36 37 31 38 33 42 46 41 48 43 50 49 45 47 44 59 53 55 51 52 54 56 57 60 58 69 62 65 61 66 68 63 64 70 67 74 73 80 76 79 77 71 78 75 72 86 88 83 84 85 82 81 90 89 87
 61 65 70 66 69 62 68 64 67 63 71 73 76 78 72 80 75 74 77 79 89 87 81 85 90 82 83 86 88 84  5  9 10  4  2  6  7  1  8  3 12 16 11 18 13 20 19 15 17 14 29 23 25 21 22 24 26 27 30 28 39 32 35 31 36 38 33 34 40 37 44 43 50 46 49 47 41 48 45 42 56 58 53 54 55 52 51 60 59 57
 41 45 50 46 49 42 48 44 47 43 51 53 56 58 52 60 55 54 57 59 69 67 61 65 70 62 63 66 68 64 75 79 80 74 72 76 77 71 78 73 82 86 81 88 83 90 89 85 87 84  9  3  5  1  2  4  6  7 10  8 19 12 15 11 16 18 13 14 20 17 24 23 30 26 29 27 21 28 25 22 36 38 33 34 35 32 31 40 39 37
 51 55 60 56 59 52 58 54 57 53 61 63 66 68 62 70 65 64 67 69 79 77 71 75 80 72 73 76 78 74 85 89 90 84 82 86 87 81 88 83  2  6  1  8  3 10  9  5  7  4 19 13 15 11 12 14 16 17 20 18 29 22 25 21 26 28 23 24 30 27 34 33 40 36 39 37 31 38 35 32 46 48 43 44 45 42 41 50 49 47
 21 25 30 26 29 22 28 24 27 23 31 33 36 38 32 40 35 34 37 39 49 47 41 45 50 42 43 46 48 44 55 59 60 54 52 56 57 51 58 53 62 66 61 68 63 70 69 65 67 64 79 73 75 71 72 74 76 77 80 78 89 82 85 81 86 88 83 84 90 87  4  3 10  6  9  7  1  8  5  2 16 18 13 14 15 12 11 20 19 17
 71 75 80 76 79 72 78 74 77 73 81 83 86 88 82 90 85 84 87 89  9  7  1  5 10  2  3  6  8  4 15 19 20 14 12 16 17 11 18 13 22 26 21 28 23 30 29 25 27 24 39 33 35 31 32 34 36 37 40 38 49 42 45 41 46 48 43 44 50 47 54 53 60 56 59 57 51 58 55 52 66 68 63 64 65 62 61 70 69 67
 11 15 20 16 19 12 18 14 17 13 21 23 26 28 22 30 25 24 27 29 39 37 31 35 40 32 33 36 38 34 45 49 50 44 42 46 47 41 48 43 52 56 51 58 53 60 59 55 57 54 69 63 65 61 62 64 66 67 70 68 79 72 75 71 76 78 73 74 80 77 84 83 90 86 89 87 81 88 85 82  6  8  3  4  5  2  1 10  9  7
 81 85 90 86 89 82 88 84 87 83  1  3  6  8  2 10  5  4  7  9 19 17 11 15 20 12 13 16 18 14 25 29 30 24 22 26 27 21 28 23 32 36 31 38 33 40 39 35 37 34 49 43 45 41 42 44 46 47 50 48 59 52 55 51 56 58 53 54 60 57 64 63 70 66 69 67 61 68 65 62 76 78 73 74 75 72 71 80 79 77
 62 66 61 67 70 63 69 65 68 64 72 74 77 79 73 71 76 75 78 80 90 88 82 86 81 83 84 87 89 85  6 10  1  5  3  7  8  2  9  4 13 17 12 19 14 11 20 16 18 15 30 24 26 22 23 25 27 28 21 29 40 33 36 32 37 39 34 35 31 38 45 44 41 47 50 48 42 49 46 43 57 59 54 55 56 53 52 51 60 58
 82 86 81 87 90 83 89 85 88 84  2  4  7  9  3  1  6  5  8 10 20 18 12 16 11 13 14 17 19 15 26 30 21 25 23 27 28 22 29 24 33 37 32 39 34 31 40 36 38 35 50 44 46 42 43 45 47 48 41 49 60 53 56 52 57 59 54 55 51 58 65 64 61 67 70 68 62 69 66 63 77 79 74 75 76 73 72 71 80 78
 52 56 51 57 60 53 59 55 58 54 62 64 67 69 63 61 66 65 68 70 80 78 72 76 71 73 74 77 79 75 86 90 81 85 83 87 88 82 89 84  3  7  2  9  4  1 10  6  8  5 20 14 16 12 13 15 17 18 11 19 30 23 26 22 27 29 24 25 21 28 35 34 31 37 40 38 32 39 36 33 47 49 44 45 46 43 42 41 50 48
 42 46 41 47 50 43 49 45 48 44 52 54 57 59 53 51 56 55 58 60 70 68 62 66 61 63 64 67 69 65 76 80 71 75 73 77 78 72 79 74 83 87 82 89 84 81 90 86 88 85 10  4  6  2  3  5  7  8  1  9 20 13 16 12 17 19 14 15 11 18 25 24 21 27 30 28 22 29 26 23 37 39 34 35 36 33 32 31 40 38
 72 76 71 77 80 73 79 75 78 74 82 84 87 89 83 81 86 85 88 90 10  8  2  6  1  3  4  7  9  5 16 20 11 15 13 17 18 12 19 14 23 27 22 29 24 21 30 26 28 25 40 34 36 32 33 35 37 38 31 39 50 43 46 42 47 49 44 45 41 48 55 54 51 57 60 58 52 59 56 53 67 69 64 65 66 63 62 61 70 68
 32 36 31 37 40 33 39 35 38 34 42 44 47 49 43 41 46 45 48 50 60 58 52 56 51 53 54 57 59 55 66 70 61 65 63 67 68 62 69 64 73 77 72 79 74 71 80 76 78 75 90 84 86 82 83 85 87 88 81 89 10  3  6  2  7  9  4  5  1  8 15 14 11 17 20 18 12 19 16 13 27 29 24 25 26 23 22 21 30 28
  2  6  1  7 10  3  9  5  8  4 12 14 17 19 13 11 16 15 18 20 30 28 22 26 21 23 24 27 29 25 36 40 31 35 33 37 38 32 39 34 43 47 42 49 44 41 50 46 48 45 60 54 56 52 53 55 57 58 51 59 70 63 66 62 67 69 64 65 61 68 75 74 71 77 80 78 72 79 76 73 87 89 84 85 86 83 82 81 90 88
 12 16 11 17 20 13 19 15 18 14 22 24 27 29 23 21 26 25 28 30 40 38 32 36 31 33 34 37 39 35 46 50 41 45 43 47 48 42 49 44 53 57 52 59 54 51 60 56 58 55 70 64 66 62 63 65 67 68 61 69 80 73 76 72 77 79 74 75 71 78 85 84 81 87 90 88 82 89 86 83  7  9  4  5  6  3  2  1 10  8
 22 26 21 27 30 23 29 25 28 24 32 34 37 39 33 31 36 35 38 40 50 48 42 46 41 43 44 47 49 45 56 60 51 55 53 57 58 52 59 54 63 67 62 69 64 61 70 66 68 65 80 74 76 72 73 75 77 78 71 79 90 83 86 82 87 89 84 85 81 88  5  4  1  7 10  8  2  9  6  3 17 19 14 15 16 13 12 11 20 18
 63 67 62 68 61 64 70 66 69 65 73 75 78 80 74 72 77 76 79 71 81 89 83 87 82 84 85 88 90 86  7  1  2  6  4  8  9  3 10  5 14 18 13 20 15 12 11 17 19 16 21 25 27 23 24 26 28 29 22 30 31 34 37 33 38 40 35 36 32 39 46 45 42 48 41 49 43 50 47 44 58 60 55 56 57 54 53 52 51 59
 73 77 72 78 71 74 80 76 79 75 83 85 88 90 84 82 87 86 89 81  1  9  3  7  2  4  5  8 10  6 17 11 12 16 14 18 19 13 20 15 24 28 23 30 25 22 21 27 29 26 31 35 37 33 34 36 38 39 32 40 41 44 47 43 48 50 45 46 42 49 56 55 52 58 51 59 53 60 57 54 68 70 65 66 67 64 63 62 61 69
  3  7  2  8  1  4 10  6  9  5 13 15 18 20 14 12 17 16 19 11 21 29 23 27 22 24 25 28 30 26 37 31 32 36 34 38 39 33 40 35 44 48 43 50 45 42 41 47 49 46 51 55 57 53 54 56 58 59 52 60 61 64 67 63 68 70 65 66 62 69 76 75 72 78 71 79 73 80 77 74 88 90 85 86 87 84 83 82 81 89
 83 87 82 88 81 84 90 86 89 85  3  5  8 10  4  2  7  6  9  1 11 19 13 17 12 14 15 18 20 16 27 21 22 26 24 28 29 23 30 25 34 38 33 40 35 32 31 37 39 36 41 45 47 43 44 46 48 49 42 50 51 54 57 53 58 60 55 56 52 59 66 65 62 68 61 69 63 70 67 64 78 80 75 76 77 74 73 72 71 79
 43 47 42 48 41 44 50 46 49 45 53 55 58 60 54 52 57 56 59 51 61 69 63 67 62 64 65 68 70 66 77 71 72 76 74 78 79 73 80 75 84 88 83 90 85 82 81 87 89 86  1  5  7  3  4  6  8  9  2 10 11 14 17 13 18 20 15 16 12 19 26 25 22 28 21 29 23 30 27 24 38 40 35 36 37 34 33 32 31 39
 53 57 52 58 51 54 60 56 59 55 63 65 68 70 64 62 67 66 69 61 71 79 73 77 72 74 75 78 80 76 87 81 82 86 84 88 89 83 90 85  4  8  3 10  5  2  1  7  9  6 11 15 17 13 14 16 18 19 12 20 21 24 27 23 28 30 25 26 22 29 36 35 32 38 31 39 33 40 37 34 48 50 45 46 47 44 43 42 41 49
 13 17 12 18 11 14 20 16 19 15 23 25 28 30 24 22 27 26 29 21 31 39 33 37 32 34 35 38 40 36 47 41 42 46 44 48 49 43 50 45 54 58 53 60 55 52 51 57 59 56 61 65 67 63 64 66 68 69 62 70 71 74 77 73 78 80 75 76 72 79 86 85 82 88 81 89 83 90 87 84  8 10  5  6  7  4  3  2  1  9
 33 37 32 38 31 34 40 36 39 35 43 45 48 50 44 42 47 46 49 41 51 59 53 57 52 54 55 58 60 56 67 61 62 66 64 68 69 63 70 65 74 78 73 80 75 72 71 77 79 76 81 85 87 83 84 86 88 89 82 90  1  4  7  3  8 10  5  6  2  9 16 15 12 18 11 19 13 20 17 14 28 30 25 26 27 24 23 22 21 29
 23 27 22 28 21 24 30 26 29 25 33 35 38 40 34 32 37 36 39 31 41 49 43 47 42 44 45 48 50 46 57 51 52 56 54 58 59 53 60 55 64 68 63 70 65 62 61 67 69 66 71 75 77 73 74 76 78 79 72 80 81 84 87 83 88 90 85 86 82 89  6  5  2  8  1  9  3 10  7  4 18 20 15 16 17 14 13 12 11 19
 74 78 73 79 72 75 71 77 80 76 84 86 89 81 85 83 88 87 90 82  2 10  4  8  3  5  6  9  1  7 18 12 13 17 15 19 20 14 11 16 25 29 24 21 26 23 22 28 30 27 32 36 38 34 35 37 39 40 33 31 42 45 48 44 49 41 46 47 43 50 57 56 53 59 52 60 54 51 58 55 69 61 66 67 68 65 64 63 62 70
 34 38 33 39 32 35 31 37 40 36 44 46 49 41 45 43 48 47 50 42 52 60 54 58 53 55 56 59 51 57 68 62 63 67 65 69 70 64 61 66 75 79 74 71 76 73 72 78 80 77 82 86 88 84 85 87 89 90 83 81  2  5  8  4  9  1  6  7  3 10 17 16 13 19 12 20 14 11 18 15 29 21 26 27 28 25 24 23 22 30
 44 48 43 49 42 45 41 47 50 46 54 56 59 51 55 53 58 57 60 52 62 70 64 68 63 65 66 69 61 67 78 72 73 77 75 79 80 74 71 76 85 89 84 81 86 83 82 88 90 87  2  6  8  4  5  7  9 10  3  1 12 15 18 14 19 11 16 17 13 20 27 26 23 29 22 30 24 21 28 25 39 31 36 37 38 35 34 33 32 40
 64 68 63 69 62 65 61 67 70 66 74 76 79 71 75 73 78 77 80 72 82 90 84 88 83 85 86 89 81 87  8  2  3  7  5  9 10  4  1  6 15 19 14 11 16 13 12 18 20 17 22 26 28 24 25 27 29 30 23 21 32 35 38 34 39 31 36 37 33 40 47 46 43 49 42 50 44 41 48 45 59 51 56 57 58 55 54 53 52 60
 84 88 83 89 82 85 81 87 90 86  4  6  9  1  5  3  8  7 10  2 12 20 14 18 13 15 16 19 11 17 28 22 23 27 25 29 30 24 21 26 35 39 34 31 36 33 32 38 40 37 42 46 48 44 45 47 49 50 43 41 52 55 58 54 59 51 56 57 53 60 67 66 63 69 62 70 64 61 68 65 79 71 76 77 78 75 74 73 72 80
 14 18 13 19 12 15 11 17 20 16 24 26 29 21 25 23 28 27 30 22 32 40 34 38 33 35 36 39 31 37 48 42 43 47 45 49 50 44 41 46 55 59 54 51 56 53 52 58 60 57 62 66 68 64 65 67 69 70 63 61 72 75 78 74 79 71 76 77 73 80 87 86 83 89 82 90 84 81 88 85  9  1  6  7  8  5  4  3  2 10
 24 28 23 29 22 25 21 27 30 26 34 36 39 31 35 33 38 37 40 32 42 50 44 48 43 45 46 49 41 47 58 52 53 57 55 59 60 54 51 56 65 69 64 61 66 63 62 68 70 67 72 76 78 74 75 77 79 80 73 71 82 85 88 84 89 81 86 87 83 90  7  6  3  9  2 10  4  1  8  5 19 11 16 17 18 15 14 13 12 20
  4  8  3  9  2  5  1  7 10  6 14 16 19 11 15 13 18 17 20 12 22 30 24 28 23 25 26 29 21 27 38 32 33 37 35 39 40 34 31 36 45 49 44 41 46 43 42 48 50 47 52 56 58 54 55 57 59 60 53 51 62 65 68 64 69 61 66 67 63 70 77 76 73 79 72 80 74 71 78 75 89 81 86 87 88 85 84 83 82 90
 54 58 53 59 52 55 51 57 60 56 64 66 69 61 65 63 68 67 70 62 72 80 74 78 73 75 76 79 71 77 88 82 83 87 85 89 90 84 81 86  5  9  4  1  6  3  2  8 10  7 12 16 18 14 15 17 19 20 13 11 22 25 28 24 29 21 26 27 23 30 37 36 33 39 32 40 34 31 38 35 49 41 46 47 48 45 44 43 42 50
