 74 76 79 78 71 77 72 75 73 80 84 88 83 81 90 86 85 82 87 89  8 10  1  4  9  5  7  3  6  2 14 20 11 15 13 17 12 16 19 18 22 23 28 29 26 30 25 21 27 24 33 37 34 40 35 31 32 36 39 38 45 48 49 42 50 46 47 43 44 41 54 60 58 55 51 53 56 52 57 59 64 63 69 70 67 62 66 65 61 68
 44 46 49 48 41 47 42 45 43 50 54 58 53 51 60 56 55 52 57 59 68 70 61 64 69 65 67 63 66 62 74 80 71 75 73 77 72 76 79 78 82 83 88 89 86 90 85 81 87 84  3  7  4 10  5  1  2  6  9  8 15 18 19 12 20 16 17 13 14 11 24 30 28 25 21 23 26 22 27 29 34 33 39 40 37 32 36 35 31 38
 54 56 59 58 51 57 52 55 53 60 64 68 63 61 70 66 65 62 67 69 78 80 71 74 79 75 77 73 76 72 84 90 81 85 83 87 82 86 89 88  2  3  8  9  6 10  5  1  7  4 13 17 14 20 15 11 12 16 19 18 25 28 29 22 30 26 27 23 24 21 34 40 38 35 31 33 36 32 37 39 44 43 49 50 47 42 46 45 41 48
 84 86 89 88 81 87 82 85 83 90  4  8  3  1 10  6  5  2  7  9 18 20 11 14 19 15 17 13 16 12 24 30 21 25 23 27 22 26 29 28 32 33 38 39 36 40 35 31 37 34 43 47 44 50 45 41 42 46 49 48 55 58 59 52 60 56 57 53 54 51 64 70 68 65 61 63 66 62 67 69 74 73 79 80 77 72 76 75 71 78
  4  6  9  8  1  7  2  5  3 10 14 18 13 11 20 16 15 12 17 19 28 30 21 24 29 25 27 23 26 22 34 40 31 35 33 37 32 36 39 38 42 43 48 49 46 50 45 41 47 44 53 57 54 60 55 51 52 56 59 58 65 68 69 62 70 66 67 63 64 61 74 80 78 75 71 73 76 72 77 79 84 83 89 90 87 82 86 85 81 88
 64 66 69 68 61 67 62 65 63 70 74 78 73 71 80 76 75 72 77 79 88 90 81 84 89 85 87 83 86 82  4 10  1  5  3  7  2  6  9  8 12 13 18 19 16 20 15 11 17 14 23 27 24 30 25 21 22 26 29 28 35 38 39 32 40 36 37 33 34 31 44 50 48 45 41 43 46 42 47 49 54 53 59 60 57 52 56 55 51 58
 14 16 19 18 11 17 12 15 13 20 24 28 23 21 30 26 25 22 27 29 38 40 31 34 39 35 37 33 36 32 44 50 41 45 43 47 42 46 49 48 52 53 58 59 56 60 55 51 57 54 63 67 64 70 65 61 62 66 69 68 75 78 79 72 80 76 77 73 74 71 84 90 88 85 81 83 86 82 87 89  4  3  9 10  7  2  6  5  1  8
 24 26 29 28 21 27 22 25 23 30 34 38 33 31 40 36 35 32 37 39 48 50 41 44 49 45 47 43 46 42 54 60 51 55 53 57 52 56 59 58 62 63 68 69 66 70 65 61 67 64 73 77 74 80 75 71 72 76 79 78 85 88 89 82 90 86 87 83 84 81  4 10  8  5  1  3  6  2  7  9 14 13 19 20 17 12 16 15 11 18
 34 36 39 38 31 37 32 35 33 40 44 48 43 41 50 46 45 42 47 49 58 60 51 54 59 55 57 53 56 52 64 70 61 65 63 67 62 66 69 68 72 73 78 79 76 80 75 71 77 74 83 87 84 90 85 81 82 86 89 88  5  8  9  2 10  6  7  3  4  1 14 20 18 15 11 13 16 12 17 19 24 23 29 30 27 22 26 25 21 28
 55 57 60 59 52 58 53 56 54 51 65 69 64 62 61 67 66 63 68 70 79 71 72 75 80 76 78 74 77 73 85 81 82 86 84 88 83 87 90 89  3  4  9 10  7  1  6  2  8  5 14 18 15 11 16 12 13 17 20 19 26 29 30 23 21 27 28 24 25 22 35 31 39 36 32 34 37 33 38 40 45 44 50 41 48 43 47 46 42 49
 45 47 50 49 42 48 43 46 44 41 55 59 54 52 51 57 56 53 58 60 69 61 62 65 70 66 68 64 67 63 75 71 72 76 74 78 73 77 80 79 83 84 89 90 87 81 86 82 88 85  4  8  5  1  6  2  3  7 10  9 16 19 20 13 11 17 18 14 15 12 25 21 29 26 22 24 27 23 28 30 35 34 40 31 38 33 37 36 32 39
 25 27 30 29 22 28 23 26 24 21 35 39 34 32 31 37 36 33 38 40 49 41 42 45 50 46 48 44 47 43 55 51 52 56 54 58 53 57 60 59 63 64 69 70 67 61 66 62 68 65 74 78 75 71 76 72 73 77 80 79 86 89 90 83 81 87 88 84 85 82  5  1  9  6  2  4  7  3  8 10 15 14 20 11 18 13 17 16 12 19
 35 37 40 39 32 38 33 36 34 31 45 49 44 42 41 47 46 43 48 50 59 51 52 55 60 56 58 54 57 53 65 61 62 66 64 68 63 67 70 69 73 74 79 80 77 71 76 72 78 75 84 88 85 81 86 82 83 87 90 89  6  9 10  3  1  7  8  4  5  2 15 11 19 16 12 14 17 13 18 20 25 24 30 21 28 23 27 26 22 29
 75 77 80 79 72 78 73 76 74 71 85 89 84 82 81 87 86 83 88 90  9  1  2  5 10  6  8  4  7  3 15 11 12 16 14 18 13 17 20 19 23 24 29 30 27 21 26 22 28 25 34 38 35 31 36 32 33 37 40 39 46 49 50 43 41 47 48 44 45 42 55 51 59 56 52 54 57 53 58 60 65 64 70 61 68 63 67 66 62 69
 65 67 70 69 62 68 63 66 64 61 75 79 74 72 71 77 76 73 78 80 89 81 82 85 90 86 88 84 87 83  5  1  2  6  4  8  3  7 10  9 13 14 19 20 17 11 16 12 18 15 24 28 25 21 26 22 23 27 30 29 36 39 40 33 31 37 38 34 35 32 45 41 49 46 42 44 47 43 48 50 55 54 60 51 58 53 57 56 52 59
 85 87 90 89 82 88 83 86 84 81  5  9  4  2  1  7  6  3  8 10 19 11 12 15 20 16 18 14 17 13 25 21 22 26 24 28 23 27 30 29 33 34 39 40 37 31 36 32 38 35 44 48 45 41 46 42 43 47 50 49 56 59 60 53 51 57 58 54 55 52 65 61 69 66 62 64 67 63 68 70 75 74 80 71 78 73 77 76 72 79
 15 17 20 19 12 18 13 16 14 11 25 29 24 22 21 27 26 23 28 30 39 31 32 35 40 36 38 34 37 33 45 41 42 46 44 48 43 47 50 49 53 54 59 60 57 51 56 52 58 55 64 68 65 61 66 62 63 67 70 69 76 79 80 73 71 77 78 74 75 72 85 81 89 86 82 84 87 83 88 90  5  4 10  1  8  3  7  6  2  9
  5  7 10  9  2  8  3  6  4  1 15 19 14 12 11 17 16 13 18 20 29 21 22 25 30 26 28 24 27 23 35 31 32 36 34 38 33 37 40 39 43 44 49 50 47 41 46 42 48 45 54 58 55 51 56 52 53 57 60 59 66 69 70 63 61 67 68 64 65 62 75 71 79 76 72 74 77 73 78 80 85 84 90 81 88 83 87 86 82 89
 56 58 51 60 53 59 54 57 55 52 66 70 65 63 62 68 67 64 69 61 80 72 73 76 71 77 79 75 78 74 86 82 83 87 85 89 84 88 81 90  4  5 10  1  8  2  7  3  9  6 15 19 16 12 17 13 14 18 11 20 27 30 21 24 22 28 29 25 26 23 36 32 40 37 33 35 38 34 39 31 46 45 41 42 49 44 48 47 43 50
 76 78 71 80 73 79 74 77 75 72 86 90 85 83 82 88 87 84 89 81 10  2  3  6  1  7  9  5  8  4 16 12 13 17 15 19 14 18 11 20 24 25 30 21 28 22 27 23 29 26 35 39 36 32 37 33 34 38 31 40 47 50 41 44 42 48 49 45 46 43 56 52 60 57 53 55 58 54 59 51 66 65 61 62 69 64 68 67 63 70
 86 88 81 90 83 89 84 87 85 82  6 10  5  3  2  8  7  4  9  1 20 12 13 16 11 17 19 15 18 14 26 22 23 27 25 29 24 28 21 30 34 35 40 31 38 32 37 33 39 36 45 49 46 42 47 43 44 48 41 50 57 60 51 54 52 58 59 55 56 53 66 62 70 67 63 65 68 64 69 61 76 75 71 72 79 74 78 77 73 80
 46 48 41 50 43 49 44 47 45 42 56 60 55 53 52 58 57 54 59 51 70 62 63 66 61 67 69 65 68 64 76 72 73 77 75 79 74 78 71 80 84 85 90 81 88 82 87 83 89 86  5  9  6  2  7  3  4  8  1 10 17 20 11 14 12 18 19 15 16 13 26 22 30 27 23 25 28 24 29 21 36 35 31 32 39 34 38 37 33 40
 66 68 61 70 63 69 64 67 65 62 76 80 75 73 72 78 77 74 79 71 90 82 83 86 81 87 89 85 88 84  6  2  3  7  5  9  4  8  1 10 14 15 20 11 18 12 17 13 19 16 25 29 26 22 27 23 24 28 21 30 37 40 31 34 32 38 39 35 36 33 46 42 50 47 43 45 48 44 49 41 56 55 51 52 59 54 58 57 53 60
 26 28 21 30 23 29 24 27 25 22 36 40 35 33 32 38 37 34 39 31 50 42 43 46 41 47 49 45 48 44 56 52 53 57 55 59 54 58 51 60 64 65 70 61 68 62 67 63 69 66 75 79 76 72 77 73 74 78 71 80 87 90 81 84 82 88 89 85 86 83  6  2 10  7  3  5  8  4  9  1 16 15 11 12 19 14 18 17 13 20
 36 38 31 40 33 39 34 37 35 32 46 50 45 43 42 48 47 44 49 41 60 52 53 56 51 57 59 55 58 54 66 62 63 67 65 69 64 68 61 70 74 75 80 71 78 72 77 73 79 76 85 89 86 82 87 83 84 88 81 90  7 10  1  4  2  8  9  5  6  3 16 12 20 17 13 15 18 14 19 11 26 25 21 22 29 24 28 27 23 30
 16 18 11 20 13 19 14 17 15 12 26 30 25 23 22 28 27 24 29 21 40 32 33 36 31 37 39 35 38 34 46 42 43 47 45 49 44 48 41 50 54 55 60 51 58 52 57 53 59 56 65 69 66 62 67 63 64 68 61 70 77 80 71 74 72 78 79 75 76 73 86 82 90 87 83 85 88 84 89 81  6  5  1  2  9  4  8  7  3 10
  6  8  1 10  3  9  4  7  5  2 16 20 15 13 12 18 17 14 19 11 30 22 23 26 21 27 29 25 28 24 36 32 33 37 35 39 34 38 31 40 44 45 50 41 48 42 47 43 49 46 55 59 56 52 57 53 54 58 51 60 67 70 61 64 62 68 69 65 66 63 76 72 80 77 73 75 78 74 79 71 86 85 81 82 89 84 88 87 83 90
 27 29 22 21 24 30 25 28 26 23 37 31 36 34 33 39 38 35 40 32 41 43 44 47 42 48 50 46 49 45 57 53 54 58 56 60 55 59 52 51 65 66 61 62 69 63 68 64 70 67 76 80 77 73 78 74 75 79 72 71 88 81 82 85 83 89 90 86 87 84  7  3  1  8  4  6  9  5 10  2 17 16 12 13 20 15 19 18 14 11
  7  9  2  1  4 10  5  8  6  3 17 11 16 14 13 19 18 15 20 12 21 23 24 27 22 28 30 26 29 25 37 33 34 38 36 40 35 39 32 31 45 46 41 42 49 43 48 44 50 47 56 60 57 53 58 54 55 59 52 51 68 61 62 65 63 69 70 66 67 64 77 73 71 78 74 76 79 75 80 72 87 86 82 83 90 85 89 88 84 81
 87 89 82 81 84 90 85 88 86 83  7  1  6  4  3  9  8  5 10  2 11 13 14 17 12 18 20 16 19 15 27 23 24 28 26 30 25 29 22 21 35 36 31 32 39 33 38 34 40 37 46 50 47 43 48 44 45 49 42 41 58 51 52 55 53 59 60 56 57 54 67 63 61 68 64 66 69 65 70 62 77 76 72 73 80 75 79 78 74 71
 37 39 32 31 34 40 35 38 36 33 47 41 46 44 43 49 48 45 50 42 51 53 54 57 52 58 60 56 59 55 67 63 64 68 66 70 65 69 62 61 75 76 71 72 79 73 78 74 80 77 86 90 87 83 88 84 85 89 82 81  8  1  2  5  3  9 10  6  7  4 17 13 11 18 14 16 19 15 20 12 27 26 22 23 30 25 29 28 24 21
 47 49 42 41 44 50 45 48 46 43 57 51 56 54 53 59 58 55 60 52 61 63 64 67 62 68 70 66 69 65 77 73 74 78 76 80 75 79 72 71 85 86 81 82 89 83 88 84 90 87  6 10  7  3  8  4  5  9  2  1 18 11 12 15 13 19 20 16 17 14 27 23 21 28 24 26 29 25 30 22 37 36 32 33 40 35 39 38 34 31
 57 59 52 51 54 60 55 58 56 53 67 61 66 64 63 69 68 65 70 62 71 73 74 77 72 78 80 76 79 75 87 83 84 88 86 90 85 89 82 81  5  6  1  2  9  3  8  4 10  7 16 20 17 13 18 14 15 19 12 11 28 21 22 25 23 29 30 26 27 24 37 33 31 38 34 36 39 35 40 32 47 46 42 43 50 45 49 48 44 41
 17 19 12 11 14 20 15 18 16 13 27 21 26 24 23 29 28 25 30 22 31 33 34 37 32 38 40 36 39 35 47 43 44 48 46 50 45 49 42 41 55 56 51 52 59 53 58 54 60 57 66 70 67 63 68 64 65 69 62 61 78 71 72 75 73 79 80 76 77 74 87 83 81 88 84 86 89 85 90 82  7  6  2  3 10  5  9  8  4  1
 67 69 62 61 64 70 65 68 66 63 77 71 76 74 73 79 78 75 80 72 81 83 84 87 82 88 90 86 89 85  7  3  4  8  6 10  5  9  2  1 15 16 11 12 19 13 18 14 20 17 26 30 27 23 28 24 25 29 22 21 38 31 32 35 33 39 40 36 37 34 47 43 41 48 44 46 49 45 50 42 57 56 52 53 60 55 59 58 54 51
 77 79 72 71 74 80 75 78 76 73 87 81 86 84 83 89 88 85 90 82  1  3  4  7  2  8 10  6  9  5 17 13 14 18 16 20 15 19 12 11 25 26 21 22 29 23 28 24 30 27 36 40 37 33 38 34 35 39 32 31 48 41 42 45 43 49 50 46 47 44 57 53 51 58 54 56 59 55 60 52 67 66 62 63 70 65 69 68 64 61
 48 50 43 42 45 41 46 49 47 44 58 52 57 55 54 60 59 56 51 53 62 64 65 68 63 69 61 67 70 66 78 74 75 79 77 71 76 80 73 72 86 87 82 83 90 84 89 85 81 88  7  1  8  4  9  5  6 10  3  2 19 12 13 16 14 20 11 17 18 15 28 24 22 29 25 27 30 26 21 23 38 37 33 34 31 36 40 39 35 32
 28 30 23 22 25 21 26 29 27 24 38 32 37 35 34 40 39 36 31 33 42 44 45 48 43 49 41 47 50 46 58 54 55 59 57 51 56 60 53 52 66 67 62 63 70 64 69 65 61 68 77 71 78 74 79 75 76 80 73 72 89 82 83 86 84 90 81 87 88 85  8  4  2  9  5  7 10  6  1  3 18 17 13 14 11 16 20 19 15 12
 78 80 73 72 75 71 76 79 77 74 88 82 87 85 84 90 89 86 81 83  2  4  5  8  3  9  1  7 10  6 18 14 15 19 17 11 16 20 13 12 26 27 22 23 30 24 29 25 21 28 37 31 38 34 39 35 36 40 33 32 49 42 43 46 44 50 41 47 48 45 58 54 52 59 55 57 60 56 51 53 68 67 63 64 61 66 70 69 65 62
 68 70 63 62 65 61 66 69 67 64 78 72 77 75 74 80 79 76 71 73 82 84 85 88 83 89 81 87 90 86  8  4  5  9  7  1  6 10  3  2 16 17 12 13 20 14 19 15 11 18 27 21 28 24 29 25 26 30 23 22 39 32 33 36 34 40 31 37 38 35 48 44 42 49 45 47 50 46 41 43 58 57 53 54 51 56 60 59 55 52
 58 60 53 52 55 51 56 59 57 54 68 62 67 65 64 70 69 66 61 63 72 74 75 78 73 79 71 77 80 76 88 84 85 89 87 81 86 90 83 82  6  7  2  3 10  4  9  5  1  8 17 11 18 14 19 15 16 20 13 12 29 22 23 26 24 30 21 27 28 25 38 34 32 39 35 37 40 36 31 33 48 47 43 44 41 46 50 49 45 42
 88 90 83 82 85 81 86 89 87 84  8  2  7  5  4 10  9  6  1  3 12 14 15 18 13 19 11 17 20 16 28 24 25 29 27 21 26 30 23 22 36 37 32 33 40 34 39 35 31 38 47 41 48 44 49 45 46 50 43 42 59 52 53 56 54 60 51 57 58 55 68 64 62 69 65 67 70 66 61 63 78 77 73 74 71 76 80 79 75 72
 38 40 33 32 35 31 36 39 37 34 48 42 47 45 44 50 49 46 41 43 52 54 55 58 53 59 51 57 60 56 68 64 65 69 67 61 66 70 63 62 76 77 72 73 80 74 79 75 71 78 87 81 88 84 89 85 86 90 83 82  9  2  3  6  4 10  1  7  8  5 18 14 12 19 15 17 20 16 11 13 28 27 23 24 21 26 30 29 25 22
 18 20 13 12 15 11 16 19 17 14 28 22 27 25 24 30 29 26 21 23 32 34 35 38 33 39 31 37 40 36 48 44 45 49 47 41 46 50 43 42 56 57 52 53 60 54 59 55 51 58 67 61 68 64 69 65 66 70 63 62 79 72 73 76 74 80 71 77 78 75 88 84 82 89 85 87 90 86 81 83  8  7  3  4  1  6 10  9  5  2
  8 10  3  2  5  1  6  9  7  4 18 12 17 15 14 20 19 16 11 13 22 24 25 28 23 29 21 27 30 26 38 34 35 39 37 31 36 40 33 32 46 47 42 43 50 44 49 45 41 48 57 51 58 54 59 55 56 60 53 52 69 62 63 66 64 70 61 67 68 65 78 74 72 79 75 77 80 76 71 73 88 87 83 84 81 86 90 89 85 82
 49 41 44 43 46 42 47 50 48 45 59 53 58 56 55 51 60 57 52 54 63 65 66 69 64 70 62 68 61 67 79 75 76 80 78 72 77 71 74 73 87 88 83 84 81 85 90 86 82 89  8  2  9  5 10  6  7  1  4  3 20 13 14 17 15 11 12 18 19 16 29 25 23 30 26 28 21 27 22 24 39 38 34 35 32 37 31 40 36 33
  9  1  4  3  6  2  7 10  8  5 19 13 18 16 15 11 20 17 12 14 23 25 26 29 24 30 22 28 21 27 39 35 36 40 38 32 37 31 34 33 47 48 43 44 41 45 50 46 42 49 58 52 59 55 60 56 57 51 54 53 70 63 64 67 65 61 62 68 69 66 79 75 73 80 76 78 71 77 72 74 89 88 84 85 82 87 81 90 86 83
 39 31 34 33 36 32 37 40 38 35 49 43 48 46 45 41 50 47 42 44 53 55 56 59 54 60 52 58 51 57 69 65 66 70 68 62 67 61 64 63 77 78 73 74 71 75 80 76 72 79 88 82 89 85 90 86 87 81 84 83 10  3  4  7  5  1  2  8  9  6 19 15 13 20 16 18 11 17 12 14 29 28 24 25 22 27 21 30 26 23
 59 51 54 53 56 52 57 60 58 55 69 63 68 66 65 61 70 67 62 64 73 75 76 79 74 80 72 78 71 77 89 85 86 90 88 82 87 81 84 83  7  8  3  4  1  5 10  6  2  9 18 12 19 15 20 16 17 11 14 13 30 23 24 27 25 21 22 28 29 26 39 35 33 40 36 38 31 37 32 34 49 48 44 45 42 47 41 50 46 43
 89 81 84 83 86 82 87 90 88 85  9  3  8  6  5  1 10  7  2  4 13 15 16 19 14 20 12 18 11 17 29 25 26 30 28 22 27 21 24 23 37 38 33 34 31 35 40 36 32 39 48 42 49 45 50 46 47 41 44 43 60 53 54 57 55 51 52 58 59 56 69 65 63 70 66 68 61 67 62 64 79 78 74 75 72 77 71 80 76 73
 19 11 14 13 16 12 17 20 18 15 29 23 28 26 25 21 30 27 22 24 33 35 36 39 34 40 32 38 31 37 49 45 46 50 48 42 47 41 44 43 57 58 53 54 51 55 60 56 52 59 68 62 69 65 70 66 67 61 64 63 80 73 74 77 75 71 72 78 79 76 89 85 83 90 86 88 81 87 82 84  9  8  4  5  2  7  1 10  6  3
 29 21 24 23 26 22 27 30 28 25 39 33 38 36 35 31 40 37 32 34 43 45 46 49 44 50 42 48 41 47 59 55 56 60 58 52 57 51 54 53 67 68 63 64 61 65 70 66 62 69 78 72 79 75 80 76 77 71 74 73 90 83 84 87 85 81 82 88 89 86  9  5  3 10  6  8  1  7  2  4 19 18 14 15 12 17 11 20 16 13
 69 61 64 63 66 62 67 70 68 65 79 73 78 76 75 71 80 77 72 74 83 85 86 89 84 90 82 88 81 87  9  5  6 10  8  2  7  1  4  3 17 18 13 14 11 15 20 16 12 19 28 22 29 25 30 26 27 21 24 23 40 33 34 37 35 31 32 38 39 36 49 45 43 50 46 48 41 47 42 44 59 58 54 55 52 57 51 60 56 53
 79 71 74 73 76 72 77 80 78 75 89 83 88 86 85 81 90 87 82 84  3  5  6  9  4 10  2  8  1  7 19 15 16 20 18 12 17 11 14 13 27 28 23 24 21 25 30 26 22 29 38 32 39 35 40 36 37 31 34 33 50 43 44 47 45 41 42 48 49 46 59 55 53 60 56 58 51 57 52 54 69 68 64 65 62 67 61 70 66 63
 50 42 45 44 47 43 48 41 49 46 60 54 59 57 56 52 51 58 53 55 64 66 67 70 65 61 63 69 62 68 80 76 77 71 79 73 78 72 75 74 88 89 84 85 82 86 81 87 83 90  9  3 10  6  1  7  8  2  5  4 11 14 15 18 16 12 13 19 20 17 30 26 24 21 27 29 22 28 23 25 40 39 35 36 33 38 32 31 37 34
 90 82 85 84 87 83 88 81 89 86 10  4  9  7  6  2  1  8  3  5 14 16 17 20 15 11 13 19 12 18 30 26 27 21 29 23 28 22 25 24 38 39 34 35 32 36 31 37 33 40 49 43 50 46 41 47 48 42 45 44 51 54 55 58 56 52 53 59 60 57 70 66 64 61 67 69 62 68 63 65 80 79 75 76 73 78 72 71 77 74
 10  2  5  4  7  3  8  1  9  6 20 14 19 17 16 12 11 18 13 15 24 26 27 30 25 21 23 29 22 28 40 36 37 31 39 33 38 32 35 34 48 49 44 45 42 46 41 47 43 50 59 53 60 56 51 57 58 52 55 54 61 64 65 68 66 62 63 69 70 67 80 76 74 71 77 79 72 78 73 75 90 89 85 86 83 88 82 81 87 84
 30 22 25 24 27 23 28 21 29 26 40 34 39 37 36 32 31 38 33 35 44 46 47 50 45 41 43 49 42 48 60 56 57 51 59 53 58 52 55 54 68 69 64 65 62 66 61 67 63 70 79 73 80 76 71 77 78 72 75 74 81 84 85 88 86 82 83 89 90 87 10  6  4  1  7  9  2  8  3  5 20 19 15 16 13 18 12 11 17 14
 20 12 15 14 17 13 18 11 19 16 30 24 29 27 26 22 21 28 23 25 34 36 37 40 35 31 33 39 32 38 50 46 47 41 49 43 48 42 45 44 58 59 54 55 52 56 51 57 53 60 69 63 70 66 61 67 68 62 65 64 71 74 75 78 76 72 73 79 80 77 90 86 84 81 87 89 82 88 83 85 10  9  5  6  3  8  2  1  7  4
 70 62 65 64 67 63 68 61 69 66 80 74 79 77 76 72 71 78 73 75 84 86 87 90 85 81 83 89 82 88 10  6  7  1  9  3  8  2  5  4 18 19 14 15 12 16 11 17 13 20 29 23 30 26 21 27 28 22 25 24 31 34 35 38 36 32 33 39 40 37 50 46 44 41 47 49 42 48 43 45 60 59 55 56 53 58 52 51 57 54
 60 52 55 54 57 53 58 51 59 56 70 64 69 67 66 62 61 68 63 65 74 76 77 80 75 71 73 79 72 78 90 86 87 81 89 83 88 82 85 84  8  9  4  5  2  6  1  7  3 10 19 13 20 16 11 17 18 12 15 14 21 24 25 28 26 22 23 29 30 27 40 36 34 31 37 39 32 38 33 35 50 49 45 46 43 48 42 41 47 44
 40 32 35 34 37 33 38 31 39 36 50 44 49 47 46 42 41 48 43 45 54 56 57 60 55 51 53 59 52 58 70 66 67 61 69 63 68 62 65 64 78 79 74 75 72 76 71 77 73 80 89 83 90 86 81 87 88 82 85 84  1  4  5  8  6  2  3  9 10  7 20 16 14 11 17 19 12 18 13 15 30 29 25 26 23 28 22 21 27 24
 80 72 75 74 77 73 78 71 79 76 90 84 89 87 86 82 81 88 83 85  4  6  7 10  5  1  3  9  2  8 20 16 17 11 19 13 18 12 15 14 28 29 24 25 22 26 21 27 23 30 39 33 40 36 31 37 38 32 35 34 41 44 45 48 46 42 43 49 50 47 60 56 54 51 57 59 52 58 53 55 70 69 65 66 63 68 62 61 67 64
 31 33 36 35 38 34 39 32 40 37 41 45 50 48 47 43 42 49 44 46 55 57 58 51 56 52 54 60 53 59 61 67 68 62 70 64 69 63 66 65 79 80 75 76 73 77 72 78 74 71 90 84 81 87 82 88 89 83 86 85  2  5  6  9  7  3  4 10  1  8 11 17 15 12 18 20 13 19 14 16 21 30 26 27 24 29 23 22 28 25
 81 83 86 85 88 84 89 82 90 87  1  5 10  8  7  3  2  9  4  6 15 17 18 11 16 12 14 20 13 19 21 27 28 22 30 24 29 23 26 25 39 40 35 36 33 37 32 38 34 31 50 44 41 47 42 48 49 43 46 45 52 55 56 59 57 53 54 60 51 58 61 67 65 62 68 70 63 69 64 66 71 80 76 77 74 79 73 72 78 75
  1  3  6  5  8  4  9  2 10  7 11 15 20 18 17 13 12 19 14 16 25 27 28 21 26 22 24 30 23 29 31 37 38 32 40 34 39 33 36 35 49 50 45 46 43 47 42 48 44 41 60 54 51 57 52 58 59 53 56 55 62 65 66 69 67 63 64 70 61 68 71 77 75 72 78 80 73 79 74 76 81 90 86 87 84 89 83 82 88 85
 41 43 46 45 48 44 49 42 50 47 51 55 60 58 57 53 52 59 54 56 65 67 68 61 66 62 64 70 63 69 71 77 78 72 80 74 79 73 76 75 89 90 85 86 83 87 82 88 84 81 10  4  1  7  2  8  9  3  6  5 12 15 16 19 17 13 14 20 11 18 21 27 25 22 28 30 23 29 24 26 31 40 36 37 34 39 33 32 38 35
 61 63 66 65 68 64 69 62 70 67 71 75 80 78 77 73 72 79 74 76 85 87 88 81 86 82 84 90 83 89  1  7  8  2 10  4  9  3  6  5 19 20 15 16 13 17 12 18 14 11 30 24 21 27 22 28 29 23 26 25 32 35 36 39 37 33 34 40 31 38 41 47 45 42 48 50 43 49 44 46 51 60 56 57 54 59 53 52 58 55
 11 13 16 15 18 14 19 12 20 17 21 25 30 28 27 23 22 29 24 26 35 37 38 31 36 32 34 40 33 39 41 47 48 42 50 44 49 43 46 45 59 60 55 56 53 57 52 58 54 51 70 64 61 67 62 68 69 63 66 65 72 75 76 79 77 73 74 80 71 78 81 87 85 82 88 90 83 89 84 86  1 10  6  7  4  9  3  2  8  5
 51 53 56 55 58 54 59 52 60 57 61 65 70 68 67 63 62 69 64 66 75 77 78 71 76 72 74 80 73 79 81 87 88 82 90 84 89 83 86 85  9 10  5  6  3  7  2  8  4  1 20 14 11 17 12 18 19 13 16 15 22 25 26 29 27 23 24 30 21 28 31 37 35 32 38 40 33 39 34 36 41 50 46 47 44 49 43 42 48 45
 21 23 26 25 28 24 29 22 30 27 31 35 40 38 37 33 32 39 34 36 45 47 48 41 46 42 44 50 43 49 51 57 58 52 60 54 59 53 56 55 69 70 65 66 63 67 62 68 64 61 80 74 71 77 72 78 79 73 76 75 82 85 86 89 87 83 84 90 81 88  1  7  5  2  8 10  3  9  4  6 11 20 16 17 14 19 13 12 18 15
 71 73 76 75 78 74 79 72 80 77 81 85 90 88 87 83 82 89 84 86  5  7  8  1  6  2  4 10  3  9 11 17 18 12 20 14 19 13 16 15 29 30 25 26 23 27 22 28 24 21 40 34 31 37 32 38 39 33 36 35 42 45 46 49 47 43 44 50 41 48 51 57 55 52 58 60 53 59 54 56 61 70 66 67 64 69 63 62 68 65
 82 84 87 86 89 85 90 83 81 88  2  6  1  9  8  4  3 10  5  7 16 18 19 12 17 13 15 11 14 20 22 28 29 23 21 25 30 24 27 26 40 31 36 37 34 38 33 39 35 32 41 45 42 48 43 49 50 44 47 46 53 56 57 60 58 54 55 51 52 59 62 68 66 63 69 61 64 70 65 67 72 71 77 78 75 80 74 73 79 76
 62 64 67 66 69 65 70 63 61 68 72 76 71 79 78 74 73 80 75 77 86 88 89 82 87 83 85 81 84 90  2  8  9  3  1  5 10  4  7  6 20 11 16 17 14 18 13 19 15 12 21 25 22 28 23 29 30 24 27 26 33 36 37 40 38 34 35 31 32 39 42 48 46 43 49 41 44 50 45 47 52 51 57 58 55 60 54 53 59 56
 42 44 47 46 49 45 50 43 41 48 52 56 51 59 58 54 53 60 55 57 66 68 69 62 67 63 65 61 64 70 72 78 79 73 71 75 80 74 77 76 90 81 86 87 84 88 83 89 85 82  1  5  2  8  3  9 10  4  7  6 13 16 17 20 18 14 15 11 12 19 22 28 26 23 29 21 24 30 25 27 32 31 37 38 35 40 34 33 39 36
  2  4  7  6  9  5 10  3  1  8 12 16 11 19 18 14 13 20 15 17 26 28 29 22 27 23 25 21 24 30 32 38 39 33 31 35 40 34 37 36 50 41 46 47 44 48 43 49 45 42 51 55 52 58 53 59 60 54 57 56 63 66 67 70 68 64 65 61 62 69 72 78 76 73 79 71 74 80 75 77 82 81 87 88 85 90 84 83 89 86
 12 14 17 16 19 15 20 13 11 18 22 26 21 29 28 24 23 30 25 27 36 38 39 32 37 33 35 31 34 40 42 48 49 43 41 45 50 44 47 46 60 51 56 57 54 58 53 59 55 52 61 65 62 68 63 69 70 64 67 66 73 76 77 80 78 74 75 71 72 79 82 88 86 83 89 81 84 90 85 87  2  1  7  8  5 10  4  3  9  6
 72 74 77 76 79 75 80 73 71 78 82 86 81 89 88 84 83 90 85 87  6  8  9  2  7  3  5  1  4 10 12 18 19 13 11 15 20 14 17 16 30 21 26 27 24 28 23 29 25 22 31 35 32 38 33 39 40 34 37 36 43 46 47 50 48 44 45 41 42 49 52 58 56 53 59 51 54 60 55 57 62 61 67 68 65 70 64 63 69 66
 32 34 37 36 39 35 40 33 31 38 42 46 41 49 48 44 43 50 45 47 56 58 59 52 57 53 55 51 54 60 62 68 69 63 61 65 70 64 67 66 80 71 76 77 74 78 73 79 75 72 81 85 82 88 83 89 90 84 87 86  3  6  7 10  8  4  5  1  2  9 12 18 16 13 19 11 14 20 15 17 22 21 27 28 25 30 24 23 29 26
 52 54 57 56 59 55 60 53 51 58 62 66 61 69 68 64 63 70 65 67 76 78 79 72 77 73 75 71 74 80 82 88 89 83 81 85 90 84 87 86 10  1  6  7  4  8  3  9  5  2 11 15 12 18 13 19 20 14 17 16 23 26 27 30 28 24 25 21 22 29 32 38 36 33 39 31 34 40 35 37 42 41 47 48 45 50 44 43 49 46
 22 24 27 26 29 25 30 23 21 28 32 36 31 39 38 34 33 40 35 37 46 48 49 42 47 43 45 41 44 50 52 58 59 53 51 55 60 54 57 56 70 61 66 67 64 68 63 69 65 62 71 75 72 78 73 79 80 74 77 76 83 86 87 90 88 84 85 81 82 89  2  8  6  3  9  1  4 10  5  7 12 11 17 18 15 20 14 13 19 16
 23 25 28 27 30 26 21 24 22 29 33 37 32 40 39 35 34 31 36 38 47 49 50 43 48 44 46 42 45 41 53 59 60 54 52 56 51 55 58 57 61 62 67 68 65 69 64 70 66 63 72 76 73 79 74 80 71 75 78 77 84 87 88 81 89 85 86 82 83 90  3  9  7  4 10  2  5  1  6  8 13 12 18 19 16 11 15 14 20 17
  3  5  8  7 10  6  1  4  2  9 13 17 12 20 19 15 14 11 16 18 27 29 30 23 28 24 26 22 25 21 33 39 40 34 32 36 31 35 38 37 41 42 47 48 45 49 44 50 46 43 52 56 53 59 54 60 51 55 58 57 64 67 68 61 69 65 66 62 63 70 73 79 77 74 80 72 75 71 76 78 83 82 88 89 86 81 85 84 90 87
 43 45 48 47 50 46 41 44 42 49 53 57 52 60 59 55 54 51 56 58 67 69 70 63 68 64 66 62 65 61 73 79 80 74 72 76 71 75 78 77 81 82 87 88 85 89 84 90 86 83  2  6  3  9  4 10  1  5  8  7 14 17 18 11 19 15 16 12 13 20 23 29 27 24 30 22 25 21 26 28 33 32 38 39 36 31 35 34 40 37
 33 35 38 37 40 36 31 34 32 39 43 47 42 50 49 45 44 41 46 48 57 59 60 53 58 54 56 52 55 51 63 69 70 64 62 66 61 65 68 67 71 72 77 78 75 79 74 80 76 73 82 86 83 89 84 90 81 85 88 87  4  7  8  1  9  5  6  2  3 10 13 19 17 14 20 12 15 11 16 18 23 22 28 29 26 21 25 24 30 27
 73 75 78 77 80 76 71 74 72 79 83 87 82 90 89 85 84 81 86 88  7  9 10  3  8  4  6  2  5  1 13 19 20 14 12 16 11 15 18 17 21 22 27 28 25 29 24 30 26 23 32 36 33 39 34 40 31 35 38 37 44 47 48 41 49 45 46 42 43 50 53 59 57 54 60 52 55 51 56 58 63 62 68 69 66 61 65 64 70 67
 53 55 58 57 60 56 51 54 52 59 63 67 62 70 69 65 64 61 66 68 77 79 80 73 78 74 76 72 75 71 83 89 90 84 82 86 81 85 88 87  1  2  7  8  5  9  4 10  6  3 12 16 13 19 14 20 11 15 18 17 24 27 28 21 29 25 26 22 23 30 33 39 37 34 40 32 35 31 36 38 43 42 48 49 46 41 45 44 50 47
 83 85 88 87 90 86 81 84 82 89  3  7  2 10  9  5  4  1  6  8 17 19 20 13 18 14 16 12 15 11 23 29 30 24 22 26 21 25 28 27 31 32 37 38 35 39 34 40 36 33 42 46 43 49 44 50 41 45 48 47 54 57 58 51 59 55 56 52 53 60 63 69 67 64 70 62 65 61 66 68 73 72 78 79 76 71 75 74 80 77
 13 15 18 17 20 16 11 14 12 19 23 27 22 30 29 25 24 21 26 28 37 39 40 33 38 34 36 32 35 31 43 49 50 44 42 46 41 45 48 47 51 52 57 58 55 59 54 60 56 53 62 66 63 69 64 70 61 65 68 67 74 77 78 71 79 75 76 72 73 80 83 89 87 84 90 82 85 81 86 88  3  2  8  9  6  1  5  4 10  7
 63 65 68 67 70 66 61 64 62 69 73 77 72 80 79 75 74 71 76 78 87 89 90 83 88 84 86 82 85 81  3  9 10  4  2  6  1  5  8  7 11 12 17 18 15 19 14 20 16 13 22 26 23 29 24 30 21 25 28 27 34 37 38 31 39 35 36 32 33 40 43 49 47 44 50 42 45 41 46 48 53 52 58 59 56 51 55 54 60 57
