 78 76 77 72 73 79 80 74 71 75 87 83 84 85 86 90 88 82 81 89  1  6 10  7  8  4  3  9  2  5 13 16 12 15 17 11 19 18 14 20 26 21 30 22 24 23 27 28 29 25 40 33 37 31 32 35 36 34 38 39 45 48 41 50 47 46 43 44 49 42 54 57 52 55 51 56 58 59 60 53 68 64 62 63 69 61 65 70 67 66
 38 36 37 32 33 39 40 34 31 35 47 43 44 45 46 50 48 42 41 49 51 56 60 57 58 54 53 59 52 55 63 66 62 65 67 61 69 68 64 70 76 71 80 72 74 73 77 78 79 75 90 83 87 81 82 85 86 84 88 89  5  8  1 10  7  6  3  4  9  2 14 17 12 15 11 16 18 19 20 13 28 24 22 23 29 21 25 30 27 26
 18 16 17 12 13 19 20 14 11 15 27 23 24 25 26 30 28 22 21 29 31 36 40 37 38 34 33 39 32 35 43 46 42 45 47 41 49 48 44 50 56 51 60 52 54 53 57 58 59 55 70 63 67 61 62 65 66 64 68 69 75 78 71 80 77 76 73 74 79 72 84 87 82 85 81 86 88 89 90 83  8  4  2  3  9  1  5 10  7  6
 68 66 67 62 63 69 70 64 61 65 77 73 74 75 76 80 78 72 71 79 81 86 90 87 88 84 83 89 82 85  3  6  2  5  7  1  9  8  4 10 16 11 20 12 14 13 17 18 19 15 30 23 27 21 22 25 26 24 28 29 35 38 31 40 37 36 33 34 39 32 44 47 42 45 41 46 48 49 50 43 58 54 52 53 59 51 55 60 57 56
 88 86 87 82 83 89 90 84 81 85  7  3  4  5  6 10  8  2  1  9 11 16 20 17 18 14 13 19 12 15 23 26 22 25 27 21 29 28 24 30 36 31 40 32 34 33 37 38 39 35 50 43 47 41 42 45 46 44 48 49 55 58 51 60 57 56 53 54 59 52 64 67 62 65 61 66 68 69 70 63 78 74 72 73 79 71 75 80 77 76
  8  6  7  2  3  9 10  4  1  5 17 13 14 15 16 20 18 12 11 19 21 26 30 27 28 24 23 29 22 25 33 36 32 35 37 31 39 38 34 40 46 41 50 42 44 43 47 48 49 45 60 53 57 51 52 55 56 54 58 59 65 68 61 70 67 66 63 64 69 62 74 77 72 75 71 76 78 79 80 73 88 84 82 83 89 81 85 90 87 86
 58 56 57 52 53 59 60 54 51 55 67 63 64 65 66 70 68 62 61 69 71 76 80 77 78 74 73 79 72 75 83 86 82 85 87 81 89 88 84 90  6  1 10  2  4  3  7  8  9  5 20 13 17 11 12 15 16 14 18 19 25 28 21 30 27 26 23 24 29 22 34 37 32 35 31 36 38 39 40 33 48 44 42 43 49 41 45 50 47 46
 28 26 27 22 23 29 30 24 21 25 37 33 34 35 36 40 38 32 31 39 41 46 50 47 48 44 43 49 42 45 53 56 52 55 57 51 59 58 54 60 66 61 70 62 64 63 67 68 69 65 80 73 77 71 72 75 76 74 78 79 85 88 81 90 87 86 83 84 89 82  4  7  2  5  1  6  8  9 10  3 18 14 12 13 19 11 15 20 17 16
 48 46 47 42 43 49 50 44 41 45 57 53 54 55 56 60 58 52 51 59 61 66 70 67 68 64 63 69 62 65 73 76 72 75 77 71 79 78 74 80 86 81 90 82 84 83 87 88 89 85 10  3  7  1  2  5  6  4  8  9 15 18 11 20 17 16 13 14 19 12 24 27 22 25 21 26 28 29 30 23 38 34 32 33 39 31 35 40 37 36
 89 87 88 83 84 90 81 85 82 86  8  4  5  6  7  1  9  3  2 10 12 17 11 18 19 15 14 20 13 16 24 27 23 26 28 22 30 29 25 21 37 32 31 33 35 34 38 39 40 36 41 44 48 42 43 46 47 45 49 50 56 59 52 51 58 57 54 55 60 53 65 68 63 66 62 67 69 70 61 64 79 75 73 74 80 72 76 71 78 77
 29 27 28 23 24 30 21 25 22 26 38 34 35 36 37 31 39 33 32 40 42 47 41 48 49 45 44 50 43 46 54 57 53 56 58 52 60 59 55 51 67 62 61 63 65 64 68 69 70 66 71 74 78 72 73 76 77 75 79 80 86 89 82 81 88 87 84 85 90 83  5  8  3  6  2  7  9 10  1  4 19 15 13 14 20 12 16 11 18 17
 59 57 58 53 54 60 51 55 52 56 68 64 65 66 67 61 69 63 62 70 72 77 71 78 79 75 74 80 73 76 84 87 83 86 88 82 90 89 85 81  7  2  1  3  5  4  8  9 10  6 11 14 18 12 13 16 17 15 19 20 26 29 22 21 28 27 24 25 30 23 35 38 33 36 32 37 39 40 31 34 49 45 43 44 50 42 46 41 48 47
 49 47 48 43 44 50 41 45 42 46 58 54 55 56 57 51 59 53 52 60 62 67 61 68 69 65 64 70 63 66 74 77 73 76 78 72 80 79 75 71 87 82 81 83 85 84 88 89 90 86  1  4  8  2  3  6  7  5  9 10 16 19 12 11 18 17 14 15 20 13 25 28 23 26 22 27 29 30 21 24 39 35 33 34 40 32 36 31 38 37
 69 67 68 63 64 70 61 65 62 66 78 74 75 76 77 71 79 73 72 80 82 87 81 88 89 85 84 90 83 86  4  7  3  6  8  2 10  9  5  1 17 12 11 13 15 14 18 19 20 16 21 24 28 22 23 26 27 25 29 30 36 39 32 31 38 37 34 35 40 33 45 48 43 46 42 47 49 50 41 44 59 55 53 54 60 52 56 51 58 57
  9  7  8  3  4 10  1  5  2  6 18 14 15 16 17 11 19 13 12 20 22 27 21 28 29 25 24 30 23 26 34 37 33 36 38 32 40 39 35 31 47 42 41 43 45 44 48 49 50 46 51 54 58 52 53 56 57 55 59 60 66 69 62 61 68 67 64 65 70 63 75 78 73 76 72 77 79 80 71 74 89 85 83 84 90 82 86 81 88 87
 19 17 18 13 14 20 11 15 12 16 28 24 25 26 27 21 29 23 22 30 32 37 31 38 39 35 34 40 33 36 44 47 43 46 48 42 50 49 45 41 57 52 51 53 55 54 58 59 60 56 61 64 68 62 63 66 67 65 69 70 76 79 72 71 78 77 74 75 80 73 85 88 83 86 82 87 89 90 81 84  9  5  3  4 10  2  6  1  8  7
 79 77 78 73 74 80 71 75 72 76 88 84 85 86 87 81 89 83 82 90  2  7  1  8  9  5  4 10  3  6 14 17 13 16 18 12 20 19 15 11 27 22 21 23 25 24 28 29 30 26 31 34 38 32 33 36 37 35 39 40 46 49 42 41 48 47 44 45 50 43 55 58 53 56 52 57 59 60 51 54 69 65 63 64 70 62 66 61 68 67
 39 37 38 33 34 40 31 35 32 36 48 44 45 46 47 41 49 43 42 50 52 57 51 58 59 55 54 60 53 56 64 67 63 66 68 62 70 69 65 61 77 72 71 73 75 74 78 79 80 76 81 84 88 82 83 86 87 85 89 90  6  9  2  1  8  7  4  5 10  3 15 18 13 16 12 17 19 20 11 14 29 25 23 24 30 22 26 21 28 27
 70 68 69 64 65 61 62 66 63 67 79 75 76 77 78 72 80 74 73 71 83 88 82 89 90 86 85 81 84 87  5  8  4  7  9  3  1 10  6  2 18 13 12 14 16 15 19 20 11 17 22 25 29 23 24 27 28 26 30 21 37 40 33 32 39 38 35 36 31 34 46 49 44 47 43 48 50 41 42 45 60 56 54 55 51 53 57 52 59 58
 40 38 39 34 35 31 32 36 33 37 49 45 46 47 48 42 50 44 43 41 53 58 52 59 60 56 55 51 54 57 65 68 64 67 69 63 61 70 66 62 78 73 72 74 76 75 79 80 71 77 82 85 89 83 84 87 88 86 90 81  7 10  3  2  9  8  5  6  1  4 16 19 14 17 13 18 20 11 12 15 30 26 24 25 21 23 27 22 29 28
 80 78 79 74 75 71 72 76 73 77 89 85 86 87 88 82 90 84 83 81  3  8  2  9 10  6  5  1  4  7 15 18 14 17 19 13 11 20 16 12 28 23 22 24 26 25 29 30 21 27 32 35 39 33 34 37 38 36 40 31 47 50 43 42 49 48 45 46 41 44 56 59 54 57 53 58 60 51 52 55 70 66 64 65 61 63 67 62 69 68
 20 18 19 14 15 11 12 16 13 17 29 25 26 27 28 22 30 24 23 21 33 38 32 39 40 36 35 31 34 37 45 48 44 47 49 43 41 50 46 42 58 53 52 54 56 55 59 60 51 57 62 65 69 63 64 67 68 66 70 61 77 80 73 72 79 78 75 76 71 74 86 89 84 87 83 88 90 81 82 85 10  6  4  5  1  3  7  2  9  8
 50 48 49 44 45 41 42 46 43 47 59 55 56 57 58 52 60 54 53 51 63 68 62 69 70 66 65 61 64 67 75 78 74 77 79 73 71 80 76 72 88 83 82 84 86 85 89 90 81 87  2  5  9  3  4  7  8  6 10  1 17 20 13 12 19 18 15 16 11 14 26 29 24 27 23 28 30 21 22 25 40 36 34 35 31 33 37 32 39 38
 60 58 59 54 55 51 52 56 53 57 69 65 66 67 68 62 70 64 63 61 73 78 72 79 80 76 75 71 74 77 85 88 84 87 89 83 81 90 86 82  8  3  2  4  6  5  9 10  1  7 12 15 19 13 14 17 18 16 20 11 27 30 23 22 29 28 25 26 21 24 36 39 34 37 33 38 40 31 32 35 50 46 44 45 41 43 47 42 49 48
 90 88 89 84 85 81 82 86 83 87  9  5  6  7  8  2 10  4  3  1 13 18 12 19 20 16 15 11 14 17 25 28 24 27 29 23 21 30 26 22 38 33 32 34 36 35 39 40 31 37 42 45 49 43 44 47 48 46 50 41 57 60 53 52 59 58 55 56 51 54 66 69 64 67 63 68 70 61 62 65 80 76 74 75 71 73 77 72 79 78
 10  8  9  4  5  1  2  6  3  7 19 15 16 17 18 12 20 14 13 11 23 28 22 29 30 26 25 21 24 27 35 38 34 37 39 33 31 40 36 32 48 43 42 44 46 45 49 50 41 47 52 55 59 53 54 57 58 56 60 51 67 70 63 62 69 68 65 66 61 64 76 79 74 77 73 78 80 71 72 75 90 86 84 85 81 83 87 82 89 88
 30 28 29 24 25 21 22 26 23 27 39 35 36 37 38 32 40 34 33 31 43 48 42 49 50 46 45 41 44 47 55 58 54 57 59 53 51 60 56 52 68 63 62 64 66 65 69 70 61 67 72 75 79 73 74 77 78 76 80 71 87 90 83 82 89 88 85 86 81 84  6  9  4  7  3  8 10  1  2  5 20 16 14 15 11 13 17 12 19 18
 31 39 40 35 36 32 33 37 34 38 50 46 47 48 49 43 41 45 44 42 54 59 53 60 51 57 56 52 55 58 66 69 65 68 70 64 62 61 67 63 79 74 73 75 77 76 80 71 72 78 83 86 90 84 85 88 89 87 81 82  8  1  4  3 10  9  6  7  2  5 17 20 15 18 14 19 11 12 13 16 21 27 25 26 22 24 28 23 30 29
 61 69 70 65 66 62 63 67 64 68 80 76 77 78 79 73 71 75 74 72 84 89 83 90 81 87 86 82 85 88  6  9  5  8 10  4  2  1  7  3 19 14 13 15 17 16 20 11 12 18 23 26 30 24 25 28 29 27 21 22 38 31 34 33 40 39 36 37 32 35 47 50 45 48 44 49 41 42 43 46 51 57 55 56 52 54 58 53 60 59
 81 89 90 85 86 82 83 87 84 88 10  6  7  8  9  3  1  5  4  2 14 19 13 20 11 17 16 12 15 18 26 29 25 28 30 24 22 21 27 23 39 34 33 35 37 36 40 31 32 38 43 46 50 44 45 48 49 47 41 42 58 51 54 53 60 59 56 57 52 55 67 70 65 68 64 69 61 62 63 66 71 77 75 76 72 74 78 73 80 79
  1  9 10  5  6  2  3  7  4  8 20 16 17 18 19 13 11 15 14 12 24 29 23 30 21 27 26 22 25 28 36 39 35 38 40 34 32 31 37 33 49 44 43 45 47 46 50 41 42 48 53 56 60 54 55 58 59 57 51 52 68 61 64 63 70 69 66 67 62 65 77 80 75 78 74 79 71 72 73 76 81 87 85 86 82 84 88 83 90 89
 51 59 60 55 56 52 53 57 54 58 70 66 67 68 69 63 61 65 64 62 74 79 73 80 71 77 76 72 75 78 86 89 85 88 90 84 82 81 87 83  9  4  3  5  7  6 10  1  2  8 13 16 20 14 15 18 19 17 11 12 28 21 24 23 30 29 26 27 22 25 37 40 35 38 34 39 31 32 33 36 41 47 45 46 42 44 48 43 50 49
 21 29 30 25 26 22 23 27 24 28 40 36 37 38 39 33 31 35 34 32 44 49 43 50 41 47 46 42 45 48 56 59 55 58 60 54 52 51 57 53 69 64 63 65 67 66 70 61 62 68 73 76 80 74 75 78 79 77 71 72 88 81 84 83 90 89 86 87 82 85  7 10  5  8  4  9  1  2  3  6 11 17 15 16 12 14 18 13 20 19
 41 49 50 45 46 42 43 47 44 48 60 56 57 58 59 53 51 55 54 52 64 69 63 70 61 67 66 62 65 68 76 79 75 78 80 74 72 71 77 73 89 84 83 85 87 86 90 81 82 88  3  6 10  4  5  8  9  7  1  2 18 11 14 13 20 19 16 17 12 15 27 30 25 28 24 29 21 22 23 26 31 37 35 36 32 34 38 33 40 39
 11 19 20 15 16 12 13 17 14 18 30 26 27 28 29 23 21 25 24 22 34 39 33 40 31 37 36 32 35 38 46 49 45 48 50 44 42 41 47 43 59 54 53 55 57 56 60 51 52 58 63 66 70 64 65 68 69 67 61 62 78 71 74 73 80 79 76 77 72 75 87 90 85 88 84 89 81 82 83 86  1  7  5  6  2  4  8  3 10  9
 71 79 80 75 76 72 73 77 74 78 90 86 87 88 89 83 81 85 84 82  4  9  3 10  1  7  6  2  5  8 16 19 15 18 20 14 12 11 17 13 29 24 23 25 27 26 30 21 22 28 33 36 40 34 35 38 39 37 31 32 48 41 44 43 50 49 46 47 42 45 57 60 55 58 54 59 51 52 53 56 61 67 65 66 62 64 68 63 70 69
 62 70 61 66 67 63 64 68 65 69 71 77 78 79 80 74 72 76 75 73 85 90 84 81 82 88 87 83 86 89  7 10  6  9  1  5  3  2  8  4 20 15 14 16 18 17 11 12 13 19 24 27 21 25 26 29 30 28 22 23 39 32 35 34 31 40 37 38 33 36 48 41 46 49 45 50 42 43 44 47 52 58 56 57 53 55 59 54 51 60
 82 90 81 86 87 83 84 88 85 89  1  7  8  9 10  4  2  6  5  3 15 20 14 11 12 18 17 13 16 19 27 30 26 29 21 25 23 22 28 24 40 35 34 36 38 37 31 32 33 39 44 47 41 45 46 49 50 48 42 43 59 52 55 54 51 60 57 58 53 56 68 61 66 69 65 70 62 63 64 67 72 78 76 77 73 75 79 74 71 80
 42 50 41 46 47 43 44 48 45 49 51 57 58 59 60 54 52 56 55 53 65 70 64 61 62 68 67 63 66 69 77 80 76 79 71 75 73 72 78 74 90 85 84 86 88 87 81 82 83 89  4  7  1  5  6  9 10  8  2  3 19 12 15 14 11 20 17 18 13 16 28 21 26 29 25 30 22 23 24 27 32 38 36 37 33 35 39 34 31 40
 72 80 71 76 77 73 74 78 75 79 81 87 88 89 90 84 82 86 85 83  5 10  4  1  2  8  7  3  6  9 17 20 16 19 11 15 13 12 18 14 30 25 24 26 28 27 21 22 23 29 34 37 31 35 36 39 40 38 32 33 49 42 45 44 41 50 47 48 43 46 58 51 56 59 55 60 52 53 54 57 62 68 66 67 63 65 69 64 61 70
 52 60 51 56 57 53 54 58 55 59 61 67 68 69 70 64 62 66 65 63 75 80 74 71 72 78 77 73 76 79 87 90 86 89 81 85 83 82 88 84 10  5  4  6  8  7  1  2  3  9 14 17 11 15 16 19 20 18 12 13 29 22 25 24 21 30 27 28 23 26 38 31 36 39 35 40 32 33 34 37 42 48 46 47 43 45 49 44 41 50
 12 20 11 16 17 13 14 18 15 19 21 27 28 29 30 24 22 26 25 23 35 40 34 31 32 38 37 33 36 39 47 50 46 49 41 45 43 42 48 44 60 55 54 56 58 57 51 52 53 59 64 67 61 65 66 69 70 68 62 63 79 72 75 74 71 80 77 78 73 76 88 81 86 89 85 90 82 83 84 87  2  8  6  7  3  5  9  4  1 10
 22 30 21 26 27 23 24 28 25 29 31 37 38 39 40 34 32 36 35 33 45 50 44 41 42 48 47 43 46 49 57 60 56 59 51 55 53 52 58 54 70 65 64 66 68 67 61 62 63 69 74 77 71 75 76 79 80 78 72 73 89 82 85 84 81 90 87 88 83 86  8  1  6  9  5 10  2  3  4  7 12 18 16 17 13 15 19 14 11 20
 32 40 31 36 37 33 34 38 35 39 41 47 48 49 50 44 42 46 45 43 55 60 54 51 52 58 57 53 56 59 67 70 66 69 61 65 63 62 68 64 80 75 74 76 78 77 71 72 73 79 84 87 81 85 86 89 90 88 82 83  9  2  5  4  1 10  7  8  3  6 18 11 16 19 15 20 12 13 14 17 22 28 26 27 23 25 29 24 21 30
  2 10  1  6  7  3  4  8  5  9 11 17 18 19 20 14 12 16 15 13 25 30 24 21 22 28 27 23 26 29 37 40 36 39 31 35 33 32 38 34 50 45 44 46 48 47 41 42 43 49 54 57 51 55 56 59 60 58 52 53 69 62 65 64 61 70 67 68 63 66 78 71 76 79 75 80 72 73 74 77 82 88 86 87 83 85 89 84 81 90
 63 61 62 67 68 64 65 69 66 70 72 78 79 80 71 75 73 77 76 74 86 81 85 82 83 89 88 84 87 90  8  1  7 10  2  6  4  3  9  5 11 16 15 17 19 18 12 13 14 20 25 28 22 26 27 30 21 29 23 24 40 33 36 35 32 31 38 39 34 37 49 42 47 50 46 41 43 44 45 48 53 59 57 58 54 56 60 55 52 51
 13 11 12 17 18 14 15 19 16 20 22 28 29 30 21 25 23 27 26 24 36 31 35 32 33 39 38 34 37 40 48 41 47 50 42 46 44 43 49 45 51 56 55 57 59 58 52 53 54 60 65 68 62 66 67 70 61 69 63 64 80 73 76 75 72 71 78 79 74 77 89 82 87 90 86 81 83 84 85 88  3  9  7  8  4  6 10  5  2  1
 23 21 22 27 28 24 25 29 26 30 32 38 39 40 31 35 33 37 36 34 46 41 45 42 43 49 48 44 47 50 58 51 57 60 52 56 54 53 59 55 61 66 65 67 69 68 62 63 64 70 75 78 72 76 77 80 71 79 73 74 90 83 86 85 82 81 88 89 84 87  9  2  7 10  6  1  3  4  5  8 13 19 17 18 14 16 20 15 12 11
 43 41 42 47 48 44 45 49 46 50 52 58 59 60 51 55 53 57 56 54 66 61 65 62 63 69 68 64 67 70 78 71 77 80 72 76 74 73 79 75 81 86 85 87 89 88 82 83 84 90  5  8  2  6  7 10  1  9  3  4 20 13 16 15 12 11 18 19 14 17 29 22 27 30 26 21 23 24 25 28 33 39 37 38 34 36 40 35 32 31
 53 51 52 57 58 54 55 59 56 60 62 68 69 70 61 65 63 67 66 64 76 71 75 72 73 79 78 74 77 80 88 81 87 90 82 86 84 83 89 85  1  6  5  7  9  8  2  3  4 10 15 18 12 16 17 20 11 19 13 14 30 23 26 25 22 21 28 29 24 27 39 32 37 40 36 31 33 34 35 38 43 49 47 48 44 46 50 45 42 41
 83 81 82 87 88 84 85 89 86 90  2  8  9 10  1  5  3  7  6  4 16 11 15 12 13 19 18 14 17 20 28 21 27 30 22 26 24 23 29 25 31 36 35 37 39 38 32 33 34 40 45 48 42 46 47 50 41 49 43 44 60 53 56 55 52 51 58 59 54 57 69 62 67 70 66 61 63 64 65 68 73 79 77 78 74 76 80 75 72 71
  3  1  2  7  8  4  5  9  6 10 12 18 19 20 11 15 13 17 16 14 26 21 25 22 23 29 28 24 27 30 38 31 37 40 32 36 34 33 39 35 41 46 45 47 49 48 42 43 44 50 55 58 52 56 57 60 51 59 53 54 70 63 66 65 62 61 68 69 64 67 79 72 77 80 76 71 73 74 75 78 83 89 87 88 84 86 90 85 82 81
 33 31 32 37 38 34 35 39 36 40 42 48 49 50 41 45 43 47 46 44 56 51 55 52 53 59 58 54 57 60 68 61 67 70 62 66 64 63 69 65 71 76 75 77 79 78 72 73 74 80 85 88 82 86 87 90 81 89 83 84 10  3  6  5  2  1  8  9  4  7 19 12 17 20 16 11 13 14 15 18 23 29 27 28 24 26 30 25 22 21
 73 71 72 77 78 74 75 79 76 80 82 88 89 90 81 85 83 87 86 84  6  1  5  2  3  9  8  4  7 10 18 11 17 20 12 16 14 13 19 15 21 26 25 27 29 28 22 23 24 30 35 38 32 36 37 40 31 39 33 34 50 43 46 45 42 41 48 49 44 47 59 52 57 60 56 51 53 54 55 58 63 69 67 68 64 66 70 65 62 61
 54 52 53 58 59 55 56 60 57 51 63 69 70 61 62 66 64 68 67 65 77 72 76 73 74 80 79 75 78 71 89 82 88 81 83 87 85 84 90 86  2  7  6  8 10  9  3  4  5  1 16 19 13 17 18 11 12 20 14 15 21 24 27 26 23 22 29 30 25 28 40 33 38 31 37 32 34 35 36 39 44 50 48 49 45 47 41 46 43 42
  4  2  3  8  9  5  6 10  7  1 13 19 20 11 12 16 14 18 17 15 27 22 26 23 24 30 29 25 28 21 39 32 38 31 33 37 35 34 40 36 42 47 46 48 50 49 43 44 45 41 56 59 53 57 58 51 52 60 54 55 61 64 67 66 63 62 69 70 65 68 80 73 78 71 77 72 74 75 76 79 84 90 88 89 85 87 81 86 83 82
 14 12 13 18 19 15 16 20 17 11 23 29 30 21 22 26 24 28 27 25 37 32 36 33 34 40 39 35 38 31 49 42 48 41 43 47 45 44 50 46 52 57 56 58 60 59 53 54 55 51 66 69 63 67 68 61 62 70 64 65 71 74 77 76 73 72 79 80 75 78 90 83 88 81 87 82 84 85 86 89  4 10  8  9  5  7  1  6  3  2
 74 72 73 78 79 75 76 80 77 71 83 89 90 81 82 86 84 88 87 85  7  2  6  3  4 10  9  5  8  1 19 12 18 11 13 17 15 14 20 16 22 27 26 28 30 29 23 24 25 21 36 39 33 37 38 31 32 40 34 35 41 44 47 46 43 42 49 50 45 48 60 53 58 51 57 52 54 55 56 59 64 70 68 69 65 67 61 66 63 62
 34 32 33 38 39 35 36 40 37 31 43 49 50 41 42 46 44 48 47 45 57 52 56 53 54 60 59 55 58 51 69 62 68 61 63 67 65 64 70 66 72 77 76 78 80 79 73 74 75 71 86 89 83 87 88 81 82 90 84 85  1  4  7  6  3  2  9 10  5  8 20 13 18 11 17 12 14 15 16 19 24 30 28 29 25 27 21 26 23 22
 24 22 23 28 29 25 26 30 27 21 33 39 40 31 32 36 34 38 37 35 47 42 46 43 44 50 49 45 48 41 59 52 58 51 53 57 55 54 60 56 62 67 66 68 70 69 63 64 65 61 76 79 73 77 78 71 72 80 74 75 81 84 87 86 83 82 89 90 85 88 10  3  8  1  7  2  4  5  6  9 14 20 18 19 15 17 11 16 13 12
 84 82 83 88 89 85 86 90 87 81  3  9 10  1  2  6  4  8  7  5 17 12 16 13 14 20 19 15 18 11 29 22 28 21 23 27 25 24 30 26 32 37 36 38 40 39 33 34 35 31 46 49 43 47 48 41 42 50 44 45 51 54 57 56 53 52 59 60 55 58 70 63 68 61 67 62 64 65 66 69 74 80 78 79 75 77 71 76 73 72
 64 62 63 68 69 65 66 70 67 61 73 79 80 71 72 76 74 78 77 75 87 82 86 83 84 90 89 85 88 81  9  2  8  1  3  7  5  4 10  6 12 17 16 18 20 19 13 14 15 11 26 29 23 27 28 21 22 30 24 25 31 34 37 36 33 32 39 40 35 38 50 43 48 41 47 42 44 45 46 49 54 60 58 59 55 57 51 56 53 52
 44 42 43 48 49 45 46 50 47 41 53 59 60 51 52 56 54 58 57 55 67 62 66 63 64 70 69 65 68 61 79 72 78 71 73 77 75 74 80 76 82 87 86 88 90 89 83 84 85 81  6  9  3  7  8  1  2 10  4  5 11 14 17 16 13 12 19 20 15 18 30 23 28 21 27 22 24 25 26 29 34 40 38 39 35 37 31 36 33 32
 25 23 24 29 30 26 27 21 28 22 34 40 31 32 33 37 35 39 38 36 48 43 47 44 45 41 50 46 49 42 60 53 59 52 54 58 56 55 51 57 63 68 67 69 61 70 64 65 66 62 77 80 74 78 79 72 73 71 75 76 82 85 88 87 84 83 90 81 86 89  1  4  9  2  8  3  5  6  7 10 15 11 19 20 16 18 12 17 14 13
 55 53 54 59 60 56 57 51 58 52 64 70 61 62 63 67 65 69 68 66 78 73 77 74 75 71 80 76 79 72 90 83 89 82 84 88 86 85 81 87  3  8  7  9  1 10  4  5  6  2 17 20 14 18 19 12 13 11 15 16 22 25 28 27 24 23 30 21 26 29 31 34 39 32 38 33 35 36 37 40 45 41 49 50 46 48 42 47 44 43
 65 63 64 69 70 66 67 61 68 62 74 80 71 72 73 77 75 79 78 76 88 83 87 84 85 81 90 86 89 82 10  3  9  2  4  8  6  5  1  7 13 18 17 19 11 20 14 15 16 12 27 30 24 28 29 22 23 21 25 26 32 35 38 37 34 33 40 31 36 39 41 44 49 42 48 43 45 46 47 50 55 51 59 60 56 58 52 57 54 53
 15 13 14 19 20 16 17 11 18 12 24 30 21 22 23 27 25 29 28 26 38 33 37 34 35 31 40 36 39 32 50 43 49 42 44 48 46 45 41 47 53 58 57 59 51 60 54 55 56 52 67 70 64 68 69 62 63 61 65 66 72 75 78 77 74 73 80 71 76 79 81 84 89 82 88 83 85 86 87 90  5  1  9 10  6  8  2  7  4  3
 85 83 84 89 90 86 87 81 88 82  4 10  1  2  3  7  5  9  8  6 18 13 17 14 15 11 20 16 19 12 30 23 29 22 24 28 26 25 21 27 33 38 37 39 31 40 34 35 36 32 47 50 44 48 49 42 43 41 45 46 52 55 58 57 54 53 60 51 56 59 61 64 69 62 68 63 65 66 67 70 75 71 79 80 76 78 72 77 74 73
 45 43 44 49 50 46 47 41 48 42 54 60 51 52 53 57 55 59 58 56 68 63 67 64 65 61 70 66 69 62 80 73 79 72 74 78 76 75 71 77 83 88 87 89 81 90 84 85 86 82  7 10  4  8  9  2  3  1  5  6 12 15 18 17 14 13 20 11 16 19 21 24 29 22 28 23 25 26 27 30 35 31 39 40 36 38 32 37 34 33
 75 73 74 79 80 76 77 71 78 72 84 90 81 82 83 87 85 89 88 86  8  3  7  4  5  1 10  6  9  2 20 13 19 12 14 18 16 15 11 17 23 28 27 29 21 30 24 25 26 22 37 40 34 38 39 32 33 31 35 36 42 45 48 47 44 43 50 41 46 49 51 54 59 52 58 53 55 56 57 60 65 61 69 70 66 68 62 67 64 63
 35 33 34 39 40 36 37 31 38 32 44 50 41 42 43 47 45 49 48 46 58 53 57 54 55 51 60 56 59 52 70 63 69 62 64 68 66 65 61 67 73 78 77 79 71 80 74 75 76 72 87 90 84 88 89 82 83 81 85 86  2  5  8  7  4  3 10  1  6  9 11 14 19 12 18 13 15 16 17 20 25 21 29 30 26 28 22 27 24 23
  5  3  4  9 10  6  7  1  8  2 14 20 11 12 13 17 15 19 18 16 28 23 27 24 25 21 30 26 29 22 40 33 39 32 34 38 36 35 31 37 43 48 47 49 41 50 44 45 46 42 57 60 54 58 59 52 53 51 55 56 62 65 68 67 64 63 70 61 66 69 71 74 79 72 78 73 75 76 77 80 85 81 89 90 86 88 82 87 84 83
 66 64 65 70 61 67 68 62 69 63 75 71 72 73 74 78 76 80 79 77 89 84 88 85 86 82 81 87 90 83  1  4 10  3  5  9  7  6  2  8 14 19 18 20 12 11 15 16 17 13 28 21 25 29 30 23 24 22 26 27 33 36 39 38 35 34 31 32 37 40 42 45 50 43 49 44 46 47 48 41 56 52 60 51 57 59 53 58 55 54
 86 84 85 90 81 87 88 82 89 83  5  1  2  3  4  8  6 10  9  7 19 14 18 15 16 12 11 17 20 13 21 24 30 23 25 29 27 26 22 28 34 39 38 40 32 31 35 36 37 33 48 41 45 49 50 43 44 42 46 47 53 56 59 58 55 54 51 52 57 60 62 65 70 63 69 64 66 67 68 61 76 72 80 71 77 79 73 78 75 74
 16 14 15 20 11 17 18 12 19 13 25 21 22 23 24 28 26 30 29 27 39 34 38 35 36 32 31 37 40 33 41 44 50 43 45 49 47 46 42 48 54 59 58 60 52 51 55 56 57 53 68 61 65 69 70 63 64 62 66 67 73 76 79 78 75 74 71 72 77 80 82 85 90 83 89 84 86 87 88 81  6  2 10  1  7  9  3  8  5  4
 36 34 35 40 31 37 38 32 39 33 45 41 42 43 44 48 46 50 49 47 59 54 58 55 56 52 51 57 60 53 61 64 70 63 65 69 67 66 62 68 74 79 78 80 72 71 75 76 77 73 88 81 85 89 90 83 84 82 86 87  3  6  9  8  5  4  1  2  7 10 12 15 20 13 19 14 16 17 18 11 26 22 30 21 27 29 23 28 25 24
 46 44 45 50 41 47 48 42 49 43 55 51 52 53 54 58 56 60 59 57 69 64 68 65 66 62 61 67 70 63 71 74 80 73 75 79 77 76 72 78 84 89 88 90 82 81 85 86 87 83  8  1  5  9 10  3  4  2  6  7 13 16 19 18 15 14 11 12 17 20 22 25 30 23 29 24 26 27 28 21 36 32 40 31 37 39 33 38 35 34
  6  4  5 10  1  7  8  2  9  3 15 11 12 13 14 18 16 20 19 17 29 24 28 25 26 22 21 27 30 23 31 34 40 33 35 39 37 36 32 38 44 49 48 50 42 41 45 46 47 43 58 51 55 59 60 53 54 52 56 57 63 66 69 68 65 64 61 62 67 70 72 75 80 73 79 74 76 77 78 71 86 82 90 81 87 89 83 88 85 84
 56 54 55 60 51 57 58 52 59 53 65 61 62 63 64 68 66 70 69 67 79 74 78 75 76 72 71 77 80 73 81 84 90 83 85 89 87 86 82 88  4  9  8 10  2  1  5  6  7  3 18 11 15 19 20 13 14 12 16 17 23 26 29 28 25 24 21 22 27 30 32 35 40 33 39 34 36 37 38 31 46 42 50 41 47 49 43 48 45 44
 26 24 25 30 21 27 28 22 29 23 35 31 32 33 34 38 36 40 39 37 49 44 48 45 46 42 41 47 50 43 51 54 60 53 55 59 57 56 52 58 64 69 68 70 62 61 65 66 67 63 78 71 75 79 80 73 74 72 76 77 83 86 89 88 85 84 81 82 87 90  2  5 10  3  9  4  6  7  8  1 16 12 20 11 17 19 13 18 15 14
 76 74 75 80 71 77 78 72 79 73 85 81 82 83 84 88 86 90 89 87  9  4  8  5  6  2  1  7 10  3 11 14 20 13 15 19 17 16 12 18 24 29 28 30 22 21 25 26 27 23 38 31 35 39 40 33 34 32 36 37 43 46 49 48 45 44 41 42 47 50 52 55 60 53 59 54 56 57 58 51 66 62 70 61 67 69 63 68 65 64
 67 65 66 61 62 68 69 63 70 64 76 72 73 74 75 79 77 71 80 78 90 85 89 86 87 83 82 88 81 84  2  5  1  4  6 10  8  7  3  9 15 20 19 11 13 12 16 17 18 14 29 22 26 30 21 24 25 23 27 28 34 37 40 39 36 35 32 33 38 31 43 46 41 44 50 45 47 48 49 42 57 53 51 52 58 60 54 59 56 55
 17 15 16 11 12 18 19 13 20 14 26 22 23 24 25 29 27 21 30 28 40 35 39 36 37 33 32 38 31 34 42 45 41 44 46 50 48 47 43 49 55 60 59 51 53 52 56 57 58 54 69 62 66 70 61 64 65 63 67 68 74 77 80 79 76 75 72 73 78 71 83 86 81 84 90 85 87 88 89 82  7  3  1  2  8 10  4  9  6  5
 77 75 76 71 72 78 79 73 80 74 86 82 83 84 85 89 87 81 90 88 10  5  9  6  7  3  2  8  1  4 12 15 11 14 16 20 18 17 13 19 25 30 29 21 23 22 26 27 28 24 39 32 36 40 31 34 35 33 37 38 44 47 50 49 46 45 42 43 48 41 53 56 51 54 60 55 57 58 59 52 67 63 61 62 68 70 64 69 66 65
 57 55 56 51 52 58 59 53 60 54 66 62 63 64 65 69 67 61 70 68 80 75 79 76 77 73 72 78 71 74 82 85 81 84 86 90 88 87 83 89  5 10  9  1  3  2  6  7  8  4 19 12 16 20 11 14 15 13 17 18 24 27 30 29 26 25 22 23 28 21 33 36 31 34 40 35 37 38 39 32 47 43 41 42 48 50 44 49 46 45
  7  5  6  1  2  8  9  3 10  4 16 12 13 14 15 19 17 11 20 18 30 25 29 26 27 23 22 28 21 24 32 35 31 34 36 40 38 37 33 39 45 50 49 41 43 42 46 47 48 44 59 52 56 60 51 54 55 53 57 58 64 67 70 69 66 65 62 63 68 61 73 76 71 74 80 75 77 78 79 72 87 83 81 82 88 90 84 89 86 85
 87 85 86 81 82 88 89 83 90 84  6  2  3  4  5  9  7  1 10  8 20 15 19 16 17 13 12 18 11 14 22 25 21 24 26 30 28 27 23 29 35 40 39 31 33 32 36 37 38 34 49 42 46 50 41 44 45 43 47 48 54 57 60 59 56 55 52 53 58 51 63 66 61 64 70 65 67 68 69 62 77 73 71 72 78 80 74 79 76 75
 27 25 26 21 22 28 29 23 30 24 36 32 33 34 35 39 37 31 40 38 50 45 49 46 47 43 42 48 41 44 52 55 51 54 56 60 58 57 53 59 65 70 69 61 63 62 66 67 68 64 79 72 76 80 71 74 75 73 77 78 84 87 90 89 86 85 82 83 88 81  3  6  1  4 10  5  7  8  9  2 17 13 11 12 18 20 14 19 16 15
 47 45 46 41 42 48 49 43 50 44 56 52 53 54 55 59 57 51 60 58 70 65 69 66 67 63 62 68 61 64 72 75 71 74 76 80 78 77 73 79 85 90 89 81 83 82 86 87 88 84  9  2  6 10  1  4  5  3  7  8 14 17 20 19 16 15 12 13 18 11 23 26 21 24 30 25 27 28 29 22 37 33 31 32 38 40 34 39 36 35
 37 35 36 31 32 38 39 33 40 34 46 42 43 44 45 49 47 41 50 48 60 55 59 56 57 53 52 58 51 54 62 65 61 64 66 70 68 67 63 69 75 80 79 71 73 72 76 77 78 74 89 82 86 90 81 84 85 83 87 88  4  7 10  9  6  5  2  3  8  1 13 16 11 14 20 15 17 18 19 12 27 23 21 22 28 30 24 29 26 25
