--------------------------------------------------------
|  1  3  |  8  5  |  9  7  | 10  4  |  6  2  |
|  5  2  |  7 10  |  3  4  |  1  6  |  8  9  |
|  7  9  |  3  6  |  5 10  |  2  8  |  4  1  |
|  6 10  |  2  4  |  8  1  |  3  9  |  5  7  |
|  8  4  |  9  1  |  6  2  |  7  5  | 10  3  |
--------------------------------------------------------
|  3  7  |  1  8  | 10  5  |  6  2  |  9  4  |
|  9  6  |  5  3  |  7  8  |  4  1  |  2 10  |
|  2  1  |  6  7  |  4  9  |  8 10  |  3  5  |
| 10  5  |  4  2  |  1  6  |  9  3  |  7  8  |
|  4  8  | 10  9  |  2  3  |  5  7  |  1  6  |
--------------------------------------------------------
