  8  7  3  6  5  4  1  2 10  9 13 14 12 15 11 16 24 20 19 17 23 22 21 18
 24 23 19 22 21 20 17 18  2  1  5  6  4  7  3  8 16 12 11  9 15 14 13 10
 16 15 11 14 13 12  9 10 18 17 21 22 20 23 19 24  8  4  3  1  7  6  5  2
  9 16 12 15 14 13 10 11 19 18 22 23 21 24 20 17  1  5  4  2  8  7  6  3
 17 24 20 23 22 21 18 19  3  2  6  7  5  8  4  1  9 13 12 10 16 15 14 11
  1  8  4  7  6  5  2  3 11 10 14 15 13 16 12  9 17 21 20 18 24 23 22 19
  2  1  5  8  7  6  3  4 12 11 15 16 14  9 13 10 18 22 21 19 17 24 23 20
 18 17 21 24 23 22 19 20  4  3  7  8  6  1  5  2 10 14 13 11  9 16 15 12
 10  9 13 16 15 14 11 12 20 19 23 24 22 17 21 18  2  6  5  3  1  8  7  4
 19 18 22 17 24 23 20 21  5  4  8  1  7  2  6  3 11 15 14 12 10  9 16 13
 11 10 14  9 16 15 12 13 21 20 24 17 23 18 22 19  3  7  6  4  2  1  8  5
  3  2  6  1  8  7  4  5 13 12 16  9 15 10 14 11 19 23 22 20 18 17 24 21
  4  3  7  2  1  8  5  6 14 13  9 10 16 11 15 12 20 24 23 21 19 18 17 22
 12 11 15 10  9 16 13 14 22 21 17 18 24 19 23 20  4  8  7  5  3  2  1  6
 20 19 23 18 17 24 21 22  6  5  1  2  8  3  7  4 12 16 15 13 11 10  9 14
 21 20 24 19 18 17 22 23  7  6  2  3  1  4  8  5 13  9 16 14 12 11 10 15
  5  4  8  3  2  1  6  7 15 14 10 11  9 12 16 13 21 17 24 22 20 19 18 23
 13 12 16 11 10  9 14 15 23 22 18 19 17 20 24 21  5  1  8  6  4  3  2  7
 14 13  9 12 11 10 15 16 24 23 19 20 18 21 17 22  6  2  1  7  5  4  3  8
 22 21 17 20 19 18 23 24  8  7  3  4  2  5  1  6 14 10  9 15 13 12 11 16
  6  5  1  4  3  2  7  8 16 15 11 12 10 13  9 14 22 18 17 23 21 20 19 24
 23 22 18 21 20 19 24 17  1  8  4  5  3  6  2  7 15 11 10 16 14 13 12  9
 15 14 10 13 12 11 16  9 17 24 20 21 19 22 18 23  7  3  2  8  6  5  4  1
  7  6  2  5  4  3  8  1  9 16 12 13 11 14 10 15 23 19 18 24 22 21 20 17
