  2  8  5  3  6  7  1  4  9 16 12 10 15 14 11 13 19 21 18 24 23 22 17 20
 10 16 13 11 14 15  9 12 17 24 20 18 23 22 19 21  3  5  2  8  7  6  1  4
 18 24 21 19 22 23 17 20  1  8  4  2  7  6  3  5 11 13 10 16 15 14  9 12
 11  9 14 12 15 16 10 13 18 17 21 19 24 23 20 22  4  6  3  1  8  7  2  5
  3  1  6  4  7  8  2  5 10  9 13 11 16 15 12 14 20 22 19 17 24 23 18 21
 19 17 22 20 23 24 18 21  2  1  5  3  8  7  4  6 12 14 11  9 16 15 10 13
  4  2  7  5  8  1  3  6 11 10 14 12  9 16 13 15 21 23 20 18 17 24 19 22
 12 10 15 13 16  9 11 14 19 18 22 20 17 24 21 23  5  7  4  2  1  8  3  6
 20 18 23 21 24 17 19 22  3  2  6  4  1  8  5  7 13 15 12 10  9 16 11 14
 13 11 16 14  9 10 12 15 20 19 23 21 18 17 22 24  6  8  5  3  2  1  4  7
 21 19 24 22 17 18 20 23  4  3  7  5  2  1  6  8 14 16 13 11 10  9 12 15
  5  3  8  6  1  2  4  7 12 11 15 13 10  9 14 16 22 24 21 19 18 17 20 23
 14 12  9 15 10 11 13 16 21 20 24 22 19 18 23 17  7  1  6  4  3  2  5  8
  6  4  1  7  2  3  5  8 13 12 16 14 11 10 15  9 23 17 22 20 19 18 21 24
 22 20 17 23 18 19 21 24  5  4  8  6  3  2  7  1 15  9 14 12 11 10 13 16
 23 21 18 24 19 20 22 17  6  5  1  7  4  3  8  2 16 10 15 13 12 11 14  9
  7  5  2  8  3  4  6  1 14 13  9 15 12 11 16 10 24 18 23 21 20 19 22 17
 15 13 10 16 11 12 14  9 22 21 17 23 20 19 24 18  8  2  7  5  4  3  6  1
  8  6  3  1  4  5  7  2 15 14 10 16 13 12  9 11 17 19 24 22 21 20 23 18
 24 22 19 17 20 21 23 18  7  6  2  8  5  4  1  3  9 11 16 14 13 12 15 10
 16 14 11  9 12 13 15 10 23 22 18 24 21 20 17 19  1  3  8  6  5  4  7  2
  1  7  4  2  5  6  8  3 16 15 11  9 14 13 10 12 18 20 17 23 22 21 24 19
 17 23 20 18 21 22 24 19  8  7  3  1  6  5  2  4 10 12  9 15 14 13 16 11
  9 15 12 10 13 14 16 11 24 23 19 17 22 21 18 20  2  4  1  7  6  5  8  3
