 23 21 20 19 24 17 22 18  5  8  7  4  2  1  3  6 14 16 15 10 13 12  9 11
 15 13 12 11 16  9 14 10 21 24 23 20 18 17 19 22  6  8  7  2  5  4  1  3
  7  5  4  3  8  1  6  2 13 16 15 12 10  9 11 14 22 24 23 18 21 20 17 19
 24 22 21 20 17 18 23 19  6  1  8  5  3  2  4  7 15  9 16 11 14 13 10 12
 16 14 13 12  9 10 15 11 22 17 24 21 19 18 20 23  7  1  8  3  6  5  2  4
  8  6  5  4  1  2  7  3 14  9 16 13 11 10 12 15 23 17 24 19 22 21 18 20
  9 15 14 13 10 11 16 12 23 18 17 22 20 19 21 24  8  2  1  4  7  6  3  5
  1  7  6  5  2  3  8  4 15 10  9 14 12 11 13 16 24 18 17 20 23 22 19 21
 17 23 22 21 18 19 24 20  7  2  1  6  4  3  5  8 16 10  9 12 15 14 11 13
  2  8  7  6  3  4  1  5 16 11 10 15 13 12 14  9 17 19 18 21 24 23 20 22
 18 24 23 22 19 20 17 21  8  3  2  7  5  4  6  1  9 11 10 13 16 15 12 14
 10 16 15 14 11 12  9 13 24 19 18 23 21 20 22 17  1  3  2  5  8  7  4  6
 11  9 16 15 12 13 10 14 17 20 19 24 22 21 23 18  2  4  3  6  1  8  5  7
 19 17 24 23 20 21 18 22  1  4  3  8  6  5  7  2 10 12 11 14  9 16 13 15
  3  1  8  7  4  5  2  6  9 12 11 16 14 13 15 10 18 20 19 22 17 24 21 23
  4  2  1  8  5  6  3  7 10 13 12  9 15 14 16 11 19 21 20 23 18 17 22 24
 20 18 17 24 21 22 19 23  2  5  4  1  7  6  8  3 11 13 12 15 10  9 14 16
 12 10  9 16 13 14 11 15 18 21 20 17 23 22 24 19  3  5  4  7  2  1  6  8
 13 11 10  9 14 15 12 16 19 22 21 18 24 23 17 20  4  6  5  8  3  2  7  1
 21 19 18 17 22 23 20 24  3  6  5  2  8  7  1  4 12 14 13 16 11 10 15  9
  5  3  2  1  6  7  4  8 11 14 13 10 16 15  9 12 20 22 21 24 19 18 23 17
 22 20 19 18 23 24 21 17  4  7  6  3  1  8  2  5 13 15 14  9 12 11 16 10
  6  4  3  2  7  8  5  1 12 15 14 11  9 16 10 13 21 23 22 17 20 19 24 18
 14 12 11 10 15 16 13  9 20 23 22 19 17 24 18 21  5  7  6  1  4  3  8  2
