 10  6 11  3  4  7  1 14 15 13 12  2  9  8 16  5
  1  4  6 10  3  9 13  7 14 11  5 15  2 16 12  8
  2  5  4  8 13 12 16  6 10  7  3 11  1 14  9 15
  3 13  9  7 11 16  5 15  1  4 14  8 12 10  2  6
 15 16  2 14 10  1  4  9 12  8 13  7  5  6 11  3
  8  7 13  1 14 15 12  2  5  9 16  6 11  3 10  4
 14 11 16 12  5  6 10  8  2  3  1  9  4 15  7 13
 12  9 15  5  2  8 11  3 16  6 10  4 13  7  1 14
  7  2  5 11  9 14  6 16 13  1  8 12 15  4  3 10
 11 10  3 15 16  2  7 12  8 14  4 13  6  9  5  1
  9  1  8 13  7 10  2 11  6 16 15 14  3  5  4 12
 13 14  7  4 12  3  8  1 11  5  6 16 10  2 15  9
 16  8  1  9 15 11  3 13  4 10  7  5 14 12  6  2
  6 12 10 16  1  4 14  5  9 15  2  3  8 11 13  7
  5 15 12  6  8 13  9  4  3  2 11 10  7  1 14 16
  4  3 14  2  6  5 15 10  7 12  9  1 16 13  8 11
