  5  4 12 10  6 13 14 11  1  9  8  7  2 16  3 15
  6  1  4  2  3  5 13  7  8 14 15 11  9 10 16 12
  7 12  5  9 10 14 15  2 11 13  6 16  3  8  1  4
 11  3 16  8  4  7 10  6 12  2 14 13 15  1  9  5
  2 15  3 13  9  8 16  1  5  6 12 10 14  4  7 11
 16  9  1  6 12  2  4  8 15 10  5  3 11  7 14 13
 10 13  7 14 15 11  5  9 16  3  1  4  6 12  8  2
  8 14 11 15  1 16  3 12  4  7  9  2  5 13  6 10
  4  2 14  1 16  3  9  5  7 12 11 15 10  6 13  8
  9  5 15  3  8 12  2 16  6 11 13  1  4 14 10  7
 13  6  2  4  5 10 11  3  9 16  7 14  8 15 12  1
 14 10  6 12  7  4  1 15 13  8  3  5 16 11  2  9
  1  8 13 11  2  9  7 10  3  4 16  6 12  5 15 14
 12 16 10  7 11 15  6  4 14  1  2  8 13  9  5  3
  3  7  8  5 13  6 12 14 10 15  4  9  1  2 11 16
 15 11  9 16 14  1  8 13  2  5 10 12  7  3  4  6
