-----------------------------------------------------
|  2 11  8  |  1  3 12  |  6  4  5  |  9 10  7  |
|  9  4 10  |  8  7  2  |  3 11 12  |  5  6  1  |
| 12  7  5  | 11  4  6  |  9  1 10  |  3  8  2  |
|  6  1  3  |  9  5 10  |  2  8  7  | 11 12  4  |
-----------------------------------------------------
|  3 12  9  | 10  6  4  |  5  2  8  |  7  1 11  |
|  8  2  7  |  3 11  9  | 10  6  1  |  4  5 12  |
|  1  5 11  | 12  8  7  |  4  9  3  | 10  2  6  |
|  4 10  6  |  2  1  5  |  7 12 11  |  8  3  9  |
-----------------------------------------------------
|  5  3  1  |  7  9 11  | 12 10  6  |  2  4  8  |
| 10  8  4  |  6  2  3  |  1  7  9  | 12 11  5  |
|  7  6 12  |  4 10  8  | 11  5  2  |  1  9  3  |
| 11  9  2  |  5 12  1  |  8  3  4  |  6  7 10  |
-----------------------------------------------------
