-----------------------------------------------------
|  5  6 10  | 11 12  1  |  3  9  8  |  2  7  4  |
|  1  7  3  |  5  6 10  |  2 12  4  |  9 11  8  |
|  9 11  4  |  3  8  2  |  6  5  7  | 12  1 10  |
|  8 12  2  |  7  4  9  | 11 10  1  |  5  3  6  |
-----------------------------------------------------
|  4  2 12  | 10 11  8  |  9  1  3  |  7  6  5  |
|  6  9  8  |  2  3  4  |  5  7 12  |  1 10 11  |
| 11  1  5  | 12  7  6  |  8  2 10  |  4  9  3  |
|  3 10  7  |  1  9  5  |  4 11  6  |  8 12  2  |
-----------------------------------------------------
| 12  3  6  |  4  1 11  |  7  8  5  | 10  2  9  |
|  7  4  1  |  9  5  3  | 10  6  2  | 11  8 12  |
|  2  8  9  |  6 10  7  | 12  4 11  |  3  5  1  |
| 10  5 11  |  8  2 12  |  1  3  9  |  6  4  7  |
-----------------------------------------------------
