2559
865
3485
4831
2027
12009
2157
1089
1655
7881
1509
2007
5105
10785
1109
8387
2009
1451
1237
1221
10003
3899
1325
1555
5863
1455
937
2067
10011
1863
1905
8049
5127
1219
7703
2995
1223
8349
3553
6163
3855
877
2085
637
1435
615
3639
6785
749
2247
33837
2175
1847
1355
15711
1035
10463
1337
2117
14541
1511
41603
12451
1687
2975
1789
2267
1655
899
6805
4767
577
10725
1447
9113
1755
5519
2189
20813
1445
8369
1115
1803
4755
5985
577
2391
797
4299
9095
3401
413
537
9375
4545
3425
12061
1177
3241
5259
2253
