  5  1  3  2  4  6 10  9  8  7 11 13 15 14 12 16 18 19 17 20 23 25 24 22 21 29 27 26 28 30 35 34 31 33 32 38 36 39 40 37
 25 21 23 22 24 26 30 29 28 27 31 33 35 34 32 36 38 39 37 40  3  5  4  2  1  9  7  6  8 10 15 14 11 13 12 18 16 19 20 17
 35 31 33 32 34 36 40 39 38 37  1  3  5  4  2  6  8  9  7 10 13 15 14 12 11 19 17 16 18 20 25 24 21 23 22 28 26 29 30 27
 20 16 18 17 19 21 25 24 23 22 26 28 30 29 27 31 33 34 32 35 38 40 39 37 36  4  2  1  3  5 10  9  6  8  7 13 11 14 15 12
 10  6  8  7  9 11 15 14 13 12 16 18 20 19 17 21 23 24 22 25 28 30 29 27 26 34 32 31 33 35 40 39 36 38 37  3  1  4  5  2
 40 36 38 37 39  1  5  4  3  2  6  8 10  9  7 11 13 14 12 15 18 20 19 17 16 24 22 21 23 25 30 29 26 28 27 33 31 34 35 32
 30 26 28 27 29 31 35 34 33 32 36 38 40 39 37  1  3  4  2  5  8 10  9  7  6 14 12 11 13 15 20 19 16 18 17 23 21 24 25 22
 15 11 13 12 14 16 20 19 18 17 21 23 25 24 22 26 28 29 27 30 33 35 34 32 31 39 37 36 38 40  5  4  1  3  2  8  6  9 10  7
 21 22 24 23 25 27 26 30 29 28 32 34 31 35 33 37 39 40 38 36  4  1  5  3  2 10  8  7  9  6 11 15 12 14 13 19 17 20 16 18
  6  7  9  8 10 12 11 15 14 13 17 19 16 20 18 22 24 25 23 21 29 26 30 28 27 35 33 32 34 31 36 40 37 39 38  4  2  5  1  3
  1  2  4  3  5  7  6 10  9  8 12 14 11 15 13 17 19 20 18 16 24 21 25 23 22 30 28 27 29 26 31 35 32 34 33 39 37 40 36 38
 11 12 14 13 15 17 16 20 19 18 22 24 21 25 23 27 29 30 28 26 34 31 35 33 32 40 38 37 39 36  1  5  2  4  3  9  7 10  6  8
 31 32 34 33 35 37 36 40 39 38  2  4  1  5  3  7  9 10  8  6 14 11 15 13 12 20 18 17 19 16 21 25 22 24 23 29 27 30 26 28
 16 17 19 18 20 22 21 25 24 23 27 29 26 30 28 32 34 35 33 31 39 36 40 38 37  5  3  2  4  1  6 10  7  9  8 14 12 15 11 13
 36 37 39 38 40  2  1  5  4  3  7  9  6 10  8 12 14 15 13 11 19 16 20 18 17 25 23 22 24 21 26 30 27 29 28 34 32 35 31 33
 26 27 29 28 30 32 31 35 34 33 37 39 36 40 38  2  4  5  3  1  9  6 10  8  7 15 13 12 14 11 16 20 17 19 18 24 22 25 21 23
 17 18 20 19 16 23 22 21 25 24 28 30 27 26 29 33 35 31 34 32 40 37 36 39 38  1  4  3  5  2  7  6  8 10  9 15 13 11 12 14
  2  3  5  4  1  8  7  6 10  9 13 15 12 11 14 18 20 16 19 17 25 22 21 24 23 26 29 28 30 27 32 31 33 35 34 40 38 36 37 39
 22 23 25 24 21 28 27 26 30 29 33 35 32 31 34 38 40 36 39 37  5  2  1  4  3  6  9  8 10  7 12 11 13 15 14 20 18 16 17 19
  7  8 10  9  6 13 12 11 15 14 18 20 17 16 19 23 25 21 24 22 30 27 26 29 28 31 34 33 35 32 37 36 38 40 39  5  3  1  2  4
 37 38 40 39 36  3  2  1  5  4  8 10  7  6  9 13 15 11 14 12 20 17 16 19 18 21 24 23 25 22 27 26 28 30 29 35 33 31 32 34
 12 13 15 14 11 18 17 16 20 19 23 25 22 21 24 28 30 26 29 27 35 32 31 34 33 36 39 38 40 37  2  1  3  5  4 10  8  6  7  9
 27 28 30 29 26 33 32 31 35 34 38 40 37 36 39  3  5  1  4  2 10  7  6  9  8 11 14 13 15 12 17 16 18 20 19 25 23 21 22 24
 32 33 35 34 31 38 37 36 40 39  3  5  2  1  4  8 10  6  9  7 15 12 11 14 13 16 19 18 20 17 22 21 23 25 24 30 28 26 27 29
 18 19 16 20 17 24 23 22 21 25 29 26 28 27 30 34 31 32 35 33 36 38 37 40 39  2  5  4  1  3  8  7  9  6 10 11 14 12 13 15
 13 14 11 15 12 19 18 17 16 20 24 21 23 22 25 29 26 27 30 28 31 33 32 35 34 37 40 39 36 38  3  2  4  1  5  6  9  7  8 10
 28 29 26 30 27 34 33 32 31 35 39 36 38 37 40  4  1  2  5  3  6  8  7 10  9 12 15 14 11 13 18 17 19 16 20 21 24 22 23 25
 38 39 36 40 37  4  3  2  1  5  9  6  8  7 10 14 11 12 15 13 16 18 17 20 19 22 25 24 21 23 28 27 29 26 30 31 34 32 33 35
 33 34 31 35 32 39 38 37 36 40  4  1  3  2  5  9  6  7 10  8 11 13 12 15 14 17 20 19 16 18 23 22 24 21 25 26 29 27 28 30
  8  9  6 10  7 14 13 12 11 15 19 16 18 17 20 24 21 22 25 23 26 28 27 30 29 32 35 34 31 33 38 37 39 36 40  1  4  2  3  5
  3  4  1  5  2  9  8  7  6 10 14 11 13 12 15 19 16 17 20 18 21 23 22 25 24 27 30 29 26 28 33 32 34 31 35 36 39 37 38 40
 23 24 21 25 22 29 28 27 26 30 34 31 33 32 35 39 36 37 40 38  1  3  2  5  4  7 10  9  6  8 13 12 14 11 15 16 19 17 18 20
 19 20 17 16 18 25 24 23 22 21 30 27 29 28 26 35 32 33 31 34 37 39 38 36 40  3  1  5  2  4  9  8 10  7  6 12 15 13 14 11
 39 40 37 36 38  5  4  3  2  1 10  7  9  8  6 15 12 13 11 14 17 19 18 16 20 23 21 25 22 24 29 28 30 27 26 32 35 33 34 31
 24 25 22 21 23 30 29 28 27 26 35 32 34 33 31 40 37 38 36 39  2  4  3  1  5  8  6 10  7  9 14 13 15 12 11 17 20 18 19 16
  4  5  2  1  3 10  9  8  7  6 15 12 14 13 11 20 17 18 16 19 22 24 23 21 25 28 26 30 27 29 34 33 35 32 31 37 40 38 39 36
 14 15 12 11 13 20 19 18 17 16 25 22 24 23 21 30 27 28 26 29 32 34 33 31 35 38 36 40 37 39  4  3  5  2  1  7 10  8  9  6
 29 30 27 26 28 35 34 33 32 31 40 37 39 38 36  5  2  3  1  4  7  9  8  6 10 13 11 15 12 14 19 18 20 17 16 22 25 23 24 21
 34 35 32 31 33 40 39 38 37 36  5  2  4  3  1 10  7  8  6  9 12 14 13 11 15 18 16 20 17 19 24 23 25 22 21 27 30 28 29 26
  9 10  7  6  8 15 14 13 12 11 20 17 19 18 16 25 22 23 21 24 27 29 28 26 30 33 31 35 32 34 39 38 40 37 36  2  5  3  4  1
