  9 10  6  8  7 11 14 13 15 12 20 16 18 19 17 24 21 22 23 25  2  5  3  4  1
 24 25 21 23 22  1  4  3  5  2 10  6  8  9  7 14 11 12 13 15 17 20 18 19 16
 14 15 11 13 12 16 19 18 20 17 25 21 23 24 22  4  1  2  3  5  7 10  8  9  6
  4  5  1  3  2  6  9  8 10  7 15 11 13 14 12 19 16 17 18 20 22 25 23 24 21
 19 20 16 18 17 21 24 23 25 22  5  1  3  4  2  9  6  7  8 10 12 15 13 14 11
 15 11 12 14 13 17 20 19 16 18 21 22 24 25 23  5  2  3  4  1  8  6  9 10  7
 25 21 22 24 23  2  5  4  1  3  6  7  9 10  8 15 12 13 14 11 18 16 19 20 17
 20 16 17 19 18 22 25 24 21 23  1  2  4  5  3 10  7  8  9  6 13 11 14 15 12
 10  6  7  9  8 12 15 14 11 13 16 17 19 20 18 25 22 23 24 21  3  1  4  5  2
  5  1  2  4  3  7 10  9  6  8 11 12 14 15 13 20 17 18 19 16 23 21 24 25 22
 21 22 23 25 24  3  1  5  2  4  7  8 10  6  9 11 13 14 15 12 19 17 20 16 18
  6  7  8 10  9 13 11 15 12 14 17 18 20 16 19 21 23 24 25 22  4  2  5  1  3
 16 17 18 20 19 23 21 25 22 24  2  3  5  1  4  6  8  9 10  7 14 12 15 11 13
  1  2  3  5  4  8  6 10  7  9 12 13 15 11 14 16 18 19 20 17 24 22 25 21 23
 11 12 13 15 14 18 16 20 17 19 22 23 25 21 24  1  3  4  5  2  9  7 10  6  8
  7  8  9  6 10 14 12 11 13 15 18 19 16 17 20 22 24 25 21 23  5  3  1  2  4
 22 23 24 21 25  4  2  1  3  5  8  9  6  7 10 12 14 15 11 13 20 18 16 17 19
  2  3  4  1  5  9  7  6  8 10 13 14 11 12 15 17 19 20 16 18 25 23 21 22 24
 17 18 19 16 20 24 22 21 23 25  3  4  1  2  5  7  9 10  6  8 15 13 11 12 14
 12 13 14 11 15 19 17 16 18 20 23 24 21 22 25  2  4  5  1  3 10  8  6  7  9
 13 14 15 12 11 20 18 17 19 16 24 25 22 23 21  3  5  1  2  4  6  9  7  8 10
  8  9 10  7  6 15 13 12 14 11 19 20 17 18 16 23 25 21 22 24  1  4  2  3  5
 18 19 20 17 16 25 23 22 24 21  4  5  2  3  1  8 10  6  7  9 11 14 12 13 15
 23 24 25 22 21  5  3  2  4  1  9 10  7  8  6 13 15 11 12 14 16 19 17 18 20
  3  4  5  2  1 10  8  7  9  6 14 15 12 13 11 18 20 16 17 19 21 24 22 23 25
