 16 20 18 19 17 22 24 21 23 25  2  4  1  3  5  9  6  7  8 10 11 12 15 14 13
 11 15 13 14 12 17 19 16 18 20 22 24 21 23 25  4  1  2  3  5  6  7 10  9  8
  1  5  3  4  2  7  9  6  8 10 12 14 11 13 15 19 16 17 18 20 21 22 25 24 23
  6 10  8  9  7 12 14 11 13 15 17 19 16 18 20 24 21 22 23 25  1  2  5  4  3
 21 25 23 24 22  2  4  1  3  5  7  9  6  8 10 14 11 12 13 15 16 17 20 19 18
 12 11 14 15 13 18 20 17 19 16 23 25 22 24 21  5  2  3  4  1  7  8  6 10  9
 22 21 24 25 23  3  5  2  4  1  8 10  7  9  6 15 12 13 14 11 17 18 16 20 19
 17 16 19 20 18 23 25 22 24 21  3  5  2  4  1 10  7  8  9  6 12 13 11 15 14
  2  1  4  5  3  8 10  7  9  6 13 15 12 14 11 20 17 18 19 16 22 23 21 25 24
  7  6  9 10  8 13 15 12 14 11 18 20 17 19 16 25 22 23 24 21  2  3  1  5  4
 18 17 20 16 19 24 21 23 25 22  4  1  3  5  2  6  8  9 10  7 13 14 12 11 15
  3  2  5  1  4  9  6  8 10  7 14 11 13 15 12 16 18 19 20 17 23 24 22 21 25
  8  7 10  6  9 14 11 13 15 12 19 16 18 20 17 21 23 24 25 22  3  4  2  1  5
 23 22 25 21 24  4  1  3  5  2  9  6  8 10  7 11 13 14 15 12 18 19 17 16 20
 13 12 15 11 14 19 16 18 20 17 24 21 23 25 22  1  3  4  5  2  8  9  7  6 10
 14 13 11 12 15 20 17 19 16 18 25 22 24 21 23  2  4  5  1  3  9 10  8  7  6
  9  8  6  7 10 15 12 14 11 13 20 17 19 16 18 22 24 25 21 23  4  5  3  2  1
 24 23 21 22 25  5  2  4  1  3 10  7  9  6  8 12 14 15 11 13 19 20 18 17 16
 19 18 16 17 20 25 22 24 21 23  5  2  4  1  3  7  9 10  6  8 14 15 13 12 11
  4  3  1  2  5 10  7  9  6  8 15 12 14 11 13 17 19 20 16 18 24 25 23 22 21
 10  9  7  8  6 11 13 15 12 14 16 18 20 17 19 23 25 21 22 24  5  1  4  3  2
 15 14 12 13 11 16 18 20 17 19 21 23 25 22 24  3  5  1  2  4 10  6  9  8  7
 20 19 17 18 16 21 23 25 22 24  1  3  5  2  4  8 10  6  7  9 15 11 14 13 12
 25 24 22 23 21  1  3  5  2  4  6  8 10  7  9 13 15 11 12 14 20 16 19 18 17
  5  4  2  3  1  6  8 10  7  9 11 13 15 12 14 18 20 16 17 19 25 21 24 23 22
