 15 13 14 12 11 16 17 18 20 19 22 24 23 21 25  2  5  1  3  4  6  9  7 10  8
 25 23 24 22 21  1  2  3  5  4  7  9  8  6 10 12 15 11 13 14 16 19 17 20 18
 10  8  9  7  6 11 12 13 15 14 17 19 18 16 20 22 25 21 23 24  1  4  2  5  3
 20 18 19 17 16 21 22 23 25 24  2  4  3  1  5  7 10  6  8  9 11 14 12 15 13
  5  3  4  2  1  6  7  8 10  9 12 14 13 11 15 17 20 16 18 19 21 24 22 25 23
  1  4  5  3  2  7  8  9  6 10 13 15 14 12 11 18 16 17 19 20 22 25 23 21 24
 11 14 15 13 12 17 18 19 16 20 23 25 24 22 21  3  1  2  4  5  7 10  8  6  9
 21 24 25 23 22  2  3  4  1  5  8 10  9  7  6 13 11 12 14 15 17 20 18 16 19
 16 19 20 18 17 22 23 24 21 25  3  5  4  2  1  8  6  7  9 10 12 15 13 11 14
  6  9 10  8  7 12 13 14 11 15 18 20 19 17 16 23 21 22 24 25  2  5  3  1  4
  7 10  6  9  8 13 14 15 12 11 19 16 20 18 17 24 22 23 25 21  3  1  4  2  5
  2  5  1  4  3  8  9 10  7  6 14 11 15 13 12 19 17 18 20 16 23 21 24 22 25
 17 20 16 19 18 23 24 25 22 21  4  1  5  3  2  9  7  8 10  6 13 11 14 12 15
 12 15 11 14 13 18 19 20 17 16 24 21 25 23 22  4  2  3  5  1  8  6  9  7 10
 22 25 21 24 23  3  4  5  2  1  9  6 10  8  7 14 12 13 15 11 18 16 19 17 20
  8  6  7 10  9 14 15 11 13 12 20 17 16 19 18 25 23 24 21 22  4  2  5  3  1
 18 16 17 20 19 24 25 21 23 22  5  2  1  4  3 10  8  9  6  7 14 12 15 13 11
 13 11 12 15 14 19 20 16 18 17 25 22 21 24 23  5  3  4  1  2  9  7 10  8  6
  3  1  2  5  4  9 10  6  8  7 15 12 11 14 13 20 18 19 16 17 24 22 25 23 21
 23 21 22 25 24  4  5  1  3  2 10  7  6  9  8 15 13 14 11 12 19 17 20 18 16
 24 22 23 21 25  5  1  2  4  3  6  8  7 10  9 11 14 15 12 13 20 18 16 19 17
  4  2  3  1  5 10  6  7  9  8 11 13 12 15 14 16 19 20 17 18 25 23 21 24 22
  9  7  8  6 10 15 11 12 14 13 16 18 17 20 19 21 24 25 22 23  5  3  1  4  2
 19 17 18 16 20 25 21 22 24 23  1  3  2  5  4  6  9 10  7  8 15 13 11 14 12
 14 12 13 11 15 20 16 17 19 18 21 23 22 25 24  1  4  5  2  3 10  8  6  9  7
