 59 55 61 62 60 58 63 57 56 67 65 71 70 69 64 66 72 68 75 77 73 79 76 80 74 81 78  7  5  4  6  2  3  9  8  1 10 14 11 15 12 18 13 16 17 26 27 24 25 21 20 22 23 19 30 35 34 31 29 33 28 36 32 41 39 42 37 40 44 38 45 43 49 48 52 51 50 46 54 53 47
  5  1  7  8  6  4  9  3  2 13 11 17 16 15 10 12 18 14 21 23 19 25 22 26 20 27 24 34 32 31 33 29 30 36 35 28 37 41 38 42 39 45 40 43 44 53 54 51 52 48 47 49 50 46 57 62 61 58 56 60 55 63 59 68 66 69 64 67 71 65 72 70 76 75 79 78 77 73 81 80 74
 14 10 16 17 15 13 18 12 11 22 20 26 25 24 19 21 27 23 30 32 28 34 31 35 29 36 33 43 41 40 42 38 39 45 44 37 46 50 47 51 48 54 49 52 53 62 63 60 61 57 56 58 59 55 66 71 70 67 65 69 64 72 68 77 75 78 73 76 80 74 81 79  4  3  7  6  5  1  9  8  2
 32 28 34 35 33 31 36 30 29 40 38 44 43 42 37 39 45 41 48 50 46 52 49 53 47 54 51 61 59 58 60 56 57 63 62 55 64 68 65 69 66 72 67 70 71 80 81 78 79 75 74 76 77 73  3  8  7  4  2  6  1  9  5 14 12 15 10 13 17 11 18 16 22 21 25 24 23 19 27 26 20
 77 73 79 80 78 76 81 75 74  4  2  8  7  6  1  3  9  5 12 14 10 16 13 17 11 18 15 25 23 22 24 20 21 27 26 19 28 32 29 33 30 36 31 34 35 44 45 42 43 39 38 40 41 37 48 53 52 49 47 51 46 54 50 59 57 60 55 58 62 56 63 61 67 66 70 69 68 64 72 71 65
 23 19 25 26 24 22 27 21 20 31 29 35 34 33 28 30 36 32 39 41 37 43 40 44 38 45 42 52 50 49 51 47 48 54 53 46 55 59 56 60 57 63 58 61 62 71 72 69 70 66 65 67 68 64 75 80 79 76 74 78 73 81 77  5  3  6  1  4  8  2  9  7 13 12 16 15 14 10 18 17 11
 68 64 70 71 69 67 72 66 65 76 74 80 79 78 73 75 81 77  3  5  1  7  4  8  2  9  6 16 14 13 15 11 12 18 17 10 19 23 20 24 21 27 22 25 26 35 36 33 34 30 29 31 32 28 39 44 43 40 38 42 37 45 41 50 48 51 46 49 53 47 54 52 58 57 61 60 59 55 63 62 56
 41 37 43 44 42 40 45 39 38 49 47 53 52 51 46 48 54 50 57 59 55 61 58 62 56 63 60 70 68 67 69 65 66 72 71 64 73 77 74 78 75 81 76 79 80  8  9  6  7  3  2  4  5  1 12 17 16 13 11 15 10 18 14 23 21 24 19 22 26 20 27 25 31 30 34 33 32 28 36 35 29
 50 46 52 53 51 49 54 48 47 58 56 62 61 60 55 57 63 59 66 68 64 70 67 71 65 72 69 79 77 76 78 74 75 81 80 73  1  5  2  6  3  9  4  7  8 17 18 15 16 12 11 13 14 10 21 26 25 22 20 24 19 27 23 32 30 33 28 31 35 29 36 34 40 39 43 42 41 37 45 44 38
  6  2  8  9  7  5  1  4  3 14 12 18 17 16 11 13 10 15 22 24 20 26 23 27 21 19 25 35 33 32 34 30 31 28 36 29 38 42 39 43 40 37 41 44 45 54 46 52 53 49 48 50 51 47 58 63 62 59 57 61 56 55 60 69 67 70 65 68 72 66 64 71 77 76 80 79 78 74 73 81 75
 33 29 35 36 34 32 28 31 30 41 39 45 44 43 38 40 37 42 49 51 47 53 50 54 48 46 52 62 60 59 61 57 58 55 63 56 65 69 66 70 67 64 68 71 72 81 73 79 80 76 75 77 78 74  4  9  8  5  3  7  2  1  6 15 13 16 11 14 18 12 10 17 23 22 26 25 24 20 19 27 21
 15 11 17 18 16 14 10 13 12 23 21 27 26 25 20 22 19 24 31 33 29 35 32 36 30 28 34 44 42 41 43 39 40 37 45 38 47 51 48 52 49 46 50 53 54 63 55 61 62 58 57 59 60 56 67 72 71 68 66 70 65 64 69 78 76 79 74 77 81 75 73 80  5  4  8  7  6  2  1  9  3
 78 74 80 81 79 77 73 76 75  5  3  9  8  7  2  4  1  6 13 15 11 17 14 18 12 10 16 26 24 23 25 21 22 19 27 20 29 33 30 34 31 28 32 35 36 45 37 43 44 40 39 41 42 38 49 54 53 50 48 52 47 46 51 60 58 61 56 59 63 57 55 62 68 67 71 70 69 65 64 72 66
 60 56 62 63 61 59 55 58 57 68 66 72 71 70 65 67 64 69 76 78 74 80 77 81 75 73 79  8  6  5  7  3  4  1  9  2 11 15 12 16 13 10 14 17 18 27 19 25 26 22 21 23 24 20 31 36 35 32 30 34 29 28 33 42 40 43 38 41 45 39 37 44 50 49 53 52 51 47 46 54 48
 24 20 26 27 25 23 19 22 21 32 30 36 35 34 29 31 28 33 40 42 38 44 41 45 39 37 43 53 51 50 52 48 49 46 54 47 56 60 57 61 58 55 59 62 63 72 64 70 71 67 66 68 69 65 76 81 80 77 75 79 74 73 78  6  4  7  2  5  9  3  1  8 14 13 17 16 15 11 10 18 12
 51 47 53 54 52 50 46 49 48 59 57 63 62 61 56 58 55 60 67 69 65 71 68 72 66 64 70 80 78 77 79 75 76 73 81 74  2  6  3  7  4  1  5  8  9 18 10 16 17 13 12 14 15 11 22 27 26 23 21 25 20 19 24 33 31 34 29 32 36 30 28 35 41 40 44 43 42 38 37 45 39
 42 38 44 45 43 41 37 40 39 50 48 54 53 52 47 49 46 51 58 60 56 62 59 63 57 55 61 71 69 68 70 66 67 64 72 65 74 78 75 79 76 73 77 80 81  9  1  7  8  4  3  5  6  2 13 18 17 14 12 16 11 10 15 24 22 25 20 23 27 21 19 26 32 31 35 34 33 29 28 36 30
 69 65 71 72 70 68 64 67 66 77 75 81 80 79 74 76 73 78  4  6  2  8  5  9  3  1  7 17 15 14 16 12 13 10 18 11 20 24 21 25 22 19 23 26 27 36 28 34 35 31 30 32 33 29 40 45 44 41 39 43 38 37 42 51 49 52 47 50 54 48 46 53 59 58 62 61 60 56 55 63 57
 61 57 63 55 62 60 56 59 58 69 67 64 72 71 66 68 65 70 77 79 75 81 78 73 76 74 80  9  7  6  8  4  5  2  1  3 12 16 13 17 14 11 15 18 10 19 20 26 27 23 22 24 25 21 32 28 36 33 31 35 30 29 34 43 41 44 39 42 37 40 38 45 51 50 54 53 52 48 47 46 49
  7  3  9  1  8  6  2  5  4 15 13 10 18 17 12 14 11 16 23 25 21 27 24 19 22 20 26 36 34 33 35 31 32 29 28 30 39 43 40 44 41 38 42 45 37 46 47 53 54 50 49 51 52 48 59 55 63 60 58 62 57 56 61 70 68 71 66 69 64 67 65 72 78 77 81 80 79 75 74 73 76
 16 12 18 10 17 15 11 14 13 24 22 19 27 26 21 23 20 25 32 34 30 36 33 28 31 29 35 45 43 42 44 40 41 38 37 39 48 52 49 53 50 47 51 54 46 55 56 62 63 59 58 60 61 57 68 64 72 69 67 71 66 65 70 79 77 80 75 78 73 76 74 81  6  5  9  8  7  3  2  1  4
 34 30 36 28 35 33 29 32 31 42 40 37 45 44 39 41 38 43 50 52 48 54 51 46 49 47 53 63 61 60 62 58 59 56 55 57 66 70 67 71 68 65 69 72 64 73 74 80 81 77 76 78 79 75  5  1  9  6  4  8  3  2  7 16 14 17 12 15 10 13 11 18 24 23 27 26 25 21 20 19 22
 43 39 45 37 44 42 38 41 40 51 49 46 54 53 48 50 47 52 59 61 57 63 60 55 58 56 62 72 70 69 71 67 68 65 64 66 75 79 76 80 77 74 78 81 73  1  2  8  9  5  4  6  7  3 14 10 18 15 13 17 12 11 16 25 23 26 21 24 19 22 20 27 33 32 36 35 34 30 29 28 31
 79 75 81 73 80 78 74 77 76  6  4  1  9  8  3  5  2  7 14 16 12 18 15 10 13 11 17 27 25 24 26 22 23 20 19 21 30 34 31 35 32 29 33 36 28 37 38 44 45 41 40 42 43 39 50 46 54 51 49 53 48 47 52 61 59 62 57 60 55 58 56 63 69 68 72 71 70 66 65 64 67
 70 66 72 64 71 69 65 68 67 78 76 73 81 80 75 77 74 79  5  7  3  9  6  1  4  2  8 18 16 15 17 13 14 11 10 12 21 25 22 26 23 20 24 27 19 28 29 35 36 32 31 33 34 30 41 37 45 42 40 44 39 38 43 52 50 53 48 51 46 49 47 54 60 59 63 62 61 57 56 55 58
 25 21 27 19 26 24 20 23 22 33 31 28 36 35 30 32 29 34 41 43 39 45 42 37 40 38 44 54 52 51 53 49 50 47 46 48 57 61 58 62 59 56 60 63 55 64 65 71 72 68 67 69 70 66 77 73 81 78 76 80 75 74 79  7  5  8  3  6  1  4  2  9 15 14 18 17 16 12 11 10 13
 52 48 54 46 53 51 47 50 49 60 58 55 63 62 57 59 56 61 68 70 66 72 69 64 67 65 71 81 79 78 80 76 77 74 73 75  3  7  4  8  5  2  6  9  1 10 11 17 18 14 13 15 16 12 23 19 27 24 22 26 21 20 25 34 32 35 30 33 28 31 29 36 42 41 45 44 43 39 38 37 40
 17 13 10 11 18 16 12 15 14 25 23 20 19 27 22 24 21 26 33 35 31 28 34 29 32 30 36 37 44 43 45 41 42 39 38 40 49 53 50 54 51 48 52 46 47 56 57 63 55 60 59 61 62 58 69 65 64 70 68 72 67 66 71 80 78 81 76 79 74 77 75 73  7  6  1  9  8  4  3  2  5
 62 58 55 56 63 61 57 60 59 70 68 65 64 72 67 69 66 71 78 80 76 73 79 74 77 75 81  1  8  7  9  5  6  3  2  4 13 17 14 18 15 12 16 10 11 20 21 27 19 24 23 25 26 22 33 29 28 34 32 36 31 30 35 44 42 45 40 43 38 41 39 37 52 51 46 54 53 49 48 47 50
 26 22 19 20 27 25 21 24 23 34 32 29 28 36 31 33 30 35 42 44 40 37 43 38 41 39 45 46 53 52 54 50 51 48 47 49 58 62 59 63 60 57 61 55 56 65 66 72 64 69 68 70 71 67 78 74 73 79 77 81 76 75 80  8  6  9  4  7  2  5  3  1 16 15 10 18 17 13 12 11 14
 44 40 37 38 45 43 39 42 41 52 50 47 46 54 49 51 48 53 60 62 58 55 61 56 59 57 63 64 71 70 72 68 69 66 65 67 76 80 77 81 78 75 79 73 74  2  3  9  1  6  5  7  8  4 15 11 10 16 14 18 13 12 17 26 24 27 22 25 20 23 21 19 34 33 28 36 35 31 30 29 32
 80 76 73 74 81 79 75 78 77  7  5  2  1  9  4  6  3  8 15 17 13 10 16 11 14 12 18 19 26 25 27 23 24 21 20 22 31 35 32 36 33 30 34 28 29 38 39 45 37 42 41 43 44 40 51 47 46 52 50 54 49 48 53 62 60 63 58 61 56 59 57 55 70 69 64 72 71 67 66 65 68
  8  4  1  2  9  7  3  6  5 16 14 11 10 18 13 15 12 17 24 26 22 19 25 20 23 21 27 28 35 34 36 32 33 30 29 31 40 44 41 45 42 39 43 37 38 47 48 54 46 51 50 52 53 49 60 56 55 61 59 63 58 57 62 71 69 72 67 70 65 68 66 64 79 78 73 81 80 76 75 74 77
 35 31 28 29 36 34 30 33 32 43 41 38 37 45 40 42 39 44 51 53 49 46 52 47 50 48 54 55 62 61 63 59 60 57 56 58 67 71 68 72 69 66 70 64 65 74 75 81 73 78 77 79 80 76  6  2  1  7  5  9  4  3  8 17 15 18 13 16 11 14 12 10 25 24 19 27 26 22 21 20 23
 71 67 64 65 72 70 66 69 68 79 77 74 73 81 76 78 75 80  6  8  4  1  7  2  5  3  9 10 17 16 18 14 15 12 11 13 22 26 23 27 24 21 25 19 20 29 30 36 28 33 32 34 35 31 42 38 37 43 41 45 40 39 44 53 51 54 49 52 47 50 48 46 61 60 55 63 62 58 57 56 59
 53 49 46 47 54 52 48 51 50 61 59 56 55 63 58 60 57 62 69 71 67 64 70 65 68 66 72 73 80 79 81 77 78 75 74 76  4  8  5  9  6  3  7  1  2 11 12 18 10 15 14 16 17 13 24 20 19 25 23 27 22 21 26 35 33 36 31 34 29 32 30 28 43 42 37 45 44 40 39 38 41
 45 41 38 39 37 44 40 43 42 53 51 48 47 46 50 52 49 54 61 63 59 56 62 57 60 58 55 65 72 71 64 69 70 67 66 68 77 81 78 73 79 76 80 74 75  3  4  1  2  7  6  8  9  5 16 12 11 17 15 10 14 13 18 27 25 19 23 26 21 24 22 20 35 34 29 28 36 32 31 30 33
 63 59 56 57 55 62 58 61 60 71 69 66 65 64 68 70 67 72 79 81 77 74 80 75 78 76 73  2  9  8  1  6  7  4  3  5 14 18 15 10 16 13 17 11 12 21 22 19 20 25 24 26 27 23 34 30 29 35 33 28 32 31 36 45 43 37 41 44 39 42 40 38 53 52 47 46 54 50 49 48 51
 27 23 20 21 19 26 22 25 24 35 33 30 29 28 32 34 31 36 43 45 41 38 44 39 42 40 37 47 54 53 46 51 52 49 48 50 59 63 60 55 61 58 62 56 57 66 67 64 65 70 69 71 72 68 79 75 74 80 78 73 77 76 81  9  7  1  5  8  3  6  4  2 17 16 11 10 18 14 13 12 15
 81 77 74 75 73 80 76 79 78  8  6  3  2  1  5  7  4  9 16 18 14 11 17 12 15 13 10 20 27 26 19 24 25 22 21 23 32 36 33 28 34 31 35 29 30 39 40 37 38 43 42 44 45 41 52 48 47 53 51 46 50 49 54 63 61 55 59 62 57 60 58 56 71 70 65 64 72 68 67 66 69
 18 14 11 12 10 17 13 16 15 26 24 21 20 19 23 25 22 27 34 36 32 29 35 30 33 31 28 38 45 44 37 42 43 40 39 41 50 54 51 46 52 49 53 47 48 57 58 55 56 61 60 62 63 59 70 66 65 71 69 64 68 67 72 81 79 73 77 80 75 78 76 74  8  7  2  1  9  5  4  3  6
 72 68 65 66 64 71 67 70 69 80 78 75 74 73 77 79 76 81  7  9  5  2  8  3  6  4  1 11 18 17 10 15 16 13 12 14 23 27 24 19 25 22 26 20 21 30 31 28 29 34 33 35 36 32 43 39 38 44 42 37 41 40 45 54 52 46 50 53 48 51 49 47 62 61 56 55 63 59 58 57 60
 54 50 47 48 46 53 49 52 51 62 60 57 56 55 59 61 58 63 70 72 68 65 71 66 69 67 64 74 81 80 73 78 79 76 75 77  5  9  6  1  7  4  8  2  3 12 13 10 11 16 15 17 18 14 25 21 20 26 24 19 23 22 27 36 34 28 32 35 30 33 31 29 44 43 38 37 45 41 40 39 42
 36 32 29 30 28 35 31 34 33 44 42 39 38 37 41 43 40 45 52 54 50 47 53 48 51 49 46 56 63 62 55 60 61 58 57 59 68 72 69 64 70 67 71 65 66 75 76 73 74 79 78 80 81 77  7  3  2  8  6  1  5  4  9 18 16 10 14 17 12 15 13 11 26 25 20 19 27 23 22 21 24
  9  5  2  3  1  8  4  7  6 17 15 12 11 10 14 16 13 18 25 27 23 20 26 21 24 22 19 29 36 35 28 33 34 31 30 32 41 45 42 37 43 40 44 38 39 48 49 46 47 52 51 53 54 50 61 57 56 62 60 55 59 58 63 72 70 64 68 71 66 69 67 65 80 79 74 73 81 77 76 75 78
 55 60 57 58 56 63 59 62 61 72 70 67 66 65 69 71 68 64 80 73 78 75 81 76 79 77 74  3  1  9  2  7  8  5  4  6 15 10 16 11 17 14 18 12 13 22 23 20 21 26 25 27 19 24 35 31 30 36 34 29 33 32 28 37 44 38 42 45 40 43 41 39 54 53 48 47 46 51 50 49 52
 19 24 21 22 20 27 23 26 25 36 34 31 30 29 33 35 32 28 44 37 42 39 45 40 43 41 38 48 46 54 47 52 53 50 49 51 60 55 61 56 62 59 63 57 58 67 68 65 66 71 70 72 64 69 80 76 75 81 79 74 78 77 73  1  8  2  6  9  4  7  5  3 18 17 12 11 10 15 14 13 16
 37 42 39 40 38 45 41 44 43 54 52 49 48 47 51 53 50 46 62 55 60 57 63 58 61 59 56 66 64 72 65 70 71 68 67 69 78 73 79 74 80 77 81 75 76  4  5  2  3  8  7  9  1  6 17 13 12 18 16 11 15 14 10 19 26 20 24 27 22 25 23 21 36 35 30 29 28 33 32 31 34
 64 69 66 67 65 72 68 71 70 81 79 76 75 74 78 80 77 73  8  1  6  3  9  4  7  5  2 12 10 18 11 16 17 14 13 15 24 19 25 20 26 23 27 21 22 31 32 29 30 35 34 36 28 33 44 40 39 45 43 38 42 41 37 46 53 47 51 54 49 52 50 48 63 62 57 56 55 60 59 58 61
 73 78 75 76 74 81 77 80 79  9  7  4  3  2  6  8  5  1 17 10 15 12 18 13 16 14 11 21 19 27 20 25 26 23 22 24 33 28 34 29 35 32 36 30 31 40 41 38 39 44 43 45 37 42 53 49 48 54 52 47 51 50 46 55 62 56 60 63 58 61 59 57 72 71 66 65 64 69 68 67 70
 46 51 48 49 47 54 50 53 52 63 61 58 57 56 60 62 59 55 71 64 69 66 72 67 70 68 65 75 73 81 74 79 80 77 76 78  6  1  7  2  8  5  9  3  4 13 14 11 12 17 16 18 10 15 26 22 21 27 25 20 24 23 19 28 35 29 33 36 31 34 32 30 45 44 39 38 37 42 41 40 43
  1  6  3  4  2  9  5  8  7 18 16 13 12 11 15 17 14 10 26 19 24 21 27 22 25 23 20 30 28 36 29 34 35 32 31 33 42 37 43 38 44 41 45 39 40 49 50 47 48 53 52 54 46 51 62 58 57 63 61 56 60 59 55 64 71 65 69 72 67 70 68 66 81 80 75 74 73 78 77 76 79
 28 33 30 31 29 36 32 35 34 45 43 40 39 38 42 44 41 37 53 46 51 48 54 49 52 50 47 57 55 63 56 61 62 59 58 60 69 64 70 65 71 68 72 66 67 76 77 74 75 80 79 81 73 78  8  4  3  9  7  2  6  5  1 10 17 11 15 18 13 16 14 12 27 26 21 20 19 24 23 22 25
 10 15 12 13 11 18 14 17 16 27 25 22 21 20 24 26 23 19 35 28 33 30 36 31 34 32 29 39 37 45 38 43 44 41 40 42 51 46 52 47 53 50 54 48 49 58 59 56 57 62 61 63 55 60 71 67 66 72 70 65 69 68 64 73 80 74 78 81 76 79 77 75  9  8  3  2  1  6  5  4  7
 47 52 49 50 48 46 51 54 53 55 62 59 58 57 61 63 60 56 72 65 70 67 64 68 71 69 66 76 74 73 75 80 81 78 77 79  7  2  8  3  9  6  1  4  5 14 15 12 13 18 17 10 11 16 27 23 22 19 26 21 25 24 20 29 36 30 34 28 32 35 33 31 37 45 40 39 38 43 42 41 44
 20 25 22 23 21 19 24 27 26 28 35 32 31 30 34 36 33 29 45 38 43 40 37 41 44 42 39 49 47 46 48 53 54 51 50 52 61 56 62 57 63 60 55 58 59 68 69 66 67 72 71 64 65 70 81 77 76 73 80 75 79 78 74  2  9  3  7  1  5  8  6  4 10 18 13 12 11 16 15 14 17
 74 79 76 77 75 73 78 81 80  1  8  5  4  3  7  9  6  2 18 11 16 13 10 14 17 15 12 22 20 19 21 26 27 24 23 25 34 29 35 30 36 33 28 31 32 41 42 39 40 45 44 37 38 43 54 50 49 46 53 48 52 51 47 56 63 57 61 55 59 62 60 58 64 72 67 66 65 70 69 68 71
 56 61 58 59 57 55 60 63 62 64 71 68 67 66 70 72 69 65 81 74 79 76 73 77 80 78 75  4  2  1  3  8  9  6  5  7 16 11 17 12 18 15 10 13 14 23 24 21 22 27 26 19 20 25 36 32 31 28 35 30 34 33 29 38 45 39 43 37 41 44 42 40 46 54 49 48 47 52 51 50 53
 29 34 31 32 30 28 33 36 35 37 44 41 40 39 43 45 42 38 54 47 52 49 46 50 53 51 48 58 56 55 57 62 63 60 59 61 70 65 71 66 72 69 64 67 68 77 78 75 76 81 80 73 74 79  9  5  4  1  8  3  7  6  2 11 18 12 16 10 14 17 15 13 19 27 22 21 20 25 24 23 26
 11 16 13 14 12 10 15 18 17 19 26 23 22 21 25 27 24 20 36 29 34 31 28 32 35 33 30 40 38 37 39 44 45 42 41 43 52 47 53 48 54 51 46 49 50 59 60 57 58 63 62 55 56 61 72 68 67 64 71 66 70 69 65 74 81 75 79 73 77 80 78 76  1  9  4  3  2  7  6  5  8
  2  7  4  5  3  1  6  9  8 10 17 14 13 12 16 18 15 11 27 20 25 22 19 23 26 24 21 31 29 28 30 35 36 33 32 34 43 38 44 39 45 42 37 40 41 50 51 48 49 54 53 46 47 52 63 59 58 55 62 57 61 60 56 65 72 66 70 64 68 71 69 67 73 81 76 75 74 79 78 77 80
 65 70 67 68 66 64 69 72 71 73 80 77 76 75 79 81 78 74  9  2  7  4  1  5  8  6  3 13 11 10 12 17 18 15 14 16 25 20 26 21 27 24 19 22 23 32 33 30 31 36 35 28 29 34 45 41 40 37 44 39 43 42 38 47 54 48 52 46 50 53 51 49 55 63 58 57 56 61 60 59 62
 38 43 40 41 39 37 42 45 44 46 53 50 49 48 52 54 51 47 63 56 61 58 55 59 62 60 57 67 65 64 66 71 72 69 68 70 79 74 80 75 81 78 73 76 77  5  6  3  4  9  8  1  2  7 18 14 13 10 17 12 16 15 11 20 27 21 25 19 23 26 24 22 28 36 31 30 29 34 33 32 35
 66 71 68 69 67 65 70 64 72 74 81 78 77 76 80 73 79 75  1  3  8  5  2  6  9  7  4 14 12 11 13 18 10 16 15 17 26 21 27 22 19 25 20 23 24 33 34 31 32 28 36 29 30 35 37 42 41 38 45 40 44 43 39 48 46 49 53 47 51 54 52 50 56 55 59 58 57 62 61 60 63
 39 44 41 42 40 38 43 37 45 47 54 51 50 49 53 46 52 48 55 57 62 59 56 60 63 61 58 68 66 65 67 72 64 70 69 71 80 75 81 76 73 79 74 77 78  6  7  4  5  1  9  2  3  8 10 15 14 11 18 13 17 16 12 21 19 22 26 20 24 27 25 23 29 28 32 31 30 35 34 33 36
  3  8  5  6  4  2  7  1  9 11 18 15 14 13 17 10 16 12 19 21 26 23 20 24 27 25 22 32 30 29 31 36 28 34 33 35 44 39 45 40 37 43 38 41 42 51 52 49 50 46 54 47 48 53 55 60 59 56 63 58 62 61 57 66 64 67 71 65 69 72 70 68 74 73 77 76 75 80 79 78 81
 30 35 32 33 31 29 34 28 36 38 45 42 41 40 44 37 43 39 46 48 53 50 47 51 54 52 49 59 57 56 58 63 55 61 60 62 71 66 72 67 64 70 65 68 69 78 79 76 77 73 81 74 75 80  1  6  5  2  9  4  8  7  3 12 10 13 17 11 15 18 16 14 20 19 23 22 21 26 25 24 27
 48 53 50 51 49 47 52 46 54 56 63 60 59 58 62 55 61 57 64 66 71 68 65 69 72 70 67 77 75 74 76 81 73 79 78 80  8  3  9  4  1  7  2  5  6 15 16 13 14 10 18 11 12 17 19 24 23 20 27 22 26 25 21 30 28 31 35 29 33 36 34 32 38 37 41 40 39 44 43 42 45
 57 62 59 60 58 56 61 55 63 65 72 69 68 67 71 64 70 66 73 75 80 77 74 78 81 79 76  5  3  2  4  9  1  7  6  8 17 12 18 13 10 16 11 14 15 24 25 22 23 19 27 20 21 26 28 33 32 29 36 31 35 34 30 39 37 40 44 38 42 45 43 41 47 46 50 49 48 53 52 51 54
 21 26 23 24 22 20 25 19 27 29 36 33 32 31 35 28 34 30 37 39 44 41 38 42 45 43 40 50 48 47 49 54 46 52 51 53 62 57 63 58 55 61 56 59 60 69 70 67 68 64 72 65 66 71 73 78 77 74 81 76 80 79 75  3  1  4  8  2  6  9  7  5 11 10 14 13 12 17 16 15 18
 75 80 77 78 76 74 79 73 81  2  9  6  5  4  8  1  7  3 10 12 17 14 11 15 18 16 13 23 21 20 22 27 19 25 24 26 35 30 36 31 28 34 29 32 33 42 43 40 41 37 45 38 39 44 46 51 50 47 54 49 53 52 48 57 55 58 62 56 60 63 61 59 65 64 68 67 66 71 70 69 72
 12 17 14 15 13 11 16 10 18 20 27 24 23 22 26 19 25 21 28 30 35 32 29 33 36 34 31 41 39 38 40 45 37 43 42 44 53 48 54 49 46 52 47 50 51 60 61 58 59 55 63 56 57 62 64 69 68 65 72 67 71 70 66 75 73 76 80 74 78 81 79 77  2  1  5  4  3  8  7  6  9
 49 54 51 52 50 48 53 47 46 57 55 61 60 59 63 56 62 58 65 67 72 69 66 70 64 71 68 78 76 75 77 73 74 80 79 81  9  4  1  5  2  8  3  6  7 16 17 14 15 11 10 12 13 18 20 25 24 21 19 23 27 26 22 31 29 32 36 30 34 28 35 33 39 38 42 41 40 45 44 43 37
 67 72 69 70 68 66 71 65 64 75 73 79 78 77 81 74 80 76  2  4  9  6  3  7  1  8  5 15 13 12 14 10 11 17 16 18 27 22 19 23 20 26 21 24 25 34 35 32 33 29 28 30 31 36 38 43 42 39 37 41 45 44 40 49 47 50 54 48 52 46 53 51 57 56 60 59 58 63 62 61 55
 76 81 78 79 77 75 80 74 73  3  1  7  6  5  9  2  8  4 11 13 18 15 12 16 10 17 14 24 22 21 23 19 20 26 25 27 36 31 28 32 29 35 30 33 34 43 44 41 42 38 37 39 40 45 47 52 51 48 46 50 54 53 49 58 56 59 63 57 61 55 62 60 66 65 69 68 67 72 71 70 64
 31 36 33 34 32 30 35 29 28 39 37 43 42 41 45 38 44 40 47 49 54 51 48 52 46 53 50 60 58 57 59 55 56 62 61 63 72 67 64 68 65 71 66 69 70 79 80 77 78 74 73 75 76 81  2  7  6  3  1  5  9  8  4 13 11 14 18 12 16 10 17 15 21 20 24 23 22 27 26 25 19
  4  9  6  7  5  3  8  2  1 12 10 16 15 14 18 11 17 13 20 22 27 24 21 25 19 26 23 33 31 30 32 28 29 35 34 36 45 40 37 41 38 44 39 42 43 52 53 50 51 47 46 48 49 54 56 61 60 57 55 59 63 62 58 67 65 68 72 66 70 64 71 69 75 74 78 77 76 81 80 79 73
 22 27 24 25 23 21 26 20 19 30 28 34 33 32 36 29 35 31 38 40 45 42 39 43 37 44 41 51 49 48 50 46 47 53 52 54 63 58 55 59 56 62 57 60 61 70 71 68 69 65 64 66 67 72 74 79 78 75 73 77 81 80 76  4  2  5  9  3  7  1  8  6 12 11 15 14 13 18 17 16 10
 40 45 42 43 41 39 44 38 37 48 46 52 51 50 54 47 53 49 56 58 63 60 57 61 55 62 59 69 67 66 68 64 65 71 70 72 81 76 73 77 74 80 75 78 79  7  8  5  6  2  1  3  4  9 11 16 15 12 10 14 18 17 13 22 20 23 27 21 25 19 26 24 30 29 33 32 31 36 35 34 28
 58 63 60 61 59 57 62 56 55 66 64 70 69 68 72 65 71 67 74 76 81 78 75 79 73 80 77  6  4  3  5  1  2  8  7  9 18 13 10 14 11 17 12 15 16 25 26 23 24 20 19 21 22 27 29 34 33 30 28 32 36 35 31 40 38 41 45 39 43 37 44 42 48 47 51 50 49 54 53 52 46
 13 18 15 16 14 12 17 11 10 21 19 25 24 23 27 20 26 22 29 31 36 33 30 34 28 35 32 42 40 39 41 37 38 44 43 45 54 49 46 50 47 53 48 51 52 61 62 59 60 56 55 57 58 63 65 70 69 66 64 68 72 71 67 76 74 77 81 75 79 73 80 78  3  2  6  5  4  9  8  7  1
