 46 48 42 43 47 41 44 45 49 56 50 54 55 51 52 53 57 63 60 64 62 59 61 58  8  6  3  4  1  2  5  7 14 10 16 13 12 11 15  9 18 22 21 24 23 20 19 17 29 30 26 31 28 25 27 32 34 35 38 37 36 33 39 40
 62 64 58 59 63 57 60 61  1  8  2  6  7  3  4  5  9 15 12 16 14 11 13 10 24 22 19 20 17 18 21 23 30 26 32 29 28 27 31 25 34 38 37 40 39 36 35 33 45 46 42 47 44 41 43 48 50 51 54 53 52 49 55 56
  6  8  2  3  7  1  4  5  9 16 10 14 15 11 12 13 17 23 20 24 22 19 21 18 32 30 27 28 25 26 29 31 38 34 40 37 36 35 39 33 42 46 45 48 47 44 43 41 53 54 50 55 52 49 51 56 58 59 62 61 60 57 63 64
 38 40 34 35 39 33 36 37 41 48 42 46 47 43 44 45 49 55 52 56 54 51 53 50 64 62 59 60 57 58 61 63  6  2  8  5  4  3  7  1 10 14 13 16 15 12 11  9 21 22 18 23 20 17 19 24 26 27 30 29 28 25 31 32
 54 56 50 51 55 49 52 53 57 64 58 62 63 59 60 61  1  7  4  8  6  3  5  2 16 14 11 12  9 10 13 15 22 18 24 21 20 19 23 17 26 30 29 32 31 28 27 25 37 38 34 39 36 33 35 40 42 43 46 45 44 41 47 48
 30 32 26 27 31 25 28 29 33 40 34 38 39 35 36 37 41 47 44 48 46 43 45 42 56 54 51 52 49 50 53 55 62 58 64 61 60 59 63 57  2  6  5  8  7  4  3  1 13 14 10 15 12  9 11 16 18 19 22 21 20 17 23 24
 14 16 10 11 15  9 12 13 17 24 18 22 23 19 20 21 25 31 28 32 30 27 29 26 40 38 35 36 33 34 37 39 46 42 48 45 44 43 47 41 50 54 53 56 55 52 51 49 61 62 58 63 60 57 59 64  2  3  6  5  4  1  7  8
 22 24 18 19 23 17 20 21 25 32 26 30 31 27 28 29 33 39 36 40 38 35 37 34 48 46 43 44 41 42 45 47 54 50 56 53 52 51 55 49 58 62 61 64 63 60 59 57  5  6  2  7  4  1  3  8 10 11 14 13 12  9 15 16
  7  1  3  4  8  2  5  6 10  9 11 15 16 12 13 14 18 24 21 17 23 20 22 19 25 31 28 29 26 27 30 32 39 35 33 38 37 36 40 34 43 47 46 41 48 45 44 42 54 55 51 56 53 50 52 49 59 60 63 62 61 58 64 57
 31 25 27 28 32 26 29 30 34 33 35 39 40 36 37 38 42 48 45 41 47 44 46 43 49 55 52 53 50 51 54 56 63 59 57 62 61 60 64 58  3  7  6  1  8  5  4  2 14 15 11 16 13 10 12  9 19 20 23 22 21 18 24 17
 47 41 43 44 48 42 45 46 50 49 51 55 56 52 53 54 58 64 61 57 63 60 62 59  1  7  4  5  2  3  6  8 15 11  9 14 13 12 16 10 19 23 22 17 24 21 20 18 30 31 27 32 29 26 28 25 35 36 39 38 37 34 40 33
 23 17 19 20 24 18 21 22 26 25 27 31 32 28 29 30 34 40 37 33 39 36 38 35 41 47 44 45 42 43 46 48 55 51 49 54 53 52 56 50 59 63 62 57 64 61 60 58  6  7  3  8  5  2  4  1 11 12 15 14 13 10 16  9
 55 49 51 52 56 50 53 54 58 57 59 63 64 60 61 62  2  8  5  1  7  4  6  3  9 15 12 13 10 11 14 16 23 19 17 22 21 20 24 18 27 31 30 25 32 29 28 26 38 39 35 40 37 34 36 33 43 44 47 46 45 42 48 41
 15  9 11 12 16 10 13 14 18 17 19 23 24 20 21 22 26 32 29 25 31 28 30 27 33 39 36 37 34 35 38 40 47 43 41 46 45 44 48 42 51 55 54 49 56 53 52 50 62 63 59 64 61 58 60 57  3  4  7  6  5  2  8  1
 63 57 59 60 64 58 61 62  2  1  3  7  8  4  5  6 10 16 13  9 15 12 14 11 17 23 20 21 18 19 22 24 31 27 25 30 29 28 32 26 35 39 38 33 40 37 36 34 46 47 43 48 45 42 44 41 51 52 55 54 53 50 56 49
 39 33 35 36 40 34 37 38 42 41 43 47 48 44 45 46 50 56 53 49 55 52 54 51 57 63 60 61 58 59 62 64  7  3  1  6  5  4  8  2 11 15 14  9 16 13 12 10 22 23 19 24 21 18 20 17 27 28 31 30 29 26 32 25
 48 42 44 45 41 43 46 47 51 50 52 56 49 53 54 55 59 57 62 58 64 61 63 60  2  8  5  6  3  4  7  1 16 12 10 15 14 13  9 11 20 24 23 18 17 22 21 19 31 32 28 25 30 27 29 26 36 37 40 39 38 35 33 34
 64 58 60 61 57 59 62 63  3  2  4  8  1  5  6  7 11  9 14 10 16 13 15 12 18 24 21 22 19 20 23 17 32 28 26 31 30 29 25 27 36 40 39 34 33 38 37 35 47 48 44 41 46 43 45 42 52 53 56 55 54 51 49 50
  8  2  4  5  1  3  6  7 11 10 12 16  9 13 14 15 19 17 22 18 24 21 23 20 26 32 29 30 27 28 31 25 40 36 34 39 38 37 33 35 44 48 47 42 41 46 45 43 55 56 52 49 54 51 53 50 60 61 64 63 62 59 57 58
 56 50 52 53 49 51 54 55 59 58 60 64 57 61 62 63  3  1  6  2  8  5  7  4 10 16 13 14 11 12 15  9 24 20 18 23 22 21 17 19 28 32 31 26 25 30 29 27 39 40 36 33 38 35 37 34 44 45 48 47 46 43 41 42
 40 34 36 37 33 35 38 39 43 42 44 48 41 45 46 47 51 49 54 50 56 53 55 52 58 64 61 62 59 60 63 57  8  4  2  7  6  5  1  3 12 16 15 10  9 14 13 11 23 24 20 17 22 19 21 18 28 29 32 31 30 27 25 26
 32 26 28 29 25 27 30 31 35 34 36 40 33 37 38 39 43 41 46 42 48 45 47 44 50 56 53 54 51 52 55 49 64 60 58 63 62 61 57 59  4  8  7  2  1  6  5  3 15 16 12  9 14 11 13 10 20 21 24 23 22 19 17 18
 24 18 20 21 17 19 22 23 27 26 28 32 25 29 30 31 35 33 38 34 40 37 39 36 42 48 45 46 43 44 47 41 56 52 50 55 54 53 49 51 60 64 63 58 57 62 61 59  7  8  4  1  6  3  5  2 12 13 16 15 14 11  9 10
 16 10 12 13  9 11 14 15 19 18 20 24 17 21 22 23 27 25 30 26 32 29 31 28 34 40 37 38 35 36 39 33 48 44 42 47 46 45 41 43 52 56 55 50 49 54 53 51 63 64 60 57 62 59 61 58  4  5  8  7  6  3  1  2
 33 35 37 38 34 36 39 40 44 43 45 41 42 46 47 48 52 50 55 51 49 54 56 53 59 57 62 63 60 61 64 58  1  5  3  8  7  6  2  4 13  9 16 11 10 15 14 12 24 17 21 18 23 20 22 19 29 30 25 32 31 28 26 27
 49 51 53 54 50 52 55 56 60 59 61 57 58 62 63 64  4  2  7  3  1  6  8  5 11  9 14 15 12 13 16 10 17 21 19 24 23 22 18 20 29 25 32 27 26 31 30 28 40 33 37 34 39 36 38 35 45 46 41 48 47 44 42 43
  1  3  5  6  2  4  7  8 12 11 13  9 10 14 15 16 20 18 23 19 17 22 24 21 27 25 30 31 28 29 32 26 33 37 35 40 39 38 34 36 45 41 48 43 42 47 46 44 56 49 53 50 55 52 54 51 61 62 57 64 63 60 58 59
  9 11 13 14 10 12 15 16 20 19 21 17 18 22 23 24 28 26 31 27 25 30 32 29 35 33 38 39 36 37 40 34 41 45 43 48 47 46 42 44 53 49 56 51 50 55 54 52 64 57 61 58 63 60 62 59  5  6  1  8  7  4  2  3
 25 27 29 30 26 28 31 32 36 35 37 33 34 38 39 40 44 42 47 43 41 46 48 45 51 49 54 55 52 53 56 50 57 61 59 64 63 62 58 60  5  1  8  3  2  7  6  4 16  9 13 10 15 12 14 11 21 22 17 24 23 20 18 19
 17 19 21 22 18 20 23 24 28 27 29 25 26 30 31 32 36 34 39 35 33 38 40 37 43 41 46 47 44 45 48 42 49 53 51 56 55 54 50 52 61 57 64 59 58 63 62 60  8  1  5  2  7  4  6  3 13 14  9 16 15 12 10 11
 57 59 61 62 58 60 63 64  4  3  5  1  2  6  7  8 12 10 15 11  9 14 16 13 19 17 22 23 20 21 24 18 25 29 27 32 31 30 26 28 37 33 40 35 34 39 38 36 48 41 45 42 47 44 46 43 53 54 49 56 55 52 50 51
 41 43 45 46 42 44 47 48 52 51 53 49 50 54 55 56 60 58 63 59 57 62 64 61  3  1  6  7  4  5  8  2  9 13 11 16 15 14 10 12 21 17 24 19 18 23 22 20 32 25 29 26 31 28 30 27 37 38 33 40 39 36 34 35
 18 20 22 23 19 21 24 17 29 28 30 26 27 31 32 25 37 35 40 36 34 39 33 38 44 42 47 48 45 46 41 43 50 54 52 49 56 55 51 53 62 58 57 60 59 64 63 61  1  2  6  3  8  5  7  4 14 15 10  9 16 13 11 12
 50 52 54 55 51 53 56 49 61 60 62 58 59 63 64 57  5  3  8  4  2  7  1  6 12 10 15 16 13 14  9 11 18 22 20 17 24 23 19 21 30 26 25 28 27 32 31 29 33 34 38 35 40 37 39 36 46 47 42 41 48 45 43 44
 34 36 38 39 35 37 40 33 45 44 46 42 43 47 48 41 53 51 56 52 50 55 49 54 60 58 63 64 61 62 57 59  2  6  4  1  8  7  3  5 14 10  9 12 11 16 15 13 17 18 22 19 24 21 23 20 30 31 26 25 32 29 27 28
 42 44 46 47 43 45 48 41 53 52 54 50 51 55 56 49 61 59 64 60 58 63 57 62  4  2  7  8  5  6  1  3 10 14 12  9 16 15 11 13 22 18 17 20 19 24 23 21 25 26 30 27 32 29 31 28 38 39 34 33 40 37 35 36
 10 12 14 15 11 13 16  9 21 20 22 18 19 23 24 17 29 27 32 28 26 31 25 30 36 34 39 40 37 38 33 35 42 46 44 41 48 47 43 45 54 50 49 52 51 56 55 53 57 58 62 59 64 61 63 60  6  7  2  1  8  5  3  4
  2  4  6  7  3  5  8  1 13 12 14 10 11 15 16  9 21 19 24 20 18 23 17 22 28 26 31 32 29 30 25 27 34 38 36 33 40 39 35 37 46 42 41 44 43 48 47 45 49 50 54 51 56 53 55 52 62 63 58 57 64 61 59 60
 26 28 30 31 27 29 32 25 37 36 38 34 35 39 40 33 45 43 48 44 42 47 41 46 52 50 55 56 53 54 49 51 58 62 60 57 64 63 59 61  6  2  1  4  3  8  7  5  9 10 14 11 16 13 15 12 22 23 18 17 24 21 19 20
 58 60 62 63 59 61 64 57  5  4  6  2  3  7  8  1 13 11 16 12 10 15  9 14 20 18 23 24 21 22 17 19 26 30 28 25 32 31 27 29 38 34 33 36 35 40 39 37 41 42 46 43 48 45 47 44 54 55 50 49 56 53 51 52
 19 21 23 24 20 22 17 18 30 29 31 27 28 32 25 26 38 36 33 37 35 40 34 39 45 43 48 41 46 47 42 44 51 55 53 50 49 56 52 54 63 59 58 61 60 57 64 62  2  3  7  4  1  6  8  5 15 16 11 10  9 14 12 13
  3  5  7  8  4  6  1  2 14 13 15 11 12 16  9 10 22 20 17 21 19 24 18 23 29 27 32 25 30 31 26 28 35 39 37 34 33 40 36 38 47 43 42 45 44 41 48 46 50 51 55 52 49 54 56 53 63 64 59 58 57 62 60 61
 51 53 55 56 52 54 49 50 62 61 63 59 60 64 57 58  6  4  1  5  3  8  2  7 13 11 16  9 14 15 10 12 19 23 21 18 17 24 20 22 31 27 26 29 28 25 32 30 34 35 39 36 33 38 40 37 47 48 43 42 41 46 44 45
 11 13 15 16 12 14  9 10 22 21 23 19 20 24 17 18 30 28 25 29 27 32 26 31 37 35 40 33 38 39 34 36 43 47 45 42 41 48 44 46 55 51 50 53 52 49 56 54 58 59 63 60 57 62 64 61  7  8  3  2  1  6  4  5
 59 61 63 64 60 62 57 58  6  5  7  3  4  8  1  2 14 12  9 13 11 16 10 15 21 19 24 17 22 23 18 20 27 31 29 26 25 32 28 30 39 35 34 37 36 33 40 38 42 43 47 44 41 46 48 45 55 56 51 50 49 54 52 53
 27 29 31 32 28 30 25 26 38 37 39 35 36 40 33 34 46 44 41 45 43 48 42 47 53 51 56 49 54 55 50 52 59 63 61 58 57 64 60 62  7  3  2  5  4  1  8  6 10 11 15 12  9 14 16 13 23 24 19 18 17 22 20 21
 35 37 39 40 36 38 33 34 46 45 47 43 44 48 41 42 54 52 49 53 51 56 50 55 61 59 64 57 62 63 58 60  3  7  5  2  1  8  4  6 15 11 10 13 12  9 16 14 18 19 23 20 17 22 24 21 31 32 27 26 25 30 28 29
 43 45 47 48 44 46 41 42 54 53 55 51 52 56 49 50 62 60 57 61 59 64 58 63  5  3  8  1  6  7  2  4 11 15 13 10  9 16 12 14 23 19 18 21 20 17 24 22 26 27 31 28 25 30 32 29 39 40 35 34 33 38 36 37
 36 38 40 33 37 39 34 35 47 46 48 44 45 41 42 43 55 53 50 54 52 49 51 56 62 60 57 58 63 64 59 61  4  8  6  3  2  1  5  7 16 12 11 14 13 10  9 15 19 20 24 21 18 23 17 22 32 25 28 27 26 31 29 30
 12 14 16  9 13 15 10 11 23 22 24 20 21 17 18 19 31 29 26 30 28 25 27 32 38 36 33 34 39 40 35 37 44 48 46 43 42 41 45 47 56 52 51 54 53 50 49 55 59 60 64 61 58 63 57 62  8  1  4  3  2  7  5  6
  4  6  8  1  5  7  2  3 15 14 16 12 13  9 10 11 23 21 18 22 20 17 19 24 30 28 25 26 31 32 27 29 36 40 38 35 34 33 37 39 48 44 43 46 45 42 41 47 51 52 56 53 50 55 49 54 64 57 60 59 58 63 61 62
 28 30 32 25 29 31 26 27 39 38 40 36 37 33 34 35 47 45 42 46 44 41 43 48 54 52 49 50 55 56 51 53 60 64 62 59 58 57 61 63  8  4  3  6  5  2  1  7 11 12 16 13 10 15  9 14 24 17 20 19 18 23 21 22
 60 62 64 57 61 63 58 59  7  6  8  4  5  1  2  3 15 13 10 14 12  9 11 16 22 20 17 18 23 24 19 21 28 32 30 27 26 25 29 31 40 36 35 38 37 34 33 39 43 44 48 45 42 47 41 46 56 49 52 51 50 55 53 54
 44 46 48 41 45 47 42 43 55 54 56 52 53 49 50 51 63 61 58 62 60 57 59 64  6  4  1  2  7  8  3  5 12 16 14 11 10  9 13 15 24 20 19 22 21 18 17 23 27 28 32 29 26 31 25 30 40 33 36 35 34 39 37 38
 52 54 56 49 53 55 50 51 63 62 64 60 61 57 58 59  7  5  2  6  4  1  3  8 14 12  9 10 15 16 11 13 20 24 22 19 18 17 21 23 32 28 27 30 29 26 25 31 35 36 40 37 34 39 33 38 48 41 44 43 42 47 45 46
 20 22 24 17 21 23 18 19 31 30 32 28 29 25 26 27 39 37 34 38 36 33 35 40 46 44 41 42 47 48 43 45 52 56 54 51 50 49 53 55 64 60 59 62 61 58 57 63  3  4  8  5  2  7  1  6 16  9 12 11 10 15 13 14
  5  7  1  2  6  8  3  4 16 15  9 13 14 10 11 12 24 22 19 23 21 18 20 17 31 29 26 27 32 25 28 30 37 33 39 36 35 34 38 40 41 45 44 47 46 43 42 48 52 53 49 54 51 56 50 55 57 58 61 60 59 64 62 63
 21 23 17 18 22 24 19 20 32 31 25 29 30 26 27 28 40 38 35 39 37 34 36 33 47 45 42 43 48 41 44 46 53 49 55 52 51 50 54 56 57 61 60 63 62 59 58 64  4  5  1  6  3  8  2  7  9 10 13 12 11 16 14 15
 29 31 25 26 30 32 27 28 40 39 33 37 38 34 35 36 48 46 43 47 45 42 44 41 55 53 50 51 56 49 52 54 61 57 63 60 59 58 62 64  1  5  4  7  6  3  2  8 12 13  9 14 11 16 10 15 17 18 21 20 19 24 22 23
 61 63 57 58 62 64 59 60  8  7  1  5  6  2  3  4 16 14 11 15 13 10 12  9 23 21 18 19 24 17 20 22 29 25 31 28 27 26 30 32 33 37 36 39 38 35 34 40 44 45 41 46 43 48 42 47 49 50 53 52 51 56 54 55
 37 39 33 34 38 40 35 36 48 47 41 45 46 42 43 44 56 54 51 55 53 50 52 49 63 61 58 59 64 57 60 62  5  1  7  4  3  2  6  8  9 13 12 15 14 11 10 16 20 21 17 22 19 24 18 23 25 26 29 28 27 32 30 31
 45 47 41 42 46 48 43 44 56 55 49 53 54 50 51 52 64 62 59 63 61 58 60 57  7  5  2  3  8  1  4  6 13  9 15 12 11 10 14 16 17 21 20 23 22 19 18 24 28 29 25 30 27 32 26 31 33 34 37 36 35 40 38 39
 13 15  9 10 14 16 11 12 24 23 17 21 22 18 19 20 32 30 27 31 29 26 28 25 39 37 34 35 40 33 36 38 45 41 47 44 43 42 46 48 49 53 52 55 54 51 50 56 60 61 57 62 59 64 58 63  1  2  5  4  3  8  6  7
 53 55 49 50 54 56 51 52 64 63 57 61 62 58 59 60  8  6  3  7  5  2  4  1 15 13 10 11 16  9 12 14 21 17 23 20 19 18 22 24 25 29 28 31 30 27 26 32 36 37 33 38 35 40 34 39 41 42 45 44 43 48 46 47
