 35 37 34 38 40 33 36 39 48 44 47 43 42 46 41 45 50 52 54 49 55 53 51 56 59 63 58 57 62 61 60 64  2  5  8  3  1  6  4  7 12 10  9 13 16 14 11 15 19 18 24 20 22 21 17 23 28 30 27 29 31 25 32 26
 19 21 18 22 24 17 20 23 32 28 31 27 26 30 25 29 34 36 38 33 39 37 35 40 43 47 42 41 46 45 44 48 50 53 56 51 49 54 52 55 60 58 57 61 64 62 59 63  3  2  8  4  6  5  1  7 12 14 11 13 15  9 16 10
  3  5  2  6  8  1  4  7 16 12 15 11 10 14  9 13 18 20 22 17 23 21 19 24 27 31 26 25 30 29 28 32 34 37 40 35 33 38 36 39 44 42 41 45 48 46 43 47 51 50 56 52 54 53 49 55 60 62 59 61 63 57 64 58
 43 45 42 46 48 41 44 47 56 52 55 51 50 54 49 53 58 60 62 57 63 61 59 64  3  7  2  1  6  5  4  8 10 13 16 11  9 14 12 15 20 18 17 21 24 22 19 23 27 26 32 28 30 29 25 31 36 38 35 37 39 33 40 34
 27 29 26 30 32 25 28 31 40 36 39 35 34 38 33 37 42 44 46 41 47 45 43 48 51 55 50 49 54 53 52 56 58 61 64 59 57 62 60 63  4  2  1  5  8  6  3  7 11 10 16 12 14 13  9 15 20 22 19 21 23 17 24 18
 59 61 58 62 64 57 60 63  8  4  7  3  2  6  1  5 10 12 14  9 15 13 11 16 19 23 18 17 22 21 20 24 26 29 32 27 25 30 28 31 36 34 33 37 40 38 35 39 43 42 48 44 46 45 41 47 52 54 51 53 55 49 56 50
 11 13 10 14 16  9 12 15 24 20 23 19 18 22 17 21 26 28 30 25 31 29 27 32 35 39 34 33 38 37 36 40 42 45 48 43 41 46 44 47 52 50 49 53 56 54 51 55 59 58 64 60 62 61 57 63  4  6  3  5  7  1  8  2
 51 53 50 54 56 49 52 55 64 60 63 59 58 62 57 61  2  4  6  1  7  5  3  8 11 15 10  9 14 13 12 16 18 21 24 19 17 22 20 23 28 26 25 29 32 30 27 31 35 34 40 36 38 37 33 39 44 46 43 45 47 41 48 42
 36 38 35 39 33 34 37 40 41 45 48 44 43 47 42 46 51 53 55 50 56 54 52 49 60 64 59 58 63 62 61 57  3  6  1  4  2  7  5  8 13 11 10 14  9 15 12 16 20 19 17 21 23 22 18 24 29 31 28 30 32 26 25 27
 12 14 11 15  9 10 13 16 17 21 24 20 19 23 18 22 27 29 31 26 32 30 28 25 36 40 35 34 39 38 37 33 43 46 41 44 42 47 45 48 53 51 50 54 49 55 52 56 60 59 57 61 63 62 58 64  5  7  4  6  8  2  1  3
 20 22 19 23 17 18 21 24 25 29 32 28 27 31 26 30 35 37 39 34 40 38 36 33 44 48 43 42 47 46 45 41 51 54 49 52 50 55 53 56 61 59 58 62 57 63 60 64  4  3  1  5  7  6  2  8 13 15 12 14 16 10  9 11
 52 54 51 55 49 50 53 56 57 61 64 60 59 63 58 62  3  5  7  2  8  6  4  1 12 16 11 10 15 14 13  9 19 22 17 20 18 23 21 24 29 27 26 30 25 31 28 32 36 35 33 37 39 38 34 40 45 47 44 46 48 42 41 43
 44 46 43 47 41 42 45 48 49 53 56 52 51 55 50 54 59 61 63 58 64 62 60 57  4  8  3  2  7  6  5  1 11 14  9 12 10 15 13 16 21 19 18 22 17 23 20 24 28 27 25 29 31 30 26 32 37 39 36 38 40 34 33 35
  4  6  3  7  1  2  5  8  9 13 16 12 11 15 10 14 19 21 23 18 24 22 20 17 28 32 27 26 31 30 29 25 35 38 33 36 34 39 37 40 45 43 42 46 41 47 44 48 52 51 49 53 55 54 50 56 61 63 60 62 64 58 57 59
 60 62 59 63 57 58 61 64  1  5  8  4  3  7  2  6 11 13 15 10 16 14 12  9 20 24 19 18 23 22 21 17 27 30 25 28 26 31 29 32 37 35 34 38 33 39 36 40 44 43 41 45 47 46 42 48 53 55 52 54 56 50 49 51
 28 30 27 31 25 26 29 32 33 37 40 36 35 39 34 38 43 45 47 42 48 46 44 41 52 56 51 50 55 54 53 49 59 62 57 60 58 63 61 64  5  3  2  6  1  7  4  8 12 11  9 13 15 14 10 16 21 23 20 22 24 18 17 19
 45 47 44 48 42 43 46 41 50 54 49 53 52 56 51 55 60 62 64 59 57 63 61 58  5  1  4  3  8  7  6  2 12 15 10 13 11 16 14  9 22 20 19 23 18 24 21 17 29 28 26 30 32 31 27 25 38 40 37 39 33 35 34 36
 37 39 36 40 34 35 38 33 42 46 41 45 44 48 43 47 52 54 56 51 49 55 53 50 61 57 60 59 64 63 62 58  4  7  2  5  3  8  6  1 14 12 11 15 10 16 13  9 21 20 18 22 24 23 19 17 30 32 29 31 25 27 26 28
 13 15 12 16 10 11 14  9 18 22 17 21 20 24 19 23 28 30 32 27 25 31 29 26 37 33 36 35 40 39 38 34 44 47 42 45 43 48 46 41 54 52 51 55 50 56 53 49 61 60 58 62 64 63 59 57  6  8  5  7  1  3  2  4
  5  7  4  8  2  3  6  1 10 14  9 13 12 16 11 15 20 22 24 19 17 23 21 18 29 25 28 27 32 31 30 26 36 39 34 37 35 40 38 33 46 44 43 47 42 48 45 41 53 52 50 54 56 55 51 49 62 64 61 63 57 59 58 60
 29 31 28 32 26 27 30 25 34 38 33 37 36 40 35 39 44 46 48 43 41 47 45 42 53 49 52 51 56 55 54 50 60 63 58 61 59 64 62 57  6  4  3  7  2  8  5  1 13 12 10 14 16 15 11  9 22 24 21 23 17 19 18 20
 61 63 60 64 58 59 62 57  2  6  1  5  4  8  3  7 12 14 16 11  9 15 13 10 21 17 20 19 24 23 22 18 28 31 26 29 27 32 30 25 38 36 35 39 34 40 37 33 45 44 42 46 48 47 43 41 54 56 53 55 49 51 50 52
 21 23 20 24 18 19 22 17 26 30 25 29 28 32 27 31 36 38 40 35 33 39 37 34 45 41 44 43 48 47 46 42 52 55 50 53 51 56 54 49 62 60 59 63 58 64 61 57  5  4  2  6  8  7  3  1 14 16 13 15  9 11 10 12
 53 55 52 56 50 51 54 49 58 62 57 61 60 64 59 63  4  6  8  3  1  7  5  2 13  9 12 11 16 15 14 10 20 23 18 21 19 24 22 17 30 28 27 31 26 32 29 25 37 36 34 38 40 39 35 33 46 48 45 47 41 43 42 44
 46 48 45 41 43 44 47 42 51 55 50 54 53 49 52 56 61 63 57 60 58 64 62 59  6  2  5  4  1  8  7  3 13 16 11 14 12  9 15 10 23 21 20 24 19 17 22 18 30 29 27 31 25 32 28 26 39 33 38 40 34 36 35 37
 62 64 61 57 59 60 63 58  3  7  2  6  5  1  4  8 13 15  9 12 10 16 14 11 22 18 21 20 17 24 23 19 29 32 27 30 28 25 31 26 39 37 36 40 35 33 38 34 46 45 43 47 41 48 44 42 55 49 54 56 50 52 51 53
 30 32 29 25 27 28 31 26 35 39 34 38 37 33 36 40 45 47 41 44 42 48 46 43 54 50 53 52 49 56 55 51 61 64 59 62 60 57 63 58  7  5  4  8  3  1  6  2 14 13 11 15  9 16 12 10 23 17 22 24 18 20 19 21
 14 16 13  9 11 12 15 10 19 23 18 22 21 17 20 24 29 31 25 28 26 32 30 27 38 34 37 36 33 40 39 35 45 48 43 46 44 41 47 42 55 53 52 56 51 49 54 50 62 61 59 63 57 64 60 58  7  1  6  8  2  4  3  5
 22 24 21 17 19 20 23 18 27 31 26 30 29 25 28 32 37 39 33 36 34 40 38 35 46 42 45 44 41 48 47 43 53 56 51 54 52 49 55 50 63 61 60 64 59 57 62 58  6  5  3  7  1  8  4  2 15  9 14 16 10 12 11 13
 38 40 37 33 35 36 39 34 43 47 42 46 45 41 44 48 53 55 49 52 50 56 54 51 62 58 61 60 57 64 63 59  5  8  3  6  4  1  7  2 15 13 12 16 11  9 14 10 22 21 19 23 17 24 20 18 31 25 30 32 26 28 27 29
  6  8  5  1  3  4  7  2 11 15 10 14 13  9 12 16 21 23 17 20 18 24 22 19 30 26 29 28 25 32 31 27 37 40 35 38 36 33 39 34 47 45 44 48 43 41 46 42 54 53 51 55 49 56 52 50 63 57 62 64 58 60 59 61
 54 56 53 49 51 52 55 50 59 63 58 62 61 57 60 64  5  7  1  4  2  8  6  3 14 10 13 12  9 16 15 11 21 24 19 22 20 17 23 18 31 29 28 32 27 25 30 26 38 37 35 39 33 40 36 34 47 41 46 48 42 44 43 45
 39 33 38 34 36 37 40 35 44 48 43 47 46 42 45 41 54 56 50 53 51 49 55 52 63 59 62 61 58 57 64 60  6  1  4  7  5  2  8  3 16 14 13  9 12 10 15 11 23 22 20 24 18 17 21 19 32 26 31 25 27 29 28 30
 23 17 22 18 20 21 24 19 28 32 27 31 30 26 29 25 38 40 34 37 35 33 39 36 47 43 46 45 42 41 48 44 54 49 52 55 53 50 56 51 64 62 61 57 60 58 63 59  7  6  4  8  2  1  5  3 16 10 15  9 11 13 12 14
 15  9 14 10 12 13 16 11 20 24 19 23 22 18 21 17 30 32 26 29 27 25 31 28 39 35 38 37 34 33 40 36 46 41 44 47 45 42 48 43 56 54 53 49 52 50 55 51 63 62 60 64 58 57 61 59  8  2  7  1  3  5  4  6
 55 49 54 50 52 53 56 51 60 64 59 63 62 58 61 57  6  8  2  5  3  1  7  4 15 11 14 13 10  9 16 12 22 17 20 23 21 18 24 19 32 30 29 25 28 26 31 27 39 38 36 40 34 33 37 35 48 42 47 41 43 45 44 46
 47 41 46 42 44 45 48 43 52 56 51 55 54 50 53 49 62 64 58 61 59 57 63 60  7  3  6  5  2  1  8  4 14  9 12 15 13 10 16 11 24 22 21 17 20 18 23 19 31 30 28 32 26 25 29 27 40 34 39 33 35 37 36 38
  7  1  6  2  4  5  8  3 12 16 11 15 14 10 13  9 22 24 18 21 19 17 23 20 31 27 30 29 26 25 32 28 38 33 36 39 37 34 40 35 48 46 45 41 44 42 47 43 55 54 52 56 50 49 53 51 64 58 63 57 59 61 60 62
 63 57 62 58 60 61 64 59  4  8  3  7  6  2  5  1 14 16 10 13 11  9 15 12 23 19 22 21 18 17 24 20 30 25 28 31 29 26 32 27 40 38 37 33 36 34 39 35 47 46 44 48 42 41 45 43 56 50 55 49 51 53 52 54
 31 25 30 26 28 29 32 27 36 40 35 39 38 34 37 33 46 48 42 45 43 41 47 44 55 51 54 53 50 49 56 52 62 57 60 63 61 58 64 59  8  6  5  1  4  2  7  3 15 14 12 16 10  9 13 11 24 18 23 17 19 21 20 22
 24 18 23 19 21 22 17 20 29 25 28 32 31 27 30 26 39 33 35 38 36 34 40 37 48 44 47 46 43 42 41 45 55 50 53 56 54 51 49 52 57 63 62 58 61 59 64 60  8  7  5  1  3  2  6  4  9 11 16 10 12 14 13 15
  8  2  7  3  5  6  1  4 13  9 12 16 15 11 14 10 23 17 19 22 20 18 24 21 32 28 31 30 27 26 25 29 39 34 37 40 38 35 33 36 41 47 46 42 45 43 48 44 56 55 53 49 51 50 54 52 57 59 64 58 60 62 61 63
 32 26 31 27 29 30 25 28 37 33 36 40 39 35 38 34 47 41 43 46 44 42 48 45 56 52 55 54 51 50 49 53 63 58 61 64 62 59 57 60  1  7  6  2  5  3  8  4 16 15 13  9 11 10 14 12 17 19 24 18 20 22 21 23
 56 50 55 51 53 54 49 52 61 57 60 64 63 59 62 58  7  1  3  6  4  2  8  5 16 12 15 14 11 10  9 13 23 18 21 24 22 19 17 20 25 31 30 26 29 27 32 28 40 39 37 33 35 34 38 36 41 43 48 42 44 46 45 47
 40 34 39 35 37 38 33 36 45 41 44 48 47 43 46 42 55 49 51 54 52 50 56 53 64 60 63 62 59 58 57 61  7  2  5  8  6  3  1  4  9 15 14 10 13 11 16 12 24 23 21 17 19 18 22 20 25 27 32 26 28 30 29 31
 16 10 15 11 13 14  9 12 21 17 20 24 23 19 22 18 31 25 27 30 28 26 32 29 40 36 39 38 35 34 33 37 47 42 45 48 46 43 41 44 49 55 54 50 53 51 56 52 64 63 61 57 59 58 62 60  1  3  8  2  4  6  5  7
 48 42 47 43 45 46 41 44 53 49 52 56 55 51 54 50 63 57 59 62 60 58 64 61  8  4  7  6  3  2  1  5 15 10 13 16 14 11  9 12 17 23 22 18 21 19 24 20 32 31 29 25 27 26 30 28 33 35 40 34 36 38 37 39
 64 58 63 59 61 62 57 60  5  1  4  8  7  3  6  2 15  9 11 14 12 10 16 13 24 20 23 22 19 18 17 21 31 26 29 32 30 27 25 28 33 39 38 34 37 35 40 36 48 47 45 41 43 42 46 44 49 51 56 50 52 54 53 55
  9 11 16 12 14 15 10 13 22 18 21 17 24 20 23 19 32 26 28 31 29 27 25 30 33 37 40 39 36 35 34 38 48 43 46 41 47 44 42 45 50 56 55 51 54 52 49 53 57 64 62 58 60 59 63 61  2  4  1  3  5  7  6  8
 17 19 24 20 22 23 18 21 30 26 29 25 32 28 31 27 40 34 36 39 37 35 33 38 41 45 48 47 44 43 42 46 56 51 54 49 55 52 50 53 58 64 63 59 62 60 57 61  1  8  6  2  4  3  7  5 10 12  9 11 13 15 14 16
 41 43 48 44 46 47 42 45 54 50 53 49 56 52 55 51 64 58 60 63 61 59 57 62  1  5  8  7  4  3  2  6 16 11 14  9 15 12 10 13 18 24 23 19 22 20 17 21 25 32 30 26 28 27 31 29 34 36 33 35 37 39 38 40
  1  3  8  4  6  7  2  5 14 10 13  9 16 12 15 11 24 18 20 23 21 19 17 22 25 29 32 31 28 27 26 30 40 35 38 33 39 36 34 37 42 48 47 43 46 44 41 45 49 56 54 50 52 51 55 53 58 60 57 59 61 63 62 64
 33 35 40 36 38 39 34 37 46 42 45 41 48 44 47 43 56 50 52 55 53 51 49 54 57 61 64 63 60 59 58 62  8  3  6  1  7  4  2  5 10 16 15 11 14 12  9 13 17 24 22 18 20 19 23 21 26 28 25 27 29 31 30 32
 25 27 32 28 30 31 26 29 38 34 37 33 40 36 39 35 48 42 44 47 45 43 41 46 49 53 56 55 52 51 50 54 64 59 62 57 63 60 58 61  2  8  7  3  6  4  1  5  9 16 14 10 12 11 15 13 18 20 17 19 21 23 22 24
 49 51 56 52 54 55 50 53 62 58 61 57 64 60 63 59  8  2  4  7  5  3  1  6  9 13 16 15 12 11 10 14 24 19 22 17 23 20 18 21 26 32 31 27 30 28 25 29 33 40 38 34 36 35 39 37 42 44 41 43 45 47 46 48
 57 59 64 60 62 63 58 61  6  2  5  1  8  4  7  3 16 10 12 15 13 11  9 14 17 21 24 23 20 19 18 22 32 27 30 25 31 28 26 29 34 40 39 35 38 36 33 37 41 48 46 42 44 43 47 45 50 52 49 51 53 55 54 56
 34 36 33 37 39 40 35 38 47 43 46 42 41 45 48 44 49 51 53 56 54 52 50 55 58 62 57 64 61 60 59 63  1  4  7  2  8  5  3  6 11  9 16 12 15 13 10 14 18 17 23 19 21 20 24 22 27 29 26 28 30 32 31 25
 10 12  9 13 15 16 11 14 23 19 22 18 17 21 24 20 25 27 29 32 30 28 26 31 34 38 33 40 37 36 35 39 41 44 47 42 48 45 43 46 51 49 56 52 55 53 50 54 58 57 63 59 61 60 64 62  3  5  2  4  6  8  7  1
 42 44 41 45 47 48 43 46 55 51 54 50 49 53 56 52 57 59 61 64 62 60 58 63  2  6  1  8  5  4  3  7  9 12 15 10 16 13 11 14 19 17 24 20 23 21 18 22 26 25 31 27 29 28 32 30 35 37 34 36 38 40 39 33
 50 52 49 53 55 56 51 54 63 59 62 58 57 61 64 60  1  3  5  8  6  4  2  7 10 14  9 16 13 12 11 15 17 20 23 18 24 21 19 22 27 25 32 28 31 29 26 30 34 33 39 35 37 36 40 38 43 45 42 44 46 48 47 41
 26 28 25 29 31 32 27 30 39 35 38 34 33 37 40 36 41 43 45 48 46 44 42 47 50 54 49 56 53 52 51 55 57 60 63 58 64 61 59 62  3  1  8  4  7  5  2  6 10  9 15 11 13 12 16 14 19 21 18 20 22 24 23 17
  2  4  1  5  7  8  3  6 15 11 14 10  9 13 16 12 17 19 21 24 22 20 18 23 26 30 25 32 29 28 27 31 33 36 39 34 40 37 35 38 43 41 48 44 47 45 42 46 50 49 55 51 53 52 56 54 59 61 58 60 62 64 63 57
 58 60 57 61 63 64 59 62  7  3  6  2  1  5  8  4  9 11 13 16 14 12 10 15 18 22 17 24 21 20 19 23 25 28 31 26 32 29 27 30 35 33 40 36 39 37 34 38 42 41 47 43 45 44 48 46 51 53 50 52 54 56 55 49
 18 20 17 21 23 24 19 22 31 27 30 26 25 29 32 28 33 35 37 40 38 36 34 39 42 46 41 48 45 44 43 47 49 52 55 50 56 53 51 54 59 57 64 60 63 61 58 62  2  1  7  3  5  4  8  6 11 13 10 12 14 16 15  9
