 12 13 11 15 16  9 14 10 20 19 18 22 17 21 23 24 26 25 27 32 28 30 31 29 34 40 37 39 38 33 35 36 46 45 43 48 47 44 41 42 53 50 52 55 56 54 51 49 60 58 57 62 61 64 59 63  1  7  8  5  4  6  2  3
 44 45 43 47 48 41 46 42 52 51 50 54 49 53 55 56 58 57 59 64 60 62 63 61  2  8  5  7  6  1  3  4 14 13 11 16 15 12  9 10 21 18 20 23 24 22 19 17 28 26 25 30 29 32 27 31 33 39 40 37 36 38 34 35
 52 53 51 55 56 49 54 50 60 59 58 62 57 61 63 64  2  1  3  8  4  6  7  5 10 16 13 15 14  9 11 12 22 21 19 24 23 20 17 18 29 26 28 31 32 30 27 25 36 34 33 38 37 40 35 39 41 47 48 45 44 46 42 43
  4  5  3  7  8  1  6  2 12 11 10 14  9 13 15 16 18 17 19 24 20 22 23 21 26 32 29 31 30 25 27 28 38 37 35 40 39 36 33 34 45 42 44 47 48 46 43 41 52 50 49 54 53 56 51 55 57 63 64 61 60 62 58 59
 20 21 19 23 24 17 22 18 28 27 26 30 25 29 31 32 34 33 35 40 36 38 39 37 42 48 45 47 46 41 43 44 54 53 51 56 55 52 49 50 61 58 60 63 64 62 59 57  4  2  1  6  5  8  3  7  9 15 16 13 12 14 10 11
 60 61 59 63 64 57 62 58  4  3  2  6  1  5  7  8 10  9 11 16 12 14 15 13 18 24 21 23 22 17 19 20 30 29 27 32 31 28 25 26 37 34 36 39 40 38 35 33 44 42 41 46 45 48 43 47 49 55 56 53 52 54 50 51
 28 29 27 31 32 25 30 26 36 35 34 38 33 37 39 40 42 41 43 48 44 46 47 45 50 56 53 55 54 49 51 52 62 61 59 64 63 60 57 58  5  2  4  7  8  6  3  1 12 10  9 14 13 16 11 15 17 23 24 21 20 22 18 19
 36 37 35 39 40 33 38 34 44 43 42 46 41 45 47 48 50 49 51 56 52 54 55 53 58 64 61 63 62 57 59 60  6  5  3  8  7  4  1  2 13 10 12 15 16 14 11  9 20 18 17 22 21 24 19 23 25 31 32 29 28 30 26 27
 45 46 44 48 41 42 47 43 53 52 51 55 50 54 56 49 59 58 60 57 61 63 64 62  3  1  6  8  7  2  4  5 15 14 12  9 16 13 10 11 22 19 21 24 17 23 20 18 29 27 26 31 30 25 28 32 34 40 33 38 37 39 35 36
 29 30 28 32 25 26 31 27 37 36 35 39 34 38 40 33 43 42 44 41 45 47 48 46 51 49 54 56 55 50 52 53 63 62 60 57 64 61 58 59  6  3  5  8  1  7  4  2 13 11 10 15 14  9 12 16 18 24 17 22 21 23 19 20
 61 62 60 64 57 58 63 59  5  4  3  7  2  6  8  1 11 10 12  9 13 15 16 14 19 17 22 24 23 18 20 21 31 30 28 25 32 29 26 27 38 35 37 40 33 39 36 34 45 43 42 47 46 41 44 48 50 56 49 54 53 55 51 52
 13 14 12 16  9 10 15 11 21 20 19 23 18 22 24 17 27 26 28 25 29 31 32 30 35 33 38 40 39 34 36 37 47 46 44 41 48 45 42 43 54 51 53 56 49 55 52 50 61 59 58 63 62 57 60 64  2  8  1  6  5  7  3  4
 53 54 52 56 49 50 55 51 61 60 59 63 58 62 64 57  3  2  4  1  5  7  8  6 11  9 14 16 15 10 12 13 23 22 20 17 24 21 18 19 30 27 29 32 25 31 28 26 37 35 34 39 38 33 36 40 42 48 41 46 45 47 43 44
  5  6  4  8  1  2  7  3 13 12 11 15 10 14 16  9 19 18 20 17 21 23 24 22 27 25 30 32 31 26 28 29 39 38 36 33 40 37 34 35 46 43 45 48 41 47 44 42 53 51 50 55 54 49 52 56 58 64 57 62 61 63 59 60
 21 22 20 24 17 18 23 19 29 28 27 31 26 30 32 25 35 34 36 33 37 39 40 38 43 41 46 48 47 42 44 45 55 54 52 49 56 53 50 51 62 59 61 64 57 63 60 58  5  3  2  7  6  1  4  8 10 16  9 14 13 15 11 12
 37 38 36 40 33 34 39 35 45 44 43 47 42 46 48 41 51 50 52 49 53 55 56 54 59 57 62 64 63 58 60 61  7  6  4  1  8  5  2  3 14 11 13 16  9 15 12 10 21 19 18 23 22 17 20 24 26 32 25 30 29 31 27 28
 30 31 29 25 26 27 32 28 38 37 36 40 35 39 33 34 44 43 45 42 46 48 41 47 52 50 55 49 56 51 53 54 64 63 61 58 57 62 59 60  7  4  6  1  2  8  5  3 14 12 11 16 15 10 13  9 19 17 18 23 22 24 20 21
 14 15 13  9 10 11 16 12 22 21 20 24 19 23 17 18 28 27 29 26 30 32 25 31 36 34 39 33 40 35 37 38 48 47 45 42 41 46 43 44 55 52 54 49 50 56 53 51 62 60 59 64 63 58 61 57  3  1  2  7  6  8  4  5
 54 55 53 49 50 51 56 52 62 61 60 64 59 63 57 58  4  3  5  2  6  8  1  7 12 10 15  9 16 11 13 14 24 23 21 18 17 22 19 20 31 28 30 25 26 32 29 27 38 36 35 40 39 34 37 33 43 41 42 47 46 48 44 45
 38 39 37 33 34 35 40 36 46 45 44 48 43 47 41 42 52 51 53 50 54 56 49 55 60 58 63 57 64 59 61 62  8  7  5  2  1  6  3  4 15 12 14  9 10 16 13 11 22 20 19 24 23 18 21 17 27 25 26 31 30 32 28 29
 46 47 45 41 42 43 48 44 54 53 52 56 51 55 49 50 60 59 61 58 62 64 57 63  4  2  7  1  8  3  5  6 16 15 13 10  9 14 11 12 23 20 22 17 18 24 21 19 30 28 27 32 31 26 29 25 35 33 34 39 38 40 36 37
 62 63 61 57 58 59 64 60  6  5  4  8  3  7  1  2 12 11 13 10 14 16  9 15 20 18 23 17 24 19 21 22 32 31 29 26 25 30 27 28 39 36 38 33 34 40 37 35 46 44 43 48 47 42 45 41 51 49 50 55 54 56 52 53
  6  7  5  1  2  3  8  4 14 13 12 16 11 15  9 10 20 19 21 18 22 24 17 23 28 26 31 25 32 27 29 30 40 39 37 34 33 38 35 36 47 44 46 41 42 48 45 43 54 52 51 56 55 50 53 49 59 57 58 63 62 64 60 61
 22 23 21 17 18 19 24 20 30 29 28 32 27 31 25 26 36 35 37 34 38 40 33 39 44 42 47 41 48 43 45 46 56 55 53 50 49 54 51 52 63 60 62 57 58 64 61 59  6  4  3  8  7  2  5  1 11  9 10 15 14 16 12 13
 55 56 54 50 51 52 49 53 63 62 61 57 60 64 58 59  5  4  6  3  7  1  2  8 13 11 16 10  9 12 14 15 17 24 22 19 18 23 20 21 32 29 31 26 27 25 30 28 39 37 36 33 40 35 38 34 44 42 43 48 47 41 45 46
 47 48 46 42 43 44 41 45 55 54 53 49 52 56 50 51 61 60 62 59 63 57 58 64  5  3  8  2  1  4  6  7  9 16 14 11 10 15 12 13 24 21 23 18 19 17 22 20 31 29 28 25 32 27 30 26 36 34 35 40 39 33 37 38
 63 64 62 58 59 60 57 61  7  6  5  1  4  8  2  3 13 12 14 11 15  9 10 16 21 19 24 18 17 20 22 23 25 32 30 27 26 31 28 29 40 37 39 34 35 33 38 36 47 45 44 41 48 43 46 42 52 50 51 56 55 49 53 54
 23 24 22 18 19 20 17 21 31 30 29 25 28 32 26 27 37 36 38 35 39 33 34 40 45 43 48 42 41 44 46 47 49 56 54 51 50 55 52 53 64 61 63 58 59 57 62 60  7  5  4  1  8  3  6  2 12 10 11 16 15  9 13 14
 15 16 14 10 11 12  9 13 23 22 21 17 20 24 18 19 29 28 30 27 31 25 26 32 37 35 40 34 33 36 38 39 41 48 46 43 42 47 44 45 56 53 55 50 51 49 54 52 63 61 60 57 64 59 62 58  4  2  3  8  7  1  5  6
 31 32 30 26 27 28 25 29 39 38 37 33 36 40 34 35 45 44 46 43 47 41 42 48 53 51 56 50 49 52 54 55 57 64 62 59 58 63 60 61  8  5  7  2  3  1  6  4 15 13 12  9 16 11 14 10 20 18 19 24 23 17 21 22
  7  8  6  2  3  4  1  5 15 14 13  9 12 16 10 11 21 20 22 19 23 17 18 24 29 27 32 26 25 28 30 31 33 40 38 35 34 39 36 37 48 45 47 42 43 41 46 44 55 53 52 49 56 51 54 50 60 58 59 64 63 57 61 62
 39 40 38 34 35 36 33 37 47 46 45 41 44 48 42 43 53 52 54 51 55 49 50 56 61 59 64 58 57 60 62 63  1  8  6  3  2  7  4  5 16 13 15 10 11  9 14 12 23 21 20 17 24 19 22 18 28 26 27 32 31 25 29 30
 32 25 31 27 28 29 26 30 40 39 38 34 37 33 35 36 46 45 47 44 48 42 43 41 54 52 49 51 50 53 55 56 58 57 63 60 59 64 61 62  1  6  8  3  4  2  7  5 16 14 13 10  9 12 15 11 21 19 20 17 24 18 22 23
  8  1  7  3  4  5  2  6 16 15 14 10 13  9 11 12 22 21 23 20 24 18 19 17 30 28 25 27 26 29 31 32 34 33 39 36 35 40 37 38 41 46 48 43 44 42 47 45 56 54 53 50 49 52 55 51 61 59 60 57 64 58 62 63
 40 33 39 35 36 37 34 38 48 47 46 42 45 41 43 44 54 53 55 52 56 50 51 49 62 60 57 59 58 61 63 64  2  1  7  4  3  8  5  6  9 14 16 11 12 10 15 13 24 22 21 18 17 20 23 19 29 27 28 25 32 26 30 31
 56 49 55 51 52 53 50 54 64 63 62 58 61 57 59 60  6  5  7  4  8  2  3  1 14 12  9 11 10 13 15 16 18 17 23 20 19 24 21 22 25 30 32 27 28 26 31 29 40 38 37 34 33 36 39 35 45 43 44 41 48 42 46 47
 64 57 63 59 60 61 58 62  8  7  6  2  5  1  3  4 14 13 15 12 16 10 11  9 22 20 17 19 18 21 23 24 26 25 31 28 27 32 29 30 33 38 40 35 36 34 39 37 48 46 45 42 41 44 47 43 53 51 52 49 56 50 54 55
 24 17 23 19 20 21 18 22 32 31 30 26 29 25 27 28 38 37 39 36 40 34 35 33 46 44 41 43 42 45 47 48 50 49 55 52 51 56 53 54 57 62 64 59 60 58 63 61  8  6  5  2  1  4  7  3 13 11 12  9 16 10 14 15
 48 41 47 43 44 45 42 46 56 55 54 50 53 49 51 52 62 61 63 60 64 58 59 57  6  4  1  3  2  5  7  8 10  9 15 12 11 16 13 14 17 22 24 19 20 18 23 21 32 30 29 26 25 28 31 27 37 35 36 33 40 34 38 39
 16  9 15 11 12 13 10 14 24 23 22 18 21 17 19 20 30 29 31 28 32 26 27 25 38 36 33 35 34 37 39 40 42 41 47 44 43 48 45 46 49 54 56 51 52 50 55 53 64 62 61 58 57 60 63 59  5  3  4  1  8  2  6  7
  9 10 16 12 13 14 11 15 17 24 23 19 22 18 20 21 31 30 32 29 25 27 28 26 39 37 34 36 35 38 40 33 43 42 48 45 44 41 46 47 50 55 49 52 53 51 56 54 57 63 62 59 58 61 64 60  6  4  5  2  1  3  7  8
 25 26 32 28 29 30 27 31 33 40 39 35 38 34 36 37 47 46 48 45 41 43 44 42 55 53 50 52 51 54 56 49 59 58 64 61 60 57 62 63  2  7  1  4  5  3  8  6  9 15 14 11 10 13 16 12 22 20 21 18 17 19 23 24
 49 50 56 52 53 54 51 55 57 64 63 59 62 58 60 61  7  6  8  5  1  3  4  2 15 13 10 12 11 14 16  9 19 18 24 21 20 17 22 23 26 31 25 28 29 27 32 30 33 39 38 35 34 37 40 36 46 44 45 42 41 43 47 48
 33 34 40 36 37 38 35 39 41 48 47 43 46 42 44 45 55 54 56 53 49 51 52 50 63 61 58 60 59 62 64 57  3  2  8  5  4  1  6  7 10 15  9 12 13 11 16 14 17 23 22 19 18 21 24 20 30 28 29 26 25 27 31 32
  1  2  8  4  5  6  3  7  9 16 15 11 14 10 12 13 23 22 24 21 17 19 20 18 31 29 26 28 27 30 32 25 35 34 40 37 36 33 38 39 42 47 41 44 45 43 48 46 49 55 54 51 50 53 56 52 62 60 61 58 57 59 63 64
 57 58 64 60 61 62 59 63  1  8  7  3  6  2  4  5 15 14 16 13  9 11 12 10 23 21 18 20 19 22 24 17 27 26 32 29 28 25 30 31 34 39 33 36 37 35 40 38 41 47 46 43 42 45 48 44 54 52 53 50 49 51 55 56
 41 42 48 44 45 46 43 47 49 56 55 51 54 50 52 53 63 62 64 61 57 59 60 58  7  5  2  4  3  6  8  1 11 10 16 13 12  9 14 15 18 23 17 20 21 19 24 22 25 31 30 27 26 29 32 28 38 36 37 34 33 35 39 40
 17 18 24 20 21 22 19 23 25 32 31 27 30 26 28 29 39 38 40 37 33 35 36 34 47 45 42 44 43 46 48 41 51 50 56 53 52 49 54 55 58 63 57 60 61 59 64 62  1  7  6  3  2  5  8  4 14 12 13 10  9 11 15 16
 58 59 57 61 62 63 60 64  2  1  8  4  7  3  5  6 16 15  9 14 10 12 13 11 24 22 19 21 20 23 17 18 28 27 25 30 29 26 31 32 35 40 34 37 38 36 33 39 42 48 47 44 43 46 41 45 55 53 54 51 50 52 56 49
 34 35 33 37 38 39 36 40 42 41 48 44 47 43 45 46 56 55 49 54 50 52 53 51 64 62 59 61 60 63 57 58  4  3  1  6  5  2  7  8 11 16 10 13 14 12  9 15 18 24 23 20 19 22 17 21 31 29 30 27 26 28 32 25
 18 19 17 21 22 23 20 24 26 25 32 28 31 27 29 30 40 39 33 38 34 36 37 35 48 46 43 45 44 47 41 42 52 51 49 54 53 50 55 56 59 64 58 61 62 60 57 63  2  8  7  4  3  6  1  5 15 13 14 11 10 12 16  9
 26 27 25 29 30 31 28 32 34 33 40 36 39 35 37 38 48 47 41 46 42 44 45 43 56 54 51 53 52 55 49 50 60 59 57 62 61 58 63 64  3  8  2  5  6  4  1  7 10 16 15 12 11 14  9 13 23 21 22 19 18 20 24 17
 10 11  9 13 14 15 12 16 18 17 24 20 23 19 21 22 32 31 25 30 26 28 29 27 40 38 35 37 36 39 33 34 44 43 41 46 45 42 47 48 51 56 50 53 54 52 49 55 58 64 63 60 59 62 57 61  7  5  6  3  2  4  8  1
  2  3  1  5  6  7  4  8 10  9 16 12 15 11 13 14 24 23 17 22 18 20 21 19 32 30 27 29 28 31 25 26 36 35 33 38 37 34 39 40 43 48 42 45 46 44 41 47 50 56 55 52 51 54 49 53 63 61 62 59 58 60 64 57
 50 51 49 53 54 55 52 56 58 57 64 60 63 59 61 62  8  7  1  6  2  4  5  3 16 14 11 13 12 15  9 10 20 19 17 22 21 18 23 24 27 32 26 29 30 28 25 31 34 40 39 36 35 38 33 37 47 45 46 43 42 44 48 41
 42 43 41 45 46 47 44 48 50 49 56 52 55 51 53 54 64 63 57 62 58 60 61 59  8  6  3  5  4  7  1  2 12 11  9 14 13 10 15 16 19 24 18 21 22 20 17 23 26 32 31 28 27 30 25 29 39 37 38 35 34 36 40 33
 51 52 50 54 55 56 53 49 59 58 57 61 64 60 62 63  1  8  2  7  3  5  6  4  9 15 12 14 13 16 10 11 21 20 18 23 22 19 24 17 28 25 27 30 31 29 26 32 35 33 40 37 36 39 34 38 48 46 47 44 43 45 41 42
 27 28 26 30 31 32 29 25 35 34 33 37 40 36 38 39 41 48 42 47 43 45 46 44 49 55 52 54 53 56 50 51 61 60 58 63 62 59 64 57  4  1  3  6  7  5  2  8 11  9 16 13 12 15 10 14 24 22 23 20 19 21 17 18
  3  4  2  6  7  8  5  1 11 10  9 13 16 12 14 15 17 24 18 23 19 21 22 20 25 31 28 30 29 32 26 27 37 36 34 39 38 35 40 33 44 41 43 46 47 45 42 48 51 49 56 53 52 55 50 54 64 62 63 60 59 61 57 58
 43 44 42 46 47 48 45 41 51 50 49 53 56 52 54 55 57 64 58 63 59 61 62 60  1  7  4  6  5  8  2  3 13 12 10 15 14 11 16  9 20 17 19 22 23 21 18 24 27 25 32 29 28 31 26 30 40 38 39 36 35 37 33 34
 35 36 34 38 39 40 37 33 43 42 41 45 48 44 46 47 49 56 50 55 51 53 54 52 57 63 60 62 61 64 58 59  5  4  2  7  6  3  8  1 12  9 11 14 15 13 10 16 19 17 24 21 20 23 18 22 32 30 31 28 27 29 25 26
 59 60 58 62 63 64 61 57  3  2  1  5  8  4  6  7  9 16 10 15 11 13 14 12 17 23 20 22 21 24 18 19 29 28 26 31 30 27 32 25 36 33 35 38 39 37 34 40 43 41 48 45 44 47 42 46 56 54 55 52 51 53 49 50
 11 12 10 14 15 16 13  9 19 18 17 21 24 20 22 23 25 32 26 31 27 29 30 28 33 39 36 38 37 40 34 35 45 44 42 47 46 43 48 41 52 49 51 54 55 53 50 56 59 57 64 61 60 63 58 62  8  6  7  4  3  5  1  2
 19 20 18 22 23 24 21 17 27 26 25 29 32 28 30 31 33 40 34 39 35 37 38 36 41 47 44 46 45 48 42 43 53 52 50 55 54 51 56 49 60 57 59 62 63 61 58 64  3  1  8  5  4  7  2  6 16 14 15 12 11 13  9 10
