 11 20 19 12 15 16 13 17 18 14 26 22 24 23 25 28 29 21 27 30  5  9  2  4  6  7 10  1  3  8
 21 30 29 22 25 26 23 27 28 24  6  2  4  3  5  8  9  1  7 10 15 19 12 14 16 17 20 11 13 18
  1 10  9  2  5  6  3  7  8  4 16 12 14 13 15 18 19 11 17 20 25 29 22 24 26 27 30 21 23 28
 22 21 30 23 26 27 24 28 29 25  7  3  5  4  6  9 10  2  8  1 16 20 13 15 17 18 11 12 14 19
 12 11 20 13 16 17 14 18 19 15 27 23 25 24 26 29 30 22 28 21  6 10  3  5  7  8  1  2  4  9
  2  1 10  3  6  7  4  8  9  5 17 13 15 14 16 19 20 12 18 11 26 30 23 25 27 28 21 22 24 29
 23 22 21 24 27 28 25 29 30 26  8  4  6  5  7 10  1  3  9  2 17 11 14 16 18 19 12 13 15 20
  3  2  1  4  7  8  5  9 10  6 18 14 16 15 17 20 11 13 19 12 27 21 24 26 28 29 22 23 25 30
 13 12 11 14 17 18 15 19 20 16 28 24 26 25 27 30 21 23 29 22  7  1  4  6  8  9  2  3  5 10
  4  3  2  5  8  9  6 10  1  7 19 15 17 16 18 11 12 14 20 13 28 22 25 27 29 30 23 24 26 21
 14 13 12 15 18 19 16 20 11 17 29 25 27 26 28 21 22 24 30 23  8  2  5  7  9 10  3  4  6  1
 24 23 22 25 28 29 26 30 21 27  9  5  7  6  8  1  2  4 10  3 18 12 15 17 19 20 13 14 16 11
 15 14 13 16 19 20 17 11 12 18 30 26 28 27 29 22 23 25 21 24  9  3  6  8 10  1  4  5  7  2
 25 24 23 26 29 30 27 21 22 28 10  6  8  7  9  2  3  5  1  4 19 13 16 18 20 11 14 15 17 12
  5  4  3  6  9 10  7  1  2  8 20 16 18 17 19 12 13 15 11 14 29 23 26 28 30 21 24 25 27 22
 16 15 14 17 20 11 18 12 13 19 21 27 29 28 30 23 24 26 22 25 10  4  7  9  1  2  5  6  8  3
  6  5  4  7 10  1  8  2  3  9 11 17 19 18 20 13 14 16 12 15 30 24 27 29 21 22 25 26 28 23
 26 25 24 27 30 21 28 22 23 29  1  7  9  8 10  3  4  6  2  5 20 14 17 19 11 12 15 16 18 13
  7  6  5  8  1  2  9  3  4 10 12 18 20 19 11 14 15 17 13 16 21 25 28 30 22 23 26 27 29 24
 17 16 15 18 11 12 19 13 14 20 22 28 30 29 21 24 25 27 23 26  1  5  8 10  2  3  6  7  9  4
 27 26 25 28 21 22 29 23 24 30  2  8 10  9  1  4  5  7  3  6 11 15 18 20 12 13 16 17 19 14
 28 27 26 29 22 23 30 24 25 21  3  9  1 10  2  5  6  8  4  7 12 16 19 11 13 14 17 18 20 15
 18 17 16 19 12 13 20 14 15 11 23 29 21 30 22 25 26 28 24 27  2  6  9  1  3  4  7  8 10  5
  8  7  6  9  2  3 10  4  5  1 13 19 11 20 12 15 16 18 14 17 22 26 29 21 23 24 27 28 30 25
 29 28 27 30 23 24 21 25 26 22  4 10  2  1  3  6  7  9  5  8 13 17 20 12 14 15 18 19 11 16
 19 18 17 20 13 14 11 15 16 12 24 30 22 21 23 26 27 29 25 28  3  7 10  2  4  5  8  9  1  6
  9  8  7 10  3  4  1  5  6  2 14 20 12 11 13 16 17 19 15 18 23 27 30 22 24 25 28 29 21 26
 10  9  8  1  4  5  2  6  7  3 15 11 13 12 14 17 18 20 16 19 24 28 21 23 25 26 29 30 22 27
 20 19 18 11 14 15 12 16 17 13 25 21 23 22 24 27 28 30 26 29  4  8  1  3  5  6  9 10  2  7
 30 29 28 21 24 25 22 26 27 23  5  1  3  2  4  7  8 10  6  9 14 18 11 13 15 16 19 20 12 17
