  8  5  7  4  9  6 10  3  2  1 20 18 17 11 14 19 15 13 16 12 27 22 24 30 28 26 21 25 29 23
 18 15 17 14 19 16 20 13 12 11 30 28 27 21 24 29 25 23 26 22  7  2  4 10  8  6  1  5  9  3
 28 25 27 24 29 26 30 23 22 21 10  8  7  1  4  9  5  3  6  2 17 12 14 20 18 16 11 15 19 13
 29 26 28 25 30 27 21 24 23 22  1  9  8  2  5 10  6  4  7  3 18 13 15 11 19 17 12 16 20 14
 19 16 18 15 20 17 11 14 13 12 21 29 28 22 25 30 26 24 27 23  8  3  5  1  9  7  2  6 10  4
  9  6  8  5 10  7  1  4  3  2 11 19 18 12 15 20 16 14 17 13 28 23 25 21 29 27 22 26 30 24
 20 17 19 16 11 18 12 15 14 13 22 30 29 23 26 21 27 25 28 24  9  4  6  2 10  8  3  7  1  5
 30 27 29 26 21 28 22 25 24 23  2 10  9  3  6  1  7  5  8  4 19 14 16 12 20 18 13 17 11 15
 10  7  9  6  1  8  2  5  4  3 12 20 19 13 16 11 17 15 18 14 29 24 26 22 30 28 23 27 21 25
  1  8 10  7  2  9  3  6  5  4 13 11 20 14 17 12 18 16 19 15 30 25 27 23 21 29 24 28 22 26
 21 28 30 27 22 29 23 26 25 24  3  1 10  4  7  2  8  6  9  5 20 15 17 13 11 19 14 18 12 16
 11 18 20 17 12 19 13 16 15 14 23 21 30 24 27 22 28 26 29 25 10  5  7  3  1  9  4  8  2  6
  2  9  1  8  3 10  4  7  6  5 14 12 11 15 18 13 19 17 20 16 21 26 28 24 22 30 25 29 23 27
 12 19 11 18 13 20 14 17 16 15 24 22 21 25 28 23 29 27 30 26  1  6  8  4  2 10  5  9  3  7
 22 29 21 28 23 30 24 27 26 25  4  2  1  5  8  3  9  7 10  6 11 16 18 14 12 20 15 19 13 17
 23 30 22 29 24 21 25 28 27 26  5  3  2  6  9  4 10  8  1  7 12 17 19 15 13 11 16 20 14 18
 13 20 12 19 14 11 15 18 17 16 25 23 22 26 29 24 30 28 21 27  2  7  9  5  3  1  6 10  4  8
  3 10  2  9  4  1  5  8  7  6 15 13 12 16 19 14 20 18 11 17 22 27 29 25 23 21 26 30 24 28
 24 21 23 30 25 22 26 29 28 27  6  4  3  7 10  5  1  9  2  8 13 18 20 16 14 12 17 11 15 19
  4  1  3 10  5  2  6  9  8  7 16 14 13 17 20 15 11 19 12 18 23 28 30 26 24 22 27 21 25 29
 14 11 13 20 15 12 16 19 18 17 26 24 23 27 30 25 21 29 22 28  3  8 10  6  4  2  7  1  5  9
  5  2  4  1  6  3  7 10  9  8 17 15 14 18 11 16 12 20 13 19 24 29 21 27 25 23 28 22 26 30
 25 22 24 21 26 23 27 30 29 28  7  5  4  8  1  6  2 10  3  9 14 19 11 17 15 13 18 12 16 20
 15 12 14 11 16 13 17 20 19 18 27 25 24 28 21 26 22 30 23 29  4  9  1  7  5  3  8  2  6 10
 16 13 15 12 17 14 18 11 20 19 28 26 25 29 22 27 23 21 24 30  5 10  2  8  6  4  9  3  7  1
  6  3  5  2  7  4  8  1 10  9 18 16 15 19 12 17 13 11 14 20 25 30 22 28 26 24 29 23 27 21
 26 23 25 22 27 24 28 21 30 29  8  6  5  9  2  7  3  1  4 10 15 20 12 18 16 14 19 13 17 11
  7  4  6  3  8  5  9  2  1 10 19 17 16 20 13 18 14 12 15 11 26 21 23 29 27 25 30 24 28 22
 27 24 26 23 28 25 29 22 21 30  9  7  6 10  3  8  4  2  5  1 16 11 13 19 17 15 20 14 18 12
 17 14 16 13 18 15 19 12 11 20 29 27 26 30 23 28 24 22 25 21  6  1  3  9  7  5 10  4  8  2
