 19 11 18 10 13  1 16  2  7  4 12  9 17 14  8  6 15  3  5
  9  6 17  7 12  3  5 19  8 13 14 10 16 15 11 18  4  1  2
 17  9  1 12 14 10 18 16 19  7  3  8  6  4  2 11  5 15 13
 11  7 15  6  2  4 17  5  1 18  9 14 12 16 13  3 19 10  8
  4 15 11 13  3 12  1 18  6  8  2 16 10  9 14  5 17  7 19
 13 16  9 15  6  5  3 14 18  2  8 19  7 10  4 17 11 12  1
  6 18 14  4 15  7  9  1 13 11 17  5 19  8 16 10  3  2 12
 12  8  7 14  4 15 10  9 11 19 13  2  3 17  6 16  1  5 18
  8 12 13  5 17  6 15 10 16 14  1  4 11 18 19  2  7  9  3
  7 19 10 18  9 13 14  8  2  6  4 11  5  3 15  1 12 17 16
  5 14  6 19  7 11  2  3 10 16 18 13  4  1 12 15  9  8 17
 14  5  8 17 11  2  6 15  3  1 19  7 18 12 10  4 13 16  9
 16 10 19  9  5 17  4  6 14 15 11 12  1 13  3  8  2 18  7
  3 13  5  8 18  9 12 11 15 10  6  1 14  2 17  7 16 19  4
 10  1 12 16 19  8  7 13  9 17 15  3  2 11  5 14 18  4  6
 18 17 16  2  1 14 11  4  5  3 10  6  9 19  7 12  8 13 15
  1  3  2 11 16 19 13 17  4 12  5 15  8  7 18  9 14  6 10
 15  2  4  3 10 16  8 12 17  9  7 18 13  5  1 19  6 11 14
  2  4  3  1  8 18 19  7 12  5 16 17 15  6  9 13 10 14 11
