  1  6 18 15  7 17 21  5 22 19 12 23 20  8 10  2 11  4 16 13  3  9 14
  8  4 10  6 22 20  2 15 18  5  1 14  7 16 23  3 21 17 19 12 13 11  9
 19 15 22 13 14 23  5  6 17 12  7 10  9 21 20  8 16  3  4 11  2  1 18
  6  2  4 22 20  7 17 10 14  1 19 21  5 12 16 23  3  8 13 18  9 15 11
  7 13 16 19  5  1 23 17  3  4  6  8  2 14 15 10 18  9 12 20 11 22 21
  3  7 13  2  9 10 14 22  5 16 20 12 23 11 21  1 17  6  8  4 15 18 19
  5  8  3 12  6 19 13  2 16 23 21 20 10 15 14 22  4  7 11  9 18 17  1
 20 14  2 10 19  8  6  1 11  3  9  5 22 23  4 17 15 13 18 16 12 21  7
 12  1 20  3 13 16  8  9  2 17  4  7 15 22 18 14 10 11  5 19 21  6 23
 16 10  6  8  2  4 22 12 13  9  3 18 14  7 11 21 23  5 17 15  1 19 20
 18 12  5 11  3  6 15 13  1  2  8  9 17 20  7  4 14 21 23 10 19 16 22
 10 16  7 21  8  2 19 23 20 11  5  1 18 17 22 13  6 14  9  3  4 12 15
 13 21 15  9  1 22  7  3 23 14 16  6  4  5 17 11 19 18 10  8 20  2 12
 14 17 21 20  4  9  3 16  7 22 13 11  1  6  5 18 12 19 15 23 10  8  2
  4 20 14 23 12 11  9 21  6 15  2 16 13 18 19  5  8 10 22  1  7  3 17
 23 22 17  7 15 18  1 11 10 13 14 19 21  4  9 20  2 12  3  6  8  5 16
 21  3  1 14 10 15 12  7  9  6 18  4 11 13  8 19 20 16  2 17 22 23  5
 15  5 19  1 18 13  4 20 12 10 11 22  8  9  2 16  7 23  6 21 17 14  3
 11  9 23  5 16  3 20  4 21 18 17  2 19 10 12  7 22 15  1 14  6 13  8
  2 11  9  4 21  5 10 18 15  8 23 17 16 19  3 12 13  1 20 22 14  7  6
 22 23 11 16 17 21 18  8 19 20 10 15 12  3  1  6  9  2 14  7  5  4 13
  9 18 12 17 11 14 16 19  8  7 22  3  6  1 13 15  5 20 21  2 23 10  4
 17 19  8 18 23 12 11 14  4 21 15 13  3  2  6  9  1 22  7  5 16 20 10
