 15  8 23 14 21  1 20 11  3  6 17 12  4 13 22 10  5  9  7 19  2 18 16
  7 11  3  1 12 15 10 16 20  8 19  4  6 21  2 13  9  5 22 14 17 23 18
 18 14 15  9  5  6 21  7 17 19 12 22 10  8 16 11 13  3 20  4 23  1  2
 17 15  7 11 10  4  5 19  2  3 13 18 23  9 21 12 20 22  8  1  6 16 14
 20 18  4 12 11  5  7 10 22 14  1 23 17  6 13  9  2 19  3  8 16 21 15
 14 13 18  2  9 23 19  5 11 16  8  6  7  4 10 20 17 12 15  3 21 22  1
 10 17 14 18  1 20  3 21  5 15 11  8 12 16  9  4 22 13 23  6 19  2  7
  5 20  1 17 14 11 18  6  7 10  2  9 22 23 12  8  4 15 13 16  3 19 21
 13 10  2 23  4 14  9 17 19 20  3  1 18 15  6 21 11 16  5 12  8  7 22
  2  1 13 10 15 18  6 14 21 11  5 19 16  7 20 22  3  4  9 17 12  8 23
  4  3 17 13 16 10 14  2  6 12  7 11  9  1 23 18  8 20 19 21 22 15  5
 12  2 11 20 23 17  1 18 13  7  9  3 15 19  8 16 14  6 21 22  5 10  4
 23 16 10  3 18 12  4  1  9  5 20 14 19 22 11  2 21  8  6  7 15 17 13
  3 22  6 19 13  2  8  9 18  1 14 20  5 12  7 17 15 21 16 23  4 11 10
 11 12  8 15 22 13 23  4 14  9 16  2 21 20  5  6 19  7  1 18 10  3 17
  8 23 22 21 19 16 13 15  1  4 10  7 20  5 18 14 12 11 17  2  9  6  3
  1  5 19  8  2 22 15 13 10 17 18 21 14 11  4  3 16 23 12  9  7 20  6
  9  4 12  5 17 19 11 20 23 21 22 16  3  2 15  7  6 14 18 10  1 13  8
 16  7 20  4  8 21 17 23 15 22  6 10 11  3 14 19 18  1  2  5 13 12  9
  6 19 16  7 20  9 22  3  8 13 21  5  2 10 17 23  1 18 11 15 14  4 12
 22  6 21 16  3  8  2 12  4 23 15 13  1 14 19  5  7 17 10 11 18  9 20
 19 21  9  6  7  3 12 22 16  2  4 17  8 18  1 15 23 10 14 13 20  5 11
 21  9  5 22  6  7 16  8 12 18 23 15 13 17  3  1 10  2  4 20 11 14 19
