 13 17 16  8 20 14  9  4 12 19 10  2  5  7  3 11 15  6 18  1
 16  1 17 12  9 11  8  7 13 15 14 10  2 20 19  5 18  3  6  4
  5 12  7 11 17 13 18 14 15 20 19 16  1  4  9  8  2 10  3  6
 14 10  1 17 16 12  6  8  4  3 15 19  7  2 11  9 13  5 20 18
  9  6  4  7 11 17  5 10 18 16  3 15 13 14  2  1 20 19  8 12
 11  3 15  4 18  9  1 17 10  8 20  5 19  6  7  2 14 13 12 16
 15  2  6  1 19  8 11 13 16 17  5 18  9 12 14 10  7 20  4  3
  4 13  5 19  1 10 15  2 14 12  8 20 17  3 18 16  6  7 11  9
 17  9 14 10  2  3 13 19  5 18 12 11 16  8  4  6  1 15  7 20
  3  4  9 20  8  5 12  6 19 13  7 17 11 16  1 18 10 14 15  2
  7 18 13  5 14 20  2  1  6  9 17 12 15 10  8  3  4 16 19 11
 19  5 11 14  6  1 17 15  2  7 13  3 10 18 20  4 16 12  9  8
 18 20  8  9  5  7  4 12 17  1 16 13  6 15 10 19  3 11  2 14
  6 15  3 13 12  2 14  5  7 10  9  1 18 11 16 20  8  4 17 19
  2  7 19 15  4 16 20  9  1  5 18 14  3 13  6 12 11  8 10 17
  8 11 18  6 13  4  7  3 20  2  1  9 12  5 15 14 19 17 16 10
 10 16 12  3 15  6 19 18  8 14 11  4 20  1  5 17  9  2 13  7
  1 14  2 16  7 19 10 20  3 11  4  6  8  9 12 15 17 18  5 13
 20 19 10 18  3 15 16 11  9  6  2  8  4 17 13  7 12  1 14  5
 12  8 20  2 10 18  3 16 11  4  6  7 14 19 17 13  5  9  1 15
