 14  6 13  5  1  3  8  9  4  2 17 11 20 16  7 15 18 12 10 19
 13  1  8 12 15 17  4  3 18  9  2  6 16 11 20  7  5 14 19 10
 16 14  5 20 11 15  1  8 17 10 18  2 12 13  6  4  7 19  9  3
  2 16  9 11  7 19 12 20 15 14  3 17  6  4  8 13  1 10 18  5
  7 15 20 13  8  6 19  4  9 11 10 18 17  3  5 14 16  2  1 12
 12  7 16 14 19  5 15 13 20  4  9  8  3 18 11  1 10  6 17  2
 19 20 14  1 16 11  3  6  5 17 15 10  2 12 18  8 13  9  4  7
  8  2  7 18  9 12 16 19  1 20 13  3 14 17  4 10 11  5 15  6
  1 12 11  8 18 14  2 10 19  5 16 20 13  6  9 17 15  7  3  4
  9  8 12  6 20 16  5 15 10  1 14  7  4 19 13 11 17  3  2 18
 10 19  6  9 12 20 13  5  8 18  4 14 15  2  1 16  3 11  7 17
 18 10 19 17  6  1 20  7 16  8  5 13 11 15  2  3 14  4 12  9
  3 13 10 19 14  9  7 12  2 15  1  5 18  8 16  6  4 17 11 20
  5  3  2 10 17 18 14 11 12 19 20  4  8  7 15  9  6 13 16  1
  4  5  3 16 10  8  9  1 13 12  7 15 19 14 17  2 20 18  6 11
  6  4 15  3 13 10 17 16 14  7 11 12  5  9 19 18  2  1 20  8
 15 18  1  7  4  2 10 17 11 13  6 16  9  5  3 12 19 20  8 14
 20 11 17 15  5  4 18  2  3  6  8  9  7  1 10 19 12 16 14 13
 11 17  4  2  3 13  6 18  7 16 12 19  1 10 14 20  9  8  5 15
 17  9 18  4  2  7 11 14  6  3 19  1 10 20 12  5  8 15 13 16
