 12 15 16 19  8 10  1 11 13 18  7  9  3  5 17  6 14  2 20  4
 13 17  4  9 14 18 10  1 11 12 16 19  8 20  3  2 15  7  5  6
 19  8 11 15  2 16 18 12  6 20  4 14  9 17 10  1  3 13  7  5
 11  3 20 16  6  5 17  9 12  2 15  4  1 13 14  7 10  8 19 18
  1  2 19 10 16  6  5 14 17 15 18  3 20  9 13  4  8 11 12  7
 18 14 15 17  3  1 11  5 10 16  2 20  4  6  9 13  7 12  8 19
  5  1 12  4  9 13  3 20  7 11 14 16 18 19  6 15  2 17 10  8
 17  6 10 20 19 12 16  8 14  4 11 15  5 18  7  3  9  1 13  2
  9 20 14  3  4  8 13  2 19 10 17  7  6 11 18 16 12  5  1 15
 16 11  2  5 10 14 15  4  3  7 12  6 19  1 20  8 18  9 17 13
  6 12 18  8  1  4 14  3 16  5  9 10 15  7 19 17 13 20  2 11
 15 13  3 18 12  9  8 10  2  6 19 11  7 16  1 20  5  4 14 17
  7 16 17 12 11 19  6 15  9  1 10  5 13  2  8 18 20  3  4 14
  3  7 13 11 18 20 12 16  1  9  6 17  2  8  5 14  4 19 15 10
  8 19  6  2  5 11  4  7 20 14 13 12 16 10 15  9 17 18  3  1
 10  9  1 14 15 17  7 18  4 13  5  8 12  3  2 19  6 16 11 20
 20  5  9 13 17  7 19  6  8  3  1  2 14 15  4 12 11 10 18 16
  2 10  7  1 20 15  9 17 18 19  8 13 11  4 12  5 16 14  6  3
  4 18  8  6  7  3  2 13  5 17 20  1 10 14 16 11 19 15  9 12
 14  4  5  7 13  2 20 19 15  8  3 18 17 12 11 10  1  6 16  9
