  5  9 19 17  4 10  2 13 16 15  3  6  1 20 18 12 14  7 11  8
  6 20  7 14 18 12 11  1  8  3 15  9 13  2 19 16 10 17  4  5
 18 11  8 12  6  4 20  9  3  5  7  2 10  1 16 13 15 19 17 14
 16 17 14 15  7 19  1  2 13 10  6 12  8  3 11 20  9  4  5 18
  8  6 13 19 15 11 14  5  1 12 16  3 17  9 20  2 18 10  7  4
  9  4 20  3 17  7 10 16 18  2 11 13 14 12  8 19  1  5  6 15
  2 16  5  9 19 14  4 12  7 11 17 18  3 13 10  6  8  1 15 20
 17 15  6 18 10  1 13  3 20  8 14  7 12 16  9  4  5  2 19 11
 12  1 17 20  8 18 19 10 15 13  9 16  6  5  3 11  4 14  2  7
  3  5 16  6 14  2  7 11  9  4  1 15 20 17 12 10 13 18  8 19
 11 18  9  7 12 17  6 19  2 20  8  4 15 14 13  5 16  3 10  1
  1 10 15 16 13  5  3  8  4 14 18 17  7  6  2  9 19 11 20 12
 14 19 18  4  9 15 16  6  5  1  2 20 11  8  7  3 17 13 12 10
 10  2 11 13 20  3  8  7 12 17  5  1  9 19  4 18  6 15 14 16
 15 14 12  8 16  9  5 20 17 19 13 11  4 10  1  7  3  6 18  2
  7  3  1 11  2 13 18  4 10  6 12 19  5 15 17 14 20  8 16  9
  4 12  2  5  3  6 17 18 14 16 20 10 19 11 15  8  7  9  1 13
 13  8 10  1 11 20  9 15 19  7  4  5 16 18 14 17  2 12  3  6
 19  7  3  2  5 16 15 14 11  9 10  8 18  4  6  1 12 20 13 17
 20 13  4 10  1  8 12 17  6 18 19 14  2  7  5 15 11 16  9  3
