 11  1 15  6 20  2 19 16 18 17  3  4  7  8  5 13 10  9 14 12
 14  4 13  8  3  7  9 10 12  5  2 11  6 16 18 20  1 19 15 17
 15 18 16 10 17  5 14 13 19 12 11  8  9  3 20  6  4  7  1  2
  1  6  8  2  7 11  3  9 20  4 18 16 15  5 13 12 17 14 19 10
  4 14 19  5  2 20  1 15  9  3 17  6 11 18 10  8 12 13  7 16
 16  8  7 18 12 17 11  6 13 10  4 20  3  9 14  1 19 15  2  5
 13 19 14 20  8 15  5  2  4  9 12 17 10  6  3 11  7  1 16 18
 17 12 10 16  1  3  7 11  6 18  9  2 19  4 15 14  8  5 13 20
  9  2  1 19 11 12 13  7 17  6 20  3  8 15  4 10  5 16 18 14
 20 15  4 14 18  8 10  5  3 16 19  1  2  7  9 17  6 11 12 13
  6 11 12  1 19 13 15 20  7 14  8 18  4 17  2  3 16 10  5  9
  5  9  2  4 16 18 17  3 10  8  1 12 20 14 19 15 13  6 11  7
  3 20  6  9  4  1  2 17 15 13 16 19 12 11  7  5 14 18 10  8
 12 16  5  7 14 10  8 18 11 19  6 13 17 20  1  9 15  2  3  4
  2 17  9  3  6 16  4  8  1 15 14  5 13 10 11  7 18 12 20 19
 19 10 20 11 13 14 18 12  5  7 15  9 16  2 17  4  3  8  6  1
  8  3 11 17  5  6 16 19 14  1 10  7 18 13 12  2  9 20  4 15
  7 13 18 15 10  9 12  4  2 20  5 14  1 19  8 16 11  3 17  6
 18  7  3 12 15  4  6 14  8  2 13 10  5  1 16 19 20 17  9 11
 10  5 17 13  9 19 20  1 16 11  7 15 14 12  6 18  2  4  8  3
