 12  5 19  1  8  7  2 17 14 18  3 10  4 15  6 16 13 11 20  9
  2  8 10  4 14 18 16  6 13  5 17  1  3 12 15 11  9 20  7 19
 14 11 13 12 10 15  9  4 17 16  5  7  8 20  3  2 19  6  1 18
  6 19 11  9  2 12 10 14 20  3  8 13  1  7  5  4 15 18 16 17
  3  4  6  7 19  5 12  1  8 10  2 15 13  9 18 20 16 17 11 14
 20 10  8 17  1 11 19 13  9 12  4 16  2 18  7 14  3  5 15  6
 18 15  2 14  3 20  7  8 19  6 12 11 17 16  1  9  4 10  5 13
  7 17  5 20  4 16  3 18  1 15  9  6 11 10 13 19  8 14  2 12
 13  1 18 16  6  9 15 11  2  4 19 20  5 14  8 17 12  7  3 10
 16  9  3 15 17 13  5 20 11  7 18 14 19  6 10 12  1  2  8  4
 11 18 17  3  5  8 14 19 10 13  7 12 15  2  4  6 20 16  9  1
  4  6 20 10 12 14 17  9 15 11 13  3 18  5  2  1  7  8 19 16
 17 13 14  6 16 19  8 12  4  9 15 18  7  3 20  5 11  1 10  2
  1  7  4 13 18 17  6 15 16 14 11  9 20  8 19 10  2  3 12  5
  8 16  7 18  9  4  1  3  6 19 14  2 10 11 12 13  5 15 17 20
 19  2 12  5 15  1  4 16 18 17 20  8  6 13 11  7 10  9 14  3
  9  3 16 11 13  6 20  5  7  2 10  4 12  1 17 15 14 19 18  8
  5 20  9 19  7  2 11 10 12  8  1 17 14  4 16  3 18 13  6 15
 10 12 15  2 20  3 18  7  5  1 16 19  9 17 14  8  6  4 13 11
 15 14  1  8 11 10 13  2  3 20  6  5 16 19  9 18 17 12  4  7
