 19 18 17  8  3  9 10 13  5 12  6  1 15  2  7 20  4 11 16 14
 11 13 12  6 19  1 15  9 20  4  5 10 17  8  2  3 16 14  7 18
 20  1 16  7 17  8 19  2 11  9  4 14  5  6 10 15 12 18  3 13
 10  2 11  4 12  5 17  3  1 19  9 13 14 18  8 16 15  7 20  6
 15  5  3 14 20  6  1 18  8 16 12  2 10  7  4 19 17 13  9 11
  9 17  1  5 14 18  6 12  3  2 15  7  4 16 13 11 10 20  8 19
  4  7  2 20 10 11  5  8  6 18 19 16 13 12 17 14  9  3 15  1
  6 14 18 15  2  7 11 16 17 13  3  8 19 20 12  9  1  5  4 10
 12  3 13 10 16 15 20  4  7 14 11 17  1  9  6 18 19  8  5  2
  8 16 19  9  4 13 14  7 15 10 20 18 11  3  5  1  6  2 17 12
 17 10  6 19  9 14 18 15 12  7  1  5  3 13 16  2 20  4 11  8
  2  8 14 18 15 19  7 11  9  6 10 12 16  5  1  4  3 17 13 20
 18  6 15 16 13  2  4  5 10  8  7  9 20 11  3 12 14  1 19 17
 14 20  4 13  6 10  2 19 18 11  8 15 12 17  9  5  7 16  1  3
  1 11 20  3 18 16  8  6 19 15  2  4  7 10 14 17 13  9 12  5
  7 12  9 17  1 20  3 10  2  5 18  6  8  4 19 13 11 15 14 16
  3 15 10 12 11 17 13 20  4  1 16 19  9 14 18  8  5  6  2  7
  5 19  8 11  7  4  9 14 16 17 13  3 18  1 20 10  2 12  6 15
 16  4  7  1  5  3 12 17 13 20 14 11  2 19 15  6  8 10 18  9
 13  9  5  2  8 12 16  1 14  3 17 20  6 15 11  7 18 19 10  4
