  9  7 11  2 12 13  1  3 10 17  6 14  5 19  4 16  8 18 20 15
 14  3  7  5 11 16  6 18  9 13  2  8 20 15 10 17  4 12  1 19
 10  8  1 14  5  2 19  7 18 11 16  4  9  3 12 15 13 20  6 17
 12 11 10  3 17  9 16 14 19  6 15 18  8  4  5 20  2  1 13  7
  6  5  9 16 14 18 12 15  3 20 19 13 11 10  1  8 17  7  4  2
  4 19 13  6  3  1  9 11 14  2 12 20 16 17 18  7 15 10  8  5
  1 17  4 20  7  8 13 10 12 15  3 11 18  2 19  6 16  5  9 14
  2 20 19 15  6 10 17  4  1  8  9  5 12  7 11 13 14  3 18 16
 16 15  8 18  4 19  2 20  7  5 17  1 13 14  9  3 11  6 10 12
 13 18 17 12 15 20  8  5  4 16  7 10  6  1 14  2 19  9  3 11
  8 12  2 19 20 14 11  6 17  1 18  7 15 16  3  9 10 13  5  4
 11 10 12 17  9  4 14  1 16 19  8  2  3 18 20  5  6 15  7 13
  3 14 15 11 16 12 20  9  6  7  4 17 19  5 13 10  1  8  2 18
 15  9 14 10 13  5  7  8  2 12 20 19  4  6 16 18  3 17 11  1
 18  6 20  8  2 17 15 12 11 14 10  3  1 13  7 19  5  4 16  9
  7  2 18  9 10  6  5 19 15  4 13 12 17 11  8  1 20 16 14  3
 20 16  3  7  8 11 18 13  5 10  1 15  2 12 17  4  9 14 19  6
 17  1 16 13 19  3  4  2 20  9  5  6  7  8 15 14 18 11 12 10
 19  4  5  1 18 15 10 16 13  3 11  9 14 20  6 12  7  2 17  8
  5 13  6  4  1  7  3 17  8 18 14 16 10  9  2 11 12 19 15 20
