  2 20  9 13 11  6  4  7 14 18 19 16  1 10 12  8 17 15  3  5
  4  6 10  2  7 12 19  5  9 17  1 18 16 15  3 20 11  8 13 14
 14 15  4 17  2  3  8 10  6 11 13  9 19  7 16  1  5 12 18 20
 18  9 14 20  1 16 11  6  2  7 17  4 13  8 19  5  3 10 12 15
  7 12 15  5  4 10 17  9  1 19 14  6 18  3 13  2 16 20  8 11
 11 16  6  7 15  9  2 20 10 12  8  3 14  5 18 17 19 13  1  4
 17  1 11 16 14  5 12 13  3  8  7  2  9 20 10 15 18  4 19  6
  5  8  1 18 20 19  3 14 13  4 10 15 17 12 11  7  9  6 16  2
  3 13 12 19 18  8  1 15  5 16 11 20  4  2  9  6  7 14 10 17
 19 10  3  8 17 13 18 16 15 20  5 12  6 11  4 14  1  2  7  9
 16  2  8  6 19  4  5  1 17  3 20  7 11 14 15 13 10 18  9 12
  9  3 20 15 10 18 14  8 19  2 12 13  7  1 17  4  6 11  5 16
 20 18  7  4 12  2 15 11  8 14  3 19 10 17  5 16 13  9  6  1
 10  5 17 14  6 20 16 18  7 13 15 11 12 19  2  9  8  1  4  3
  6  7 16  9  8 11 20 17 18 15  2  5  3 13  1 12  4 19 14 10
 12  4 18  3 16 14 13 19 20  1  6 17 15  9  7 10  2  5 11  8
 15 19  2 10  3  7  6  4 11  5  9  1  8 16 14 18 12 17 20 13
 13 17 19 11  5  1  7  2 12  9  4 10 20  6  8  3 14 16 15 18
  1 14  5 12 13 15  9  3 16 10 18  8  2  4  6 11 20  7 17 19
  8 11 13  1  9 17 10 12  4  6 16 14  5 18 20 19 15  3  2  7
