  5  6 18 15  9 14 10 19  2  8 16 12  4 13 20 11  3  1 17  7
 11 10  7  9 12  1  3 17 13  6 18 20  2  5  4 14 16 19 15  8
 20 17 11  6 10  3  9 14 12  1  8 15 19  7 13 16  4  2  5 18
 16  4 20 17  5  8 11  6 10 14 13  9 18 12  1 19 15  7  2  3
  2 15 10 19 18  6 12  5  9 16  7  4  3 20  8 17 13 14  1 11
 18  8  4  5 19 11 13 15 17 20  6  3 16  1  2  7 12 10  9 14
  3 13 12 16  4 20  8 18 19  7  1  2 14 11 15  9 17  5 10  6
 12  7 13  2 16 17  1  4 11 18 10 14 15  8  3  5  9  6 19 20
  1  9  8 14  7 13 16  2  3 15 19  5  6 17 18 10 20 11  4 12
 19 14  3  1  2 15  7 20  5  4 17 11 10  9 12  6  8 18 13 16
 17 20 15  7  1  9  6  8 14 19 12 16  5  3 11 13 10  4 18  2
  6 16  1 12 15 10  2 11 18  9  3 19 17 14  7  8  5 13 20  4
 13 12 16  4  6 18 14  3  7 10  5  1 20  2  9 15 11 17  8 19
  4  5 17 13 20 16 19  7 15 12 14 18  8 10  6  3  2  9 11  1
 15  3  9 20 17 12  4 16  1 13 11 10  7 18 19  2 14  8  6  5
  9 18  6 11 13 19 15  1 16  5  2  8 12  4 10 20  7  3 14 17
  8  2  5  3 14  7 20 13  6 11  4 17  9 19 16 18  1 15 12 10
 10  1 14 18  8  4 17  9 20  2 15  7 11  6  5 12 19 16  3 13
 14 19  2 10 11  5 18 12  8  3  9 13  1 16 17  4  6 20  7 15
  7 11 19  8  3  2  5 10  4 17 20  6 13 15 14  1 18 12 16  9
