  6 15  1 16  4 10  2  3 17 18 11 13 20 19  8  5  9 12  7 14
  8  2 18  9 20 12  4 11  7 10 17  1  3  5 14 19 16  6 13 15
 16 18  5 14  1 17 10  6  2 19 12  4  8  7  3  9 13 15 11 20
  7  9  6  3 18 16 13 12  4 15  2 10 17 11  1 20 14  8  5 19
  3  5 19 12  6  8 17  7 13 16 15 18  4 14 11 10 20  1  9  2
 14 13 15 10 11  9 18  5 20  6 19  3 12  2 16  7 17  4  1  8
 10 19 13  4 15  7  1 16  9  8 20 14 18  6 17  2 11  5 12  3
 17  4  8  7 13  5 20 14 11  3 16  6  1  9 12 15  2 19 10 18
 11 12  2 20  3 19 15  8  1 14  9  5 16 10  6 13 18  7 17  4
 20  1 17 11 14  2 19  9  5 12  7  8 13 15 18  4 10  3 16  6
  9  8 16 18 12  3 11 15 10  1  5 20 14 17  7  6 19  2  4 13
  1 10  7  2 16 18 14 20 15 11  4 19  6 13  5 12  3  9  8 17
 12  6 10 17  9 14  3  1 16 20  8 15 19  4  2 11  7 13 18  5
 18  7 11  6 17 13 16  4 14  9 10  2 15 12 19  8  5 20  3  1
 13 16 12  1  2 15  6 17  8  5 14 11  7  3 20 18  4 10 19  9
  4 11  9 19  7 20  5 18  3 17 13 16 10  8 15  1  6 14  2 12
  5  3 14 15 19  1  7  2 12 13  6 17  9 18  4 16  8 11 20 10
  2 17 20  5  8  4 12 13 19  7  3  9 11  1 10 14 15 18  6 16
 19 14  3  8  5 11  9 10  6  4 18 12  2 20 13 17  1 16 15  7
 15 20  4 13 10  6  8 19 18  2  1  7  5 16  9  3 12 17 14 11
