 60 63 62 58 57 59 61 64 68 69 72 71 70 67 65 66 74 78 79 77 80 76 73 75  7  5  2  1  4  3  8  6 15 10 14 12 16  9 11 13 19 17 20 22 23 24 18 21 30 27 29 28 25 32 31 26 40 38 35 36 33 37 34 39 47 41 44 43 46 48 42 45 49 55 50 56 52 53 54 51
 68 71 70 66 65 67 69 72 76 77 80 79 78 75 73 74  2  6  7  5  8  4  1  3 15 13 10  9 12 11 16 14 23 18 22 20 24 17 19 21 27 25 28 30 31 32 26 29 38 35 37 36 33 40 39 34 48 46 43 44 41 45 42 47 55 49 52 51 54 56 50 53 57 63 58 64 60 61 62 59
 36 39 38 34 33 35 37 40 44 45 48 47 46 43 41 42 50 54 55 53 56 52 49 51 63 61 58 57 60 59 64 62 71 66 70 68 72 65 67 69 75 73 76 78 79 80 74 77  6  3  5  4  1  8  7  2 16 14 11 12  9 13 10 15 23 17 20 19 22 24 18 21 25 31 26 32 28 29 30 27
 12 15 14 10  9 11 13 16 20 21 24 23 22 19 17 18 26 30 31 29 32 28 25 27 39 37 34 33 36 35 40 38 47 42 46 44 48 41 43 45 51 49 52 54 55 56 50 53 62 59 61 60 57 64 63 58 72 70 67 68 65 69 66 71 79 73 76 75 78 80 74 77  1  7  2  8  4  5  6  3
 52 55 54 50 49 51 53 56 60 61 64 63 62 59 57 58 66 70 71 69 72 68 65 67 79 77 74 73 76 75 80 78  7  2  6  4  8  1  3  5 11  9 12 14 15 16 10 13 22 19 21 20 17 24 23 18 32 30 27 28 25 29 26 31 39 33 36 35 38 40 34 37 41 47 42 48 44 45 46 43
 76 79 78 74 73 75 77 80  4  5  8  7  6  3  1  2 10 14 15 13 16 12  9 11 23 21 18 17 20 19 24 22 31 26 30 28 32 25 27 29 35 33 36 38 39 40 34 37 46 43 45 44 41 48 47 42 56 54 51 52 49 53 50 55 63 57 60 59 62 64 58 61 65 71 66 72 68 69 70 67
  4  7  6  2  1  3  5  8 12 13 16 15 14 11  9 10 18 22 23 21 24 20 17 19 31 29 26 25 28 27 32 30 39 34 38 36 40 33 35 37 43 41 44 46 47 48 42 45 54 51 53 52 49 56 55 50 64 62 59 60 57 61 58 63 71 65 68 67 70 72 66 69 73 79 74 80 76 77 78 75
 20 23 22 18 17 19 21 24 28 29 32 31 30 27 25 26 34 38 39 37 40 36 33 35 47 45 42 41 44 43 48 46 55 50 54 52 56 49 51 53 59 57 60 62 63 64 58 61 70 67 69 68 65 72 71 66 80 78 75 76 73 77 74 79  7  1  4  3  6  8  2  5  9 15 10 16 12 13 14 11
 44 47 46 42 41 43 45 48 52 53 56 55 54 51 49 50 58 62 63 61 64 60 57 59 71 69 66 65 68 67 72 70 79 74 78 76 80 73 75 77  3  1  4  6  7  8  2  5 14 11 13 12  9 16 15 10 24 22 19 20 17 21 18 23 31 25 28 27 30 32 26 29 33 39 34 40 36 37 38 35
 28 31 30 26 25 27 29 32 36 37 40 39 38 35 33 34 42 46 47 45 48 44 41 43 55 53 50 49 52 51 56 54 63 58 62 60 64 57 59 61 67 65 68 70 71 72 66 69 78 75 77 76 73 80 79 74  8  6  3  4  1  5  2  7 15  9 12 11 14 16 10 13 17 23 18 24 20 21 22 19
 53 56 55 51 50 52 54 49 61 62 57 64 63 60 58 59 67 71 72 70 65 69 66 68 80 78 75 74 77 76 73 79  8  3  7  5  1  2  4  6 12 10 13 15 16  9 11 14 23 20 22 21 18 17 24 19 25 31 28 29 26 30 27 32 40 34 37 36 39 33 35 38 42 48 43 41 45 46 47 44
 13 16 15 11 10 12 14  9 21 22 17 24 23 20 18 19 27 31 32 30 25 29 26 28 40 38 35 34 37 36 33 39 48 43 47 45 41 42 44 46 52 50 53 55 56 49 51 54 63 60 62 61 58 57 64 59 65 71 68 69 66 70 67 72 80 74 77 76 79 73 75 78  2  8  3  1  5  6  7  4
 29 32 31 27 26 28 30 25 37 38 33 40 39 36 34 35 43 47 48 46 41 45 42 44 56 54 51 50 53 52 49 55 64 59 63 61 57 58 60 62 68 66 69 71 72 65 67 70 79 76 78 77 74 73 80 75  1  7  4  5  2  6  3  8 16 10 13 12 15  9 11 14 18 24 19 17 21 22 23 20
 61 64 63 59 58 60 62 57 69 70 65 72 71 68 66 67 75 79 80 78 73 77 74 76  8  6  3  2  5  4  1  7 16 11 15 13  9 10 12 14 20 18 21 23 24 17 19 22 31 28 30 29 26 25 32 27 33 39 36 37 34 38 35 40 48 42 45 44 47 41 43 46 50 56 51 49 53 54 55 52
 77 80 79 75 74 76 78 73  5  6  1  8  7  4  2  3 11 15 16 14  9 13 10 12 24 22 19 18 21 20 17 23 32 27 31 29 25 26 28 30 36 34 37 39 40 33 35 38 47 44 46 45 42 41 48 43 49 55 52 53 50 54 51 56 64 58 61 60 63 57 59 62 66 72 67 65 69 70 71 68
 21 24 23 19 18 20 22 17 29 30 25 32 31 28 26 27 35 39 40 38 33 37 34 36 48 46 43 42 45 44 41 47 56 51 55 53 49 50 52 54 60 58 61 63 64 57 59 62 71 68 70 69 66 65 72 67 73 79 76 77 74 78 75 80  8  2  5  4  7  1  3  6 10 16 11  9 13 14 15 12
  5  8  7  3  2  4  6  1 13 14  9 16 15 12 10 11 19 23 24 22 17 21 18 20 32 30 27 26 29 28 25 31 40 35 39 37 33 34 36 38 44 42 45 47 48 41 43 46 55 52 54 53 50 49 56 51 57 63 60 61 58 62 59 64 72 66 69 68 71 65 67 70 74 80 75 73 77 78 79 76
 69 72 71 67 66 68 70 65 77 78 73 80 79 76 74 75  3  7  8  6  1  5  2  4 16 14 11 10 13 12  9 15 24 19 23 21 17 18 20 22 28 26 29 31 32 25 27 30 39 36 38 37 34 33 40 35 41 47 44 45 42 46 43 48 56 50 53 52 55 49 51 54 58 64 59 57 61 62 63 60
 45 48 47 43 42 44 46 41 53 54 49 56 55 52 50 51 59 63 64 62 57 61 58 60 72 70 67 66 69 68 65 71 80 75 79 77 73 74 76 78  4  2  5  7  8  1  3  6 15 12 14 13 10  9 16 11 17 23 20 21 18 22 19 24 32 26 29 28 31 25 27 30 34 40 35 33 37 38 39 36
 37 40 39 35 34 36 38 33 45 46 41 48 47 44 42 43 51 55 56 54 49 53 50 52 64 62 59 58 61 60 57 63 72 67 71 69 65 66 68 70 76 74 77 79 80 73 75 78  7  4  6  5  2  1  8  3  9 15 12 13 10 14 11 16 24 18 21 20 23 17 19 22 26 32 27 25 29 30 31 28
 38 33 40 36 35 37 39 34 46 47 42 41 48 45 43 44 52 56 49 55 50 54 51 53 57 63 60 59 62 61 58 64 65 68 72 70 66 67 69 71 77 75 78 80 73 74 76 79  8  5  7  6  3  2  1  4 10 16 13 14 11 15 12  9 17 19 22 21 24 18 20 23 27 25 28 26 30 31 32 29
 70 65 72 68 67 69 71 66 78 79 74 73 80 77 75 76  4  8  1  7  2  6  3  5  9 15 12 11 14 13 10 16 17 20 24 22 18 19 21 23 29 27 30 32 25 26 28 31 40 37 39 38 35 34 33 36 42 48 45 46 43 47 44 41 49 51 54 53 56 50 52 55 59 57 60 58 62 63 64 61
 62 57 64 60 59 61 63 58 70 71 66 65 72 69 67 68 76 80 73 79 74 78 75 77  1  7  4  3  6  5  2  8  9 12 16 14 10 11 13 15 21 19 22 24 17 18 20 23 32 29 31 30 27 26 25 28 34 40 37 38 35 39 36 33 41 43 46 45 48 42 44 47 51 49 52 50 54 55 56 53
 22 17 24 20 19 21 23 18 30 31 26 25 32 29 27 28 36 40 33 39 34 38 35 37 41 47 44 43 46 45 42 48 49 52 56 54 50 51 53 55 61 59 62 64 57 58 60 63 72 69 71 70 67 66 65 68 74 80 77 78 75 79 76 73  1  3  6  5  8  2  4  7 11  9 12 10 14 15 16 13
 30 25 32 28 27 29 31 26 38 39 34 33 40 37 35 36 44 48 41 47 42 46 43 45 49 55 52 51 54 53 50 56 57 60 64 62 58 59 61 63 69 67 70 72 65 66 68 71 80 77 79 78 75 74 73 76  2  8  5  6  3  7  4  1  9 11 14 13 16 10 12 15 19 17 20 18 22 23 24 21
 78 73 80 76 75 77 79 74  6  7  2  1  8  5  3  4 12 16  9 15 10 14 11 13 17 23 20 19 22 21 18 24 25 28 32 30 26 27 29 31 37 35 38 40 33 34 36 39 48 45 47 46 43 42 41 44 50 56 53 54 51 55 52 49 57 59 62 61 64 58 60 63 67 65 68 66 70 71 72 69
 46 41 48 44 43 45 47 42 54 55 50 49 56 53 51 52 60 64 57 63 58 62 59 61 65 71 68 67 70 69 66 72 73 76 80 78 74 75 77 79  5  3  6  8  1  2  4  7 16 13 15 14 11 10  9 12 18 24 21 22 19 23 20 17 25 27 30 29 32 26 28 31 35 33 36 34 38 39 40 37
 14  9 16 12 11 13 15 10 22 23 18 17 24 21 19 20 28 32 25 31 26 30 27 29 33 39 36 35 38 37 34 40 41 44 48 46 42 43 45 47 53 51 54 56 49 50 52 55 64 61 63 62 59 58 57 60 66 72 69 70 67 71 68 65 73 75 78 77 80 74 76 79  3  1  4  2  6  7  8  5
 54 49 56 52 51 53 55 50 62 63 58 57 64 61 59 60 68 72 65 71 66 70 67 69 73 79 76 75 78 77 74 80  1  4  8  6  2  3  5  7 13 11 14 16  9 10 12 15 24 21 23 22 19 18 17 20 26 32 29 30 27 31 28 25 33 35 38 37 40 34 36 39 43 41 44 42 46 47 48 45
  6  1  8  4  3  5  7  2 14 15 10  9 16 13 11 12 20 24 17 23 18 22 19 21 25 31 28 27 30 29 26 32 33 36 40 38 34 35 37 39 45 43 46 48 41 42 44 47 56 53 55 54 51 50 49 52 58 64 61 62 59 63 60 57 65 67 70 69 72 66 68 71 75 73 76 74 78 79 80 77
 23 18 17 21 20 22 24 19 31 32 27 26 25 30 28 29 37 33 34 40 35 39 36 38 42 48 45 44 47 46 43 41 50 53 49 55 51 52 54 56 62 60 63 57 58 59 61 64 65 70 72 71 68 67 66 69 75 73 78 79 76 80 77 74  2  4  7  6  1  3  5  8 12 10 13 11 15 16  9 14
 71 66 65 69 68 70 72 67 79 80 75 74 73 78 76 77  5  1  2  8  3  7  4  6 10 16 13 12 15 14 11  9 18 21 17 23 19 20 22 24 30 28 31 25 26 27 29 32 33 38 40 39 36 35 34 37 43 41 46 47 44 48 45 42 50 52 55 54 49 51 53 56 60 58 61 59 63 64 57 62
 15 10  9 13 12 14 16 11 23 24 19 18 17 22 20 21 29 25 26 32 27 31 28 30 34 40 37 36 39 38 35 33 42 45 41 47 43 44 46 48 54 52 55 49 50 51 53 56 57 62 64 63 60 59 58 61 67 65 70 71 68 72 69 66 74 76 79 78 73 75 77 80  4  2  5  3  7  8  1  6
 79 74 73 77 76 78 80 75  7  8  3  2  1  6  4  5 13  9 10 16 11 15 12 14 18 24 21 20 23 22 19 17 26 29 25 31 27 28 30 32 38 36 39 33 34 35 37 40 41 46 48 47 44 43 42 45 51 49 54 55 52 56 53 50 58 60 63 62 57 59 61 64 68 66 69 67 71 72 65 70
 47 42 41 45 44 46 48 43 55 56 51 50 49 54 52 53 61 57 58 64 59 63 60 62 66 72 69 68 71 70 67 65 74 77 73 79 75 76 78 80  6  4  7  1  2  3  5  8  9 14 16 15 12 11 10 13 19 17 22 23 20 24 21 18 26 28 31 30 25 27 29 32 36 34 37 35 39 40 33 38
 55 50 49 53 52 54 56 51 63 64 59 58 57 62 60 61 69 65 66 72 67 71 68 70 74 80 77 76 79 78 75 73  2  5  1  7  3  4  6  8 14 12 15  9 10 11 13 16 17 22 24 23 20 19 18 21 27 25 30 31 28 32 29 26 34 36 39 38 33 35 37 40 44 42 45 43 47 48 41 46
 39 34 33 37 36 38 40 35 47 48 43 42 41 46 44 45 53 49 50 56 51 55 52 54 58 64 61 60 63 62 59 57 66 69 65 71 67 68 70 72 78 76 79 73 74 75 77 80  1  6  8  7  4  3  2  5 11  9 14 15 12 16 13 10 18 20 23 22 17 19 21 24 28 26 29 27 31 32 25 30
 63 58 57 61 60 62 64 59 71 72 67 66 65 70 68 69 77 73 74 80 75 79 76 78  2  8  5  4  7  6  3  1 10 13  9 15 11 12 14 16 22 20 23 17 18 19 21 24 25 30 32 31 28 27 26 29 35 33 38 39 36 40 37 34 42 44 47 46 41 43 45 48 52 50 53 51 55 56 49 54
  7  2  1  5  4  6  8  3 15 16 11 10  9 14 12 13 21 17 18 24 19 23 20 22 26 32 29 28 31 30 27 25 34 37 33 39 35 36 38 40 46 44 47 41 42 43 45 48 49 54 56 55 52 51 50 53 59 57 62 63 60 64 61 58 66 68 71 70 65 67 69 72 76 74 77 75 79 80 73 78
 31 26 25 29 28 30 32 27 39 40 35 34 33 38 36 37 45 41 42 48 43 47 44 46 50 56 53 52 55 54 51 49 58 61 57 63 59 60 62 64 70 68 71 65 66 67 69 72 73 78 80 79 76 75 74 77  3  1  6  7  4  8  5  2 10 12 15 14  9 11 13 16 20 18 21 19 23 24 17 22
  8  3  2  6  5  7  1  4 16  9 12 11 10 15 13 14 22 18 19 17 20 24 21 23 27 25 30 29 32 31 28 26 35 38 34 40 36 37 39 33 47 45 48 42 43 44 46 41 50 55 49 56 53 52 51 54 60 58 63 64 61 57 62 59 67 69 72 71 66 68 70 65 77 75 78 76 80 73 74 79
 64 59 58 62 61 63 57 60 72 65 68 67 66 71 69 70 78 74 75 73 76 80 77 79  3  1  6  5  8  7  4  2 11 14 10 16 12 13 15  9 23 21 24 18 19 20 22 17 26 31 25 32 29 28 27 30 36 34 39 40 37 33 38 35 43 45 48 47 42 44 46 41 53 51 54 52 56 49 50 55
 72 67 66 70 69 71 65 68 80 73 76 75 74 79 77 78  6  2  3  1  4  8  5  7 11  9 14 13 16 15 12 10 19 22 18 24 20 21 23 17 31 29 32 26 27 28 30 25 34 39 33 40 37 36 35 38 44 42 47 48 45 41 46 43 51 53 56 55 50 52 54 49 61 59 62 60 64 57 58 63
 16 11 10 14 13 15  9 12 24 17 20 19 18 23 21 22 30 26 27 25 28 32 29 31 35 33 38 37 40 39 36 34 43 46 42 48 44 45 47 41 55 53 56 50 51 52 54 49 58 63 57 64 61 60 59 62 68 66 71 72 69 65 70 67 75 77 80 79 74 76 78 73  5  3  6  4  8  1  2  7
 32 27 26 30 29 31 25 28 40 33 36 35 34 39 37 38 46 42 43 41 44 48 45 47 51 49 54 53 56 55 52 50 59 62 58 64 60 61 63 57 71 69 72 66 67 68 70 65 74 79 73 80 77 76 75 78  4  2  7  8  5  1  6  3 11 13 16 15 10 12 14  9 21 19 22 20 24 17 18 23
 24 19 18 22 21 23 17 20 32 25 28 27 26 31 29 30 38 34 35 33 36 40 37 39 43 41 46 45 48 47 44 42 51 54 50 56 52 53 55 49 63 61 64 58 59 60 62 57 66 71 65 72 69 68 67 70 76 74 79 80 77 73 78 75  3  5  8  7  2  4  6  1 13 11 14 12 16  9 10 15
 48 43 42 46 45 47 41 44 56 49 52 51 50 55 53 54 62 58 59 57 60 64 61 63 67 65 70 69 72 71 68 66 75 78 74 80 76 77 79 73  7  5  8  2  3  4  6  1 10 15  9 16 13 12 11 14 20 18 23 24 21 17 22 19 27 29 32 31 26 28 30 25 37 35 38 36 40 33 34 39
 40 35 34 38 37 39 33 36 48 41 44 43 42 47 45 46 54 50 51 49 52 56 53 55 59 57 62 61 64 63 60 58 67 70 66 72 68 69 71 65 79 77 80 74 75 76 78 73  2  7  1  8  5  4  3  6 12 10 15 16 13  9 14 11 19 21 24 23 18 20 22 17 29 27 30 28 32 25 26 31
 80 75 74 78 77 79 73 76  8  1  4  3  2  7  5  6 14 10 11  9 12 16 13 15 19 17 22 21 24 23 20 18 27 30 26 32 28 29 31 25 39 37 40 34 35 36 38 33 42 47 41 48 45 44 43 46 52 50 55 56 53 49 54 51 59 61 64 63 58 60 62 57 69 67 70 68 72 65 66 71
 56 51 50 54 53 55 49 52 64 57 60 59 58 63 61 62 70 66 67 65 68 72 69 71 75 73 78 77 80 79 76 74  3  6  2  8  4  5  7  1 15 13 16 10 11 12 14  9 18 23 17 24 21 20 19 22 28 26 31 32 29 25 30 27 35 37 40 39 34 36 38 33 45 43 46 44 48 41 42 47
 25 28 27 31 30 32 26 29 33 34 37 36 35 40 38 39 47 43 44 42 45 41 46 48 52 50 55 54 49 56 53 51 60 63 59 57 61 62 64 58 72 70 65 67 68 69 71 66 75 80 74 73 78 77 76 79  5  3  8  1  6  2  7  4 12 14  9 16 11 13 15 10 22 20 23 21 17 18 19 24
 17 20 19 23 22 24 18 21 25 26 29 28 27 32 30 31 39 35 36 34 37 33 38 40 44 42 47 46 41 48 45 43 52 55 51 49 53 54 56 50 64 62 57 59 60 61 63 58 67 72 66 65 70 69 68 71 77 75 80 73 78 74 79 76  4  6  1  8  3  5  7  2 14 12 15 13  9 10 11 16
 33 36 35 39 38 40 34 37 41 42 45 44 43 48 46 47 55 51 52 50 53 49 54 56 60 58 63 62 57 64 61 59 68 71 67 65 69 70 72 66 80 78 73 75 76 77 79 74  3  8  2  1  6  5  4  7 13 11 16  9 14 10 15 12 20 22 17 24 19 21 23 18 30 28 31 29 25 26 27 32
 73 76 75 79 78 80 74 77  1  2  5  4  3  8  6  7 15 11 12 10 13  9 14 16 20 18 23 22 17 24 21 19 28 31 27 25 29 30 32 26 40 38 33 35 36 37 39 34 43 48 42 41 46 45 44 47 53 51 56 49 54 50 55 52 60 62 57 64 59 61 63 58 70 68 71 69 65 66 67 72
 49 52 51 55 54 56 50 53 57 58 61 60 59 64 62 63 71 67 68 66 69 65 70 72 76 74 79 78 73 80 77 75  4  7  3  1  5  6  8  2 16 14  9 11 12 13 15 10 19 24 18 17 22 21 20 23 29 27 32 25 30 26 31 28 36 38 33 40 35 37 39 34 46 44 47 45 41 42 43 48
  1  4  3  7  6  8  2  5  9 10 13 12 11 16 14 15 23 19 20 18 21 17 22 24 28 26 31 30 25 32 29 27 36 39 35 33 37 38 40 34 48 46 41 43 44 45 47 42 51 56 50 49 54 53 52 55 61 59 64 57 62 58 63 60 68 70 65 72 67 69 71 66 78 76 79 77 73 74 75 80
 41 44 43 47 46 48 42 45 49 50 53 52 51 56 54 55 63 59 60 58 61 57 62 64 68 66 71 70 65 72 69 67 76 79 75 73 77 78 80 74  8  6  1  3  4  5  7  2 11 16 10  9 14 13 12 15 21 19 24 17 22 18 23 20 28 30 25 32 27 29 31 26 38 36 39 37 33 34 35 40
 57 60 59 63 62 64 58 61 65 66 69 68 67 72 70 71 79 75 76 74 77 73 78 80  4  2  7  6  1  8  5  3 12 15 11  9 13 14 16 10 24 22 17 19 20 21 23 18 27 32 26 25 30 29 28 31 37 35 40 33 38 34 39 36 44 46 41 48 43 45 47 42 54 52 55 53 49 50 51 56
 65 68 67 71 70 72 66 69 73 74 77 76 75 80 78 79  7  3  4  2  5  1  6  8 12 10 15 14  9 16 13 11 20 23 19 17 21 22 24 18 32 30 25 27 28 29 31 26 35 40 34 33 38 37 36 39 45 43 48 41 46 42 47 44 52 54 49 56 51 53 55 50 62 60 63 61 57 58 59 64
  9 12 11 15 14 16 10 13 17 18 21 20 19 24 22 23 31 27 28 26 29 25 30 32 36 34 39 38 33 40 37 35 44 47 43 41 45 46 48 42 56 54 49 51 52 53 55 50 59 64 58 57 62 61 60 63 69 67 72 65 70 66 71 68 76 78 73 80 75 77 79 74  6  4  7  5  1  2  3  8
 50 53 52 56 55 49 51 54 58 59 62 61 60 57 63 64 72 68 69 67 70 66 71 65 77 75 80 79 74 73 78 76  5  8  4  2  6  7  1  3  9 15 10 12 13 14 16 11 20 17 19 18 23 22 21 24 30 28 25 26 31 27 32 29 37 39 34 33 36 38 40 35 47 45 48 46 42 43 44 41
 34 37 36 40 39 33 35 38 42 43 46 45 44 41 47 48 56 52 53 51 54 50 55 49 61 59 64 63 58 57 62 60 69 72 68 66 70 71 65 67 73 79 74 76 77 78 80 75  4  1  3  2  7  6  5  8 14 12  9 10 15 11 16 13 21 23 18 17 20 22 24 19 31 29 32 30 26 27 28 25
 42 45 44 48 47 41 43 46 50 51 54 53 52 49 55 56 64 60 61 59 62 58 63 57 69 67 72 71 66 65 70 68 77 80 76 74 78 79 73 75  1  7  2  4  5  6  8  3 12  9 11 10 15 14 13 16 22 20 17 18 23 19 24 21 29 31 26 25 28 30 32 27 39 37 40 38 34 35 36 33
 66 69 68 72 71 65 67 70 74 75 78 77 76 73 79 80  8  4  5  3  6  2  7  1 13 11 16 15 10  9 14 12 21 24 20 18 22 23 17 19 25 31 26 28 29 30 32 27 36 33 35 34 39 38 37 40 46 44 41 42 47 43 48 45 53 55 50 49 52 54 56 51 63 61 64 62 58 59 60 57
 10 13 12 16 15  9 11 14 18 19 22 21 20 17 23 24 32 28 29 27 30 26 31 25 37 35 40 39 34 33 38 36 45 48 44 42 46 47 41 43 49 55 50 52 53 54 56 51 60 57 59 58 63 62 61 64 70 68 65 66 71 67 72 69 77 79 74 73 76 78 80 75  7  5  8  6  2  3  4  1
 58 61 60 64 63 57 59 62 66 67 70 69 68 65 71 72 80 76 77 75 78 74 79 73  5  3  8  7  2  1  6  4 13 16 12 10 14 15  9 11 17 23 18 20 21 22 24 19 28 25 27 26 31 30 29 32 38 36 33 34 39 35 40 37 45 47 42 41 44 46 48 43 55 53 56 54 50 51 52 49
 26 29 28 32 31 25 27 30 34 35 38 37 36 33 39 40 48 44 45 43 46 42 47 41 53 51 56 55 50 49 54 52 61 64 60 58 62 63 57 59 65 71 66 68 69 70 72 67 76 73 75 74 79 78 77 80  6  4  1  2  7  3  8  5 13 15 10  9 12 14 16 11 23 21 24 22 18 19 20 17
 18 21 20 24 23 17 19 22 26 27 30 29 28 25 31 32 40 36 37 35 38 34 39 33 45 43 48 47 42 41 46 44 53 56 52 50 54 55 49 51 57 63 58 60 61 62 64 59 68 65 67 66 71 70 69 72 78 76 73 74 79 75 80 77  5  7  2  1  4  6  8  3 15 13 16 14 10 11 12  9
 74 77 76 80 79 73 75 78  2  3  6  5  4  1  7  8 16 12 13 11 14 10 15  9 21 19 24 23 18 17 22 20 29 32 28 26 30 31 25 27 33 39 34 36 37 38 40 35 44 41 43 42 47 46 45 48 54 52 49 50 55 51 56 53 61 63 58 57 60 62 64 59 71 69 72 70 66 67 68 65
  2  5  4  8  7  1  3  6 10 11 14 13 12  9 15 16 24 20 21 19 22 18 23 17 29 27 32 31 26 25 30 28 37 40 36 34 38 39 33 35 41 47 42 44 45 46 48 43 52 49 51 50 55 54 53 56 62 60 57 58 63 59 64 61 69 71 66 65 68 70 72 67 79 77 80 78 74 75 76 73
 19 22 21 17 24 18 20 23 27 28 31 30 29 26 32 25 33 37 38 36 39 35 40 34 46 44 41 48 43 42 47 45 54 49 53 51 55 56 50 52 58 64 59 61 62 63 57 60 69 66 68 67 72 71 70 65 79 77 74 75 80 76 73 78  6  8  3  2  5  7  1  4 16 14  9 15 11 12 13 10
 35 38 37 33 40 34 36 39 43 44 47 46 45 42 48 41 49 53 54 52 55 51 56 50 62 60 57 64 59 58 63 61 70 65 69 67 71 72 66 68 74 80 75 77 78 79 73 76  5  2  4  3  8  7  6  1 15 13 10 11 16 12  9 14 22 24 19 18 21 23 17 20 32 30 25 31 27 28 29 26
 67 70 69 65 72 66 68 71 75 76 79 78 77 74 80 73  1  5  6  4  7  3  8  2 14 12  9 16 11 10 15 13 22 17 21 19 23 24 18 20 26 32 27 29 30 31 25 28 37 34 36 35 40 39 38 33 47 45 42 43 48 44 41 46 54 56 51 50 53 55 49 52 64 62 57 63 59 60 61 58
 51 54 53 49 56 50 52 55 59 60 63 62 61 58 64 57 65 69 70 68 71 67 72 66 78 76 73 80 75 74 79 77  6  1  5  3  7  8  2  4 10 16 11 13 14 15  9 12 21 18 20 19 24 23 22 17 31 29 26 27 32 28 25 30 38 40 35 34 37 39 33 36 48 46 41 47 43 44 45 42
 43 46 45 41 48 42 44 47 51 52 55 54 53 50 56 49 57 61 62 60 63 59 64 58 70 68 65 72 67 66 71 69 78 73 77 75 79 80 74 76  2  8  3  5  6  7  1  4 13 10 12 11 16 15 14  9 23 21 18 19 24 20 17 22 30 32 27 26 29 31 25 28 40 38 33 39 35 36 37 34
 75 78 77 73 80 74 76 79  3  4  7  6  5  2  8  1  9 13 14 12 15 11 16 10 22 20 17 24 19 18 23 21 30 25 29 27 31 32 26 28 34 40 35 37 38 39 33 36 45 42 44 43 48 47 46 41 55 53 50 51 56 52 49 54 62 64 59 58 61 63 57 60 72 70 65 71 67 68 69 66
 59 62 61 57 64 58 60 63 67 68 71 70 69 66 72 65 73 77 78 76 79 75 80 74  6  4  1  8  3  2  7  5 14  9 13 11 15 16 10 12 18 24 19 21 22 23 17 20 29 26 28 27 32 31 30 25 39 37 34 35 40 36 33 38 46 48 43 42 45 47 41 44 56 54 49 55 51 52 53 50
  3  6  5  1  8  2  4  7 11 12 15 14 13 10 16  9 17 21 22 20 23 19 24 18 30 28 25 32 27 26 31 29 38 33 37 35 39 40 34 36 42 48 43 45 46 47 41 44 53 50 52 51 56 55 54 49 63 61 58 59 64 60 57 62 70 72 67 66 69 71 65 68 80 78 73 79 75 76 77 74
 27 30 29 25 32 26 28 31 35 36 39 38 37 34 40 33 41 45 46 44 47 43 48 42 54 52 49 56 51 50 55 53 62 57 61 59 63 64 58 60 66 72 67 69 70 71 65 68 77 74 76 75 80 79 78 73  7  5  2  3  8  4  1  6 14 16 11 10 13 15  9 12 24 22 17 23 19 20 21 18
 11 14 13  9 16 10 12 15 19 20 23 22 21 18 24 17 25 29 30 28 31 27 32 26 38 36 33 40 35 34 39 37 46 41 45 43 47 48 42 44 50 56 51 53 54 55 49 52 61 58 60 59 64 63 62 57 71 69 66 67 72 68 65 70 78 80 75 74 77 79 73 76  8  6  1  7  3  4  5  2
