 47 42 43 48 45 44 41 46 55 56 54 53 50 49 51 52 62 60 63 64 61 58 59 57 71 66 67 65 70 72 69 68 78 80 75 73 74 77 79 76  6  4  1  5  3  2  8  7 11 14 10 13 16 12  9 15 20 18 24 19 17 21 22 23 32 26 25 31 30 27 28 29 39 40 36 37 34 33 35 38
  7  2  3  8  5  4  1  6 15 16 14 13 10  9 11 12 22 20 23 24 21 18 19 17 31 26 27 25 30 32 29 28 38 40 35 33 34 37 39 36 46 44 41 45 43 42 48 47 51 54 50 53 56 52 49 55 60 58 64 59 57 61 62 63 72 66 65 71 70 67 68 69 79 80 76 77 74 73 75 78
 31 26 27 32 29 28 25 30 39 40 38 37 34 33 35 36 46 44 47 48 45 42 43 41 55 50 51 49 54 56 53 52 62 64 59 57 58 61 63 60 70 68 65 69 67 66 72 71 75 78 74 77 80 76 73 79  4  2  8  3  1  5  6  7 16 10  9 15 14 11 12 13 23 24 20 21 18 17 19 22
 39 34 35 40 37 36 33 38 47 48 46 45 42 41 43 44 54 52 55 56 53 50 51 49 63 58 59 57 62 64 61 60 70 72 67 65 66 69 71 68 78 76 73 77 75 74 80 79  3  6  2  5  8  4  1  7 12 10 16 11  9 13 14 15 24 18 17 23 22 19 20 21 31 32 28 29 26 25 27 30
 79 74 75 80 77 76 73 78  7  8  6  5  2  1  3  4 14 12 15 16 13 10 11  9 23 18 19 17 22 24 21 20 30 32 27 25 26 29 31 28 38 36 33 37 35 34 40 39 43 46 42 45 48 44 41 47 52 50 56 51 49 53 54 55 64 58 57 63 62 59 60 61 71 72 68 69 66 65 67 70
 23 18 19 24 21 20 17 22 31 32 30 29 26 25 27 28 38 36 39 40 37 34 35 33 47 42 43 41 46 48 45 44 54 56 51 49 50 53 55 52 62 60 57 61 59 58 64 63 67 70 66 69 72 68 65 71 76 74 80 75 73 77 78 79  8  2  1  7  6  3  4  5 15 16 12 13 10  9 11 14
 55 50 51 56 53 52 49 54 63 64 62 61 58 57 59 60 70 68 71 72 69 66 67 65 79 74 75 73 78 80 77 76  6  8  3  1  2  5  7  4 14 12  9 13 11 10 16 15 19 22 18 21 24 20 17 23 28 26 32 27 25 29 30 31 40 34 33 39 38 35 36 37 47 48 44 45 42 41 43 46
 63 58 59 64 61 60 57 62 71 72 70 69 66 65 67 68 78 76 79 80 77 74 75 73  7  2  3  1  6  8  5  4 14 16 11  9 10 13 15 12 22 20 17 21 19 18 24 23 27 30 26 29 32 28 25 31 36 34 40 35 33 37 38 39 48 42 41 47 46 43 44 45 55 56 52 53 50 49 51 54
 15 10 11 16 13 12  9 14 23 24 22 21 18 17 19 20 30 28 31 32 29 26 27 25 39 34 35 33 38 40 37 36 46 48 43 41 42 45 47 44 54 52 49 53 51 50 56 55 59 62 58 61 64 60 57 63 68 66 72 67 65 69 70 71 80 74 73 79 78 75 76 77  7  8  4  5  2  1  3  6
 71 66 67 72 69 68 65 70 79 80 78 77 74 73 75 76  6  4  7  8  5  2  3  1 15 10 11  9 14 16 13 12 22 24 19 17 18 21 23 20 30 28 25 29 27 26 32 31 35 38 34 37 40 36 33 39 44 42 48 43 41 45 46 47 56 50 49 55 54 51 52 53 63 64 60 61 58 57 59 62
 48 43 44 41 46 45 42 47 56 49 55 54 51 50 52 53 63 61 64 57 62 59 60 58 72 67 68 66 71 65 70 69 79 73 76 74 75 78 80 77  7  5  2  6  4  3  1  8 12 15 11 14  9 13 10 16 21 19 17 20 18 22 23 24 25 27 26 32 31 28 29 30 40 33 37 38 35 34 36 39
  8  3  4  1  6  5  2  7 16  9 15 14 11 10 12 13 23 21 24 17 22 19 20 18 32 27 28 26 31 25 30 29 39 33 36 34 35 38 40 37 47 45 42 46 44 43 41 48 52 55 51 54 49 53 50 56 61 59 57 60 58 62 63 64 65 67 66 72 71 68 69 70 80 73 77 78 75 74 76 79
 56 51 52 49 54 53 50 55 64 57 63 62 59 58 60 61 71 69 72 65 70 67 68 66 80 75 76 74 79 73 78 77  7  1  4  2  3  6  8  5 15 13 10 14 12 11  9 16 20 23 19 22 17 21 18 24 29 27 25 28 26 30 31 32 33 35 34 40 39 36 37 38 48 41 45 46 43 42 44 47
 32 27 28 25 30 29 26 31 40 33 39 38 35 34 36 37 47 45 48 41 46 43 44 42 56 51 52 50 55 49 54 53 63 57 60 58 59 62 64 61 71 69 66 70 68 67 65 72 76 79 75 78 73 77 74 80  5  3  1  4  2  6  7  8  9 11 10 16 15 12 13 14 24 17 21 22 19 18 20 23
 64 59 60 57 62 61 58 63 72 65 71 70 67 66 68 69 79 77 80 73 78 75 76 74  8  3  4  2  7  1  6  5 15  9 12 10 11 14 16 13 23 21 18 22 20 19 17 24 28 31 27 30 25 29 26 32 37 35 33 36 34 38 39 40 41 43 42 48 47 44 45 46 56 49 53 54 51 50 52 55
 16 11 12  9 14 13 10 15 24 17 23 22 19 18 20 21 31 29 32 25 30 27 28 26 40 35 36 34 39 33 38 37 47 41 44 42 43 46 48 45 55 53 50 54 52 51 49 56 60 63 59 62 57 61 58 64 69 67 65 68 66 70 71 72 73 75 74 80 79 76 77 78  8  1  5  6  3  2  4  7
 72 67 68 65 70 69 66 71 80 73 79 78 75 74 76 77  7  5  8  1  6  3  4  2 16 11 12 10 15  9 14 13 23 17 20 18 19 22 24 21 31 29 26 30 28 27 25 32 36 39 35 38 33 37 34 40 45 43 41 44 42 46 47 48 49 51 50 56 55 52 53 54 64 57 61 62 59 58 60 63
 24 19 20 17 22 21 18 23 32 25 31 30 27 26 28 29 39 37 40 33 38 35 36 34 48 43 44 42 47 41 46 45 55 49 52 50 51 54 56 53 63 61 58 62 60 59 57 64 68 71 67 70 65 69 66 72 77 75 73 76 74 78 79 80  1  3  2  8  7  4  5  6 16  9 13 14 11 10 12 15
 80 75 76 73 78 77 74 79  8  1  7  6  3  2  4  5 15 13 16  9 14 11 12 10 24 19 20 18 23 17 22 21 31 25 28 26 27 30 32 29 39 37 34 38 36 35 33 40 44 47 43 46 41 45 42 48 53 51 49 52 50 54 55 56 57 59 58 64 63 60 61 62 72 65 69 70 67 66 68 71
 40 35 36 33 38 37 34 39 48 41 47 46 43 42 44 45 55 53 56 49 54 51 52 50 64 59 60 58 63 57 62 61 71 65 68 66 67 70 72 69 79 77 74 78 76 75 73 80  4  7  3  6  1  5  2  8 13 11  9 12 10 14 15 16 17 19 18 24 23 20 21 22 32 25 29 30 27 26 28 31
 33 36 37 34 39 38 35 40 41 42 48 47 44 43 45 46 56 54 49 50 55 52 53 51 57 60 61 59 64 58 63 62 72 66 69 67 68 71 65 70 80 78 75 79 77 76 74 73  5  8  4  7  2  6  3  1 14 12 10 13 11 15 16  9 18 20 19 17 24 21 22 23 25 26 30 31 28 27 29 32
  1  4  5  2  7  6  3  8  9 10 16 15 12 11 13 14 24 22 17 18 23 20 21 19 25 28 29 27 32 26 31 30 40 34 37 35 36 39 33 38 48 46 43 47 45 44 42 41 53 56 52 55 50 54 51 49 62 60 58 61 59 63 64 57 66 68 67 65 72 69 70 71 73 74 78 79 76 75 77 80
 25 28 29 26 31 30 27 32 33 34 40 39 36 35 37 38 48 46 41 42 47 44 45 43 49 52 53 51 56 50 55 54 64 58 61 59 60 63 57 62 72 70 67 71 69 68 66 65 77 80 76 79 74 78 75 73  6  4  2  5  3  7  8  1 10 12 11  9 16 13 14 15 17 18 22 23 20 19 21 24
 49 52 53 50 55 54 51 56 57 58 64 63 60 59 61 62 72 70 65 66 71 68 69 67 73 76 77 75 80 74 79 78  8  2  5  3  4  7  1  6 16 14 11 15 13 12 10  9 21 24 20 23 18 22 19 17 30 28 26 29 27 31 32 25 34 36 35 33 40 37 38 39 41 42 46 47 44 43 45 48
 65 68 69 66 71 70 67 72 73 74 80 79 76 75 77 78  8  6  1  2  7  4  5  3  9 12 13 11 16 10 15 14 24 18 21 19 20 23 17 22 32 30 27 31 29 28 26 25 37 40 36 39 34 38 35 33 46 44 42 45 43 47 48 41 50 52 51 49 56 53 54 55 57 58 62 63 60 59 61 64
 57 60 61 58 63 62 59 64 65 66 72 71 68 67 69 70 80 78 73 74 79 76 77 75  1  4  5  3  8  2  7  6 16 10 13 11 12 15  9 14 24 22 19 23 21 20 18 17 29 32 28 31 26 30 27 25 38 36 34 37 35 39 40 33 42 44 43 41 48 45 46 47 49 50 54 55 52 51 53 56
 17 20 21 18 23 22 19 24 25 26 32 31 28 27 29 30 40 38 33 34 39 36 37 35 41 44 45 43 48 42 47 46 56 50 53 51 52 55 49 54 64 62 59 63 61 60 58 57 69 72 68 71 66 70 67 65 78 76 74 77 75 79 80 73  2  4  3  1  8  5  6  7  9 10 14 15 12 11 13 16
 41 44 45 42 47 46 43 48 49 50 56 55 52 51 53 54 64 62 57 58 63 60 61 59 65 68 69 67 72 66 71 70 80 74 77 75 76 79 73 78  8  6  3  7  5  4  2  1 13 16 12 15 10 14 11  9 22 20 18 21 19 23 24 17 26 28 27 25 32 29 30 31 33 34 38 39 36 35 37 40
 73 76 77 74 79 78 75 80  1  2  8  7  4  3  5  6 16 14  9 10 15 12 13 11 17 20 21 19 24 18 23 22 32 26 29 27 28 31 25 30 40 38 35 39 37 36 34 33 45 48 44 47 42 46 43 41 54 52 50 53 51 55 56 49 58 60 59 57 64 61 62 63 65 66 70 71 68 67 69 72
  9 12 13 10 15 14 11 16 17 18 24 23 20 19 21 22 32 30 25 26 31 28 29 27 33 36 37 35 40 34 39 38 48 42 45 43 44 47 41 46 56 54 51 55 53 52 50 49 61 64 60 63 58 62 59 57 70 68 66 69 67 71 72 65 74 76 75 73 80 77 78 79  1  2  6  7  4  3  5  8
 50 53 54 51 56 55 52 49 58 59 57 64 61 60 62 63 65 71 66 67 72 69 70 68 74 77 78 76 73 75 80 79  1  3  6  4  5  8  2  7  9 15 12 16 14 13 11 10 22 17 21 24 19 23 20 18 31 29 27 30 28 32 25 26 35 37 36 34 33 38 39 40 42 43 47 48 45 44 46 41
 34 37 38 35 40 39 36 33 42 43 41 48 45 44 46 47 49 55 50 51 56 53 54 52 58 61 62 60 57 59 64 63 65 67 70 68 69 72 66 71 73 79 76 80 78 77 75 74  6  1  5  8  3  7  4  2 15 13 11 14 12 16  9 10 19 21 20 18 17 22 23 24 26 27 31 32 29 28 30 25
 66 69 70 67 72 71 68 65 74 75 73 80 77 76 78 79  1  7  2  3  8  5  6  4 10 13 14 12  9 11 16 15 17 19 22 20 21 24 18 23 25 31 28 32 30 29 27 26 38 33 37 40 35 39 36 34 47 45 43 46 44 48 41 42 51 53 52 50 49 54 55 56 58 59 63 64 61 60 62 57
 18 21 22 19 24 23 20 17 26 27 25 32 29 28 30 31 33 39 34 35 40 37 38 36 42 45 46 44 41 43 48 47 49 51 54 52 53 56 50 55 57 63 60 64 62 61 59 58 70 65 69 72 67 71 68 66 79 77 75 78 76 80 73 74  3  5  4  2  1  6  7  8 10 11 15 16 13 12 14  9
  2  5  6  3  8  7  4  1 10 11  9 16 13 12 14 15 17 23 18 19 24 21 22 20 26 29 30 28 25 27 32 31 33 35 38 36 37 40 34 39 41 47 44 48 46 45 43 42 54 49 53 56 51 55 52 50 63 61 59 62 60 64 57 58 67 69 68 66 65 70 71 72 74 75 79 80 77 76 78 73
 58 61 62 59 64 63 60 57 66 67 65 72 69 68 70 71 73 79 74 75 80 77 78 76  2  5  6  4  1  3  8  7  9 11 14 12 13 16 10 15 17 23 20 24 22 21 19 18 30 25 29 32 27 31 28 26 39 37 35 38 36 40 33 34 43 45 44 42 41 46 47 48 50 51 55 56 53 52 54 49
 26 29 30 27 32 31 28 25 34 35 33 40 37 36 38 39 41 47 42 43 48 45 46 44 50 53 54 52 49 51 56 55 57 59 62 60 61 64 58 63 65 71 68 72 70 69 67 66 78 73 77 80 75 79 76 74  7  5  3  6  4  8  1  2 11 13 12 10  9 14 15 16 18 19 23 24 21 20 22 17
 42 45 46 43 48 47 44 41 50 51 49 56 53 52 54 55 57 63 58 59 64 61 62 60 66 69 70 68 65 67 72 71 73 75 78 76 77 80 74 79  1  7  4  8  6  5  3  2 14  9 13 16 11 15 12 10 23 21 19 22 20 24 17 18 27 29 28 26 25 30 31 32 34 35 39 40 37 36 38 33
 74 77 78 75 80 79 76 73  2  3  1  8  5  4  6  7  9 15 10 11 16 13 14 12 18 21 22 20 17 19 24 23 25 27 30 28 29 32 26 31 33 39 36 40 38 37 35 34 46 41 45 48 43 47 44 42 55 53 51 54 52 56 49 50 59 61 60 58 57 62 63 64 66 67 71 72 69 68 70 65
 10 13 14 11 16 15 12  9 18 19 17 24 21 20 22 23 25 31 26 27 32 29 30 28 34 37 38 36 33 35 40 39 41 43 46 44 45 48 42 47 49 55 52 56 54 53 51 50 62 57 61 64 59 63 60 58 71 69 67 70 68 72 65 66 75 77 76 74 73 78 79 80  2  3  7  8  5  4  6  1
 19 22 23 20 17 24 21 18 27 28 26 25 30 29 31 32 34 40 35 36 33 38 39 37 43 46 47 45 42 44 41 48 50 52 55 53 54 49 51 56 58 64 61 57 63 62 60 59 71 66 70 65 68 72 69 67 80 78 76 79 77 73 74 75  4  6  5  3  2  7  8  1 11 12 16  9 14 13 15 10
 11 14 15 12  9 16 13 10 19 20 18 17 22 21 23 24 26 32 27 28 25 30 31 29 35 38 39 37 34 36 33 40 42 44 47 45 46 41 43 48 50 56 53 49 55 54 52 51 63 58 62 57 60 64 61 59 72 70 68 71 69 65 66 67 76 78 77 75 74 79 80 73  3  4  8  1  6  5  7  2
 35 38 39 36 33 40 37 34 43 44 42 41 46 45 47 48 50 56 51 52 49 54 55 53 59 62 63 61 58 60 57 64 66 68 71 69 70 65 67 72 74 80 77 73 79 78 76 75  7  2  6  1  4  8  5  3 16 14 12 15 13  9 10 11 20 22 21 19 18 23 24 17 27 28 32 25 30 29 31 26
 27 30 31 28 25 32 29 26 35 36 34 33 38 37 39 40 42 48 43 44 41 46 47 45 51 54 55 53 50 52 49 56 58 60 63 61 62 57 59 64 66 72 69 65 71 70 68 67 79 74 78 73 76 80 77 75  8  6  4  7  5  1  2  3 12 14 13 11 10 15 16  9 19 20 24 17 22 21 23 18
 59 62 63 60 57 64 61 58 67 68 66 65 70 69 71 72 74 80 75 76 73 78 79 77  3  6  7  5  2  4  1  8 10 12 15 13 14  9 11 16 18 24 21 17 23 22 20 19 31 26 30 25 28 32 29 27 40 38 36 39 37 33 34 35 44 46 45 43 42 47 48 41 51 52 56 49 54 53 55 50
 75 78 79 76 73 80 77 74  3  4  2  1  6  5  7  8 10 16 11 12  9 14 15 13 19 22 23 21 18 20 17 24 26 28 31 29 30 25 27 32 34 40 37 33 39 38 36 35 47 42 46 41 44 48 45 43 56 54 52 55 53 49 50 51 60 62 61 59 58 63 64 57 67 68 72 65 70 69 71 66
 43 46 47 44 41 48 45 42 51 52 50 49 54 53 55 56 58 64 59 60 57 62 63 61 67 70 71 69 66 68 65 72 74 76 79 77 78 73 75 80  2  8  5  1  7  6  4  3 15 10 14  9 12 16 13 11 24 22 20 23 21 17 18 19 28 30 29 27 26 31 32 25 35 36 40 33 38 37 39 34
  3  6  7  4  1  8  5  2 11 12 10  9 14 13 15 16 18 24 19 20 17 22 23 21 27 30 31 29 26 28 25 32 34 36 39 37 38 33 35 40 42 48 45 41 47 46 44 43 55 50 54 49 52 56 53 51 64 62 60 63 61 57 58 59 68 70 69 67 66 71 72 65 75 76 80 73 78 77 79 74
 67 70 71 68 65 72 69 66 75 76 74 73 78 77 79 80  2  8  3  4  1  6  7  5 11 14 15 13 10 12  9 16 18 20 23 21 22 17 19 24 26 32 29 25 31 30 28 27 39 34 38 33 36 40 37 35 48 46 44 47 45 41 42 43 52 54 53 51 50 55 56 49 59 60 64 57 62 61 63 58
 51 54 55 52 49 56 53 50 59 60 58 57 62 61 63 64 66 72 67 68 65 70 71 69 75 78 79 77 74 76 73 80  2  4  7  5  6  1  3  8 10 16 13  9 15 14 12 11 23 18 22 17 20 24 21 19 32 30 28 31 29 25 26 27 36 38 37 35 34 39 40 33 43 44 48 41 46 45 47 42
 20 23 24 21 18 17 22 19 28 29 27 26 31 30 32 25 35 33 36 37 34 39 40 38 44 47 48 46 43 45 42 41 51 53 56 54 55 50 52 49 59 57 62 58 64 63 61 60 72 67 71 66 69 65 70 68 73 79 77 80 78 74 75 76  5  7  6  4  3  8  1  2 12 13  9 10 15 14 16 11
 76 79 80 77 74 73 78 75  4  5  3  2  7  6  8  1 11  9 12 13 10 15 16 14 20 23 24 22 19 21 18 17 27 29 32 30 31 26 28 25 35 33 38 34 40 39 37 36 48 43 47 42 45 41 46 44 49 55 53 56 54 50 51 52 61 63 62 60 59 64 57 58 68 69 65 66 71 70 72 67
 12 15 16 13 10  9 14 11 20 21 19 18 23 22 24 17 27 25 28 29 26 31 32 30 36 39 40 38 35 37 34 33 43 45 48 46 47 42 44 41 51 49 54 50 56 55 53 52 64 59 63 58 61 57 62 60 65 71 69 72 70 66 67 68 77 79 78 76 75 80 73 74  4  5  1  2  7  6  8  3
 52 55 56 53 50 49 54 51 60 61 59 58 63 62 64 57 67 65 68 69 66 71 72 70 76 79 80 78 75 77 74 73  3  5  8  6  7  2  4  1 11  9 14 10 16 15 13 12 24 19 23 18 21 17 22 20 25 31 29 32 30 26 27 28 37 39 38 36 35 40 33 34 44 45 41 42 47 46 48 43
 44 47 48 45 42 41 46 43 52 53 51 50 55 54 56 49 59 57 60 61 58 63 64 62 68 71 72 70 67 69 66 65 75 77 80 78 79 74 76 73  3  1  6  2  8  7  5  4 16 11 15 10 13  9 14 12 17 23 21 24 22 18 19 20 29 31 30 28 27 32 25 26 36 37 33 34 39 38 40 35
 68 71 72 69 66 65 70 67 76 77 75 74 79 78 80 73  3  1  4  5  2  7  8  6 12 15 16 14 11 13 10  9 19 21 24 22 23 18 20 17 27 25 30 26 32 31 29 28 40 35 39 34 37 33 38 36 41 47 45 48 46 42 43 44 53 55 54 52 51 56 49 50 60 61 57 58 63 62 64 59
 28 31 32 29 26 25 30 27 36 37 35 34 39 38 40 33 43 41 44 45 42 47 48 46 52 55 56 54 51 53 50 49 59 61 64 62 63 58 60 57 67 65 70 66 72 71 69 68 80 75 79 74 77 73 78 76  1  7  5  8  6  2  3  4 13 15 14 12 11 16  9 10 20 21 17 18 23 22 24 19
  4  7  8  5  2  1  6  3 12 13 11 10 15 14 16  9 19 17 20 21 18 23 24 22 28 31 32 30 27 29 26 25 35 37 40 38 39 34 36 33 43 41 46 42 48 47 45 44 56 51 55 50 53 49 54 52 57 63 61 64 62 58 59 60 69 71 70 68 67 72 65 66 76 77 73 74 79 78 80 75
 60 63 64 61 58 57 62 59 68 69 67 66 71 70 72 65 75 73 76 77 74 79 80 78  4  7  8  6  3  5  2  1 11 13 16 14 15 10 12  9 19 17 22 18 24 23 21 20 32 27 31 26 29 25 30 28 33 39 37 40 38 34 35 36 45 47 46 44 43 48 41 42 52 53 49 50 55 54 56 51
 36 39 40 37 34 33 38 35 44 45 43 42 47 46 48 41 51 49 52 53 50 55 56 54 60 63 64 62 59 61 58 57 67 69 72 70 71 66 68 65 75 73 78 74 80 79 77 76  8  3  7  2  5  1  6  4  9 15 13 16 14 10 11 12 21 23 22 20 19 24 17 18 28 29 25 26 31 30 32 27
 13 16  9 14 11 10 15 12 21 22 20 19 24 23 17 18 28 26 29 30 27 32 25 31 37 40 33 39 36 38 35 34 44 46 41 47 48 43 45 42 52 50 55 51 49 56 54 53 57 60 64 59 62 58 63 61 66 72 70 65 71 67 68 69 78 80 79 77 76 73 74 75  5  6  2  3  8  7  1  4
 53 56 49 54 51 50 55 52 61 62 60 59 64 63 57 58 68 66 69 70 67 72 65 71 77 80 73 79 76 78 75 74  4  6  1  7  8  3  5  2 12 10 15 11  9 16 14 13 17 20 24 19 22 18 23 21 26 32 30 25 31 27 28 29 38 40 39 37 36 33 34 35 45 46 42 43 48 47 41 44
 37 40 33 38 35 34 39 36 45 46 44 43 48 47 41 42 52 50 53 54 51 56 49 55 61 64 57 63 60 62 59 58 68 70 65 71 72 67 69 66 76 74 79 75 73 80 78 77  1  4  8  3  6  2  7  5 10 16 14  9 15 11 12 13 22 24 23 21 20 17 18 19 29 30 26 27 32 31 25 28
 21 24 17 22 19 18 23 20 29 30 28 27 32 31 25 26 36 34 37 38 35 40 33 39 45 48 41 47 44 46 43 42 52 54 49 55 56 51 53 50 60 58 63 59 57 64 62 61 65 68 72 67 70 66 71 69 74 80 78 73 79 75 76 77  6  8  7  5  4  1  2  3 13 14 10 11 16 15  9 12
  5  8  1  6  3  2  7  4 13 14 12 11 16 15  9 10 20 18 21 22 19 24 17 23 29 32 25 31 28 30 27 26 36 38 33 39 40 35 37 34 44 42 47 43 41 48 46 45 49 52 56 51 54 50 55 53 58 64 62 57 63 59 60 61 70 72 71 69 68 65 66 67 77 78 74 75 80 79 73 76
 45 48 41 46 43 42 47 44 53 54 52 51 56 55 49 50 60 58 61 62 59 64 57 63 69 72 65 71 68 70 67 66 76 78 73 79 80 75 77 74  4  2  7  3  1  8  6  5  9 12 16 11 14 10 15 13 18 24 22 17 23 19 20 21 30 32 31 29 28 25 26 27 37 38 34 35 40 39 33 36
 77 80 73 78 75 74 79 76  5  6  4  3  8  7  1  2 12 10 13 14 11 16  9 15 21 24 17 23 20 22 19 18 28 30 25 31 32 27 29 26 36 34 39 35 33 40 38 37 41 44 48 43 46 42 47 45 50 56 54 49 55 51 52 53 62 64 63 61 60 57 58 59 69 70 66 67 72 71 65 68
 61 64 57 62 59 58 63 60 69 70 68 67 72 71 65 66 76 74 77 78 75 80 73 79  5  8  1  7  4  6  3  2 12 14  9 15 16 11 13 10 20 18 23 19 17 24 22 21 25 28 32 27 30 26 31 29 34 40 38 33 39 35 36 37 46 48 47 45 44 41 42 43 53 54 50 51 56 55 49 52
 69 72 65 70 67 66 71 68 77 78 76 75 80 79 73 74  4  2  5  6  3  8  1  7 13 16  9 15 12 14 11 10 20 22 17 23 24 19 21 18 28 26 31 27 25 32 30 29 33 36 40 35 38 34 39 37 42 48 46 41 47 43 44 45 54 56 55 53 52 49 50 51 61 62 58 59 64 63 57 60
 29 32 25 30 27 26 31 28 37 38 36 35 40 39 33 34 44 42 45 46 43 48 41 47 53 56 49 55 52 54 51 50 60 62 57 63 64 59 61 58 68 66 71 67 65 72 70 69 73 76 80 75 78 74 79 77  2  8  6  1  7  3  4  5 14 16 15 13 12  9 10 11 21 22 18 19 24 23 17 20
 46 41 42 47 44 43 48 45 54 55 53 52 49 56 50 51 61 59 62 63 60 57 58 64 70 65 66 72 69 71 68 67 77 79 74 80 73 76 78 75  5  3  8  4  2  1  7  6 10 13  9 12 15 11 16 14 19 17 23 18 24 20 21 22 31 25 32 30 29 26 27 28 38 39 35 36 33 40 34 37
 22 17 18 23 20 19 24 21 30 31 29 28 25 32 26 27 37 35 38 39 36 33 34 40 46 41 42 48 45 47 44 43 53 55 50 56 49 52 54 51 61 59 64 60 58 57 63 62 66 69 65 68 71 67 72 70 75 73 79 74 80 76 77 78  7  1  8  6  5  2  3  4 14 15 11 12  9 16 10 13
 30 25 26 31 28 27 32 29 38 39 37 36 33 40 34 35 45 43 46 47 44 41 42 48 54 49 50 56 53 55 52 51 61 63 58 64 57 60 62 59 69 67 72 68 66 65 71 70 74 77 73 76 79 75 80 78  3  1  7  2  8  4  5  6 15  9 16 14 13 10 11 12 22 23 19 20 17 24 18 21
 70 65 66 71 68 67 72 69 78 79 77 76 73 80 74 75  5  3  6  7  4  1  2  8 14  9 10 16 13 15 12 11 21 23 18 24 17 20 22 19 29 27 32 28 26 25 31 30 34 37 33 36 39 35 40 38 43 41 47 42 48 44 45 46 55 49 56 54 53 50 51 52 62 63 59 60 57 64 58 61
 14  9 10 15 12 11 16 13 22 23 21 20 17 24 18 19 29 27 30 31 28 25 26 32 38 33 34 40 37 39 36 35 45 47 42 48 41 44 46 43 53 51 56 52 50 49 55 54 58 61 57 60 63 59 64 62 67 65 71 66 72 68 69 70 79 73 80 78 77 74 75 76  6  7  3  4  1  8  2  5
  6  1  2  7  4  3  8  5 14 15 13 12  9 16 10 11 21 19 22 23 20 17 18 24 30 25 26 32 29 31 28 27 37 39 34 40 33 36 38 35 45 43 48 44 42 41 47 46 50 53 49 52 55 51 56 54 59 57 63 58 64 60 61 62 71 65 72 70 69 66 67 68 78 79 75 76 73 80 74 77
 62 57 58 63 60 59 64 61 70 71 69 68 65 72 66 67 77 75 78 79 76 73 74 80  6  1  2  8  5  7  4  3 13 15 10 16  9 12 14 11 21 19 24 20 18 17 23 22 26 29 25 28 31 27 32 30 35 33 39 34 40 36 37 38 47 41 48 46 45 42 43 44 54 55 51 52 49 56 50 53
 78 73 74 79 76 75 80 77  6  7  5  4  1  8  2  3 13 11 14 15 12  9 10 16 22 17 18 24 21 23 20 19 29 31 26 32 25 28 30 27 37 35 40 36 34 33 39 38 42 45 41 44 47 43 48 46 51 49 55 50 56 52 53 54 63 57 64 62 61 58 59 60 70 71 67 68 65 72 66 69
 54 49 50 55 52 51 56 53 62 63 61 60 57 64 58 59 69 67 70 71 68 65 66 72 78 73 74 80 77 79 76 75  5  7  2  8  1  4  6  3 13 11 16 12 10  9 15 14 18 21 17 20 23 19 24 22 27 25 31 26 32 28 29 30 39 33 40 38 37 34 35 36 46 47 43 44 41 48 42 45
 38 33 34 39 36 35 40 37 46 47 45 44 41 48 42 43 53 51 54 55 52 49 50 56 62 57 58 64 61 63 60 59 69 71 66 72 65 68 70 67 77 75 80 76 74 73 79 78  2  5  1  4  7  3  8  6 11  9 15 10 16 12 13 14 23 17 24 22 21 18 19 20 30 31 27 28 25 32 26 29
