 27 32 26 29 30 25 31 28 36 34 40 38 39 35 33 37 46 48 45 42 43 47 41 44 51 50 56 55 52 54 53 49 58 62 61 60 57 64 63 59 68 70 71 65 72 69 67 66 76 77 74 79 73 80 78 75  4  7  6  8  2  3  1  5 13 10  9 11 15 12 16 14 21 18 20 19 23 24 22 17
 75 80 74 77 78 73 79 76  4  2  8  6  7  3  1  5 14 16 13 10 11 15  9 12 19 18 24 23 20 22 21 17 26 30 29 28 25 32 31 27 36 38 39 33 40 37 35 34 44 45 42 47 41 48 46 43 52 55 54 56 50 51 49 53 61 58 57 59 63 60 64 62 69 66 68 67 71 72 70 65
 35 40 34 37 38 33 39 36 44 42 48 46 47 43 41 45 54 56 53 50 51 55 49 52 59 58 64 63 60 62 61 57 66 70 69 68 65 72 71 67 76 78 79 73 80 77 75 74  4  5  2  7  1  8  6  3 12 15 14 16 10 11  9 13 21 18 17 19 23 20 24 22 29 26 28 27 31 32 30 25
 67 72 66 69 70 65 71 68 76 74 80 78 79 75 73 77  6  8  5  2  3  7  1  4 11 10 16 15 12 14 13  9 18 22 21 20 17 24 23 19 28 30 31 25 32 29 27 26 36 37 34 39 33 40 38 35 44 47 46 48 42 43 41 45 53 50 49 51 55 52 56 54 61 58 60 59 63 64 62 57
 51 56 50 53 54 49 55 52 60 58 64 62 63 59 57 61 70 72 69 66 67 71 65 68 75 74 80 79 76 78 77 73  2  6  5  4  1  8  7  3 12 14 15  9 16 13 11 10 20 21 18 23 17 24 22 19 28 31 30 32 26 27 25 29 37 34 33 35 39 36 40 38 45 42 44 43 47 48 46 41
 43 48 42 45 46 41 47 44 52 50 56 54 55 51 49 53 62 64 61 58 59 63 57 60 67 66 72 71 68 70 69 65 74 78 77 76 73 80 79 75  4  6  7  1  8  5  3  2 12 13 10 15  9 16 14 11 20 23 22 24 18 19 17 21 29 26 25 27 31 28 32 30 37 34 36 35 39 40 38 33
 59 64 58 61 62 57 63 60 68 66 72 70 71 67 65 69 78 80 77 74 75 79 73 76  3  2  8  7  4  6  5  1 10 14 13 12  9 16 15 11 20 22 23 17 24 21 19 18 28 29 26 31 25 32 30 27 36 39 38 40 34 35 33 37 45 42 41 43 47 44 48 46 53 50 52 51 55 56 54 49
  3  8  2  5  6  1  7  4 12 10 16 14 15 11  9 13 22 24 21 18 19 23 17 20 27 26 32 31 28 30 29 25 34 38 37 36 33 40 39 35 44 46 47 41 48 45 43 42 52 53 50 55 49 56 54 51 60 63 62 64 58 59 57 61 69 66 65 67 71 68 72 70 77 74 76 75 79 80 78 73
 19 24 18 21 22 17 23 20 28 26 32 30 31 27 25 29 38 40 37 34 35 39 33 36 43 42 48 47 44 46 45 41 50 54 53 52 49 56 55 51 60 62 63 57 64 61 59 58 68 69 66 71 65 72 70 67 76 79 78 80 74 75 73 77  5  2  1  3  7  4  8  6 13 10 12 11 15 16 14  9
 11 16 10 13 14  9 15 12 20 18 24 22 23 19 17 21 30 32 29 26 27 31 25 28 35 34 40 39 36 38 37 33 42 46 45 44 41 48 47 43 52 54 55 49 56 53 51 50 60 61 58 63 57 64 62 59 68 71 70 72 66 67 65 69 77 74 73 75 79 76 80 78  5  2  4  3  7  8  6  1
 12  9 11 14 15 10 16 13 21 19 17 23 24 20 18 22 31 25 30 27 28 32 26 29 36 35 33 40 37 39 38 34 43 47 46 45 42 41 48 44 53 55 56 50 49 54 52 51 61 62 59 64 58 57 63 60 69 72 71 65 67 68 66 70 78 75 74 76 80 77 73 79  6  3  5  4  8  1  7  2
 76 73 75 78 79 74 80 77  5  3  1  7  8  4  2  6 15  9 14 11 12 16 10 13 20 19 17 24 21 23 22 18 27 31 30 29 26 25 32 28 37 39 40 34 33 38 36 35 45 46 43 48 42 41 47 44 53 56 55 49 51 52 50 54 62 59 58 60 64 61 57 63 70 67 69 68 72 65 71 66
 44 41 43 46 47 42 48 45 53 51 49 55 56 52 50 54 63 57 62 59 60 64 58 61 68 67 65 72 69 71 70 66 75 79 78 77 74 73 80 76  5  7  8  2  1  6  4  3 13 14 11 16 10  9 15 12 21 24 23 17 19 20 18 22 30 27 26 28 32 29 25 31 38 35 37 36 40 33 39 34
 20 17 19 22 23 18 24 21 29 27 25 31 32 28 26 30 39 33 38 35 36 40 34 37 44 43 41 48 45 47 46 42 51 55 54 53 50 49 56 52 61 63 64 58 57 62 60 59 69 70 67 72 66 65 71 68 77 80 79 73 75 76 74 78  6  3  2  4  8  5  1  7 14 11 13 12 16  9 15 10
 28 25 27 30 31 26 32 29 37 35 33 39 40 36 34 38 47 41 46 43 44 48 42 45 52 51 49 56 53 55 54 50 59 63 62 61 58 57 64 60 69 71 72 66 65 70 68 67 77 78 75 80 74 73 79 76  5  8  7  1  3  4  2  6 14 11 10 12 16 13  9 15 22 19 21 20 24 17 23 18
 68 65 67 70 71 66 72 69 77 75 73 79 80 76 74 78  7  1  6  3  4  8  2  5 12 11  9 16 13 15 14 10 19 23 22 21 18 17 24 20 29 31 32 26 25 30 28 27 37 38 35 40 34 33 39 36 45 48 47 41 43 44 42 46 54 51 50 52 56 53 49 55 62 59 61 60 64 57 63 58
 52 49 51 54 55 50 56 53 61 59 57 63 64 60 58 62 71 65 70 67 68 72 66 69 76 75 73 80 77 79 78 74  3  7  6  5  2  1  8  4 13 15 16 10  9 14 12 11 21 22 19 24 18 17 23 20 29 32 31 25 27 28 26 30 38 35 34 36 40 37 33 39 46 43 45 44 48 41 47 42
 36 33 35 38 39 34 40 37 45 43 41 47 48 44 42 46 55 49 54 51 52 56 50 53 60 59 57 64 61 63 62 58 67 71 70 69 66 65 72 68 77 79 80 74 73 78 76 75  5  6  3  8  2  1  7  4 13 16 15  9 11 12 10 14 22 19 18 20 24 21 17 23 30 27 29 28 32 25 31 26
 60 57 59 62 63 58 64 61 69 67 65 71 72 68 66 70 79 73 78 75 76 80 74 77  4  3  1  8  5  7  6  2 11 15 14 13 10  9 16 12 21 23 24 18 17 22 20 19 29 30 27 32 26 25 31 28 37 40 39 33 35 36 34 38 46 43 42 44 48 45 41 47 54 51 53 52 56 49 55 50
  4  1  3  6  7  2  8  5 13 11  9 15 16 12 10 14 23 17 22 19 20 24 18 21 28 27 25 32 29 31 30 26 35 39 38 37 34 33 40 36 45 47 48 42 41 46 44 43 53 54 51 56 50 49 55 52 61 64 63 57 59 60 58 62 70 67 66 68 72 69 65 71 78 75 77 76 80 73 79 74
 13 10 12 15 16 11  9 14 22 20 18 24 17 21 19 23 32 26 31 28 29 25 27 30 37 36 34 33 38 40 39 35 44 48 47 46 43 42 41 45 54 56 49 51 50 55 53 52 62 63 60 57 59 58 64 61 70 65 72 66 68 69 67 71 79 76 75 77 73 78 74 80  7  4  6  5  1  2  8  3
  5  2  4  7  8  3  1  6 14 12 10 16  9 13 11 15 24 18 23 20 21 17 19 22 29 28 26 25 30 32 31 27 36 40 39 38 35 34 33 37 46 48 41 43 42 47 45 44 54 55 52 49 51 50 56 53 62 57 64 58 60 61 59 63 71 68 67 69 65 70 66 72 79 76 78 77 73 74 80 75
 29 26 28 31 32 27 25 30 38 36 34 40 33 37 35 39 48 42 47 44 45 41 43 46 53 52 50 49 54 56 55 51 60 64 63 62 59 58 57 61 70 72 65 67 66 71 69 68 78 79 76 73 75 74 80 77  6  1  8  2  4  5  3  7 15 12 11 13  9 14 10 16 23 20 22 21 17 18 24 19
 61 58 60 63 64 59 57 62 70 68 66 72 65 69 67 71 80 74 79 76 77 73 75 78  5  4  2  1  6  8  7  3 12 16 15 14 11 10  9 13 22 24 17 19 18 23 21 20 30 31 28 25 27 26 32 29 38 33 40 34 36 37 35 39 47 44 43 45 41 46 42 48 55 52 54 53 49 50 56 51
 37 34 36 39 40 35 33 38 46 44 42 48 41 45 43 47 56 50 55 52 53 49 51 54 61 60 58 57 62 64 63 59 68 72 71 70 67 66 65 69 78 80 73 75 74 79 77 76  6  7  4  1  3  2  8  5 14  9 16 10 12 13 11 15 23 20 19 21 17 22 18 24 31 28 30 29 25 26 32 27
 69 66 68 71 72 67 65 70 78 76 74 80 73 77 75 79  8  2  7  4  5  1  3  6 13 12 10  9 14 16 15 11 20 24 23 22 19 18 17 21 30 32 25 27 26 31 29 28 38 39 36 33 35 34 40 37 46 41 48 42 44 45 43 47 55 52 51 53 49 54 50 56 63 60 62 61 57 58 64 59
 21 18 20 23 24 19 17 22 30 28 26 32 25 29 27 31 40 34 39 36 37 33 35 38 45 44 42 41 46 48 47 43 52 56 55 54 51 50 49 53 62 64 57 59 58 63 61 60 70 71 68 65 67 66 72 69 78 73 80 74 76 77 75 79  7  4  3  5  1  6  2  8 15 12 14 13  9 10 16 11
 77 74 76 79 80 75 73 78  6  4  2  8  1  5  3  7 16 10 15 12 13  9 11 14 21 20 18 17 22 24 23 19 28 32 31 30 27 26 25 29 38 40 33 35 34 39 37 36 46 47 44 41 43 42 48 45 54 49 56 50 52 53 51 55 63 60 59 61 57 62 58 64 71 68 70 69 65 66 72 67
 53 50 52 55 56 51 49 54 62 60 58 64 57 61 59 63 72 66 71 68 69 65 67 70 77 76 74 73 78 80 79 75  4  8  7  6  3  2  1  5 14 16  9 11 10 15 13 12 22 23 20 17 19 18 24 21 30 25 32 26 28 29 27 31 39 36 35 37 33 38 34 40 47 44 46 45 41 42 48 43
 45 42 44 47 48 43 41 46 54 52 50 56 49 53 51 55 64 58 63 60 61 57 59 62 69 68 66 65 70 72 71 67 76 80 79 78 75 74 73 77  6  8  1  3  2  7  5  4 14 15 12  9 11 10 16 13 22 17 24 18 20 21 19 23 31 28 27 29 25 30 26 32 39 36 38 37 33 34 40 35
  6  3  5  8  1  4  2  7 15 13 11  9 10 14 12 16 17 19 24 21 22 18 20 23 30 29 27 26 31 25 32 28 37 33 40 39 36 35 34 38 47 41 42 44 43 48 46 45 55 56 53 50 52 51 49 54 63 58 57 59 61 62 60 64 72 69 68 70 66 71 67 65 80 77 79 78 74 75 73 76
 30 27 29 32 25 28 26 31 39 37 35 33 34 38 36 40 41 43 48 45 46 42 44 47 54 53 51 50 55 49 56 52 61 57 64 63 60 59 58 62 71 65 66 68 67 72 70 69 79 80 77 74 76 75 73 78  7  2  1  3  5  6  4  8 16 13 12 14 10 15 11  9 24 21 23 22 18 19 17 20
 14 11 13 16  9 12 10 15 23 21 19 17 18 22 20 24 25 27 32 29 30 26 28 31 38 37 35 34 39 33 40 36 45 41 48 47 44 43 42 46 55 49 50 52 51 56 54 53 63 64 61 58 60 59 57 62 71 66 65 67 69 70 68 72 80 77 76 78 74 79 75 73  8  5  7  6  2  3  1  4
 78 75 77 80 73 76 74 79  7  5  3  1  2  6  4  8  9 11 16 13 14 10 12 15 22 21 19 18 23 17 24 20 29 25 32 31 28 27 26 30 39 33 34 36 35 40 38 37 47 48 45 42 44 43 41 46 55 50 49 51 53 54 52 56 64 61 60 62 58 63 59 57 72 69 71 70 66 67 65 68
 38 35 37 40 33 36 34 39 47 45 43 41 42 46 44 48 49 51 56 53 54 50 52 55 62 61 59 58 63 57 64 60 69 65 72 71 68 67 66 70 79 73 74 76 75 80 78 77  7  8  5  2  4  3  1  6 15 10  9 11 13 14 12 16 24 21 20 22 18 23 19 17 32 29 31 30 26 27 25 28
 46 43 45 48 41 44 42 47 55 53 51 49 50 54 52 56 57 59 64 61 62 58 60 63 70 69 67 66 71 65 72 68 77 73 80 79 76 75 74 78  7  1  2  4  3  8  6  5 15 16 13 10 12 11  9 14 23 18 17 19 21 22 20 24 32 29 28 30 26 31 27 25 40 37 39 38 34 35 33 36
 70 67 69 72 65 68 66 71 79 77 75 73 74 78 76 80  1  3  8  5  6  2  4  7 14 13 11 10 15  9 16 12 21 17 24 23 20 19 18 22 31 25 26 28 27 32 30 29 39 40 37 34 36 35 33 38 47 42 41 43 45 46 44 48 56 53 52 54 50 55 51 49 64 61 63 62 58 59 57 60
 22 19 21 24 17 20 18 23 31 29 27 25 26 30 28 32 33 35 40 37 38 34 36 39 46 45 43 42 47 41 48 44 53 49 56 55 52 51 50 54 63 57 58 60 59 64 62 61 71 72 69 66 68 67 65 70 79 74 73 75 77 78 76 80  8  5  4  6  2  7  3  1 16 13 15 14 10 11  9 12
 62 59 61 64 57 60 58 63 71 69 67 65 66 70 68 72 73 75 80 77 78 74 76 79  6  5  3  2  7  1  8  4 13  9 16 15 12 11 10 14 23 17 18 20 19 24 22 21 31 32 29 26 28 27 25 30 39 34 33 35 37 38 36 40 48 45 44 46 42 47 43 41 56 53 55 54 50 51 49 52
 54 51 53 56 49 52 50 55 63 61 59 57 58 62 60 64 65 67 72 69 70 66 68 71 78 77 75 74 79 73 80 76  5  1  8  7  4  3  2  6 15  9 10 12 11 16 14 13 23 24 21 18 20 19 17 22 31 26 25 27 29 30 28 32 40 37 36 38 34 39 35 33 48 45 47 46 42 43 41 44
 15 12 14  9 10 13 11 16 24 22 20 18 19 23 21 17 26 28 25 30 31 27 29 32 39 38 36 35 40 34 33 37 46 42 41 48 45 44 43 47 56 50 51 53 52 49 55 54 64 57 62 59 61 60 58 63 72 67 66 68 70 71 69 65 73 78 77 79 75 80 76 74  1  6  8  7  3  4  2  5
 47 44 46 41 42 45 43 48 56 54 52 50 51 55 53 49 58 60 57 62 63 59 61 64 71 70 68 67 72 66 65 69 78 74 73 80 77 76 75 79  8  2  3  5  4  1  7  6 16  9 14 11 13 12 10 15 24 19 18 20 22 23 21 17 25 30 29 31 27 32 28 26 33 38 40 39 35 36 34 37
  7  4  6  1  2  5  3  8 16 14 12 10 11 15 13  9 18 20 17 22 23 19 21 24 31 30 28 27 32 26 25 29 38 34 33 40 37 36 35 39 48 42 43 45 44 41 47 46 56 49 54 51 53 52 50 55 64 59 58 60 62 63 61 57 65 70 69 71 67 72 68 66 73 78 80 79 75 76 74 77
 31 28 30 25 26 29 27 32 40 38 36 34 35 39 37 33 42 44 41 46 47 43 45 48 55 54 52 51 56 50 49 53 62 58 57 64 61 60 59 63 72 66 67 69 68 65 71 70 80 73 78 75 77 76 74 79  8  3  2  4  6  7  5  1  9 14 13 15 11 16 12 10 17 22 24 23 19 20 18 21
 63 60 62 57 58 61 59 64 72 70 68 66 67 71 69 65 74 76 73 78 79 75 77 80  7  6  4  3  8  2  1  5 14 10  9 16 13 12 11 15 24 18 19 21 20 17 23 22 32 25 30 27 29 28 26 31 40 35 34 36 38 39 37 33 41 46 45 47 43 48 44 42 49 54 56 55 51 52 50 53
 71 68 70 65 66 69 67 72 80 78 76 74 75 79 77 73  2  4  1  6  7  3  5  8 15 14 12 11 16 10  9 13 22 18 17 24 21 20 19 23 32 26 27 29 28 25 31 30 40 33 38 35 37 36 34 39 48 43 42 44 46 47 45 41 49 54 53 55 51 56 52 50 57 62 64 63 59 60 58 61
 23 20 22 17 18 21 19 24 32 30 28 26 27 31 29 25 34 36 33 38 39 35 37 40 47 46 44 43 48 42 41 45 54 50 49 56 53 52 51 55 64 58 59 61 60 57 63 62 72 65 70 67 69 68 66 71 80 75 74 76 78 79 77 73  1  6  5  7  3  8  4  2  9 14 16 15 11 12 10 13
 39 36 38 33 34 37 35 40 48 46 44 42 43 47 45 41 50 52 49 54 55 51 53 56 63 62 60 59 64 58 57 61 70 66 65 72 69 68 67 71 80 74 75 77 76 73 79 78  8  1  6  3  5  4  2  7 16 11 10 12 14 15 13  9 17 22 21 23 19 24 20 18 25 30 32 31 27 28 26 29
 55 52 54 49 50 53 51 56 64 62 60 58 59 63 61 57 66 68 65 70 71 67 69 72 79 78 76 75 80 74 73 77  6  2  1  8  5  4  3  7 16 10 11 13 12  9 15 14 24 17 22 19 21 20 18 23 32 27 26 28 30 31 29 25 33 38 37 39 35 40 36 34 41 46 48 47 43 44 42 45
 79 76 78 73 74 77 75 80  8  6  4  2  3  7  5  1 10 12  9 14 15 11 13 16 23 22 20 19 24 18 17 21 30 26 25 32 29 28 27 31 40 34 35 37 36 33 39 38 48 41 46 43 45 44 42 47 56 51 50 52 54 55 53 49 57 62 61 63 59 64 60 58 65 70 72 71 67 68 66 69
 40 37 39 34 35 38 36 33 41 47 45 43 44 48 46 42 51 53 50 55 56 52 54 49 64 63 61 60 57 59 58 62 71 67 66 65 70 69 68 72 73 75 76 78 77 74 80 79  1  2  7  4  6  5  3  8  9 12 11 13 15 16 14 10 18 23 22 24 20 17 21 19 26 31 25 32 28 29 27 30
 72 69 71 66 67 70 68 65 73 79 77 75 76 80 78 74  3  5  2  7  8  4  6  1 16 15 13 12  9 11 10 14 23 19 18 17 22 21 20 24 25 27 28 30 29 26 32 31 33 34 39 36 38 37 35 40 41 44 43 45 47 48 46 42 50 55 54 56 52 49 53 51 58 63 57 64 60 61 59 62
 56 53 55 50 51 54 52 49 57 63 61 59 60 64 62 58 67 69 66 71 72 68 70 65 80 79 77 76 73 75 74 78  7  3  2  1  6  5  4  8  9 11 12 14 13 10 16 15 17 18 23 20 22 21 19 24 25 28 27 29 31 32 30 26 34 39 38 40 36 33 37 35 42 47 41 48 44 45 43 46
 48 45 47 42 43 46 44 41 49 55 53 51 52 56 54 50 59 61 58 63 64 60 62 57 72 71 69 68 65 67 66 70 79 75 74 73 78 77 76 80  1  3  4  6  5  2  8  7  9 10 15 12 14 13 11 16 17 20 19 21 23 24 22 18 26 31 30 32 28 25 29 27 34 39 33 40 36 37 35 38
 80 77 79 74 75 78 76 73  1  7  5  3  4  8  6  2 11 13 10 15 16 12 14  9 24 23 21 20 17 19 18 22 31 27 26 25 30 29 28 32 33 35 36 38 37 34 40 39 41 42 47 44 46 45 43 48 49 52 51 53 55 56 54 50 58 63 62 64 60 57 61 59 66 71 65 72 68 69 67 70
 24 21 23 18 19 22 20 17 25 31 29 27 28 32 30 26 35 37 34 39 40 36 38 33 48 47 45 44 41 43 42 46 55 51 50 49 54 53 52 56 57 59 60 62 61 58 64 63 65 66 71 68 70 69 67 72 73 76 75 77 79 80 78 74  2  7  6  8  4  1  5  3 10 15  9 16 12 13 11 14
 32 29 31 26 27 30 28 25 33 39 37 35 36 40 38 34 43 45 42 47 48 44 46 41 56 55 53 52 49 51 50 54 63 59 58 57 62 61 60 64 65 67 68 70 69 66 72 71 73 74 79 76 78 77 75 80  1  4  3  5  7  8  6  2 10 15 14 16 12  9 13 11 18 23 17 24 20 21 19 22
 16 13 15 10 11 14 12  9 17 23 21 19 20 24 22 18 27 29 26 31 32 28 30 25 40 39 37 36 33 35 34 38 47 43 42 41 46 45 44 48 49 51 52 54 53 50 56 55 57 58 63 60 62 61 59 64 65 68 67 69 71 72 70 66 74 79 78 80 76 73 77 75  2  7  1  8  4  5  3  6
  8  5  7  2  3  6  4  1  9 15 13 11 12 16 14 10 19 21 18 23 24 20 22 17 32 31 29 28 25 27 26 30 39 35 34 33 38 37 36 40 41 43 44 46 45 42 48 47 49 50 55 52 54 53 51 56 57 60 59 61 63 64 62 58 66 71 70 72 68 65 69 67 74 79 73 80 76 77 75 78
 64 61 63 58 59 62 60 57 65 71 69 67 68 72 70 66 75 77 74 79 80 76 78 73  8  7  5  4  1  3  2  6 15 11 10  9 14 13 12 16 17 19 20 22 21 18 24 23 25 26 31 28 30 29 27 32 33 36 35 37 39 40 38 34 42 47 46 48 44 41 45 43 50 55 49 56 52 53 51 54
 73 78 80 75 76 79 77 74  2  8  6  4  5  1  7  3 12 14 11 16  9 13 15 10 17 24 22 21 18 20 19 23 32 28 27 26 31 30 29 25 34 36 37 39 38 35 33 40 42 43 48 45 47 46 44 41 50 53 52 54 56 49 55 51 59 64 63 57 61 58 62 60 67 72 66 65 69 70 68 71
  1  6  8  3  4  7  5  2 10 16 14 12 13  9 15 11 20 22 19 24 17 21 23 18 25 32 30 29 26 28 27 31 40 36 35 34 39 38 37 33 42 44 45 47 46 43 41 48 50 51 56 53 55 54 52 49 58 61 60 62 64 57 63 59 67 72 71 65 69 66 70 68 75 80 74 73 77 78 76 79
 41 46 48 43 44 47 45 42 50 56 54 52 53 49 55 51 60 62 59 64 57 61 63 58 65 72 70 69 66 68 67 71 80 76 75 74 79 78 77 73  2  4  5  7  6  3  1  8 10 11 16 13 15 14 12  9 18 21 20 22 24 17 23 19 27 32 31 25 29 26 30 28 35 40 34 33 37 38 36 39
 25 30 32 27 28 31 29 26 34 40 38 36 37 33 39 35 44 46 43 48 41 45 47 42 49 56 54 53 50 52 51 55 64 60 59 58 63 62 61 57 66 68 69 71 70 67 65 72 74 75 80 77 79 78 76 73  2  5  4  6  8  1  7  3 11 16 15  9 13 10 14 12 19 24 18 17 21 22 20 23
 33 38 40 35 36 39 37 34 42 48 46 44 45 41 47 43 52 54 51 56 49 53 55 50 57 64 62 61 58 60 59 63 72 68 67 66 71 70 69 65 74 76 77 79 78 75 73 80  2  3  8  5  7  6  4  1 10 13 12 14 16  9 15 11 19 24 23 17 21 18 22 20 27 32 26 25 29 30 28 31
 17 22 24 19 20 23 21 18 26 32 30 28 29 25 31 27 36 38 35 40 33 37 39 34 41 48 46 45 42 44 43 47 56 52 51 50 55 54 53 49 58 60 61 63 62 59 57 64 66 67 72 69 71 70 68 65 74 77 76 78 80 73 79 75  3  8  7  1  5  2  6  4 11 16 10  9 13 14 12 15
  9 14 16 11 12 15 13 10 18 24 22 20 21 17 23 19 28 30 27 32 25 29 31 26 33 40 38 37 34 36 35 39 48 44 43 42 47 46 45 41 50 52 53 55 54 51 49 56 58 59 64 61 63 62 60 57 66 69 68 70 72 65 71 67 75 80 79 73 77 74 78 76  3  8  2  1  5  6  4  7
 65 70 72 67 68 71 69 66 74 80 78 76 77 73 79 75  4  6  3  8  1  5  7  2  9 16 14 13 10 12 11 15 24 20 19 18 23 22 21 17 26 28 29 31 30 27 25 32 34 35 40 37 39 38 36 33 42 45 44 46 48 41 47 43 51 56 55 49 53 50 54 52 59 64 58 57 61 62 60 63
 57 62 64 59 60 63 61 58 66 72 70 68 69 65 71 67 76 78 75 80 73 77 79 74  1  8  6  5  2  4  3  7 16 12 11 10 15 14 13  9 18 20 21 23 22 19 17 24 26 27 32 29 31 30 28 25 34 37 36 38 40 33 39 35 43 48 47 41 45 42 46 44 51 56 50 49 53 54 52 55
 49 54 56 51 52 55 53 50 58 64 62 60 61 57 63 59 68 70 67 72 65 69 71 66 73 80 78 77 74 76 75 79  8  4  3  2  7  6  5  1 10 12 13 15 14 11  9 16 18 19 24 21 23 22 20 17 26 29 28 30 32 25 31 27 35 40 39 33 37 34 38 36 43 48 42 41 45 46 44 47
 58 63 57 60 61 64 62 59 67 65 71 69 70 66 72 68 77 79 76 73 74 78 80 75  2  1  7  6  3  5  4  8  9 13 12 11 16 15 14 10 19 21 22 24 23 20 18 17 27 28 25 30 32 31 29 26 35 38 37 39 33 34 40 36 44 41 48 42 46 43 47 45 52 49 51 50 54 55 53 56
 50 55 49 52 53 56 54 51 59 57 63 61 62 58 64 60 69 71 68 65 66 70 72 67 74 73 79 78 75 77 76 80  1  5  4  3  8  7  6  2 11 13 14 16 15 12 10  9 19 20 17 22 24 23 21 18 27 30 29 31 25 26 32 28 36 33 40 34 38 35 39 37 44 41 43 42 46 47 45 48
 34 39 33 36 37 40 38 35 43 41 47 45 46 42 48 44 53 55 52 49 50 54 56 51 58 57 63 62 59 61 60 64 65 69 68 67 72 71 70 66 75 77 78 80 79 76 74 73  3  4  1  6  8  7  5  2 11 14 13 15  9 10 16 12 20 17 24 18 22 19 23 21 28 25 27 26 30 31 29 32
 10 15  9 12 13 16 14 11 19 17 23 21 22 18 24 20 29 31 28 25 26 30 32 27 34 33 39 38 35 37 36 40 41 45 44 43 48 47 46 42 51 53 54 56 55 52 50 49 59 60 57 62 64 63 61 58 67 70 69 71 65 66 72 68 76 73 80 74 78 75 79 77  4  1  3  2  6  7  5  8
 18 23 17 20 21 24 22 19 27 25 31 29 30 26 32 28 37 39 36 33 34 38 40 35 42 41 47 46 43 45 44 48 49 53 52 51 56 55 54 50 59 61 62 64 63 60 58 57 67 68 65 70 72 71 69 66 75 78 77 79 73 74 80 76  4  1  8  2  6  3  7  5 12  9 11 10 14 15 13 16
 66 71 65 68 69 72 70 67 75 73 79 77 78 74 80 76  5  7  4  1  2  6  8  3 10  9 15 14 11 13 12 16 17 21 20 19 24 23 22 18 27 29 30 32 31 28 26 25 35 36 33 38 40 39 37 34 43 46 45 47 41 42 48 44 52 49 56 50 54 51 55 53 60 57 59 58 62 63 61 64
 74 79 73 76 77 80 78 75  3  1  7  5  6  2  8  4 13 15 12  9 10 14 16 11 18 17 23 22 19 21 20 24 25 29 28 27 32 31 30 26 35 37 38 40 39 36 34 33 43 44 41 46 48 47 45 42 51 54 53 55 49 50 56 52 60 57 64 58 62 59 63 61 68 65 67 66 70 71 69 72
 42 47 41 44 45 48 46 43 51 49 55 53 54 50 56 52 61 63 60 57 58 62 64 59 66 65 71 70 67 69 68 72 73 77 76 75 80 79 78 74  3  5  6  8  7  4  2  1 11 12  9 14 16 15 13 10 19 22 21 23 17 18 24 20 28 25 32 26 30 27 31 29 36 33 35 34 38 39 37 40
  2  7  1  4  5  8  6  3 11  9 15 13 14 10 16 12 21 23 20 17 18 22 24 19 26 25 31 30 27 29 28 32 33 37 36 35 40 39 38 34 43 45 46 48 47 44 42 41 51 52 49 54 56 55 53 50 59 62 61 63 57 58 64 60 68 65 72 66 70 67 71 69 76 73 75 74 78 79 77 80
 26 31 25 28 29 32 30 27 35 33 39 37 38 34 40 36 45 47 44 41 42 46 48 43 50 49 55 54 51 53 52 56 57 61 60 59 64 63 62 58 67 69 70 72 71 68 66 65 75 76 73 78 80 79 77 74  3  6  5  7  1  2  8  4 12  9 16 10 14 11 15 13 20 17 19 18 22 23 21 24
