 10 16 11  3  1  2 14  8 17 13  4 18  5  9 15  6  7 12 19
  7  5  3 13  6 18  8 12 16  4 14 17 19 11  9  2 15 10  1
  5 14  8 11  7  1 18 13 10 16  6  9  2 15 12 19  4 17  3
 13 19  5 16  4  7 12  2  8 18  9 10  3  6 17 14  1 15 11
 17 12  2  5 16  6 10  7  9 14 13 15  8  1  3 11 19  4 18
  2  4 18 10 15  8  1 11  6 17 19 12  9  3 13  5 14 16  7
 19  3  1 12  5 11 15 14 18  7  8  4  6 17 16  9 13  2 10
  9 15 19  4 12  5 11 10  1  8 18  6 13 16  2  3 17  7 14
 16  6 17  8 18  9 13  1 14 10 12  3 11 19  4  7  2  5 15
 12  2  6  1 11 16 19  9  3 15  5  8 17 13  7 10 18 14  4
 18  1 15 14  3  4 16  6  7 12 11 13 10  2  8 17  9 19  5
 11  8 12 18 19 10  5  3 13  1 16  2 15  7 14  4  6  9 17
  6 11 14 15  8  3  2  5  4 19 17 16  7 10  1 13 12 18  9
  3 17  7 19 10 15  6 18 11  9  1 14 16  4  5 12  8 13  2
 14 18  9 17  2 12  7 16  5 11  3  1  4  8 19 15 10  6 13
  4  7 13  6 17 14  9 19 12  2 15 11  1 18 10  8  5  3 16
  1 10  4  9 14 13 17 15  2  6  7 19 18  5 11 16  3  8 12
 15 13 16  2  9 17  3  4 19  5 10  7 12 14  6 18 11  1  8
  8  9 10  7 13 19  4 17 15  3  2  5 14 12 18  1 16 11  6
