  8 11 18 12  1 15 10  9  3  2 19  5 13  7 17  6 16  4 14
 10  8  4 18 11  2  1  3 16 12 13  7 19 14 15 17  9  6  5
  3 12  8  9  7 19  2  4  5 13 14 11  1 18  6 15 17 16 10
 17 15  6  4  9  7  8 10  1 19 12 13  3 11 14 16  2  5 18
  9 10 11  6 17 13 18  8  2  3  7 12  5 19 16 14 15  1  4
 16  3 10  8  6  9 11  5 13 14 15 18  4  2  7 12  1 17 19
 18  9 17 10  8 11 15  1  4  5  3  2 12 13 19  7  6 14 16
  7 16 12  3 10  6  4  2 11  8 17 19 14  5  1 18 13 15  9
  5 14  2 11 12 10  9  6  8  1 18 15  7 16  4 19  3 13 17
 14  6  1  7  2  8 12 15 10 17 11  3 16  9  5  4 19 18 13
  2  1  9 14  4 17  3 11 12 10 16  8 15  6 18 13  5 19  7
 11  5 14 13  3  1 16 19  9  4  2 10  6 17 12  8 18  7 15
  6  4  3  1 18 14  7 13 19 15  5 16 17 12  8 11 10  9  2
 15 18 16 19 14  3 13  7 17  9  8  6 11 10  2  5  4 12  1
 13  2  5 15 16  4 19 12  7 11 10 17 18  3  9  1 14  8  6
  4 17 15  2 19 12  5 16 14 18  6  9 10  1 13  3  7 11  8
 19 13  7  5 15 18 17 14  6 16  9  1  8  4  3 10 12  2 11
 12  7 19 16 13  5 14 17 18  6  1  4  2 15 11  9  8 10  3
  1 19 13 17  5 16  6 18 15  7  4 14  9  8 10  2 11  3 12
