 18 13  9 10  3 16  1 11 14  7 12  5  4 15 19  2  8 17  6
 11  5  8 12  4  2  7  6  1 14 15 18  9 19 17 10 16  3 13
 16  6  4 14  1 17 13 18 19 10 11 15  8  7  5 12  2  9  3
  1 12  3 11  6 19 14  7  4 17 10  9 13  8 18  5 15  2 16
  9 18 11  7  2  3 15 12  6 16 17 10 19 13  1 14  5  4  8
 12  9 19 17 11 15 16  1 18  3  6  4  5 10 14  8 13  7  2
  8 16 17  6 15 11  2  4 13 18  7 14  3  5  9 19  1 12 10
  3  1 14  9 13  4 18  8 16  6  2 11 10 12  7 15 19  5 17
 14 17 13  3  8 18  6  2  7  1 16 12 15  4 10  9 11 19  5
 17  7  1 13  5 10  4  3 11 19  9  2 12 16  6 18 14  8 15
  5  3 18  1 17  9 11 19  2 13  8 16 14  6  4  7 10 15 12
 19 10 12  2 18  1  3 13  5 11  4  8  6 14 15 17  9 16  7
 15 14  2  8  7 13 10 16  3  4  5 19 11  9 12  6 17  1 18
 13 11 15 19 12  8  5 10 17  2  3  1  7 18 16  4  6 14  9
 10 19  5 16 14 12  8 17 15  9  1 13 18 11  2  3  7  6  4
  6 15  7  5 19 14 12  9 10  8 18 17  1  2  3 16  4 13 11
  2  4 16 18  9  7 19 15  8  5 13  6 17  3 11  1 12 10 14
  4  8 10 15 16  6 17  5  9 12 14  7  2  1 13 11  3 18 19
  7  2  6  4 10  5  9 14 12 15 19  3 16 17  8 13 18 11  1
