 18 17 10  1  5 12  2  6  9 14 11  4  7  8 15  3 16 13 19
  3 11 12 16 10  7  6  4 14  1  9  8  2  5 19 17 15 18 13
  9 18  3 10 15  5  4  7 13  8 19  2  6 12 14  1 11 16 17
  4 16  6 11  7  8 10 18  5 13  3 12  9 17  1 14  2 19 15
  2  3 13  7  1  4 12 10 16 15 14  5 17  9  8 19  6 11 18
  7  9 19 18  8 10  1 14 17  5 13 15 16  4  3  2 12  6 11
  1 10 11 19  4  9 14 13  2  7  6 17  8 15  5 12 18  3 16
 10  6 18  4 16 11  8  2 15 17  1 19  5 14 12  7 13  9  3
  6 13  1 15 17 18  7  8 10 11  5  9 12 19  4 16  3 14  2
 11 12 15  3 18  2 13  5  4 10 17  1 14  7 16  6 19  8  9
 17  7  8  5 19  3 18  9  1  2 10 11  4 16 13 15 14 12  6
 15  2  4  8  6  1 16  3 12 18  7 13 19 10  9 11 17  5 14
 12  1  7 17 13 16  5 15 18 19  8 14  3  6 11  9  4  2 10
  5 19 14  9  3 15 17  1  8  4 18 16 11  2  6 13  7 10 12
 19  5 17 14  2  6 15 16 11  9 12  3 10 13  7 18  1  4  8
 16 15  9 12 11 14  3 17 19  6  2 10 13  1 18  5  8  7  4
 14  4 16  6  9 13 11 19  3 12 15  7  1 18  2  8 10 17  5
 13  8  5  2 14 17 19 12  7  3 16  6 18 11 10  4  9 15  1
  8 14  2 13 12 19  9 11  6 16  4 18 15  3 17 10  5  1  7
