 10  9 14 11 13  8 12 21 17 20 16 19 15 18 22 28 25 27 23 26 24 35 29 30 34 31 32 33 36 40 42 38 39 37 41 44 48 45 49 47 43 46  7  1  2  6  5  3  4
 17 16 21 18 20 15 19 28 24 27 23 26 22 25 29 35 32 34 30 33 31 42 36 37 41 38 39 40 43 47 49 45 46 44 48  2  6  3  7  5  1  4 14  8  9 13 12 10 11
  3  2  7  4  6  1  5 14 10 13  9 12  8 11 15 21 18 20 16 19 17 28 22 23 27 24 25 26 29 33 35 31 32 30 34 37 41 38 42 40 36 39 49 43 44 48 47 45 46
 38 37 42 39 41 36 40 49 45 48 44 47 43 46  1  7  4  6  2  5  3 14  8  9 13 10 11 12 15 19 21 17 18 16 20 23 27 24 28 26 22 25 35 29 30 34 33 31 32
 31 30 35 32 34 29 33 42 38 41 37 40 36 39 43 49 46 48 44 47 45  7  1  2  6  3  4  5  8 12 14 10 11  9 13 16 20 17 21 19 15 18 28 22 23 27 26 24 25
 24 23 28 25 27 22 26 35 31 34 30 33 29 32 36 42 39 41 37 40 38 49 43 44 48 45 46 47  1  5  7  3  4  2  6  9 13 10 14 12  8 11 21 15 16 20 19 17 18
 45 44 49 46 48 43 47  7  3  6  2  5  1  4  8 14 11 13  9 12 10 21 15 16 20 17 18 19 22 26 28 24 25 23 27 30 34 31 35 33 29 32 42 36 37 41 40 38 39
 32 31 29 33 35 30 34 36 39 42 38 41 37 40 44 43 47 49 45 48 46  1  2  3  7  4  5  6  9 13  8 11 12 10 14 17 21 18 15 20 16 19 22 23 24 28 27 25 26
 46 45 43 47 49 44 48  1  4  7  3  6  2  5  9  8 12 14 10 13 11 15 16 17 21 18 19 20 23 27 22 25 26 24 28 31 35 32 29 34 30 33 36 37 38 42 41 39 40
 25 24 22 26 28 23 27 29 32 35 31 34 30 33 37 36 40 42 38 41 39 43 44 45 49 46 47 48  2  6  1  4  5  3  7 10 14 11  8 13  9 12 15 16 17 21 20 18 19
 11 10  8 12 14  9 13 15 18 21 17 20 16 19 23 22 26 28 24 27 25 29 30 31 35 32 33 34 37 41 36 39 40 38 42 45 49 46 43 48 44 47  1  2  3  7  6  4  5
 18 17 15 19 21 16 20 22 25 28 24 27 23 26 30 29 33 35 31 34 32 36 37 38 42 39 40 41 44 48 43 46 47 45 49  3  7  4  1  6  2  5  8  9 10 14 13 11 12
  4  3  1  5  7  2  6  8 11 14 10 13  9 12 16 15 19 21 17 20 18 22 23 24 28 25 26 27 30 34 29 32 33 31 35 38 42 39 36 41 37 40 43 44 45 49 48 46 47
 39 38 36 40 42 37 41 43 46 49 45 48 44 47  2  1  5  7  3  6  4  8  9 10 14 11 12 13 16 20 15 18 19 17 21 24 28 25 22 27 23 26 29 30 31 35 34 32 33
 33 32 30 34 29 31 35 37 40 36 39 42 38 41 45 44 48 43 46 49 47  2  3  4  1  5  6  7 10 14  9 12 13 11  8 18 15 19 16 21 17 20 23 24 25 22 28 26 27
  5  4  2  6  1  3  7  9 12  8 11 14 10 13 17 16 20 15 18 21 19 23 24 25 22 26 27 28 31 35 30 33 34 32 29 39 36 40 37 42 38 41 44 45 46 43 49 47 48
 19 18 16 20 15 17 21 23 26 22 25 28 24 27 31 30 34 29 32 35 33 37 38 39 36 40 41 42 45 49 44 47 48 46 43  4  1  5  2  7  3  6  9 10 11  8 14 12 13
 12 11  9 13  8 10 14 16 19 15 18 21 17 20 24 23 27 22 25 28 26 30 31 32 29 33 34 35 38 42 37 40 41 39 36 46 43 47 44 49 45 48  2  3  4  1  7  5  6
 40 39 37 41 36 38 42 44 47 43 46 49 45 48  3  2  6  1  4  7  5  9 10 11  8 12 13 14 17 21 16 19 20 18 15 25 22 26 23 28 24 27 30 31 32 29 35 33 34
 26 25 23 27 22 24 28 30 33 29 32 35 31 34 38 37 41 36 39 42 40 44 45 46 43 47 48 49  3  7  2  5  6  4  1 11  8 12  9 14 10 13 16 17 18 15 21 19 20
 47 46 44 48 43 45 49  2  5  1  4  7  3  6 10  9 13  8 11 14 12 16 17 18 15 19 20 21 24 28 23 26 27 25 22 32 29 33 30 35 31 34 37 38 39 36 42 40 41
 41 40 38 42 37 39 36 45 48 44 47 43 46 49  4  3  7  2  5  1  6 10 11 12  9 13 14  8 18 15 17 20 21 19 16 26 23 27 24 22 25 28 31 32 33 30 29 34 35
 13 12 10 14  9 11  8 17 20 16 19 15 18 21 25 24 28 23 26 22 27 31 32 33 30 34 35 29 39 36 38 41 42 40 37 47 44 48 45 43 46 49  3  4  5  2  1  6  7
 20 19 17 21 16 18 15 24 27 23 26 22 25 28 32 31 35 30 33 29 34 38 39 40 37 41 42 36 46 43 45 48 49 47 44  5  2  6  3  1  4  7 10 11 12  9  8 13 14
  6  5  3  7  2  4  1 10 13  9 12  8 11 14 18 17 21 16 19 15 20 24 25 26 23 27 28 22 32 29 31 34 35 33 30 40 37 41 38 36 39 42 45 46 47 44 43 48 49
 34 33 31 35 30 32 29 38 41 37 40 36 39 42 46 45 49 44 47 43 48  3  4  5  2  6  7  1 11  8 10 13 14 12  9 19 16 20 17 15 18 21 24 25 26 23 22 27 28
 27 26 24 28 23 25 22 31 34 30 33 29 32 35 39 38 42 37 40 36 41 45 46 47 44 48 49 43  4  1  3  6  7  5  2 12  9 13 10  8 11 14 17 18 19 16 15 20 21
 48 47 45 49 44 46 43  3  6  2  5  1  4  7 11 10 14  9 12  8 13 17 18 19 16 20 21 15 25 22 24 27 28 26 23 33 30 34 31 29 32 35 38 39 40 37 36 41 42
  7  6  4  1  3  5  2 11 14 10 13  9 12  8 19 18 15 17 20 16 21 25 26 27 24 28 22 23 33 30 32 35 29 34 31 41 38 42 39 37 40 36 46 47 48 45 44 49 43
 28 27 25 22 24 26 23 32 35 31 34 30 33 29 40 39 36 38 41 37 42 46 47 48 45 49 43 44  5  2  4  7  1  6  3 13 10 14 11  9 12  8 18 19 20 17 16 21 15
 14 13 11  8 10 12  9 18 21 17 20 16 19 15 26 25 22 24 27 23 28 32 33 34 31 35 29 30 40 37 39 42 36 41 38 48 45 49 46 44 47 43  4  5  6  3  2  7  1
 35 34 32 29 31 33 30 39 42 38 41 37 40 36 47 46 43 45 48 44 49  4  5  6  3  7  1  2 12  9 11 14  8 13 10 20 17 21 18 16 19 15 25 26 27 24 23 28 22
 21 20 18 15 17 19 16 25 28 24 27 23 26 22 33 32 29 31 34 30 35 39 40 41 38 42 36 37 47 44 46 49 43 48 45  6  3  7  4  2  5  1 11 12 13 10  9 14  8
 49 48 46 43 45 47 44  4  7  3  6  2  5  1 12 11  8 10 13  9 14 18 19 20 17 21 15 16 26 23 25 28 22 27 24 34 31 35 32 30 33 29 39 40 41 38 37 42 36
 42 41 39 36 38 40 37 46 49 45 48 44 47 43  5  4  1  3  6  2  7 11 12 13 10 14  8  9 19 16 18 21 15 20 17 27 24 28 25 23 26 22 32 33 34 31 30 35 29
 15 21 19 16 18 20 17 26 22 25 28 24 27 23 34 33 30 32 35 31 29 40 41 42 39 36 37 38 48 45 47 43 44 49 46  7  4  1  5  3  6  2 12 13 14 11 10  8  9
  8 14 12  9 11 13 10 19 15 18 21 17 20 16 27 26 23 25 28 24 22 33 34 35 32 29 30 31 41 38 40 36 37 42 39 49 46 43 47 45 48 44  5  6  7  4  3  1  2
 43 49 47 44 46 48 45  5  1  4  7  3  6  2 13 12  9 11 14 10  8 19 20 21 18 15 16 17 27 24 26 22 23 28 25 35 32 29 33 31 34 30 40 41 42 39 38 36 37
 36 42 40 37 39 41 38 47 43 46 49 45 48 44  6  5  2  4  7  3  1 12 13 14 11  8  9 10 20 17 19 15 16 21 18 28 25 22 26 24 27 23 33 34 35 32 31 29 30
 22 28 26 23 25 27 24 33 29 32 35 31 34 30 41 40 37 39 42 38 36 47 48 49 46 43 44 45  6  3  5  1  2  7  4 14 11  8 12 10 13  9 19 20 21 18 17 15 16
 29 35 33 30 32 34 31 40 36 39 42 38 41 37 48 47 44 46 49 45 43  5  6  7  4  1  2  3 13 10 12  8  9 14 11 21 18 15 19 17 20 16 26 27 28 25 24 22 23
  1  7  5  2  4  6  3 12  8 11 14 10 13  9 20 19 16 18 21 17 15 26 27 28 25 22 23 24 34 31 33 29 30 35 32 42 39 36 40 38 41 37 47 48 49 46 45 43 44
  2  1  6  3  5  7  4 13  9 12  8 11 14 10 21 20 17 19 15 18 16 27 28 22 26 23 24 25 35 32 34 30 31 29 33 36 40 37 41 39 42 38 48 49 43 47 46 44 45
 30 29 34 31 33 35 32 41 37 40 36 39 42 38 49 48 45 47 43 46 44  6  7  1  5  2  3  4 14 11 13  9 10  8 12 15 19 16 20 18 21 17 27 28 22 26 25 23 24
 23 22 27 24 26 28 25 34 30 33 29 32 35 31 42 41 38 40 36 39 37 48 49 43 47 44 45 46  7  4  6  2  3  1  5  8 12  9 13 11 14 10 20 21 15 19 18 16 17
 16 15 20 17 19 21 18 27 23 26 22 25 28 24 35 34 31 33 29 32 30 41 42 36 40 37 38 39 49 46 48 44 45 43 47  1  5  2  6  4  7  3 13 14  8 12 11  9 10
 44 43 48 45 47 49 46  6  2  5  1  4  7  3 14 13 10 12  8 11  9 20 21 15 19 16 17 18 28 25 27 23 24 22 26 29 33 30 34 32 35 31 41 42 36 40 39 37 38
  9  8 13 10 12 14 11 20 16 19 15 18 21 17 28 27 24 26 22 25 23 34 35 29 33 30 31 32 42 39 41 37 38 36 40 43 47 44 48 46 49 45  6  7  1  5  4  2  3
 37 36 41 38 40 42 39 48 44 47 43 46 49 45  7  6  3  5  1  4  2 13 14  8 12  9 10 11 21 18 20 16 17 15 19 22 26 23 27 25 28 24 34 35 29 33 32 30 31
