  3  5  2  4  1  9 10  7  6  8 15 13 11 14 12 16 17 20 18 19 24 22 23 25 21 29 27 28 30 26
  8 10  7  9  6 14 15 12 11 13 20 18 16 19 17 21 22 25 23 24 29 27 28 30 26  4  2  3  5  1
 23 25 22 24 21 29 30 27 26 28  5  3  1  4  2  6  7 10  8  9 14 12 13 15 11 19 17 18 20 16
 13 15 12 14 11 19 20 17 16 18 25 23 21 24 22 26 27 30 28 29  4  2  3  5  1  9  7  8 10  6
 28 30 27 29 26  4  5  2  1  3 10  8  6  9  7 11 12 15 13 14 19 17 18 20 16 24 22 23 25 21
 18 20 17 19 16 24 25 22 21 23 30 28 26 29 27  1  2  5  3  4  9  7  8 10  6 14 12 13 15 11
 24 21 23 25 22 30 26 28 27 29  1  4  2  5  3  7  8  6  9 10 15 13 14 11 12 20 18 19 16 17
 19 16 18 20 17 25 21 23 22 24 26 29 27 30 28  2  3  1  4  5 10  8  9  6  7 15 13 14 11 12
  9  6  8 10  7 15 11 13 12 14 16 19 17 20 18 22 23 21 24 25 30 28 29 26 27  5  3  4  1  2
  4  1  3  5  2 10  6  8  7  9 11 14 12 15 13 17 18 16 19 20 25 23 24 21 22 30 28 29 26 27
 29 26 28 30 27  5  1  3  2  4  6  9  7 10  8 12 13 11 14 15 20 18 19 16 17 25 23 24 21 22
 14 11 13 15 12 20 16 18 17 19 21 24 22 25 23 27 28 26 29 30  5  3  4  1  2 10  8  9  6  7
 10  7  9  6  8 11 12 14 13 15 17 20 18 16 19 23 24 22 25 21 26 29 30 27 28  1  4  5  2  3
 30 27 29 26 28  1  2  4  3  5  7 10  8  6  9 13 14 12 15 11 16 19 20 17 18 21 24 25 22 23
 20 17 19 16 18 21 22 24 23 25 27 30 28 26 29  3  4  2  5  1  6  9 10  7  8 11 14 15 12 13
 25 22 24 21 23 26 27 29 28 30  2  5  3  1  4  8  9  7 10  6 11 14 15 12 13 16 19 20 17 18
 15 12 14 11 13 16 17 19 18 20 22 25 23 21 24 28 29 27 30 26  1  4  5  2  3  6  9 10  7  8
  5  2  4  1  3  6  7  9  8 10 12 15 13 11 14 18 19 17 20 16 21 24 25 22 23 26 29 30 27 28
 21 23 25 22 24 27 28 30 29 26  3  1  4  2  5  9 10  8  6  7 12 15 11 13 14 17 20 16 18 19
 16 18 20 17 19 22 23 25 24 21 28 26 29 27 30  4  5  3  1  2  7 10  6  8  9 12 15 11 13 14
  1  3  5  2  4  7  8 10  9  6 13 11 14 12 15 19 20 18 16 17 22 25 21 23 24 27 30 26 28 29
 26 28 30 27 29  2  3  5  4  1  8  6  9  7 10 14 15 13 11 12 17 20 16 18 19 22 25 21 23 24
 11 13 15 12 14 17 18 20 19 16 23 21 24 22 25 29 30 28 26 27  2  5  1  3  4  7 10  6  8  9
  6  8 10  7  9 12 13 15 14 11 18 16 19 17 20 24 25 23 21 22 27 30 26 28 29  2  5  1  3  4
  2  4  1  3  5  8  9  6 10  7 14 12 15 13 11 20 16 19 17 18 23 21 22 24 25 28 26 27 29 30
 22 24 21 23 25 28 29 26 30 27  4  2  5  3  1 10  6  9  7  8 13 11 12 14 15 18 16 17 19 20
 17 19 16 18 20 23 24 21 25 22 29 27 30 28 26  5  1  4  2  3  8  6  7  9 10 13 11 12 14 15
 12 14 11 13 15 18 19 16 20 17 24 22 25 23 21 30 26 29 27 28  3  1  2  4  5  8  6  7  9 10
  7  9  6  8 10 13 14 11 15 12 19 17 20 18 16 25 21 24 22 23 28 26 27 29 30  3  1  2  4  5
 27 29 26 28 30  3  4  1  5  2  9  7 10  8  6 15 11 14 12 13 18 16 17 19 20 23 21 22 24 25
