 18 17 19 16 20 24 25 21 22 23 26 27 29 28 30  4  5  1  3  2  7  6 10  9  8 13 14 11 12 15
  8  7  9  6 10 14 15 11 12 13 16 17 19 18 20 24 25 21 23 22 27 26 30 29 28  3  4  1  2  5
 23 22 24 21 25 29 30 26 27 28  1  2  4  3  5  9 10  6  8  7 12 11 15 14 13 18 19 16 17 20
 28 27 29 26 30  4  5  1  2  3  6  7  9  8 10 14 15 11 13 12 17 16 20 19 18 23 24 21 22 25
  3  2  4  1  5  9 10  6  7  8 11 12 14 13 15 19 20 16 18 17 22 21 25 24 23 28 29 26 27 30
 13 12 14 11 15 19 20 16 17 18 21 22 24 23 25 29 30 26 28 27  2  1  5  4  3  8  9  6  7 10
 29 28 30 27 26  5  1  2  3  4  7  8 10  9  6 15 11 12 14 13 18 17 16 20 19 24 25 22 23 21
  4  3  5  2  1 10  6  7  8  9 12 13 15 14 11 20 16 17 19 18 23 22 21 25 24 29 30 27 28 26
 19 18 20 17 16 25 21 22 23 24 27 28 30 29 26  5  1  2  4  3  8  7  6 10  9 14 15 12 13 11
 14 13 15 12 11 20 16 17 18 19 22 23 25 24 21 30 26 27 29 28  3  2  1  5  4  9 10  7  8  6
 24 23 25 22 21 30 26 27 28 29  2  3  5  4  1 10  6  7  9  8 13 12 11 15 14 19 20 17 18 16
  9  8 10  7  6 15 11 12 13 14 17 18 20 19 16 25 21 22 24 23 28 27 26 30 29  4  5  2  3  1
 15 14 11 13 12 16 17 18 19 20 23 24 21 25 22 26 27 28 30 29  4  3  2  1  5 10  6  8  9  7
 10  9  6  8  7 11 12 13 14 15 18 19 16 20 17 21 22 23 25 24 29 28 27 26 30  5  1  3  4  2
 25 24 21 23 22 26 27 28 29 30  3  4  1  5  2  6  7  8 10  9 14 13 12 11 15 20 16 18 19 17
 30 29 26 28 27  1  2  3  4  5  8  9  6 10  7 11 12 13 15 14 19 18 17 16 20 25 21 23 24 22
 20 19 16 18 17 21 22 23 24 25 28 29 26 30 27  1  2  3  5  4  9  8  7  6 10 15 11 13 14 12
  5  4  1  3  2  6  7  8  9 10 13 14 11 15 12 16 17 18 20 19 24 23 22 21 25 30 26 28 29 27
 21 25 22 24 23 27 28 29 30 26  4  5  2  1  3  7  8  9  6 10 15 14 13 12 11 16 17 19 20 18
 11 15 12 14 13 17 18 19 20 16 24 25 22 21 23 27 28 29 26 30  5  4  3  2  1  6  7  9 10  8
 26 30 27 29 28  2  3  4  5  1  9 10  7  6  8 12 13 14 11 15 20 19 18 17 16 21 22 24 25 23
  1  5  2  4  3  7  8  9 10  6 14 15 12 11 13 17 18 19 16 20 25 24 23 22 21 26 27 29 30 28
 16 20 17 19 18 22 23 24 25 21 29 30 27 26 28  2  3  4  1  5 10  9  8  7  6 11 12 14 15 13
  6 10  7  9  8 12 13 14 15 11 19 20 17 16 18 22 23 24 21 25 30 29 28 27 26  1  2  4  5  3
  7  6  8 10  9 13 14 15 11 12 20 16 18 17 19 23 24 25 22 21 26 30 29 28 27  2  3  5  1  4
 27 26 28 30 29  3  4  5  1  2 10  6  8  7  9 13 14 15 12 11 16 20 19 18 17 22 23 25 21 24
  2  1  3  5  4  8  9 10  6  7 15 11 13 12 14 18 19 20 17 16 21 25 24 23 22 27 28 30 26 29
 17 16 18 20 19 23 24 25 21 22 30 26 28 27 29  3  4  5  2  1  6 10  9  8  7 12 13 15 11 14
 22 21 23 25 24 28 29 30 26 27  5  1  3  2  4  8  9 10  7  6 11 15 14 13 12 17 18 20 16 19
 12 11 13 15 14 18 19 20 16 17 25 21 23 22 24 28 29 30 27 26  1  5  4  3  2  7  8 10  6  9
