 27 26 28 29 30  5  1  2  3  4  9  7  8 10  6 11 12 14 15 13 16 19 17 18 20 21 24 22 23 25
 17 16 18 19 20 25 21 22 23 24 29 27 28 30 26  1  2  4  5  3  6  9  7  8 10 11 14 12 13 15
  2  1  3  4  5 10  6  7  8  9 14 12 13 15 11 16 17 19 20 18 21 24 22 23 25 26 29 27 28 30
 12 11 13 14 15 20 16 17 18 19 24 22 23 25 21 26 27 29 30 28  1  4  2  3  5  6  9  7  8 10
  7  6  8  9 10 15 11 12 13 14 19 17 18 20 16 21 22 24 25 23 26 29 27 28 30  1  4  2  3  5
 22 21 23 24 25 30 26 27 28 29  4  2  3  5  1  6  7  9 10  8 11 14 12 13 15 16 19 17 18 20
  3  2  4  5  1  6  7  8  9 10 15 13 14 11 12 17 18 20 16 19 22 25 23 24 21 27 30 28 29 26
 28 27 29 30 26  1  2  3  4  5 10  8  9  6  7 12 13 15 11 14 17 20 18 19 16 22 25 23 24 21
 18 17 19 20 16 21 22 23 24 25 30 28 29 26 27  2  3  5  1  4  7 10  8  9  6 12 15 13 14 11
  8  7  9 10  6 11 12 13 14 15 20 18 19 16 17 22 23 25 21 24 27 30 28 29 26  2  5  3  4  1
 23 22 24 25 21 26 27 28 29 30  5  3  4  1  2  7  8 10  6  9 12 15 13 14 11 17 20 18 19 16
 13 12 14 15 11 16 17 18 19 20 25 23 24 21 22 27 28 30 26 29  2  5  3  4  1  7 10  8  9  6
 24 23 25 21 22 27 28 29 30 26  1  4  5  2  3  8  9  6  7 10 13 11 14 15 12 18 16 19 20 17
 29 28 30 26 27  2  3  4  5  1  6  9 10  7  8 13 14 11 12 15 18 16 19 20 17 23 21 24 25 22
  4  3  5  1  2  7  8  9 10  6 11 14 15 12 13 18 19 16 17 20 23 21 24 25 22 28 26 29 30 27
 19 18 20 16 17 22 23 24 25 21 26 29 30 27 28  3  4  1  2  5  8  6  9 10  7 13 11 14 15 12
  9  8 10  6  7 12 13 14 15 11 16 19 20 17 18 23 24 21 22 25 28 26 29 30 27  3  1  4  5  2
 14 13 15 11 12 17 18 19 20 16 21 24 25 22 23 28 29 26 27 30  3  1  4  5  2  8  6  9 10  7
 15 14 11 12 13 18 19 20 16 17 22 25 21 23 24 29 30 27 28 26  4  2  5  1  3  9  7 10  6  8
 20 19 16 17 18 23 24 25 21 22 27 30 26 28 29  4  5  2  3  1  9  7 10  6  8 14 12 15 11 13
 25 24 21 22 23 28 29 30 26 27  2  5  1  3  4  9 10  7  8  6 14 12 15 11 13 19 17 20 16 18
 10  9  6  7  8 13 14 15 11 12 17 20 16 18 19 24 25 22 23 21 29 27 30 26 28  4  2  5  1  3
 30 29 26 27 28  3  4  5  1  2  7 10  6  8  9 14 15 12 13 11 19 17 20 16 18 24 22 25 21 23
  5  4  1  2  3  8  9 10  6  7 12 15 11 13 14 19 20 17 18 16 24 22 25 21 23 29 27 30 26 28
 26 30 27 28 29  4  5  1  2  3  8  6  7  9 10 15 11 13 14 12 20 18 16 17 19 25 23 21 22 24
 16 20 17 18 19 24 25 21 22 23 28 26 27 29 30  5  1  3  4  2 10  8  6  7  9 15 13 11 12 14
 21 25 22 23 24 29 30 26 27 28  3  1  2  4  5 10  6  8  9  7 15 13 11 12 14 20 18 16 17 19
 11 15 12 13 14 19 20 16 17 18 23 21 22 24 25 30 26 28 29 27  5  3  1  2  4 10  8  6  7  9
  1  5  2  3  4  9 10  6  7  8 13 11 12 14 15 20 16 18 19 17 25 23 21 22 24 30 28 26 27 29
  6 10  7  8  9 14 15 11 12 13 18 16 17 19 20 25 21 23 24 22 30 28 26 27 29  5  3  1  2  4
