 42 44 41 47 50 46 48 45 49 43 58 53 51 60 57 56 55 59 52 54  4  8  6  7  1  3 10  9  5  2 16 12 17 11 20 13 19 15 18 14 29 25 30 27 23 28 26 24 21 22 33 36 32 35 38 31 39 37 34 40
  2  4  1  7 10  6  8  5  9  3 18 13 11 20 17 16 15 19 12 14 24 28 26 27 21 23 30 29 25 22 36 32 37 31 40 33 39 35 38 34 49 45 50 47 43 48 46 44 41 42 53 56 52 55 58 51 59 57 54 60
 32 34 31 37 40 36 38 35 39 33 48 43 41 50 47 46 45 49 42 44 54 58 56 57 51 53 60 59 55 52  6  2  7  1 10  3  9  5  8  4 19 15 20 17 13 18 16 14 11 12 23 26 22 25 28 21 29 27 24 30
 12 14 11 17 20 16 18 15 19 13 28 23 21 30 27 26 25 29 22 24 34 38 36 37 31 33 40 39 35 32 46 42 47 41 50 43 49 45 48 44 59 55 60 57 53 58 56 54 51 52  3  6  2  5  8  1  9  7  4 10
 52 54 51 57 60 56 58 55 59 53  8  3  1 10  7  6  5  9  2  4 14 18 16 17 11 13 20 19 15 12 26 22 27 21 30 23 29 25 28 24 39 35 40 37 33 38 36 34 31 32 43 46 42 45 48 41 49 47 44 50
 22 24 21 27 30 26 28 25 29 23 38 33 31 40 37 36 35 39 32 34 44 48 46 47 41 43 50 49 45 42 56 52 57 51 60 53 59 55 58 54  9  5 10  7  3  8  6  4  1  2 13 16 12 15 18 11 19 17 14 20
 53 55 52 58 51 57 59 56 60 54  9  4  2  1  8  7  6 10  3  5 15 19 17 18 12 14 11 20 16 13 27 23 28 22 21 24 30 26 29 25 40 36 31 38 34 39 37 35 32 33 44 47 43 46 49 42 50 48 45 41
 23 25 22 28 21 27 29 26 30 24 39 34 32 31 38 37 36 40 33 35 45 49 47 48 42 44 41 50 46 43 57 53 58 52 51 54 60 56 59 55 10  6  1  8  4  9  7  5  2  3 14 17 13 16 19 12 20 18 15 11
 33 35 32 38 31 37 39 36 40 34 49 44 42 41 48 47 46 50 43 45 55 59 57 58 52 54 51 60 56 53  7  3  8  2  1  4 10  6  9  5 20 16 11 18 14 19 17 15 12 13 24 27 23 26 29 22 30 28 25 21
 43 45 42 48 41 47 49 46 50 44 59 54 52 51 58 57 56 60 53 55  5  9  7  8  2  4  1 10  6  3 17 13 18 12 11 14 20 16 19 15 30 26 21 28 24 29 27 25 22 23 34 37 33 36 39 32 40 38 35 31
 13 15 12 18 11 17 19 16 20 14 29 24 22 21 28 27 26 30 23 25 35 39 37 38 32 34 31 40 36 33 47 43 48 42 41 44 50 46 49 45 60 56 51 58 54 59 57 55 52 53  4  7  3  6  9  2 10  8  5  1
  3  5  2  8  1  7  9  6 10  4 19 14 12 11 18 17 16 20 13 15 25 29 27 28 22 24 21 30 26 23 37 33 38 32 31 34 40 36 39 35 50 46 41 48 44 49 47 45 42 43 54 57 53 56 59 52 60 58 55 51
 14 16 13 19 12 18 20 17 11 15 30 25 23 22 29 28 27 21 24 26 36 40 38 39 33 35 32 31 37 34 48 44 49 43 42 45 41 47 50 46 51 57 52 59 55 60 58 56 53 54  5  8  4  7 10  3  1  9  6  2
 44 46 43 49 42 48 50 47 41 45 60 55 53 52 59 58 57 51 54 56  6 10  8  9  3  5  2  1  7  4 18 14 19 13 12 15 11 17 20 16 21 27 22 29 25 30 28 26 23 24 35 38 34 37 40 33 31 39 36 32
  4  6  3  9  2  8 10  7  1  5 20 15 13 12 19 18 17 11 14 16 26 30 28 29 23 25 22 21 27 24 38 34 39 33 32 35 31 37 40 36 41 47 42 49 45 50 48 46 43 44 55 58 54 57 60 53 51 59 56 52
 34 36 33 39 32 38 40 37 31 35 50 45 43 42 49 48 47 41 44 46 56 60 58 59 53 55 52 51 57 54  8  4  9  3  2  5  1  7 10  6 11 17 12 19 15 20 18 16 13 14 25 28 24 27 30 23 21 29 26 22
 54 56 53 59 52 58 60 57 51 55 10  5  3  2  9  8  7  1  4  6 16 20 18 19 13 15 12 11 17 14 28 24 29 23 22 25 21 27 30 26 31 37 32 39 35 40 38 36 33 34 45 48 44 47 50 43 41 49 46 42
 24 26 23 29 22 28 30 27 21 25 40 35 33 32 39 38 37 31 34 36 46 50 48 49 43 45 42 41 47 44 58 54 59 53 52 55 51 57 60 56  1  7  2  9  5 10  8  6  3  4 15 18 14 17 20 13 11 19 16 12
  5  7  4 10  3  9  1  8  2  6 11 16 14 13 20 19 18 12 15 17 27 21 29 30 24 26 23 22 28 25 39 35 40 34 33 36 32 38 31 37 42 48 43 50 46 41 49 47 44 45 56 59 55 58 51 54 52 60 57 53
 35 37 34 40 33 39 31 38 32 36 41 46 44 43 50 49 48 42 45 47 57 51 59 60 54 56 53 52 58 55  9  5 10  4  3  6  2  8  1  7 12 18 13 20 16 11 19 17 14 15 26 29 25 28 21 24 22 30 27 23
 55 57 54 60 53 59 51 58 52 56  1  6  4  3 10  9  8  2  5  7 17 11 19 20 14 16 13 12 18 15 29 25 30 24 23 26 22 28 21 27 32 38 33 40 36 31 39 37 34 35 46 49 45 48 41 44 42 50 47 43
 25 27 24 30 23 29 21 28 22 26 31 36 34 33 40 39 38 32 35 37 47 41 49 50 44 46 43 42 48 45 59 55 60 54 53 56 52 58 51 57  2  8  3 10  6  1  9  7  4  5 16 19 15 18 11 14 12 20 17 13
 45 47 44 50 43 49 41 48 42 46 51 56 54 53 60 59 58 52 55 57  7  1  9 10  4  6  3  2  8  5 19 15 20 14 13 16 12 18 11 17 22 28 23 30 26 21 29 27 24 25 36 39 35 38 31 34 32 40 37 33
 15 17 14 20 13 19 11 18 12 16 21 26 24 23 30 29 28 22 25 27 37 31 39 40 34 36 33 32 38 35 49 45 50 44 43 46 42 48 41 47 52 58 53 60 56 51 59 57 54 55  6  9  5  8  1  4  2 10  7  3
 46 48 45 41 44 50 42 49 43 47 52 57 55 54 51 60 59 53 56 58  8  2 10  1  5  7  4  3  9  6 20 16 11 15 14 17 13 19 12 18 23 29 24 21 27 22 30 28 25 26 37 40 36 39 32 35 33 31 38 34
 36 38 35 31 34 40 32 39 33 37 42 47 45 44 41 50 49 43 46 48 58 52 60 51 55 57 54 53 59 56 10  6  1  5  4  7  3  9  2  8 13 19 14 11 17 12 20 18 15 16 27 30 26 29 22 25 23 21 28 24
  6  8  5  1  4 10  2  9  3  7 12 17 15 14 11 20 19 13 16 18 28 22 30 21 25 27 24 23 29 26 40 36 31 35 34 37 33 39 32 38 43 49 44 41 47 42 50 48 45 46 57 60 56 59 52 55 53 51 58 54
 16 18 15 11 14 20 12 19 13 17 22 27 25 24 21 30 29 23 26 28 38 32 40 31 35 37 34 33 39 36 50 46 41 45 44 47 43 49 42 48 53 59 54 51 57 52 60 58 55 56  7 10  6  9  2  5  3  1  8  4
 56 58 55 51 54 60 52 59 53 57  2  7  5  4  1 10  9  3  6  8 18 12 20 11 15 17 14 13 19 16 30 26 21 25 24 27 23 29 22 28 33 39 34 31 37 32 40 38 35 36 47 50 46 49 42 45 43 41 48 44
 26 28 25 21 24 30 22 29 23 27 32 37 35 34 31 40 39 33 36 38 48 42 50 41 45 47 44 43 49 46 60 56 51 55 54 57 53 59 52 58  3  9  4  1  7  2 10  8  5  6 17 20 16 19 12 15 13 11 18 14
 57 59 56 52 55 51 53 60 54 58  3  8  6  5  2  1 10  4  7  9 19 13 11 12 16 18 15 14 20 17 21 27 22 26 25 28 24 30 23 29 34 40 35 32 38 33 31 39 36 37 48 41 47 50 43 46 44 42 49 45
 17 19 16 12 15 11 13 20 14 18 23 28 26 25 22 21 30 24 27 29 39 33 31 32 36 38 35 34 40 37 41 47 42 46 45 48 44 50 43 49 54 60 55 52 58 53 51 59 56 57  8  1  7 10  3  6  4  2  9  5
 47 49 46 42 45 41 43 50 44 48 53 58 56 55 52 51 60 54 57 59  9  3  1  2  6  8  5  4 10  7 11 17 12 16 15 18 14 20 13 19 24 30 25 22 28 23 21 29 26 27 38 31 37 40 33 36 34 32 39 35
  7  9  6  2  5  1  3 10  4  8 13 18 16 15 12 11 20 14 17 19 29 23 21 22 26 28 25 24 30 27 31 37 32 36 35 38 34 40 33 39 44 50 45 42 48 43 41 49 46 47 58 51 57 60 53 56 54 52 59 55
 27 29 26 22 25 21 23 30 24 28 33 38 36 35 32 31 40 34 37 39 49 43 41 42 46 48 45 44 50 47 51 57 52 56 55 58 54 60 53 59  4 10  5  2  8  3  1  9  6  7 18 11 17 20 13 16 14 12 19 15
 37 39 36 32 35 31 33 40 34 38 43 48 46 45 42 41 50 44 47 49 59 53 51 52 56 58 55 54 60 57  1  7  2  6  5  8  4 10  3  9 14 20 15 12 18 13 11 19 16 17 28 21 27 30 23 26 24 22 29 25
 38 40 37 33 36 32 34 31 35 39 44 49 47 46 43 42 41 45 48 50 60 54 52 53 57 59 56 55 51 58  2  8  3  7  6  9  5  1  4 10 15 11 16 13 19 14 12 20 17 18 29 22 28 21 24 27 25 23 30 26
 58 60 57 53 56 52 54 51 55 59  4  9  7  6  3  2  1  5  8 10 20 14 12 13 17 19 16 15 11 18 22 28 23 27 26 29 25 21 24 30 35 31 36 33 39 34 32 40 37 38 49 42 48 41 44 47 45 43 50 46
 28 30 27 23 26 22 24 21 25 29 34 39 37 36 33 32 31 35 38 40 50 44 42 43 47 49 46 45 41 48 52 58 53 57 56 59 55 51 54 60  5  1  6  3  9  4  2 10  7  8 19 12 18 11 14 17 15 13 20 16
  8 10  7  3  6  2  4  1  5  9 14 19 17 16 13 12 11 15 18 20 30 24 22 23 27 29 26 25 21 28 32 38 33 37 36 39 35 31 34 40 45 41 46 43 49 44 42 50 47 48 59 52 58 51 54 57 55 53 60 56
 48 50 47 43 46 42 44 41 45 49 54 59 57 56 53 52 51 55 58 60 10  4  2  3  7  9  6  5  1  8 12 18 13 17 16 19 15 11 14 20 25 21 26 23 29 24 22 30 27 28 39 32 38 31 34 37 35 33 40 36
 18 20 17 13 16 12 14 11 15 19 24 29 27 26 23 22 21 25 28 30 40 34 32 33 37 39 36 35 31 38 42 48 43 47 46 49 45 41 44 50 55 51 56 53 59 54 52 60 57 58  9  2  8  1  4  7  5  3 10  6
 29 21 28 24 27 23 25 22 26 30 35 40 38 37 34 33 32 36 39 31 41 45 43 44 48 50 47 46 42 49 53 59 54 58 57 60 56 52 55 51  6  2  7  4 10  5  3  1  8  9 20 13 19 12 15 18 16 14 11 17
 39 31 38 34 37 33 35 32 36 40 45 50 48 47 44 43 42 46 49 41 51 55 53 54 58 60 57 56 52 59  3  9  4  8  7 10  6  2  5  1 16 12 17 14 20 15 13 11 18 19 30 23 29 22 25 28 26 24 21 27
 49 41 48 44 47 43 45 42 46 50 55 60 58 57 54 53 52 56 59 51  1  5  3  4  8 10  7  6  2  9 13 19 14 18 17 20 16 12 15 11 26 22 27 24 30 25 23 21 28 29 40 33 39 32 35 38 36 34 31 37
 59 51 58 54 57 53 55 52 56 60  5 10  8  7  4  3  2  6  9  1 11 15 13 14 18 20 17 16 12 19 23 29 24 28 27 30 26 22 25 21 36 32 37 34 40 35 33 31 38 39 50 43 49 42 45 48 46 44 41 47
  9  1  8  4  7  3  5  2  6 10 15 20 18 17 14 13 12 16 19 11 21 25 23 24 28 30 27 26 22 29 33 39 34 38 37 40 36 32 35 31 46 42 47 44 50 45 43 41 48 49 60 53 59 52 55 58 56 54 51 57
 19 11 18 14 17 13 15 12 16 20 25 30 28 27 24 23 22 26 29 21 31 35 33 34 38 40 37 36 32 39 43 49 44 48 47 50 46 42 45 41 56 52 57 54 60 55 53 51 58 59 10  3  9  2  5  8  6  4  1  7
 20 12 19 15 18 14 16 13 17 11 26 21 29 28 25 24 23 27 30 22 32 36 34 35 39 31 38 37 33 40 44 50 45 49 48 41 47 43 46 42 57 53 58 55 51 56 54 52 59 60  1  4 10  3  6  9  7  5  2  8
 60 52 59 55 58 54 56 53 57 51  6  1  9  8  5  4  3  7 10  2 12 16 14 15 19 11 18 17 13 20 24 30 25 29 28 21 27 23 26 22 37 33 38 35 31 36 34 32 39 40 41 44 50 43 46 49 47 45 42 48
 30 22 29 25 28 24 26 23 27 21 36 31 39 38 35 34 33 37 40 32 42 46 44 45 49 41 48 47 43 50 54 60 55 59 58 51 57 53 56 52  7  3  8  5  1  6  4  2  9 10 11 14 20 13 16 19 17 15 12 18
 10  2  9  5  8  4  6  3  7  1 16 11 19 18 15 14 13 17 20 12 22 26 24 25 29 21 28 27 23 30 34 40 35 39 38 31 37 33 36 32 47 43 48 45 41 46 44 42 49 50 51 54 60 53 56 59 57 55 52 58
 40 32 39 35 38 34 36 33 37 31 46 41 49 48 45 44 43 47 50 42 52 56 54 55 59 51 58 57 53 60  4 10  5  9  8  1  7  3  6  2 17 13 18 15 11 16 14 12 19 20 21 24 30 23 26 29 27 25 22 28
 50 42 49 45 48 44 46 43 47 41 56 51 59 58 55 54 53 57 60 52  2  6  4  5  9  1  8  7  3 10 14 20 15 19 18 11 17 13 16 12 27 23 28 25 21 26 24 22 29 30 31 34 40 33 36 39 37 35 32 38
 51 53 60 56 59 55 57 54 58 52  7  2 10  9  6  5  4  8  1  3 13 17 15 16 20 12 19 18 14 11 25 21 26 30 29 22 28 24 27 23 38 34 39 36 32 37 35 33 40 31 42 45 41 44 47 50 48 46 43 49
 21 23 30 26 29 25 27 24 28 22 37 32 40 39 36 35 34 38 31 33 43 47 45 46 50 42 49 48 44 41 55 51 56 60 59 52 58 54 57 53  8  4  9  6  2  7  5  3 10  1 12 15 11 14 17 20 18 16 13 19
 41 43 50 46 49 45 47 44 48 42 57 52 60 59 56 55 54 58 51 53  3  7  5  6 10  2  9  8  4  1 15 11 16 20 19 12 18 14 17 13 28 24 29 26 22 27 25 23 30 21 32 35 31 34 37 40 38 36 33 39
 11 13 20 16 19 15 17 14 18 12 27 22 30 29 26 25 24 28 21 23 33 37 35 36 40 32 39 38 34 31 45 41 46 50 49 42 48 44 47 43 58 54 59 56 52 57 55 53 60 51  2  5  1  4  7 10  8  6  3  9
 31 33 40 36 39 35 37 34 38 32 47 42 50 49 46 45 44 48 41 43 53 57 55 56 60 52 59 58 54 51  5  1  6 10  9  2  8  4  7  3 18 14 19 16 12 17 15 13 20 11 22 25 21 24 27 30 28 26 23 29
  1  3 10  6  9  5  7  4  8  2 17 12 20 19 16 15 14 18 11 13 23 27 25 26 30 22 29 28 24 21 35 31 36 40 39 32 38 34 37 33 48 44 49 46 42 47 45 43 50 41 52 55 51 54 57 60 58 56 53 59
