 31 34 39 35 32 36 37 33 38 40 44 46 49 41 47 48 42 45 43 50 56 58 57 60 59 54 55 51 53 52  5 10  2  8  7  3  6  1  4  9 15 16 11 18 13 19 14 17 12 20 26 23 25 28 21 22 24 30 27 29
  1  4  9  5  2  6  7  3  8 10 14 16 19 11 17 18 12 15 13 20 26 28 27 30 29 24 25 21 23 22 35 40 32 38 37 33 36 31 34 39 45 46 41 48 43 49 44 47 42 50 56 53 55 58 51 52 54 60 57 59
 41 44 49 45 42 46 47 43 48 50 54 56 59 51 57 58 52 55 53 60  6  8  7 10  9  4  5  1  3  2 15 20 12 18 17 13 16 11 14 19 25 26 21 28 23 29 24 27 22 30 36 33 35 38 31 32 34 40 37 39
 51 54 59 55 52 56 57 53 58 60  4  6  9  1  7  8  2  5  3 10 16 18 17 20 19 14 15 11 13 12 25 30 22 28 27 23 26 21 24 29 35 36 31 38 33 39 34 37 32 40 46 43 45 48 41 42 44 50 47 49
 21 24 29 25 22 26 27 23 28 30 34 36 39 31 37 38 32 35 33 40 46 48 47 50 49 44 45 41 43 42 55 60 52 58 57 53 56 51 54 59  5  6  1  8  3  9  4  7  2 10 16 13 15 18 11 12 14 20 17 19
 11 14 19 15 12 16 17 13 18 20 24 26 29 21 27 28 22 25 23 30 36 38 37 40 39 34 35 31 33 32 45 50 42 48 47 43 46 41 44 49 55 56 51 58 53 59 54 57 52 60  6  3  5  8  1  2  4 10  7  9
 12 15 20 16 13 17 18 14 19 11 25 27 30 22 28 29 23 26 24 21 37 39 38 31 40 35 36 32 34 33 46 41 43 49 48 44 47 42 45 50 56 57 52 59 54 60 55 58 53 51  7  4  6  9  2  3  5  1  8 10
 42 45 50 46 43 47 48 44 49 41 55 57 60 52 58 59 53 56 54 51  7  9  8  1 10  5  6  2  4  3 16 11 13 19 18 14 17 12 15 20 26 27 22 29 24 30 25 28 23 21 37 34 36 39 32 33 35 31 38 40
 52 55 60 56 53 57 58 54 59 51  5  7 10  2  8  9  3  6  4  1 17 19 18 11 20 15 16 12 14 13 26 21 23 29 28 24 27 22 25 30 36 37 32 39 34 40 35 38 33 31 47 44 46 49 42 43 45 41 48 50
 32 35 40 36 33 37 38 34 39 31 45 47 50 42 48 49 43 46 44 41 57 59 58 51 60 55 56 52 54 53  6  1  3  9  8  4  7  2  5 10 16 17 12 19 14 20 15 18 13 11 27 24 26 29 22 23 25 21 28 30
 22 25 30 26 23 27 28 24 29 21 35 37 40 32 38 39 33 36 34 31 47 49 48 41 50 45 46 42 44 43 56 51 53 59 58 54 57 52 55 60  6  7  2  9  4 10  5  8  3  1 17 14 16 19 12 13 15 11 18 20
  2  5 10  6  3  7  8  4  9  1 15 17 20 12 18 19 13 16 14 11 27 29 28 21 30 25 26 22 24 23 36 31 33 39 38 34 37 32 35 40 46 47 42 49 44 50 45 48 43 41 57 54 56 59 52 53 55 51 58 60
 33 36 31 37 34 38 39 35 40 32 46 48 41 43 49 50 44 47 45 42 58 60 59 52 51 56 57 53 55 54  7  2  4 10  9  5  8  3  6  1 17 18 13 20 15 11 16 19 14 12 28 25 27 30 23 24 26 22 29 21
 53 56 51 57 54 58 59 55 60 52  6  8  1  3  9 10  4  7  5  2 18 20 19 12 11 16 17 13 15 14 27 22 24 30 29 25 28 23 26 21 37 38 33 40 35 31 36 39 34 32 48 45 47 50 43 44 46 42 49 41
 23 26 21 27 24 28 29 25 30 22 36 38 31 33 39 40 34 37 35 32 48 50 49 42 41 46 47 43 45 44 57 52 54 60 59 55 58 53 56 51  7  8  3 10  5  1  6  9  4  2 18 15 17 20 13 14 16 12 19 11
  3  6  1  7  4  8  9  5 10  2 16 18 11 13 19 20 14 17 15 12 28 30 29 22 21 26 27 23 25 24 37 32 34 40 39 35 38 33 36 31 47 48 43 50 45 41 46 49 44 42 58 55 57 60 53 54 56 52 59 51
 43 46 41 47 44 48 49 45 50 42 56 58 51 53 59 60 54 57 55 52  8 10  9  2  1  6  7  3  5  4 17 12 14 20 19 15 18 13 16 11 27 28 23 30 25 21 26 29 24 22 38 35 37 40 33 34 36 32 39 31
 13 16 11 17 14 18 19 15 20 12 26 28 21 23 29 30 24 27 25 22 38 40 39 32 31 36 37 33 35 34 47 42 44 50 49 45 48 43 46 41 57 58 53 60 55 51 56 59 54 52  8  5  7 10  3  4  6  2  9  1
 44 47 42 48 45 49 50 46 41 43 57 59 52 54 60 51 55 58 56 53  9  1 10  3  2  7  8  4  6  5 18 13 15 11 20 16 19 14 17 12 28 29 24 21 26 22 27 30 25 23 39 36 38 31 34 35 37 33 40 32
 24 27 22 28 25 29 30 26 21 23 37 39 32 34 40 31 35 38 36 33 49 41 50 43 42 47 48 44 46 45 58 53 55 51 60 56 59 54 57 52  8  9  4  1  6  2  7 10  5  3 19 16 18 11 14 15 17 13 20 12
 34 37 32 38 35 39 40 36 31 33 47 49 42 44 50 41 45 48 46 43 59 51 60 53 52 57 58 54 56 55  8  3  5  1 10  6  9  4  7  2 18 19 14 11 16 12 17 20 15 13 29 26 28 21 24 25 27 23 30 22
  4  7  2  8  5  9 10  6  1  3 17 19 12 14 20 11 15 18 16 13 29 21 30 23 22 27 28 24 26 25 38 33 35 31 40 36 39 34 37 32 48 49 44 41 46 42 47 50 45 43 59 56 58 51 54 55 57 53 60 52
 54 57 52 58 55 59 60 56 51 53  7  9  2  4 10  1  5  8  6  3 19 11 20 13 12 17 18 14 16 15 28 23 25 21 30 26 29 24 27 22 38 39 34 31 36 32 37 40 35 33 49 46 48 41 44 45 47 43 50 42
 14 17 12 18 15 19 20 16 11 13 27 29 22 24 30 21 25 28 26 23 39 31 40 33 32 37 38 34 36 35 48 43 45 41 50 46 49 44 47 42 58 59 54 51 56 52 57 60 55 53  9  6  8  1  4  5  7  3 10  2
 45 48 43 49 46 50 41 47 42 44 58 60 53 55 51 52 56 59 57 54 10  2  1  4  3  8  9  5  7  6 19 14 16 12 11 17 20 15 18 13 29 30 25 22 27 23 28 21 26 24 40 37 39 32 35 36 38 34 31 33
 35 38 33 39 36 40 31 37 32 34 48 50 43 45 41 42 46 49 47 44 60 52 51 54 53 58 59 55 57 56  9  4  6  2  1  7 10  5  8  3 19 20 15 12 17 13 18 11 16 14 30 27 29 22 25 26 28 24 21 23
 15 18 13 19 16 20 11 17 12 14 28 30 23 25 21 22 26 29 27 24 40 32 31 34 33 38 39 35 37 36 49 44 46 42 41 47 50 45 48 43 59 60 55 52 57 53 58 51 56 54 10  7  9  2  5  6  8  4  1  3
 25 28 23 29 26 30 21 27 22 24 38 40 33 35 31 32 36 39 37 34 50 42 41 44 43 48 49 45 47 46 59 54 56 52 51 57 60 55 58 53  9 10  5  2  7  3  8  1  6  4 20 17 19 12 15 16 18 14 11 13
  5  8  3  9  6 10  1  7  2  4 18 20 13 15 11 12 16 19 17 14 30 22 21 24 23 28 29 25 27 26 39 34 36 32 31 37 40 35 38 33 49 50 45 42 47 43 48 41 46 44 60 57 59 52 55 56 58 54 51 53
 55 58 53 59 56 60 51 57 52 54  8 10  3  5  1  2  6  9  7  4 20 12 11 14 13 18 19 15 17 16 29 24 26 22 21 27 30 25 28 23 39 40 35 32 37 33 38 31 36 34 50 47 49 42 45 46 48 44 41 43
  6  9  4 10  7  1  2  8  3  5 19 11 14 16 12 13 17 20 18 15 21 23 22 25 24 29 30 26 28 27 40 35 37 33 32 38 31 36 39 34 50 41 46 43 48 44 49 42 47 45 51 58 60 53 56 57 59 55 52 54
 16 19 14 20 17 11 12 18 13 15 29 21 24 26 22 23 27 30 28 25 31 33 32 35 34 39 40 36 38 37 50 45 47 43 42 48 41 46 49 44 60 51 56 53 58 54 59 52 57 55  1  8 10  3  6  7  9  5  2  4
 56 59 54 60 57 51 52 58 53 55  9  1  4  6  2  3  7 10  8  5 11 13 12 15 14 19 20 16 18 17 30 25 27 23 22 28 21 26 29 24 40 31 36 33 38 34 39 32 37 35 41 48 50 43 46 47 49 45 42 44
 26 29 24 30 27 21 22 28 23 25 39 31 34 36 32 33 37 40 38 35 41 43 42 45 44 49 50 46 48 47 60 55 57 53 52 58 51 56 59 54 10  1  6  3  8  4  9  2  7  5 11 18 20 13 16 17 19 15 12 14
 36 39 34 40 37 31 32 38 33 35 49 41 44 46 42 43 47 50 48 45 51 53 52 55 54 59 60 56 58 57 10  5  7  3  2  8  1  6  9  4 20 11 16 13 18 14 19 12 17 15 21 28 30 23 26 27 29 25 22 24
 46 49 44 50 47 41 42 48 43 45 59 51 54 56 52 53 57 60 58 55  1  3  2  5  4  9 10  6  8  7 20 15 17 13 12 18 11 16 19 14 30 21 26 23 28 24 29 22 27 25 31 38 40 33 36 37 39 35 32 34
 27 30 25 21 28 22 23 29 24 26 40 32 35 37 33 34 38 31 39 36 42 44 43 46 45 50 41 47 49 48 51 56 58 54 53 59 52 57 60 55  1  2  7  4  9  5 10  3  8  6 12 19 11 14 17 18 20 16 13 15
 57 60 55 51 58 52 53 59 54 56 10  2  5  7  3  4  8  1  9  6 12 14 13 16 15 20 11 17 19 18 21 26 28 24 23 29 22 27 30 25 31 32 37 34 39 35 40 33 38 36 42 49 41 44 47 48 50 46 43 45
  7 10  5  1  8  2  3  9  4  6 20 12 15 17 13 14 18 11 19 16 22 24 23 26 25 30 21 27 29 28 31 36 38 34 33 39 32 37 40 35 41 42 47 44 49 45 50 43 48 46 52 59 51 54 57 58 60 56 53 55
 37 40 35 31 38 32 33 39 34 36 50 42 45 47 43 44 48 41 49 46 52 54 53 56 55 60 51 57 59 58  1  6  8  4  3  9  2  7 10  5 11 12 17 14 19 15 20 13 18 16 22 29 21 24 27 28 30 26 23 25
 17 20 15 11 18 12 13 19 14 16 30 22 25 27 23 24 28 21 29 26 32 34 33 36 35 40 31 37 39 38 41 46 48 44 43 49 42 47 50 45 51 52 57 54 59 55 60 53 58 56  2  9  1  4  7  8 10  6  3  5
 47 50 45 41 48 42 43 49 44 46 60 52 55 57 53 54 58 51 59 56  2  4  3  6  5 10  1  7  9  8 11 16 18 14 13 19 12 17 20 15 21 22 27 24 29 25 30 23 28 26 32 39 31 34 37 38 40 36 33 35
 28 21 26 22 29 23 24 30 25 27 31 33 36 38 34 35 39 32 40 37 43 45 44 47 46 41 42 48 50 49 52 57 59 55 54 60 53 58 51 56  2  3  8  5 10  6  1  4  9  7 13 20 12 15 18 19 11 17 14 16
 38 31 36 32 39 33 34 40 35 37 41 43 46 48 44 45 49 42 50 47 53 55 54 57 56 51 52 58 60 59  2  7  9  5  4 10  3  8  1  6 12 13 18 15 20 16 11 14 19 17 23 30 22 25 28 29 21 27 24 26
 58 51 56 52 59 53 54 60 55 57  1  3  6  8  4  5  9  2 10  7 13 15 14 17 16 11 12 18 20 19 22 27 29 25 24 30 23 28 21 26 32 33 38 35 40 36 31 34 39 37 43 50 42 45 48 49 41 47 44 46
 18 11 16 12 19 13 14 20 15 17 21 23 26 28 24 25 29 22 30 27 33 35 34 37 36 31 32 38 40 39 42 47 49 45 44 50 43 48 41 46 52 53 58 55 60 56 51 54 59 57  3 10  2  5  8  9  1  7  4  6
 48 41 46 42 49 43 44 50 45 47 51 53 56 58 54 55 59 52 60 57  3  5  4  7  6  1  2  8 10  9 12 17 19 15 14 20 13 18 11 16 22 23 28 25 30 26 21 24 29 27 33 40 32 35 38 39 31 37 34 36
  8  1  6  2  9  3  4 10  5  7 11 13 16 18 14 15 19 12 20 17 23 25 24 27 26 21 22 28 30 29 32 37 39 35 34 40 33 38 31 36 42 43 48 45 50 46 41 44 49 47 53 60 52 55 58 59 51 57 54 56
 39 32 37 33 40 34 35 31 36 38 42 44 47 49 45 46 50 43 41 48 54 56 55 58 57 52 53 59 51 60  3  8 10  6  5  1  4  9  2  7 13 14 19 16 11 17 12 15 20 18 24 21 23 26 29 30 22 28 25 27
  9  2  7  3 10  4  5  1  6  8 12 14 17 19 15 16 20 13 11 18 24 26 25 28 27 22 23 29 21 30 33 38 40 36 35 31 34 39 32 37 43 44 49 46 41 47 42 45 50 48 54 51 53 56 59 60 52 58 55 57
 19 12 17 13 20 14 15 11 16 18 22 24 27 29 25 26 30 23 21 28 34 36 35 38 37 32 33 39 31 40 43 48 50 46 45 41 44 49 42 47 53 54 59 56 51 57 52 55 60 58  4  1  3  6  9 10  2  8  5  7
 49 42 47 43 50 44 45 41 46 48 52 54 57 59 55 56 60 53 51 58  4  6  5  8  7  2  3  9  1 10 13 18 20 16 15 11 14 19 12 17 23 24 29 26 21 27 22 25 30 28 34 31 33 36 39 40 32 38 35 37
 29 22 27 23 30 24 25 21 26 28 32 34 37 39 35 36 40 33 31 38 44 46 45 48 47 42 43 49 41 50 53 58 60 56 55 51 54 59 52 57  3  4  9  6  1  7  2  5 10  8 14 11 13 16 19 20 12 18 15 17
 59 52 57 53 60 54 55 51 56 58  2  4  7  9  5  6 10  3  1  8 14 16 15 18 17 12 13 19 11 20 23 28 30 26 25 21 24 29 22 27 33 34 39 36 31 37 32 35 40 38 44 41 43 46 49 50 42 48 45 47
 10  3  8  4  1  5  6  2  7  9 13 15 18 20 16 17 11 14 12 19 25 27 26 29 28 23 24 30 22 21 34 39 31 37 36 32 35 40 33 38 44 45 50 47 42 48 43 46 41 49 55 52 54 57 60 51 53 59 56 58
 30 23 28 24 21 25 26 22 27 29 33 35 38 40 36 37 31 34 32 39 45 47 46 49 48 43 44 50 42 41 54 59 51 57 56 52 55 60 53 58  4  5 10  7  2  8  3  6  1  9 15 12 14 17 20 11 13 19 16 18
 50 43 48 44 41 45 46 42 47 49 53 55 58 60 56 57 51 54 52 59  5  7  6  9  8  3  4 10  2  1 14 19 11 17 16 12 15 20 13 18 24 25 30 27 22 28 23 26 21 29 35 32 34 37 40 31 33 39 36 38
 20 13 18 14 11 15 16 12 17 19 23 25 28 30 26 27 21 24 22 29 35 37 36 39 38 33 34 40 32 31 44 49 41 47 46 42 45 50 43 48 54 55 60 57 52 58 53 56 51 59  5  2  4  7 10  1  3  9  6  8
 60 53 58 54 51 55 56 52 57 59  3  5  8 10  6  7  1  4  2  9 15 17 16 19 18 13 14 20 12 11 24 29 21 27 26 22 25 30 23 28 34 35 40 37 32 38 33 36 31 39 45 42 44 47 50 41 43 49 46 48
 40 33 38 34 31 35 36 32 37 39 43 45 48 50 46 47 41 44 42 49 55 57 56 59 58 53 54 60 52 51  4  9  1  7  6  2  5 10  3  8 14 15 20 17 12 18 13 16 11 19 25 22 24 27 30 21 23 29 26 28
