 27 25 23 26 22 28 29 21 30 24 34 33 32 37 38 40 35 39 36 31 42 47 50 44 46 43 41 48 49 45 60 51 54 52 53 55 57 58 59 56 65 68 66 70 63 69 67 61 64 62 75 72 76 74 80 71 73 79 78 77 81 86 84 89 90 87 83 85 88 82  4  3  1  5 10  6  8  2  7  9 17 15 19 20 11 18 12 13 16 14
 37 35 33 36 32 38 39 31 40 34 44 43 42 47 48 50 45 49 46 41 52 57 60 54 56 53 51 58 59 55 70 61 64 62 63 65 67 68 69 66 75 78 76 80 73 79 77 71 74 72 85 82 86 84 90 81 83 89 88 87  1  6  4  9 10  7  3  5  8  2 14 13 11 15 20 16 18 12 17 19 27 25 29 30 21 28 22 23 26 24
 47 45 43 46 42 48 49 41 50 44 54 53 52 57 58 60 55 59 56 51 62 67 70 64 66 63 61 68 69 65 80 71 74 72 73 75 77 78 79 76 85 88 86 90 83 89 87 81 84 82  5  2  6  4 10  1  3  9  8  7 11 16 14 19 20 17 13 15 18 12 24 23 21 25 30 26 28 22 27 29 37 35 39 40 31 38 32 33 36 34
 17 15 13 16 12 18 19 11 20 14 24 23 22 27 28 30 25 29 26 21 32 37 40 34 36 33 31 38 39 35 50 41 44 42 43 45 47 48 49 46 55 58 56 60 53 59 57 51 54 52 65 62 66 64 70 61 63 69 68 67 71 76 74 79 80 77 73 75 78 72 84 83 81 85 90 86 88 82 87 89  7  5  9 10  1  8  2  3  6  4
 67 65 63 66 62 68 69 61 70 64 74 73 72 77 78 80 75 79 76 71 82 87 90 84 86 83 81 88 89 85 10  1  4  2  3  5  7  8  9  6 15 18 16 20 13 19 17 11 14 12 25 22 26 24 30 21 23 29 28 27 31 36 34 39 40 37 33 35 38 32 44 43 41 45 50 46 48 42 47 49 57 55 59 60 51 58 52 53 56 54
 87 85 83 86 82 88 89 81 90 84  4  3  2  7  8 10  5  9  6  1 12 17 20 14 16 13 11 18 19 15 30 21 24 22 23 25 27 28 29 26 35 38 36 40 33 39 37 31 34 32 45 42 46 44 50 41 43 49 48 47 51 56 54 59 60 57 53 55 58 52 64 63 61 65 70 66 68 62 67 69 77 75 79 80 71 78 72 73 76 74
 57 55 53 56 52 58 59 51 60 54 64 63 62 67 68 70 65 69 66 61 72 77 80 74 76 73 71 78 79 75 90 81 84 82 83 85 87 88 89 86  5  8  6 10  3  9  7  1  4  2 15 12 16 14 20 11 13 19 18 17 21 26 24 29 30 27 23 25 28 22 34 33 31 35 40 36 38 32 37 39 47 45 49 50 41 48 42 43 46 44
 77 75 73 76 72 78 79 71 80 74 84 83 82 87 88 90 85 89 86 81  2  7 10  4  6  3  1  8  9  5 20 11 14 12 13 15 17 18 19 16 25 28 26 30 23 29 27 21 24 22 35 32 36 34 40 31 33 39 38 37 41 46 44 49 50 47 43 45 48 42 54 53 51 55 60 56 58 52 57 59 67 65 69 70 61 68 62 63 66 64
  7  5  3  6  2  8  9  1 10  4 14 13 12 17 18 20 15 19 16 11 22 27 30 24 26 23 21 28 29 25 40 31 34 32 33 35 37 38 39 36 45 48 46 50 43 49 47 41 44 42 55 52 56 54 60 51 53 59 58 57 61 66 64 69 70 67 63 65 68 62 74 73 71 75 80 76 78 72 77 79 87 85 89 90 81 88 82 83 86 84
 78 76 74 77 73 79 80 72 71 75 85 84 83 88 89 81 86 90 87 82  3  8  1  5  7  4  2  9 10  6 11 12 15 13 14 16 18 19 20 17 26 29 27 21 24 30 28 22 25 23 36 33 37 35 31 32 34 40 39 38 42 47 45 50 41 48 44 46 49 43 55 54 52 56 51 57 59 53 58 60 68 66 70 61 62 69 63 64 67 65
 88 86 84 87 83 89 90 82 81 85  5  4  3  8  9  1  6 10  7  2 13 18 11 15 17 14 12 19 20 16 21 22 25 23 24 26 28 29 30 27 36 39 37 31 34 40 38 32 35 33 46 43 47 45 41 42 44 50 49 48 52 57 55 60 51 58 54 56 59 53 65 64 62 66 61 67 69 63 68 70 78 76 80 71 72 79 73 74 77 75
  8  6  4  7  3  9 10  2  1  5 15 14 13 18 19 11 16 20 17 12 23 28 21 25 27 24 22 29 30 26 31 32 35 33 34 36 38 39 40 37 46 49 47 41 44 50 48 42 45 43 56 53 57 55 51 52 54 60 59 58 62 67 65 70 61 68 64 66 69 63 75 74 72 76 71 77 79 73 78 80 88 86 90 81 82 89 83 84 87 85
 58 56 54 57 53 59 60 52 51 55 65 64 63 68 69 61 66 70 67 62 73 78 71 75 77 74 72 79 80 76 81 82 85 83 84 86 88 89 90 87  6  9  7  1  4 10  8  2  5  3 16 13 17 15 11 12 14 20 19 18 22 27 25 30 21 28 24 26 29 23 35 34 32 36 31 37 39 33 38 40 48 46 50 41 42 49 43 44 47 45
 28 26 24 27 23 29 30 22 21 25 35 34 33 38 39 31 36 40 37 32 43 48 41 45 47 44 42 49 50 46 51 52 55 53 54 56 58 59 60 57 66 69 67 61 64 70 68 62 65 63 76 73 77 75 71 72 74 80 79 78 82 87 85 90 81 88 84 86 89 83  5  4  2  6  1  7  9  3  8 10 18 16 20 11 12 19 13 14 17 15
 48 46 44 47 43 49 50 42 41 45 55 54 53 58 59 51 56 60 57 52 63 68 61 65 67 64 62 69 70 66 71 72 75 73 74 76 78 79 80 77 86 89 87 81 84 90 88 82 85 83  6  3  7  5  1  2  4 10  9  8 12 17 15 20 11 18 14 16 19 13 25 24 22 26 21 27 29 23 28 30 38 36 40 31 32 39 33 34 37 35
 68 66 64 67 63 69 70 62 61 65 75 74 73 78 79 71 76 80 77 72 83 88 81 85 87 84 82 89 90 86  1  2  5  3  4  6  8  9 10  7 16 19 17 11 14 20 18 12 15 13 26 23 27 25 21 22 24 30 29 28 32 37 35 40 31 38 34 36 39 33 45 44 42 46 41 47 49 43 48 50 58 56 60 51 52 59 53 54 57 55
 18 16 14 17 13 19 20 12 11 15 25 24 23 28 29 21 26 30 27 22 33 38 31 35 37 34 32 39 40 36 41 42 45 43 44 46 48 49 50 47 56 59 57 51 54 60 58 52 55 53 66 63 67 65 61 62 64 70 69 68 72 77 75 80 71 78 74 76 79 73 85 84 82 86 81 87 89 83 88 90  8  6 10  1  2  9  3  4  7  5
 38 36 34 37 33 39 40 32 31 35 45 44 43 48 49 41 46 50 47 42 53 58 51 55 57 54 52 59 60 56 61 62 65 63 64 66 68 69 70 67 76 79 77 71 74 80 78 72 75 73 86 83 87 85 81 82 84 90 89 88  2  7  5 10  1  8  4  6  9  3 15 14 12 16 11 17 19 13 18 20 28 26 30 21 22 29 23 24 27 25
 69 67 65 68 64 70 61 63 62 66 76 75 74 79 80 72 77 71 78 73 84 89 82 86 88 85 83 90 81 87  2  3  6  4  5  7  9 10  1  8 17 20 18 12 15 11 19 13 16 14 27 24 28 26 22 23 25 21 30 29 33 38 36 31 32 39 35 37 40 34 46 45 43 47 42 48 50 44 49 41 59 57 51 52 53 60 54 55 58 56
 79 77 75 78 74 80 71 73 72 76 86 85 84 89 90 82 87 81 88 83  4  9  2  6  8  5  3 10  1  7 12 13 16 14 15 17 19 20 11 18 27 30 28 22 25 21 29 23 26 24 37 34 38 36 32 33 35 31 40 39 43 48 46 41 42 49 45 47 50 44 56 55 53 57 52 58 60 54 59 51 69 67 61 62 63 70 64 65 68 66
 19 17 15 18 14 20 11 13 12 16 26 25 24 29 30 22 27 21 28 23 34 39 32 36 38 35 33 40 31 37 42 43 46 44 45 47 49 50 41 48 57 60 58 52 55 51 59 53 56 54 67 64 68 66 62 63 65 61 70 69 73 78 76 71 72 79 75 77 80 74 86 85 83 87 82 88 90 84 89 81  9  7  1  2  3 10  4  5  8  6
 39 37 35 38 34 40 31 33 32 36 46 45 44 49 50 42 47 41 48 43 54 59 52 56 58 55 53 60 51 57 62 63 66 64 65 67 69 70 61 68 77 80 78 72 75 71 79 73 76 74 87 84 88 86 82 83 85 81 90 89  3  8  6  1  2  9  5  7 10  4 16 15 13 17 12 18 20 14 19 11 29 27 21 22 23 30 24 25 28 26
 49 47 45 48 44 50 41 43 42 46 56 55 54 59 60 52 57 51 58 53 64 69 62 66 68 65 63 70 61 67 72 73 76 74 75 77 79 80 71 78 87 90 88 82 85 81 89 83 86 84  7  4  8  6  2  3  5  1 10  9 13 18 16 11 12 19 15 17 20 14 26 25 23 27 22 28 30 24 29 21 39 37 31 32 33 40 34 35 38 36
 59 57 55 58 54 60 51 53 52 56 66 65 64 69 70 62 67 61 68 63 74 79 72 76 78 75 73 80 71 77 82 83 86 84 85 87 89 90 81 88  7 10  8  2  5  1  9  3  6  4 17 14 18 16 12 13 15 11 20 19 23 28 26 21 22 29 25 27 30 24 36 35 33 37 32 38 40 34 39 31 49 47 41 42 43 50 44 45 48 46
 89 87 85 88 84 90 81 83 82 86  6  5  4  9 10  2  7  1  8  3 14 19 12 16 18 15 13 20 11 17 22 23 26 24 25 27 29 30 21 28 37 40 38 32 35 31 39 33 36 34 47 44 48 46 42 43 45 41 50 49 53 58 56 51 52 59 55 57 60 54 66 65 63 67 62 68 70 64 69 61 79 77 71 72 73 80 74 75 78 76
  9  7  5  8  4 10  1  3  2  6 16 15 14 19 20 12 17 11 18 13 24 29 22 26 28 25 23 30 21 27 32 33 36 34 35 37 39 40 31 38 47 50 48 42 45 41 49 43 46 44 57 54 58 56 52 53 55 51 60 59 63 68 66 61 62 69 65 67 70 64 76 75 73 77 72 78 80 74 79 71 89 87 81 82 83 90 84 85 88 86
 29 27 25 28 24 30 21 23 22 26 36 35 34 39 40 32 37 31 38 33 44 49 42 46 48 45 43 50 41 47 52 53 56 54 55 57 59 60 51 58 67 70 68 62 65 61 69 63 66 64 77 74 78 76 72 73 75 71 80 79 83 88 86 81 82 89 85 87 90 84  6  5  3  7  2  8 10  4  9  1 19 17 11 12 13 20 14 15 18 16
 30 28 26 29 25 21 22 24 23 27 37 36 35 40 31 33 38 32 39 34 45 50 43 47 49 46 44 41 42 48 53 54 57 55 56 58 60 51 52 59 68 61 69 63 66 62 70 64 67 65 78 75 79 77 73 74 76 72 71 80 84 89 87 82 83 90 86 88 81 85  7  6  4  8  3  9  1  5 10  2 20 18 12 13 14 11 15 16 19 17
 90 88 86 89 85 81 82 84 83 87  7  6  5 10  1  3  8  2  9  4 15 20 13 17 19 16 14 11 12 18 23 24 27 25 26 28 30 21 22 29 38 31 39 33 36 32 40 34 37 35 48 45 49 47 43 44 46 42 41 50 54 59 57 52 53 60 56 58 51 55 67 66 64 68 63 69 61 65 70 62 80 78 72 73 74 71 75 76 79 77
 70 68 66 69 65 61 62 64 63 67 77 76 75 80 71 73 78 72 79 74 85 90 83 87 89 86 84 81 82 88  3  4  7  5  6  8 10  1  2  9 18 11 19 13 16 12 20 14 17 15 28 25 29 27 23 24 26 22 21 30 34 39 37 32 33 40 36 38 31 35 47 46 44 48 43 49 41 45 50 42 60 58 52 53 54 51 55 56 59 57
 40 38 36 39 35 31 32 34 33 37 47 46 45 50 41 43 48 42 49 44 55 60 53 57 59 56 54 51 52 58 63 64 67 65 66 68 70 61 62 69 78 71 79 73 76 72 80 74 77 75 88 85 89 87 83 84 86 82 81 90  4  9  7  2  3 10  6  8  1  5 17 16 14 18 13 19 11 15 20 12 30 28 22 23 24 21 25 26 29 27
 50 48 46 49 45 41 42 44 43 47 57 56 55 60 51 53 58 52 59 54 65 70 63 67 69 66 64 61 62 68 73 74 77 75 76 78 80 71 72 79 88 81 89 83 86 82 90 84 87 85  8  5  9  7  3  4  6  2  1 10 14 19 17 12 13 20 16 18 11 15 27 26 24 28 23 29 21 25 30 22 40 38 32 33 34 31 35 36 39 37
 10  8  6  9  5  1  2  4  3  7 17 16 15 20 11 13 18 12 19 14 25 30 23 27 29 26 24 21 22 28 33 34 37 35 36 38 40 31 32 39 48 41 49 43 46 42 50 44 47 45 58 55 59 57 53 54 56 52 51 60 64 69 67 62 63 70 66 68 61 65 77 76 74 78 73 79 71 75 80 72 90 88 82 83 84 81 85 86 89 87
 60 58 56 59 55 51 52 54 53 57 67 66 65 70 61 63 68 62 69 64 75 80 73 77 79 76 74 71 72 78 83 84 87 85 86 88 90 81 82 89  8  1  9  3  6  2 10  4  7  5 18 15 19 17 13 14 16 12 11 20 24 29 27 22 23 30 26 28 21 25 37 36 34 38 33 39 31 35 40 32 50 48 42 43 44 41 45 46 49 47
 80 78 76 79 75 71 72 74 73 77 87 86 85 90 81 83 88 82 89 84  5 10  3  7  9  6  4  1  2  8 13 14 17 15 16 18 20 11 12 19 28 21 29 23 26 22 30 24 27 25 38 35 39 37 33 34 36 32 31 40 44 49 47 42 43 50 46 48 41 45 57 56 54 58 53 59 51 55 60 52 70 68 62 63 64 61 65 66 69 67
 20 18 16 19 15 11 12 14 13 17 27 26 25 30 21 23 28 22 29 24 35 40 33 37 39 36 34 31 32 38 43 44 47 45 46 48 50 41 42 49 58 51 59 53 56 52 60 54 57 55 68 65 69 67 63 64 66 62 61 70 74 79 77 72 73 80 76 78 71 75 87 86 84 88 83 89 81 85 90 82 10  8  2  3  4  1  5  6  9  7
 81 89 87 90 86 82 83 85 84 88  8  7  6  1  2  4  9  3 10  5 16 11 14 18 20 17 15 12 13 19 24 25 28 26 27 29 21 22 23 30 39 32 40 34 37 33 31 35 38 36 49 46 50 48 44 45 47 43 42 41 55 60 58 53 54 51 57 59 52 56 68 67 65 69 64 70 62 66 61 63 71 79 73 74 75 72 76 77 80 78
 71 79 77 80 76 72 73 75 74 78 88 87 86 81 82 84 89 83 90 85  6  1  4  8 10  7  5  2  3  9 14 15 18 16 17 19 11 12 13 20 29 22 30 24 27 23 21 25 28 26 39 36 40 38 34 35 37 33 32 31 45 50 48 43 44 41 47 49 42 46 58 57 55 59 54 60 52 56 51 53 61 69 63 64 65 62 66 67 70 68
 61 69 67 70 66 62 63 65 64 68 78 77 76 71 72 74 79 73 80 75 86 81 84 88 90 87 85 82 83 89  4  5  8  6  7  9  1  2  3 10 19 12 20 14 17 13 11 15 18 16 29 26 30 28 24 25 27 23 22 21 35 40 38 33 34 31 37 39 32 36 48 47 45 49 44 50 42 46 41 43 51 59 53 54 55 52 56 57 60 58
 31 39 37 40 36 32 33 35 34 38 48 47 46 41 42 44 49 43 50 45 56 51 54 58 60 57 55 52 53 59 64 65 68 66 67 69 61 62 63 70 79 72 80 74 77 73 71 75 78 76 89 86 90 88 84 85 87 83 82 81  5 10  8  3  4  1  7  9  2  6 18 17 15 19 14 20 12 16 11 13 21 29 23 24 25 22 26 27 30 28
 41 49 47 50 46 42 43 45 44 48 58 57 56 51 52 54 59 53 60 55 66 61 64 68 70 67 65 62 63 69 74 75 78 76 77 79 71 72 73 80 89 82 90 84 87 83 81 85 88 86  9  6 10  8  4  5  7  3  2  1 15 20 18 13 14 11 17 19 12 16 28 27 25 29 24 30 22 26 21 23 31 39 33 34 35 32 36 37 40 38
 21 29 27 30 26 22 23 25 24 28 38 37 36 31 32 34 39 33 40 35 46 41 44 48 50 47 45 42 43 49 54 55 58 56 57 59 51 52 53 60 69 62 70 64 67 63 61 65 68 66 79 76 80 78 74 75 77 73 72 71 85 90 88 83 84 81 87 89 82 86  8  7  5  9  4 10  2  6  1  3 11 19 13 14 15 12 16 17 20 18
 51 59 57 60 56 52 53 55 54 58 68 67 66 61 62 64 69 63 70 65 76 71 74 78 80 77 75 72 73 79 84 85 88 86 87 89 81 82 83 90  9  2 10  4  7  3  1  5  8  6 19 16 20 18 14 15 17 13 12 11 25 30 28 23 24 21 27 29 22 26 38 37 35 39 34 40 32 36 31 33 41 49 43 44 45 42 46 47 50 48
  1  9  7 10  6  2  3  5  4  8 18 17 16 11 12 14 19 13 20 15 26 21 24 28 30 27 25 22 23 29 34 35 38 36 37 39 31 32 33 40 49 42 50 44 47 43 41 45 48 46 59 56 60 58 54 55 57 53 52 51 65 70 68 63 64 61 67 69 62 66 78 77 75 79 74 80 72 76 71 73 81 89 83 84 85 82 86 87 90 88
 11 19 17 20 16 12 13 15 14 18 28 27 26 21 22 24 29 23 30 25 36 31 34 38 40 37 35 32 33 39 44 45 48 46 47 49 41 42 43 50 59 52 60 54 57 53 51 55 58 56 69 66 70 68 64 65 67 63 62 61 75 80 78 73 74 71 77 79 72 76 88 87 85 89 84 90 82 86 81 83  1  9  3  4  5  2  6  7 10  8
 12 20 18 11 17 13 14 16 15 19 29 28 27 22 23 25 30 24 21 26 37 32 35 39 31 38 36 33 34 40 45 46 49 47 48 50 42 43 44 41 60 53 51 55 58 54 52 56 59 57 70 67 61 69 65 66 68 64 63 62 76 71 79 74 75 72 78 80 73 77 89 88 86 90 85 81 83 87 82 84  2 10  4  5  6  3  7  8  1  9
 62 70 68 61 67 63 64 66 65 69 79 78 77 72 73 75 80 74 71 76 87 82 85 89 81 88 86 83 84 90  5  6  9  7  8 10  2  3  4  1 20 13 11 15 18 14 12 16 19 17 30 27 21 29 25 26 28 24 23 22 36 31 39 34 35 32 38 40 33 37 49 48 46 50 45 41 43 47 42 44 52 60 54 55 56 53 57 58 51 59
 32 40 38 31 37 33 34 36 35 39 49 48 47 42 43 45 50 44 41 46 57 52 55 59 51 58 56 53 54 60 65 66 69 67 68 70 62 63 64 61 80 73 71 75 78 74 72 76 79 77 90 87 81 89 85 86 88 84 83 82  6  1  9  4  5  2  8 10  3  7 19 18 16 20 15 11 13 17 12 14 22 30 24 25 26 23 27 28 21 29
  2 10  8  1  7  3  4  6  5  9 19 18 17 12 13 15 20 14 11 16 27 22 25 29 21 28 26 23 24 30 35 36 39 37 38 40 32 33 34 31 50 43 41 45 48 44 42 46 49 47 60 57 51 59 55 56 58 54 53 52 66 61 69 64 65 62 68 70 63 67 79 78 76 80 75 71 73 77 72 74 82 90 84 85 86 83 87 88 81 89
 22 30 28 21 27 23 24 26 25 29 39 38 37 32 33 35 40 34 31 36 47 42 45 49 41 48 46 43 44 50 55 56 59 57 58 60 52 53 54 51 70 63 61 65 68 64 62 66 69 67 80 77 71 79 75 76 78 74 73 72 86 81 89 84 85 82 88 90 83 87  9  8  6 10  5  1  3  7  2  4 12 20 14 15 16 13 17 18 11 19
 72 80 78 71 77 73 74 76 75 79 89 88 87 82 83 85 90 84 81 86  7  2  5  9  1  8  6  3  4 10 15 16 19 17 18 20 12 13 14 11 30 23 21 25 28 24 22 26 29 27 40 37 31 39 35 36 38 34 33 32 46 41 49 44 45 42 48 50 43 47 59 58 56 60 55 51 53 57 52 54 62 70 64 65 66 63 67 68 61 69
 42 50 48 41 47 43 44 46 45 49 59 58 57 52 53 55 60 54 51 56 67 62 65 69 61 68 66 63 64 70 75 76 79 77 78 80 72 73 74 71 90 83 81 85 88 84 82 86 89 87 10  7  1  9  5  6  8  4  3  2 16 11 19 14 15 12 18 20 13 17 29 28 26 30 25 21 23 27 22 24 32 40 34 35 36 33 37 38 31 39
 52 60 58 51 57 53 54 56 55 59 69 68 67 62 63 65 70 64 61 66 77 72 75 79 71 78 76 73 74 80 85 86 89 87 88 90 82 83 84 81 10  3  1  5  8  4  2  6  9  7 20 17 11 19 15 16 18 14 13 12 26 21 29 24 25 22 28 30 23 27 39 38 36 40 35 31 33 37 32 34 42 50 44 45 46 43 47 48 41 49
 82 90 88 81 87 83 84 86 85 89  9  8  7  2  3  5 10  4  1  6 17 12 15 19 11 18 16 13 14 20 25 26 29 27 28 30 22 23 24 21 40 33 31 35 38 34 32 36 39 37 50 47 41 49 45 46 48 44 43 42 56 51 59 54 55 52 58 60 53 57 69 68 66 70 65 61 63 67 62 64 72 80 74 75 76 73 77 78 71 79
 43 41 49 42 48 44 45 47 46 50 60 59 58 53 54 56 51 55 52 57 68 63 66 70 62 69 67 64 65 61 76 77 80 78 79 71 73 74 75 72 81 84 82 86 89 85 83 87 90 88  1  8  2 10  6  7  9  5  4  3 17 12 20 15 16 13 19 11 14 18 30 29 27 21 26 22 24 28 23 25 33 31 35 36 37 34 38 39 32 40
 73 71 79 72 78 74 75 77 76 80 90 89 88 83 84 86 81 85 82 87  8  3  6 10  2  9  7  4  5  1 16 17 20 18 19 11 13 14 15 12 21 24 22 26 29 25 23 27 30 28 31 38 32 40 36 37 39 35 34 33 47 42 50 45 46 43 49 41 44 48 60 59 57 51 56 52 54 58 53 55 63 61 65 66 67 64 68 69 62 70
 13 11 19 12 18 14 15 17 16 20 30 29 28 23 24 26 21 25 22 27 38 33 36 40 32 39 37 34 35 31 46 47 50 48 49 41 43 44 45 42 51 54 52 56 59 55 53 57 60 58 61 68 62 70 66 67 69 65 64 63 77 72 80 75 76 73 79 71 74 78 90 89 87 81 86 82 84 88 83 85  3  1  5  6  7  4  8  9  2 10
 33 31 39 32 38 34 35 37 36 40 50 49 48 43 44 46 41 45 42 47 58 53 56 60 52 59 57 54 55 51 66 67 70 68 69 61 63 64 65 62 71 74 72 76 79 75 73 77 80 78 81 88 82 90 86 87 89 85 84 83  7  2 10  5  6  3  9  1  4  8 20 19 17 11 16 12 14 18 13 15 23 21 25 26 27 24 28 29 22 30
  3  1  9  2  8  4  5  7  6 10 20 19 18 13 14 16 11 15 12 17 28 23 26 30 22 29 27 24 25 21 36 37 40 38 39 31 33 34 35 32 41 44 42 46 49 45 43 47 50 48 51 58 52 60 56 57 59 55 54 53 67 62 70 65 66 63 69 61 64 68 80 79 77 71 76 72 74 78 73 75 83 81 85 86 87 84 88 89 82 90
 53 51 59 52 58 54 55 57 56 60 70 69 68 63 64 66 61 65 62 67 78 73 76 80 72 79 77 74 75 71 86 87 90 88 89 81 83 84 85 82  1  4  2  6  9  5  3  7 10  8 11 18 12 20 16 17 19 15 14 13 27 22 30 25 26 23 29 21 24 28 40 39 37 31 36 32 34 38 33 35 43 41 45 46 47 44 48 49 42 50
 83 81 89 82 88 84 85 87 86 90 10  9  8  3  4  6  1  5  2  7 18 13 16 20 12 19 17 14 15 11 26 27 30 28 29 21 23 24 25 22 31 34 32 36 39 35 33 37 40 38 41 48 42 50 46 47 49 45 44 43 57 52 60 55 56 53 59 51 54 58 70 69 67 61 66 62 64 68 63 65 73 71 75 76 77 74 78 79 72 80
 23 21 29 22 28 24 25 27 26 30 40 39 38 33 34 36 31 35 32 37 48 43 46 50 42 49 47 44 45 41 56 57 60 58 59 51 53 54 55 52 61 64 62 66 69 65 63 67 70 68 71 78 72 80 76 77 79 75 74 73 87 82 90 85 86 83 89 81 84 88 10  9  7  1  6  2  4  8  3  5 13 11 15 16 17 14 18 19 12 20
 63 61 69 62 68 64 65 67 66 70 80 79 78 73 74 76 71 75 72 77 88 83 86 90 82 89 87 84 85 81  6  7 10  8  9  1  3  4  5  2 11 14 12 16 19 15 13 17 20 18 21 28 22 30 26 27 29 25 24 23 37 32 40 35 36 33 39 31 34 38 50 49 47 41 46 42 44 48 43 45 53 51 55 56 57 54 58 59 52 60
 84 82 90 83 89 85 86 88 87 81  1 10  9  4  5  7  2  6  3  8 19 14 17 11 13 20 18 15 16 12 27 28 21 29 30 22 24 25 26 23 32 35 33 37 40 36 34 38 31 39 42 49 43 41 47 48 50 46 45 44 58 53 51 56 57 54 60 52 55 59 61 70 68 62 67 63 65 69 64 66 74 72 76 77 78 75 79 80 73 71
  4  2 10  3  9  5  6  8  7  1 11 20 19 14 15 17 12 16 13 18 29 24 27 21 23 30 28 25 26 22 37 38 31 39 40 32 34 35 36 33 42 45 43 47 50 46 44 48 41 49 52 59 53 51 57 58 60 56 55 54 68 63 61 66 67 64 70 62 65 69 71 80 78 72 77 73 75 79 74 76 84 82 86 87 88 85 89 90 83 81
 44 42 50 43 49 45 46 48 47 41 51 60 59 54 55 57 52 56 53 58 69 64 67 61 63 70 68 65 66 62 77 78 71 79 80 72 74 75 76 73 82 85 83 87 90 86 84 88 81 89  2  9  3  1  7  8 10  6  5  4 18 13 11 16 17 14 20 12 15 19 21 30 28 22 27 23 25 29 24 26 34 32 36 37 38 35 39 40 33 31
 14 12 20 13 19 15 16 18 17 11 21 30 29 24 25 27 22 26 23 28 39 34 37 31 33 40 38 35 36 32 47 48 41 49 50 42 44 45 46 43 52 55 53 57 60 56 54 58 51 59 62 69 63 61 67 68 70 66 65 64 78 73 71 76 77 74 80 72 75 79 81 90 88 82 87 83 85 89 84 86  4  2  6  7  8  5  9 10  3  1
 54 52 60 53 59 55 56 58 57 51 61 70 69 64 65 67 62 66 63 68 79 74 77 71 73 80 78 75 76 72 87 88 81 89 90 82 84 85 86 83  2  5  3  7 10  6  4  8  1  9 12 19 13 11 17 18 20 16 15 14 28 23 21 26 27 24 30 22 25 29 31 40 38 32 37 33 35 39 34 36 44 42 46 47 48 45 49 50 43 41
 74 72 80 73 79 75 76 78 77 71 81 90 89 84 85 87 82 86 83 88  9  4  7  1  3 10  8  5  6  2 17 18 11 19 20 12 14 15 16 13 22 25 23 27 30 26 24 28 21 29 32 39 33 31 37 38 40 36 35 34 48 43 41 46 47 44 50 42 45 49 51 60 58 52 57 53 55 59 54 56 64 62 66 67 68 65 69 70 63 61
 64 62 70 63 69 65 66 68 67 61 71 80 79 74 75 77 72 76 73 78 89 84 87 81 83 90 88 85 86 82  7  8  1  9 10  2  4  5  6  3 12 15 13 17 20 16 14 18 11 19 22 29 23 21 27 28 30 26 25 24 38 33 31 36 37 34 40 32 35 39 41 50 48 42 47 43 45 49 44 46 54 52 56 57 58 55 59 60 53 51
 34 32 40 33 39 35 36 38 37 31 41 50 49 44 45 47 42 46 43 48 59 54 57 51 53 60 58 55 56 52 67 68 61 69 70 62 64 65 66 63 72 75 73 77 80 76 74 78 71 79 82 89 83 81 87 88 90 86 85 84  8  3  1  6  7  4 10  2  5  9 11 20 18 12 17 13 15 19 14 16 24 22 26 27 28 25 29 30 23 21
 24 22 30 23 29 25 26 28 27 21 31 40 39 34 35 37 32 36 33 38 49 44 47 41 43 50 48 45 46 42 57 58 51 59 60 52 54 55 56 53 62 65 63 67 70 66 64 68 61 69 72 79 73 71 77 78 80 76 75 74 88 83 81 86 87 84 90 82 85 89  1 10  8  2  7  3  5  9  4  6 14 12 16 17 18 15 19 20 13 11
 75 73 71 74 80 76 77 79 78 72 82 81 90 85 86 88 83 87 84 89 10  5  8  2  4  1  9  6  7  3 18 19 12 20 11 13 15 16 17 14 23 26 24 28 21 27 25 29 22 30 33 40 34 32 38 39 31 37 36 35 49 44 42 47 48 45 41 43 46 50 52 51 59 53 58 54 56 60 55 57 65 63 67 68 69 66 70 61 64 62
 25 23 21 24 30 26 27 29 28 22 32 31 40 35 36 38 33 37 34 39 50 45 48 42 44 41 49 46 47 43 58 59 52 60 51 53 55 56 57 54 63 66 64 68 61 67 65 69 62 70 73 80 74 72 78 79 71 77 76 75 89 84 82 87 88 85 81 83 86 90  2  1  9  3  8  4  6 10  5  7 15 13 17 18 19 16 20 11 14 12
 45 43 41 44 50 46 47 49 48 42 52 51 60 55 56 58 53 57 54 59 70 65 68 62 64 61 69 66 67 63 78 79 72 80 71 73 75 76 77 74 83 86 84 88 81 87 85 89 82 90  3 10  4  2  8  9  1  7  6  5 19 14 12 17 18 15 11 13 16 20 22 21 29 23 28 24 26 30 25 27 35 33 37 38 39 36 40 31 34 32
 85 83 81 84 90 86 87 89 88 82  2  1 10  5  6  8  3  7  4  9 20 15 18 12 14 11 19 16 17 13 28 29 22 30 21 23 25 26 27 24 33 36 34 38 31 37 35 39 32 40 43 50 44 42 48 49 41 47 46 45 59 54 52 57 58 55 51 53 56 60 62 61 69 63 68 64 66 70 65 67 75 73 77 78 79 76 80 71 74 72
  5  3  1  4 10  6  7  9  8  2 12 11 20 15 16 18 13 17 14 19 30 25 28 22 24 21 29 26 27 23 38 39 32 40 31 33 35 36 37 34 43 46 44 48 41 47 45 49 42 50 53 60 54 52 58 59 51 57 56 55 69 64 62 67 68 65 61 63 66 70 72 71 79 73 78 74 76 80 75 77 85 83 87 88 89 86 90 81 84 82
 15 13 11 14 20 16 17 19 18 12 22 21 30 25 26 28 23 27 24 29 40 35 38 32 34 31 39 36 37 33 48 49 42 50 41 43 45 46 47 44 53 56 54 58 51 57 55 59 52 60 63 70 64 62 68 69 61 67 66 65 79 74 72 77 78 75 71 73 76 80 82 81 89 83 88 84 86 90 85 87  5  3  7  8  9  6 10  1  4  2
 55 53 51 54 60 56 57 59 58 52 62 61 70 65 66 68 63 67 64 69 80 75 78 72 74 71 79 76 77 73 88 89 82 90 81 83 85 86 87 84  3  6  4  8  1  7  5  9  2 10 13 20 14 12 18 19 11 17 16 15 29 24 22 27 28 25 21 23 26 30 32 31 39 33 38 34 36 40 35 37 45 43 47 48 49 46 50 41 44 42
 35 33 31 34 40 36 37 39 38 32 42 41 50 45 46 48 43 47 44 49 60 55 58 52 54 51 59 56 57 53 68 69 62 70 61 63 65 66 67 64 73 76 74 78 71 77 75 79 72 80 83 90 84 82 88 89 81 87 86 85  9  4  2  7  8  5  1  3  6 10 12 11 19 13 18 14 16 20 15 17 25 23 27 28 29 26 30 21 24 22
 65 63 61 64 70 66 67 69 68 62 72 71 80 75 76 78 73 77 74 79 90 85 88 82 84 81 89 86 87 83  8  9  2 10  1  3  5  6  7  4 13 16 14 18 11 17 15 19 12 20 23 30 24 22 28 29 21 27 26 25 39 34 32 37 38 35 31 33 36 40 42 41 49 43 48 44 46 50 45 47 55 53 57 58 59 56 60 51 54 52
 26 24 22 25 21 27 28 30 29 23 33 32 31 36 37 39 34 38 35 40 41 46 49 43 45 42 50 47 48 44 59 60 53 51 52 54 56 57 58 55 64 67 65 69 62 68 66 70 63 61 74 71 75 73 79 80 72 78 77 76 90 85 83 88 89 86 82 84 87 81  3  2 10  4  9  5  7  1  6  8 16 14 18 19 20 17 11 12 15 13
  6  4  2  5  1  7  8 10  9  3 13 12 11 16 17 19 14 18 15 20 21 26 29 23 25 22 30 27 28 24 39 40 33 31 32 34 36 37 38 35 44 47 45 49 42 48 46 50 43 41 54 51 55 53 59 60 52 58 57 56 70 65 63 68 69 66 62 64 67 61 73 72 80 74 79 75 77 71 76 78 86 84 88 89 90 87 81 82 85 83
 56 54 52 55 51 57 58 60 59 53 63 62 61 66 67 69 64 68 65 70 71 76 79 73 75 72 80 77 78 74 89 90 83 81 82 84 86 87 88 85  4  7  5  9  2  8  6 10  3  1 14 11 15 13 19 20 12 18 17 16 30 25 23 28 29 26 22 24 27 21 33 32 40 34 39 35 37 31 36 38 46 44 48 49 50 47 41 42 45 43
 66 64 62 65 61 67 68 70 69 63 73 72 71 76 77 79 74 78 75 80 81 86 89 83 85 82 90 87 88 84  9 10  3  1  2  4  6  7  8  5 14 17 15 19 12 18 16 20 13 11 24 21 25 23 29 30 22 28 27 26 40 35 33 38 39 36 32 34 37 31 43 42 50 44 49 45 47 41 46 48 56 54 58 59 60 57 51 52 55 53
 76 74 72 75 71 77 78 80 79 73 83 82 81 86 87 89 84 88 85 90  1  6  9  3  5  2 10  7  8  4 19 20 13 11 12 14 16 17 18 15 24 27 25 29 22 28 26 30 23 21 34 31 35 33 39 40 32 38 37 36 50 45 43 48 49 46 42 44 47 41 53 52 60 54 59 55 57 51 56 58 66 64 68 69 70 67 61 62 65 63
 36 34 32 35 31 37 38 40 39 33 43 42 41 46 47 49 44 48 45 50 51 56 59 53 55 52 60 57 58 54 69 70 63 61 62 64 66 67 68 65 74 77 75 79 72 78 76 80 73 71 84 81 85 83 89 90 82 88 87 86 10  5  3  8  9  6  2  4  7  1 13 12 20 14 19 15 17 11 16 18 26 24 28 29 30 27 21 22 25 23
 86 84 82 85 81 87 88 90 89 83  3  2  1  6  7  9  4  8  5 10 11 16 19 13 15 12 20 17 18 14 29 30 23 21 22 24 26 27 28 25 34 37 35 39 32 38 36 40 33 31 44 41 45 43 49 50 42 48 47 46 60 55 53 58 59 56 52 54 57 51 63 62 70 64 69 65 67 61 66 68 76 74 78 79 80 77 71 72 75 73
 16 14 12 15 11 17 18 20 19 13 23 22 21 26 27 29 24 28 25 30 31 36 39 33 35 32 40 37 38 34 49 50 43 41 42 44 46 47 48 45 54 57 55 59 52 58 56 60 53 51 64 61 65 63 69 70 62 68 67 66 80 75 73 78 79 76 72 74 77 71 83 82 90 84 89 85 87 81 86 88  6  4  8  9 10  7  1  2  5  3
 46 44 42 45 41 47 48 50 49 43 53 52 51 56 57 59 54 58 55 60 61 66 69 63 65 62 70 67 68 64 79 80 73 71 72 74 76 77 78 75 84 87 85 89 82 88 86 90 83 81  4  1  5  3  9 10  2  8  7  6 20 15 13 18 19 16 12 14 17 11 23 22 30 24 29 25 27 21 26 28 36 34 38 39 40 37 31 32 35 33
