0.009201099979691207
0.009062699973583221
0.009151099948212504
0.00962889997754246
0.009689899976365268
0.008708800072781742
0.010211999993771315
0.009348600055091083
0.009379299939610064
0.010020999936386943
0.00927510007750243
0.00931180000770837
0.009269400034099817
0.009350499953143299
0.012205900042317808
0.012492200010456145
0.009109199978411198
0.009178400039672852
0.009118799935095012
0.009778900071978569
0.009559100028127432
0.008839000016450882
0.009398899972438812
0.009301800047978759
0.009688799967989326
0.01009580004028976
0.008671400020830333
0.009519599960185587
0.009578999946825206
0.00894590001553297
0.008939799969084561
0.009677699999883771
0.009392500040121377
0.013813399942591786
0.01183360000140965
0.00867050001397729
0.009439399931579828
0.009572300012223423
0.008562400005757809
0.009907300001941621
0.009148300043307245
0.009224100038409233
0.00882890005595982
0.008819200098514557
0.008954100077971816
0.009044300066307187
0.010048000025562942
0.01026010001078248
0.009048899984918535
0.00837399996817112
0.008654800010845065
0.008905199938453734
0.00968209991697222
0.008839900023303926
0.00858269992750138
0.009535400080494583
0.009230000083334744
0.009244899963960052
0.009946299949660897
0.008953099953942
0.008877199958078563
0.00900229997932911
0.010011799982748926
0.009258999954909086
0.009614299982786179
0.009045699960552156
0.008918099920265377
0.009320999961346388
0.008391199982725084
0.00907040003221482
0.009268000023439527
0.009343400015495718
0.008741799974814057
0.009536899975501001
0.008808399899862707
0.009214299963787198
0.0149629000807181
0.011439800029620528
0.011319000041112304
0.01161709998268634
0.00972970004659146
0.013305700034834445
0.009677399997599423
0.009496500017121434
0.008955700090155005
0.015623000101186335
0.015924800070933998
0.00921709998510778
0.009887999971397221
0.009685599943622947
0.009159600012935698
0.009785500005818903
0.009972000028938055
0.014481800026260316
0.014466600026935339
0.01487959991209209
0.010472499998286366
0.008879799977876246
0.009099400020204484
0.00939929997548461
