 34 32 35 33 31 36 42 37 40 38 41 39  2  1  5  4  6  3  9 12  7  8 11 10 16 14 17 15 13 18 23 20 24 21 19 22 26 28 29 25 30 27
 22 20 23 21 19 24 30 25 28 26 29 27 32 31 35 34 36 33 39 42 37 38 41 40  4  2  5  3  1  6 11  8 12  9  7 10 14 16 17 13 18 15
  4  2  5  3  1  6 12  7 10  8 11  9 14 13 17 16 18 15 21 24 19 20 23 22 28 26 29 27 25 30 35 32 36 33 31 34 38 40 41 37 42 39
 10  8 11  9  7 12 18 13 16 14 17 15 20 19 23 22 24 21 27 30 25 26 29 28 34 32 35 33 31 36 41 38 42 39 37 40  2  4  5  1  6  3
 40 38 41 39 37 42  6  1  4  2  5  3  8  7 11 10 12  9 15 18 13 14 17 16 22 20 23 21 19 24 29 26 30 27 25 28 32 34 35 31 36 33
 28 26 29 27 25 30 36 31 34 32 35 33 38 37 41 40 42 39  3  6  1  2  5  4 10  8 11  9  7 12 17 14 18 15 13 16 20 22 23 19 24 21
 16 14 17 15 13 18 24 19 22 20 23 21 26 25 29 28 30 27 33 36 31 32 35 34 40 38 41 39 37 42  5  2  6  3  1  4  8 10 11  7 12  9
 17 15 18 16 14 13 19 20 23 21 24 22 27 26 30 29 25 28 34 31 32 33 36 35 41 39 42 40 38 37  6  3  1  4  2  5  9 11 12  8  7 10
  5  3  6  4  2  1  7  8 11  9 12 10 15 14 18 17 13 16 22 19 20 21 24 23 29 27 30 28 26 25 36 33 31 34 32 35 39 41 42 38 37 40
 23 21 24 22 20 19 25 26 29 27 30 28 33 32 36 35 31 34 40 37 38 39 42 41  5  3  6  4  2  1 12  9  7 10  8 11 15 17 18 14 13 16
 11  9 12 10  8  7 13 14 17 15 18 16 21 20 24 23 19 22 28 25 26 27 30 29 35 33 36 34 32 31 42 39 37 40 38 41  3  5  6  2  1  4
 41 39 42 40 38 37  1  2  5  3  6  4  9  8 12 11  7 10 16 13 14 15 18 17 23 21 24 22 20 19 30 27 25 28 26 29 33 35 36 32 31 34
 35 33 36 34 32 31 37 38 41 39 42 40  3  2  6  5  1  4 10  7  8  9 12 11 17 15 18 16 14 13 24 21 19 22 20 23 27 29 30 26 25 28
 29 27 30 28 26 25 31 32 35 33 36 34 39 38 42 41 37 40  4  1  2  3  6  5 11  9 12 10  8  7 18 15 13 16 14 17 21 23 24 20 19 22
 42 40 37 41 39 38  2  3  6  4  1  5 10  9  7 12  8 11 17 14 15 16 13 18 24 22 19 23 21 20 25 28 26 29 27 30 34 36 31 33 32 35
 18 16 13 17 15 14 20 21 24 22 19 23 28 27 25 30 26 29 35 32 33 34 31 36 42 40 37 41 39 38  1  4  2  5  3  6 10 12  7  9  8 11
  6  4  1  5  3  2  8  9 12 10  7 11 16 15 13 18 14 17 23 20 21 22 19 24 30 28 25 29 27 26 31 34 32 35 33 36 40 42 37 39 38 41
 30 28 25 29 27 26 32 33 36 34 31 35 40 39 37 42 38 41  5  2  3  4  1  6 12 10  7 11  9  8 13 16 14 17 15 18 22 24 19 21 20 23
 36 34 31 35 33 32 38 39 42 40 37 41  4  3  1  6  2  5 11  8  9 10  7 12 18 16 13 17 15 14 19 22 20 23 21 24 28 30 25 27 26 29
 12 10  7 11  9  8 14 15 18 16 13 17 22 21 19 24 20 23 29 26 27 28 25 30 36 34 31 35 33 32 37 40 38 41 39 42  4  6  1  3  2  5
 24 22 19 23 21 20 26 27 30 28 25 29 34 33 31 36 32 35 41 38 39 40 37 42  6  4  1  5  3  2  7 10  8 11  9 12 16 18 13 15 14 17
 31 35 32 36 34 33 39 40 37 41 38 42  5  4  2  1  3  6 12  9 10 11  8  7 13 17 14 18 16 15 20 23 21 24 22 19 29 25 26 28 27 30
  7 11  8 12 10  9 15 16 13 17 14 18 23 22 20 19 21 24 30 27 28 29 26 25 31 35 32 36 34 33 38 41 39 42 40 37  5  1  2  4  3  6
 25 29 26 30 28 27 33 34 31 35 32 36 41 40 38 37 39 42  6  3  4  5  2  1  7 11  8 12 10  9 14 17 15 18 16 13 23 19 20 22 21 24
 19 23 20 24 22 21 27 28 25 29 26 30 35 34 32 31 33 36 42 39 40 41 38 37  1  5  2  6  4  3  8 11  9 12 10  7 17 13 14 16 15 18
 37 41 38 42 40 39  3  4  1  5  2  6 11 10  8  7  9 12 18 15 16 17 14 13 19 23 20 24 22 21 26 29 27 30 28 25 35 31 32 34 33 36
  1  5  2  6  4  3  9 10  7 11  8 12 17 16 14 13 15 18 24 21 22 23 20 19 25 29 26 30 28 27 32 35 33 36 34 31 41 37 38 40 39 42
 13 17 14 18 16 15 21 22 19 23 20 24 29 28 26 25 27 30 36 33 34 35 32 31 37 41 38 42 40 39  2  5  3  6  4  1 11  7  8 10  9 12
  2  6  3  1  5  4 10 11  8 12  9  7 18 17 15 14 16 13 19 22 23 24 21 20 26 30 27 25 29 28 33 36 34 31 35 32 42 38 39 41 40 37
  8 12  9  7 11 10 16 17 14 18 15 13 24 23 21 20 22 19 25 28 29 30 27 26 32 36 33 31 35 34 39 42 40 37 41 38  6  2  3  5  4  1
 14 18 15 13 17 16 22 23 20 24 21 19 30 29 27 26 28 25 31 34 35 36 33 32 38 42 39 37 41 40  3  6  4  1  5  2 12  8  9 11 10  7
 32 36 33 31 35 34 40 41 38 42 39 37  6  5  3  2  4  1  7 10 11 12  9  8 14 18 15 13 17 16 21 24 22 19 23 20 30 26 27 29 28 25
 26 30 27 25 29 28 34 35 32 36 33 31 42 41 39 38 40 37  1  4  5  6  3  2  8 12  9  7 11 10 15 18 16 13 17 14 24 20 21 23 22 19
 20 24 21 19 23 22 28 29 26 30 27 25 36 35 33 32 34 31 37 40 41 42 39 38  2  6  3  1  5  4  9 12 10  7 11  8 18 14 15 17 16 13
 38 42 39 37 41 40  4  5  2  6  3  1 12 11  9  8 10  7 13 16 17 18 15 14 20 24 21 19 23 22 27 30 28 25 29 26 36 32 33 35 34 31
 15 13 16 14 18 17 23 24 21 19 22 20 25 30 28 27 29 26 32 35 36 31 34 33 39 37 40 38 42 41  4  1  5  2  6  3  7  9 10 12 11  8
  9  7 10  8 12 11 17 18 15 13 16 14 19 24 22 21 23 20 26 29 30 25 28 27 33 31 34 32 36 35 40 37 41 38 42 39  1  3  4  6  5  2
 27 25 28 26 30 29 35 36 33 31 34 32 37 42 40 39 41 38  2  5  6  1  4  3  9  7 10  8 12 11 16 13 17 14 18 15 19 21 22 24 23 20
 21 19 22 20 24 23 29 30 27 25 28 26 31 36 34 33 35 32 38 41 42 37 40 39  3  1  4  2  6  5 10  7 11  8 12  9 13 15 16 18 17 14
  3  1  4  2  6  5 11 12  9  7 10  8 13 18 16 15 17 14 20 23 24 19 22 21 27 25 28 26 30 29 34 31 35 32 36 33 37 39 40 42 41 38
 33 31 34 32 36 35 41 42 39 37 40 38  1  6  4  3  5  2  8 11 12  7 10  9 15 13 16 14 18 17 22 19 23 20 24 21 25 27 28 30 29 26
 39 37 40 38 42 41  5  6  3  1  4  2  7 12 10  9 11  8 14 17 18 13 16 15 21 19 22 20 24 23 28 25 29 26 30 27 31 33 34 36 35 32
