 40 37 41 39 38 42  3  4  1  2  6  5  9  7 12  8 10 11 16 15 13 17 18 14 23 24 20 19 22 21 30 26 29 28 25 27 32 34 33 35 31 36
  4  1  5  3  2  6  9 10  7  8 12 11 15 13 18 14 16 17 22 21 19 23 24 20 29 30 26 25 28 27 36 32 35 34 31 33 38 40 39 41 37 42
 22 19 23 21 20 24 27 28 25 26 30 29 33 31 36 32 34 35 40 39 37 41 42 38  5  6  2  1  4  3 12  8 11 10  7  9 14 16 15 17 13 18
 28 25 29 27 26 30 33 34 31 32 36 35 39 37 42 38 40 41  4  3  1  5  6  2 11 12  8  7 10  9 18 14 17 16 13 15 20 22 21 23 19 24
 10  7 11  9  8 12 15 16 13 14 18 17 21 19 24 20 22 23 28 27 25 29 30 26 35 36 32 31 34 33 42 38 41 40 37 39  2  4  3  5  1  6
 16 13 17 15 14 18 21 22 19 20 24 23 27 25 30 26 28 29 34 33 31 35 36 32 41 42 38 37 40 39  6  2  5  4  1  3  8 10  9 11  7 12
 34 31 35 33 32 36 39 40 37 38 42 41  3  1  6  2  4  5 10  9  7 11 12  8 17 18 14 13 16 15 24 20 23 22 19 21 26 28 27 29 25 30
 35 32 36 34 33 31 40 41 38 39 37 42  4  2  1  3  5  6 11 10  8 12  7  9 18 13 15 14 17 16 19 21 24 23 20 22 27 29 28 30 26 25
  5  2  6  4  3  1 10 11  8  9  7 12 16 14 13 15 17 18 23 22 20 24 19 21 30 25 27 26 29 28 31 33 36 35 32 34 39 41 40 42 38 37
 17 14 18 16 15 13 22 23 20 21 19 24 28 26 25 27 29 30 35 34 32 36 31 33 42 37 39 38 41 40  1  3  6  5  2  4  9 11 10 12  8  7
 11  8 12 10  9  7 16 17 14 15 13 18 22 20 19 21 23 24 29 28 26 30 25 27 36 31 33 32 35 34 37 39 42 41 38 40  3  5  4  6  2  1
 41 38 42 40 39 37  4  5  2  3  1  6 10  8  7  9 11 12 17 16 14 18 13 15 24 19 21 20 23 22 25 27 30 29 26 28 33 35 34 36 32 31
 23 20 24 22 21 19 28 29 26 27 25 30 34 32 31 33 35 36 41 40 38 42 37 39  6  1  3  2  5  4  7  9 12 11  8 10 15 17 16 18 14 13
 29 26 30 28 27 25 34 35 32 33 31 36 40 38 37 39 41 42  5  4  2  6  1  3 12  7  9  8 11 10 13 15 18 17 14 16 21 23 22 24 20 19
 12  9  7 11 10  8 17 18 15 16 14 13 23 21 20 22 24 19 30 29 27 25 26 28 31 32 34 33 36 35 38 40 37 42 39 41  4  6  5  1  3  2
 30 27 25 29 28 26 35 36 33 34 32 31 41 39 38 40 42 37  6  5  3  1  2  4  7  8 10  9 12 11 14 16 13 18 15 17 22 24 23 19 21 20
 42 39 37 41 40 38  5  6  3  4  2  1 11  9  8 10 12  7 18 17 15 13 14 16 19 20 22 21 24 23 26 28 25 30 27 29 34 36 35 31 33 32
 18 15 13 17 16 14 23 24 21 22 20 19 29 27 26 28 30 25 36 35 33 31 32 34 37 38 40 39 42 41  2  4  1  6  3  5 10 12 11  7  9  8
 36 33 31 35 34 32 41 42 39 40 38 37  5  3  2  4  6  1 12 11  9  7  8 10 13 14 16 15 18 17 20 22 19 24 21 23 28 30 29 25 27 26
 24 21 19 23 22 20 29 30 27 28 26 25 35 33 32 34 36 31 42 41 39 37 38 40  1  2  4  3  6  5  8 10  7 12  9 11 16 18 17 13 15 14
  6  3  1  5  4  2 11 12  9 10  8  7 17 15 14 16 18 13 24 23 21 19 20 22 25 26 28 27 30 29 32 34 31 36 33 35 40 42 41 37 39 38
  7 10  8 12 11  9 18 13 16 17 15 14 24 22 21 23 19 20 25 30 28 26 27 29 32 33 35 34 31 36 39 41 38 37 40 42  5  1  6  2  4  3
 19 22 20 24 23 21 30 25 28 29 27 26 36 34 33 35 31 32 37 42 40 38 39 41  2  3  5  4  1  6  9 11  8  7 10 12 17 13 18 14 16 15
 13 16 14 18 17 15 24 19 22 23 21 20 30 28 27 29 25 26 31 36 34 32 33 35 38 39 41 40 37 42  3  5  2  1  4  6 11  7 12  8 10  9
 37 40 38 42 41 39  6  1  4  5  3  2 12 10  9 11  7  8 13 18 16 14 15 17 20 21 23 22 19 24 27 29 26 25 28 30 35 31 36 32 34 33
 31 34 32 36 35 33 42 37 40 41 39 38  6  4  3  5  1  2  7 12 10  8  9 11 14 15 17 16 13 18 21 23 20 19 22 24 29 25 30 26 28 27
 25 28 26 30 29 27 36 31 34 35 33 32 42 40 39 41 37 38  1  6  4  2  3  5  8  9 11 10  7 12 15 17 14 13 16 18 23 19 24 20 22 21
  1  4  2  6  5  3 12  7 10 11  9  8 18 16 15 17 13 14 19 24 22 20 21 23 26 27 29 28 25 30 33 35 32 31 34 36 41 37 42 38 40 39
 32 35 33 31 36 34 37 38 41 42 40 39  1  5  4  6  2  3  8  7 11  9 10 12 15 16 18 17 14 13 22 24 21 20 23 19 30 26 25 27 29 28
  8 11  9  7 12 10 13 14 17 18 16 15 19 23 22 24 20 21 26 25 29 27 28 30 33 34 36 35 32 31 40 42 39 38 41 37  6  2  1  3  5  4
 20 23 21 19 24 22 25 26 29 30 28 27 31 35 34 36 32 33 38 37 41 39 40 42  3  4  6  5  2  1 10 12  9  8 11  7 18 14 13 15 17 16
 14 17 15 13 18 16 19 20 23 24 22 21 25 29 28 30 26 27 32 31 35 33 34 36 39 40 42 41 38 37  4  6  3  2  5  1 12  8  7  9 11 10
  2  5  3  1  6  4  7  8 11 12 10  9 13 17 16 18 14 15 20 19 23 21 22 24 27 28 30 29 26 25 34 36 33 32 35 31 42 38 37 39 41 40
 38 41 39 37 42 40  1  2  5  6  4  3  7 11 10 12  8  9 14 13 17 15 16 18 21 22 24 23 20 19 28 30 27 26 29 25 36 32 31 33 35 34
 26 29 27 25 30 28 31 32 35 36 34 33 37 41 40 42 38 39  2  1  5  3  4  6  9 10 12 11  8  7 16 18 15 14 17 13 24 20 19 21 23 22
 33 36 34 32 31 35 38 39 42 37 41 40  2  6  5  1  3  4  9  8 12 10 11  7 16 17 13 18 15 14 23 19 22 21 24 20 25 27 26 28 30 29
  3  6  4  2  1  5  8  9 12  7 11 10 14 18 17 13 15 16 21 20 24 22 23 19 28 29 25 30 27 26 35 31 34 33 36 32 37 39 38 40 42 41
  9 12 10  8  7 11 14 15 18 13 17 16 20 24 23 19 21 22 27 26 30 28 29 25 34 35 31 36 33 32 41 37 40 39 42 38  1  3  2  4  6  5
 27 30 28 26 25 29 32 33 36 31 35 34 38 42 41 37 39 40  3  2  6  4  5  1 10 11  7 12  9  8 17 13 16 15 18 14 19 21 20 22 24 23
 39 42 40 38 37 41  2  3  6  1  5  4  8 12 11  7  9 10 15 14 18 16 17 13 22 23 19 24 21 20 29 25 28 27 30 26 31 33 32 34 36 35
 15 18 16 14 13 17 20 21 24 19 23 22 26 30 29 25 27 28 33 32 36 34 35 31 40 41 37 42 39 38  5  1  4  3  6  2  7  9  8 10 12 11
 21 24 22 20 19 23 26 27 30 25 29 28 32 36 35 31 33 34 39 38 42 40 41 37  4  5  1  6  3  2 11  7 10  9 12  8 13 15 14 16 18 17
