 28 32 34 33 30 31 35 29 36 40 43 39 42 45 37 38 41 44 50 49 53 46 52 47 48 54 51 59 56 55 60 63 57 61 62 58  8  7  4  1  5  9  3  6  2 13 14 11 18 17 16 10 12 15 21 24 26 19 22 25 27 23 20
 37 41 43 42 39 40 44 38 45 49 52 48 51 54 46 47 50 53 59 58 62 55 61 56 57 63 60  5  2  1  6  9  3  7  8  4 17 16 13 10 14 18 12 15 11 22 23 20 27 26 25 19 21 24 30 33 35 28 31 34 36 32 29
 10 14 16 15 12 13 17 11 18 22 25 21 24 27 19 20 23 26 32 31 35 28 34 29 30 36 33 41 38 37 42 45 39 43 44 40 53 52 49 46 50 54 48 51 47 58 59 56 63 62 61 55 57 60  3  6  8  1  4  7  9  5  2
 19 23 25 24 21 22 26 20 27 31 34 30 33 36 28 29 32 35 41 40 44 37 43 38 39 45 42 50 47 46 51 54 48 52 53 49 62 61 58 55 59 63 57 60 56  4  5  2  9  8  7  1  3  6 12 15 17 10 13 16 18 14 11
 46 50 52 51 48 49 53 47 54 58 61 57 60 63 55 56 59 62  5  4  8  1  7  2  3  9  6 14 11 10 15 18 12 16 17 13 26 25 22 19 23 27 21 24 20 31 32 29 36 35 34 28 30 33 39 42 44 37 40 43 45 41 38
  1  5  7  6  3  4  8  2  9 13 16 12 15 18 10 11 14 17 23 22 26 19 25 20 21 27 24 32 29 28 33 36 30 34 35 31 44 43 40 37 41 45 39 42 38 49 50 47 54 53 52 46 48 51 57 60 62 55 58 61 63 59 56
 55 59 61 60 57 58 62 56 63  4  7  3  6  9  1  2  5  8 14 13 17 10 16 11 12 18 15 23 20 19 24 27 21 25 26 22 35 34 31 28 32 36 30 33 29 40 41 38 45 44 43 37 39 42 48 51 53 46 49 52 54 50 47
 56 60 62 61 58 59 63 57 55  5  8  4  7  1  2  3  6  9 15 14 18 11 17 12 13 10 16 24 21 20 25 19 22 26 27 23 36 35 32 29 33 28 31 34 30 41 42 39 37 45 44 38 40 43 49 52 54 47 50 53 46 51 48
 38 42 44 43 40 41 45 39 37 50 53 49 52 46 47 48 51 54 60 59 63 56 62 57 58 55 61  6  3  2  7  1  4  8  9  5 18 17 14 11 15 10 13 16 12 23 24 21 19 27 26 20 22 25 31 34 36 29 32 35 28 33 30
 11 15 17 16 13 14 18 12 10 23 26 22 25 19 20 21 24 27 33 32 36 29 35 30 31 28 34 42 39 38 43 37 40 44 45 41 54 53 50 47 51 46 49 52 48 59 60 57 55 63 62 56 58 61  4  7  9  2  5  8  1  6  3
 29 33 35 34 31 32 36 30 28 41 44 40 43 37 38 39 42 45 51 50 54 47 53 48 49 46 52 60 57 56 61 55 58 62 63 59  9  8  5  2  6  1  4  7  3 14 15 12 10 18 17 11 13 16 22 25 27 20 23 26 19 24 21
  2  6  8  7  4  5  9  3  1 14 17 13 16 10 11 12 15 18 24 23 27 20 26 21 22 19 25 33 30 29 34 28 31 35 36 32 45 44 41 38 42 37 40 43 39 50 51 48 46 54 53 47 49 52 58 61 63 56 59 62 55 60 57
 20 24 26 25 22 23 27 21 19 32 35 31 34 28 29 30 33 36 42 41 45 38 44 39 40 37 43 51 48 47 52 46 49 53 54 50 63 62 59 56 60 55 58 61 57  5  6  3  1  9  8  2  4  7 13 16 18 11 14 17 10 15 12
 47 51 53 52 49 50 54 48 46 59 62 58 61 55 56 57 60 63  6  5  9  2  8  3  4  1  7 15 12 11 16 10 13 17 18 14 27 26 23 20 24 19 22 25 21 32 33 30 28 36 35 29 31 34 40 43 45 38 41 44 37 42 39
 57 61 63 62 59 60 55 58 56  6  9  5  8  2  3  4  7  1 16 15 10 12 18 13 14 11 17 25 22 21 26 20 23 27 19 24 28 36 33 30 34 29 32 35 31 42 43 40 38 37 45 39 41 44 50 53 46 48 51 54 47 52 49
 30 34 36 35 32 33 28 31 29 42 45 41 44 38 39 40 43 37 52 51 46 48 54 49 50 47 53 61 58 57 62 56 59 63 55 60  1  9  6  3  7  2  5  8  4 15 16 13 11 10 18 12 14 17 23 26 19 21 24 27 20 25 22
 39 43 45 44 41 42 37 40 38 51 54 50 53 47 48 49 52 46 61 60 55 57 63 58 59 56 62  7  4  3  8  2  5  9  1  6 10 18 15 12 16 11 14 17 13 24 25 22 20 19 27 21 23 26 32 35 28 30 33 36 29 34 31
  3  7  9  8  5  6  1  4  2 15 18 14 17 11 12 13 16 10 25 24 19 21 27 22 23 20 26 34 31 30 35 29 32 36 28 33 37 45 42 39 43 38 41 44 40 51 52 49 47 46 54 48 50 53 59 62 55 57 60 63 56 61 58
 12 16 18 17 14 15 10 13 11 24 27 23 26 20 21 22 25 19 34 33 28 30 36 31 32 29 35 43 40 39 44 38 41 45 37 42 46 54 51 48 52 47 50 53 49 60 61 58 56 55 63 57 59 62  5  8  1  3  6  9  2  7  4
 48 52 54 53 50 51 46 49 47 60 63 59 62 56 57 58 61 55  7  6  1  3  9  4  5  2  8 16 13 12 17 11 14 18 10 15 19 27 24 21 25 20 23 26 22 33 34 31 29 28 36 30 32 35 41 44 37 39 42 45 38 43 40
 21 25 27 26 23 24 19 22 20 33 36 32 35 29 30 31 34 28 43 42 37 39 45 40 41 38 44 52 49 48 53 47 50 54 46 51 55 63 60 57 61 56 59 62 58  6  7  4  2  1  9  3  5  8 14 17 10 12 15 18 11 16 13
 22 26 19 27 24 25 20 23 21 34 28 33 36 30 31 32 35 29 44 43 38 40 37 41 42 39 45 53 50 49 54 48 51 46 47 52 56 55 61 58 62 57 60 63 59  7  8  5  3  2  1  4  6  9 15 18 11 13 16 10 12 17 14
 49 53 46 54 51 52 47 50 48 61 55 60 63 57 58 59 62 56  8  7  2  4  1  5  6  3  9 17 14 13 18 12 15 10 11 16 20 19 25 22 26 21 24 27 23 34 35 32 30 29 28 31 33 36 42 45 38 40 43 37 39 44 41
 58 62 55 63 60 61 56 59 57  7  1  6  9  3  4  5  8  2 17 16 11 13 10 14 15 12 18 26 23 22 27 21 24 19 20 25 29 28 34 31 35 30 33 36 32 43 44 41 39 38 37 40 42 45 51 54 47 49 52 46 48 53 50
 31 35 28 36 33 34 29 32 30 43 37 42 45 39 40 41 44 38 53 52 47 49 46 50 51 48 54 62 59 58 63 57 60 55 56 61  2  1  7  4  8  3  6  9  5 16 17 14 12 11 10 13 15 18 24 27 20 22 25 19 21 26 23
 40 44 37 45 42 43 38 41 39 52 46 51 54 48 49 50 53 47 62 61 56 58 55 59 60 57 63  8  5  4  9  3  6  1  2  7 11 10 16 13 17 12 15 18 14 25 26 23 21 20 19 22 24 27 33 36 29 31 34 28 30 35 32
 13 17 10 18 15 16 11 14 12 25 19 24 27 21 22 23 26 20 35 34 29 31 28 32 33 30 36 44 41 40 45 39 42 37 38 43 47 46 52 49 53 48 51 54 50 61 62 59 57 56 55 58 60 63  6  9  2  4  7  1  3  8  5
  4  8  1  9  6  7  2  5  3 16 10 15 18 12 13 14 17 11 26 25 20 22 19 23 24 21 27 35 32 31 36 30 33 28 29 34 38 37 43 40 44 39 42 45 41 52 53 50 48 47 46 49 51 54 60 63 56 58 61 55 57 62 59
 41 45 38 37 43 44 39 42 40 53 47 52 46 49 50 51 54 48 63 62 57 59 56 60 61 58 55  9  6  5  1  4  7  2  3  8 12 11 17 14 18 13 16 10 15 26 27 24 22 21 20 23 25 19 34 28 30 32 35 29 31 36 33
 50 54 47 46 52 53 48 51 49 62 56 61 55 58 59 60 63 57  9  8  3  5  2  6  7  4  1 18 15 14 10 13 16 11 12 17 21 20 26 23 27 22 25 19 24 35 36 33 31 30 29 32 34 28 43 37 39 41 44 38 40 45 42
 32 36 29 28 34 35 30 33 31 44 38 43 37 40 41 42 45 39 54 53 48 50 47 51 52 49 46 63 60 59 55 58 61 56 57 62  3  2  8  5  9  4  7  1  6 17 18 15 13 12 11 14 16 10 25 19 21 23 26 20 22 27 24
 59 63 56 55 61 62 57 60 58  8  2  7  1  4  5  6  9  3 18 17 12 14 11 15 16 13 10 27 24 23 19 22 25 20 21 26 30 29 35 32 36 31 34 28 33 44 45 42 40 39 38 41 43 37 52 46 48 50 53 47 49 54 51
 14 18 11 10 16 17 12 15 13 26 20 25 19 22 23 24 27 21 36 35 30 32 29 33 34 31 28 45 42 41 37 40 43 38 39 44 48 47 53 50 54 49 52 46 51 62 63 60 58 57 56 59 61 55  7  1  3  5  8  2  4  9  6
 23 27 20 19 25 26 21 24 22 35 29 34 28 31 32 33 36 30 45 44 39 41 38 42 43 40 37 54 51 50 46 49 52 47 48 53 57 56 62 59 63 58 61 55 60  8  9  6  4  3  2  5  7  1 16 10 12 14 17 11 13 18 15
  5  9  2  1  7  8  3  6  4 17 11 16 10 13 14 15 18 12 27 26 21 23 20 24 25 22 19 36 33 32 28 31 34 29 30 35 39 38 44 41 45 40 43 37 42 53 54 51 49 48 47 50 52 46 61 55 57 59 62 56 58 63 60
 24 19 21 20 26 27 22 25 23 36 30 35 29 32 33 34 28 31 37 45 40 42 39 43 44 41 38 46 52 51 47 50 53 48 49 54 58 57 63 60 55 59 62 56 61  9  1  7  5  4  3  6  8  2 17 11 13 15 18 12 14 10 16
 33 28 30 29 35 36 31 34 32 45 39 44 38 41 42 43 37 40 46 54 49 51 48 52 53 50 47 55 61 60 56 59 62 57 58 63  4  3  9  6  1  5  8  2  7 18 10 16 14 13 12 15 17 11 26 20 22 24 27 21 23 19 25
 60 55 57 56 62 63 58 61 59  9  3  8  2  5  6  7  1  4 10 18 13 15 12 16 17 14 11 19 25 24 20 23 26 21 22 27 31 30 36 33 28 32 35 29 34 45 37 43 41 40 39 42 44 38 53 47 49 51 54 48 50 46 52
 15 10 12 11 17 18 13 16 14 27 21 26 20 23 24 25 19 22 28 36 31 33 30 34 35 32 29 37 43 42 38 41 44 39 40 45 49 48 54 51 46 50 53 47 52 63 55 61 59 58 57 60 62 56  8  2  4  6  9  3  5  1  7
 51 46 48 47 53 54 49 52 50 63 57 62 56 59 60 61 55 58  1  9  4  6  3  7  8  5  2 10 16 15 11 14 17 12 13 18 22 21 27 24 19 23 26 20 25 36 28 34 32 31 30 33 35 29 44 38 40 42 45 39 41 37 43
 42 37 39 38 44 45 40 43 41 54 48 53 47 50 51 52 46 49 55 63 58 60 57 61 62 59 56  1  7  6  2  5  8  3  4  9 13 12 18 15 10 14 17 11 16 27 19 25 23 22 21 24 26 20 35 29 31 33 36 30 32 28 34
  6  1  3  2  8  9  4  7  5 18 12 17 11 14 15 16 10 13 19 27 22 24 21 25 26 23 20 28 34 33 29 32 35 30 31 36 40 39 45 42 37 41 44 38 43 54 46 52 50 49 48 51 53 47 62 56 58 60 63 57 59 55 61
 61 56 58 57 63 55 59 62 60  1  4  9  3  6  7  8  2  5 11 10 14 16 13 17 18 15 12 20 26 25 21 24 27 22 23 19 32 31 28 34 29 33 36 30 35 37 38 44 42 41 40 43 45 39 54 48 50 52 46 49 51 47 53
 52 47 49 48 54 46 50 53 51 55 58 63 57 60 61 62 56 59  2  1  5  7  4  8  9  6  3 11 17 16 12 15 18 13 14 10 23 22 19 25 20 24 27 21 26 28 29 35 33 32 31 34 36 30 45 39 41 43 37 40 42 38 44
 34 29 31 30 36 28 32 35 33 37 40 45 39 42 43 44 38 41 47 46 50 52 49 53 54 51 48 56 62 61 57 60 63 58 59 55  5  4  1  7  2  6  9  3  8 10 11 17 15 14 13 16 18 12 27 21 23 25 19 22 24 20 26
 16 11 13 12 18 10 14 17 15 19 22 27 21 24 25 26 20 23 29 28 32 34 31 35 36 33 30 38 44 43 39 42 45 40 41 37 50 49 46 52 47 51 54 48 53 55 56 62 60 59 58 61 63 57  9  3  5  7  1  4  6  2  8
  7  2  4  3  9  1  5  8  6 10 13 18 12 15 16 17 11 14 20 19 23 25 22 26 27 24 21 29 35 34 30 33 36 31 32 28 41 40 37 43 38 42 45 39 44 46 47 53 51 50 49 52 54 48 63 57 59 61 55 58 60 56 62
 25 20 22 21 27 19 23 26 24 28 31 36 30 33 34 35 29 32 38 37 41 43 40 44 45 42 39 47 53 52 48 51 54 49 50 46 59 58 55 61 56 60 63 57 62  1  2  8  6  5  4  7  9  3 18 12 14 16 10 13 15 11 17
 43 38 40 39 45 37 41 44 42 46 49 54 48 51 52 53 47 50 56 55 59 61 58 62 63 60 57  2  8  7  3  6  9  4  5  1 14 13 10 16 11 15 18 12 17 19 20 26 24 23 22 25 27 21 36 30 32 34 28 31 33 29 35
  8  3  5  4  1  2  6  9  7 11 14 10 13 16 17 18 12 15 21 20 24 26 23 27 19 25 22 30 36 35 31 34 28 32 33 29 42 41 38 44 39 43 37 40 45 47 48 54 52 51 50 53 46 49 55 58 60 62 56 59 61 57 63
 26 21 23 22 19 20 24 27 25 29 32 28 31 34 35 36 30 33 39 38 42 44 41 45 37 43 40 48 54 53 49 52 46 50 51 47 60 59 56 62 57 61 55 58 63  2  3  9  7  6  5  8  1  4 10 13 15 17 11 14 16 12 18
 44 39 41 40 37 38 42 45 43 47 50 46 49 52 53 54 48 51 57 56 60 62 59 63 55 61 58  3  9  8  4  7  1  5  6  2 15 14 11 17 12 16 10 13 18 20 21 27 25 24 23 26 19 22 28 31 33 35 29 32 34 30 36
 17 12 14 13 10 11 15 18 16 20 23 19 22 25 26 27 21 24 30 29 33 35 32 36 28 34 31 39 45 44 40 43 37 41 42 38 51 50 47 53 48 52 46 49 54 56 57 63 61 60 59 62 55 58  1  4  6  8  2  5  7  3  9
 53 48 50 49 46 47 51 54 52 56 59 55 58 61 62 63 57 60  3  2  6  8  5  9  1  7  4 12 18 17 13 16 10 14 15 11 24 23 20 26 21 25 19 22 27 29 30 36 34 33 32 35 28 31 37 40 42 44 38 41 43 39 45
 62 57 59 58 55 56 60 63 61  2  5  1  4  7  8  9  3  6 12 11 15 17 14 18 10 16 13 21 27 26 22 25 19 23 24 20 33 32 29 35 30 34 28 31 36 38 39 45 43 42 41 44 37 40 46 49 51 53 47 50 52 48 54
 35 30 32 31 28 29 33 36 34 38 41 37 40 43 44 45 39 42 48 47 51 53 50 54 46 52 49 57 63 62 58 61 55 59 60 56  6  5  2  8  3  7  1  4  9 11 12 18 16 15 14 17 10 13 19 22 24 26 20 23 25 21 27
 18 13 15 14 11 12 16 10 17 21 24 20 23 26 27 19 22 25 31 30 34 36 33 28 29 35 32 40 37 45 41 44 38 42 43 39 52 51 48 54 49 53 47 50 46 57 58 55 62 61 60 63 56 59  2  5  7  9  3  6  8  4  1
 36 31 33 32 29 30 34 28 35 39 42 38 41 44 45 37 40 43 49 48 52 54 51 46 47 53 50 58 55 63 59 62 56 60 61 57  7  6  3  9  4  8  2  5  1 12 13 10 17 16 15 18 11 14 20 23 25 27 21 24 26 22 19
 63 58 60 59 56 57 61 55 62  3  6  2  5  8  9  1  4  7 13 12 16 18 15 10 11 17 14 22 19 27 23 26 20 24 25 21 34 33 30 36 31 35 29 32 28 39 40 37 44 43 42 45 38 41 47 50 52 54 48 51 53 49 46
 27 22 24 23 20 21 25 19 26 30 33 29 32 35 36 28 31 34 40 39 43 45 42 37 38 44 41 49 46 54 50 53 47 51 52 48 61 60 57 63 58 62 56 59 55  3  4  1  8  7  6  9  2  5 11 14 16 18 12 15 17 13 10
 45 40 42 41 38 39 43 37 44 48 51 47 50 53 54 46 49 52 58 57 61 63 60 55 56 62 59  4  1  9  5  8  2  6  7  3 16 15 12 18 13 17 11 14 10 21 22 19 26 25 24 27 20 23 29 32 34 36 30 33 35 31 28
  9  4  6  5  2  3  7  1  8 12 15 11 14 17 18 10 13 16 22 21 25 27 24 19 20 26 23 31 28 36 32 35 29 33 34 30 43 42 39 45 40 44 38 41 37 48 49 46 53 52 51 54 47 50 56 59 61 63 57 60 62 58 55
 54 49 51 50 47 48 52 46 53 57 60 56 59 62 63 55 58 61  4  3  7  9  6  1  2  8  5 13 10 18 14 17 11 15 16 12 25 24 21 27 22 26 20 23 19 30 31 28 35 34 33 36 29 32 38 41 43 45 39 42 44 40 37
