 24 25 20 23 21 22 26 27 19 36 29 35 28 33 31 34 32 30 38 45 40 41 43 44 39 42 37 47 51 50 52 48 49 54 53 46 57 55 59 63 56 58 62 60 61  6  4  3  8  7  5  9  1  2 17 15 12 16 10 11 18 13 14
 33 34 29 32 30 31 35 36 28 45 38 44 37 42 40 43 41 39 47 54 49 50 52 53 48 51 46 56 60 59 61 57 58 63 62 55  3  1  5  9  2  4  8  6  7 15 13 12 17 16 14 18 10 11 26 24 21 25 19 20 27 22 23
 15 16 11 14 12 13 17 18 10 27 20 26 19 24 22 25 23 21 29 36 31 32 34 35 30 33 28 38 42 41 43 39 40 45 44 37 48 46 50 54 47 49 53 51 52 60 58 57 62 61 59 63 55 56  8  6  3  7  1  2  9  4  5
 51 52 47 50 48 49 53 54 46 63 56 62 55 60 58 61 59 57  2  9  4  5  7  8  3  6  1 11 15 14 16 12 13 18 17 10 21 19 23 27 20 22 26 24 25 33 31 30 35 34 32 36 28 29 44 42 39 43 37 38 45 40 41
 60 61 56 59 57 58 62 63 55  9  2  8  1  6  4  7  5  3 11 18 13 14 16 17 12 15 10 20 24 23 25 21 22 27 26 19 30 28 32 36 29 31 35 33 34 42 40 39 44 43 41 45 37 38 53 51 48 52 46 47 54 49 50
  6  7  2  5  3  4  8  9  1 18 11 17 10 15 13 16 14 12 20 27 22 23 25 26 21 24 19 29 33 32 34 30 31 36 35 28 39 37 41 45 38 40 44 42 43 51 49 48 53 52 50 54 46 47 62 60 57 61 55 56 63 58 59
 42 43 38 41 39 40 44 45 37 54 47 53 46 51 49 52 50 48 56 63 58 59 61 62 57 60 55  2  6  5  7  3  4  9  8  1 12 10 14 18 11 13 17 15 16 24 22 21 26 25 23 27 19 20 35 33 30 34 28 29 36 31 32
 43 44 39 42 40 41 45 37 38 46 48 54 47 52 50 53 51 49 57 55 59 60 62 63 58 61 56  3  7  6  8  4  5  1  9  2 13 11 15 10 12 14 18 16 17 25 23 22 27 26 24 19 20 21 36 34 31 35 29 30 28 32 33
 61 62 57 60 58 59 63 55 56  1  3  9  2  7  5  8  6  4 12 10 14 15 17 18 13 16 11 21 25 24 26 22 23 19 27 20 31 29 33 28 30 32 36 34 35 43 41 40 45 44 42 37 38 39 54 52 49 53 47 48 46 50 51
 34 35 30 33 31 32 36 28 29 37 39 45 38 43 41 44 42 40 48 46 50 51 53 54 49 52 47 57 61 60 62 58 59 55 63 56  4  2  6  1  3  5  9  7  8 16 14 13 18 17 15 10 11 12 27 25 22 26 20 21 19 23 24
  7  8  3  6  4  5  9  1  2 10 12 18 11 16 14 17 15 13 21 19 23 24 26 27 22 25 20 30 34 33 35 31 32 28 36 29 40 38 42 37 39 41 45 43 44 52 50 49 54 53 51 46 47 48 63 61 58 62 56 57 55 59 60
 16 17 12 15 13 14 18 10 11 19 21 27 20 25 23 26 24 22 30 28 32 33 35 36 31 34 29 39 43 42 44 40 41 37 45 38 49 47 51 46 48 50 54 52 53 61 59 58 63 62 60 55 56 57  9  7  4  8  2  3  1  5  6
 25 26 21 24 22 23 27 19 20 28 30 36 29 34 32 35 33 31 39 37 41 42 44 45 40 43 38 48 52 51 53 49 50 46 54 47 58 56 60 55 57 59 63 61 62  7  5  4  9  8  6  1  2  3 18 16 13 17 11 12 10 14 15
 52 53 48 51 49 50 54 46 47 55 57 63 56 61 59 62 60 58  3  1  5  6  8  9  4  7  2 12 16 15 17 13 14 10 18 11 22 20 24 19 21 23 27 25 26 34 32 31 36 35 33 28 29 30 45 43 40 44 38 39 37 41 42
 17 18 13 16 14 15 10 11 12 20 22 19 21 26 24 27 25 23 31 29 33 34 36 28 32 35 30 40 44 43 45 41 42 38 37 39 50 48 52 47 49 51 46 53 54 62 60 59 55 63 61 56 57 58  1  8  5  9  3  4  2  6  7
 35 36 31 34 32 33 28 29 30 38 40 37 39 44 42 45 43 41 49 47 51 52 54 46 50 53 48 58 62 61 63 59 60 56 55 57  5  3  7  2  4  6  1  8  9 17 15 14 10 18 16 11 12 13 19 26 23 27 21 22 20 24 25
 53 54 49 52 50 51 46 47 48 56 58 55 57 62 60 63 61 59  4  2  6  7  9  1  5  8  3 13 17 16 18 14 15 11 10 12 23 21 25 20 22 24 19 26 27 35 33 32 28 36 34 29 30 31 37 44 41 45 39 40 38 42 43
 62 63 58 61 59 60 55 56 57  2  4  1  3  8  6  9  7  5 13 11 15 16 18 10 14 17 12 22 26 25 27 23 24 20 19 21 32 30 34 29 31 33 28 35 36 44 42 41 37 45 43 38 39 40 46 53 50 54 48 49 47 51 52
 44 45 40 43 41 42 37 38 39 47 49 46 48 53 51 54 52 50 58 56 60 61 63 55 59 62 57  4  8  7  9  5  6  2  1  3 14 12 16 11 13 15 10 17 18 26 24 23 19 27 25 20 21 22 28 35 32 36 30 31 29 33 34
  8  9  4  7  5  6  1  2  3 11 13 10 12 17 15 18 16 14 22 20 24 25 27 19 23 26 21 31 35 34 36 32 33 29 28 30 41 39 43 38 40 42 37 44 45 53 51 50 46 54 52 47 48 49 55 62 59 63 57 58 56 60 61
 26 27 22 25 23 24 19 20 21 29 31 28 30 35 33 36 34 32 40 38 42 43 45 37 41 44 39 49 53 52 54 50 51 47 46 48 59 57 61 56 58 60 55 62 63  8  6  5  1  9  7  2  3  4 10 17 14 18 12 13 11 15 16
 63 55 59 62 60 61 56 57 58  3  5  2  4  9  7  1  8  6 14 12 16 17 10 11 15 18 13 23 27 26 19 24 25 21 20 22 33 31 35 30 32 34 29 36 28 45 43 42 38 37 44 39 40 41 47 54 51 46 49 50 48 52 53
 36 28 32 35 33 34 29 30 31 39 41 38 40 45 43 37 44 42 50 48 52 53 46 47 51 54 49 59 63 62 55 60 61 57 56 58  6  4  8  3  5  7  2  9  1 18 16 15 11 10 17 12 13 14 20 27 24 19 22 23 21 25 26
  9  1  5  8  6  7  2  3  4 12 14 11 13 18 16 10 17 15 23 21 25 26 19 20 24 27 22 32 36 35 28 33 34 30 29 31 42 40 44 39 41 43 38 45 37 54 52 51 47 46 53 48 49 50 56 63 60 55 58 59 57 61 62
 18 10 14 17 15 16 11 12 13 21 23 20 22 27 25 19 26 24 32 30 34 35 28 29 33 36 31 41 45 44 37 42 43 39 38 40 51 49 53 48 50 52 47 54 46 63 61 60 56 55 62 57 58 59  2  9  6  1  4  5  3  7  8
 45 37 41 44 42 43 38 39 40 48 50 47 49 54 52 46 53 51 59 57 61 62 55 56 60 63 58  5  9  8  1  6  7  3  2  4 15 13 17 12 14 16 11 18 10 27 25 24 20 19 26 21 22 23 29 36 33 28 31 32 30 34 35
 27 19 23 26 24 25 20 21 22 30 32 29 31 36 34 28 35 33 41 39 43 44 37 38 42 45 40 50 54 53 46 51 52 48 47 49 60 58 62 57 59 61 56 63 55  9  7  6  2  1  8  3  4  5 11 18 15 10 13 14 12 16 17
 54 46 50 53 51 52 47 48 49 57 59 56 58 63 61 55 62 60  5  3  7  8  1  2  6  9  4 14 18 17 10 15 16 12 11 13 24 22 26 21 23 25 20 27 19 36 34 33 29 28 35 30 31 32 38 45 42 37 40 41 39 43 44
 55 56 60 63 61 62 57 58 59  4  6  3  5  1  8  2  9  7 15 13 17 18 11 12 16 10 14 24 19 27 20 25 26 22 21 23 34 32 36 31 33 35 30 28 29 37 44 43 39 38 45 40 41 42 48 46 52 47 50 51 49 53 54
 37 38 42 45 43 44 39 40 41 49 51 48 50 46 53 47 54 52 60 58 62 63 56 57 61 55 59  6  1  9  2  7  8  4  3  5 16 14 18 13 15 17 12 10 11 19 26 25 21 20 27 22 23 24 30 28 34 29 32 33 31 35 36
 10 11 15 18 16 17 12 13 14 22 24 21 23 19 26 20 27 25 33 31 35 36 29 30 34 28 32 42 37 45 38 43 44 40 39 41 52 50 54 49 51 53 48 46 47 55 62 61 57 56 63 58 59 60  3  1  7  2  5  6  4  8  9
  1  2  6  9  7  8  3  4  5 13 15 12 14 10 17 11 18 16 24 22 26 27 20 21 25 19 23 33 28 36 29 34 35 31 30 32 43 41 45 40 42 44 39 37 38 46 53 52 48 47 54 49 50 51 57 55 61 56 59 60 58 62 63
 28 29 33 36 34 35 30 31 32 40 42 39 41 37 44 38 45 43 51 49 53 54 47 48 52 46 50 60 55 63 56 61 62 58 57 59  7  5  9  4  6  8  3  1  2 10 17 16 12 11 18 13 14 15 21 19 25 20 23 24 22 26 27
 46 47 51 54 52 53 48 49 50 58 60 57 59 55 62 56 63 61  6  4  8  9  2  3  7  1  5 15 10 18 11 16 17 13 12 14 25 23 27 22 24 26 21 19 20 28 35 34 30 29 36 31 32 33 39 37 43 38 41 42 40 44 45
 19 20 24 27 25 26 21 22 23 31 33 30 32 28 35 29 36 34 42 40 44 45 38 39 43 37 41 51 46 54 47 52 53 49 48 50 61 59 63 58 60 62 57 55 56  1  8  7  3  2  9  4  5  6 12 10 16 11 14 15 13 17 18
 11 12 16 10 17 18 13 14 15 23 25 22 24 20 27 21 19 26 34 32 36 28 30 31 35 29 33 43 38 37 39 44 45 41 40 42 53 51 46 50 52 54 49 47 48 56 63 62 58 57 55 59 60 61  4  2  8  3  6  7  5  9  1
 56 57 61 55 62 63 58 59 60  5  7  4  6  2  9  3  1  8 16 14 18 10 12 13 17 11 15 25 20 19 21 26 27 23 22 24 35 33 28 32 34 36 31 29 30 38 45 44 40 39 37 41 42 43 49 47 53 48 51 52 50 54 46
 47 48 52 46 53 54 49 50 51 59 61 58 60 56 63 57 55 62  7  5  9  1  3  4  8  2  6 16 11 10 12 17 18 14 13 15 26 24 19 23 25 27 22 20 21 29 36 35 31 30 28 32 33 34 40 38 44 39 42 43 41 45 37
 38 39 43 37 44 45 40 41 42 50 52 49 51 47 54 48 46 53 61 59 63 55 57 58 62 56 60  7  2  1  3  8  9  5  4  6 17 15 10 14 16 18 13 11 12 20 27 26 22 21 19 23 24 25 31 29 35 30 33 34 32 36 28
  2  3  7  1  8  9  4  5  6 14 16 13 15 11 18 12 10 17 25 23 27 19 21 22 26 20 24 34 29 28 30 35 36 32 31 33 44 42 37 41 43 45 40 38 39 47 54 53 49 48 46 50 51 52 58 56 62 57 60 61 59 63 55
 29 30 34 28 35 36 31 32 33 41 43 40 42 38 45 39 37 44 52 50 54 46 48 49 53 47 51 61 56 55 57 62 63 59 58 60  8  6  1  5  7  9  4  2  3 11 18 17 13 12 10 14 15 16 22 20 26 21 24 25 23 27 19
 20 21 25 19 26 27 22 23 24 32 34 31 33 29 36 30 28 35 43 41 45 37 39 40 44 38 42 52 47 46 48 53 54 50 49 51 62 60 55 59 61 63 58 56 57  2  9  8  4  3  1  5  6  7 13 11 17 12 15 16 14 18 10
 48 49 53 47 54 46 50 51 52 60 62 59 61 57 55 58 56 63  8  6  1  2  4  5  9  3  7 17 12 11 13 18 10 15 14 16 27 25 20 24 26 19 23 21 22 30 28 36 32 31 29 33 34 35 41 39 45 40 43 44 42 37 38
 30 31 35 29 36 28 32 33 34 42 44 41 43 39 37 40 38 45 53 51 46 47 49 50 54 48 52 62 57 56 58 63 55 60 59 61  9  7  2  6  8  1  5  3  4 12 10 18 14 13 11 15 16 17 23 21 27 22 25 26 24 19 20
  3  4  8  2  9  1  5  6  7 15 17 14 16 12 10 13 11 18 26 24 19 20 22 23 27 21 25 35 30 29 31 36 28 33 32 34 45 43 38 42 44 37 41 39 40 48 46 54 50 49 47 51 52 53 59 57 63 58 61 62 60 55 56
 12 13 17 11 18 10 14 15 16 24 26 23 25 21 19 22 20 27 35 33 28 29 31 32 36 30 34 44 39 38 40 45 37 42 41 43 54 52 47 51 53 46 50 48 49 57 55 63 59 58 56 60 61 62  5  3  9  4  7  8  6  1  2
 57 58 62 56 63 55 59 60 61  6  8  5  7  3  1  4  2  9 17 15 10 11 13 14 18 12 16 26 21 20 22 27 19 24 23 25 36 34 29 33 35 28 32 30 31 39 37 45 41 40 38 42 43 44 50 48 54 49 52 53 51 46 47
 21 22 26 20 27 19 23 24 25 33 35 32 34 30 28 31 29 36 44 42 37 38 40 41 45 39 43 53 48 47 49 54 46 51 50 52 63 61 56 60 62 55 59 57 58  3  1  9  5  4  2  6  7  8 14 12 18 13 16 17 15 10 11
 39 40 44 38 45 37 41 42 43 51 53 50 52 48 46 49 47 54 62 60 55 56 58 59 63 57 61  8  3  2  4  9  1  6  5  7 18 16 11 15 17 10 14 12 13 21 19 27 23 22 20 24 25 26 32 30 36 31 34 35 33 28 29
 49 50 54 48 46 47 51 52 53 61 63 60 62 58 56 59 57 55  9  7  2  3  5  6  1  4  8 18 13 12 14 10 11 16 15 17 19 26 21 25 27 20 24 22 23 31 29 28 33 32 30 34 35 36 42 40 37 41 44 45 43 38 39
 13 14 18 12 10 11 15 16 17 25 27 24 26 22 20 23 21 19 36 34 29 30 32 33 28 31 35 45 40 39 41 37 38 43 42 44 46 53 48 52 54 47 51 49 50 58 56 55 60 59 57 61 62 63  6  4  1  5  8  9  7  2  3
 40 41 45 39 37 38 42 43 44 52 54 51 53 49 47 50 48 46 63 61 56 57 59 60 55 58 62  9  4  3  5  1  2  7  6  8 10 17 12 16 18 11 15 13 14 22 20 19 24 23 21 25 26 27 33 31 28 32 35 36 34 29 30
 31 32 36 30 28 29 33 34 35 43 45 42 44 40 38 41 39 37 54 52 47 48 50 51 46 49 53 63 58 57 59 55 56 61 60 62  1  8  3  7  9  2  6  4  5 13 11 10 15 14 12 16 17 18 24 22 19 23 26 27 25 20 21
 22 23 27 21 19 20 24 25 26 34 36 33 35 31 29 32 30 28 45 43 38 39 41 42 37 40 44 54 49 48 50 46 47 52 51 53 55 62 57 61 63 56 60 58 59  4  2  1  6  5  3  7  8  9 15 13 10 14 17 18 16 11 12
  4  5  9  3  1  2  6  7  8 16 18 15 17 13 11 14 12 10 27 25 20 21 23 24 19 22 26 36 31 30 32 28 29 34 33 35 37 44 39 43 45 38 42 40 41 49 47 46 51 50 48 52 53 54 60 58 55 59 62 63 61 56 57
 58 59 63 57 55 56 60 61 62  7  9  6  8  4  2  5  3  1 18 16 11 12 14 15 10 13 17 27 22 21 23 19 20 25 24 26 28 35 30 34 36 29 33 31 32 40 38 37 42 41 39 43 44 45 51 49 46 50 53 54 52 47 48
  5  6  1  4  2  3  7  8  9 17 10 16 18 14 12 15 13 11 19 26 21 22 24 25 20 23 27 28 32 31 33 29 30 35 34 36 38 45 40 44 37 39 43 41 42 50 48 47 52 51 49 53 54 46 61 59 56 60 63 55 62 57 58
 59 60 55 58 56 57 61 62 63  8  1  7  9  5  3  6  4  2 10 17 12 13 15 16 11 14 18 19 23 22 24 20 21 26 25 27 29 36 31 35 28 30 34 32 33 41 39 38 43 42 40 44 45 37 52 50 47 51 54 46 53 48 49
 14 15 10 13 11 12 16 17 18 26 19 25 27 23 21 24 22 20 28 35 30 31 33 34 29 32 36 37 41 40 42 38 39 44 43 45 47 54 49 53 46 48 52 50 51 59 57 56 61 60 58 62 63 55  7  5  2  6  9  1  8  3  4
 23 24 19 22 20 21 25 26 27 35 28 34 36 32 30 33 31 29 37 44 39 40 42 43 38 41 45 46 50 49 51 47 48 53 52 54 56 63 58 62 55 57 61 59 60  5  3  2  7  6  4  8  9  1 16 14 11 15 18 10 17 12 13
 41 42 37 40 38 39 43 44 45 53 46 52 54 50 48 51 49 47 55 62 57 58 60 61 56 59 63  1  5  4  6  2  3  8  7  9 11 18 13 17 10 12 16 14 15 23 21 20 25 24 22 26 27 19 34 32 29 33 36 28 35 30 31
 50 51 46 49 47 48 52 53 54 62 55 61 63 59 57 60 58 56  1  8  3  4  6  7  2  5  9 10 14 13 15 11 12 17 16 18 20 27 22 26 19 21 25 23 24 32 30 29 34 33 31 35 36 28 43 41 38 42 45 37 44 39 40
 32 33 28 31 29 30 34 35 36 44 37 43 45 41 39 42 40 38 46 53 48 49 51 52 47 50 54 55 59 58 60 56 57 62 61 63  2  9  4  8  1  3  7  5  6 14 12 11 16 15 13 17 18 10 25 23 20 24 27 19 26 21 22
