 14 13 15 17 16 12 11 18 10 24 20 21 25 19 27 23 26 22 36 28 35 34 30 33 29 31 32 44 43 45 38 41 39 37 40 42 48 46 53 52 47 49 54 50 51 57 59 63 56 58 62 61 60 55  3  9  5  7  2  6  1  4  8
 59 58 60 62 61 57 56 63 55  6  2  3  7  1  9  5  8  4 18 10 17 16 12 15 11 13 14 26 25 27 20 23 21 19 22 24 30 28 35 34 29 31 36 32 33 39 41 45 38 40 44 43 42 37 48 54 50 52 47 51 46 49 53
 32 31 33 35 34 30 29 36 28 42 38 39 43 37 45 41 44 40 54 46 53 52 48 51 47 49 50 62 61 63 56 59 57 55 58 60  3  1  8  7  2  4  9  5  6 12 14 18 11 13 17 16 15 10 21 27 23 25 20 24 19 22 26
 23 22 24 26 25 21 20 27 19 33 29 30 34 28 36 32 35 31 45 37 44 43 39 42 38 40 41 53 52 54 47 50 48 46 49 51 57 55 62 61 56 58 63 59 60  3  5  9  2  4  8  7  6  1 12 18 14 16 11 15 10 13 17
 50 49 51 53 52 48 47 54 46 60 56 57 61 55 63 59 62 58  9  1  8  7  3  6  2  4  5 17 16 18 11 14 12 10 13 15 21 19 26 25 20 22 27 23 24 30 32 36 29 31 35 34 33 28 39 45 41 43 38 42 37 40 44
  5  4  6  8  7  3  2  9  1 15 11 12 16 10 18 14 17 13 27 19 26 25 21 24 20 22 23 35 34 36 29 32 30 28 31 33 39 37 44 43 38 40 45 41 42 48 50 54 47 49 53 52 51 46 57 63 59 61 56 60 55 58 62
 41 40 42 44 43 39 38 45 37 51 47 48 52 46 54 50 53 49 63 55 62 61 57 60 56 58 59  8  7  9  2  5  3  1  4  6 12 10 17 16 11 13 18 14 15 21 23 27 20 22 26 25 24 19 30 36 32 34 29 33 28 31 35
 60 59 61 63 62 58 57 55 56  7  3  4  8  2  1  6  9  5 10 11 18 17 13 16 12 14 15 27 26 19 21 24 22 20 23 25 31 29 36 35 30 32 28 33 34 40 42 37 39 41 45 44 43 38 49 46 51 53 48 52 47 50 54
 24 23 25 27 26 22 21 19 20 34 30 31 35 29 28 33 36 32 37 38 45 44 40 43 39 41 42 54 53 46 48 51 49 47 50 52 58 56 63 62 57 59 55 60 61  4  6  1  3  5  9  8  7  2 13 10 15 17 12 16 11 14 18
 15 14 16 18 17 13 12 10 11 25 21 22 26 20 19 24 27 23 28 29 36 35 31 34 30 32 33 45 44 37 39 42 40 38 41 43 49 47 54 53 48 50 46 51 52 58 60 55 57 59 63 62 61 56  4  1  6  8  3  7  2  5  9
 51 50 52 54 53 49 48 46 47 61 57 58 62 56 55 60 63 59  1  2  9  8  4  7  3  5  6 18 17 10 12 15 13 11 14 16 22 20 27 26 21 23 19 24 25 31 33 28 30 32 36 35 34 29 40 37 42 44 39 43 38 41 45
 33 32 34 36 35 31 30 28 29 43 39 40 44 38 37 42 45 41 46 47 54 53 49 52 48 50 51 63 62 55 57 60 58 56 59 61  4  2  9  8  3  5  1  6  7 13 15 10 12 14 18 17 16 11 22 19 24 26 21 25 20 23 27
  6  5  7  9  8  4  3  1  2 16 12 13 17 11 10 15 18 14 19 20 27 26 22 25 21 23 24 36 35 28 30 33 31 29 32 34 40 38 45 44 39 41 37 42 43 49 51 46 48 50 54 53 52 47 58 55 60 62 57 61 56 59 63
 42 41 43 45 44 40 39 37 38 52 48 49 53 47 46 51 54 50 55 56 63 62 58 61 57 59 60  9  8  1  3  6  4  2  5  7 13 11 18 17 12 14 10 15 16 22 24 19 21 23 27 26 25 20 31 28 33 35 30 34 29 32 36
 16 15 17 10 18 14 13 11 12 26 22 23 27 21 20 25 19 24 29 30 28 36 32 35 31 33 34 37 45 38 40 43 41 39 42 44 50 48 46 54 49 51 47 52 53 59 61 56 58 60 55 63 62 57  5  2  7  9  4  8  3  6  1
 25 24 26 19 27 23 22 20 21 35 31 32 36 30 29 34 28 33 38 39 37 45 41 44 40 42 43 46 54 47 49 52 50 48 51 53 59 57 55 63 58 60 56 61 62  5  7  2  4  6  1  9  8  3 14 11 16 18 13 17 12 15 10
 43 42 44 37 45 41 40 38 39 53 49 50 54 48 47 52 46 51 56 57 55 63 59 62 58 60 61  1  9  2  4  7  5  3  6  8 14 12 10 18 13 15 11 16 17 23 25 20 22 24 19 27 26 21 32 29 34 36 31 35 30 33 28
 52 51 53 46 54 50 49 47 48 62 58 59 63 57 56 61 55 60  2  3  1  9  5  8  4  6  7 10 18 11 13 16 14 12 15 17 23 21 19 27 22 24 20 25 26 32 34 29 31 33 28 36 35 30 41 38 43 45 40 44 39 42 37
 61 60 62 55 63 59 58 56 57  8  4  5  9  3  2  7  1  6 11 12 10 18 14 17 13 15 16 19 27 20 22 25 23 21 24 26 32 30 28 36 31 33 29 34 35 41 43 38 40 42 37 45 44 39 50 47 52 54 49 53 48 51 46
  7  6  8  1  9  5  4  2  3 17 13 14 18 12 11 16 10 15 20 21 19 27 23 26 22 24 25 28 36 29 31 34 32 30 33 35 41 39 37 45 40 42 38 43 44 50 52 47 49 51 46 54 53 48 59 56 61 63 58 62 57 60 55
 34 33 35 28 36 32 31 29 30 44 40 41 45 39 38 43 37 42 47 48 46 54 50 53 49 51 52 55 63 56 58 61 59 57 60 62  5  3  1  9  4  6  2  7  8 14 16 11 13 15 10 18 17 12 23 20 25 27 22 26 21 24 19
 53 52 54 47 46 51 50 48 49 63 59 60 55 58 57 62 56 61  3  4  2  1  6  9  5  7  8 11 10 12 14 17 15 13 16 18 24 22 20 19 23 25 21 26 27 33 35 30 32 34 29 28 36 31 42 39 44 37 41 45 40 43 38
  8  7  9  2  1  6  5  3  4 18 14 15 10 13 12 17 11 16 21 22 20 19 24 27 23 25 26 29 28 30 32 35 33 31 34 36 42 40 38 37 41 43 39 44 45 51 53 48 50 52 47 46 54 49 60 57 62 55 59 63 58 61 56
 26 25 27 20 19 24 23 21 22 36 32 33 28 31 30 35 29 34 39 40 38 37 42 45 41 43 44 47 46 48 50 53 51 49 52 54 60 58 56 55 59 61 57 62 63  6  8  3  5  7  2  1  9  4 15 12 17 10 14 18 13 16 11
 17 16 18 11 10 15 14 12 13 27 23 24 19 22 21 26 20 25 30 31 29 28 33 36 32 34 35 38 37 39 41 44 42 40 43 45 51 49 47 46 50 52 48 53 54 60 62 57 59 61 56 55 63 58  6  3  8  1  5  9  4  7  2
 35 34 36 29 28 33 32 30 31 45 41 42 37 40 39 44 38 43 48 49 47 46 51 54 50 52 53 56 55 57 59 62 60 58 61 63  6  4  2  1  5  7  3  8  9 15 17 12 14 16 11 10 18 13 24 21 26 19 23 27 22 25 20
 62 61 63 56 55 60 59 57 58  9  5  6  1  4  3  8  2  7 12 13 11 10 15 18 14 16 17 20 19 21 23 26 24 22 25 27 33 31 29 28 32 34 30 35 36 42 44 39 41 43 38 37 45 40 51 48 53 46 50 54 49 52 47
 44 43 45 38 37 42 41 39 40 54 50 51 46 49 48 53 47 52 57 58 56 55 60 63 59 61 62  2  1  3  5  8  6  4  7  9 15 13 11 10 14 16 12 17 18 24 26 21 23 25 20 19 27 22 33 30 35 28 32 36 31 34 29
 18 17 10 12 11 16 15 13 14 19 24 25 20 23 22 27 21 26 31 32 30 29 34 28 33 35 36 39 38 40 42 45 43 41 44 37 52 50 48 47 51 53 49 54 46 61 63 58 60 62 57 56 55 59  7  4  9  2  6  1  5  8  3
 63 62 55 57 56 61 60 58 59  1  6  7  2  5  4  9  3  8 13 14 12 11 16 10 15 17 18 21 20 22 24 27 25 23 26 19 34 32 30 29 33 35 31 36 28 43 45 40 42 44 39 38 37 41 52 49 54 47 51 46 50 53 48
 54 53 46 48 47 52 51 49 50 55 60 61 56 59 58 63 57 62  4  5  3  2  7  1  6  8  9 12 11 13 15 18 16 14 17 10 25 23 21 20 24 26 22 27 19 34 36 31 33 35 30 29 28 32 43 40 45 38 42 37 41 44 39
 27 26 19 21 20 25 24 22 23 28 33 34 29 32 31 36 30 35 40 41 39 38 43 37 42 44 45 48 47 49 51 54 52 50 53 46 61 59 57 56 60 62 58 63 55  7  9  4  6  8  3  2  1  5 16 13 18 11 15 10 14 17 12
 45 44 37 39 38 43 42 40 41 46 51 52 47 50 49 54 48 53 58 59 57 56 61 55 60 62 63  3  2  4  6  9  7  5  8  1 16 14 12 11 15 17 13 18 10 25 27 22 24 26 21 20 19 23 34 31 36 29 33 28 32 35 30
 36 35 28 30 29 34 33 31 32 37 42 43 38 41 40 45 39 44 49 50 48 47 52 46 51 53 54 57 56 58 60 63 61 59 62 55  7  5  3  2  6  8  4  9  1 16 18 13 15 17 12 11 10 14 25 22 27 20 24 19 23 26 21
  9  8  1  3  2  7  6  4  5 10 15 16 11 14 13 18 12 17 22 23 21 20 25 19 24 26 27 30 29 31 33 36 34 32 35 28 43 41 39 38 42 44 40 45 37 52 54 49 51 53 48 47 46 50 61 58 63 56 60 55 59 62 57
 28 36 29 31 30 35 34 32 33 38 43 44 39 42 41 37 40 45 50 51 49 48 53 47 52 54 46 58 57 59 61 55 62 60 63 56  8  6  4  3  7  9  5  1  2 17 10 14 16 18 13 12 11 15 26 23 19 21 25 20 24 27 22
 46 54 47 49 48 53 52 50 51 56 61 62 57 60 59 55 58 63  5  6  4  3  8  2  7  9  1 13 12 14 16 10 17 15 18 11 26 24 22 21 25 27 23 19 20 35 28 32 34 36 31 30 29 33 44 41 37 39 43 38 42 45 40
 10 18 11 13 12 17 16 14 15 20 25 26 21 24 23 19 22 27 32 33 31 30 35 29 34 36 28 40 39 41 43 37 44 42 45 38 53 51 49 48 52 54 50 46 47 62 55 59 61 63 58 57 56 60  8  5  1  3  7  2  6  9  4
 55 63 56 58 57 62 61 59 60  2  7  8  3  6  5  1  4  9 14 15 13 12 17 11 16 18 10 22 21 23 25 19 26 24 27 20 35 33 31 30 34 36 32 28 29 44 37 41 43 45 40 39 38 42 53 50 46 48 52 47 51 54 49
 37 45 38 40 39 44 43 41 42 47 52 53 48 51 50 46 49 54 59 60 58 57 62 56 61 63 55  4  3  5  7  1  8  6  9  2 17 15 13 12 16 18 14 10 11 26 19 23 25 27 22 21 20 24 35 32 28 30 34 29 33 36 31
  1  9  2  4  3  8  7  5  6 11 16 17 12 15 14 10 13 18 23 24 22 21 26 20 25 27 19 31 30 32 34 28 35 33 36 29 44 42 40 39 43 45 41 37 38 53 46 50 52 54 49 48 47 51 62 59 55 57 61 56 60 63 58
 19 27 20 22 21 26 25 23 24 29 34 35 30 33 32 28 31 36 41 42 40 39 44 38 43 45 37 49 48 50 52 46 53 51 54 47 62 60 58 57 61 63 59 55 56  8  1  5  7  9  4  3  2  6 17 14 10 12 16 11 15 18 13
 47 46 48 50 49 54 53 51 52 57 62 63 58 61 60 56 59 55  6  7  5  4  9  3  8  1  2 14 13 15 17 11 18 16 10 12 27 25 23 22 26 19 24 20 21 36 29 33 35 28 32 31 30 34 45 42 38 40 44 39 43 37 41
 56 55 57 59 58 63 62 60 61  3  8  9  4  7  6  2  5  1 15 16 14 13 18 12 17 10 11 23 22 24 26 20 27 25 19 21 36 34 32 31 35 28 33 29 30 45 38 42 44 37 41 40 39 43 54 51 47 49 53 48 52 46 50
 20 19 21 23 22 27 26 24 25 30 35 36 31 34 33 29 32 28 42 43 41 40 45 39 44 37 38 50 49 51 53 47 54 52 46 48 63 61 59 58 62 55 60 56 57  9  2  6  8  1  5  4  3  7 18 15 11 13 17 12 16 10 14
 29 28 30 32 31 36 35 33 34 39 44 45 40 43 42 38 41 37 51 52 50 49 54 48 53 46 47 59 58 60 62 56 63 61 55 57  9  7  5  4  8  1  6  2  3 18 11 15 17 10 14 13 12 16 27 24 20 22 26 21 25 19 23
  2  1  3  5  4  9  8  6  7 12 17 18 13 16 15 11 14 10 24 25 23 22 27 21 26 19 20 32 31 33 35 29 36 34 28 30 45 43 41 40 44 37 42 38 39 54 47 51 53 46 50 49 48 52 63 60 56 58 62 57 61 55 59
 38 37 39 41 40 45 44 42 43 48 53 54 49 52 51 47 50 46 60 61 59 58 63 57 62 55 56  5  4  6  8  2  9  7  1  3 18 16 14 13 17 10 15 11 12 27 20 24 26 19 23 22 21 25 36 33 29 31 35 30 34 28 32
 11 10 12 14 13 18 17 15 16 21 26 27 22 25 24 20 23 19 33 34 32 31 36 30 35 28 29 41 40 42 44 38 45 43 37 39 54 52 50 49 53 46 51 47 48 63 56 60 62 55 59 58 57 61  9  6  2  4  8  3  7  1  5
 30 29 31 33 32 28 36 34 35 40 45 37 41 44 43 39 42 38 52 53 51 50 46 49 54 47 48 60 59 61 63 57 55 62 56 58  1  8  6  5  9  2  7  3  4 10 12 16 18 11 15 14 13 17 19 25 21 23 27 22 26 20 24
  3  2  4  6  5  1  9  7  8 13 18 10 14 17 16 12 15 11 25 26 24 23 19 22 27 20 21 33 32 34 36 30 28 35 29 31 37 44 42 41 45 38 43 39 40 46 48 52 54 47 51 50 49 53 55 61 57 59 63 58 62 56 60
 12 11 13 15 14 10 18 16 17 22 27 19 23 26 25 21 24 20 34 35 33 32 28 31 36 29 30 42 41 43 45 39 37 44 38 40 46 53 51 50 54 47 52 48 49 55 57 61 63 56 60 59 58 62  1  7  3  5  9  4  8  2  6
 21 20 22 24 23 19 27 25 26 31 36 28 32 35 34 30 33 29 43 44 42 41 37 40 45 38 39 51 50 52 54 48 46 53 47 49 55 62 60 59 63 56 61 57 58  1  3  7  9  2  6  5  4  8 10 16 12 14 18 13 17 11 15
 48 47 49 51 50 46 54 52 53 58 63 55 59 62 61 57 60 56  7  8  6  5  1  4  9  2  3 15 14 16 18 12 10 17 11 13 19 26 24 23 27 20 25 21 22 28 30 34 36 29 33 32 31 35 37 43 39 41 45 40 44 38 42
 57 56 58 60 59 55 63 61 62  4  9  1  5  8  7  3  6  2 16 17 15 14 10 13 18 11 12 24 23 25 27 21 19 26 20 22 28 35 33 32 36 29 34 30 31 37 39 43 45 38 42 41 40 44 46 52 48 50 54 49 53 47 51
 39 38 40 42 41 37 45 43 44 49 54 46 50 53 52 48 51 47 61 62 60 59 55 58 63 56 57  6  5  7  9  3  1  8  2  4 10 17 15 14 18 11 16 12 13 19 21 25 27 20 24 23 22 26 28 34 30 32 36 31 35 29 33
 58 57 59 61 60 56 55 62 63  5  1  2  6  9  8  4  7  3 17 18 16 15 11 14 10 12 13 25 24 26 19 22 20 27 21 23 29 36 34 33 28 30 35 31 32 38 40 44 37 39 43 42 41 45 47 53 49 51 46 50 54 48 52
 31 30 32 34 33 29 28 35 36 41 37 38 42 45 44 40 43 39 53 54 52 51 47 50 46 48 49 61 60 62 55 58 56 63 57 59  2  9  7  6  1  3  8  4  5 11 13 17 10 12 16 15 14 18 20 26 22 24 19 23 27 21 25
  4  3  5  7  6  2  1  8  9 14 10 11 15 18 17 13 16 12 26 27 25 24 20 23 19 21 22 34 33 35 28 31 29 36 30 32 38 45 43 42 37 39 44 40 41 47 49 53 46 48 52 51 50 54 56 62 58 60 55 59 63 57 61
 22 21 23 25 24 20 19 26 27 32 28 29 33 36 35 31 34 30 44 45 43 42 38 41 37 39 40 52 51 53 46 49 47 54 48 50 56 63 61 60 55 57 62 58 59  2  4  8  1  3  7  6  5  9 11 17 13 15 10 14 18 12 16
 13 12 14 16 15 11 10 17 18 23 19 20 24 27 26 22 25 21 35 36 34 33 29 32 28 30 31 43 42 44 37 40 38 45 39 41 47 54 52 51 46 48 53 49 50 56 58 62 55 57 61 60 59 63  2  8  4  6  1  5  9  3  7
 40 39 41 43 42 38 37 44 45 50 46 47 51 54 53 49 52 48 62 63 61 60 56 59 55 57 58  7  6  8  1  4  2  9  3  5 11 18 16 15 10 12 17 13 14 20 22 26 19 21 25 24 23 27 29 35 31 33 28 32 36 30 34
 49 48 50 52 51 47 46 53 54 59 55 56 60 63 62 58 61 57  8  9  7  6  2  5  1  3  4 16 15 17 10 13 11 18 12 14 20 27 25 24 19 21 26 22 23 29 31 35 28 30 34 33 32 36 38 44 40 42 37 41 45 39 43
