 50 47 45 49 44 48 46 43 41 42 58 51 56 59 54 57 53 55 60 52  3  6  8  9  1  4  7 10  2  5 19 16 14 20 13 12 11 15 18 17 27 25 22 23 28 29 24 26 21 30 33 36 35 39 38 32 31 40 37 34
 10  7  5  9  4  8  6  3  1  2 18 11 16 19 14 17 13 15 20 12 23 26 28 29 21 24 27 30 22 25 39 36 34 40 33 32 31 35 38 37 47 45 42 43 48 49 44 46 41 50 53 56 55 59 58 52 51 60 57 54
 60 57 55 59 54 58 56 53 51 52  8  1  6  9  4  7  3  5 10  2 13 16 18 19 11 14 17 20 12 15 29 26 24 30 23 22 21 25 28 27 37 35 32 33 38 39 34 36 31 40 43 46 45 49 48 42 41 50 47 44
 40 37 35 39 34 38 36 33 31 32 48 41 46 49 44 47 43 45 50 42 53 56 58 59 51 54 57 60 52 55  9  6  4 10  3  2  1  5  8  7 17 15 12 13 18 19 14 16 11 20 23 26 25 29 28 22 21 30 27 24
 20 17 15 19 14 18 16 13 11 12 28 21 26 29 24 27 23 25 30 22 33 36 38 39 31 34 37 40 32 35 49 46 44 50 43 42 41 45 48 47 57 55 52 53 58 59 54 56 51 60  3  6  5  9  8  2  1 10  7  4
 30 27 25 29 24 28 26 23 21 22 38 31 36 39 34 37 33 35 40 32 43 46 48 49 41 44 47 50 42 45 59 56 54 60 53 52 51 55 58 57  7  5  2  3  8  9  4  6  1 10 13 16 15 19 18 12 11 20 17 14
 31 38 36 40 35 39 37 34 32 33 49 42 47 50 45 48 44 46 41 43 54 57 59 60 52 55 58 51 53 56 10  7  5  1  4  3  2  6  9  8 18 16 13 14 19 20 15 17 12 11 24 27 26 30 29 23 22 21 28 25
 11 18 16 20 15 19 17 14 12 13 29 22 27 30 25 28 24 26 21 23 34 37 39 40 32 35 38 31 33 36 50 47 45 41 44 43 42 46 49 48 58 56 53 54 59 60 55 57 52 51  4  7  6 10  9  3  2  1  8  5
 21 28 26 30 25 29 27 24 22 23 39 32 37 40 35 38 34 36 31 33 44 47 49 50 42 45 48 41 43 46 60 57 55 51 54 53 52 56 59 58  8  6  3  4  9 10  5  7  2  1 14 17 16 20 19 13 12 11 18 15
 51 58 56 60 55 59 57 54 52 53  9  2  7 10  5  8  4  6  1  3 14 17 19 20 12 15 18 11 13 16 30 27 25 21 24 23 22 26 29 28 38 36 33 34 39 40 35 37 32 31 44 47 46 50 49 43 42 41 48 45
 41 48 46 50 45 49 47 44 42 43 59 52 57 60 55 58 54 56 51 53  4  7  9 10  2  5  8  1  3  6 20 17 15 11 14 13 12 16 19 18 28 26 23 24 29 30 25 27 22 21 34 37 36 40 39 33 32 31 38 35
  1  8  6 10  5  9  7  4  2  3 19 12 17 20 15 18 14 16 11 13 24 27 29 30 22 25 28 21 23 26 40 37 35 31 34 33 32 36 39 38 48 46 43 44 49 50 45 47 42 41 54 57 56 60 59 53 52 51 58 55
 12 19 17 11 16 20 18 15 13 14 30 23 28 21 26 29 25 27 22 24 35 38 40 31 33 36 39 32 34 37 41 48 46 42 45 44 43 47 50 49 59 57 54 55 60 51 56 58 53 52  5  8  7  1 10  4  3  2  9  6
 32 39 37 31 36 40 38 35 33 34 50 43 48 41 46 49 45 47 42 44 55 58 60 51 53 56 59 52 54 57  1  8  6  2  5  4  3  7 10  9 19 17 14 15 20 11 16 18 13 12 25 28 27 21 30 24 23 22 29 26
 42 49 47 41 46 50 48 45 43 44 60 53 58 51 56 59 55 57 52 54  5  8 10  1  3  6  9  2  4  7 11 18 16 12 15 14 13 17 20 19 29 27 24 25 30 21 26 28 23 22 35 38 37 31 40 34 33 32 39 36
  2  9  7  1  6 10  8  5  3  4 20 13 18 11 16 19 15 17 12 14 25 28 30 21 23 26 29 22 24 27 31 38 36 32 35 34 33 37 40 39 49 47 44 45 50 41 46 48 43 42 55 58 57 51 60 54 53 52 59 56
 52 59 57 51 56 60 58 55 53 54 10  3  8  1  6  9  5  7  2  4 15 18 20 11 13 16 19 12 14 17 21 28 26 22 25 24 23 27 30 29 39 37 34 35 40 31 36 38 33 32 45 48 47 41 50 44 43 42 49 46
 22 29 27 21 26 30 28 25 23 24 40 33 38 31 36 39 35 37 32 34 45 48 50 41 43 46 49 42 44 47 51 58 56 52 55 54 53 57 60 59  9  7  4  5 10  1  6  8  3  2 15 18 17 11 20 14 13 12 19 16
  3 10  8  2  7  1  9  6  4  5 11 14 19 12 17 20 16 18 13 15 26 29 21 22 24 27 30 23 25 28 32 39 37 33 36 35 34 38 31 40 50 48 45 46 41 42 47 49 44 43 56 59 58 52 51 55 54 53 60 57
 33 40 38 32 37 31 39 36 34 35 41 44 49 42 47 50 46 48 43 45 56 59 51 52 54 57 60 53 55 58  2  9  7  3  6  5  4  8  1 10 20 18 15 16 11 12 17 19 14 13 26 29 28 22 21 25 24 23 30 27
 23 30 28 22 27 21 29 26 24 25 31 34 39 32 37 40 36 38 33 35 46 49 41 42 44 47 50 43 45 48 52 59 57 53 56 55 54 58 51 60 10  8  5  6  1  2  7  9  4  3 16 19 18 12 11 15 14 13 20 17
 53 60 58 52 57 51 59 56 54 55  1  4  9  2  7 10  6  8  3  5 16 19 11 12 14 17 20 13 15 18 22 29 27 23 26 25 24 28 21 30 40 38 35 36 31 32 37 39 34 33 46 49 48 42 41 45 44 43 50 47
 13 20 18 12 17 11 19 16 14 15 21 24 29 22 27 30 26 28 23 25 36 39 31 32 34 37 40 33 35 38 42 49 47 43 46 45 44 48 41 50 60 58 55 56 51 52 57 59 54 53  6  9  8  2  1  5  4  3 10  7
 43 50 48 42 47 41 49 46 44 45 51 54 59 52 57 60 56 58 53 55  6  9  1  2  4  7 10  3  5  8 12 19 17 13 16 15 14 18 11 20 30 28 25 26 21 22 27 29 24 23 36 39 38 32 31 35 34 33 40 37
 24 21 29 23 28 22 30 27 25 26 32 35 40 33 38 31 37 39 34 36 47 50 42 43 45 48 41 44 46 49 53 60 58 54 57 56 55 59 52 51  1  9  6  7  2  3  8 10  5  4 17 20 19 13 12 16 15 14 11 18
 14 11 19 13 18 12 20 17 15 16 22 25 30 23 28 21 27 29 24 26 37 40 32 33 35 38 31 34 36 39 43 50 48 44 47 46 45 49 42 41 51 59 56 57 52 53 58 60 55 54  7 10  9  3  2  6  5  4  1  8
  4  1  9  3  8  2 10  7  5  6 12 15 20 13 18 11 17 19 14 16 27 30 22 23 25 28 21 24 26 29 33 40 38 34 37 36 35 39 32 31 41 49 46 47 42 43 48 50 45 44 57 60 59 53 52 56 55 54 51 58
 34 31 39 33 38 32 40 37 35 36 42 45 50 43 48 41 47 49 44 46 57 60 52 53 55 58 51 54 56 59  3 10  8  4  7  6  5  9  2  1 11 19 16 17 12 13 18 20 15 14 27 30 29 23 22 26 25 24 21 28
 44 41 49 43 48 42 50 47 45 46 52 55 60 53 58 51 57 59 54 56  7 10  2  3  5  8  1  4  6  9 13 20 18 14 17 16 15 19 12 11 21 29 26 27 22 23 28 30 25 24 37 40 39 33 32 36 35 34 31 38
 54 51 59 53 58 52 60 57 55 56  2  5 10  3  8  1  7  9  4  6 17 20 12 13 15 18 11 14 16 19 23 30 28 24 27 26 25 29 22 21 31 39 36 37 32 33 38 40 35 34 47 50 49 43 42 46 45 44 41 48
 15 12 20 14 19 13 11 18 16 17 23 26 21 24 29 22 28 30 25 27 38 31 33 34 36 39 32 35 37 40 44 41 49 45 48 47 46 50 43 42 52 60 57 58 53 54 59 51 56 55  8  1 10  4  3  7  6  5  2  9
 35 32 40 34 39 33 31 38 36 37 43 46 41 44 49 42 48 50 45 47 58 51 53 54 56 59 52 55 57 60  4  1  9  5  8  7  6 10  3  2 12 20 17 18 13 14 19 11 16 15 28 21 30 24 23 27 26 25 22 29
  5  2 10  4  9  3  1  8  6  7 13 16 11 14 19 12 18 20 15 17 28 21 23 24 26 29 22 25 27 30 34 31 39 35 38 37 36 40 33 32 42 50 47 48 43 44 49 41 46 45 58 51 60 54 53 57 56 55 52 59
 25 22 30 24 29 23 21 28 26 27 33 36 31 34 39 32 38 40 35 37 48 41 43 44 46 49 42 45 47 50 54 51 59 55 58 57 56 60 53 52  2 10  7  8  3  4  9  1  6  5 18 11 20 14 13 17 16 15 12 19
 45 42 50 44 49 43 41 48 46 47 53 56 51 54 59 52 58 60 55 57  8  1  3  4  6  9  2  5  7 10 14 11 19 15 18 17 16 20 13 12 22 30 27 28 23 24 29 21 26 25 38 31 40 34 33 37 36 35 32 39
 55 52 60 54 59 53 51 58 56 57  3  6  1  4  9  2  8 10  5  7 18 11 13 14 16 19 12 15 17 20 24 21 29 25 28 27 26 30 23 22 32 40 37 38 33 34 39 31 36 35 48 41 50 44 43 47 46 45 42 49
 46 43 41 45 50 44 42 49 47 48 54 57 52 55 60 53 59 51 56 58  9  2  4  5  7 10  3  6  8  1 15 12 20 16 19 18 17 11 14 13 23 21 28 29 24 25 30 22 27 26 39 32 31 35 34 38 37 36 33 40
 26 23 21 25 30 24 22 29 27 28 34 37 32 35 40 33 39 31 36 38 49 42 44 45 47 50 43 46 48 41 55 52 60 56 59 58 57 51 54 53  3  1  8  9  4  5 10  2  7  6 19 12 11 15 14 18 17 16 13 20
 56 53 51 55 60 54 52 59 57 58  4  7  2  5 10  3  9  1  6  8 19 12 14 15 17 20 13 16 18 11 25 22 30 26 29 28 27 21 24 23 33 31 38 39 34 35 40 32 37 36 49 42 41 45 44 48 47 46 43 50
 16 13 11 15 20 14 12 19 17 18 24 27 22 25 30 23 29 21 26 28 39 32 34 35 37 40 33 36 38 31 45 42 50 46 49 48 47 41 44 43 53 51 58 59 54 55 60 52 57 56  9  2  1  5  4  8  7  6  3 10
  6  3  1  5 10  4  2  9  7  8 14 17 12 15 20 13 19 11 16 18 29 22 24 25 27 30 23 26 28 21 35 32 40 36 39 38 37 31 34 33 43 41 48 49 44 45 50 42 47 46 59 52 51 55 54 58 57 56 53 60
 36 33 31 35 40 34 32 39 37 38 44 47 42 45 50 43 49 41 46 48 59 52 54 55 57 60 53 56 58 51  5  2 10  6  9  8  7  1  4  3 13 11 18 19 14 15 20 12 17 16 29 22 21 25 24 28 27 26 23 30
 47 44 42 46 41 45 43 50 48 49 55 58 53 56 51 54 60 52 57 59 10  3  5  6  8  1  4  7  9  2 16 13 11 17 20 19 18 12 15 14 24 22 29 30 25 26 21 23 28 27 40 33 32 36 35 39 38 37 34 31
 37 34 32 36 31 35 33 40 38 39 45 48 43 46 41 44 50 42 47 49 60 53 55 56 58 51 54 57 59 52  6  3  1  7 10  9  8  2  5  4 14 12 19 20 15 16 11 13 18 17 30 23 22 26 25 29 28 27 24 21
 57 54 52 56 51 55 53 60 58 59  5  8  3  6  1  4 10  2  7  9 20 13 15 16 18 11 14 17 19 12 26 23 21 27 30 29 28 22 25 24 34 32 39 40 35 36 31 33 38 37 50 43 42 46 45 49 48 47 44 41
 27 24 22 26 21 25 23 30 28 29 35 38 33 36 31 34 40 32 37 39 50 43 45 46 48 41 44 47 49 42 56 53 51 57 60 59 58 52 55 54  4  2  9 10  5  6  1  3  8  7 20 13 12 16 15 19 18 17 14 11
  7  4  2  6  1  5  3 10  8  9 15 18 13 16 11 14 20 12 17 19 30 23 25 26 28 21 24 27 29 22 36 33 31 37 40 39 38 32 35 34 44 42 49 50 45 46 41 43 48 47 60 53 52 56 55 59 58 57 54 51
 17 14 12 16 11 15 13 20 18 19 25 28 23 26 21 24 30 22 27 29 40 33 35 36 38 31 34 37 39 32 46 43 41 47 50 49 48 42 45 44 54 52 59 60 55 56 51 53 58 57 10  3  2  6  5  9  8  7  4  1
  8  5  3  7  2  6  4  1  9 10 16 19 14 17 12 15 11 13 18 20 21 24 26 27 29 22 25 28 30 23 37 34 32 38 31 40 39 33 36 35 45 43 50 41 46 47 42 44 49 48 51 54 53 57 56 60 59 58 55 52
 28 25 23 27 22 26 24 21 29 30 36 39 34 37 32 35 31 33 38 40 41 44 46 47 49 42 45 48 50 43 57 54 52 58 51 60 59 53 56 55  5  3 10  1  6  7  2  4  9  8 11 14 13 17 16 20 19 18 15 12
 48 45 43 47 42 46 44 41 49 50 56 59 54 57 52 55 51 53 58 60  1  4  6  7  9  2  5  8 10  3 17 14 12 18 11 20 19 13 16 15 25 23 30 21 26 27 22 24 29 28 31 34 33 37 36 40 39 38 35 32
 38 35 33 37 32 36 34 31 39 40 46 49 44 47 42 45 41 43 48 50 51 54 56 57 59 52 55 58 60 53  7  4  2  8  1 10  9  3  6  5 15 13 20 11 16 17 12 14 19 18 21 24 23 27 26 30 29 28 25 22
 58 55 53 57 52 56 54 51 59 60  6  9  4  7  2  5  1  3  8 10 11 14 16 17 19 12 15 18 20 13 27 24 22 28 21 30 29 23 26 25 35 33 40 31 36 37 32 34 39 38 41 44 43 47 46 50 49 48 45 42
 18 15 13 17 12 16 14 11 19 20 26 29 24 27 22 25 21 23 28 30 31 34 36 37 39 32 35 38 40 33 47 44 42 48 41 50 49 43 46 45 55 53 60 51 56 57 52 54 59 58  1  4  3  7  6 10  9  8  5  2
 19 16 14 18 13 17 15 12 20 11 27 30 25 28 23 26 22 24 29 21 32 35 37 38 40 33 36 39 31 34 48 45 43 49 42 41 50 44 47 46 56 54 51 52 57 58 53 55 60 59  2  5  4  8  7  1 10  9  6  3
 39 36 34 38 33 37 35 32 40 31 47 50 45 48 43 46 42 44 49 41 52 55 57 58 60 53 56 59 51 54  8  5  3  9  2  1 10  4  7  6 16 14 11 12 17 18 13 15 20 19 22 25 24 28 27 21 30 29 26 23
 59 56 54 58 53 57 55 52 60 51  7 10  5  8  3  6  2  4  9  1 12 15 17 18 20 13 16 19 11 14 28 25 23 29 22 21 30 24 27 26 36 34 31 32 37 38 33 35 40 39 42 45 44 48 47 41 50 49 46 43
  9  6  4  8  3  7  5  2 10  1 17 20 15 18 13 16 12 14 19 11 22 25 27 28 30 23 26 29 21 24 38 35 33 39 32 31 40 34 37 36 46 44 41 42 47 48 43 45 50 49 52 55 54 58 57 51 60 59 56 53
 29 26 24 28 23 27 25 22 30 21 37 40 35 38 33 36 32 34 39 31 42 45 47 48 50 43 46 49 41 44 58 55 53 59 52 51 60 54 57 56  6  4  1  2  7  8  3  5 10  9 12 15 14 18 17 11 20 19 16 13
 49 46 44 48 43 47 45 42 50 41 57 60 55 58 53 56 52 54 59 51  2  5  7  8 10  3  6  9  1  4 18 15 13 19 12 11 20 14 17 16 26 24 21 22 27 28 23 25 30 29 32 35 34 38 37 31 40 39 36 33
