 40 34 32 35 33 38 37 36 31 39 44 43 45 48 46 49 42 41 50 47 52 53 60 58 51 54 55 56 57 59  7  9  6  4  3 10  8  1  5  2 13 16 14 15 20 18 12 17 19 11 24 29 30 27 22 25 28 26 23 21
 60 54 52 55 53 58 57 56 51 59  4  3  5  8  6  9  2  1 10  7 12 13 20 18 11 14 15 16 17 19 27 29 26 24 23 30 28 21 25 22 33 36 34 35 40 38 32 37 39 31 44 49 50 47 42 45 48 46 43 41
 30 24 22 25 23 28 27 26 21 29 34 33 35 38 36 39 32 31 40 37 42 43 50 48 41 44 45 46 47 49 57 59 56 54 53 60 58 51 55 52  3  6  4  5 10  8  2  7  9  1 14 19 20 17 12 15 18 16 13 11
 50 44 42 45 43 48 47 46 41 49 54 53 55 58 56 59 52 51 60 57  2  3 10  8  1  4  5  6  7  9 17 19 16 14 13 20 18 11 15 12 23 26 24 25 30 28 22 27 29 21 34 39 40 37 32 35 38 36 33 31
 20 14 12 15 13 18 17 16 11 19 24 23 25 28 26 29 22 21 30 27 32 33 40 38 31 34 35 36 37 39 47 49 46 44 43 50 48 41 45 42 53 56 54 55 60 58 52 57 59 51  4  9 10  7  2  5  8  6  3  1
 10  4  2  5  3  8  7  6  1  9 14 13 15 18 16 19 12 11 20 17 22 23 30 28 21 24 25 26 27 29 37 39 36 34 33 40 38 31 35 32 43 46 44 45 50 48 42 47 49 41 54 59 60 57 52 55 58 56 53 51
 21 25 23 26 24 29 28 27 22 30 35 34 36 39 37 40 33 32 31 38 43 44 41 49 42 45 46 47 48 50 58 60 57 55 54 51 59 52 56 53  4  7  5  6  1  9  3  8 10  2 15 20 11 18 13 16 19 17 14 12
  1  5  3  6  4  9  8  7  2 10 15 14 16 19 17 20 13 12 11 18 23 24 21 29 22 25 26 27 28 30 38 40 37 35 34 31 39 32 36 33 44 47 45 46 41 49 43 48 50 42 55 60 51 58 53 56 59 57 54 52
 31 35 33 36 34 39 38 37 32 40 45 44 46 49 47 50 43 42 41 48 53 54 51 59 52 55 56 57 58 60  8 10  7  5  4  1  9  2  6  3 14 17 15 16 11 19 13 18 20 12 25 30 21 28 23 26 29 27 24 22
 51 55 53 56 54 59 58 57 52 60  5  4  6  9  7 10  3  2  1  8 13 14 11 19 12 15 16 17 18 20 28 30 27 25 24 21 29 22 26 23 34 37 35 36 31 39 33 38 40 32 45 50 41 48 43 46 49 47 44 42
 11 15 13 16 14 19 18 17 12 20 25 24 26 29 27 30 23 22 21 28 33 34 31 39 32 35 36 37 38 40 48 50 47 45 44 41 49 42 46 43 54 57 55 56 51 59 53 58 60 52  5 10  1  8  3  6  9  7  4  2
 41 45 43 46 44 49 48 47 42 50 55 54 56 59 57 60 53 52 51 58  3  4  1  9  2  5  6  7  8 10 18 20 17 15 14 11 19 12 16 13 24 27 25 26 21 29 23 28 30 22 35 40 31 38 33 36 39 37 34 32
 12 16 14 17 15 20 19 18 13 11 26 25 27 30 28 21 24 23 22 29 34 35 32 40 33 36 37 38 39 31 49 41 48 46 45 42 50 43 47 44 55 58 56 57 52 60 54 59 51 53  6  1  2  9  4  7 10  8  5  3
 42 46 44 47 45 50 49 48 43 41 56 55 57 60 58 51 54 53 52 59  4  5  2 10  3  6  7  8  9  1 19 11 18 16 15 12 20 13 17 14 25 28 26 27 22 30 24 29 21 23 36 31 32 39 34 37 40 38 35 33
 22 26 24 27 25 30 29 28 23 21 36 35 37 40 38 31 34 33 32 39 44 45 42 50 43 46 47 48 49 41 59 51 58 56 55 52 60 53 57 54  5  8  6  7  2 10  4  9  1  3 16 11 12 19 14 17 20 18 15 13
 32 36 34 37 35 40 39 38 33 31 46 45 47 50 48 41 44 43 42 49 54 55 52 60 53 56 57 58 59 51  9  1  8  6  5  2 10  3  7  4 15 18 16 17 12 20 14 19 11 13 26 21 22 29 24 27 30 28 25 23
  2  6  4  7  5 10  9  8  3  1 16 15 17 20 18 11 14 13 12 19 24 25 22 30 23 26 27 28 29 21 39 31 38 36 35 32 40 33 37 34 45 48 46 47 42 50 44 49 41 43 56 51 52 59 54 57 60 58 55 53
 52 56 54 57 55 60 59 58 53 51  6  5  7 10  8  1  4  3  2  9 14 15 12 20 13 16 17 18 19 11 29 21 28 26 25 22 30 23 27 24 35 38 36 37 32 40 34 39 31 33 46 41 42 49 44 47 50 48 45 43
 43 47 45 48 46 41 50 49 44 42 57 56 58 51 59 52 55 54 53 60  5  6  3  1  4  7  8  9 10  2 20 12 19 17 16 13 11 14 18 15 26 29 27 28 23 21 25 30 22 24 37 32 33 40 35 38 31 39 36 34
 33 37 35 38 36 31 40 39 34 32 47 46 48 41 49 42 45 44 43 50 55 56 53 51 54 57 58 59 60 52 10  2  9  7  6  3  1  4  8  5 16 19 17 18 13 11 15 20 12 14 27 22 23 30 25 28 21 29 26 24
 13 17 15 18 16 11 20 19 14 12 27 26 28 21 29 22 25 24 23 30 35 36 33 31 34 37 38 39 40 32 50 42 49 47 46 43 41 44 48 45 56 59 57 58 53 51 55 60 52 54  7  2  3 10  5  8  1  9  6  4
 53 57 55 58 56 51 60 59 54 52  7  6  8  1  9  2  5  4  3 10 15 16 13 11 14 17 18 19 20 12 30 22 29 27 26 23 21 24 28 25 36 39 37 38 33 31 35 40 32 34 47 42 43 50 45 48 41 49 46 44
  3  7  5  8  6  1 10  9  4  2 17 16 18 11 19 12 15 14 13 20 25 26 23 21 24 27 28 29 30 22 40 32 39 37 36 33 31 34 38 35 46 49 47 48 43 41 45 50 42 44 57 52 53 60 55 58 51 59 56 54
 23 27 25 28 26 21 30 29 24 22 37 36 38 31 39 32 35 34 33 40 45 46 43 41 44 47 48 49 50 42 60 52 59 57 56 53 51 54 58 55  6  9  7  8  3  1  5 10  2  4 17 12 13 20 15 18 11 19 16 14
  4  8  6  9  7  2  1 10  5  3 18 17 19 12 20 13 16 15 14 11 26 27 24 22 25 28 29 30 21 23 31 33 40 38 37 34 32 35 39 36 47 50 48 49 44 42 46 41 43 45 58 53 54 51 56 59 52 60 57 55
 34 38 36 39 37 32 31 40 35 33 48 47 49 42 50 43 46 45 44 41 56 57 54 52 55 58 59 60 51 53  1  3 10  8  7  4  2  5  9  6 17 20 18 19 14 12 16 11 13 15 28 23 24 21 26 29 22 30 27 25
 24 28 26 29 27 22 21 30 25 23 38 37 39 32 40 33 36 35 34 31 46 47 44 42 45 48 49 50 41 43 51 53 60 58 57 54 52 55 59 56  7 10  8  9  4  2  6  1  3  5 18 13 14 11 16 19 12 20 17 15
 14 18 16 19 17 12 11 20 15 13 28 27 29 22 30 23 26 25 24 21 36 37 34 32 35 38 39 40 31 33 41 43 50 48 47 44 42 45 49 46 57 60 58 59 54 52 56 51 53 55  8  3  4  1  6  9  2 10  7  5
 44 48 46 49 47 42 41 50 45 43 58 57 59 52 60 53 56 55 54 51  6  7  4  2  5  8  9 10  1  3 11 13 20 18 17 14 12 15 19 16 27 30 28 29 24 22 26 21 23 25 38 33 34 31 36 39 32 40 37 35
 54 58 56 59 57 52 51 60 55 53  8  7  9  2 10  3  6  5  4  1 16 17 14 12 15 18 19 20 11 13 21 23 30 28 27 24 22 25 29 26 37 40 38 39 34 32 36 31 33 35 48 43 44 41 46 49 42 50 47 45
  5  9  7 10  8  3  2  1  6  4 19 18 20 13 11 14 17 16 15 12 27 28 25 23 26 29 30 21 22 24 32 34 31 39 38 35 33 36 40 37 48 41 49 50 45 43 47 42 44 46 59 54 55 52 57 60 53 51 58 56
 55 59 57 60 58 53 52 51 56 54  9  8 10  3  1  4  7  6  5  2 17 18 15 13 16 19 20 11 12 14 22 24 21 29 28 25 23 26 30 27 38 31 39 40 35 33 37 32 34 36 49 44 45 42 47 50 43 41 48 46
 15 19 17 20 18 13 12 11 16 14 29 28 30 23 21 24 27 26 25 22 37 38 35 33 36 39 40 31 32 34 42 44 41 49 48 45 43 46 50 47 58 51 59 60 55 53 57 52 54 56  9  4  5  2  7 10  3  1  8  6
 25 29 27 30 28 23 22 21 26 24 39 38 40 33 31 34 37 36 35 32 47 48 45 43 46 49 50 41 42 44 52 54 51 59 58 55 53 56 60 57  8  1  9 10  5  3  7  2  4  6 19 14 15 12 17 20 13 11 18 16
 35 39 37 40 38 33 32 31 36 34 49 48 50 43 41 44 47 46 45 42 57 58 55 53 56 59 60 51 52 54  2  4  1  9  8  5  3  6 10  7 18 11 19 20 15 13 17 12 14 16 29 24 25 22 27 30 23 21 28 26
 45 49 47 50 48 43 42 41 46 44 59 58 60 53 51 54 57 56 55 52  7  8  5  3  6  9 10  1  2  4 12 14 11 19 18 15 13 16 20 17 28 21 29 30 25 23 27 22 24 26 39 34 35 32 37 40 33 31 38 36
 56 60 58 51 59 54 53 52 57 55 10  9  1  4  2  5  8  7  6  3 18 19 16 14 17 20 11 12 13 15 23 25 22 30 29 26 24 27 21 28 39 32 40 31 36 34 38 33 35 37 50 45 46 43 48 41 44 42 49 47
 26 30 28 21 29 24 23 22 27 25 40 39 31 34 32 35 38 37 36 33 48 49 46 44 47 50 41 42 43 45 53 55 52 60 59 56 54 57 51 58  9  2 10  1  6  4  8  3  5  7 20 15 16 13 18 11 14 12 19 17
 46 50 48 41 49 44 43 42 47 45 60 59 51 54 52 55 58 57 56 53  8  9  6  4  7 10  1  2  3  5 13 15 12 20 19 16 14 17 11 18 29 22 30 21 26 24 28 23 25 27 40 35 36 33 38 31 34 32 39 37
 16 20 18 11 19 14 13 12 17 15 30 29 21 24 22 25 28 27 26 23 38 39 36 34 37 40 31 32 33 35 43 45 42 50 49 46 44 47 41 48 59 52 60 51 56 54 58 53 55 57 10  5  6  3  8  1  4  2  9  7
 36 40 38 31 39 34 33 32 37 35 50 49 41 44 42 45 48 47 46 43 58 59 56 54 57 60 51 52 53 55  3  5  2 10  9  6  4  7  1  8 19 12 20 11 16 14 18 13 15 17 30 25 26 23 28 21 24 22 29 27
  6 10  8  1  9  4  3  2  7  5 20 19 11 14 12 15 18 17 16 13 28 29 26 24 27 30 21 22 23 25 33 35 32 40 39 36 34 37 31 38 49 42 50 41 46 44 48 43 45 47 60 55 56 53 58 51 54 52 59 57
 47 41 49 42 50 45 44 43 48 46 51 60 52 55 53 56 59 58 57 54  9 10  7  5  8  1  2  3  4  6 14 16 13 11 20 17 15 18 12 19 30 23 21 22 27 25 29 24 26 28 31 36 37 34 39 32 35 33 40 38
 27 21 29 22 30 25 24 23 28 26 31 40 32 35 33 36 39 38 37 34 49 50 47 45 48 41 42 43 44 46 54 56 53 51 60 57 55 58 52 59 10  3  1  2  7  5  9  4  6  8 11 16 17 14 19 12 15 13 20 18
 17 11 19 12 20 15 14 13 18 16 21 30 22 25 23 26 29 28 27 24 39 40 37 35 38 31 32 33 34 36 44 46 43 41 50 47 45 48 42 49 60 53 51 52 57 55 59 54 56 58  1  6  7  4  9  2  5  3 10  8
 57 51 59 52 60 55 54 53 58 56  1 10  2  5  3  6  9  8  7  4 19 20 17 15 18 11 12 13 14 16 24 26 23 21 30 27 25 28 22 29 40 33 31 32 37 35 39 34 36 38 41 46 47 44 49 42 45 43 50 48
 37 31 39 32 40 35 34 33 38 36 41 50 42 45 43 46 49 48 47 44 59 60 57 55 58 51 52 53 54 56  4  6  3  1 10  7  5  8  2  9 20 13 11 12 17 15 19 14 16 18 21 26 27 24 29 22 25 23 30 28
  7  1  9  2 10  5  4  3  8  6 11 20 12 15 13 16 19 18 17 14 29 30 27 25 28 21 22 23 24 26 34 36 33 31 40 37 35 38 32 39 50 43 41 42 47 45 49 44 46 48 51 56 57 54 59 52 55 53 60 58
 58 52 60 53 51 56 55 54 59 57  2  1  3  6  4  7 10  9  8  5 20 11 18 16 19 12 13 14 15 17 25 27 24 22 21 28 26 29 23 30 31 34 32 33 38 36 40 35 37 39 42 47 48 45 50 43 46 44 41 49
  8  2 10  3  1  6  5  4  9  7 12 11 13 16 14 17 20 19 18 15 30 21 28 26 29 22 23 24 25 27 35 37 34 32 31 38 36 39 33 40 41 44 42 43 48 46 50 45 47 49 52 57 58 55 60 53 56 54 51 59
 28 22 30 23 21 26 25 24 29 27 32 31 33 36 34 37 40 39 38 35 50 41 48 46 49 42 43 44 45 47 55 57 54 52 51 58 56 59 53 60  1  4  2  3  8  6 10  5  7  9 12 17 18 15 20 13 16 14 11 19
 18 12 20 13 11 16 15 14 19 17 22 21 23 26 24 27 30 29 28 25 40 31 38 36 39 32 33 34 35 37 45 47 44 42 41 48 46 49 43 50 51 54 52 53 58 56 60 55 57 59  2  7  8  5 10  3  6  4  1  9
 48 42 50 43 41 46 45 44 49 47 52 51 53 56 54 57 60 59 58 55 10  1  8  6  9  2  3  4  5  7 15 17 14 12 11 18 16 19 13 20 21 24 22 23 28 26 30 25 27 29 32 37 38 35 40 33 36 34 31 39
 38 32 40 33 31 36 35 34 39 37 42 41 43 46 44 47 50 49 48 45 60 51 58 56 59 52 53 54 55 57  5  7  4  2  1  8  6  9  3 10 11 14 12 13 18 16 20 15 17 19 22 27 28 25 30 23 26 24 21 29
 59 53 51 54 52 57 56 55 60 58  3  2  4  7  5  8  1 10  9  6 11 12 19 17 20 13 14 15 16 18 26 28 25 23 22 29 27 30 24 21 32 35 33 34 39 37 31 36 38 40 43 48 49 46 41 44 47 45 42 50
 39 33 31 34 32 37 36 35 40 38 43 42 44 47 45 48 41 50 49 46 51 52 59 57 60 53 54 55 56 58  6  8  5  3  2  9  7 10  4  1 12 15 13 14 19 17 11 16 18 20 23 28 29 26 21 24 27 25 22 30
 29 23 21 24 22 27 26 25 30 28 33 32 34 37 35 38 31 40 39 36 41 42 49 47 50 43 44 45 46 48 56 58 55 53 52 59 57 60 54 51  2  5  3  4  9  7  1  6  8 10 13 18 19 16 11 14 17 15 12 20
  9  3  1  4  2  7  6  5 10  8 13 12 14 17 15 18 11 20 19 16 21 22 29 27 30 23 24 25 26 28 36 38 35 33 32 39 37 40 34 31 42 45 43 44 49 47 41 46 48 50 53 58 59 56 51 54 57 55 52 60
 49 43 41 44 42 47 46 45 50 48 53 52 54 57 55 58 51 60 59 56  1  2  9  7 10  3  4  5  6  8 16 18 15 13 12 19 17 20 14 11 22 25 23 24 29 27 21 26 28 30 33 38 39 36 31 34 37 35 32 40
 19 13 11 14 12 17 16 15 20 18 23 22 24 27 25 28 21 30 29 26 31 32 39 37 40 33 34 35 36 38 46 48 45 43 42 49 47 50 44 41 52 55 53 54 59 57 51 56 58 60  3  8  9  6  1  4  7  5  2 10
