 49 46 43 45 41 47 44 42 50 48 58 54 56 60 52 51 55 53 59 57  7  9  2  6  1 10  5  4  3  8 16 18 19 14 15 12 11 20 17 13 25 28 23 29 26 30 22 21 27 24 35 37 40 31 34 39 38 33 36 32
 59 56 53 55 51 57 54 52 60 58  8  4  6 10  2  1  5  3  9  7 17 19 12 16 11 20 15 14 13 18 26 28 29 24 25 22 21 30 27 23 35 38 33 39 36 40 32 31 37 34 45 47 50 41 44 49 48 43 46 42
 39 36 33 35 31 37 34 32 40 38 48 44 46 50 42 41 45 43 49 47 57 59 52 56 51 60 55 54 53 58  6  8  9  4  5  2  1 10  7  3 15 18 13 19 16 20 12 11 17 14 25 27 30 21 24 29 28 23 26 22
 19 16 13 15 11 17 14 12 20 18 28 24 26 30 22 21 25 23 29 27 37 39 32 36 31 40 35 34 33 38 46 48 49 44 45 42 41 50 47 43 55 58 53 59 56 60 52 51 57 54  5  7 10  1  4  9  8  3  6  2
 29 26 23 25 21 27 24 22 30 28 38 34 36 40 32 31 35 33 39 37 47 49 42 46 41 50 45 44 43 48 56 58 59 54 55 52 51 60 57 53  5  8  3  9  6 10  2  1  7  4 15 17 20 11 14 19 18 13 16 12
  9  6  3  5  1  7  4  2 10  8 18 14 16 20 12 11 15 13 19 17 27 29 22 26 21 30 25 24 23 28 36 38 39 34 35 32 31 40 37 33 45 48 43 49 46 50 42 41 47 44 55 57 60 51 54 59 58 53 56 52
 30 27 24 26 22 28 25 23 21 29 39 35 37 31 33 32 36 34 40 38 48 50 43 47 42 41 46 45 44 49 57 59 60 55 56 53 52 51 58 54  6  9  4 10  7  1  3  2  8  5 16 18 11 12 15 20 19 14 17 13
 50 47 44 46 42 48 45 43 41 49 59 55 57 51 53 52 56 54 60 58  8 10  3  7  2  1  6  5  4  9 17 19 20 15 16 13 12 11 18 14 26 29 24 30 27 21 23 22 28 25 36 38 31 32 35 40 39 34 37 33
 10  7  4  6  2  8  5  3  1  9 19 15 17 11 13 12 16 14 20 18 28 30 23 27 22 21 26 25 24 29 37 39 40 35 36 33 32 31 38 34 46 49 44 50 47 41 43 42 48 45 56 58 51 52 55 60 59 54 57 53
 20 17 14 16 12 18 15 13 11 19 29 25 27 21 23 22 26 24 30 28 38 40 33 37 32 31 36 35 34 39 47 49 50 45 46 43 42 41 48 44 56 59 54 60 57 51 53 52 58 55  6  8  1  2  5 10  9  4  7  3
 60 57 54 56 52 58 55 53 51 59  9  5  7  1  3  2  6  4 10  8 18 20 13 17 12 11 16 15 14 19 27 29 30 25 26 23 22 21 28 24 36 39 34 40 37 31 33 32 38 35 46 48 41 42 45 50 49 44 47 43
 40 37 34 36 32 38 35 33 31 39 49 45 47 41 43 42 46 44 50 48 58 60 53 57 52 51 56 55 54 59  7  9 10  5  6  3  2  1  8  4 16 19 14 20 17 11 13 12 18 15 26 28 21 22 25 30 29 24 27 23
 41 48 45 47 43 49 46 44 42 50 60 56 58 52 54 53 57 55 51 59  9  1  4  8  3  2  7  6  5 10 18 20 11 16 17 14 13 12 19 15 27 30 25 21 28 22 24 23 29 26 37 39 32 33 36 31 40 35 38 34
  1  8  5  7  3  9  6  4  2 10 20 16 18 12 14 13 17 15 11 19 29 21 24 28 23 22 27 26 25 30 38 40 31 36 37 34 33 32 39 35 47 50 45 41 48 42 44 43 49 46 57 59 52 53 56 51 60 55 58 54
 51 58 55 57 53 59 56 54 52 60 10  6  8  2  4  3  7  5  1  9 19 11 14 18 13 12 17 16 15 20 28 30 21 26 27 24 23 22 29 25 37 40 35 31 38 32 34 33 39 36 47 49 42 43 46 41 50 45 48 44
 31 38 35 37 33 39 36 34 32 40 50 46 48 42 44 43 47 45 41 49 59 51 54 58 53 52 57 56 55 60  8 10  1  6  7  4  3  2  9  5 17 20 15 11 18 12 14 13 19 16 27 29 22 23 26 21 30 25 28 24
 21 28 25 27 23 29 26 24 22 30 40 36 38 32 34 33 37 35 31 39 49 41 44 48 43 42 47 46 45 50 58 60 51 56 57 54 53 52 59 55  7 10  5  1  8  2  4  3  9  6 17 19 12 13 16 11 20 15 18 14
 11 18 15 17 13 19 16 14 12 20 30 26 28 22 24 23 27 25 21 29 39 31 34 38 33 32 37 36 35 40 48 50 41 46 47 44 43 42 49 45 57 60 55 51 58 52 54 53 59 56  7  9  2  3  6  1 10  5  8  4
  2  9  6  8  4 10  7  5  3  1 11 17 19 13 15 14 18 16 12 20 30 22 25 29 24 23 28 27 26 21 39 31 32 37 38 35 34 33 40 36 48 41 46 42 49 43 45 44 50 47 58 60 53 54 57 52 51 56 59 55
 42 49 46 48 44 50 47 45 43 41 51 57 59 53 55 54 58 56 52 60 10  2  5  9  4  3  8  7  6  1 19 11 12 17 18 15 14 13 20 16 28 21 26 22 29 23 25 24 30 27 38 40 33 34 37 32 31 36 39 35
 12 19 16 18 14 20 17 15 13 11 21 27 29 23 25 24 28 26 22 30 40 32 35 39 34 33 38 37 36 31 49 41 42 47 48 45 44 43 50 46 58 51 56 52 59 53 55 54 60 57  8 10  3  4  7  2  1  6  9  5
 52 59 56 58 54 60 57 55 53 51  1  7  9  3  5  4  8  6  2 10 20 12 15 19 14 13 18 17 16 11 29 21 22 27 28 25 24 23 30 26 38 31 36 32 39 33 35 34 40 37 48 50 43 44 47 42 41 46 49 45
 22 29 26 28 24 30 27 25 23 21 31 37 39 33 35 34 38 36 32 40 50 42 45 49 44 43 48 47 46 41 59 51 52 57 58 55 54 53 60 56  8  1  6  2  9  3  5  4 10  7 18 20 13 14 17 12 11 16 19 15
 32 39 36 38 34 40 37 35 33 31 41 47 49 43 45 44 48 46 42 50 60 52 55 59 54 53 58 57 56 51  9  1  2  7  8  5  4  3 10  6 18 11 16 12 19 13 15 14 20 17 28 30 23 24 27 22 21 26 29 25
 13 20 17 19 15 11 18 16 14 12 22 28 30 24 26 25 29 27 23 21 31 33 36 40 35 34 39 38 37 32 50 42 43 48 49 46 45 44 41 47 59 52 57 53 60 54 56 55 51 58  9  1  4  5  8  3  2  7 10  6
  3 10  7  9  5  1  8  6  4  2 12 18 20 14 16 15 19 17 13 11 21 23 26 30 25 24 29 28 27 22 40 32 33 38 39 36 35 34 31 37 49 42 47 43 50 44 46 45 41 48 59 51 54 55 58 53 52 57 60 56
 33 40 37 39 35 31 38 36 34 32 42 48 50 44 46 45 49 47 43 41 51 53 56 60 55 54 59 58 57 52 10  2  3  8  9  6  5  4  1  7 19 12 17 13 20 14 16 15 11 18 29 21 24 25 28 23 22 27 30 26
 53 60 57 59 55 51 58 56 54 52  2  8 10  4  6  5  9  7  3  1 11 13 16 20 15 14 19 18 17 12 30 22 23 28 29 26 25 24 21 27 39 32 37 33 40 34 36 35 31 38 49 41 44 45 48 43 42 47 50 46
 23 30 27 29 25 21 28 26 24 22 32 38 40 34 36 35 39 37 33 31 41 43 46 50 45 44 49 48 47 42 60 52 53 58 59 56 55 54 51 57  9  2  7  3 10  4  6  5  1  8 19 11 14 15 18 13 12 17 20 16
 43 50 47 49 45 41 48 46 44 42 52 58 60 54 56 55 59 57 53 51  1  3  6 10  5  4  9  8  7  2 20 12 13 18 19 16 15 14 11 17 29 22 27 23 30 24 26 25 21 28 39 31 34 35 38 33 32 37 40 36
 24 21 28 30 26 22 29 27 25 23 33 39 31 35 37 36 40 38 34 32 42 44 47 41 46 45 50 49 48 43 51 53 54 59 60 57 56 55 52 58 10  3  8  4  1  5  7  6  2  9 20 12 15 16 19 14 13 18 11 17
 14 11 18 20 16 12 19 17 15 13 23 29 21 25 27 26 30 28 24 22 32 34 37 31 36 35 40 39 38 33 41 43 44 49 50 47 46 45 42 48 60 53 58 54 51 55 57 56 52 59 10  2  5  6  9  4  3  8  1  7
  4  1  8 10  6  2  9  7  5  3 13 19 11 15 17 16 20 18 14 12 22 24 27 21 26 25 30 29 28 23 31 33 34 39 40 37 36 35 32 38 50 43 48 44 41 45 47 46 42 49 60 52 55 56 59 54 53 58 51 57
 34 31 38 40 36 32 39 37 35 33 43 49 41 45 47 46 50 48 44 42 52 54 57 51 56 55 60 59 58 53  1  3  4  9 10  7  6  5  2  8 20 13 18 14 11 15 17 16 12 19 30 22 25 26 29 24 23 28 21 27
 44 41 48 50 46 42 49 47 45 43 53 59 51 55 57 56 60 58 54 52  2  4  7  1  6  5 10  9  8  3 11 13 14 19 20 17 16 15 12 18 30 23 28 24 21 25 27 26 22 29 40 32 35 36 39 34 33 38 31 37
 54 51 58 60 56 52 59 57 55 53  3  9  1  5  7  6 10  8  4  2 12 14 17 11 16 15 20 19 18 13 21 23 24 29 30 27 26 25 22 28 40 33 38 34 31 35 37 36 32 39 50 42 45 46 49 44 43 48 41 47
 45 42 49 41 47 43 50 48 46 44 54 60 52 56 58 57 51 59 55 53  3  5  8  2  7  6  1 10  9  4 12 14 15 20 11 18 17 16 13 19 21 24 29 25 22 26 28 27 23 30 31 33 36 37 40 35 34 39 32 38
  5  2  9  1  7  3 10  8  6  4 14 20 12 16 18 17 11 19 15 13 23 25 28 22 27 26 21 30 29 24 32 34 35 40 31 38 37 36 33 39 41 44 49 45 42 46 48 47 43 50 51 53 56 57 60 55 54 59 52 58
 25 22 29 21 27 23 30 28 26 24 34 40 32 36 38 37 31 39 35 33 43 45 48 42 47 46 41 50 49 44 52 54 55 60 51 58 57 56 53 59  1  4  9  5  2  6  8  7  3 10 11 13 16 17 20 15 14 19 12 18
 15 12 19 11 17 13 20 18 16 14 24 30 22 26 28 27 21 29 25 23 33 35 38 32 37 36 31 40 39 34 42 44 45 50 41 48 47 46 43 49 51 54 59 55 52 56 58 57 53 60  1  3  6  7 10  5  4  9  2  8
 35 32 39 31 37 33 40 38 36 34 44 50 42 46 48 47 41 49 45 43 53 55 58 52 57 56 51 60 59 54  2  4  5 10  1  8  7  6  3  9 11 14 19 15 12 16 18 17 13 20 21 23 26 27 30 25 24 29 22 28
 55 52 59 51 57 53 60 58 56 54  4 10  2  6  8  7  1  9  5  3 13 15 18 12 17 16 11 20 19 14 22 24 25 30 21 28 27 26 23 29 31 34 39 35 32 36 38 37 33 40 41 43 46 47 50 45 44 49 42 48
 26 23 30 22 28 24 21 29 27 25 35 31 33 37 39 38 32 40 36 34 44 46 49 43 48 47 42 41 50 45 53 55 56 51 52 59 58 57 54 60  2  5 10  6  3  7  9  8  4  1 12 14 17 18 11 16 15 20 13 19
 36 33 40 32 38 34 31 39 37 35 45 41 43 47 49 48 42 50 46 44 54 56 59 53 58 57 52 51 60 55  3  5  6  1  2  9  8  7  4 10 12 15 20 16 13 17 19 18 14 11 22 24 27 28 21 26 25 30 23 29
 46 43 50 42 48 44 41 49 47 45 55 51 53 57 59 58 52 60 56 54  4  6  9  3  8  7  2  1 10  5 13 15 16 11 12 19 18 17 14 20 22 25 30 26 23 27 29 28 24 21 32 34 37 38 31 36 35 40 33 39
 56 53 60 52 58 54 51 59 57 55  5  1  3  7  9  8  2 10  6  4 14 16 19 13 18 17 12 11 20 15 23 25 26 21 22 29 28 27 24 30 32 35 40 36 33 37 39 38 34 31 42 44 47 48 41 46 45 50 43 49
 16 13 20 12 18 14 11 19 17 15 25 21 23 27 29 28 22 30 26 24 34 36 39 33 38 37 32 31 40 35 43 45 46 41 42 49 48 47 44 50 52 55 60 56 53 57 59 58 54 51  2  4  7  8  1  6  5 10  3  9
  6  3 10  2  8  4  1  9  7  5 15 11 13 17 19 18 12 20 16 14 24 26 29 23 28 27 22 21 30 25 33 35 36 31 32 39 38 37 34 40 42 45 50 46 43 47 49 48 44 41 52 54 57 58 51 56 55 60 53 59
 17 14 11 13 19 15 12 20 18 16 26 22 24 28 30 29 23 21 27 25 35 37 40 34 39 38 33 32 31 36 44 46 47 42 43 50 49 48 45 41 53 56 51 57 54 58 60 59 55 52  3  5  8  9  2  7  6  1  4 10
 47 44 41 43 49 45 42 50 48 46 56 52 54 58 60 59 53 51 57 55  5  7 10  4  9  8  3  2  1  6 14 16 17 12 13 20 19 18 15 11 23 26 21 27 24 28 30 29 25 22 33 35 38 39 32 37 36 31 34 40
 27 24 21 23 29 25 22 30 28 26 36 32 34 38 40 39 33 31 37 35 45 47 50 44 49 48 43 42 41 46 54 56 57 52 53 60 59 58 55 51  3  6  1  7  4  8 10  9  5  2 13 15 18 19 12 17 16 11 14 20
 37 34 31 33 39 35 32 40 38 36 46 42 44 48 50 49 43 41 47 45 55 57 60 54 59 58 53 52 51 56  4  6  7  2  3 10  9  8  5  1 13 16 11 17 14 18 20 19 15 12 23 25 28 29 22 27 26 21 24 30
 57 54 51 53 59 55 52 60 58 56  6  2  4  8 10  9  3  1  7  5 15 17 20 14 19 18 13 12 11 16 24 26 27 22 23 30 29 28 25 21 33 36 31 37 34 38 40 39 35 32 43 45 48 49 42 47 46 41 44 50
  7  4  1  3  9  5  2 10  8  6 16 12 14 18 20 19 13 11 17 15 25 27 30 24 29 28 23 22 21 26 34 36 37 32 33 40 39 38 35 31 43 46 41 47 44 48 50 49 45 42 53 55 58 59 52 57 56 51 54 60
  8  5  2  4 10  6  3  1  9  7 17 13 15 19 11 20 14 12 18 16 26 28 21 25 30 29 24 23 22 27 35 37 38 33 34 31 40 39 36 32 44 47 42 48 45 49 41 50 46 43 54 56 59 60 53 58 57 52 55 51
 58 55 52 54 60 56 53 51 59 57  7  3  5  9  1 10  4  2  8  6 16 18 11 15 20 19 14 13 12 17 25 27 28 23 24 21 30 29 26 22 34 37 32 38 35 39 31 40 36 33 44 46 49 50 43 48 47 42 45 41
 18 15 12 14 20 16 13 11 19 17 27 23 25 29 21 30 24 22 28 26 36 38 31 35 40 39 34 33 32 37 45 47 48 43 44 41 50 49 46 42 54 57 52 58 55 59 51 60 56 53  4  6  9 10  3  8  7  2  5  1
 48 45 42 44 50 46 43 41 49 47 57 53 55 59 51 60 54 52 58 56  6  8  1  5 10  9  4  3  2  7 15 17 18 13 14 11 20 19 16 12 24 27 22 28 25 29 21 30 26 23 34 36 39 40 33 38 37 32 35 31
 28 25 22 24 30 26 23 21 29 27 37 33 35 39 31 40 34 32 38 36 46 48 41 45 50 49 44 43 42 47 55 57 58 53 54 51 60 59 56 52  4  7  2  8  5  9  1 10  6  3 14 16 19 20 13 18 17 12 15 11
 38 35 32 34 40 36 33 31 39 37 47 43 45 49 41 50 44 42 48 46 56 58 51 55 60 59 54 53 52 57  5  7  8  3  4  1 10  9  6  2 14 17 12 18 15 19 11 20 16 13 24 26 29 30 23 28 27 22 25 21
