 26 29 27 30 24 28 25 21 23 22 40 39 33 32 37 31 35 34 38 36 43 46 49 42 44 47 41 50 45 48 54 60 58 59 57 52 51 53 55 56  8  2  3  1  5  4 10  9  6  7 18 11 17 20 14 19 15 16 13 12
 46 49 47 50 44 48 45 41 43 42 60 59 53 52 57 51 55 54 58 56  3  6  9  2  4  7  1 10  5  8 14 20 18 19 17 12 11 13 15 16 28 22 23 21 25 24 30 29 26 27 38 31 37 40 34 39 35 36 33 32
 16 19 17 20 14 18 15 11 13 12 30 29 23 22 27 21 25 24 28 26 33 36 39 32 34 37 31 40 35 38 44 50 48 49 47 42 41 43 45 46 58 52 53 51 55 54 60 59 56 57  8  1  7 10  4  9  5  6  3  2
 56 59 57 60 54 58 55 51 53 52 10  9  3  2  7  1  5  4  8  6 13 16 19 12 14 17 11 20 15 18 24 30 28 29 27 22 21 23 25 26 38 32 33 31 35 34 40 39 36 37 48 41 47 50 44 49 45 46 43 42
 36 39 37 40 34 38 35 31 33 32 50 49 43 42 47 41 45 44 48 46 53 56 59 52 54 57 51 60 55 58  4 10  8  9  7  2  1  3  5  6 18 12 13 11 15 14 20 19 16 17 28 21 27 30 24 29 25 26 23 22
  6  9  7 10  4  8  5  1  3  2 20 19 13 12 17 11 15 14 18 16 23 26 29 22 24 27 21 30 25 28 34 40 38 39 37 32 31 33 35 36 48 42 43 41 45 44 50 49 46 47 58 51 57 60 54 59 55 56 53 52
 57 60 58 51 55 59 56 52 54 53  1 10  4  3  8  2  6  5  9  7 14 17 20 13 15 18 12 11 16 19 25 21 29 30 28 23 22 24 26 27 39 33 34 32 36 35 31 40 37 38 49 42 48 41 45 50 46 47 44 43
  7 10  8  1  5  9  6  2  4  3 11 20 14 13 18 12 16 15 19 17 24 27 30 23 25 28 22 21 26 29 35 31 39 40 38 33 32 34 36 37 49 43 44 42 46 45 41 50 47 48 59 52 58 51 55 60 56 57 54 53
 37 40 38 31 35 39 36 32 34 33 41 50 44 43 48 42 46 45 49 47 54 57 60 53 55 58 52 51 56 59  5  1  9 10  8  3  2  4  6  7 19 13 14 12 16 15 11 20 17 18 29 22 28 21 25 30 26 27 24 23
 17 20 18 11 15 19 16 12 14 13 21 30 24 23 28 22 26 25 29 27 34 37 40 33 35 38 32 31 36 39 45 41 49 50 48 43 42 44 46 47 59 53 54 52 56 55 51 60 57 58  9  2  8  1  5 10  6  7  4  3
 27 30 28 21 25 29 26 22 24 23 31 40 34 33 38 32 36 35 39 37 44 47 50 43 45 48 42 41 46 49 55 51 59 60 58 53 52 54 56 57  9  3  4  2  6  5  1 10  7  8 19 12 18 11 15 20 16 17 14 13
 47 50 48 41 45 49 46 42 44 43 51 60 54 53 58 52 56 55 59 57  4  7 10  3  5  8  2  1  6  9 15 11 19 20 18 13 12 14 16 17 29 23 24 22 26 25 21 30 27 28 39 32 38 31 35 40 36 37 34 33
 38 31 39 32 36 40 37 33 35 34 42 41 45 44 49 43 47 46 50 48 55 58 51 54 56 59 53 52 57 60  6  2 10  1  9  4  3  5  7  8 20 14 15 13 17 16 12 11 18 19 30 23 29 22 26 21 27 28 25 24
 28 21 29 22 26 30 27 23 25 24 32 31 35 34 39 33 37 36 40 38 45 48 41 44 46 49 43 42 47 50 56 52 60 51 59 54 53 55 57 58 10  4  5  3  7  6  2  1  8  9 20 13 19 12 16 11 17 18 15 14
 58 51 59 52 56 60 57 53 55 54  2  1  5  4  9  3  7  6 10  8 15 18 11 14 16 19 13 12 17 20 26 22 30 21 29 24 23 25 27 28 40 34 35 33 37 36 32 31 38 39 50 43 49 42 46 41 47 48 45 44
 18 11 19 12 16 20 17 13 15 14 22 21 25 24 29 23 27 26 30 28 35 38 31 34 36 39 33 32 37 40 46 42 50 41 49 44 43 45 47 48 60 54 55 53 57 56 52 51 58 59 10  3  9  2  6  1  7  8  5  4
  8  1  9  2  6 10  7  3  5  4 12 11 15 14 19 13 17 16 20 18 25 28 21 24 26 29 23 22 27 30 36 32 40 31 39 34 33 35 37 38 50 44 45 43 47 46 42 41 48 49 60 53 59 52 56 51 57 58 55 54
 48 41 49 42 46 50 47 43 45 44 52 51 55 54 59 53 57 56 60 58  5  8  1  4  6  9  3  2  7 10 16 12 20 11 19 14 13 15 17 18 30 24 25 23 27 26 22 21 28 29 40 33 39 32 36 31 37 38 35 34
 29 22 30 23 27 21 28 24 26 25 33 32 36 35 40 34 38 37 31 39 46 49 42 45 47 50 44 43 48 41 57 53 51 52 60 55 54 56 58 59  1  5  6  4  8  7  3  2  9 10 11 14 20 13 17 12 18 19 16 15
 49 42 50 43 47 41 48 44 46 45 53 52 56 55 60 54 58 57 51 59  6  9  2  5  7 10  4  3  8  1 17 13 11 12 20 15 14 16 18 19 21 25 26 24 28 27 23 22 29 30 31 34 40 33 37 32 38 39 36 35
 59 52 60 53 57 51 58 54 56 55  3  2  6  5 10  4  8  7  1  9 16 19 12 15 17 20 14 13 18 11 27 23 21 22 30 25 24 26 28 29 31 35 36 34 38 37 33 32 39 40 41 44 50 43 47 42 48 49 46 45
  9  2 10  3  7  1  8  4  6  5 13 12 16 15 20 14 18 17 11 19 26 29 22 25 27 30 24 23 28 21 37 33 31 32 40 35 34 36 38 39 41 45 46 44 48 47 43 42 49 50 51 54 60 53 57 52 58 59 56 55
 19 12 20 13 17 11 18 14 16 15 23 22 26 25 30 24 28 27 21 29 36 39 32 35 37 40 34 33 38 31 47 43 41 42 50 45 44 46 48 49 51 55 56 54 58 57 53 52 59 60  1  4 10  3  7  2  8  9  6  5
 39 32 40 33 37 31 38 34 36 35 43 42 46 45 50 44 48 47 41 49 56 59 52 55 57 60 54 53 58 51  7  3  1  2 10  5  4  6  8  9 11 15 16 14 18 17 13 12 19 20 21 24 30 23 27 22 28 29 26 25
 40 33 31 34 38 32 39 35 37 36 44 43 47 46 41 45 49 48 42 50 57 60 53 56 58 51 55 54 59 52  8  4  2  3  1  6  5  7  9 10 12 16 17 15 19 18 14 13 20 11 22 25 21 24 28 23 29 30 27 26
 10  3  1  4  8  2  9  5  7  6 14 13 17 16 11 15 19 18 12 20 27 30 23 26 28 21 25 24 29 22 38 34 32 33 31 36 35 37 39 40 42 46 47 45 49 48 44 43 50 41 52 55 51 54 58 53 59 60 57 56
 30 23 21 24 28 22 29 25 27 26 34 33 37 36 31 35 39 38 32 40 47 50 43 46 48 41 45 44 49 42 58 54 52 53 51 56 55 57 59 60  2  6  7  5  9  8  4  3 10  1 12 15 11 14 18 13 19 20 17 16
 50 43 41 44 48 42 49 45 47 46 54 53 57 56 51 55 59 58 52 60  7 10  3  6  8  1  5  4  9  2 18 14 12 13 11 16 15 17 19 20 22 26 27 25 29 28 24 23 30 21 32 35 31 34 38 33 39 40 37 36
 20 13 11 14 18 12 19 15 17 16 24 23 27 26 21 25 29 28 22 30 37 40 33 36 38 31 35 34 39 32 48 44 42 43 41 46 45 47 49 50 52 56 57 55 59 58 54 53 60 51  2  5  1  4  8  3  9 10  7  6
 60 53 51 54 58 52 59 55 57 56  4  3  7  6  1  5  9  8  2 10 17 20 13 16 18 11 15 14 19 12 28 24 22 23 21 26 25 27 29 30 32 36 37 35 39 38 34 33 40 31 42 45 41 44 48 43 49 50 47 46
 21 24 22 25 29 23 30 26 28 27 35 34 38 37 32 36 40 39 33 31 48 41 44 47 49 42 46 45 50 43 59 55 53 54 52 57 56 58 60 51  3  7  8  6 10  9  5  4  1  2 13 16 12 15 19 14 20 11 18 17
 41 44 42 45 49 43 50 46 48 47 55 54 58 57 52 56 60 59 53 51  8  1  4  7  9  2  6  5 10  3 19 15 13 14 12 17 16 18 20 11 23 27 28 26 30 29 25 24 21 22 33 36 32 35 39 34 40 31 38 37
  1  4  2  5  9  3 10  6  8  7 15 14 18 17 12 16 20 19 13 11 28 21 24 27 29 22 26 25 30 23 39 35 33 34 32 37 36 38 40 31 43 47 48 46 50 49 45 44 41 42 53 56 52 55 59 54 60 51 58 57
 11 14 12 15 19 13 20 16 18 17 25 24 28 27 22 26 30 29 23 21 38 31 34 37 39 32 36 35 40 33 49 45 43 44 42 47 46 48 50 41 53 57 58 56 60 59 55 54 51 52  3  6  2  5  9  4 10  1  8  7
 51 54 52 55 59 53 60 56 58 57  5  4  8  7  2  6 10  9  3  1 18 11 14 17 19 12 16 15 20 13 29 25 23 24 22 27 26 28 30 21 33 37 38 36 40 39 35 34 31 32 43 46 42 45 49 44 50 41 48 47
 31 34 32 35 39 33 40 36 38 37 45 44 48 47 42 46 50 49 43 41 58 51 54 57 59 52 56 55 60 53  9  5  3  4  2  7  6  8 10  1 13 17 18 16 20 19 15 14 11 12 23 26 22 25 29 24 30 21 28 27
 52 55 53 56 60 54 51 57 59 58  6  5  9  8  3  7  1 10  4  2 19 12 15 18 20 13 17 16 11 14 30 26 24 25 23 28 27 29 21 22 34 38 39 37 31 40 36 35 32 33 44 47 43 46 50 45 41 42 49 48
 32 35 33 36 40 34 31 37 39 38 46 45 49 48 43 47 41 50 44 42 59 52 55 58 60 53 57 56 51 54 10  6  4  5  3  8  7  9  1  2 14 18 19 17 11 20 16 15 12 13 24 27 23 26 30 25 21 22 29 28
 12 15 13 16 20 14 11 17 19 18 26 25 29 28 23 27 21 30 24 22 39 32 35 38 40 33 37 36 31 34 50 46 44 45 43 48 47 49 41 42 54 58 59 57 51 60 56 55 52 53  4  7  3  6 10  5  1  2  9  8
  2  5  3  6 10  4  1  7  9  8 16 15 19 18 13 17 11 20 14 12 29 22 25 28 30 23 27 26 21 24 40 36 34 35 33 38 37 39 31 32 44 48 49 47 41 50 46 45 42 43 54 57 53 56 60 55 51 52 59 58
 22 25 23 26 30 24 21 27 29 28 36 35 39 38 33 37 31 40 34 32 49 42 45 48 50 43 47 46 41 44 60 56 54 55 53 58 57 59 51 52  4  8  9  7  1 10  6  5  2  3 14 17 13 16 20 15 11 12 19 18
 42 45 43 46 50 44 41 47 49 48 56 55 59 58 53 57 51 60 54 52  9  2  5  8 10  3  7  6  1  4 20 16 14 15 13 18 17 19 11 12 24 28 29 27 21 30 26 25 22 23 34 37 33 36 40 35 31 32 39 38
 23 26 24 27 21 25 22 28 30 29 37 36 40 39 34 38 32 31 35 33 50 43 46 49 41 44 48 47 42 45 51 57 55 56 54 59 58 60 52 53  5  9 10  8  2  1  7  6  3  4 15 18 14 17 11 16 12 13 20 19
 33 36 34 37 31 35 32 38 40 39 47 46 50 49 44 48 42 41 45 43 60 53 56 59 51 54 58 57 52 55  1  7  5  6  4  9  8 10  2  3 15 19 20 18 12 11 17 16 13 14 25 28 24 27 21 26 22 23 30 29
 13 16 14 17 11 15 12 18 20 19 27 26 30 29 24 28 22 21 25 23 40 33 36 39 31 34 38 37 32 35 41 47 45 46 44 49 48 50 42 43 55 59 60 58 52 51 57 56 53 54  5  8  4  7  1  6  2  3 10  9
  3  6  4  7  1  5  2  8 10  9 17 16 20 19 14 18 12 11 15 13 30 23 26 29 21 24 28 27 22 25 31 37 35 36 34 39 38 40 32 33 45 49 50 48 42 41 47 46 43 44 55 58 54 57 51 56 52 53 60 59
 53 56 54 57 51 55 52 58 60 59  7  6 10  9  4  8  2  1  5  3 20 13 16 19 11 14 18 17 12 15 21 27 25 26 24 29 28 30 22 23 35 39 40 38 32 31 37 36 33 34 45 48 44 47 41 46 42 43 50 49
 43 46 44 47 41 45 42 48 50 49 57 56 60 59 54 58 52 51 55 53 10  3  6  9  1  4  8  7  2  5 11 17 15 16 14 19 18 20 12 13 25 29 30 28 22 21 27 26 23 24 35 38 34 37 31 36 32 33 40 39
 24 27 25 28 22 26 23 29 21 30 38 37 31 40 35 39 33 32 36 34 41 44 47 50 42 45 49 48 43 46 52 58 56 57 55 60 59 51 53 54  6 10  1  9  3  2  8  7  4  5 16 19 15 18 12 17 13 14 11 20
 14 17 15 18 12 16 13 19 11 20 28 27 21 30 25 29 23 22 26 24 31 34 37 40 32 35 39 38 33 36 42 48 46 47 45 50 49 41 43 44 56 60 51 59 53 52 58 57 54 55  6  9  5  8  2  7  3  4  1 10
 34 37 35 38 32 36 33 39 31 40 48 47 41 50 45 49 43 42 46 44 51 54 57 60 52 55 59 58 53 56  2  8  6  7  5 10  9  1  3  4 16 20 11 19 13 12 18 17 14 15 26 29 25 28 22 27 23 24 21 30
 44 47 45 48 42 46 43 49 41 50 58 57 51 60 55 59 53 52 56 54  1  4  7 10  2  5  9  8  3  6 12 18 16 17 15 20 19 11 13 14 26 30 21 29 23 22 28 27 24 25 36 39 35 38 32 37 33 34 31 40
  4  7  5  8  2  6  3  9  1 10 18 17 11 20 15 19 13 12 16 14 21 24 27 30 22 25 29 28 23 26 32 38 36 37 35 40 39 31 33 34 46 50 41 49 43 42 48 47 44 45 56 59 55 58 52 57 53 54 51 60
 54 57 55 58 52 56 53 59 51 60  8  7  1 10  5  9  3  2  6  4 11 14 17 20 12 15 19 18 13 16 22 28 26 27 25 30 29 21 23 24 36 40 31 39 33 32 38 37 34 35 46 49 45 48 42 47 43 44 41 50
 35 38 36 39 33 37 34 40 32 31 49 48 42 41 46 50 44 43 47 45 52 55 58 51 53 56 60 59 54 57  3  9  7  8  6  1 10  2  4  5 17 11 12 20 14 13 19 18 15 16 27 30 26 29 23 28 24 25 22 21
 45 48 46 49 43 47 44 50 42 41 59 58 52 51 56 60 54 53 57 55  2  5  8  1  3  6 10  9  4  7 13 19 17 18 16 11 20 12 14 15 27 21 22 30 24 23 29 28 25 26 37 40 36 39 33 38 34 35 32 31
 55 58 56 59 53 57 54 60 52 51  9  8  2  1  6 10  4  3  7  5 12 15 18 11 13 16 20 19 14 17 23 29 27 28 26 21 30 22 24 25 37 31 32 40 34 33 39 38 35 36 47 50 46 49 43 48 44 45 42 41
 15 18 16 19 13 17 14 20 12 11 29 28 22 21 26 30 24 23 27 25 32 35 38 31 33 36 40 39 34 37 43 49 47 48 46 41 50 42 44 45 57 51 52 60 54 53 59 58 55 56  7 10  6  9  3  8  4  5  2  1
 25 28 26 29 23 27 24 30 22 21 39 38 32 31 36 40 34 33 37 35 42 45 48 41 43 46 50 49 44 47 53 59 57 58 56 51 60 52 54 55  7  1  2 10  4  3  9  8  5  6 17 20 16 19 13 18 14 15 12 11
  5  8  6  9  3  7  4 10  2  1 19 18 12 11 16 20 14 13 17 15 22 25 28 21 23 26 30 29 24 27 33 39 37 38 36 31 40 32 34 35 47 41 42 50 44 43 49 48 45 46 57 60 56 59 53 58 54 55 52 51
