 20 18 15 19 13 12 14 11 16 17 30 27 25 29 23 24 21 22 26 28 35 33 36 38 31 37 40 39 32 34 49 45 50 46 41 42 43 44 48 47 59 56 57 54 55 53 60 51 58 52  3  2  6  4  9 10  5  7  1  8
 50 48 45 49 43 42 44 41 46 47 60 57 55 59 53 54 51 52 56 58  5  3  6  8  1  7 10  9  2  4 19 15 20 16 11 12 13 14 18 17 29 26 27 24 25 23 30 21 28 22 33 32 36 34 39 40 35 37 31 38
 40 38 35 39 33 32 34 31 36 37 50 47 45 49 43 44 41 42 46 48 55 53 56 58 51 57 60 59 52 54  9  5 10  6  1  2  3  4  8  7 19 16 17 14 15 13 20 11 18 12 23 22 26 24 29 30 25 27 21 28
 10  8  5  9  3  2  4  1  6  7 20 17 15 19 13 14 11 12 16 18 25 23 26 28 21 27 30 29 22 24 39 35 40 36 31 32 33 34 38 37 49 46 47 44 45 43 50 41 48 42 53 52 56 54 59 60 55 57 51 58
 30 28 25 29 23 22 24 21 26 27 40 37 35 39 33 34 31 32 36 38 45 43 46 48 41 47 50 49 42 44 59 55 60 56 51 52 53 54 58 57  9  6  7  4  5  3 10  1  8  2 13 12 16 14 19 20 15 17 11 18
 60 58 55 59 53 52 54 51 56 57 10  7  5  9  3  4  1  2  6  8 15 13 16 18 11 17 20 19 12 14 29 25 30 26 21 22 23 24 28 27 39 36 37 34 35 33 40 31 38 32 43 42 46 44 49 50 45 47 41 48
 11 19 16 20 14 13 15 12 17 18 21 28 26 30 24 25 22 23 27 29 36 34 37 39 32 38 31 40 33 35 50 46 41 47 42 43 44 45 49 48 60 57 58 55 56 54 51 52 59 53  4  3  7  5 10  1  6  8  2  9
 31 39 36 40 34 33 35 32 37 38 41 48 46 50 44 45 42 43 47 49 56 54 57 59 52 58 51 60 53 55 10  6  1  7  2  3  4  5  9  8 20 17 18 15 16 14 11 12 19 13 24 23 27 25 30 21 26 28 22 29
 21 29 26 30 24 23 25 22 27 28 31 38 36 40 34 35 32 33 37 39 46 44 47 49 42 48 41 50 43 45 60 56 51 57 52 53 54 55 59 58 10  7  8  5  6  4  1  2  9  3 14 13 17 15 20 11 16 18 12 19
 51 59 56 60 54 53 55 52 57 58  1  8  6 10  4  5  2  3  7  9 16 14 17 19 12 18 11 20 13 15 30 26 21 27 22 23 24 25 29 28 40 37 38 35 36 34 31 32 39 33 44 43 47 45 50 41 46 48 42 49
  1  9  6 10  4  3  5  2  7  8 11 18 16 20 14 15 12 13 17 19 26 24 27 29 22 28 21 30 23 25 40 36 31 37 32 33 34 35 39 38 50 47 48 45 46 44 41 42 49 43 54 53 57 55 60 51 56 58 52 59
 41 49 46 50 44 43 45 42 47 48 51 58 56 60 54 55 52 53 57 59  6  4  7  9  2  8  1 10  3  5 20 16 11 17 12 13 14 15 19 18 30 27 28 25 26 24 21 22 29 23 34 33 37 35 40 31 36 38 32 39
 12 20 17 11 15 14 16 13 18 19 22 29 27 21 25 26 23 24 28 30 37 35 38 40 33 39 32 31 34 36 41 47 42 48 43 44 45 46 50 49 51 58 59 56 57 55 52 53 60 54  5  4  8  6  1  2  7  9  3 10
 42 50 47 41 45 44 46 43 48 49 52 59 57 51 55 56 53 54 58 60  7  5  8 10  3  9  2  1  4  6 11 17 12 18 13 14 15 16 20 19 21 28 29 26 27 25 22 23 30 24 35 34 38 36 31 32 37 39 33 40
 52 60 57 51 55 54 56 53 58 59  2  9  7  1  5  6  3  4  8 10 17 15 18 20 13 19 12 11 14 16 21 27 22 28 23 24 25 26 30 29 31 38 39 36 37 35 32 33 40 34 45 44 48 46 41 42 47 49 43 50
  2 10  7  1  5  4  6  3  8  9 12 19 17 11 15 16 13 14 18 20 27 25 28 30 23 29 22 21 24 26 31 37 32 38 33 34 35 36 40 39 41 48 49 46 47 45 42 43 50 44 55 54 58 56 51 52 57 59 53 60
 22 30 27 21 25 24 26 23 28 29 32 39 37 31 35 36 33 34 38 40 47 45 48 50 43 49 42 41 44 46 51 57 52 58 53 54 55 56 60 59  1  8  9  6  7  5  2  3 10  4 15 14 18 16 11 12 17 19 13 20
 32 40 37 31 35 34 36 33 38 39 42 49 47 41 45 46 43 44 48 50 57 55 58 60 53 59 52 51 54 56  1  7  2  8  3  4  5  6 10  9 11 18 19 16 17 15 12 13 20 14 25 24 28 26 21 22 27 29 23 30
 33 31 38 32 36 35 37 34 39 40 43 50 48 42 46 47 44 45 49 41 58 56 59 51 54 60 53 52 55 57  2  8  3  9  4  5  6  7  1 10 12 19 20 17 18 16 13 14 11 15 26 25 29 27 22 23 28 30 24 21
 43 41 48 42 46 45 47 44 49 50 53 60 58 52 56 57 54 55 59 51  8  6  9  1  4 10  3  2  5  7 12 18 13 19 14 15 16 17 11 20 22 29 30 27 28 26 23 24 21 25 36 35 39 37 32 33 38 40 34 31
 23 21 28 22 26 25 27 24 29 30 33 40 38 32 36 37 34 35 39 31 48 46 49 41 44 50 43 42 45 47 52 58 53 59 54 55 56 57 51 60  2  9 10  7  8  6  3  4  1  5 16 15 19 17 12 13 18 20 14 11
 53 51 58 52 56 55 57 54 59 60  3 10  8  2  6  7  4  5  9  1 18 16 19 11 14 20 13 12 15 17 22 28 23 29 24 25 26 27 21 30 32 39 40 37 38 36 33 34 31 35 46 45 49 47 42 43 48 50 44 41
  3  1  8  2  6  5  7  4  9 10 13 20 18 12 16 17 14 15 19 11 28 26 29 21 24 30 23 22 25 27 32 38 33 39 34 35 36 37 31 40 42 49 50 47 48 46 43 44 41 45 56 55 59 57 52 53 58 60 54 51
 13 11 18 12 16 15 17 14 19 20 23 30 28 22 26 27 24 25 29 21 38 36 39 31 34 40 33 32 35 37 42 48 43 49 44 45 46 47 41 50 52 59 60 57 58 56 53 54 51 55  6  5  9  7  2  3  8 10  4  1
  4  2  9  3  7  6  8  5 10  1 14 11 19 13 17 18 15 16 20 12 29 27 30 22 25 21 24 23 26 28 33 39 34 40 35 36 37 38 32 31 43 50 41 48 49 47 44 45 42 46 57 56 60 58 53 54 59 51 55 52
 34 32 39 33 37 36 38 35 40 31 44 41 49 43 47 48 45 46 50 42 59 57 60 52 55 51 54 53 56 58  3  9  4 10  5  6  7  8  2  1 13 20 11 18 19 17 14 15 12 16 27 26 30 28 23 24 29 21 25 22
 54 52 59 53 57 56 58 55 60 51  4  1  9  3  7  8  5  6 10  2 19 17 20 12 15 11 14 13 16 18 23 29 24 30 25 26 27 28 22 21 33 40 31 38 39 37 34 35 32 36 47 46 50 48 43 44 49 41 45 42
 44 42 49 43 47 46 48 45 50 41 54 51 59 53 57 58 55 56 60 52  9  7 10  2  5  1  4  3  6  8 13 19 14 20 15 16 17 18 12 11 23 30 21 28 29 27 24 25 22 26 37 36 40 38 33 34 39 31 35 32
 14 12 19 13 17 16 18 15 20 11 24 21 29 23 27 28 25 26 30 22 39 37 40 32 35 31 34 33 36 38 43 49 44 50 45 46 47 48 42 41 53 60 51 58 59 57 54 55 52 56  7  6 10  8  3  4  9  1  5  2
 24 22 29 23 27 26 28 25 30 21 34 31 39 33 37 38 35 36 40 32 49 47 50 42 45 41 44 43 46 48 53 59 54 60 55 56 57 58 52 51  3 10  1  8  9  7  4  5  2  6 17 16 20 18 13 14 19 11 15 12
 25 23 30 24 28 27 29 26 21 22 35 32 40 34 38 39 36 37 31 33 50 48 41 43 46 42 45 44 47 49 54 60 55 51 56 57 58 59 53 52  4  1  2  9 10  8  5  6  3  7 18 17 11 19 14 15 20 12 16 13
  5  3 10  4  8  7  9  6  1  2 15 12 20 14 18 19 16 17 11 13 30 28 21 23 26 22 25 24 27 29 34 40 35 31 36 37 38 39 33 32 44 41 42 49 50 48 45 46 43 47 58 57 51 59 54 55 60 52 56 53
 35 33 40 34 38 37 39 36 31 32 45 42 50 44 48 49 46 47 41 43 60 58 51 53 56 52 55 54 57 59  4 10  5  1  6  7  8  9  3  2 14 11 12 19 20 18 15 16 13 17 28 27 21 29 24 25 30 22 26 23
 15 13 20 14 18 17 19 16 11 12 25 22 30 24 28 29 26 27 21 23 40 38 31 33 36 32 35 34 37 39 44 50 45 41 46 47 48 49 43 42 54 51 52 59 60 58 55 56 53 57  8  7  1  9  4  5 10  2  6  3
 55 53 60 54 58 57 59 56 51 52  5  2 10  4  8  9  6  7  1  3 20 18 11 13 16 12 15 14 17 19 24 30 25 21 26 27 28 29 23 22 34 31 32 39 40 38 35 36 33 37 48 47 41 49 44 45 50 42 46 43
 45 43 50 44 48 47 49 46 41 42 55 52 60 54 58 59 56 57 51 53 10  8  1  3  6  2  5  4  7  9 14 20 15 11 16 17 18 19 13 12 24 21 22 29 30 28 25 26 23 27 38 37 31 39 34 35 40 32 36 33
 16 14 11 15 19 18 20 17 12 13 26 23 21 25 29 30 27 28 22 24 31 39 32 34 37 33 36 35 38 40 45 41 46 42 47 48 49 50 44 43 55 52 53 60 51 59 56 57 54 58  9  8  2 10  5  6  1  3  7  4
 46 44 41 45 49 48 50 47 42 43 56 53 51 55 59 60 57 58 52 54  1  9  2  4  7  3  6  5  8 10 15 11 16 12 17 18 19 20 14 13 25 22 23 30 21 29 26 27 24 28 39 38 32 40 35 36 31 33 37 34
  6  4  1  5  9  8 10  7  2  3 16 13 11 15 19 20 17 18 12 14 21 29 22 24 27 23 26 25 28 30 35 31 36 32 37 38 39 40 34 33 45 42 43 50 41 49 46 47 44 48 59 58 52 60 55 56 51 53 57 54
 26 24 21 25 29 28 30 27 22 23 36 33 31 35 39 40 37 38 32 34 41 49 42 44 47 43 46 45 48 50 55 51 56 52 57 58 59 60 54 53  5  2  3 10  1  9  6  7  4  8 19 18 12 20 15 16 11 13 17 14
 36 34 31 35 39 38 40 37 32 33 46 43 41 45 49 50 47 48 42 44 51 59 52 54 57 53 56 55 58 60  5  1  6  2  7  8  9 10  4  3 15 12 13 20 11 19 16 17 14 18 29 28 22 30 25 26 21 23 27 24
 56 54 51 55 59 58 60 57 52 53  6  3  1  5  9 10  7  8  2  4 11 19 12 14 17 13 16 15 18 20 25 21 26 22 27 28 29 30 24 23 35 32 33 40 31 39 36 37 34 38 49 48 42 50 45 46 41 43 47 44
 17 15 12 16 20 19 11 18 13 14 27 24 22 26 30 21 28 29 23 25 32 40 33 35 38 34 37 36 39 31 46 42 47 43 48 49 50 41 45 44 56 53 54 51 52 60 57 58 55 59 10  9  3  1  6  7  2  4  8  5
 27 25 22 26 30 29 21 28 23 24 37 34 32 36 40 31 38 39 33 35 42 50 43 45 48 44 47 46 49 41 56 52 57 53 58 59 60 51 55 54  6  3  4  1  2 10  7  8  5  9 20 19 13 11 16 17 12 14 18 15
 47 45 42 46 50 49 41 48 43 44 57 54 52 56 60 51 58 59 53 55  2 10  3  5  8  4  7  6  9  1 16 12 17 13 18 19 20 11 15 14 26 23 24 21 22 30 27 28 25 29 40 39 33 31 36 37 32 34 38 35
 37 35 32 36 40 39 31 38 33 34 47 44 42 46 50 41 48 49 43 45 52 60 53 55 58 54 57 56 59 51  6  2  7  3  8  9 10  1  5  4 16 13 14 11 12 20 17 18 15 19 30 29 23 21 26 27 22 24 28 25
  7  5  2  6 10  9  1  8  3  4 17 14 12 16 20 11 18 19 13 15 22 30 23 25 28 24 27 26 29 21 36 32 37 33 38 39 40 31 35 34 46 43 44 41 42 50 47 48 45 49 60 59 53 51 56 57 52 54 58 55
 57 55 52 56 60 59 51 58 53 54  7  4  2  6 10  1  8  9  3  5 12 20 13 15 18 14 17 16 19 11 26 22 27 23 28 29 30 21 25 24 36 33 34 31 32 40 37 38 35 39 50 49 43 41 46 47 42 44 48 45
 58 56 53 57 51 60 52 59 54 55  8  5  3  7  1  2  9 10  4  6 13 11 14 16 19 15 18 17 20 12 27 23 28 24 29 30 21 22 26 25 37 34 35 32 33 31 38 39 36 40 41 50 44 42 47 48 43 45 49 46
 28 26 23 27 21 30 22 29 24 25 38 35 33 37 31 32 39 40 34 36 43 41 44 46 49 45 48 47 50 42 57 53 58 54 59 60 51 52 56 55  7  4  5  2  3  1  8  9  6 10 11 20 14 12 17 18 13 15 19 16
 38 36 33 37 31 40 32 39 34 35 48 45 43 47 41 42 49 50 44 46 53 51 54 56 59 55 58 57 60 52  7  3  8  4  9 10  1  2  6  5 17 14 15 12 13 11 18 19 16 20 21 30 24 22 27 28 23 25 29 26
 18 16 13 17 11 20 12 19 14 15 28 25 23 27 21 22 29 30 24 26 33 31 34 36 39 35 38 37 40 32 47 43 48 44 49 50 41 42 46 45 57 54 55 52 53 51 58 59 56 60  1 10  4  2  7  8  3  5  9  6
 48 46 43 47 41 50 42 49 44 45 58 55 53 57 51 52 59 60 54 56  3  1  4  6  9  5  8  7 10  2 17 13 18 14 19 20 11 12 16 15 27 24 25 22 23 21 28 29 26 30 31 40 34 32 37 38 33 35 39 36
  8  6  3  7  1 10  2  9  4  5 18 15 13 17 11 12 19 20 14 16 23 21 24 26 29 25 28 27 30 22 37 33 38 34 39 40 31 32 36 35 47 44 45 42 43 41 48 49 46 50 51 60 54 52 57 58 53 55 59 56
  9  7  4  8  2  1  3 10  5  6 19 16 14 18 12 13 20 11 15 17 24 22 25 27 30 26 29 28 21 23 38 34 39 35 40 31 32 33 37 36 48 45 46 43 44 42 49 50 47 41 52 51 55 53 58 59 54 56 60 57
 39 37 34 38 32 31 33 40 35 36 49 46 44 48 42 43 50 41 45 47 54 52 55 57 60 56 59 58 51 53  8  4  9  5 10  1  2  3  7  6 18 15 16 13 14 12 19 20 17 11 22 21 25 23 28 29 24 26 30 27
 19 17 14 18 12 11 13 20 15 16 29 26 24 28 22 23 30 21 25 27 34 32 35 37 40 36 39 38 31 33 48 44 49 45 50 41 42 43 47 46 58 55 56 53 54 52 59 60 57 51  2  1  5  3  8  9  4  6 10  7
 59 57 54 58 52 51 53 60 55 56  9  6  4  8  2  3 10  1  5  7 14 12 15 17 20 16 19 18 11 13 28 24 29 25 30 21 22 23 27 26 38 35 36 33 34 32 39 40 37 31 42 41 45 43 48 49 44 46 50 47
 29 27 24 28 22 21 23 30 25 26 39 36 34 38 32 33 40 31 35 37 44 42 45 47 50 46 49 48 41 43 58 54 59 55 60 51 52 53 57 56  8  5  6  3  4  2  9 10  7  1 12 11 15 13 18 19 14 16 20 17
 49 47 44 48 42 41 43 50 45 46 59 56 54 58 52 53 60 51 55 57  4  2  5  7 10  6  9  8  1  3 18 14 19 15 20 11 12 13 17 16 28 25 26 23 24 22 29 30 27 21 32 31 35 33 38 39 34 36 40 37
