 21 20 17 22 18 24 23 19 32 31 26 29 27 30 25 28 34 39 38 35 36 37 33 40  5  7  4  1  6  3  8  2  9 10 15 12 11 14 13 16
 13 12  9 14 10 16 15 11 24 23 18 21 19 22 17 20 26 31 30 27 28 29 25 32 37 39 36 33 38 35 40 34  1  2  7  4  3  6  5  8
 29 28 25 30 26 32 31 27 40 39 34 37 35 38 33 36  2  7  6  3  4  5  1  8 13 15 12  9 14 11 16 10 17 18 23 20 19 22 21 24
  5  4  1  6  2  8  7  3 16 15 10 13 11 14  9 12 18 23 22 19 20 21 17 24 29 31 28 25 30 27 32 26 33 34 39 36 35 38 37 40
 37 36 33 38 34 40 39 35  8  7  2  5  3  6  1  4 10 15 14 11 12 13  9 16 21 23 20 17 22 19 24 18 25 26 31 28 27 30 29 32
  6  5  2  7  3  1  8  4  9 16 11 14 12 15 10 13 19 24 23 20 21 22 18 17 30 32 29 26 31 28 25 27 34 35 40 37 36 39 38 33
 38 37 34 39 35 33 40 36  1  8  3  6  4  7  2  5 11 16 15 12 13 14 10  9 22 24 21 18 23 20 17 19 26 27 32 29 28 31 30 25
 30 29 26 31 27 25 32 28 33 40 35 38 36 39 34 37  3  8  7  4  5  6  2  1 14 16 13 10 15 12  9 11 18 19 24 21 20 23 22 17
 14 13 10 15 11  9 16 12 17 24 19 22 20 23 18 21 27 32 31 28 29 30 26 25 38 40 37 34 39 36 33 35  2  3  8  5  4  7  6  1
 22 21 18 23 19 17 24 20 25 32 27 30 28 31 26 29 35 40 39 36 37 38 34 33  6  8  5  2  7  4  1  3 10 11 16 13 12 15 14  9
 39 38 35 40 36 34 33 37  2  1  4  7  5  8  3  6 12  9 16 13 14 15 11 10 23 17 22 19 24 21 18 20 27 28 25 30 29 32 31 26
 23 22 19 24 20 18 17 21 26 25 28 31 29 32 27 30 36 33 40 37 38 39 35 34  7  1  6  3  8  5  2  4 11 12  9 14 13 16 15 10
 31 30 27 32 28 26 25 29 34 33 36 39 37 40 35 38  4  1  8  5  6  7  3  2 15  9 14 11 16 13 10 12 19 20 17 22 21 24 23 18
  7  6  3  8  4  2  1  5 10  9 12 15 13 16 11 14 20 17 24 21 22 23 19 18 31 25 30 27 32 29 26 28 35 36 33 38 37 40 39 34
 15 14 11 16 12 10  9 13 18 17 20 23 21 24 19 22 28 25 32 29 30 31 27 26 39 33 38 35 40 37 34 36  3  4  1  6  5  8  7  2
 40 39 36 33 37 35 34 38  3  2  5  8  6  1  4  7 13 10  9 14 15 16 12 11 24 18 23 20 17 22 19 21 28 29 26 31 30 25 32 27
 32 31 28 25 29 27 26 30 35 34 37 40 38 33 36 39  5  2  1  6  7  8  4  3 16 10 15 12  9 14 11 13 20 21 18 23 22 17 24 19
 16 15 12  9 13 11 10 14 19 18 21 24 22 17 20 23 29 26 25 30 31 32 28 27 40 34 39 36 33 38 35 37  4  5  2  7  6  1  8  3
 24 23 20 17 21 19 18 22 27 26 29 32 30 25 28 31 37 34 33 38 39 40 36 35  8  2  7  4  1  6  3  5 12 13 10 15 14  9 16 11
  8  7  4  1  5  3  2  6 11 10 13 16 14  9 12 15 21 18 17 22 23 24 20 19 32 26 31 28 25 30 27 29 36 37 34 39 38 33 40 35
 33 40 37 34 38 36 35 39  4  3  6  1  7  2  5  8 14 11 10 15 16  9 13 12 17 19 24 21 18 23 20 22 29 30 27 32 31 26 25 28
 25 32 29 26 30 28 27 31 36 35 38 33 39 34 37 40  6  3  2  7  8  1  5  4  9 11 16 13 10 15 12 14 21 22 19 24 23 18 17 20
 17 24 21 18 22 20 19 23 28 27 30 25 31 26 29 32 38 35 34 39 40 33 37 36  1  3  8  5  2  7  4  6 13 14 11 16 15 10  9 12
  1  8  5  2  6  4  3  7 12 11 14  9 15 10 13 16 22 19 18 23 24 17 21 20 25 27 32 29 26 31 28 30 37 38 35 40 39 34 33 36
  9 16 13 10 14 12 11 15 20 19 22 17 23 18 21 24 30 27 26 31 32 25 29 28 33 35 40 37 34 39 36 38  5  6  3  8  7  2  1  4
  2  1  6  3  7  5  4  8 13 12 15 10 16 11 14  9 23 20 19 24 17 18 22 21 26 28 25 30 27 32 29 31 38 39 36 33 40 35 34 37
 26 25 30 27 31 29 28 32 37 36 39 34 40 35 38 33  7  4  3  8  1  2  6  5 10 12  9 14 11 16 13 15 22 23 20 17 24 19 18 21
 18 17 22 19 23 21 20 24 29 28 31 26 32 27 30 25 39 36 35 40 33 34 38 37  2  4  1  6  3  8  5  7 14 15 12  9 16 11 10 13
 10  9 14 11 15 13 12 16 21 20 23 18 24 19 22 17 31 28 27 32 25 26 30 29 34 36 33 38 35 40 37 39  6  7  4  1  8  3  2  5
 34 33 38 35 39 37 36 40  5  4  7  2  8  3  6  1 15 12 11 16  9 10 14 13 18 20 17 22 19 24 21 23 30 31 28 25 32 27 26 29
 11 10 15 12 16 14 13  9 22 21 24 19 17 20 23 18 32 29 28 25 26 27 31 30 35 37 34 39 36 33 38 40  7  8  5  2  1  4  3  6
 19 18 23 20 24 22 21 17 30 29 32 27 25 28 31 26 40 37 36 33 34 35 39 38  3  5  2  7  4  1  6  8 15 16 13 10  9 12 11 14
 35 34 39 36 40 38 37 33  6  5  8  3  1  4  7  2 16 13 12  9 10 11 15 14 19 21 18 23 20 17 22 24 31 32 29 26 25 28 27 30
 27 26 31 28 32 30 29 25 38 37 40 35 33 36 39 34  8  5  4  1  2  3  7  6 11 13 10 15 12  9 14 16 23 24 21 18 17 20 19 22
  3  2  7  4  8  6  5  1 14 13 16 11  9 12 15 10 24 21 20 17 18 19 23 22 27 29 26 31 28 25 30 32 39 40 37 34 33 36 35 38
  4  3  8  5  1  7  6  2 15 14  9 12 10 13 16 11 17 22 21 18 19 20 24 23 28 30 27 32 29 26 31 25 40 33 38 35 34 37 36 39
 36 35 40 37 33 39 38 34  7  6  1  4  2  5  8  3  9 14 13 10 11 12 16 15 20 22 19 24 21 18 23 17 32 25 30 27 26 29 28 31
 20 19 24 21 17 23 22 18 31 30 25 28 26 29 32 27 33 38 37 34 35 36 40 39  4  6  3  8  5  2  7  1 16  9 14 11 10 13 12 15
 12 11 16 13  9 15 14 10 23 22 17 20 18 21 24 19 25 30 29 26 27 28 32 31 36 38 35 40 37 34 39 33  8  1  6  3  2  5  4  7
 28 27 32 29 25 31 30 26 39 38 33 36 34 37 40 35  1  6  5  2  3  4  8  7 12 14 11 16 13 10 15  9 24 17 22 19 18 21 20 23
