  4  5  7  2  3  1  6  8 14  9 11 13 12 15 10 16 23 18 21 24 19 22 20 17 30 27 25 26 31 28 32 29 35 39 34 37 36 33 40 38
 36 37 39 34 35 33 38 40  6  1  3  5  4  7  2  8 15 10 13 16 11 14 12  9 22 19 17 18 23 20 24 21 27 31 26 29 28 25 32 30
 12 13 15 10 11  9 14 16 22 17 19 21 20 23 18 24 31 26 29 32 27 30 28 25 38 35 33 34 39 36 40 37  3  7  2  5  4  1  8  6
 28 29 31 26 27 25 30 32 38 33 35 37 36 39 34 40  7  2  5  8  3  6  4  1 14 11  9 10 15 12 16 13 19 23 18 21 20 17 24 22
 20 21 23 18 19 17 22 24 30 25 27 29 28 31 26 32 39 34 37 40 35 38 36 33  6  3  1  2  7  4  8  5 11 15 10 13 12  9 16 14
 37 38 40 35 36 34 39 33  7  2  4  6  5  8  3  1 16 11 14  9 12 15 13 10 23 20 18 19 24 21 17 22 28 32 27 30 29 26 25 31
 29 30 32 27 28 26 31 25 39 34 36 38 37 40 35 33  8  3  6  1  4  7  5  2 15 12 10 11 16 13  9 14 20 24 19 22 21 18 17 23
 21 22 24 19 20 18 23 17 31 26 28 30 29 32 27 25 40 35 38 33 36 39 37 34  7  4  2  3  8  5  1  6 12 16 11 14 13 10  9 15
 13 14 16 11 12 10 15  9 23 18 20 22 21 24 19 17 32 27 30 25 28 31 29 26 39 36 34 35 40 37 33 38  4  8  3  6  5  2  1  7
  5  6  8  3  4  2  7  1 15 10 12 14 13 16 11  9 24 19 22 17 20 23 21 18 31 28 26 27 32 29 25 30 36 40 35 38 37 34 33 39
 22 23 17 20 21 19 24 18 32 27 29 31 30 25 28 26 33 36 39 34 37 40 38 35  8  5  3  4  1  6  2  7 13  9 12 15 14 11 10 16
 30 31 25 28 29 27 32 26 40 35 37 39 38 33 36 34  1  4  7  2  5  8  6  3 16 13 11 12  9 14 10 15 21 17 20 23 22 19 18 24
 38 39 33 36 37 35 40 34  8  3  5  7  6  1  4  2  9 12 15 10 13 16 14 11 24 21 19 20 17 22 18 23 29 25 28 31 30 27 26 32
 14 15  9 12 13 11 16 10 24 19 21 23 22 17 20 18 25 28 31 26 29 32 30 27 40 37 35 36 33 38 34 39  5  1  4  7  6  3  2  8
  6  7  1  4  5  3  8  2 16 11 13 15 14  9 12 10 17 20 23 18 21 24 22 19 32 29 27 28 25 30 26 31 37 33 36 39 38 35 34 40
 39 40 34 37 38 36 33 35  1  4  6  8  7  2  5  3 10 13 16 11 14  9 15 12 17 22 20 21 18 23 19 24 30 26 29 32 31 28 27 25
 15 16 10 13 14 12  9 11 17 20 22 24 23 18 21 19 26 29 32 27 30 25 31 28 33 38 36 37 34 39 35 40  6  2  5  8  7  4  3  1
 23 24 18 21 22 20 17 19 25 28 30 32 31 26 29 27 34 37 40 35 38 33 39 36  1  6  4  5  2  7  3  8 14 10 13 16 15 12 11  9
  7  8  2  5  6  4  1  3  9 12 14 16 15 10 13 11 18 21 24 19 22 17 23 20 25 30 28 29 26 31 27 32 38 34 37 40 39 36 35 33
 31 32 26 29 30 28 25 27 33 36 38 40 39 34 37 35  2  5  8  3  6  1  7  4  9 14 12 13 10 15 11 16 22 18 21 24 23 20 19 17
 24 17 19 22 23 21 18 20 26 29 31 25 32 27 30 28 35 38 33 36 39 34 40 37  2  7  5  6  3  8  4  1 15 11 14  9 16 13 12 10
 40 33 35 38 39 37 34 36  2  5  7  1  8  3  6  4 11 14  9 12 15 10 16 13 18 23 21 22 19 24 20 17 31 27 30 25 32 29 28 26
 16  9 11 14 15 13 10 12 18 21 23 17 24 19 22 20 27 30 25 28 31 26 32 29 34 39 37 38 35 40 36 33  7  3  6  1  8  5  4  2
 32 25 27 30 31 29 26 28 34 37 39 33 40 35 38 36  3  6  1  4  7  2  8  5 10 15 13 14 11 16 12  9 23 19 22 17 24 21 20 18
  8  1  3  6  7  5  2  4 10 13 15  9 16 11 14 12 19 22 17 20 23 18 24 21 26 31 29 30 27 32 28 25 39 35 38 33 40 37 36 34
  9 10 12 15 16 14 11 13 19 22 24 18 17 20 23 21 28 31 26 29 32 27 25 30 35 40 38 39 36 33 37 34  8  4  7  2  1  6  5  3
 17 18 20 23 24 22 19 21 27 30 32 26 25 28 31 29 36 39 34 37 40 35 33 38  3  8  6  7  4  1  5  2 16 12 15 10  9 14 13 11
 25 26 28 31 32 30 27 29 35 38 40 34 33 36 39 37  4  7  2  5  8  3  1  6 11 16 14 15 12  9 13 10 24 20 23 18 17 22 21 19
 33 34 36 39 40 38 35 37  3  6  8  2  1  4  7  5 12 15 10 13 16 11  9 14 19 24 22 23 20 17 21 18 32 28 31 26 25 30 29 27
  1  2  4  7  8  6  3  5 11 14 16 10  9 12 15 13 20 23 18 21 24 19 17 22 27 32 30 31 28 25 29 26 40 36 39 34 33 38 37 35
 18 19 21 24 17 23 20 22 28 31 25 27 26 29 32 30 37 40 35 38 33 36 34 39  4  1  7  8  5  2  6  3  9 13 16 11 10 15 14 12
  2  3  5  8  1  7  4  6 12 15  9 11 10 13 16 14 21 24 19 22 17 20 18 23 28 25 31 32 29 26 30 27 33 37 40 35 34 39 38 36
 10 11 13 16  9 15 12 14 20 23 17 19 18 21 24 22 29 32 27 30 25 28 26 31 36 33 39 40 37 34 38 35  1  5  8  3  2  7  6  4
 34 35 37 40 33 39 36 38  4  7  1  3  2  5  8  6 13 16 11 14  9 12 10 15 20 17 23 24 21 18 22 19 25 29 32 27 26 31 30 28
 26 27 29 32 25 31 28 30 36 39 33 35 34 37 40 38  5  8  3  6  1  4  2  7 12  9 15 16 13 10 14 11 17 21 24 19 18 23 22 20
 11 12 14  9 10 16 13 15 21 24 18 20 19 22 17 23 30 25 28 31 26 29 27 32 37 34 40 33 38 35 39 36  2  6  1  4  3  8  7  5
  3  4  6  1  2  8  5  7 13 16 10 12 11 14  9 15 22 17 20 23 18 21 19 24 29 26 32 25 30 27 31 28 34 38 33 36 35 40 39 37
 27 28 30 25 26 32 29 31 37 40 34 36 35 38 33 39  6  1  4  7  2  5  3  8 13 10 16  9 14 11 15 12 18 22 17 20 19 24 23 21
 35 36 38 33 34 40 37 39  5  8  2  4  3  6  1  7 14  9 12 15 10 13 11 16 21 18 24 17 22 19 23 20 26 30 25 28 27 32 31 29
 19 20 22 17 18 24 21 23 29 32 26 28 27 30 25 31 38 33 36 39 34 37 35 40  5  2  8  1  6  3  7  4 10 14  9 12 11 16 15 13
