  1  8 14  3 12  6 13 11  4  5 10  2  9 15  7
 15 11  6  7  4  1 12  9  8 13 14  3  2  5 10
  4  2 13 11  8 10 15  7  5  1 12  9 14  3  6
 12  5  3 14 13  9  6  2 10  7 15  4 11  8  1
 10  7  9  2 15  5 14  3  1  8 11  6  4 12 13
  3 14  2  5  7  4  9  6 11 10  8 13 15  1 12
  5 10 11  6  2 13  7 14 12  9  1 15  8  4  3
  7  4  8 10  9 12  5  1 15  2  3 11 13  6 14
  6 12 15  1  3 14  8 13  2  4  5  7 10  9 11
 13  9  1 15 11  8 10  4  3 12  6 14  7  2  5
  9  3  4 13  1 15 11 12  6 14  7  8  5 10  2
  2 13  7  4  6  3  1  5 14 15  9 10 12 11  8
 14  1 10  8  5 11  2 15  9  6 13 12  3  7  4
  8 15  5 12 14  2  3 10  7 11  4  1  6 13  9
 11  6 12  9 10  7  4  8 13  3  2  5  1 14 15
