  3  7  9  2  1 11  4  5 15  8 13 12  6 14 10
  8  4  6  5 15  9 11  3 13  2 10 14 12  7  1
 13  5 12  8  3  6  1 10 14 11 15  7  2  9  4
 11  1  2  7 10 14  8  6 12  5  4  9 15 13  3
 15 10 14 13 12  4  7  9  2  1  6  3  5  8 11
  1  8 10 12  7 15  5 14  9  4  2  6  3 11 13
  7 11  5  6 13 10 15  1  3 14 12  8  9  4  2
  6 14  3  9  8  5 12  2  4 15 11 13 10  1  7
  9 15 13  1  4  2 10  8 11  7  3  5 14 12  6
 12  2  4 14 11  3 13  7  6 10  9  1  8  5 15
  2  3  1  4  5 12 14 15 10  9  7 11 13  6  8
  5 12 15  3  9  1  2 13  7  6  8  4 11 10 14
 14 13 11 15  2  8  6  4  5 12  1 10  7  3  9
 10  9  8 11  6  7  3 12  1 13 14 15  4  2  5
  4  6  7 10 14 13  9 11  8  3  5  2  1 15 12
