  7  3  2  1 14  6  9 10  4  5 11 13 12  8 15
 15  6  1  7  2  9 12 13 14 10  4  8 11  5  3
  5 11 10 13 12 15  8  6  7  9  1  3 14  4  2
 13 14  9  8  3  4  5 11  1 12 15  2 10  7  6
  8 12  4 11 10  5  3  2 15  6  7 14  9  1 13
  4  7  5  9  6 14 10  3 11  1 12 15  2 13  8
 11 10  3 12  8 13  7 14  6  4  2  5  1 15  9
  6 15 14  3 11 10  2  1  5 13  8  9  4 12  7
  9 13 12  2  5  1 15  4  8 11  6  7  3 14 10
  2  1  8 15  4  7 13 12  9  3 14 10  5  6 11
 12  4 11 10  9  3  1 15 13  7  5  6  8  2 14
 14  9  6  4  7 12 11  8  2 15  3  1 13 10  5
 10  8 13 14 15 11  6  5 12  2  9  4  7  3  1
  1  5  7  6 13  2 14  9  3  8 10 12 15 11  4
  3  2 15  5  1  8  4  7 10 14 13 11  6  9 12
