  7 14 10 12  1 13 11 15  9  8  6  5  2  4  3
  9 11 15  8  3 10 12  1  7  4 13  2  6  5 14
  3  2  4 11  9  7 14  5  6  1 12 15  8 10 13
  6  8  5  4 15  2  3 10 13  7 11 14  1 12  9
 13 12  1 14  6  5  2  4  8  9  3 10 11 15  7
 11  9 14  2 12  8  5  3 15 13 10  4  7  6  1
 12 13  2  9 14 11  6  7  4  5 15  1 10  3  8
  4  6  7 15 13  3  1 12 10  2  8  9  5 14 11
 15  5  3  1 10  6  8  9 14 12  7 11  4 13  2
  1 10  8  7  5  4 13 11  2  3 14  6 12  9 15
 14  3  9 13  4  1 10  6  5 11  2  8 15  7 12
  5 15 11  3  8  9  4 14 12 10  1  7 13  2  6
 10  7 12  6 11 14  9  2  1 15  4 13  3  8  5
  2  4 13  5  7 12 15  8 11  6  9  3 14  1 10
  8  1  6 10  2 15  7 13  3 14  5 12  9 11  4
