 12  2  4  9  8  1 14  6 15 11  3 13 10  5  7
 10  8  1  3 12 15  7  5 11  4  9 14 13  2  6
 14  3  7  4 11  5 12  2 13  6 10  1  9 15  8
  6  9  5  2 10 13  8  1  3 15 12  7 11 14  4
 13 15 11 14  7  6 10  9  4  5  2  8  1 12  3
  4  1  8 13  2  3  9 14  7 12  6 15  5 11 10
  2  6 10  1  4  8  3 15 12 14  5 11  7  9 13
  5  7 14  6 15 12  4 11 10 13  1  9  3  8  2
 15 12 13  7  9 11  2  8  5  3  4 10  6  1 14
  9 11  3 10  5 14  1 13  6  8  7  2 15  4 12
 11 10  9  5  3  7 15  4  8  2 14  6 12 13  1
  3  4  2 11  6 10 13 12 14  1 15  5  8  7  9
  7 14  6 15 13  4 11 10  1  9  8 12  2  3  5
  8  5 15 12  1  2  6  3  9  7 13  4 14 10 11
  1 13 12  8 14  9  5  7  2 10 11  3  4  6 15
