  2 14  6 13  3 10  4  7 11  9  8  1 12  5 15
  5  3  8  2 15  4 10 14 12 11  6  7  9 13  1
  7  9 15  8 14  1  3  5  6 10 12 13 11  4  2
 13  1 12  5  7 11  2  8  9  3  4 15 10  6 14
  4 10 11  6  9 12  1 13 15 14  2  5  7  8  3
  8 13  9 15  4  7 14  1 10  6 11  2  3 12  5
 10  7  3 14 13  2 15  4  8 12  5  9  6  1 11
 11  2  1  9  6  8 13 12  5 15 10  3 14  7  4
 15  5 14 10 12  3  6 11  7  1 13  4  2  9  8
 12  6  4 11  1  5  9  2  3  8  7 14 15 10 13
 14 12 10  4  2  9  8 15  1  5  3  6 13 11  7
  1 11  7 12  8 14  5  6  2 13 15 10  4  3  9
  6 15  5  7 10 13 11  3  4  2  9  8  1 14 12
  3  4  2  1  5  6 12  9 13  7 14 11  8 15 10
  9  8 13  3 11 15  7 10 14  4  1 12  5  2  6
