0.03604120000090916
0.025142399994365405
0.012122000000090338
0.029325100003916305
0.007936300004075747
0.009696399996755645
0.022629800005233847
0.10957000000053085
0.06027690000337316
0.04134459999477258
0.02266840000083903
0.14880470000207424
0.010587099997792393
0.12786409999534953
0.24255629999970552
0.05809430000226712
0.01212699999450706
0.055395399998815265
0.018279600000823848
0.01406719999795314
0.008190800006559584
0.01646749999781605
0.05081780000182334
0.040282500005559996
0.019964499995694496
0.03436140000121668
0.038822299997264054
0.11720819999754895
0.0030555999983334914
0.06949880000320263
0.02769139999873005
0.23245280000264756
0.0050248000043211505
0.023411599999235477
0.006389599999238271
0.055411800000001676
0.6190168000030098
0.03111170000192942
0.051378800002567004
0.009587599997757934
0.02433589999418473
0.005904600002395455
0.03801009999733651
0.07545100000425009
0.01205360000312794
0.16975190000084694
0.03101569999853382
0.0907599999991362
0.0372332999977516
0.014957799998228438
0.022286500003247056
0.056251800000609364
0.005073100001027342
0.035204699997848365
0.19748580000305083
0.025763899997400586
0.056057400004647207
0.015839799998502713
0.010267699995893054
0.027370700001483783
0.06267880000086734
0.013790599994536024
0.004833699997107033
0.0031702999986009672
0.02972770000633318
0.07521750000159955
0.0148025999951642
0.09776160000183154
0.004245700001774821
0.008135199997923337
0.006984100000408944
0.0074471999978413805
0.09322689999680733
0.022889100000611506
0.013073500005702954
0.05646619999606628
0.012011399994662497
0.06000060000224039
0.20793079999566544
0.005620600000838749
0.020963599999959115
0.003660499998659361
0.005219200000283308
0.047609000001102686
0.016781099999207072
0.09985510000115028
0.013764299998001661
0.016612600004009437
0.4814159000015934
0.3490310999986832
0.008484899997711182
0.1754700999954366
0.022038000002794433
0.15400270000100136
0.012691500000073574
0.02321769999980461
0.005371300001570489
0.10993160000361968
0.21244640000077197
0.16705589999764925
0.07789950000005774
