 12 15  7  8  3 11  9  1  6  2  5 10 13 14 16  4
  2 14  5 11  9  1 10  7  4  6 13 16  3 15 12  8
 11  9  1  4  2  3 13  5  8  7  6 14 12 16 10 15
  5 11  2  9 12  8 16 13 15  4  1  6 10  3  7 14
  3 12 11  5 16 14  7  8  2 15 10 13  1  9  4  6
 13 10  4  7 15 16  6 14 11 12  2  5  9  8  3  1
  9  7 16  2  6 13 12 11  1  8  4 15 14 10  5  3
  8 13 12 15 11  7  4  2 14  5  3  1 16  6  9 10
 10  3  9  6  1 15  2 16 13 11 12  8  5  4 14  7
 15  8  3 16  7  2  5  9 10 13 14  4  6 11  1 12
  1  6 15 14 10  4 11  3  7 16  8 12  2  5 13  9
 14  1  8  3  5 12 15 10 16  9  7  2  4 13  6 11
 16  5 13  1  8  6 14  4 12 10  9  3 11  7 15  2
  7  2 10 13  4  5  1  6  3 14 15  9  8 12 11 16
  4 16  6 10 14  9  8 12  5  3 11  7 15  1  2 13
  6  4 14 12 13 10  3 15  9  1 16 11  7  2  8  5
