  2  3 18  6  7 11  4  1 15 17 16  5 10  8 12 13 14  9
 12  8  6  9 13 18  7 11  2  3 17 16 14 15  4  1 10  5
  5  1  9 13 15  3  6  8 12  7  2 14  4 18 10 16 11 17
  8  6  1 10  4 15 18  9 14  5 12 11  3 13 17  2  7 16
 10 11  3 15  6 13  1  7  5 12  4  9 16 14  8 18 17  2
  6  5  8  1  3 12 16  2 11 13  9 15 17 10 18  7  4 14
 18  9 17  8  1  6  5 14  3 11 10  2 12  7 15  4 16 13
 17 18  5 12  8  1 13 10  4  2 14  6 11 16  9 15  3  7
 15 16 14 18  2  5  3 13  1 10  7 12  6 17 11  9  8  4
  4 14  7 17 18  2 12  3 16  9  5 10 15  1 13 11  6  8
 16  2 13  3 11  8 14  6 18  1 15  7  9  4  5 17 12 10
 13 10 12  5 16  7 17 18  6 14 11  4  8  9  1  3  2 15
 14  4 16  7 17  9  8 12 13 18  6  3  1  5  2 10 15 11
  1 12 11 16  5 17  2  4 10 15  3  8 13  6  7 14  9 18
  9 13 10 11 14 16 15  5 17  4  8  1  7  2  6 12 18  3
 11 17  2 14  9  4 10 15  7  6  1 13 18  3 16  8  5 12
  3  7 15  4 12 10  9 17  8 16 13 18  2 11 14  5  1  6
  7 15  4  2 10 14 11 16  9  8 18 17  5 12  3  6 13  1
