  2 13 16  8  3 17  7 10  4  6  5  1 11 18 14 15 12  9
  1  8  4  6 15  2 17  5 18 14 13  7  3  9 16 12 10 11
  6 17  8 18  9 11 16 14  3  5 15 13  4 12  2  7  1 10
 14  1  2 13 11 12  9  6 10  7 17 18 16  4  3  5  8 15
 18  2  1 11 13  3  6 15 17 10  7  5 12 16  8 14  9  4
  8  5 13  1 18  7  3 12  9  4 11 15 14  2 10 16 17  6
  9  4  7 17  8  1 11 13  2 18 16  3  6 15  5 10 14 12
 12 10 15  4  1  8  5  3  6 16 14  2 13 11 18  9  7 17
 15  9  5 14 16 13  1  7 12  8  3 17 18 10  4 11  6  2
 13 15 18 12 14  6  4 17  5  3  1 16 10  8  9  2 11  7
 11  6 14  2 12  9  8  4  7 17 18 10  5  3 13  1 15 16
  3 18  9 15  5 16 13  8 14  2 10 11  7  6 12 17  4  1
  5 14 10 16  4 15 18  1  8 13 12  9 17  7 11  6  2  3
  4  3 12  5  2 18 10 16 11 15  9  6  1 17  7  8 13 14
 10  7  3  9 17 14 15  2 13 11  6 12  8  5  1  4 16 18
  7 11  6  3 10  5 14  9 16 12  2  4 15  1 17 13 18  8
 16 12 17 10  7  4  2 11 15  1  8 14  9 13  6 18  3  5
 17 16 11  7  6 10 12 18  1  9  4  8  2 14 15  3  5 13
