  4  2 11 18 12 14  6  7 15 17  5 16 13  9  8 10  3  1
  6 18 15  8 17  2 14  9 16  7 10 11 12  3  1 13  5  4
  8 12 13  6 15  4  2 17 11 14  1  3  5 10 16  9  7 18
  5 14  1 11 16  7  8  3 10  9 13 12 17 18  4 15  6  2
 17 10 16  5  9  3 18 13  1  4  8 15  7  2  6 12 11 14
  9  3  7 10 13  1 12  4  5  6 18  2 11 14 15 16 17  8
  1 17 12  4 11 10 13  6  9 16  7  8 14  5 18  3  2 15
 11  9  6  3 18 16  5 12  4 10 17  1  2 15 13 14  8  7
 15  8  5 17  1 12 11 18 14 13  2  6 16  7  3  4 10  9
  3 13 10  7  5 15 17 16  2 12  9 14  8  4 11 18  1  6
  2  4 18  9 14 13 10  8  7 15  3  5  6  1 12 11 16 17
 16  7 14  2  6  8  1 15  3 18 11  4 10 17  9  5 13 12
 10  6  4  1  2 17 15  5 13 11 14 18  9 16  7  8 12  3
  7 16 17 15 10  6  4  1  8  5 12  9  3 11 14  2 18 13
 13  1  3 16  7 11  9 14  6  8  4 10 18 12  2 17 15  5
 14 15  9 12  8  5  3 11 18  2  6 17  1 13 10  7  4 16
 18  5  2 13  3  9 16 10 12  1 15  7  4  8 17  6 14 11
 12 11  8 14  4 18  7  2 17  3 16 13 15  6  5  1  9 10
