  2  9  5  6 11  8 10 12  7 13  3  4  1
  6  8  9  4  2 13  5  1  3  7 11 10 12
 11  5 12  2  4  3 13  7  1  9  6  8 10
  1  2  6 12  5  4  8  9 11  3 10 13  7
  4 11 13  5  6 10  3  8 12  2  7  1  9
  9  1 11  8 10  6  7  5 13  4 12  3  2
 10 13  2  1  8  9  4  3  6 12  5  7 11
 12 10  1 11  9  7  6 13  5  8  4  2  3
  7  6  4  9  3  5  1 10  8 11  2 12 13
  8  7 10  3  1  2 12  4  9  5 13 11  6
  3  4  7 10 13 12  9 11  2  1  8  6  5
  5 12  3 13  7 11  2  6  4 10  1  9  8
 13  3  8  7 12  1 11  2 10  6  9  5  4
