  5  3 13  1  9 11 10  4  8  6  2  7 12
  2  6  7  5  3  4 11 12  1  8 10  9 13
  4  2 10 12 13  9  6  3  5  7  8  1 11
  6  5  3 13 12  7  8 11 10  2  1  4  9
  3  8  5  2  6  1 13  7 11  4  9 12 10
  1 12 11  6  8  3  7 13  9 10  4  2  5
 13  4  1  7  5  6  9 10  2 11 12  8  3
 11  1  4 10  7  5 12  2  3  9 13  6  8
 10 11 12  3  4  8  5  9  7  1  6 13  2
  9 13  8  4  1  2  3  5  6 12 11 10  7
  7  9  2  8 10 13  4  1 12  3  5 11  6
  8 10  9 11  2 12  1  6 13  5  7  3  4
 12  7  6  9 11 10  2  8  4 13  3  5  1
