 14  3  6 10 12  1  5 16 13  7 15 11  4  8  2  9
 13  1  8  5  6  4  2 11 16  9 10 14  7 15  3 12
  2  9  4 11  3 13 15  7  1  5 12  8 16 10 14  6
 16 15 12  7  8 10 14  9  4  3  6  2 13  1 11  5
  4  5  1  9 14  3  8 12  7 10  2 16 15  6 13 11
 11 13 16  2  5  9  7 15  3 14  1  6 10 12  8  4
  6 10 15  8 11  2  1 13  9 12  5  4  3  7 16 14
  3 14  7 12  4  6 16 10 11 13  8 15  5  2  9  1
 12  8  5 15  9 16  4  1  2 11  7 10 14 13  6  3
 10  4 14 13  2 12  3  5 15  6  9  1 11 16  7  8
  7  6 11 16 10 15 13  8 14  4  3 12  9  5  1  2
  1  2  9  3  7 11  6 14  5  8 16 13 12  4 15 10
 15 16 10  1 13  8 11  3 12  2  4  9  6 14  5  7
  9 11 13  4 15  5 10  2  6  1 14  7  8  3 12 16
  8 12  3 14  1  7  9  6 10 16 13  5  2 11  4 15
  5  7  2  6 16 14 12  4  8 15 11  3  1  9 10 13
