 23 24 27 21 26 22 25 20 19 35 32 29 34 36 30 33 28 31 45 41 44 39 38 43 37 40 42 52 48 49 53 51 50 54 47 46 57 62 56 59 55 63 58 61 60 69 72 66 68 64 65 70 71 67 73 81 75 80 74 77 76 78 79 85 87 88 82 86 89 84 90 83  4  6  5  9  7  8  3  2  1 15 11 18 16 14 10 12 13 17
 32 33 36 30 35 31 34 29 28 44 41 38 43 45 39 42 37 40 54 50 53 48 47 52 46 49 51 61 57 58 62 60 59 63 56 55 66 71 65 68 64 72 67 70 69 78 81 75 77 73 74 79 80 76 82 90 84 89 83 86 85 87 88  4  6  7  1  5  8  3  9  2 13 15 14 18 16 17 12 11 10 24 20 27 25 23 19 21 22 26
 77 78 81 75 80 76 79 74 73 89 86 83 88 90 84 87 82 85  9  5  8  3  2  7  1  4  6 16 12 13 17 15 14 18 11 10 21 26 20 23 19 27 22 25 24 33 36 30 32 28 29 34 35 31 37 45 39 44 38 41 40 42 43 49 51 52 46 50 53 48 54 47 58 60 59 63 61 62 57 56 55 69 65 72 70 68 64 66 67 71
 68 69 72 66 71 67 70 65 64 80 77 74 79 81 75 78 73 76 90 86 89 84 83 88 82 85 87  7  3  4  8  6  5  9  2  1 12 17 11 14 10 18 13 16 15 24 27 21 23 19 20 25 26 22 28 36 30 35 29 32 31 33 34 40 42 43 37 41 44 39 45 38 49 51 50 54 52 53 48 47 46 60 56 63 61 59 55 57 58 62
 41 42 45 39 44 40 43 38 37 53 50 47 52 54 48 51 46 49 63 59 62 57 56 61 55 58 60 70 66 67 71 69 68 72 65 64 75 80 74 77 73 81 76 79 78 87 90 84 86 82 83 88 89 85  1  9  3  8  2  5  4  6  7 13 15 16 10 14 17 12 18 11 22 24 23 27 25 26 21 20 19 33 29 36 34 32 28 30 31 35
 14 15 18 12 17 13 16 11 10 26 23 20 25 27 21 24 19 22 36 32 35 30 29 34 28 31 33 43 39 40 44 42 41 45 38 37 48 53 47 50 46 54 49 52 51 60 63 57 59 55 56 61 62 58 64 72 66 71 65 68 67 69 70 76 78 79 73 77 80 75 81 74 85 87 86 90 88 89 84 83 82  6  2  9  7  5  1  3  4  8
 50 51 54 48 53 49 52 47 46 62 59 56 61 63 57 60 55 58 72 68 71 66 65 70 64 67 69 79 75 76 80 78 77 81 74 73 84 89 83 86 82 90 85 88 87  6  9  3  5  1  2  7  8  4 10 18 12 17 11 14 13 15 16 22 24 25 19 23 26 21 27 20 31 33 32 36 34 35 30 29 28 42 38 45 43 41 37 39 40 44
 59 60 63 57 62 58 61 56 55 71 68 65 70 72 66 69 64 67 81 77 80 75 74 79 73 76 78 88 84 85 89 87 86 90 83 82  3  8  2  5  1  9  4  7  6 15 18 12 14 10 11 16 17 13 19 27 21 26 20 23 22 24 25 31 33 34 28 32 35 30 36 29 40 42 41 45 43 44 39 38 37 51 47 54 52 50 46 48 49 53
 86 87 90 84 89 85 88 83 82  8  5  2  7  9  3  6  1  4 18 14 17 12 11 16 10 13 15 25 21 22 26 24 23 27 20 19 30 35 29 32 28 36 31 34 33 42 45 39 41 37 38 43 44 40 46 54 48 53 47 50 49 51 52 58 60 61 55 59 62 57 63 56 67 69 68 72 70 71 66 65 64 78 74 81 79 77 73 75 76 80
  5  6  9  3  8  4  7  2  1 17 14 11 16 18 12 15 10 13 27 23 26 21 20 25 19 22 24 34 30 31 35 33 32 36 29 28 39 44 38 41 37 45 40 43 42 51 54 48 50 46 47 52 53 49 55 63 57 62 56 59 58 60 61 67 69 70 64 68 71 66 72 65 76 78 77 81 79 80 75 74 73 87 83 90 88 86 82 84 85 89
 78 79 73 76 81 77 80 75 74 90 87 84 89 82 85 88 83 86  1  6  9  4  3  8  2  5  7 17 13 14 18 16 15 10 12 11 22 27 21 24 20 19 23 26 25 34 28 31 33 29 30 35 36 32 38 37 40 45 39 42 41 43 44 50 52 53 47 51 54 49 46 48 59 61 60 55 62 63 58 57 56 70 66 64 71 69 65 67 68 72
 42 43 37 40 45 41 44 39 38 54 51 48 53 46 49 52 47 50 55 60 63 58 57 62 56 59 61 71 67 68 72 70 69 64 66 65 76 81 75 78 74 73 77 80 79 88 82 85 87 83 84 89 90 86  2  1  4  9  3  6  5  7  8 14 16 17 11 15 18 13 10 12 23 25 24 19 26 27 22 21 20 34 30 28 35 33 29 31 32 36
 33 34 28 31 36 32 35 30 29 45 42 39 44 37 40 43 38 41 46 51 54 49 48 53 47 50 52 62 58 59 63 61 60 55 57 56 67 72 66 69 65 64 68 71 70 79 73 76 78 74 75 80 81 77 83 82 85 90 84 87 86 88 89  5  7  8  2  6  9  4  1  3 14 16 15 10 17 18 13 12 11 25 21 19 26 24 20 22 23 27
 15 16 10 13 18 14 17 12 11 27 24 21 26 19 22 25 20 23 28 33 36 31 30 35 29 32 34 44 40 41 45 43 42 37 39 38 49 54 48 51 47 46 50 53 52 61 55 58 60 56 57 62 63 59 65 64 67 72 66 69 68 70 71 77 79 80 74 78 81 76 73 75 86 88 87 82 89 90 85 84 83  7  3  1  8  6  2  4  5  9
 87 88 82 85 90 86 89 84 83  9  6  3  8  1  4  7  2  5 10 15 18 13 12 17 11 14 16 26 22 23 27 25 24 19 21 20 31 36 30 33 29 28 32 35 34 43 37 40 42 38 39 44 45 41 47 46 49 54 48 51 50 52 53 59 61 62 56 60 63 58 55 57 68 70 69 64 71 72 67 66 65 79 75 73 80 78 74 76 77 81
 60 61 55 58 63 59 62 57 56 72 69 66 71 64 67 70 65 68 73 78 81 76 75 80 74 77 79 89 85 86 90 88 87 82 84 83  4  9  3  6  2  1  5  8  7 16 10 13 15 11 12 17 18 14 20 19 22 27 21 24 23 25 26 32 34 35 29 33 36 31 28 30 41 43 42 37 44 45 40 39 38 52 48 46 53 51 47 49 50 54
  6  7  1  4  9  5  8  3  2 18 15 12 17 10 13 16 11 14 19 24 27 22 21 26 20 23 25 35 31 32 36 34 33 28 30 29 40 45 39 42 38 37 41 44 43 52 46 49 51 47 48 53 54 50 56 55 58 63 57 60 59 61 62 68 70 71 65 69 72 67 64 66 77 79 78 73 80 81 76 75 74 88 84 82 89 87 83 85 86 90
 69 70 64 67 72 68 71 66 65 81 78 75 80 73 76 79 74 77 82 87 90 85 84 89 83 86 88  8  4  5  9  7  6  1  3  2 13 18 12 15 11 10 14 17 16 25 19 22 24 20 21 26 27 23 29 28 31 36 30 33 32 34 35 41 43 44 38 42 45 40 37 39 50 52 51 46 53 54 49 48 47 61 57 55 62 60 56 58 59 63
 51 52 46 49 54 50 53 48 47 63 60 57 62 55 58 61 56 59 64 69 72 67 66 71 65 68 70 80 76 77 81 79 78 73 75 74 85 90 84 87 83 82 86 89 88  7  1  4  6  2  3  8  9  5 11 10 13 18 12 15 14 16 17 23 25 26 20 24 27 22 19 21 32 34 33 28 35 36 31 30 29 43 39 37 44 42 38 40 41 45
 24 25 19 22 27 23 26 21 20 36 33 30 35 28 31 34 29 32 37 42 45 40 39 44 38 41 43 53 49 50 54 52 51 46 48 47 58 63 57 60 56 55 59 62 61 70 64 67 69 65 66 71 72 68 74 73 76 81 75 78 77 79 80 86 88 89 83 87 90 85 82 84  5  7  6  1  8  9  4  3  2 16 12 10 17 15 11 13 14 18
 52 53 47 50 46 51 54 49 48 55 61 58 63 56 59 62 57 60 65 70 64 68 67 72 66 69 71 81 77 78 73 80 79 74 76 75 86 82 85 88 84 83 87 90 89  8  2  5  7  3  4  9  1  6 12 11 14 10 13 16 15 17 18 24 26 27 21 25 19 23 20 22 33 35 34 29 36 28 32 31 30 44 40 38 45 43 39 41 42 37
 79 80 74 77 73 78 81 76 75 82 88 85 90 83 86 89 84 87  2  7  1  5  4  9  3  6  8 18 14 15 10 17 16 11 13 12 23 19 22 25 21 20 24 27 26 35 29 32 34 30 31 36 28 33 39 38 41 37 40 43 42 44 45 51 53 54 48 52 46 50 47 49 60 62 61 56 63 55 59 58 57 71 67 65 72 70 66 68 69 64
 43 44 38 41 37 42 45 40 39 46 52 49 54 47 50 53 48 51 56 61 55 59 58 63 57 60 62 72 68 69 64 71 70 65 67 66 77 73 76 79 75 74 78 81 80 89 83 86 88 84 85 90 82 87  3  2  5  1  4  7  6  8  9 15 17 18 12 16 10 14 11 13 24 26 25 20 27 19 23 22 21 35 31 29 36 34 30 32 33 28
 34 35 29 32 28 33 36 31 30 37 43 40 45 38 41 44 39 42 47 52 46 50 49 54 48 51 53 63 59 60 55 62 61 56 58 57 68 64 67 70 66 65 69 72 71 80 74 77 79 75 76 81 73 78 84 83 86 82 85 88 87 89 90  6  8  9  3  7  1  5  2  4 15 17 16 11 18 10 14 13 12 26 22 20 27 25 21 23 24 19
 16 17 11 14 10 15 18 13 12 19 25 22 27 20 23 26 21 24 29 34 28 32 31 36 30 33 35 45 41 42 37 44 43 38 40 39 50 46 49 52 48 47 51 54 53 62 56 59 61 57 58 63 55 60 66 65 68 64 67 70 69 71 72 78 80 81 75 79 73 77 74 76 87 89 88 83 90 82 86 85 84  8  4  2  9  7  3  5  6  1
  7  8  2  5  1  6  9  4  3 10 16 13 18 11 14 17 12 15 20 25 19 23 22 27 21 24 26 36 32 33 28 35 34 29 31 30 41 37 40 43 39 38 42 45 44 53 47 50 52 48 49 54 46 51 57 56 59 55 58 61 60 62 63 69 71 72 66 70 64 68 65 67 78 80 79 74 81 73 77 76 75 89 85 83 90 88 84 86 87 82
 61 62 56 59 55 60 63 58 57 64 70 67 72 65 68 71 66 69 74 79 73 77 76 81 75 78 80 90 86 87 82 89 88 83 85 84  5  1  4  7  3  2  6  9  8 17 11 14 16 12 13 18 10 15 21 20 23 19 22 25 24 26 27 33 35 36 30 34 28 32 29 31 42 44 43 38 45 37 41 40 39 53 49 47 54 52 48 50 51 46
 88 89 83 86 82 87 90 85 84  1  7  4  9  2  5  8  3  6 11 16 10 14 13 18 12 15 17 27 23 24 19 26 25 20 22 21 32 28 31 34 30 29 33 36 35 44 38 41 43 39 40 45 37 42 48 47 50 46 49 52 51 53 54 60 62 63 57 61 55 59 56 58 69 71 70 65 72 64 68 67 66 80 76 74 81 79 75 77 78 73
 25 26 20 23 19 24 27 22 21 28 34 31 36 29 32 35 30 33 38 43 37 41 40 45 39 42 44 54 50 51 46 53 52 47 49 48 59 55 58 61 57 56 60 63 62 71 65 68 70 66 67 72 64 69 75 74 77 73 76 79 78 80 81 87 89 90 84 88 82 86 83 85  6  8  7  2  9  1  5  4  3 17 13 11 18 16 12 14 15 10
 70 71 65 68 64 69 72 67 66 73 79 76 81 74 77 80 75 78 83 88 82 86 85 90 84 87 89  9  5  6  1  8  7  2  4  3 14 10 13 16 12 11 15 18 17 26 20 23 25 21 22 27 19 24 30 29 32 28 31 34 33 35 36 42 44 45 39 43 37 41 38 40 51 53 52 47 54 46 50 49 48 62 58 56 63 61 57 59 60 55
 26 27 21 24 20 25 19 23 22 29 35 32 28 30 33 36 31 34 39 44 38 42 41 37 40 43 45 46 51 52 47 54 53 48 50 49 60 56 59 62 58 57 61 55 63 72 66 69 71 67 68 64 65 70 76 75 78 74 77 80 79 81 73 88 90 82 85 89 83 87 84 86  7  9  8  3  1  2  6  5  4 18 14 12 10 17 13 15 16 11
 44 45 39 42 38 43 37 41 40 47 53 50 46 48 51 54 49 52 57 62 56 60 59 55 58 61 63 64 69 70 65 72 71 66 68 67 78 74 77 80 76 75 79 73 81 90 84 87 89 85 86 82 83 88  4  3  6  2  5  8  7  9  1 16 18 10 13 17 11 15 12 14 25 27 26 21 19 20 24 23 22 36 32 30 28 35 31 33 34 29
 35 36 30 33 29 34 28 32 31 38 44 41 37 39 42 45 40 43 48 53 47 51 50 46 49 52 54 55 60 61 56 63 62 57 59 58 69 65 68 71 67 66 70 64 72 81 75 78 80 76 77 73 74 79 85 84 87 83 86 89 88 90 82  7  9  1  4  8  2  6  3  5 16 18 17 12 10 11 15 14 13 27 23 21 19 26 22 24 25 20
 89 90 84 87 83 88 82 86 85  2  8  5  1  3  6  9  4  7 12 17 11 15 14 10 13 16 18 19 24 25 20 27 26 21 23 22 33 29 32 35 31 30 34 28 36 45 39 42 44 40 41 37 38 43 49 48 51 47 50 53 52 54 46 61 63 55 58 62 56 60 57 59 70 72 71 66 64 65 69 68 67 81 77 75 73 80 76 78 79 74
 53 54 48 51 47 52 46 50 49 56 62 59 55 57 60 63 58 61 66 71 65 69 68 64 67 70 72 73 78 79 74 81 80 75 77 76 87 83 86 89 85 84 88 82 90  9  3  6  8  4  5  1  2  7 13 12 15 11 14 17 16 18 10 25 27 19 22 26 20 24 21 23 34 36 35 30 28 29 33 32 31 45 41 39 37 44 40 42 43 38
  8  9  3  6  2  7  1  5  4 11 17 14 10 12 15 18 13 16 21 26 20 24 23 19 22 25 27 28 33 34 29 36 35 30 32 31 42 38 41 44 40 39 43 37 45 54 48 51 53 49 50 46 47 52 58 57 60 56 59 62 61 63 55 70 72 64 67 71 65 69 66 68 79 81 80 75 73 74 78 77 76 90 86 84 82 89 85 87 88 83
 62 63 57 60 56 61 55 59 58 65 71 68 64 66 69 72 67 70 75 80 74 78 77 73 76 79 81 82 87 88 83 90 89 84 86 85  6  2  5  8  4  3  7  1  9 18 12 15 17 13 14 10 11 16 22 21 24 20 23 26 25 27 19 34 36 28 31 35 29 33 30 32 43 45 44 39 37 38 42 41 40 54 50 48 46 53 49 51 52 47
 71 72 66 69 65 70 64 68 67 74 80 77 73 75 78 81 76 79 84 89 83 87 86 82 85 88 90  1  6  7  2  9  8  3  5  4 15 11 14 17 13 12 16 10 18 27 21 24 26 22 23 19 20 25 31 30 33 29 32 35 34 36 28 43 45 37 40 44 38 42 39 41 52 54 53 48 46 47 51 50 49 63 59 57 55 62 58 60 61 56
 80 81 75 78 74 79 73 77 76 83 89 86 82 84 87 90 85 88  3  8  2  6  5  1  4  7  9 10 15 16 11 18 17 12 14 13 24 20 23 26 22 21 25 19 27 36 30 33 35 31 32 28 29 34 40 39 42 38 41 44 43 45 37 52 54 46 49 53 47 51 48 50 61 63 62 57 55 56 60 59 58 72 68 66 64 71 67 69 70 65
 17 18 12 15 11 16 10 14 13 20 26 23 19 21 24 27 22 25 30 35 29 33 32 28 31 34 36 37 42 43 38 45 44 39 41 40 51 47 50 53 49 48 52 46 54 63 57 60 62 58 59 55 56 61 67 66 69 65 68 71 70 72 64 79 81 73 76 80 74 78 75 77 88 90 89 84 82 83 87 86 85  9  5  3  1  8  4  6  7  2
 81 73 76 79 75 80 74 78 77 84 90 87 83 85 88 82 86 89  4  9  3  7  6  2  5  8  1 11 16 17 12 10 18 13 15 14 25 21 24 27 23 22 26 20 19 28 31 34 36 32 33 29 30 35 41 40 43 39 42 45 44 37 38 53 46 47 50 54 48 52 49 51 62 55 63 58 56 57 61 60 59 64 69 67 65 72 68 70 71 66
 18 10 13 16 12 17 11 15 14 21 27 24 20 22 25 19 23 26 31 36 30 34 33 29 32 35 28 38 43 44 39 37 45 40 42 41 52 48 51 54 50 49 53 47 46 55 58 61 63 59 60 56 57 62 68 67 70 66 69 72 71 64 65 80 73 74 77 81 75 79 76 78 89 82 90 85 83 84 88 87 86  1  6  4  2  9  5  7  8  3
 45 37 40 43 39 44 38 42 41 48 54 51 47 49 52 46 50 53 58 63 57 61 60 56 59 62 55 65 70 71 66 64 72 67 69 68 79 75 78 81 77 76 80 74 73 82 85 88 90 86 87 83 84 89  5  4  7  3  6  9  8  1  2 17 10 11 14 18 12 16 13 15 26 19 27 22 20 21 25 24 23 28 33 31 29 36 32 34 35 30
 36 28 31 34 30 35 29 33 32 39 45 42 38 40 43 37 41 44 49 54 48 52 51 47 50 53 46 56 61 62 57 55 63 58 60 59 70 66 69 72 68 67 71 65 64 73 76 79 81 77 78 74 75 80 86 85 88 84 87 90 89 82 83  8  1  2  5  9  3  7  4  6 17 10 18 13 11 12 16 15 14 19 24 22 20 27 23 25 26 21
 63 55 58 61 57 62 56 60 59 66 72 69 65 67 70 64 68 71 76 81 75 79 78 74 77 80 73 83 88 89 84 82 90 85 87 86  7  3  6  9  5  4  8  2  1 10 13 16 18 14 15 11 12 17 23 22 25 21 24 27 26 19 20 35 28 29 32 36 30 34 31 33 44 37 45 40 38 39 43 42 41 46 51 49 47 54 50 52 53 48
 90 82 85 88 84 89 83 87 86  3  9  6  2  4  7  1  5  8 13 18 12 16 15 11 14 17 10 20 25 26 21 19 27 22 24 23 34 30 33 36 32 31 35 29 28 37 40 43 45 41 42 38 39 44 50 49 52 48 51 54 53 46 47 62 55 56 59 63 57 61 58 60 71 64 72 67 65 66 70 69 68 73 78 76 74 81 77 79 80 75
 27 19 22 25 21 26 20 24 23 30 36 33 29 31 34 28 32 35 40 45 39 43 42 38 41 44 37 47 52 53 48 46 54 49 51 50 61 57 60 63 59 58 62 56 55 64 67 70 72 68 69 65 66 71 77 76 79 75 78 81 80 73 74 89 82 83 86 90 84 88 85 87  8  1  9  4  2  3  7  6  5 10 15 13 11 18 14 16 17 12
  9  1  4  7  3  8  2  6  5 12 18 15 11 13 16 10 14 17 22 27 21 25 24 20 23 26 19 29 34 35 30 28 36 31 33 32 43 39 42 45 41 40 44 38 37 46 49 52 54 50 51 47 48 53 59 58 61 57 60 63 62 55 56 71 64 65 68 72 66 70 67 69 80 73 81 76 74 75 79 78 77 82 87 85 83 90 86 88 89 84
 72 64 67 70 66 71 65 69 68 75 81 78 74 76 79 73 77 80 85 90 84 88 87 83 86 89 82  2  7  8  3  1  9  4  6  5 16 12 15 18 14 13 17 11 10 19 22 25 27 23 24 20 21 26 32 31 34 30 33 36 35 28 29 44 37 38 41 45 39 43 40 42 53 46 54 49 47 48 52 51 50 55 60 58 56 63 59 61 62 57
 54 46 49 52 48 53 47 51 50 57 63 60 56 58 61 55 59 62 67 72 66 70 69 65 68 71 64 74 79 80 75 73 81 76 78 77 88 84 87 90 86 85 89 83 82  1  4  7  9  5  6  2  3  8 14 13 16 12 15 18 17 10 11 26 19 20 23 27 21 25 22 24 35 28 36 31 29 30 34 33 32 37 42 40 38 45 41 43 44 39
  1  2  5  8  4  9  3  7  6 13 10 16 12 14 17 11 15 18 23 19 22 26 25 21 24 27 20 30 35 36 31 29 28 32 34 33 44 40 43 37 42 41 45 39 38 47 50 53 46 51 52 48 49 54 60 59 62 58 61 55 63 56 57 72 65 66 69 64 67 71 68 70 81 74 73 77 75 76 80 79 78 83 88 86 84 82 87 89 90 85
 10 11 14 17 13 18 12 16 15 22 19 25 21 23 26 20 24 27 32 28 31 35 34 30 33 36 29 39 44 45 40 38 37 41 43 42 53 49 52 46 51 50 54 48 47 56 59 62 55 60 61 57 58 63 69 68 71 67 70 64 72 65 66 81 74 75 78 73 76 80 77 79 90 83 82 86 84 85 89 88 87  2  7  5  3  1  6  8  9  4
 55 56 59 62 58 63 57 61 60 67 64 70 66 68 71 65 69 72 77 73 76 80 79 75 78 81 74 84 89 90 85 83 82 86 88 87  8  4  7  1  6  5  9  3  2 11 14 17 10 15 16 12 13 18 24 23 26 22 25 19 27 20 21 36 29 30 33 28 31 35 32 34 45 38 37 41 39 40 44 43 42 47 52 50 48 46 51 53 54 49
 19 20 23 26 22 27 21 25 24 31 28 34 30 32 35 29 33 36 41 37 40 44 43 39 42 45 38 48 53 54 49 47 46 50 52 51 62 58 61 55 60 59 63 57 56 65 68 71 64 69 70 66 67 72 78 77 80 76 79 73 81 74 75 90 83 84 87 82 85 89 86 88  9  2  1  5  3  4  8  7  6 11 16 14 12 10 15 17 18 13
 28 29 32 35 31 36 30 34 33 40 37 43 39 41 44 38 42 45 50 46 49 53 52 48 51 54 47 57 62 63 58 56 55 59 61 60 71 67 70 64 69 68 72 66 65 74 77 80 73 78 79 75 76 81 87 86 89 85 88 82 90 83 84  9  2  3  6  1  4  8  5  7 18 11 10 14 12 13 17 16 15 20 25 23 21 19 24 26 27 22
 73 74 77 80 76 81 75 79 78 85 82 88 84 86 89 83 87 90  5  1  4  8  7  3  6  9  2 12 17 18 13 11 10 14 16 15 26 22 25 19 24 23 27 21 20 29 32 35 28 33 34 30 31 36 42 41 44 40 43 37 45 38 39 54 47 48 51 46 49 53 50 52 63 56 55 59 57 58 62 61 60 65 70 68 66 64 69 71 72 67
 64 65 68 71 67 72 66 70 69 76 73 79 75 77 80 74 78 81 86 82 85 89 88 84 87 90 83  3  8  9  4  2  1  5  7  6 17 13 16 10 15 14 18 12 11 20 23 26 19 24 25 21 22 27 33 32 35 31 34 28 36 29 30 45 38 39 42 37 40 44 41 43 54 47 46 50 48 49 53 52 51 56 61 59 57 55 60 62 63 58
 82 83 86 89 85 90 84 88 87  4  1  7  3  5  8  2  6  9 14 10 13 17 16 12 15 18 11 21 26 27 22 20 19 23 25 24 35 31 34 28 33 32 36 30 29 38 41 44 37 42 43 39 40 45 51 50 53 49 52 46 54 47 48 63 56 57 60 55 58 62 59 61 72 65 64 68 66 67 71 70 69 74 79 77 75 73 78 80 81 76
 46 47 50 53 49 54 48 52 51 58 55 61 57 59 62 56 60 63 68 64 67 71 70 66 69 72 65 75 80 81 76 74 73 77 79 78 89 85 88 82 87 86 90 84 83  2  5  8  1  6  7  3  4  9 15 14 17 13 16 10 18 11 12 27 20 21 24 19 22 26 23 25 36 29 28 32 30 31 35 34 33 38 43 41 39 37 42 44 45 40
 37 38 41 44 40 45 39 43 42 49 46 52 48 50 53 47 51 54 59 55 58 62 61 57 60 63 56 66 71 72 67 65 64 68 70 69 80 76 79 73 78 77 81 75 74 83 86 89 82 87 88 84 85 90  6  5  8  4  7  1  9  2  3 18 11 12 15 10 13 17 14 16 27 20 19 23 21 22 26 25 24 29 34 32 30 28 33 35 36 31
  2  3  6  9  5  1  4  8  7 14 11 17 13 15 18 12 16 10 24 20 23 27 26 22 25 19 21 31 36 28 32 30 29 33 35 34 45 41 44 38 43 42 37 40 39 48 51 54 47 52 53 49 50 46 61 60 63 59 62 56 55 57 58 64 66 67 70 65 68 72 69 71 73 75 74 78 76 77 81 80 79 84 89 87 85 83 88 90 82 86
 20 21 24 27 23 19 22 26 25 32 29 35 31 33 36 30 34 28 42 38 41 45 44 40 43 37 39 49 54 46 50 48 47 51 53 52 63 59 62 56 61 60 55 58 57 66 69 72 65 70 71 67 68 64 79 78 81 77 80 74 73 75 76 82 84 85 88 83 86 90 87 89  1  3  2  6  4  5  9  8  7 12 17 15 13 11 16 18 10 14
 74 75 78 81 77 73 76 80 79 86 83 89 85 87 90 84 88 82  6  2  5  9  8  4  7  1  3 13 18 10 14 12 11 15 17 16 27 23 26 20 25 24 19 22 21 30 33 36 29 34 35 31 32 28 43 42 45 41 44 38 37 39 40 46 48 49 52 47 50 54 51 53 55 57 56 60 58 59 63 62 61 66 71 69 67 65 70 72 64 68
 65 66 69 72 68 64 67 71 70 77 74 80 76 78 81 75 79 73 87 83 86 90 89 85 88 82 84  4  9  1  5  3  2  6  8  7 18 14 17 11 16 15 10 13 12 21 24 27 20 25 26 22 23 19 34 33 36 32 35 29 28 30 31 37 39 40 43 38 41 45 42 44 46 48 47 51 49 50 54 53 52 57 62 60 58 56 61 63 55 59
 29 30 33 36 32 28 31 35 34 41 38 44 40 42 45 39 43 37 51 47 50 54 53 49 52 46 48 58 63 55 59 57 56 60 62 61 72 68 71 65 70 69 64 67 66 75 78 81 74 79 80 76 77 73 88 87 90 86 89 83 82 84 85  1  3  4  7  2  5  9  6  8 10 12 11 15 13 14 18 17 16 21 26 24 22 20 25 27 19 23
 83 84 87 90 86 82 85 89 88  5  2  8  4  6  9  3  7  1 15 11 14 18 17 13 16 10 12 22 27 19 23 21 20 24 26 25 36 32 35 29 34 33 28 31 30 39 42 45 38 43 44 40 41 37 52 51 54 50 53 47 46 48 49 55 57 58 61 56 59 63 60 62 64 66 65 69 67 68 72 71 70 75 80 78 76 74 79 81 73 77
 38 39 42 45 41 37 40 44 43 50 47 53 49 51 54 48 52 46 60 56 59 63 62 58 61 55 57 67 72 64 68 66 65 69 71 70 81 77 80 74 79 78 73 76 75 84 87 90 83 88 89 85 86 82  7  6  9  5  8  2  1  3  4 10 12 13 16 11 14 18 15 17 19 21 20 24 22 23 27 26 25 30 35 33 31 29 34 36 28 32
 47 48 51 54 50 46 49 53 52 59 56 62 58 60 63 57 61 55 69 65 68 72 71 67 70 64 66 76 81 73 77 75 74 78 80 79 90 86 89 83 88 87 82 85 84  3  6  9  2  7  8  4  5  1 16 15 18 14 17 11 10 12 13 19 21 22 25 20 23 27 24 26 28 30 29 33 31 32 36 35 34 39 44 42 40 38 43 45 37 41
 56 57 60 63 59 55 58 62 61 68 65 71 67 69 72 66 70 64 78 74 77 81 80 76 79 73 75 85 90 82 86 84 83 87 89 88  9  5  8  2  7  6  1  4  3 12 15 18 11 16 17 13 14 10 25 24 27 23 26 20 19 21 22 28 30 31 34 29 32 36 33 35 37 39 38 42 40 41 45 44 43 48 53 51 49 47 52 54 46 50
 11 12 15 18 14 10 13 17 16 23 20 26 22 24 27 21 25 19 33 29 32 36 35 31 34 28 30 40 45 37 41 39 38 42 44 43 54 50 53 47 52 51 46 49 48 57 60 63 56 61 62 58 59 55 70 69 72 68 71 65 64 66 67 73 75 76 79 74 77 81 78 80 82 84 83 87 85 86 90 89 88  3  8  6  4  2  7  9  1  5
 30 31 34 28 33 29 32 36 35 42 39 45 41 43 37 40 44 38 52 48 51 46 54 50 53 47 49 59 55 56 60 58 57 61 63 62 64 69 72 66 71 70 65 68 67 76 79 73 75 80 81 77 78 74 89 88 82 87 90 84 83 85 86  2  4  5  8  3  6  1  7  9 11 13 12 16 14 15 10 18 17 22 27 25 23 21 26 19 20 24
 75 76 79 73 78 74 77 81 80 87 84 90 86 88 82 85 89 83  7  3  6  1  9  5  8  2  4 14 10 11 15 13 12 16 18 17 19 24 27 21 26 25 20 23 22 31 34 28 30 35 36 32 33 29 44 43 37 42 45 39 38 40 41 47 49 50 53 48 51 46 52 54 56 58 57 61 59 60 55 63 62 67 72 70 68 66 71 64 65 69
 21 22 25 19 24 20 23 27 26 33 30 36 32 34 28 31 35 29 43 39 42 37 45 41 44 38 40 50 46 47 51 49 48 52 54 53 55 60 63 57 62 61 56 59 58 67 70 64 66 71 72 68 69 65 80 79 73 78 81 75 74 76 77 83 85 86 89 84 87 82 88 90  2  4  3  7  5  6  1  9  8 13 18 16 14 12 17 10 11 15
 39 40 43 37 42 38 41 45 44 51 48 54 50 52 46 49 53 47 61 57 60 55 63 59 62 56 58 68 64 65 69 67 66 70 72 71 73 78 81 75 80 79 74 77 76 85 88 82 84 89 90 86 87 83  8  7  1  6  9  3  2  4  5 11 13 14 17 12 15 10 16 18 20 22 21 25 23 24 19 27 26 31 36 34 32 30 35 28 29 33
 57 58 61 55 60 56 59 63 62 69 66 72 68 70 64 67 71 65 79 75 78 73 81 77 80 74 76 86 82 83 87 85 84 88 90 89  1  6  9  3  8  7  2  5  4 13 16 10 12 17 18 14 15 11 26 25 19 24 27 21 20 22 23 29 31 32 35 30 33 28 34 36 38 40 39 43 41 42 37 45 44 49 54 52 50 48 53 46 47 51
  3  4  7  1  6  2  5  9  8 15 12 18 14 16 10 13 17 11 25 21 24 19 27 23 26 20 22 32 28 29 33 31 30 34 36 35 37 42 45 39 44 43 38 41 40 49 52 46 48 53 54 50 51 47 62 61 55 60 63 57 56 58 59 65 67 68 71 66 69 64 70 72 74 76 75 79 77 78 73 81 80 85 90 88 86 84 89 82 83 87
 12 13 16 10 15 11 14 18 17 24 21 27 23 25 19 22 26 20 34 30 33 28 36 32 35 29 31 41 37 38 42 40 39 43 45 44 46 51 54 48 53 52 47 50 49 58 61 55 57 62 63 59 60 56 71 70 64 69 72 66 65 67 68 74 76 77 80 75 78 73 79 81 83 85 84 88 86 87 82 90 89  4  9  7  5  3  8  1  2  6
 48 49 52 46 51 47 50 54 53 60 57 63 59 61 55 58 62 56 70 66 69 64 72 68 71 65 67 77 73 74 78 76 75 79 81 80 82 87 90 84 89 88 83 86 85  4  7  1  3  8  9  5  6  2 17 16 10 15 18 12 11 13 14 20 22 23 26 21 24 19 25 27 29 31 30 34 32 33 28 36 35 40 45 43 41 39 44 37 38 42
 84 85 88 82 87 83 86 90 89  6  3  9  5  7  1  4  8  2 16 12 15 10 18 14 17 11 13 23 19 20 24 22 21 25 27 26 28 33 36 30 35 34 29 32 31 40 43 37 39 44 45 41 42 38 53 52 46 51 54 48 47 49 50 56 58 59 62 57 60 55 61 63 65 67 66 70 68 69 64 72 71 76 81 79 77 75 80 73 74 78
 66 67 70 64 69 65 68 72 71 78 75 81 77 79 73 76 80 74 88 84 87 82 90 86 89 83 85  5  1  2  6  4  3  7  9  8 10 15 18 12 17 16 11 14 13 22 25 19 21 26 27 23 24 20 35 34 28 33 36 30 29 31 32 38 40 41 44 39 42 37 43 45 47 49 48 52 50 51 46 54 53 58 63 61 59 57 62 55 56 60
 31 32 35 29 34 30 33 28 36 43 40 37 42 44 38 41 45 39 53 49 52 47 46 51 54 48 50 60 56 57 61 59 58 62 55 63 65 70 64 67 72 71 66 69 68 77 80 74 76 81 73 78 79 75 90 89 83 88 82 85 84 86 87  3  5  6  9  4  7  2  8  1 12 14 13 17 15 16 11 10 18 23 19 26 24 22 27 20 21 25
 49 50 53 47 52 48 51 46 54 61 58 55 60 62 56 59 63 57 71 67 70 65 64 69 72 66 68 78 74 75 79 77 76 80 73 81 83 88 82 85 90 89 84 87 86  5  8  2  4  9  1  6  7  3 18 17 11 16 10 13 12 14 15 21 23 24 27 22 25 20 26 19 30 32 31 35 33 34 29 28 36 41 37 44 42 40 45 38 39 43
 76 77 80 74 79 75 78 73 81 88 85 82 87 89 83 86 90 84  8  4  7  2  1  6  9  3  5 15 11 12 16 14 13 17 10 18 20 25 19 22 27 26 21 24 23 32 35 29 31 36 28 33 34 30 45 44 38 43 37 40 39 41 42 48 50 51 54 49 52 47 53 46 57 59 58 62 60 61 56 55 63 68 64 71 69 67 72 65 66 70
 85 86 89 83 88 84 87 82 90  7  4  1  6  8  2  5  9  3 17 13 16 11 10 15 18 12 14 24 20 21 25 23 22 26 19 27 29 34 28 31 36 35 30 33 32 41 44 38 40 45 37 42 43 39 54 53 47 52 46 49 48 50 51 57 59 60 63 58 61 56 62 55 66 68 67 71 69 70 65 64 72 77 73 80 78 76 81 74 75 79
 40 41 44 38 43 39 42 37 45 52 49 46 51 53 47 50 54 48 62 58 61 56 55 60 63 57 59 69 65 66 70 68 67 71 64 72 74 79 73 76 81 80 75 78 77 86 89 83 85 90 82 87 88 84  9  8  2  7  1  4  3  5  6 12 14 15 18 13 16 11 17 10 21 23 22 26 24 25 20 19 27 32 28 35 33 31 36 29 30 34
 22 23 26 20 25 21 24 19 27 34 31 28 33 35 29 32 36 30 44 40 43 38 37 42 45 39 41 51 47 48 52 50 49 53 46 54 56 61 55 58 63 62 57 60 59 68 71 65 67 72 64 69 70 66 81 80 74 79 73 76 75 77 78 84 86 87 90 85 88 83 89 82  3  5  4  8  6  7  2  1  9 14 10 17 15 13 18 11 12 16
  4  5  8  2  7  3  6  1  9 16 13 10 15 17 11 14 18 12 26 22 25 20 19 24 27 21 23 33 29 30 34 32 31 35 28 36 38 43 37 40 45 44 39 42 41 50 53 47 49 54 46 51 52 48 63 62 56 61 55 58 57 59 60 66 68 69 72 67 70 65 71 64 75 77 76 80 78 79 74 73 81 86 82 89 87 85 90 83 84 88
 13 14 17 11 16 12 15 10 18 25 22 19 24 26 20 23 27 21 35 31 34 29 28 33 36 30 32 42 38 39 43 41 40 44 37 45 47 52 46 49 54 53 48 51 50 59 62 56 58 63 55 60 61 57 72 71 65 70 64 67 66 68 69 75 77 78 81 76 79 74 80 73 84 86 85 89 87 88 83 82 90  5  1  8  6  4  9  2  3  7
 67 68 71 65 70 66 69 64 72 79 76 73 78 80 74 77 81 75 89 85 88 83 82 87 90 84 86  6  2  3  7  5  4  8  1  9 11 16 10 13 18 17 12 15 14 23 26 20 22 27 19 24 25 21 36 35 29 34 28 31 30 32 33 39 41 42 45 40 43 38 44 37 48 50 49 53 51 52 47 46 54 59 55 62 60 58 63 56 57 61
 58 59 62 56 61 57 60 55 63 70 67 64 69 71 65 68 72 66 80 76 79 74 73 78 81 75 77 87 83 84 88 86 85 89 82 90  2  7  1  4  9  8  3  6  5 14 17 11 13 18 10 15 16 12 27 26 20 25 19 22 21 23 24 30 32 33 36 31 34 29 35 28 39 41 40 44 42 43 38 37 45 50 46 53 51 49 54 47 48 52
