 16 17 11 12 13 18 10 15 14 22 21 23 20 26 25 19 24 27 29 34 35 36 31 32 30 28 33 43 45 42 37 38 44 41 39 40 50 47 53 49 52 54 46 48 51 63 55 62 57 59 61 58 60 56 68 64 67 66 70 65 72 71 69 81 73 79 74 75 78 77 80 76 86 82 89 87 83 85 84 88 90  8  7  5  9  4  2  3  1  6
 79 80 74 75 76 81 73 78 77 85 84 86 83 89 88 82 87 90  2  7  8  9  4  5  3  1  6 16 18 15 10 11 17 14 12 13 23 20 26 22 25 27 19 21 24 36 28 35 30 32 34 31 33 29 41 37 40 39 43 38 45 44 42 54 46 52 47 48 51 50 53 49 59 55 62 60 56 58 57 61 63 71 70 68 72 67 65 66 64 69
 61 62 56 57 58 63 55 60 59 67 66 68 65 71 70 64 69 72 74 79 80 81 76 77 75 73 78 88 90 87 82 83 89 86 84 85  5  2  8  4  7  9  1  3  6 18 10 17 12 14 16 13 15 11 23 19 22 21 25 20 27 26 24 36 28 34 29 30 33 32 35 31 41 37 44 42 38 40 39 43 45 53 52 50 54 49 47 48 46 51
 43 44 38 39 40 45 37 42 41 49 48 50 47 53 52 46 51 54 56 61 62 63 58 59 57 55 60 70 72 69 64 65 71 68 66 67 77 74 80 76 79 81 73 75 78 90 82 89 84 86 88 85 87 83  5  1  4  3  7  2  9  8  6 18 10 16 11 12 15 14 17 13 23 19 26 24 20 22 21 25 27 35 34 32 36 31 29 30 28 33
 52 53 47 48 49 54 46 51 50 58 57 59 56 62 61 55 60 63 65 70 71 72 67 68 66 64 69 79 81 78 73 74 80 77 75 76 86 83 89 85 88 90 82 84 87  9  1  8  3  5  7  4  6  2 14 10 13 12 16 11 18 17 15 27 19 25 20 21 24 23 26 22 32 28 35 33 29 31 30 34 36 44 43 41 45 40 38 39 37 42
 25 26 20 21 22 27 19 24 23 31 30 32 29 35 34 28 33 36 38 43 44 45 40 41 39 37 42 52 54 51 46 47 53 50 48 49 59 56 62 58 61 63 55 57 60 72 64 71 66 68 70 67 69 65 77 73 76 75 79 74 81 80 78 90 82 88 83 84 87 86 89 85  5  1  8  6  2  4  3  7  9 17 16 14 18 13 11 12 10 15
  7  8  2  3  4  9  1  6  5 13 12 14 11 17 16 10 15 18 20 25 26 27 22 23 21 19 24 34 36 33 28 29 35 32 30 31 41 38 44 40 43 45 37 39 42 54 46 53 48 50 52 49 51 47 59 55 58 57 61 56 63 62 60 72 64 70 65 66 69 68 71 67 77 73 80 78 74 76 75 79 81 89 88 86 90 85 83 84 82 87
 34 35 29 30 31 36 28 33 32 40 39 41 38 44 43 37 42 45 47 52 53 54 49 50 48 46 51 61 63 60 55 56 62 59 57 58 68 65 71 67 70 72 64 66 69 81 73 80 75 77 79 76 78 74 86 82 85 84 88 83 90 89 87  9  1  7  2  3  6  5  8  4 14 10 17 15 11 13 12 16 18 26 25 23 27 22 20 21 19 24
 88 89 83 84 85 90 82 87 86  4  3  5  2  8  7  1  6  9 11 16 17 18 13 14 12 10 15 25 27 24 19 20 26 23 21 22 32 29 35 31 34 36 28 30 33 45 37 44 39 41 43 40 42 38 50 46 49 48 52 47 54 53 51 63 55 61 56 57 60 59 62 58 68 64 71 69 65 67 66 70 72 80 79 77 81 76 74 75 73 78
 70 71 65 66 67 72 64 69 68 76 75 77 74 80 79 73 78 81 83 88 89 90 85 86 84 82 87  7  9  6  1  2  8  5  3  4 14 11 17 13 16 18 10 12 15 27 19 26 21 23 25 22 24 20 32 28 31 30 34 29 36 35 33 45 37 43 38 39 42 41 44 40 50 46 53 51 47 49 48 52 54 62 61 59 63 58 56 57 55 60
 89 90 84 85 86 82 83 88 87  5  4  6  3  9  8  2  7  1 12 17 18 10 14 15 13 11 16 26 19 25 20 21 27 24 22 23 33 30 36 32 35 28 29 31 34 37 38 45 40 42 44 41 43 39 51 47 50 49 53 48 46 54 52 55 56 62 57 58 61 60 63 59 69 65 72 70 66 68 67 71 64 81 80 78 73 77 75 76 74 79
 17 18 12 13 14 10 11 16 15 23 22 24 21 27 26 20 25 19 30 35 36 28 32 33 31 29 34 44 37 43 38 39 45 42 40 41 51 48 54 50 53 46 47 49 52 55 56 63 58 60 62 59 61 57 69 65 68 67 71 66 64 72 70 73 74 80 75 76 79 78 81 77 87 83 90 88 84 86 85 89 82  9  8  6  1  5  3  4  2  7
 35 36 30 31 32 28 29 34 33 41 40 42 39 45 44 38 43 37 48 53 54 46 50 51 49 47 52 62 55 61 56 57 63 60 58 59 69 66 72 68 71 64 65 67 70 73 74 81 76 78 80 77 79 75 87 83 86 85 89 84 82 90 88  1  2  8  3  4  7  6  9  5 15 11 18 16 12 14 13 17 10 27 26 24 19 23 21 22 20 25
 26 27 21 22 23 19 20 25 24 32 31 33 30 36 35 29 34 28 39 44 45 37 41 42 40 38 43 53 46 52 47 48 54 51 49 50 60 57 63 59 62 55 56 58 61 64 65 72 67 69 71 68 70 66 78 74 77 76 80 75 73 81 79 82 83 89 84 85 88 87 90 86  6  2  9  7  3  5  4  8  1 18 17 15 10 14 12 13 11 16
 53 54 48 49 50 46 47 52 51 59 58 60 57 63 62 56 61 55 66 71 72 64 68 69 67 65 70 80 73 79 74 75 81 78 76 77 87 84 90 86 89 82 83 85 88  1  2  9  4  6  8  5  7  3 15 11 14 13 17 12 10 18 16 19 20 26 21 22 25 24 27 23 33 29 36 34 30 32 31 35 28 45 44 42 37 41 39 40 38 43
  8  9  3  4  5  1  2  7  6 14 13 15 12 18 17 11 16 10 21 26 27 19 23 24 22 20 25 35 28 34 29 30 36 33 31 32 42 39 45 41 44 37 38 40 43 46 47 54 49 51 53 50 52 48 60 56 59 58 62 57 55 63 61 64 65 71 66 67 70 69 72 68 78 74 81 79 75 77 76 80 73 90 89 87 82 86 84 85 83 88
 71 72 66 67 68 64 65 70 69 77 76 78 75 81 80 74 79 73 84 89 90 82 86 87 85 83 88  8  1  7  2  3  9  6  4  5 15 12 18 14 17 10 11 13 16 19 20 27 22 24 26 23 25 21 33 29 32 31 35 30 28 36 34 37 38 44 39 40 43 42 45 41 51 47 54 52 48 50 49 53 46 63 62 60 55 59 57 58 56 61
 80 81 75 76 77 73 74 79 78 86 85 87 84 90 89 83 88 82  3  8  9  1  5  6  4  2  7 17 10 16 11 12 18 15 13 14 24 21 27 23 26 19 20 22 25 28 29 36 31 33 35 32 34 30 42 38 41 40 44 39 37 45 43 46 47 53 48 49 52 51 54 50 60 56 63 61 57 59 58 62 55 72 71 69 64 68 66 67 65 70
 44 45 39 40 41 37 38 43 42 50 49 51 48 54 53 47 52 46 57 62 63 55 59 60 58 56 61 71 64 70 65 66 72 69 67 68 78 75 81 77 80 73 74 76 79 82 83 90 85 87 89 86 88 84  6  2  5  4  8  3  1  9  7 10 11 17 12 13 16 15 18 14 24 20 27 25 21 23 22 26 19 36 35 33 28 32 30 31 29 34
 62 63 57 58 59 55 56 61 60 68 67 69 66 72 71 65 70 64 75 80 81 73 77 78 76 74 79 89 82 88 83 84 90 87 85 86  6  3  9  5  8  1  2  4  7 10 11 18 13 15 17 14 16 12 24 20 23 22 26 21 19 27 25 28 29 35 30 31 34 33 36 32 42 38 45 43 39 41 40 44 37 54 53 51 46 50 48 49 47 52
 18 10 13 14 15 11 12 17 16 24 23 25 22 19 27 21 26 20 31 36 28 29 33 34 32 30 35 45 38 44 39 40 37 43 41 42 52 49 46 51 54 47 48 50 53 56 57 55 59 61 63 60 62 58 70 66 69 68 72 67 65 64 71 74 75 81 76 77 80 79 73 78 88 84 82 89 85 87 86 90 83  1  9  7  2  6  4  5  3  8
 45 37 40 41 42 38 39 44 43 51 50 52 49 46 54 48 53 47 58 63 55 56 60 61 59 57 62 72 65 71 66 67 64 70 68 69 79 76 73 78 81 74 75 77 80 83 84 82 86 88 90 87 89 85  7  3  6  5  9  4  2  1  8 11 12 18 13 14 17 16 10 15 25 21 19 26 22 24 23 27 20 28 36 34 29 33 31 32 30 35
 36 28 31 32 33 29 30 35 34 42 41 43 40 37 45 39 44 38 49 54 46 47 51 52 50 48 53 63 56 62 57 58 55 61 59 60 70 67 64 69 72 65 66 68 71 74 75 73 77 79 81 78 80 76 88 84 87 86 90 85 83 82 89  2  3  9  4  5  8  7  1  6 16 12 10 17 13 15 14 18 11 19 27 25 20 24 22 23 21 26
 54 46 49 50 51 47 48 53 52 60 59 61 58 55 63 57 62 56 67 72 64 65 69 70 68 66 71 81 74 80 75 76 73 79 77 78 88 85 82 87 90 83 84 86 89  2  3  1  5  7  9  6  8  4 16 12 15 14 18 13 11 10 17 20 21 27 22 23 26 25 19 24 34 30 28 35 31 33 32 36 29 37 45 43 38 42 40 41 39 44
 63 55 58 59 60 56 57 62 61 69 68 70 67 64 72 66 71 65 76 81 73 74 78 79 77 75 80 90 83 89 84 85 82 88 86 87  7  4  1  6  9  2  3  5  8 11 12 10 14 16 18 15 17 13 25 21 24 23 27 22 20 19 26 29 30 36 31 32 35 34 28 33 43 39 37 44 40 42 41 45 38 46 54 52 47 51 49 50 48 53
 81 73 76 77 78 74 75 80 79 87 86 88 85 82 90 84 89 83  4  9  1  2  6  7  5  3  8 18 11 17 12 13 10 16 14 15 25 22 19 24 27 20 21 23 26 29 30 28 32 34 36 33 35 31 43 39 42 41 45 40 38 37 44 47 48 54 49 50 53 52 46 51 61 57 55 62 58 60 59 63 56 64 72 70 65 69 67 68 66 71
 72 64 67 68 69 65 66 71 70 78 77 79 76 73 81 75 80 74 85 90 82 83 87 88 86 84 89  9  2  8  3  4  1  7  5  6 16 13 10 15 18 11 12 14 17 20 21 19 23 25 27 24 26 22 34 30 33 32 36 31 29 28 35 38 39 45 40 41 44 43 37 42 52 48 46 53 49 51 50 54 47 55 63 61 56 60 58 59 57 62
 27 19 22 23 24 20 21 26 25 33 32 34 31 28 36 30 35 29 40 45 37 38 42 43 41 39 44 54 47 53 48 49 46 52 50 51 61 58 55 60 63 56 57 59 62 65 66 64 68 70 72 69 71 67 79 75 78 77 81 76 74 73 80 83 84 90 85 86 89 88 82 87  7  3  1  8  4  6  5  9  2 10 18 16 11 15 13 14 12 17
  9  1  4  5  6  2  3  8  7 15 14 16 13 10 18 12 17 11 22 27 19 20 24 25 23 21 26 36 29 35 30 31 28 34 32 33 43 40 37 42 45 38 39 41 44 47 48 46 50 52 54 51 53 49 61 57 60 59 63 58 56 55 62 65 66 72 67 68 71 70 64 69 79 75 73 80 76 78 77 81 74 82 90 88 83 87 85 86 84 89
 90 82 85 86 87 83 84 89 88  6  5  7  4  1  9  3  8  2 13 18 10 11 15 16 14 12 17 27 20 26 21 22 19 25 23 24 34 31 28 33 36 29 30 32 35 38 39 37 41 43 45 42 44 40 52 48 51 50 54 49 47 46 53 56 57 63 58 59 62 61 55 60 70 66 64 71 67 69 68 72 65 73 81 79 74 78 76 77 75 80
 55 56 59 60 61 57 58 63 62 70 69 71 68 65 64 67 72 66 77 73 74 75 79 80 78 76 81 82 84 90 85 86 83 89 87 88  8  5  2  7  1  3  4  6  9 12 13 11 15 17 10 16 18 14 26 22 25 24 19 23 21 20 27 30 31 28 32 33 36 35 29 34 44 40 38 45 41 43 42 37 39 47 46 53 48 52 50 51 49 54
 37 38 41 42 43 39 40 45 44 52 51 53 50 47 46 49 54 48 59 55 56 57 61 62 60 58 63 64 66 72 67 68 65 71 69 70 80 77 74 79 73 75 76 78 81 84 85 83 87 89 82 88 90 86  8  4  7  6  1  5  3  2  9 12 13 10 14 15 18 17 11 16 26 22 20 27 23 25 24 19 21 29 28 35 30 34 32 33 31 36
 82 83 86 87 88 84 85 90 89  7  6  8  5  2  1  4  9  3 14 10 11 12 16 17 15 13 18 19 21 27 22 23 20 26 24 25 35 32 29 34 28 30 31 33 36 39 40 38 42 44 37 43 45 41 53 49 52 51 46 50 48 47 54 57 58 55 59 60 63 62 56 61 71 67 65 72 68 70 69 64 66 74 73 80 75 79 77 78 76 81
 28 29 32 33 34 30 31 36 35 43 42 44 41 38 37 40 45 39 50 46 47 48 52 53 51 49 54 55 57 63 58 59 56 62 60 61 71 68 65 70 64 66 67 69 72 75 76 74 78 80 73 79 81 77 89 85 88 87 82 86 84 83 90  3  4  1  5  6  9  8  2  7 17 13 11 18 14 16 15 10 12 20 19 26 21 25 23 24 22 27
 10 11 14 15 16 12 13 18 17 25 24 26 23 20 19 22 27 21 32 28 29 30 34 35 33 31 36 37 39 45 40 41 38 44 42 43 53 50 47 52 46 48 49 51 54 57 58 56 60 62 55 61 63 59 71 67 70 69 64 68 66 65 72 75 76 73 77 78 81 80 74 79 89 85 83 90 86 88 87 82 84  2  1  8  3  7  5  6  4  9
 73 74 77 78 79 75 76 81 80 88 87 89 86 83 82 85 90 84  5  1  2  3  7  8  6  4  9 10 12 18 13 14 11 17 15 16 26 23 20 25 19 21 22 24 27 30 31 29 33 35 28 34 36 32 44 40 43 42 37 41 39 38 45 48 49 46 50 51 54 53 47 52 62 58 56 63 59 61 60 55 57 65 64 71 66 70 68 69 67 72
 64 65 68 69 70 66 67 72 71 79 78 80 77 74 73 76 81 75 86 82 83 84 88 89 87 85 90  1  3  9  4  5  2  8  6  7 17 14 11 16 10 12 13 15 18 21 22 20 24 26 19 25 27 23 35 31 34 33 28 32 30 29 36 39 40 37 41 42 45 44 38 43 53 49 47 54 50 52 51 46 48 56 55 62 57 61 59 60 58 63
  1  2  5  6  7  3  4  9  8 16 15 17 14 11 10 13 18 12 23 19 20 21 25 26 24 22 27 28 30 36 31 32 29 35 33 34 44 41 38 43 37 39 40 42 45 48 49 47 51 53 46 52 54 50 62 58 61 60 55 59 57 56 63 66 67 64 68 69 72 71 65 70 80 76 74 81 77 79 78 73 75 83 82 89 84 88 86 87 85 90
 46 47 50 51 52 48 49 54 53 61 60 62 59 56 55 58 63 57 68 64 65 66 70 71 69 67 72 73 75 81 76 77 74 80 78 79 89 86 83 88 82 84 85 87 90  3  4  2  6  8  1  7  9  5 17 13 16 15 10 14 12 11 18 21 22 19 23 24 27 26 20 25 35 31 29 36 32 34 33 28 30 38 37 44 39 43 41 42 40 45
 19 20 23 24 25 21 22 27 26 34 33 35 32 29 28 31 36 30 41 37 38 39 43 44 42 40 45 46 48 54 49 50 47 53 51 52 62 59 56 61 55 57 58 60 63 66 67 65 69 71 64 70 72 68 80 76 79 78 73 77 75 74 81 84 85 82 86 87 90 89 83 88  8  4  2  9  5  7  6  1  3 11 10 17 12 16 14 15 13 18
 56 57 60 61 62 58 59 55 63 71 70 72 69 66 65 68 64 67 78 74 75 76 80 81 79 77 73 83 85 82 86 87 84 90 88 89  9  6  3  8  2  4  5  7  1 13 14 12 16 18 11 17 10 15 27 23 26 25 20 24 22 21 19 31 32 29 33 34 28 36 30 35 45 41 39 37 42 44 43 38 40 48 47 54 49 53 51 52 50 46
 11 12 15 16 17 13 14 10 18 26 25 27 24 21 20 23 19 22 33 29 30 31 35 36 34 32 28 38 40 37 41 42 39 45 43 44 54 51 48 53 47 49 50 52 46 58 59 57 61 63 56 62 55 60 72 68 71 70 65 69 67 66 64 76 77 74 78 79 73 81 75 80 90 86 84 82 87 89 88 83 85  3  2  9  4  8  6  7  5  1
 20 21 24 25 26 22 23 19 27 35 34 36 33 30 29 32 28 31 42 38 39 40 44 45 43 41 37 47 49 46 50 51 48 54 52 53 63 60 57 62 56 58 59 61 55 67 68 66 70 72 65 71 64 69 81 77 80 79 74 78 76 75 73 85 86 83 87 88 82 90 84 89  9  5  3  1  6  8  7  2  4 12 11 18 13 17 15 16 14 10
 83 84 87 88 89 85 86 82 90  8  7  9  6  3  2  5  1  4 15 11 12 13 17 18 16 14 10 20 22 19 23 24 21 27 25 26 36 33 30 35 29 31 32 34 28 40 41 39 43 45 38 44 37 42 54 50 53 52 47 51 49 48 46 58 59 56 60 61 55 63 57 62 72 68 66 64 69 71 70 65 67 75 74 81 76 80 78 79 77 73
 47 48 51 52 53 49 50 46 54 62 61 63 60 57 56 59 55 58 69 65 66 67 71 72 70 68 64 74 76 73 77 78 75 81 79 80 90 87 84 89 83 85 86 88 82  4  5  3  7  9  2  8  1  6 18 14 17 16 11 15 13 12 10 22 23 20 24 25 19 27 21 26 36 32 30 28 33 35 34 29 31 39 38 45 40 44 42 43 41 37
 74 75 78 79 80 76 77 73 81 89 88 90 87 84 83 86 82 85  6  2  3  4  8  9  7  5  1 11 13 10 14 15 12 18 16 17 27 24 21 26 20 22 23 25 19 31 32 30 34 36 29 35 28 33 45 41 44 43 38 42 40 39 37 49 50 47 51 52 46 54 48 53 63 59 57 55 60 62 61 56 58 66 65 72 67 71 69 70 68 64
 65 66 69 70 71 67 68 64 72 80 79 81 78 75 74 77 73 76 87 83 84 85 89 90 88 86 82  2  4  1  5  6  3  9  7  8 18 15 12 17 11 13 14 16 10 22 23 21 25 27 20 26 19 24 36 32 35 34 29 33 31 30 28 40 41 38 42 43 37 45 39 44 54 50 48 46 51 53 52 47 49 57 56 63 58 62 60 61 59 55
 29 30 33 34 35 31 32 28 36 44 43 45 42 39 38 41 37 40 51 47 48 49 53 54 52 50 46 56 58 55 59 60 57 63 61 62 72 69 66 71 65 67 68 70 64 76 77 75 79 81 74 80 73 78 90 86 89 88 83 87 85 84 82  4  5  2  6  7  1  9  3  8 18 14 12 10 15 17 16 11 13 21 20 27 22 26 24 25 23 19
 38 39 42 43 44 40 41 37 45 53 52 54 51 48 47 50 46 49 60 56 57 58 62 63 61 59 55 65 67 64 68 69 66 72 70 71 81 78 75 80 74 76 77 79 73 85 86 84 88 90 83 89 82 87  9  5  8  7  2  6  4  3  1 13 14 11 15 16 10 18 12 17 27 23 21 19 24 26 25 20 22 30 29 36 31 35 33 34 32 28
  2  3  6  7  8  4  5  1  9 17 16 18 15 12 11 14 10 13 24 20 21 22 26 27 25 23 19 29 31 28 32 33 30 36 34 35 45 42 39 44 38 40 41 43 37 49 50 48 52 54 47 53 46 51 63 59 62 61 56 60 58 57 55 67 68 65 69 70 64 72 66 71 81 77 75 73 78 80 79 74 76 84 83 90 85 89 87 88 86 82
 48 49 52 53 54 50 51 47 46 63 62 55 61 58 57 60 56 59 70 66 67 68 72 64 71 69 65 75 77 74 78 79 76 73 80 81 82 88 85 90 84 86 87 89 83  5  6  4  8  1  3  9  2  7 10 15 18 17 12 16 14 13 11 23 24 21 25 26 20 19 22 27 28 33 31 29 34 36 35 30 32 40 39 37 41 45 43 44 42 38
 84 85 88 89 90 86 87 83 82  9  8  1  7  4  3  6  2  5 16 12 13 14 18 10 17 15 11 21 23 20 24 25 22 19 26 27 28 34 31 36 30 32 33 35 29 41 42 40 44 37 39 45 38 43 46 51 54 53 48 52 50 49 47 59 60 57 61 62 56 55 58 63 64 69 67 65 70 72 71 66 68 76 75 73 77 81 79 80 78 74
 75 76 79 80 81 77 78 74 73 90 89 82 88 85 84 87 83 86  7  3  4  5  9  1  8  6  2 12 14 11 15 16 13 10 17 18 19 25 22 27 21 23 24 26 20 32 33 31 35 28 30 36 29 34 37 42 45 44 39 43 41 40 38 50 51 48 52 53 47 46 49 54 55 60 58 56 61 63 62 57 59 67 66 64 68 72 70 71 69 65
 12 13 16 17 18 14 15 11 10 27 26 19 25 22 21 24 20 23 34 30 31 32 36 28 35 33 29 39 41 38 42 43 40 37 44 45 46 52 49 54 48 50 51 53 47 59 60 58 62 55 57 63 56 61 64 69 72 71 66 70 68 67 65 77 78 75 79 80 74 73 76 81 82 87 85 83 88 90 89 84 86  4  3  1  5  9  7  8  6  2
 57 58 61 62 63 59 60 56 55 72 71 64 70 67 66 69 65 68 79 75 76 77 81 73 80 78 74 84 86 83 87 88 85 82 89 90  1  7  4  9  3  5  6  8  2 14 15 13 17 10 12 18 11 16 19 24 27 26 21 25 23 22 20 32 33 30 34 35 29 28 31 36 37 42 40 38 43 45 44 39 41 49 48 46 50 54 52 53 51 47
  3  4  7  8  9  5  6  2  1 18 17 10 16 13 12 15 11 14 25 21 22 23 27 19 26 24 20 30 32 29 33 34 31 28 35 36 37 43 40 45 39 41 42 44 38 50 51 49 53 46 48 54 47 52 55 60 63 62 57 61 59 58 56 68 69 66 70 71 65 64 67 72 73 78 76 74 79 81 80 75 77 85 84 82 86 90 88 89 87 83
 39 40 43 44 45 41 42 38 37 54 53 46 52 49 48 51 47 50 61 57 58 59 63 55 62 60 56 66 68 65 69 70 67 64 71 72 73 79 76 81 75 77 78 80 74 86 87 85 89 82 84 90 83 88  1  6  9  8  3  7  5  4  2 14 15 12 16 17 11 10 13 18 19 24 22 20 25 27 26 21 23 31 30 28 32 36 34 35 33 29
 66 67 70 71 72 68 69 65 64 81 80 73 79 76 75 78 74 77 88 84 85 86 90 82 89 87 83  3  5  2  6  7  4  1  8  9 10 16 13 18 12 14 15 17 11 23 24 22 26 19 21 27 20 25 28 33 36 35 30 34 32 31 29 41 42 39 43 44 38 37 40 45 46 51 49 47 52 54 53 48 50 58 57 55 59 63 61 62 60 56
 21 22 25 26 27 23 24 20 19 36 35 28 34 31 30 33 29 32 43 39 40 41 45 37 44 42 38 48 50 47 51 52 49 46 53 54 55 61 58 63 57 59 60 62 56 68 69 67 71 64 66 72 65 70 73 78 81 80 75 79 77 76 74 86 87 84 88 89 83 82 85 90  1  6  4  2  7  9  8  3  5 13 12 10 14 18 16 17 15 11
 30 31 34 35 36 32 33 29 28 45 44 37 43 40 39 42 38 41 52 48 49 50 54 46 53 51 47 57 59 56 60 61 58 55 62 63 64 70 67 72 66 68 69 71 65 77 78 76 80 73 75 81 74 79 82 87 90 89 84 88 86 85 83  5  6  3  7  8  2  1  4  9 10 15 13 11 16 18 17 12 14 22 21 19 23 27 25 26 24 20
 67 68 71 72 64 69 70 66 65 73 81 74 80 77 76 79 75 78 89 85 86 87 82 83 90 88 84  4  6  3  7  8  5  2  9  1 11 17 14 10 13 15 16 18 12 24 25 23 27 20 22 19 21 26 29 34 28 36 31 35 33 32 30 42 43 40 44 45 39 38 41 37 47 52 50 48 53 46 54 49 51 59 58 56 60 55 62 63 61 57
 85 86 89 90 82 87 88 84 83  1  9  2  8  5  4  7  3  6 17 13 14 15 10 11 18 16 12 22 24 21 25 26 23 20 27 19 29 35 32 28 31 33 34 36 30 42 43 41 45 38 40 37 39 44 47 52 46 54 49 53 51 50 48 60 61 58 62 63 57 56 59 55 65 70 68 66 71 64 72 67 69 77 76 74 78 73 80 81 79 75
 49 50 53 54 46 51 52 48 47 55 63 56 62 59 58 61 57 60 71 67 68 69 64 65 72 70 66 76 78 75 79 80 77 74 81 73 83 89 86 82 85 87 88 90 84  6  7  5  9  2  4  1  3  8 11 16 10 18 13 17 15 14 12 24 25 22 26 27 21 20 23 19 29 34 32 30 35 28 36 31 33 41 40 38 42 37 44 45 43 39
  4  5  8  9  1  6  7  3  2 10 18 11 17 14 13 16 12 15 26 22 23 24 19 20 27 25 21 31 33 30 34 35 32 29 36 28 38 44 41 37 40 42 43 45 39 51 52 50 54 47 49 46 48 53 56 61 55 63 58 62 60 59 57 69 70 67 71 72 66 65 68 64 74 79 77 75 80 73 81 76 78 86 85 83 87 82 89 90 88 84
 31 32 35 36 28 33 34 30 29 37 45 38 44 41 40 43 39 42 53 49 50 51 46 47 54 52 48 58 60 57 61 62 59 56 63 55 65 71 68 64 67 69 70 72 66 78 79 77 81 74 76 73 75 80 83 88 82 90 85 89 87 86 84  6  7  4  8  9  3  2  5  1 11 16 14 12 17 10 18 13 15 23 22 20 24 19 26 27 25 21
 58 59 62 63 55 60 61 57 56 64 72 65 71 68 67 70 66 69 80 76 77 78 73 74 81 79 75 85 87 84 88 89 86 83 90 82  2  8  5  1  4  6  7  9  3 15 16 14 18 11 13 10 12 17 20 25 19 27 22 26 24 23 21 33 34 31 35 36 30 29 32 28 38 43 41 39 44 37 45 40 42 50 49 47 51 46 53 54 52 48
 13 14 17 18 10 15 16 12 11 19 27 20 26 23 22 25 21 24 35 31 32 33 28 29 36 34 30 40 42 39 43 44 41 38 45 37 47 53 50 46 49 51 52 54 48 60 61 59 63 56 58 55 57 62 65 70 64 72 67 71 69 68 66 78 79 76 80 81 75 74 77 73 83 88 86 84 89 82 90 85 87  5  4  2  6  1  8  9  7  3
 22 23 26 27 19 24 25 21 20 28 36 29 35 32 31 34 30 33 44 40 41 42 37 38 45 43 39 49 51 48 52 53 50 47 54 46 56 62 59 55 58 60 61 63 57 69 70 68 72 65 67 64 66 71 74 79 73 81 76 80 78 77 75 87 88 85 89 90 84 83 86 82  2  7  5  3  8  1  9  4  6 14 13 11 15 10 17 18 16 12
 76 77 80 81 73 78 79 75 74 82 90 83 89 86 85 88 84 87  8  4  5  6  1  2  9  7  3 13 15 12 16 17 14 11 18 10 20 26 23 19 22 24 25 27 21 33 34 32 36 29 31 28 30 35 38 43 37 45 40 44 42 41 39 51 52 49 53 54 48 47 50 46 56 61 59 57 62 55 63 58 60 68 67 65 69 64 71 72 70 66
 40 41 44 45 37 42 43 39 38 46 54 47 53 50 49 52 48 51 62 58 59 60 55 56 63 61 57 67 69 66 70 71 68 65 72 64 74 80 77 73 76 78 79 81 75 87 88 86 90 83 85 82 84 89  2  7  1  9  4  8  6  5  3 15 16 13 17 18 12 11 14 10 20 25 23 21 26 19 27 22 24 32 31 29 33 28 35 36 34 30
 23 24 27 19 20 25 26 22 21 29 28 30 36 33 32 35 31 34 45 41 42 43 38 39 37 44 40 50 52 49 53 54 51 48 46 47 57 63 60 56 59 61 62 55 58 70 71 69 64 66 68 65 67 72 75 80 74 73 77 81 79 78 76 88 89 86 90 82 85 84 87 83  3  8  6  4  9  2  1  5  7 15 14 12 16 11 18 10 17 13
 86 87 90 82 83 88 89 85 84  2  1  3  9  6  5  8  4  7 18 14 15 16 11 12 10 17 13 23 25 22 26 27 24 21 19 20 30 36 33 29 32 34 35 28 31 43 44 42 37 39 41 38 40 45 48 53 47 46 50 54 52 51 49 61 62 59 63 55 58 57 60 56 66 71 69 67 72 65 64 68 70 78 77 75 79 74 81 73 80 76
 14 15 18 10 11 16 17 13 12 20 19 21 27 24 23 26 22 25 36 32 33 34 29 30 28 35 31 41 43 40 44 45 42 39 37 38 48 54 51 47 50 52 53 46 49 61 62 60 55 57 59 56 58 63 66 71 65 64 68 72 70 69 67 79 80 77 81 73 76 75 78 74 84 89 87 85 90 83 82 86 88  6  5  3  7  2  9  1  8  4
 77 78 81 73 74 79 80 76 75 83 82 84 90 87 86 89 85 88  9  5  6  7  2  3  1  8  4 14 16 13 17 18 15 12 10 11 21 27 24 20 23 25 26 19 22 34 35 33 28 30 32 29 31 36 39 44 38 37 41 45 43 42 40 52 53 50 54 46 49 48 51 47 57 62 60 58 63 56 55 59 61 69 68 66 70 65 72 64 71 67
 68 69 72 64 65 70 71 67 66 74 73 75 81 78 77 80 76 79 90 86 87 88 83 84 82 89 85  5  7  4  8  9  6  3  1  2 12 18 15 11 14 16 17 10 13 25 26 24 19 21 23 20 22 27 30 35 29 28 32 36 34 33 31 43 44 41 45 37 40 39 42 38 48 53 51 49 54 47 46 50 52 60 59 57 61 56 63 55 62 58
 32 33 36 28 29 34 35 31 30 38 37 39 45 42 41 44 40 43 54 50 51 52 47 48 46 53 49 59 61 58 62 63 60 57 55 56 66 72 69 65 68 70 71 64 67 79 80 78 73 75 77 74 76 81 84 89 83 82 86 90 88 87 85  7  8  5  9  1  4  3  6  2 12 17 15 13 18 11 10 14 16 24 23 21 25 20 27 19 26 22
 41 42 45 37 38 43 44 40 39 47 46 48 54 51 50 53 49 52 63 59 60 61 56 57 55 62 58 68 70 67 71 72 69 66 64 65 75 81 78 74 77 79 80 73 76 88 89 87 82 84 86 83 85 90  3  8  2  1  5  9  7  6  4 16 17 14 18 10 13 12 15 11 21 26 24 22 27 20 19 23 25 33 32 30 34 29 36 28 35 31
 50 51 54 46 47 52 53 49 48 56 55 57 63 60 59 62 58 61 72 68 69 70 65 66 64 71 67 77 79 76 80 81 78 75 73 74 84 90 87 83 86 88 89 82 85  7  8  6  1  3  5  2  4  9 12 17 11 10 14 18 16 15 13 25 26 23 27 19 22 21 24 20 30 35 33 31 36 29 28 32 34 42 41 39 43 38 45 37 44 40
 59 60 63 55 56 61 62 58 57 65 64 66 72 69 68 71 67 70 81 77 78 79 74 75 73 80 76 86 88 85 89 90 87 84 82 83  3  9  6  2  5  7  8  1  4 16 17 15 10 12 14 11 13 18 21 26 20 19 23 27 25 24 22 34 35 32 36 28 31 30 33 29 39 44 42 40 45 38 37 41 43 51 50 48 52 47 54 46 53 49
  5  6  9  1  2  7  8  4  3 11 10 12 18 15 14 17 13 16 27 23 24 25 20 21 19 26 22 32 34 31 35 36 33 30 28 29 39 45 42 38 41 43 44 37 40 52 53 51 46 48 50 47 49 54 57 62 56 55 59 63 61 60 58 70 71 68 72 64 67 66 69 65 75 80 78 76 81 74 73 77 79 87 86 84 88 83 90 82 89 85
 15 16 10 11 12 17 18 14 13 21 20 22 19 25 24 27 23 26 28 33 34 35 30 31 29 36 32 42 44 41 45 37 43 40 38 39 49 46 52 48 51 53 54 47 50 62 63 61 56 58 60 57 59 55 67 72 66 65 69 64 71 70 68 80 81 78 73 74 77 76 79 75 85 90 88 86 82 84 83 87 89  7  6  4  8  3  1  2  9  5
 60 61 55 56 57 62 63 59 58 66 65 67 64 70 69 72 68 71 73 78 79 80 75 76 74 81 77 87 89 86 90 82 88 85 83 84  4  1  7  3  6  8  9  2  5 17 18 16 11 13 15 12 14 10 22 27 21 20 24 19 26 25 23 35 36 33 28 29 32 31 34 30 40 45 43 41 37 39 38 42 44 52 51 49 53 48 46 47 54 50
 78 79 73 74 75 80 81 77 76 84 83 85 82 88 87 90 86 89  1  6  7  8  3  4  2  9  5 15 17 14 18 10 16 13 11 12 22 19 25 21 24 26 27 20 23 35 36 34 29 31 33 30 32 28 40 45 39 38 42 37 44 43 41 53 54 51 46 47 50 49 52 48 58 63 61 59 55 57 56 60 62 70 69 67 71 66 64 65 72 68
 69 70 64 65 66 71 72 68 67 75 74 76 73 79 78 81 77 80 82 87 88 89 84 85 83 90 86  6  8  5  9  1  7  4  2  3 13 10 16 12 15 17 18 11 14 26 27 25 20 22 24 21 23 19 31 36 30 29 33 28 35 34 32 44 45 42 37 38 41 40 43 39 49 54 52 50 46 48 47 51 53 61 60 58 62 57 55 56 63 59
 33 34 28 29 30 35 36 32 31 39 38 40 37 43 42 45 41 44 46 51 52 53 48 49 47 54 50 60 62 59 63 55 61 58 56 57 67 64 70 66 69 71 72 65 68 80 81 79 74 76 78 75 77 73 85 90 84 83 87 82 89 88 86  8  9  6  1  2  5  4  7  3 13 18 16 14 10 12 11 15 17 25 24 22 26 21 19 20 27 23
 24 25 19 20 21 26 27 23 22 30 29 31 28 34 33 36 32 35 37 42 43 44 39 40 38 45 41 51 53 50 54 46 52 49 47 48 58 55 61 57 60 62 63 56 59 71 72 70 65 67 69 66 68 64 76 81 75 74 78 73 80 79 77 89 90 87 82 83 86 85 88 84  4  9  7  5  1  3  2  6  8 16 15 13 17 12 10 11 18 14
 42 43 37 38 39 44 45 41 40 48 47 49 46 52 51 54 50 53 55 60 61 62 57 58 56 63 59 69 71 68 72 64 70 67 65 66 76 73 79 75 78 80 81 74 77 89 90 88 83 85 87 84 86 82  4  9  3  2  6  1  8  7  5 17 18 15 10 11 14 13 16 12 22 27 25 23 19 21 20 24 26 34 33 31 35 30 28 29 36 32
 87 88 82 83 84 89 90 86 85  3  2  4  1  7  6  9  5  8 10 15 16 17 12 13 11 18 14 24 26 23 27 19 25 22 20 21 31 28 34 30 33 35 36 29 32 44 45 43 38 40 42 39 41 37 49 54 48 47 51 46 53 52 50 62 63 60 55 56 59 58 61 57 67 72 70 68 64 66 65 69 71 79 78 76 80 75 73 74 81 77
 51 52 46 47 48 53 54 50 49 57 56 58 55 61 60 63 59 62 64 69 70 71 66 67 65 72 68 78 80 77 81 73 79 76 74 75 85 82 88 84 87 89 90 83 86  8  9  7  2  4  6  3  5  1 13 18 12 11 15 10 17 16 14 26 27 24 19 20 23 22 25 21 31 36 34 32 28 30 29 33 35 43 42 40 44 39 37 38 45 41
  6  7  1  2  3  8  9  5  4 12 11 13 10 16 15 18 14 17 19 24 25 26 21 22 20 27 23 33 35 32 36 28 34 31 29 30 40 37 43 39 42 44 45 38 41 53 54 52 47 49 51 48 50 46 58 63 57 56 60 55 62 61 59 71 72 69 64 65 68 67 70 66 76 81 79 77 73 75 74 78 80 88 87 85 89 84 82 83 90 86
