 63 60 56 61 57 62 58 59 55 72 67 70 64 68 65 71 66 69 76 79 77 78 74 80 75 73 81 86 83 87 82 85 90 89 88 84  9  7  8  6  3  1  5  4  2 18 17 16 11 13 14 12 10 15 23 22 21 20 26 24 25 27 19 34 31 32 30 33 35 36 29 28 39 44 37 40 45 43 42 41 38 53 54 46 47 48 51 50 52 49
 36 33 29 34 30 35 31 32 28 45 40 43 37 41 38 44 39 42 49 52 50 51 47 53 48 46 54 59 56 60 55 58 63 62 61 57 72 70 71 69 66 64 68 67 65 81 80 79 74 76 77 75 73 78 86 85 84 83 89 87 88 90 82  7  4  5  3  6  8  9  2  1 12 17 10 13 18 16 15 14 11 26 27 19 20 21 24 23 25 22
 72 69 65 70 66 71 67 68 64 81 76 79 73 77 74 80 75 78 85 88 86 87 83 89 84 82 90  5  2  6  1  4  9  8  7  3 18 16 17 15 12 10 14 13 11 27 26 25 20 22 23 21 19 24 32 31 30 29 35 33 34 36 28 43 40 41 39 42 44 45 38 37 48 53 46 49 54 52 51 50 47 62 63 55 56 57 60 59 61 58
 18 15 11 16 12 17 13 14 10 27 22 25 19 23 20 26 21 24 31 34 32 33 29 35 30 28 36 41 38 42 37 40 45 44 43 39 54 52 53 51 48 46 50 49 47 63 62 61 56 58 59 57 55 60 68 67 66 65 71 69 70 72 64 79 76 77 75 78 80 81 74 73 84 89 82 85 90 88 87 86 83  8  9  1  2  3  6  5  7  4
 90 87 83 88 84 89 85 86 82  9  4  7  1  5  2  8  3  6 13 16 14 15 11 17 12 10 18 23 20 24 19 22 27 26 25 21 36 34 35 33 30 28 32 31 29 45 44 43 38 40 41 39 37 42 50 49 48 47 53 51 52 54 46 61 58 59 57 60 62 63 56 55 66 71 64 67 72 70 69 68 65 80 81 73 74 75 78 77 79 76
 27 24 20 25 21 26 22 23 19 36 31 34 28 32 29 35 30 33 40 43 41 42 38 44 39 37 45 50 47 51 46 49 54 53 52 48 63 61 62 60 57 55 59 58 56 72 71 70 65 67 68 66 64 69 77 76 75 74 80 78 79 81 73 88 85 86 84 87 89 90 83 82  3  8  1  4  9  7  6  5  2 17 18 10 11 12 15 14 16 13
 45 42 38 43 39 44 40 41 37 54 49 52 46 50 47 53 48 51 58 61 59 60 56 62 57 55 63 68 65 69 64 67 72 71 70 66 81 79 80 78 75 73 77 76 74 90 89 88 83 85 86 84 82 87  5  4  3  2  8  6  7  9  1 16 13 14 12 15 17 18 11 10 21 26 19 22 27 25 24 23 20 35 36 28 29 30 33 32 34 31
 81 78 74 79 75 80 76 77 73 90 85 88 82 86 83 89 84 87  4  7  5  6  2  8  3  1  9 14 11 15 10 13 18 17 16 12 27 25 26 24 21 19 23 22 20 36 35 34 29 31 32 30 28 33 41 40 39 38 44 42 43 45 37 52 49 50 48 51 53 54 47 46 57 62 55 58 63 61 60 59 56 71 72 64 65 66 69 68 70 67
 54 51 47 52 48 53 49 50 46 63 58 61 55 59 56 62 57 60 67 70 68 69 65 71 66 64 72 77 74 78 73 76 81 80 79 75 90 88 89 87 84 82 86 85 83  9  8  7  2  4  5  3  1  6 14 13 12 11 17 15 16 18 10 25 22 23 21 24 26 27 20 19 30 35 28 31 36 34 33 32 29 44 45 37 38 39 42 41 43 40
  9  6  2  7  3  8  4  5  1 18 13 16 10 14 11 17 12 15 22 25 23 24 20 26 21 19 27 32 29 33 28 31 36 35 34 30 45 43 44 42 39 37 41 40 38 54 53 52 47 49 50 48 46 51 59 58 57 56 62 60 61 63 55 70 67 68 66 69 71 72 65 64 75 80 73 76 81 79 78 77 74 89 90 82 83 84 87 86 88 85
 82 88 84 89 85 90 86 87 83  1  5  8  2  6  3  9  4  7 14 17 15 16 12 18 13 11 10 24 21 25 20 23 19 27 26 22 28 35 36 34 31 29 33 32 30 37 45 44 39 41 42 40 38 43 51 50 49 48 54 52 53 46 47 62 59 60 58 61 63 55 57 56 67 72 65 68 64 71 70 69 66 81 73 74 75 76 79 78 80 77
  1  7  3  8  4  9  5  6  2 10 14 17 11 15 12 18 13 16 23 26 24 25 21 27 22 20 19 33 30 34 29 32 28 36 35 31 37 44 45 43 40 38 42 41 39 46 54 53 48 50 51 49 47 52 60 59 58 57 63 61 62 55 56 71 68 69 67 70 72 64 66 65 76 81 74 77 73 80 79 78 75 90 82 83 84 85 88 87 89 86
 55 61 57 62 58 63 59 60 56 64 68 71 65 69 66 72 67 70 77 80 78 79 75 81 76 74 73 87 84 88 83 86 82 90 89 85  1  8  9  7  4  2  6  5  3 10 18 17 12 14 15 13 11 16 24 23 22 21 27 25 26 19 20 35 32 33 31 34 36 28 30 29 40 45 38 41 37 44 43 42 39 54 46 47 48 49 52 51 53 50
 64 70 66 71 67 72 68 69 65 73 77 80 74 78 75 81 76 79 86 89 87 88 84 90 85 83 82  6  3  7  2  5  1  9  8  4 10 17 18 16 13 11 15 14 12 19 27 26 21 23 24 22 20 25 33 32 31 30 36 34 35 28 29 44 41 42 40 43 45 37 39 38 49 54 47 50 46 53 52 51 48 63 55 56 57 58 61 60 62 59
 46 52 48 53 49 54 50 51 47 55 59 62 56 60 57 63 58 61 68 71 69 70 66 72 67 65 64 78 75 79 74 77 73 81 80 76 82 89 90 88 85 83 87 86 84  1  9  8  3  5  6  4  2  7 15 14 13 12 18 16 17 10 11 26 23 24 22 25 27 19 21 20 31 36 29 32 28 35 34 33 30 45 37 38 39 40 43 42 44 41
 73 79 75 80 76 81 77 78 74 82 86 89 83 87 84 90 85 88  5  8  6  7  3  9  4  2  1 15 12 16 11 14 10 18 17 13 19 26 27 25 22 20 24 23 21 28 36 35 30 32 33 31 29 34 42 41 40 39 45 43 44 37 38 53 50 51 49 52 54 46 48 47 58 63 56 59 55 62 61 60 57 72 64 65 66 67 70 69 71 68
 37 43 39 44 40 45 41 42 38 46 50 53 47 51 48 54 49 52 59 62 60 61 57 63 58 56 55 69 66 70 65 68 64 72 71 67 73 80 81 79 76 74 78 77 75 82 90 89 84 86 87 85 83 88  6  5  4  3  9  7  8  1  2 17 14 15 13 16 18 10 12 11 22 27 20 23 19 26 25 24 21 36 28 29 30 31 34 33 35 32
 19 25 21 26 22 27 23 24 20 28 32 35 29 33 30 36 31 34 41 44 42 43 39 45 40 38 37 51 48 52 47 50 46 54 53 49 55 62 63 61 58 56 60 59 57 64 72 71 66 68 69 67 65 70 78 77 76 75 81 79 80 73 74 89 86 87 85 88 90 82 84 83  4  9  2  5  1  8  7  6  3 18 10 11 12 13 16 15 17 14
 28 34 30 35 31 36 32 33 29 37 41 44 38 42 39 45 40 43 50 53 51 52 48 54 49 47 46 60 57 61 56 59 55 63 62 58 64 71 72 70 67 65 69 68 66 73 81 80 75 77 78 76 74 79 87 86 85 84 90 88 89 82 83  8  5  6  4  7  9  1  3  2 13 18 11 14 10 17 16 15 12 27 19 20 21 22 25 24 26 23
 10 16 12 17 13 18 14 15 11 19 23 26 20 24 21 27 22 25 32 35 33 34 30 36 31 29 28 42 39 43 38 41 37 45 44 40 46 53 54 52 49 47 51 50 48 55 63 62 57 59 60 58 56 61 69 68 67 66 72 70 71 64 65 80 77 78 76 79 81 73 75 74 85 90 83 86 82 89 88 87 84  9  1  2  3  4  7  6  8  5
 29 35 31 36 32 28 33 34 30 38 42 45 39 43 40 37 41 44 51 54 52 53 49 46 50 48 47 61 58 62 57 60 56 55 63 59 65 72 64 71 68 66 70 69 67 74 73 81 76 78 79 77 75 80 88 87 86 85 82 89 90 83 84  9  6  7  5  8  1  2  4  3 14 10 12 15 11 18 17 16 13 19 20 21 22 23 26 25 27 24
 20 26 22 27 23 19 24 25 21 29 33 36 30 34 31 28 32 35 42 45 43 44 40 37 41 39 38 52 49 53 48 51 47 46 54 50 56 63 55 62 59 57 61 60 58 65 64 72 67 69 70 68 66 71 79 78 77 76 73 80 81 74 75 90 87 88 86 89 82 83 85 84  5  1  3  6  2  9  8  7  4 10 11 12 13 14 17 16 18 15
 83 89 85 90 86 82 87 88 84  2  6  9  3  7  4  1  5  8 15 18 16 17 13 10 14 12 11 25 22 26 21 24 20 19 27 23 29 36 28 35 32 30 34 33 31 38 37 45 40 42 43 41 39 44 52 51 50 49 46 53 54 47 48 63 60 61 59 62 55 56 58 57 68 64 66 69 65 72 71 70 67 73 74 75 76 77 80 79 81 78
 56 62 58 63 59 55 60 61 57 65 69 72 66 70 67 64 68 71 78 81 79 80 76 73 77 75 74 88 85 89 84 87 83 82 90 86  2  9  1  8  5  3  7  6  4 11 10 18 13 15 16 14 12 17 25 24 23 22 19 26 27 20 21 36 33 34 32 35 28 29 31 30 41 37 39 42 38 45 44 43 40 46 47 48 49 50 53 52 54 51
 65 71 67 72 68 64 69 70 66 74 78 81 75 79 76 73 77 80 87 90 88 89 85 82 86 84 83  7  4  8  3  6  2  1  9  5 11 18 10 17 14 12 16 15 13 20 19 27 22 24 25 23 21 26 34 33 32 31 28 35 36 29 30 45 42 43 41 44 37 38 40 39 50 46 48 51 47 54 53 52 49 55 56 57 58 59 62 61 63 60
 47 53 49 54 50 46 51 52 48 56 60 63 57 61 58 55 59 62 69 72 70 71 67 64 68 66 65 79 76 80 75 78 74 73 81 77 83 90 82 89 86 84 88 87 85  2  1  9  4  6  7  5  3  8 16 15 14 13 10 17 18 11 12 27 24 25 23 26 19 20 22 21 32 28 30 33 29 36 35 34 31 37 38 39 40 41 44 43 45 42
 11 17 13 18 14 10 15 16 12 20 24 27 21 25 22 19 23 26 33 36 34 35 31 28 32 30 29 43 40 44 39 42 38 37 45 41 47 54 46 53 50 48 52 51 49 56 55 63 58 60 61 59 57 62 70 69 68 67 64 71 72 65 66 81 78 79 77 80 73 74 76 75 86 82 84 87 83 90 89 88 85  1  2  3  4  5  8  7  9  6
  2  8  4  9  5  1  6  7  3 11 15 18 12 16 13 10 14 17 24 27 25 26 22 19 23 21 20 34 31 35 30 33 29 28 36 32 38 45 37 44 41 39 43 42 40 47 46 54 49 51 52 50 48 53 61 60 59 58 55 62 63 56 57 72 69 70 68 71 64 65 67 66 77 73 75 78 74 81 80 79 76 82 83 84 85 86 89 88 90 87
 38 44 40 45 41 37 42 43 39 47 51 54 48 52 49 46 50 53 60 63 61 62 58 55 59 57 56 70 67 71 66 69 65 64 72 68 74 81 73 80 77 75 79 78 76 83 82 90 85 87 88 86 84 89  7  6  5  4  1  8  9  2  3 18 15 16 14 17 10 11 13 12 23 19 21 24 20 27 26 25 22 28 29 30 31 32 35 34 36 33
 74 80 76 81 77 73 78 79 75 83 87 90 84 88 85 82 86 89  6  9  7  8  4  1  5  3  2 16 13 17 12 15 11 10 18 14 20 27 19 26 23 21 25 24 22 29 28 36 31 33 34 32 30 35 43 42 41 40 37 44 45 38 39 54 51 52 50 53 46 47 49 48 59 55 57 60 56 63 62 61 58 64 65 66 67 68 71 70 72 69
 39 45 41 37 42 38 43 44 40 48 52 46 49 53 50 47 51 54 61 55 62 63 59 56 60 58 57 71 68 72 67 70 66 65 64 69 75 73 74 81 78 76 80 79 77 84 83 82 86 88 89 87 85 90  8  7  6  5  2  9  1  3  4 10 16 17 15 18 11 12 14 13 24 20 22 25 21 19 27 26 23 29 30 31 32 33 36 35 28 34
 12 18 14 10 15 11 16 17 13 21 25 19 22 26 23 20 24 27 34 28 35 36 32 29 33 31 30 44 41 45 40 43 39 38 37 42 48 46 47 54 51 49 53 52 50 57 56 55 59 61 62 60 58 63 71 70 69 68 65 72 64 66 67 73 79 80 78 81 74 75 77 76 87 83 85 88 84 82 90 89 86  2  3  4  5  6  9  8  1  7
 57 63 59 55 60 56 61 62 58 66 70 64 67 71 68 65 69 72 79 73 80 81 77 74 78 76 75 89 86 90 85 88 84 83 82 87  3  1  2  9  6  4  8  7  5 12 11 10 14 16 17 15 13 18 26 25 24 23 20 27 19 21 22 28 34 35 33 36 29 30 32 31 42 38 40 43 39 37 45 44 41 47 48 49 50 51 54 53 46 52
 30 36 32 28 33 29 34 35 31 39 43 37 40 44 41 38 42 45 52 46 53 54 50 47 51 49 48 62 59 63 58 61 57 56 55 60 66 64 65 72 69 67 71 70 68 75 74 73 77 79 80 78 76 81 89 88 87 86 83 90 82 84 85  1  7  8  6  9  2  3  5  4 15 11 13 16 12 10 18 17 14 20 21 22 23 24 27 26 19 25
 84 90 86 82 87 83 88 89 85  3  7  1  4  8  5  2  6  9 16 10 17 18 14 11 15 13 12 26 23 27 22 25 21 20 19 24 30 28 29 36 33 31 35 34 32 39 38 37 41 43 44 42 40 45 53 52 51 50 47 54 46 48 49 55 61 62 60 63 56 57 59 58 69 65 67 70 66 64 72 71 68 74 75 76 77 78 81 80 73 79
 48 54 50 46 51 47 52 53 49 57 61 55 58 62 59 56 60 63 70 64 71 72 68 65 69 67 66 80 77 81 76 79 75 74 73 78 84 82 83 90 87 85 89 88 86  3  2  1  5  7  8  6  4  9 17 16 15 14 11 18 10 12 13 19 25 26 24 27 20 21 23 22 33 29 31 34 30 28 36 35 32 38 39 40 41 42 45 44 37 43
 66 72 68 64 69 65 70 71 67 75 79 73 76 80 77 74 78 81 88 82 89 90 86 83 87 85 84  8  5  9  4  7  3  2  1  6 12 10 11 18 15 13 17 16 14 21 20 19 23 25 26 24 22 27 35 34 33 32 29 36 28 30 31 37 43 44 42 45 38 39 41 40 51 47 49 52 48 46 54 53 50 56 57 58 59 60 63 62 55 61
 75 81 77 73 78 74 79 80 76 84 88 82 85 89 86 83 87 90  7  1  8  9  5  2  6  4  3 17 14 18 13 16 12 11 10 15 21 19 20 27 24 22 26 25 23 30 29 28 32 34 35 33 31 36 44 43 42 41 38 45 37 39 40 46 52 53 51 54 47 48 50 49 60 56 58 61 57 55 63 62 59 65 66 67 68 69 72 71 64 70
 21 27 23 19 24 20 25 26 22 30 34 28 31 35 32 29 33 36 43 37 44 45 41 38 42 40 39 53 50 54 49 52 48 47 46 51 57 55 56 63 60 58 62 61 59 66 65 64 68 70 71 69 67 72 80 79 78 77 74 81 73 75 76 82 88 89 87 90 83 84 86 85  6  2  4  7  3  1  9  8  5 11 12 13 14 15 18 17 10 16
  3  9  5  1  6  2  7  8  4 12 16 10 13 17 14 11 15 18 25 19 26 27 23 20 24 22 21 35 32 36 31 34 30 29 28 33 39 37 38 45 42 40 44 43 41 48 47 46 50 52 53 51 49 54 62 61 60 59 56 63 55 57 58 64 70 71 69 72 65 66 68 67 78 74 76 79 75 73 81 80 77 83 84 85 86 87 90 89 82 88
  4  1  6  2  7  3  8  9  5 13 17 11 14 18 15 12 16 10 26 20 27 19 24 21 25 23 22 36 33 28 32 35 31 30 29 34 40 38 39 37 43 41 45 44 42 49 48 47 51 53 54 52 50 46 63 62 61 60 57 55 56 58 59 65 71 72 70 64 66 67 69 68 79 75 77 80 76 74 73 81 78 84 85 86 87 88 82 90 83 89
 31 28 33 29 34 30 35 36 32 40 44 38 41 45 42 39 43 37 53 47 54 46 51 48 52 50 49 63 60 55 59 62 58 57 56 61 67 65 66 64 70 68 72 71 69 76 75 74 78 80 81 79 77 73 90 89 88 87 84 82 83 85 86  2  8  9  7  1  3  4  6  5 16 12 14 17 13 11 10 18 15 21 22 23 24 25 19 27 20 26
 22 19 24 20 25 21 26 27 23 31 35 29 32 36 33 30 34 28 44 38 45 37 42 39 43 41 40 54 51 46 50 53 49 48 47 52 58 56 57 55 61 59 63 62 60 67 66 65 69 71 72 70 68 64 81 80 79 78 75 73 74 76 77 83 89 90 88 82 84 85 87 86  7  3  5  8  4  2  1  9  6 12 13 14 15 16 10 18 11 17
 13 10 15 11 16 12 17 18 14 22 26 20 23 27 24 21 25 19 35 29 36 28 33 30 34 32 31 45 42 37 41 44 40 39 38 43 49 47 48 46 52 50 54 53 51 58 57 56 60 62 63 61 59 55 72 71 70 69 66 64 65 67 68 74 80 81 79 73 75 76 78 77 88 84 86 89 85 83 82 90 87  3  4  5  6  7  1  9  2  8
 40 37 42 38 43 39 44 45 41 49 53 47 50 54 51 48 52 46 62 56 63 55 60 57 61 59 58 72 69 64 68 71 67 66 65 70 76 74 75 73 79 77 81 80 78 85 84 83 87 89 90 88 86 82  9  8  7  6  3  1  2  4  5 11 17 18 16 10 12 13 15 14 25 21 23 26 22 20 19 27 24 30 31 32 33 34 28 36 29 35
 58 55 60 56 61 57 62 63 59 67 71 65 68 72 69 66 70 64 80 74 81 73 78 75 79 77 76 90 87 82 86 89 85 84 83 88  4  2  3  1  7  5  9  8  6 13 12 11 15 17 18 16 14 10 27 26 25 24 21 19 20 22 23 29 35 36 34 28 30 31 33 32 43 39 41 44 40 38 37 45 42 48 49 50 51 52 46 54 47 53
 49 46 51 47 52 48 53 54 50 58 62 56 59 63 60 57 61 55 71 65 72 64 69 66 70 68 67 81 78 73 77 80 76 75 74 79 85 83 84 82 88 86 90 89 87  4  3  2  6  8  9  7  5  1 18 17 16 15 12 10 11 13 14 20 26 27 25 19 21 22 24 23 34 30 32 35 31 29 28 36 33 39 40 41 42 43 37 45 38 44
 85 82 87 83 88 84 89 90 86  4  8  2  5  9  6  3  7  1 17 11 18 10 15 12 16 14 13 27 24 19 23 26 22 21 20 25 31 29 30 28 34 32 36 35 33 40 39 38 42 44 45 43 41 37 54 53 52 51 48 46 47 49 50 56 62 63 61 55 57 58 60 59 70 66 68 71 67 65 64 72 69 75 76 77 78 79 73 81 74 80
 67 64 69 65 70 66 71 72 68 76 80 74 77 81 78 75 79 73 89 83 90 82 87 84 88 86 85  9  6  1  5  8  4  3  2  7 13 11 12 10 16 14 18 17 15 22 21 20 24 26 27 25 23 19 36 35 34 33 30 28 29 31 32 38 44 45 43 37 39 40 42 41 52 48 50 53 49 47 46 54 51 57 58 59 60 61 55 63 56 62
 76 73 78 74 79 75 80 81 77 85 89 83 86 90 87 84 88 82  8  2  9  1  6  3  7  5  4 18 15 10 14 17 13 12 11 16 22 20 21 19 25 23 27 26 24 31 30 29 33 35 36 34 32 28 45 44 43 42 39 37 38 40 41 47 53 54 52 46 48 49 51 50 61 57 59 62 58 56 55 63 60 66 67 68 69 70 64 72 65 71
 32 29 34 30 35 31 36 28 33 41 45 39 42 37 43 40 44 38 54 48 46 47 52 49 53 51 50 55 61 56 60 63 59 58 57 62 68 66 67 65 71 69 64 72 70 77 76 75 79 81 73 80 78 74 82 90 89 88 85 83 84 86 87  3  9  1  8  2  4  5  7  6 17 13 15 18 14 12 11 10 16 22 23 24 25 26 20 19 21 27
 14 11 16 12 17 13 18 10 15 23 27 21 24 19 25 22 26 20 36 30 28 29 34 31 35 33 32 37 43 38 42 45 41 40 39 44 50 48 49 47 53 51 46 54 52 59 58 57 61 63 55 62 60 56 64 72 71 70 67 65 66 68 69 75 81 73 80 74 76 77 79 78 89 85 87 90 86 84 83 82 88  4  5  6  7  8  2  1  3  9
 23 20 25 21 26 22 27 19 24 32 36 30 33 28 34 31 35 29 45 39 37 38 43 40 44 42 41 46 52 47 51 54 50 49 48 53 59 57 58 56 62 60 55 63 61 68 67 66 70 72 64 71 69 65 73 81 80 79 76 74 75 77 78 84 90 82 89 83 85 86 88 87  8  4  6  9  5  3  2  1  7 13 14 15 16 17 11 10 12 18
  5  2  7  3  8  4  9  1  6 14 18 12 15 10 16 13 17 11 27 21 19 20 25 22 26 24 23 28 34 29 33 36 32 31 30 35 41 39 40 38 44 42 37 45 43 50 49 48 52 54 46 53 51 47 55 63 62 61 58 56 57 59 60 66 72 64 71 65 67 68 70 69 80 76 78 81 77 75 74 73 79 85 86 87 88 89 83 82 84 90
 50 47 52 48 53 49 54 46 51 59 63 57 60 55 61 58 62 56 72 66 64 65 70 67 71 69 68 73 79 74 78 81 77 76 75 80 86 84 85 83 89 87 82 90 88  5  4  3  7  9  1  8  6  2 10 18 17 16 13 11 12 14 15 21 27 19 26 20 22 23 25 24 35 31 33 36 32 30 29 28 34 40 41 42 43 44 38 37 39 45
 41 38 43 39 44 40 45 37 42 50 54 48 51 46 52 49 53 47 63 57 55 56 61 58 62 60 59 64 70 65 69 72 68 67 66 71 77 75 76 74 80 78 73 81 79 86 85 84 88 90 82 89 87 83  1  9  8  7  4  2  3  5  6 12 18 10 17 11 13 14 16 15 26 22 24 27 23 21 20 19 25 31 32 33 34 35 29 28 30 36
 59 56 61 57 62 58 63 55 60 68 72 66 69 64 70 67 71 65 81 75 73 74 79 76 80 78 77 82 88 83 87 90 86 85 84 89  5  3  4  2  8  6  1  9  7 14 13 12 16 18 10 17 15 11 19 27 26 25 22 20 21 23 24 30 36 28 35 29 31 32 34 33 44 40 42 45 41 39 38 37 43 49 50 51 52 53 47 46 48 54
 86 83 88 84 89 85 90 82 87  5  9  3  6  1  7  4  8  2 18 12 10 11 16 13 17 15 14 19 25 20 24 27 23 22 21 26 32 30 31 29 35 33 28 36 34 41 40 39 43 45 37 44 42 38 46 54 53 52 49 47 48 50 51 57 63 55 62 56 58 59 61 60 71 67 69 72 68 66 65 64 70 76 77 78 79 80 74 73 75 81
 77 74 79 75 80 76 81 73 78 86 90 84 87 82 88 85 89 83  9  3  1  2  7  4  8  6  5 10 16 11 15 18 14 13 12 17 23 21 22 20 26 24 19 27 25 32 31 30 34 36 28 35 33 29 37 45 44 43 40 38 39 41 42 48 54 46 53 47 49 50 52 51 62 58 60 63 59 57 56 55 61 67 68 69 70 71 65 64 66 72
 68 65 70 66 71 67 72 64 69 77 81 75 78 73 79 76 80 74 90 84 82 83 88 85 89 87 86  1  7  2  6  9  5  4  3  8 14 12 13 11 17 15 10 18 16 23 22 21 25 27 19 26 24 20 28 36 35 34 31 29 30 32 33 39 45 37 44 38 40 41 43 42 53 49 51 54 50 48 47 46 52 58 59 60 61 62 56 55 57 63
 33 30 35 31 36 32 28 29 34 42 37 40 43 38 44 41 45 39 46 49 47 48 53 50 54 52 51 56 62 57 61 55 60 59 58 63 69 67 68 66 72 70 65 64 71 78 77 76 80 73 74 81 79 75 83 82 90 89 86 84 85 87 88  4  1  2  9  3  5  6  8  7 18 14 16 10 15 13 12 11 17 23 24 25 26 27 21 20 22 19
 51 48 53 49 54 50 46 47 52 60 55 58 61 56 62 59 63 57 64 67 65 66 71 68 72 70 69 74 80 75 79 73 78 77 76 81 87 85 86 84 90 88 83 82 89  6  5  4  8  1  2  9  7  3 11 10 18 17 14 12 13 15 16 22 19 20 27 21 23 24 26 25 36 32 34 28 33 31 30 29 35 41 42 43 44 45 39 38 40 37
 87 84 89 85 90 86 82 83 88  6  1  4  7  2  8  5  9  3 10 13 11 12 17 14 18 16 15 20 26 21 25 19 24 23 22 27 33 31 32 30 36 34 29 28 35 42 41 40 44 37 38 45 43 39 47 46 54 53 50 48 49 51 52 58 55 56 63 57 59 60 62 61 72 68 70 64 69 67 66 65 71 77 78 79 80 81 75 74 76 73
 78 75 80 76 81 77 73 74 79 87 82 85 88 83 89 86 90 84  1  4  2  3  8  5  9  7  6 11 17 12 16 10 15 14 13 18 24 22 23 21 27 25 20 19 26 33 32 31 35 28 29 36 34 30 38 37 45 44 41 39 40 42 43 49 46 47 54 48 50 51 53 52 63 59 61 55 60 58 57 56 62 68 69 70 71 72 66 65 67 64
  6  3  8  4  9  5  1  2  7 15 10 13 16 11 17 14 18 12 19 22 20 21 26 23 27 25 24 29 35 30 34 28 33 32 31 36 42 40 41 39 45 43 38 37 44 51 50 49 53 46 47 54 52 48 56 55 63 62 59 57 58 60 61 67 64 65 72 66 68 69 71 70 81 77 79 73 78 76 75 74 80 86 87 88 89 90 84 83 85 82
 15 12 17 13 18 14 10 11 16 24 19 22 25 20 26 23 27 21 28 31 29 30 35 32 36 34 33 38 44 39 43 37 42 41 40 45 51 49 50 48 54 52 47 46 53 60 59 58 62 55 56 63 61 57 65 64 72 71 68 66 67 69 70 76 73 74 81 75 77 78 80 79 90 86 88 82 87 85 84 83 89  5  6  7  8  9  3  2  4  1
 69 66 71 67 72 68 64 65 70 78 73 76 79 74 80 77 81 75 82 85 83 84 89 86 90 88 87  2  8  3  7  1  6  5  4  9 15 13 14 12 18 16 11 10 17 24 23 22 26 19 20 27 25 21 29 28 36 35 32 30 31 33 34 40 37 38 45 39 41 42 44 43 54 50 52 46 51 49 48 47 53 59 60 61 62 63 57 56 58 55
 42 39 44 40 45 41 37 38 43 51 46 49 52 47 53 50 54 48 55 58 56 57 62 59 63 61 60 65 71 66 70 64 69 68 67 72 78 76 77 75 81 79 74 73 80 87 86 85 89 82 83 90 88 84  2  1  9  8  5  3  4  6  7 13 10 11 18 12 14 15 17 16 27 23 25 19 24 22 21 20 26 32 33 34 35 36 30 29 31 28
 60 57 62 58 63 59 55 56 61 69 64 67 70 65 71 68 72 66 73 76 74 75 80 77 81 79 78 83 89 84 88 82 87 86 85 90  6  4  5  3  9  7  2  1  8 15 14 13 17 10 11 18 16 12 20 19 27 26 23 21 22 24 25 31 28 29 36 30 32 33 35 34 45 41 43 37 42 40 39 38 44 50 51 52 53 54 48 47 49 46
 24 21 26 22 27 23 19 20 25 33 28 31 34 29 35 32 36 30 37 40 38 39 44 41 45 43 42 47 53 48 52 46 51 50 49 54 60 58 59 57 63 61 56 55 62 69 68 67 71 64 65 72 70 66 74 73 81 80 77 75 76 78 79 85 82 83 90 84 86 87 89 88  9  5  7  1  6  4  3  2  8 14 15 16 17 18 12 11 13 10
 34 31 36 32 28 33 29 30 35 43 38 41 44 39 45 42 37 40 47 50 48 49 54 51 46 53 52 57 63 58 62 56 61 60 59 55 70 68 69 67 64 71 66 65 72 79 78 77 81 74 75 73 80 76 84 83 82 90 87 85 86 88 89  5  2  3  1  4  6  7  9  8 10 15 17 11 16 14 13 12 18 24 25 26 27 19 22 21 23 20
 70 67 72 68 64 69 65 66 71 79 74 77 80 75 81 78 73 76 83 86 84 85 90 87 82 89 88  3  9  4  8  2  7  6  5  1 16 14 15 13 10 17 12 11 18 25 24 23 27 20 21 19 26 22 30 29 28 36 33 31 32 34 35 41 38 39 37 40 42 43 45 44 46 51 53 47 52 50 49 48 54 60 61 62 63 55 58 57 59 56
 79 76 81 77 73 78 74 75 80 88 83 86 89 84 90 87 82 85  2  5  3  4  9  6  1  8  7 12 18 13 17 11 16 15 14 10 25 23 24 22 19 26 21 20 27 34 33 32 36 29 30 28 35 31 39 38 37 45 42 40 41 43 44 50 47 48 46 49 51 52 54 53 55 60 62 56 61 59 58 57 63 69 70 71 72 64 67 66 68 65
  7  4  9  5  1  6  2  3  8 16 11 14 17 12 18 15 10 13 20 23 21 22 27 24 19 26 25 30 36 31 35 29 34 33 32 28 43 41 42 40 37 44 39 38 45 52 51 50 54 47 48 46 53 49 57 56 55 63 60 58 59 61 62 68 65 66 64 67 69 70 72 71 73 78 80 74 79 77 76 75 81 87 88 89 90 82 85 84 86 83
 88 85 90 86 82 87 83 84 89  7  2  5  8  3  9  6  1  4 11 14 12 13 18 15 10 17 16 21 27 22 26 20 25 24 23 19 34 32 33 31 28 35 30 29 36 43 42 41 45 38 39 37 44 40 48 47 46 54 51 49 50 52 53 59 56 57 55 58 60 61 63 62 64 69 71 65 70 68 67 66 72 78 79 80 81 73 76 75 77 74
 16 13 18 14 10 15 11 12 17 25 20 23 26 21 27 24 19 22 29 32 30 31 36 33 28 35 34 39 45 40 44 38 43 42 41 37 52 50 51 49 46 53 48 47 54 61 60 59 63 56 57 55 62 58 66 65 64 72 69 67 68 70 71 77 74 75 73 76 78 79 81 80 82 87 89 83 88 86 85 84 90  6  7  8  9  1  4  3  5  2
 25 22 27 23 19 24 20 21 26 34 29 32 35 30 36 33 28 31 38 41 39 40 45 42 37 44 43 48 54 49 53 47 52 51 50 46 61 59 60 58 55 62 57 56 63 70 69 68 72 65 66 64 71 67 75 74 73 81 78 76 77 79 80 86 83 84 82 85 87 88 90 89  1  6  8  2  7  5  4  3  9 15 16 17 18 10 13 12 14 11
 43 40 45 41 37 42 38 39 44 52 47 50 53 48 54 51 46 49 56 59 57 58 63 60 55 62 61 66 72 67 71 65 70 69 68 64 79 77 78 76 73 80 75 74 81 88 87 86 90 83 84 82 89 85  3  2  1  9  6  4  5  7  8 14 11 12 10 13 15 16 18 17 19 24 26 20 25 23 22 21 27 33 34 35 36 28 31 30 32 29
 61 58 63 59 55 60 56 57 62 70 65 68 71 66 72 69 64 67 74 77 75 76 81 78 73 80 79 84 90 85 89 83 88 87 86 82  7  5  6  4  1  8  3  2  9 16 15 14 18 11 12 10 17 13 21 20 19 27 24 22 23 25 26 32 29 30 28 31 33 34 36 35 37 42 44 38 43 41 40 39 45 51 52 53 54 46 49 48 50 47
 52 49 54 50 46 51 47 48 53 61 56 59 62 57 63 60 55 58 65 68 66 67 72 69 64 71 70 75 81 76 80 74 79 78 77 73 88 86 87 85 82 89 84 83 90  7  6  5  9  2  3  1  8  4 12 11 10 18 15 13 14 16 17 23 20 21 19 22 24 25 27 26 28 33 35 29 34 32 31 30 36 42 43 44 45 37 40 39 41 38
 44 41 37 42 38 43 39 40 45 53 48 51 54 49 46 52 47 50 57 60 58 59 55 61 56 63 62 67 64 68 72 66 71 70 69 65 80 78 79 77 74 81 76 75 73 89 88 87 82 84 85 83 90 86  4  3  2  1  7  5  6  8  9 15 12 13 11 14 16 17 10 18 20 25 27 21 26 24 23 22 19 34 35 36 28 29 32 31 33 30
 17 14 10 15 11 16 12 13 18 26 21 24 27 22 19 25 20 23 30 33 31 32 28 34 29 36 35 40 37 41 45 39 44 43 42 38 53 51 52 50 47 54 49 48 46 62 61 60 55 57 58 56 63 59 67 66 65 64 70 68 69 71 72 78 75 76 74 77 79 80 73 81 83 88 90 84 89 87 86 85 82  7  8  9  1  2  5  4  6  3
 80 77 73 78 74 79 75 76 81 89 84 87 90 85 82 88 83 86  3  6  4  5  1  7  2  9  8 13 10 14 18 12 17 16 15 11 26 24 25 23 20 27 22 21 19 35 34 33 28 30 31 29 36 32 40 39 38 37 43 41 42 44 45 51 48 49 47 50 52 53 46 54 56 61 63 57 62 60 59 58 55 70 71 72 64 65 68 67 69 66
 62 59 55 60 56 61 57 58 63 71 66 69 72 67 64 70 65 68 75 78 76 77 73 79 74 81 80 85 82 86 90 84 89 88 87 83  8  6  7  5  2  9  4  3  1 17 16 15 10 12 13 11 18 14 22 21 20 19 25 23 24 26 27 33 30 31 29 32 34 35 28 36 38 43 45 39 44 42 41 40 37 52 53 54 46 47 50 49 51 48
 53 50 46 51 47 52 48 49 54 62 57 60 63 58 55 61 56 59 66 69 67 68 64 70 65 72 71 76 73 77 81 75 80 79 78 74 89 87 88 86 83 90 85 84 82  8  7  6  1  3  4  2  9  5 13 12 11 10 16 14 15 17 18 24 21 22 20 23 25 26 19 27 29 34 36 30 35 33 32 31 28 43 44 45 37 38 41 40 42 39
 26 23 19 24 20 25 21 22 27 35 30 33 36 31 28 34 29 32 39 42 40 41 37 43 38 45 44 49 46 50 54 48 53 52 51 47 62 60 61 59 56 63 58 57 55 71 70 69 64 66 67 65 72 68 76 75 74 73 79 77 78 80 81 87 84 85 83 86 88 89 82 90  2  7  9  3  8  6  5  4  1 16 17 18 10 11 14 13 15 12
  8  5  1  6  2  7  3  4  9 17 12 15 18 13 10 16 11 14 21 24 22 23 19 25 20 27 26 31 28 32 36 30 35 34 33 29 44 42 43 41 38 45 40 39 37 53 52 51 46 48 49 47 54 50 58 57 56 55 61 59 60 62 63 69 66 67 65 68 70 71 64 72 74 79 81 75 80 78 77 76 73 88 89 90 82 83 86 85 87 84
 35 32 28 33 29 34 30 31 36 44 39 42 45 40 37 43 38 41 48 51 49 50 46 52 47 54 53 58 55 59 63 57 62 61 60 56 71 69 70 68 65 72 67 66 64 80 79 78 73 75 76 74 81 77 85 84 83 82 88 86 87 89 90  6  3  4  2  5  7  8  1  9 11 16 18 12 17 15 14 13 10 25 26 27 19 20 23 22 24 21
 89 86 82 87 83 88 84 85 90  8  3  6  9  4  1  7  2  5 12 15 13 14 10 16 11 18 17 22 19 23 27 21 26 25 24 20 35 33 34 32 29 36 31 30 28 44 43 42 37 39 40 38 45 41 49 48 47 46 52 50 51 53 54 60 57 58 56 59 61 62 55 63 65 70 72 66 71 69 68 67 64 79 80 81 73 74 77 76 78 75
 71 68 64 69 65 70 66 67 72 80 75 78 81 76 73 79 74 77 84 87 85 86 82 88 83 90 89  4  1  5  9  3  8  7  6  2 17 15 16 14 11 18 13 12 10 26 25 24 19 21 22 20 27 23 31 30 29 28 34 32 33 35 36 42 39 40 38 41 43 44 37 45 47 52 54 48 53 51 50 49 46 61 62 63 55 56 59 58 60 57
