  9  6  8  2  3 11 15  7 13  1 18 17 14 12 10  4 16  5
 14 18 10 12 16 17  4  5  1  9  2  8 13  3 11  7  6 15
  7  4 14 10  8  9  5  2 12 18  1 15  6 16 17  3 13 11
 17 11 16  3  6 13 18  1 15 12  9  4  5 10  7  8 14  2
  8 14 13 18  5 10 17 15 16  4 11  9  2  7  6  1  3 12
  4  7  9  1 12  3  6 11  2  5 15 18 10 17 13 14  8 16
 18 16  6 15 10  7 13  9  4 14 12  5 11  2  8 17  1  3
  1 17  2 14 11  5 12  8  3 10  4  7 16  6  9 15 18 13
 16 12 11  7  9  6 10 14  8 17  5  1 18 13  3  2 15  4
  5 13 17  4 15  2  1  3 18  8  6 14  9 11 12 16  7 10
 12  9  4  6 17 15 11 10 14  3  7 13  1 18 16  5  2  8
 13  1  7 16  2  8  3 18  5 11 14 10 15  9  4 12 17  6
  3  8  1 13 18 16 14 17  9 15 10 12  4  5  2  6 11  7
 10  5 15 11  7  4  2 12  6 13 17 16  3  8  1 18  9 14
  6 15 12  9 13  1  7  4 11 16  3  2  8 14 18 10  5 17
  2  3  5 17 14 18  8 16 10  7 13  6 12  1 15 11  4  9
 11  2 18  5  4 12 16 13  7  6  8  3 17 15 14  9 10  1
 15 10  3  8  1 14  9  6 17  2 16 11  7  4  5 13 12 18
