0.0003440000000409782
0.0002714000002015382
0.0002015000063693151
0.00032669999927747995
0.0003667999990284443
0.00036050000926479697
0.0004309000069042668
0.000887200003489852
0.00023419999342877418
0.00039590000233147293
0.00033969999640248716
0.00029159999394323677
0.0002905000001192093
0.00047640000411774963
0.00039250000554602593
0.00043909999658353627
0.0007837000011932105
0.0002432000037515536
0.00045390000741463155
0.00035620000562630594
0.00020009999570902437
0.0002406999992672354
0.0007681999995838851
0.0003316999936942011
0.0005493000062415376
0.0002201000024797395
0.00023459999647457153
0.0004335999983595684
0.0003507999936118722
0.00031200000375974923
0.0003895000118063763
0.00024899998970795423
0.0002479999966453761
0.00036050000926479697
0.0006285999988904223
0.0013928999978816137
0.0002905000001192093
0.00025690000620670617
0.0003583999932743609
0.00031119999766815454
0.0002960999991046265
0.00020790001144632697
0.0002401000092504546
0.0003698999935295433
0.00022990000434219837
0.0003428999916650355
0.00028049999673385173
0.00020400001085363328
0.00019750000501517206
0.0002454000059515238
0.00034889999369625
0.00032279999868478626
0.00023380000493489206
0.0003406000032555312
0.00027290001162327826
0.00038889999268576503
0.0002128000051015988
0.0006088999944040552
0.000821099994936958
0.000407300001825206
0.00027040000713896006
0.0003133000136585906
0.00032839999767020345
0.0003926999925170094
0.0003333999920869246
0.0002351000002818182
0.00025549999554641545
0.00035280000884085894
0.0003015000111190602
0.00031779998971614987
0.0003003000019816682
0.0004273000085959211
0.00046379999548662454
0.00028649999876506627
0.00033059999987017363
0.00023910000163596123
0.0007904999947641045
0.0002592999953776598
0.00021779999951831996
0.00028079999901819974
0.0002869000018108636
0.0003257000062149018
0.0003679999936139211
0.00029070000164210796
0.00020280000171624124
0.0003183999942848459
0.0002271999983349815
0.0002869000018108636
0.0005010999884689227
0.00033969999640248716
0.00031550000130664557
0.0012996000004932284
0.00023379999038297683
0.00025710000772960484
0.00021519999427255243
0.000381799996830523
0.000730999992811121
0.00024370000755880028
0.0003600000054575503
0.0007541999948443845
0.00046019999717827886
