 17 16 15 13 11 18 12 14 10  7  8  4  9  5  6  3  2  1
  8  7  6  4  2  9  3  5  1 16 17 13 18 14 15 12 11 10
  9  8  7  5  3  1  4  6  2 17 18 14 10 15 16 13 12 11
 18 17 16 14 12 10 13 15 11  8  9  5  1  6  7  4  3  2
  1  9  8  6  4  2  5  7  3 18 10 15 11 16 17 14 13 12
 10 18 17 15 13 11 14 16 12  9  1  6  2  7  8  5  4  3
 11 10 18 16 14 12 15 17 13  1  2  7  3  8  9  6  5  4
  2  1  9  7  5  3  6  8  4 10 11 16 12 17 18 15 14 13
 12 11 10 17 15 13 16 18 14  2  3  8  4  9  1  7  6  5
  3  2  1  8  6  4  7  9  5 11 12 17 13 18 10 16 15 14
 13 12 11 18 16 14 17 10 15  3  4  9  5  1  2  8  7  6
  4  3  2  9  7  5  8  1  6 12 13 18 14 10 11 17 16 15
 14 13 12 10 17 15 18 11 16  4  5  1  6  2  3  9  8  7
  5  4  3  1  8  6  9  2  7 13 14 10 15 11 12 18 17 16
  6  5  4  2  9  7  1  3  8 14 15 11 16 12 13 10 18 17
 15 14 13 11 18 16 10 12 17  5  6  2  7  3  4  1  9  8
  7  6  5  3  1  8  2  4  9 15 16 12 17 13 14 11 10 18
 16 15 14 12 10 17 11 13 18  6  7  3  8  4  5  2  1  9
