 13 12 10 11 18 15 14 16 17  4  3  7  9  5  1  6  8  2
  4  3  1  2  9  6  5  7  8 13 12 16 18 14 10 15 17 11
 14 13 11 12 10 16 15 17 18  5  4  8  1  6  2  7  9  3
  5  4  2  3  1  7  6  8  9 14 13 17 10 15 11 16 18 12
  6  5  3  4  2  8  7  9  1 15 14 18 11 16 12 17 10 13
 15 14 12 13 11 17 16 18 10  6  5  9  2  7  3  8  1  4
 16 15 13 14 12 18 17 10 11  7  6  1  3  8  4  9  2  5
  7  6  4  5  3  9  8  1  2 16 15 10 12 17 13 18 11 14
  8  7  5  6  4  1  9  2  3 17 16 11 13 18 14 10 12 15
 17 16 14 15 13 10 18 11 12  8  7  2  4  9  5  1  3  6
 18 17 15 16 14 11 10 12 13  9  8  3  5  1  6  2  4  7
  9  8  6  7  5  2  1  3  4 18 17 12 14 10 15 11 13 16
  1  9  7  8  6  3  2  4  5 10 18 13 15 11 16 12 14 17
 10 18 16 17 15 12 11 13 14  1  9  4  6  2  7  3  5  8
  2  1  8  9  7  4  3  5  6 11 10 14 16 12 17 13 15 18
 11 10 17 18 16 13 12 14 15  2  1  5  7  3  8  4  6  9
 12 11 18 10 17 14 13 15 16  3  2  6  8  4  9  5  7  1
  3  2  9  1  8  5  4  6  7 12 11 15 17 13 18 14 16 10
