 22 23 20 21 24 19 25 29 28 27 26 30 34 36 35 33 32 31  5  2  3  6  4  1 10  9 11  8 12  7 17 14 18 16 13 15
 16 17 14 15 18 13 19 23 22 21 20 24 28 30 29 27 26 25 35 32 33 36 34 31  4  3  5  2  6  1 11  8 12 10  7  9
  4  5  2  3  6  1  7 11 10  9  8 12 16 18 17 15 14 13 23 20 21 24 22 19 28 27 29 26 30 25 35 32 36 34 31 33
 34 35 32 33 36 31  1  5  4  3  2  6 10 12 11  9  8  7 17 14 15 18 16 13 22 21 23 20 24 19 29 26 30 28 25 27
 28 29 26 27 30 25 31 35 34 33 32 36  4  6  5  3  2  1 11  8  9 12 10  7 16 15 17 14 18 13 23 20 24 22 19 21
 10 11  8  9 12  7 13 17 16 15 14 18 22 24 23 21 20 19 29 26 27 30 28 25 34 33 35 32 36 31  5  2  6  4  1  3
 17 18 15 16 13 14 20 24 23 22 21 19 29 25 30 28 27 26 36 33 34 31 35 32  5  4  6  3  1  2 12  9  7 11  8 10
 11 12  9 10  7  8 14 18 17 16 15 13 23 19 24 22 21 20 30 27 28 25 29 26 35 34 36 33 31 32  6  3  1  5  2  4
  5  6  3  4  1  2  8 12 11 10  9  7 17 13 18 16 15 14 24 21 22 19 23 20 29 28 30 27 25 26 36 33 31 35 32 34
 35 36 33 34 31 32  2  6  5  4  3  1 11  7 12 10  9  8 18 15 16 13 17 14 23 22 24 21 19 20 30 27 25 29 26 28
 29 30 27 28 25 26 32 36 35 34 33 31  5  1  6  4  3  2 12  9 10  7 11  8 17 16 18 15 13 14 24 21 19 23 20 22
 23 24 21 22 19 20 26 30 29 28 27 25 35 31 36 34 33 32  6  3  4  1  5  2 11 10 12  9  7  8 18 15 13 17 14 16
 24 19 22 23 20 21 27 25 30 29 28 26 36 32 31 35 34 33  1  4  5  2  6  3 12 11  7 10  8  9 13 16 14 18 15 17
 18 13 16 17 14 15 21 19 24 23 22 20 30 26 25 29 28 27 31 34 35 32 36 33  6  5  1  4  2  3  7 10  8 12  9 11
 36 31 34 35 32 33  3  1  6  5  4  2 12  8  7 11 10  9 13 16 17 14 18 15 24 23 19 22 20 21 25 28 26 30 27 29
  6  1  4  5  2  3  9  7 12 11 10  8 18 14 13 17 16 15 19 22 23 20 24 21 30 29 25 28 26 27 31 34 32 36 33 35
 12  7 10 11  8  9 15 13 18 17 16 14 24 20 19 23 22 21 25 28 29 26 30 27 36 35 31 34 32 33  1  4  2  6  3  5
 30 25 28 29 26 27 33 31 36 35 34 32  6  2  1  5  4  3  7 10 11  8 12  9 18 17 13 16 14 15 19 22 20 24 21 23
 25 26 29 30 27 28 34 32 31 36 35 33  1  3  2  6  5  4  8 11 12  9  7 10 13 18 14 17 15 16 20 23 21 19 22 24
  7  8 11 12  9 10 16 14 13 18 17 15 19 21 20 24 23 22 26 29 30 27 25 28 31 36 32 35 33 34  2  5  3  1  4  6
 19 20 23 24 21 22 28 26 25 30 29 27 31 33 32 36 35 34  2  5  6  3  1  4  7 12  8 11  9 10 14 17 15 13 16 18
 13 14 17 18 15 16 22 20 19 24 23 21 25 27 26 30 29 28 32 35 36 33 31 34  1  6  2  5  3  4  8 11  9  7 10 12
 31 32 35 36 33 34  4  2  1  6  5  3  7  9  8 12 11 10 14 17 18 15 13 16 19 24 20 23 21 22 26 29 27 25 28 30
  1  2  5  6  3  4 10  8  7 12 11  9 13 15 14 18 17 16 20 23 24 21 19 22 25 30 26 29 27 28 32 35 33 31 34 36
 32 33 36 31 34 35  5  3  2  1  6  4  8 10  9  7 12 11 15 18 13 16 14 17 20 19 21 24 22 23 27 30 28 26 29 25
 20 21 24 19 22 23 29 27 26 25 30 28 32 34 33 31 36 35  3  6  1  4  2  5  8  7  9 12 10 11 15 18 16 14 17 13
 26 27 30 25 28 29 35 33 32 31 36 34  2  4  3  1  6  5  9 12  7 10  8 11 14 13 15 18 16 17 21 24 22 20 23 19
  2  3  6  1  4  5 11  9  8  7 12 10 14 16 15 13 18 17 21 24 19 22 20 23 26 25 27 30 28 29 33 36 34 32 35 31
  8  9 12  7 10 11 17 15 14 13 18 16 20 22 21 19 24 23 27 30 25 28 26 29 32 31 33 36 34 35  3  6  4  2  5  1
 14 15 18 13 16 17 23 21 20 19 24 22 26 28 27 25 30 29 33 36 31 34 32 35  2  1  3  6  4  5  9 12 10  8 11  7
  3  4  1  2  5  6 12 10  9  8  7 11 15 17 16 14 13 18 22 19 20 23 21 24 27 26 28 25 29 30 34 31 35 33 36 32
  9 10  7  8 11 12 18 16 15 14 13 17 21 23 22 20 19 24 28 25 26 29 27 30 33 32 34 31 35 36  4  1  5  3  6  2
 27 28 25 26 29 30 36 34 33 32 31 35  3  5  4  2  1  6 10  7  8 11  9 12 15 14 16 13 17 18 22 19 23 21 24 20
 33 34 31 32 35 36  6  4  3  2  1  5  9 11 10  8  7 12 16 13 14 17 15 18 21 20 22 19 23 24 28 25 29 27 30 26
 15 16 13 14 17 18 24 22 21 20 19 23 27 29 28 26 25 30 34 31 32 35 33 36  3  2  4  1  5  6 10  7 11  9 12  8
 21 22 19 20 23 24 30 28 27 26 25 29 33 35 34 32 31 36  4  1  2  5  3  6  9  8 10  7 11 12 16 13 17 15 18 14
