0.000446999998530373
0.0004735999973490834
0.000839099993754644
0.0004236999957356602
0.0003484999979264103
0.0005344999954104424
0.0008686000001034699
0.00046070000098552555
0.0003469000002951361
0.00032920000376179814
0.0005574000024353154
0.0005371999941417016
0.0006791000050725415
0.0003802999999606982
0.0026127000019187108
0.0007829999958630651
0.000436399997852277
0.0004318999999668449
0.0007059999988996424
0.00042779999785125256
0.000727299993741326
0.0004800000024260953
0.0004517999987001531
0.0003939000016544014
0.0004533000028459355
0.000491600003442727
0.0007554000039817765
0.00038240000139921904
0.000989699998172
0.0005433999976958148
0.0004074000025866553
0.0003966000003856607
0.00037600000359816477
0.0004588000010699034
0.0003589999978430569
0.0007010000044829212
0.00030110000079730526
0.000352399998519104
0.000433300003351178
0.0006712000031257048
0.00036099999852012843
0.0004926999972667545
0.0004149999949731864
0.0017274999991059303
0.000650499998300802
0.00038530000165337697
0.0007387000005110167
0.0004415000003064051
0.00046629999997094274
0.0017091999980038963
0.0008046000002650544
0.0007932000007713214
0.0003299000018159859
0.00047169999743346125
0.0010103999957209453
0.0004973999966750853
0.00030530000367434695
0.0030670999985886738
0.0009630999993532896
0.0005593999958364293
0.000501599999552127
0.0005461999971885234
0.00036700000055134296
0.0006938000005902722
0.00038409999979194254
0.0007081000003381632
0.0003147999959765002
0.0006156000017654151
0.0005126000032760203
0.0011071999979321845
0.0005344999954104424
0.00041649999911896884
0.0007027999963611364
0.0007723999951849692
0.00037880000309087336
0.0004087999986950308
0.0008434000046690926
0.0012634000013349578
0.0005460000029415824
0.00039989999640965834
0.000556200000573881
0.0005859999946551397
0.0011135999957332388
0.0006522000039694831
0.0003865000035148114
0.0006194000015966594
0.0004533000028459355
0.0006772999986424111
0.003039900002477225
0.0005229000016697682
0.000428999999712687
0.0005036000002291985
0.0005072999992989935
0.0007247999965329655
0.0013502000001608394
0.0005489000031957403
0.0003460000007180497
0.0005803999956697226
0.0005630000014207326
0.0007292000009329058
0.0003152999997837469
