 22 21 17 23 19 18 20 24 29 25 28 30 32 27 26 31  4  3  2  5  7  1  6  8  9 16 11 13 10 15 14 12
 14 13  9 15 11 10 12 16 21 17 20 22 24 19 18 23 28 27 26 29 31 25 30 32  1  8  3  5  2  7  6  4
  6  5  1  7  3  2  4  8 13  9 12 14 16 11 10 15 20 19 18 21 23 17 22 24 25 32 27 29 26 31 30 28
 30 29 25 31 27 26 28 32  5  1  4  6  8  3  2  7 12 11 10 13 15  9 14 16 17 24 19 21 18 23 22 20
  7  6  2  8  4  3  5  1 14 10 13 15  9 12 11 16 21 20 19 22 24 18 23 17 26 25 28 30 27 32 31 29
 15 14 10 16 12 11 13  9 22 18 21 23 17 20 19 24 29 28 27 30 32 26 31 25  2  1  4  6  3  8  7  5
 31 30 26 32 28 27 29 25  6  2  5  7  1  4  3  8 13 12 11 14 16 10 15  9 18 17 20 22 19 24 23 21
 23 22 18 24 20 19 21 17 30 26 29 31 25 28 27 32  5  4  3  6  8  2  7  1 10  9 12 14 11 16 15 13
 16 15 11  9 13 12 14 10 23 19 22 24 18 21 20 17 30 29 28 31 25 27 32 26  3  2  5  7  4  1  8  6
 32 31 27 25 29 28 30 26  7  3  6  8  2  5  4  1 14 13 12 15  9 11 16 10 19 18 21 23 20 17 24 22
 24 23 19 17 21 20 22 18 31 27 30 32 26 29 28 25  6  5  4  7  1  3  8  2 11 10 13 15 12  9 16 14
  8  7  3  1  5  4  6  2 15 11 14 16 10 13 12  9 22 21 20 23 17 19 24 18 27 26 29 31 28 25 32 30
  9 16 12 10 14 13 15 11 24 20 23 17 19 22 21 18 31 30 29 32 26 28 25 27  4  3  6  8  5  2  1  7
  1  8  4  2  6  5  7  3 16 12 15  9 11 14 13 10 23 22 21 24 18 20 17 19 28 27 30 32 29 26 25 31
 25 32 28 26 30 29 31 27  8  4  7  1  3  6  5  2 15 14 13 16 10 12  9 11 20 19 22 24 21 18 17 23
 17 24 20 18 22 21 23 19 32 28 31 25 27 30 29 26  7  6  5  8  2  4  1  3 12 11 14 16 13 10  9 15
 26 25 29 27 31 30 32 28  1  5  8  2  4  7  6  3 16 15 14  9 11 13 10 12 21 20 23 17 22 19 18 24
 10  9 13 11 15 14 16 12 17 21 24 18 20 23 22 19 32 31 30 25 27 29 26 28  5  4  7  1  6  3  2  8
  2  1  5  3  7  6  8  4  9 13 16 10 12 15 14 11 24 23 22 17 19 21 18 20 29 28 31 25 30 27 26 32
 18 17 21 19 23 22 24 20 25 29 32 26 28 31 30 27  8  7  6  1  3  5  2  4 13 12 15  9 14 11 10 16
 19 18 22 20 24 23 17 21 26 30 25 27 29 32 31 28  1  8  7  2  4  6  3  5 14 13 16 10 15 12 11  9
 27 26 30 28 32 31 25 29  2  6  1  3  5  8  7  4  9 16 15 10 12 14 11 13 22 21 24 18 23 20 19 17
  3  2  6  4  8  7  1  5 10 14  9 11 13 16 15 12 17 24 23 18 20 22 19 21 30 29 32 26 31 28 27 25
 11 10 14 12 16 15  9 13 18 22 17 19 21 24 23 20 25 32 31 26 28 30 27 29  6  5  8  2  7  4  3  1
  4  3  7  5  1  8  2  6 11 15 10 12 14  9 16 13 18 17 24 19 21 23 20 22 31 30 25 27 32 29 28 26
 12 11 15 13  9 16 10 14 19 23 18 20 22 17 24 21 26 25 32 27 29 31 28 30  7  6  1  3  8  5  4  2
 20 19 23 21 17 24 18 22 27 31 26 28 30 25 32 29  2  1  8  3  5  7  4  6 15 14  9 11 16 13 12 10
 28 27 31 29 25 32 26 30  3  7  2  4  6  1  8  5 10  9 16 11 13 15 12 14 23 22 17 19 24 21 20 18
  5  4  8  6  2  1  3  7 12 16 11 13 15 10  9 14 19 18 17 20 22 24 21 23 32 31 26 28 25 30 29 27
 13 12 16 14 10  9 11 15 20 24 19 21 23 18 17 22 27 26 25 28 30 32 29 31  8  7  2  4  1  6  5  3
 21 20 24 22 18 17 19 23 28 32 27 29 31 26 25 30  3  2  1  4  6  8  5  7 16 15 10 12  9 14 13 11
 29 28 32 30 26 25 27 31  4  8  3  5  7  2  1  6 11 10  9 12 14 16 13 15 24 23 18 20 17 22 21 19
