  3  7  5  6  2  4  1 12  8 11 13 14  9 10 15 17 19 18 20 21 16 28 22 26 24 25 27 23 34 29 32 35 33 31 30 39 38 36 40 41 37 42 49 45 44 47 48 43 46 51 54 52 53 56 55 50 60 59 62 63 57 61 58 64 67 70 69 66 65 68
 24 28 26 27 23 25 22 33 29 32 34 35 30 31 36 38 40 39 41 42 37 49 43 47 45 46 48 44 55 50 53 56 54 52 51 60 59 57 61 62 58 63 70 66 65 68 69 64 67  2  5  3  4  7  6  1 11 10 13 14  8 12  9 15 18 21 20 17 16 19
 10 14 12 13  9 11  8 19 15 18 20 21 16 17 22 24 26 25 27 28 23 35 29 33 31 32 34 30 41 36 39 42 40 38 37 46 45 43 47 48 44 49 56 52 51 54 55 50 53 58 61 59 60 63 62 57 67 66 69 70 64 68 65  1  4  7  6  3  2  5
 66 70 68 69 65 67 64  5  1  4  6  7  2  3  8 10 12 11 13 14  9 21 15 19 17 18 20 16 27 22 25 28 26 24 23 32 31 29 33 34 30 35 42 38 37 40 41 36 39 44 47 45 46 49 48 43 53 52 55 56 50 54 51 57 60 63 62 59 58 61
 38 42 40 41 37 39 36 47 43 46 48 49 44 45 50 52 54 53 55 56 51 63 57 61 59 60 62 58 69 64 67 70 68 66 65  4  3  1  5  6  2  7 14 10  9 12 13  8 11 16 19 17 18 21 20 15 25 24 27 28 22 26 23 29 32 35 34 31 30 33
 31 35 33 34 30 32 29 40 36 39 41 42 37 38 43 45 47 46 48 49 44 56 50 54 52 53 55 51 62 57 60 63 61 59 58 67 66 64 68 69 65 70  7  3  2  5  6  1  4  9 12 10 11 14 13  8 18 17 20 21 15 19 16 22 25 28 27 24 23 26
 45 49 47 48 44 46 43 54 50 53 55 56 51 52 57 59 61 60 62 63 58 70 64 68 66 67 69 65  6  1  4  7  5  3  2 11 10  8 12 13  9 14 21 17 16 19 20 15 18 23 26 24 25 28 27 22 32 31 34 35 29 33 30 36 39 42 41 38 37 40
 52 56 54 55 51 53 50 61 57 60 62 63 58 59 64 66 68 67 69 70 65  7  1  5  3  4  6  2 13  8 11 14 12 10  9 18 17 15 19 20 16 21 28 24 23 26 27 22 25 30 33 31 32 35 34 29 39 38 41 42 36 40 37 43 46 49 48 45 44 47
 59 63 61 62 58 60 57 68 64 67 69 70 65 66  1  3  5  4  6  7  2 14  8 12 10 11 13  9 20 15 18 21 19 17 16 25 24 22 26 27 23 28 35 31 30 33 34 29 32 37 40 38 39 42 41 36 46 45 48 49 43 47 44 50 53 56 55 52 51 54
 17 21 19 20 16 18 15 26 22 25 27 28 23 24 29 31 33 32 34 35 30 42 36 40 38 39 41 37 48 43 46 49 47 45 44 53 52 50 54 55 51 56 63 59 58 61 62 57 60 65 68 66 67 70 69 64  4  3  6  7  1  5  2  8 11 14 13 10  9 12
 67 64 69 70 66 68 65  6  2  5  7  1  3  4  9 11 13 12 14  8 10 15 16 20 18 19 21 17 28 23 26 22 27 25 24 33 32 30 34 35 31 29 36 39 38 41 42 37 40 45 48 46 47 43 49 44 54 53 56 50 51 55 52 58 61 57 63 60 59 62
 25 22 27 28 24 26 23 34 30 33 35 29 31 32 37 39 41 40 42 36 38 43 44 48 46 47 49 45 56 51 54 50 55 53 52 61 60 58 62 63 59 57 64 67 66 69 70 65 68  3  6  4  5  1  7  2 12 11 14  8  9 13 10 16 19 15 21 18 17 20
 18 15 20 21 17 19 16 27 23 26 28 22 24 25 30 32 34 33 35 29 31 36 37 41 39 40 42 38 49 44 47 43 48 46 45 54 53 51 55 56 52 50 57 60 59 62 63 58 61 66 69 67 68 64 70 65  5  4  7  1  2  6  3  9 12  8 14 11 10 13
 60 57 62 63 59 61 58 69 65 68 70 64 66 67  2  4  6  5  7  1  3  8  9 13 11 12 14 10 21 16 19 15 20 18 17 26 25 23 27 28 24 22 29 32 31 34 35 30 33 38 41 39 40 36 42 37 47 46 49 43 44 48 45 51 54 50 56 53 52 55
  4  1  6  7  3  5  2 13  9 12 14  8 10 11 16 18 20 19 21 15 17 22 23 27 25 26 28 24 35 30 33 29 34 32 31 40 39 37 41 42 38 36 43 46 45 48 49 44 47 52 55 53 54 50 56 51 61 60 63 57 58 62 59 65 68 64 70 67 66 69
 39 36 41 42 38 40 37 48 44 47 49 43 45 46 51 53 55 54 56 50 52 57 58 62 60 61 63 59 70 65 68 64 69 67 66  5  4  2  6  7  3  1  8 11 10 13 14  9 12 17 20 18 19 15 21 16 26 25 28 22 23 27 24 30 33 29 35 32 31 34
 46 43 48 49 45 47 44 55 51 54 56 50 52 53 58 60 62 61 63 57 59 64 65 69 67 68 70 66  7  2  5  1  6  4  3 12 11  9 13 14 10  8 15 18 17 20 21 16 19 24 27 25 26 22 28 23 33 32 35 29 30 34 31 37 40 36 42 39 38 41
 11  8 13 14 10 12  9 20 16 19 21 15 17 18 23 25 27 26 28 22 24 29 30 34 32 33 35 31 42 37 40 36 41 39 38 47 46 44 48 49 45 43 50 53 52 55 56 51 54 59 62 60 61 57 63 58 68 67 70 64 65 69 66  2  5  1  7  4  3  6
 32 29 34 35 31 33 30 41 37 40 42 36 38 39 44 46 48 47 49 43 45 50 51 55 53 54 56 52 63 58 61 57 62 60 59 68 67 65 69 70 66 64  1  4  3  6  7  2  5 10 13 11 12  8 14  9 19 18 21 15 16 20 17 23 26 22 28 25 24 27
 53 50 55 56 52 54 51 62 58 61 63 57 59 60 65 67 69 68 70 64 66  1  2  6  4  5  7  3 14  9 12  8 13 11 10 19 18 16 20 21 17 15 22 25 24 27 28 23 26 31 34 32 33 29 35 30 40 39 42 36 37 41 38 44 47 43 49 46 45 48
 61 58 63 57 60 62 59 70 66 69 64 65 67 68  3  5  7  6  1  2  4  9 10 14 12 13  8 11 15 17 20 16 21 19 18 27 26 24 28 22 25 23 30 33 32 35 29 31 34 39 42 40 41 37 36 38 48 47 43 44 45 49 46 52 55 51 50 54 53 56
 19 16 21 15 18 20 17 28 24 27 22 23 25 26 31 33 35 34 29 30 32 37 38 42 40 41 36 39 43 45 48 44 49 47 46 55 54 52 56 50 53 51 58 61 60 63 57 59 62 67 70 68 69 65 64 66  6  5  1  2  3  7  4 10 13  9  8 12 11 14
 12  9 14  8 11 13 10 21 17 20 15 16 18 19 24 26 28 27 22 23 25 30 31 35 33 34 29 32 36 38 41 37 42 40 39 48 47 45 49 43 46 44 51 54 53 56 50 52 55 60 63 61 62 58 57 59 69 68 64 65 66 70 67  3  6  2  1  5  4  7
 40 37 42 36 39 41 38 49 45 48 43 44 46 47 52 54 56 55 50 51 53 58 59 63 61 62 57 60 64 66 69 65 70 68 67  6  5  3  7  1  4  2  9 12 11 14  8 10 13 18 21 19 20 16 15 17 27 26 22 23 24 28 25 31 34 30 29 33 32 35
 68 65 70 64 67 69 66  7  3  6  1  2  4  5 10 12 14 13  8  9 11 16 17 21 19 20 15 18 22 24 27 23 28 26 25 34 33 31 35 29 32 30 37 40 39 42 36 38 41 46 49 47 48 44 43 45 55 54 50 51 52 56 53 59 62 58 57 61 60 63
 54 51 56 50 53 55 52 63 59 62 57 58 60 61 66 68 70 69 64 65 67  2  3  7  5  6  1  4  8 10 13  9 14 12 11 20 19 17 21 15 18 16 23 26 25 28 22 24 27 32 35 33 34 30 29 31 41 40 36 37 38 42 39 45 48 44 43 47 46 49
 47 44 49 43 46 48 45 56 52 55 50 51 53 54 59 61 63 62 57 58 60 65 66 70 68 69 64 67  1  3  6  2  7  5  4 13 12 10 14  8 11  9 16 19 18 21 15 17 20 25 28 26 27 23 22 24 34 33 29 30 31 35 32 38 41 37 36 40 39 42
  5  2  7  1  4  6  3 14 10 13  8  9 11 12 17 19 21 20 15 16 18 23 24 28 26 27 22 25 29 31 34 30 35 33 32 41 40 38 42 36 39 37 44 47 46 49 43 45 48 53 56 54 55 51 50 52 62 61 57 58 59 63 60 66 69 65 64 68 67 70
 26 23 28 22 25 27 24 35 31 34 29 30 32 33 38 40 42 41 36 37 39 44 45 49 47 48 43 46 50 52 55 51 56 54 53 62 61 59 63 57 60 58 65 68 67 70 64 66 69  4  7  5  6  2  1  3 13 12  8  9 10 14 11 17 20 16 15 19 18 21
 33 30 35 29 32 34 31 42 38 41 36 37 39 40 45 47 49 48 43 44 46 51 52 56 54 55 50 53 57 59 62 58 63 61 60 69 68 66 70 64 67 65  2  5  4  7  1  3  6 11 14 12 13  9  8 10 20 19 15 16 17 21 18 24 27 23 22 26 25 28
 20 17 15 16 19 21 18 22 25 28 23 24 26 27 32 34 29 35 30 31 33 38 39 36 41 42 37 40 44 46 49 45 43 48 47 56 55 53 50 51 54 52 59 62 61 57 58 60 63 68 64 69 70 66 65 67  7  6  2  3  4  1  5 11 14 10  9 13 12  8
 13 10  8  9 12 14 11 15 18 21 16 17 19 20 25 27 22 28 23 24 26 31 32 29 34 35 30 33 37 39 42 38 36 41 40 49 48 46 43 44 47 45 52 55 54 50 51 53 56 61 57 62 63 59 58 60 70 69 65 66 67 64 68  4  7  3  2  6  5  1
 55 52 50 51 54 56 53 57 60 63 58 59 61 62 67 69 64 70 65 66 68  3  4  1  6  7  2  5  9 11 14 10  8 13 12 21 20 18 15 16 19 17 24 27 26 22 23 25 28 33 29 34 35 31 30 32 42 41 37 38 39 36 40 46 49 45 44 48 47 43
 27 24 22 23 26 28 25 29 32 35 30 31 33 34 39 41 36 42 37 38 40 45 46 43 48 49 44 47 51 53 56 52 50 55 54 63 62 60 57 58 61 59 66 69 68 64 65 67 70  5  1  6  7  3  2  4 14 13  9 10 11  8 12 18 21 17 16 20 19 15
 48 45 43 44 47 49 46 50 53 56 51 52 54 55 60 62 57 63 58 59 61 66 67 64 69 70 65 68  2  4  7  3  1  6  5 14 13 11  8  9 12 10 17 20 19 15 16 18 21 26 22 27 28 24 23 25 35 34 30 31 32 29 33 39 42 38 37 41 40 36
 62 59 57 58 61 63 60 64 67 70 65 66 68 69  4  6  1  7  2  3  5 10 11  8 13 14  9 12 16 18 21 17 15 20 19 28 27 25 22 23 26 24 31 34 33 29 30 32 35 40 36 41 42 38 37 39 49 48 44 45 46 43 47 53 56 52 51 55 54 50
 69 66 64 65 68 70 67  1  4  7  2  3  5  6 11 13  8 14  9 10 12 17 18 15 20 21 16 19 23 25 28 24 22 27 26 35 34 32 29 30 33 31 38 41 40 36 37 39 42 47 43 48 49 45 44 46 56 55 51 52 53 50 54 60 63 59 58 62 61 57
 34 31 29 30 33 35 32 36 39 42 37 38 40 41 46 48 43 49 44 45 47 52 53 50 55 56 51 54 58 60 63 59 57 62 61 70 69 67 64 65 68 66  3  6  5  1  2  4  7 12  8 13 14 10  9 11 21 20 16 17 18 15 19 25 28 24 23 27 26 22
  6  3  1  2  5  7  4  8 11 14  9 10 12 13 18 20 15 21 16 17 19 24 25 22 27 28 23 26 30 32 35 31 29 34 33 42 41 39 36 37 40 38 45 48 47 43 44 46 49 54 50 55 56 52 51 53 63 62 58 59 60 57 61 67 70 66 65 69 68 64
 41 38 36 37 40 42 39 43 46 49 44 45 47 48 53 55 50 56 51 52 54 59 60 57 62 63 58 61 65 67 70 66 64 69 68  7  6  4  1  2  5  3 10 13 12  8  9 11 14 19 15 20 21 17 16 18 28 27 23 24 25 22 26 32 35 31 30 34 33 29
 14 11  9 10 13  8 12 16 19 15 17 18 20 21 26 28 23 22 24 25 27 32 33 30 35 29 31 34 38 40 36 39 37 42 41 43 49 47 44 45 48 46 53 56 55 51 52 54 50 62 58 63 57 60 59 61 64 70 66 67 68 65 69  5  1  4  3  7  6  2
 70 67 65 66 69 64 68  2  5  1  3  4  6  7 12 14  9  8 10 11 13 18 19 16 21 15 17 20 24 26 22 25 23 28 27 29 35 33 30 31 34 32 39 42 41 37 38 40 36 48 44 49 43 46 45 47 50 56 52 53 54 51 55 61 57 60 59 63 62 58
 35 32 30 31 34 29 33 37 40 36 38 39 41 42 47 49 44 43 45 46 48 53 54 51 56 50 52 55 59 61 57 60 58 63 62 64 70 68 65 66 69 67  4  7  6  2  3  5  1 13  9 14  8 11 10 12 15 21 17 18 19 16 20 26 22 25 24 28 27 23
  7  4  2  3  6  1  5  9 12  8 10 11 13 14 19 21 16 15 17 18 20 25 26 23 28 22 24 27 31 33 29 32 30 35 34 36 42 40 37 38 41 39 46 49 48 44 45 47 43 55 51 56 50 53 52 54 57 63 59 60 61 58 62 68 64 67 66 70 69 65
 28 25 23 24 27 22 26 30 33 29 31 32 34 35 40 42 37 36 38 39 41 46 47 44 49 43 45 48 52 54 50 53 51 56 55 57 63 61 58 59 62 60 67 70 69 65 66 68 64  6  2  7  1  4  3  5  8 14 10 11 12  9 13 19 15 18 17 21 20 16
 42 39 37 38 41 36 40 44 47 43 45 46 48 49 54 56 51 50 52 53 55 60 61 58 63 57 59 62 66 68 64 67 65 70 69  1  7  5  2  3  6  4 11 14 13  9 10 12  8 20 16 21 15 18 17 19 22 28 24 25 26 23 27 33 29 32 31 35 34 30
 21 18 16 17 20 15 19 23 26 22 24 25 27 28 33 35 30 29 31 32 34 39 40 37 42 36 38 41 45 47 43 46 44 49 48 50 56 54 51 52 55 53 60 63 62 58 59 61 57 69 65 70 64 67 66 68  1  7  3  4  5  2  6 12  8 11 10 14 13  9
 63 60 58 59 62 57 61 65 68 64 66 67 69 70  5  7  2  1  3  4  6 11 12  9 14  8 10 13 17 19 15 18 16 21 20 22 28 26 23 24 27 25 32 35 34 30 31 33 29 41 37 42 36 39 38 40 43 49 45 46 47 44 48 54 50 53 52 56 55 51
 49 46 44 45 48 43 47 51 54 50 52 53 55 56 61 63 58 57 59 60 62 67 68 65 70 64 66 69  3  5  1  4  2  7  6  8 14 12  9 10 13 11 18 21 20 16 17 19 15 27 23 28 22 25 24 26 29 35 31 32 33 30 34 40 36 39 38 42 41 37
 56 53 51 52 55 50 54 58 61 57 59 60 62 63 68 70 65 64 66 67 69  4  5  2  7  1  3  6 10 12  8 11  9 14 13 15 21 19 16 17 20 18 25 28 27 23 24 26 22 34 30 35 29 32 31 33 36 42 38 39 40 37 41 47 43 46 45 49 48 44
 29 33 31 32 35 30 34 38 41 37 39 40 42 36 48 43 45 44 46 47 49 54 55 52 50 51 53 56 60 62 58 61 59 57 63 65 64 69 66 67 70 68  5  1  7  3  4  6  2 14 10  8  9 12 11 13 16 15 18 19 20 17 21 27 23 26 25 22 28 24
  8 12 10 11 14  9 13 17 20 16 18 19 21 15 27 22 24 23 25 26 28 33 34 31 29 30 32 35 39 41 37 40 38 36 42 44 43 48 45 46 49 47 54 50 56 52 53 55 51 63 59 57 58 61 60 62 65 64 67 68 69 66 70  6  2  5  4  1  7  3
 22 26 24 25 28 23 27 31 34 30 32 33 35 29 41 36 38 37 39 40 42 47 48 45 43 44 46 49 53 55 51 54 52 50 56 58 57 62 59 60 63 61 68 64 70 66 67 69 65  7  3  1  2  5  4  6  9  8 11 12 13 10 14 20 16 19 18 15 21 17
 64 68 66 67 70 65 69  3  6  2  4  5  7  1 13  8 10  9 11 12 14 19 20 17 15 16 18 21 25 27 23 26 24 22 28 30 29 34 31 32 35 33 40 36 42 38 39 41 37 49 45 43 44 47 46 48 51 50 53 54 55 52 56 62 58 61 60 57 63 59
  1  5  3  4  7  2  6 10 13  9 11 12 14  8 20 15 17 16 18 19 21 26 27 24 22 23 25 28 32 34 30 33 31 29 35 37 36 41 38 39 42 40 47 43 49 45 46 48 44 56 52 50 51 54 53 55 58 57 60 61 62 59 63 69 65 68 67 64 70 66
 43 47 45 46 49 44 48 52 55 51 53 54 56 50 62 57 59 58 60 61 63 68 69 66 64 65 67 70  4  6  2  5  3  1  7  9  8 13 10 11 14 12 19 15 21 17 18 20 16 28 24 22 23 26 25 27 30 29 32 33 34 31 35 41 37 40 39 36 42 38
 36 40 38 39 42 37 41 45 48 44 46 47 49 43 55 50 52 51 53 54 56 61 62 59 57 58 60 63 67 69 65 68 66 64 70  2  1  6  3  4  7  5 12  8 14 10 11 13  9 21 17 15 16 19 18 20 23 22 25 26 27 24 28 34 30 33 32 29 35 31
 15 19 17 18 21 16 20 24 27 23 25 26 28 22 34 29 31 30 32 33 35 40 41 38 36 37 39 42 46 48 44 47 45 43 49 51 50 55 52 53 56 54 61 57 63 59 60 62 58 70 66 64 65 68 67 69  2  1  4  5  6  3  7 13  9 12 11  8 14 10
 57 61 59 60 63 58 62 66 69 65 67 68 70 64  6  1  3  2  4  5  7 12 13 10  8  9 11 14 18 20 16 19 17 15 21 23 22 27 24 25 28 26 33 29 35 31 32 34 30 42 38 36 37 40 39 41 44 43 46 47 48 45 49 55 51 54 53 50 56 52
 50 54 52 53 56 51 55 59 62 58 60 61 63 57 69 64 66 65 67 68 70  5  6  3  1  2  4  7 11 13  9 12 10  8 14 16 15 20 17 18 21 19 26 22 28 24 25 27 23 35 31 29 30 33 32 34 37 36 39 40 41 38 42 48 44 47 46 43 49 45
 16 20 18 19 15 17 21 25 28 24 26 27 22 23 35 30 32 31 33 34 29 41 42 39 37 38 40 36 47 49 45 48 46 44 43 52 51 56 53 54 50 55 62 58 57 60 61 63 59 64 67 65 66 69 68 70  3  2  5  6  7  4  1 14 10 13 12  9  8 11
 65 69 67 68 64 66 70  4  7  3  5  6  1  2 14  9 11 10 12 13  8 20 21 18 16 17 19 15 26 28 24 27 25 23 22 31 30 35 32 33 29 34 41 37 36 39 40 42 38 43 46 44 45 48 47 49 52 51 54 55 56 53 50 63 59 62 61 58 57 60
 58 62 60 61 57 59 63 67 70 66 68 69 64 65  7  2  4  3  5  6  1 13 14 11  9 10 12  8 19 21 17 20 18 16 15 24 23 28 25 26 22 27 34 30 29 32 33 35 31 36 39 37 38 41 40 42 45 44 47 48 49 46 43 56 52 55 54 51 50 53
 51 55 53 54 50 52 56 60 63 59 61 62 57 58 70 65 67 66 68 69 64  6  7  4  2  3  5  1 12 14 10 13 11  9  8 17 16 21 18 19 15 20 27 23 22 25 26 28 24 29 32 30 31 34 33 35 38 37 40 41 42 39 36 49 45 48 47 44 43 46
  2  6  4  5  1  3  7 11 14 10 12 13  8  9 21 16 18 17 19 20 15 27 28 25 23 24 26 22 33 35 31 34 32 30 29 38 37 42 39 40 36 41 48 44 43 46 47 49 45 50 53 51 52 55 54 56 59 58 61 62 63 60 57 70 66 69 68 65 64 67
  9 13 11 12  8 10 14 18 21 17 19 20 15 16 28 23 25 24 26 27 22 34 35 32 30 31 33 29 40 42 38 41 39 37 36 45 44 49 46 47 43 48 55 51 50 53 54 56 52 57 60 58 59 62 61 63 66 65 68 69 70 67 64  7  3  6  5  2  1  4
 30 34 32 33 29 31 35 39 42 38 40 41 36 37 49 44 46 45 47 48 43 55 56 53 51 52 54 50 61 63 59 62 60 58 57 66 65 70 67 68 64 69  6  2  1  4  5  7  3  8 11  9 10 13 12 14 17 16 19 20 21 18 15 28 24 27 26 23 22 25
 37 41 39 40 36 38 42 46 49 45 47 48 43 44 56 51 53 52 54 55 50 62 63 60 58 59 61 57 68 70 66 69 67 65 64  3  2  7  4  5  1  6 13  9  8 11 12 14 10 15 18 16 17 20 19 21 24 23 26 27 28 25 22 35 31 34 33 30 29 32
 23 27 25 26 22 24 28 32 35 31 33 34 29 30 42 37 39 38 40 41 36 48 49 46 44 45 47 43 54 56 52 55 53 51 50 59 58 63 60 61 57 62 69 65 64 67 68 70 66  1  4  2  3  6  5  7 10  9 12 13 14 11  8 21 17 20 19 16 15 18
 44 48 46 47 43 45 49 53 56 52 54 55 50 51 63 58 60 59 61 62 57 69 70 67 65 66 68 64  5  7  3  6  4  2  1 10  9 14 11 12  8 13 20 16 15 18 19 21 17 22 25 23 24 27 26 28 31 30 33 34 35 32 29 42 38 41 40 37 36 39
