 68 67 64 70 65 69 66  4  1  3  7  2  6  5  9 13 11  8 12 14 10 21 17 16 18 19 15 20 24 23 27 28 25 26 22 35 30 34 32 33 31 29 42 39 37 36 41 40 38 44 48 46 47 49 43 45 51 54 56 53 50 55 52 61 60 58 63 59 57 62
 12 11  8 14  9 13 10 18 15 17 21 16 20 19 23 27 25 22 26 28 24 35 31 30 32 33 29 34 38 37 41 42 39 40 36 49 44 48 46 47 45 43 56 53 51 50 55 54 52 58 62 60 61 63 57 59 65 68 70 67 64 69 66  5  4  2  7  3  1  6
 26 25 22 28 23 27 24 32 29 31 35 30 34 33 37 41 39 36 40 42 38 49 45 44 46 47 43 48 52 51 55 56 53 54 50 63 58 62 60 61 59 57 70 67 65 64 69 68 66  2  6  4  5  7  1  3  9 12 14 11  8 13 10 19 18 16 21 17 15 20
 19 18 15 21 16 20 17 25 22 24 28 23 27 26 30 34 32 29 33 35 31 42 38 37 39 40 36 41 45 44 48 49 46 47 43 56 51 55 53 54 52 50 63 60 58 57 62 61 59 65 69 67 68 70 64 66  2  5  7  4  1  6  3 12 11  9 14 10  8 13
 47 46 43 49 44 48 45 53 50 52 56 51 55 54 58 62 60 57 61 63 59 70 66 65 67 68 64 69  3  2  6  7  4  5  1 14  9 13 11 12 10  8 21 18 16 15 20 19 17 23 27 25 26 28 22 24 30 33 35 32 29 34 31 40 39 37 42 38 36 41
  5  4  1  7  2  6  3 11  8 10 14  9 13 12 16 20 18 15 19 21 17 28 24 23 25 26 22 27 31 30 34 35 32 33 29 42 37 41 39 40 38 36 49 46 44 43 48 47 45 51 55 53 54 56 50 52 58 61 63 60 57 62 59 68 67 65 70 66 64 69
 33 32 29 35 30 34 31 39 36 38 42 37 41 40 44 48 46 43 47 49 45 56 52 51 53 54 50 55 59 58 62 63 60 61 57 70 65 69 67 68 66 64  7  4  2  1  6  5  3  9 13 11 12 14  8 10 16 19 21 18 15 20 17 26 25 23 28 24 22 27
 61 60 57 63 58 62 59 67 64 66 70 65 69 68  2  6  4  1  5  7  3 14 10  9 11 12  8 13 17 16 20 21 18 19 15 28 23 27 25 26 24 22 35 32 30 29 34 33 31 37 41 39 40 42 36 38 44 47 49 46 43 48 45 54 53 51 56 52 50 55
 54 53 50 56 51 55 52 60 57 59 63 58 62 61 65 69 67 64 68 70 66  7  3  2  4  5  1  6 10  9 13 14 11 12  8 21 16 20 18 19 17 15 28 25 23 22 27 26 24 30 34 32 33 35 29 31 37 40 42 39 36 41 38 47 46 44 49 45 43 48
 40 39 36 42 37 41 38 46 43 45 49 44 48 47 51 55 53 50 54 56 52 63 59 58 60 61 57 62 66 65 69 70 67 68 64  7  2  6  4  5  3  1 14 11  9  8 13 12 10 16 20 18 19 21 15 17 23 26 28 25 22 27 24 33 32 30 35 31 29 34
 55 54 51 50 52 56 53 61 58 60 57 59 63 62 66 70 68 65 69 64 67  1  4  3  5  6  2  7 11 10 14  8 12 13  9 15 17 21 19 20 18 16 22 26 24 23 28 27 25 31 35 33 34 29 30 32 38 41 36 40 37 42 39 48 47 45 43 46 44 49
 13 12  9  8 10 14 11 19 16 18 15 17 21 20 24 28 26 23 27 22 25 29 32 31 33 34 30 35 39 38 42 36 40 41 37 43 45 49 47 48 46 44 50 54 52 51 56 55 53 59 63 61 62 57 58 60 66 69 64 68 65 70 67  6  5  3  1  4  2  7
  6  5  2  1  3  7  4 12  9 11  8 10 14 13 17 21 19 16 20 15 18 22 25 24 26 27 23 28 32 31 35 29 33 34 30 36 38 42 40 41 39 37 43 47 45 44 49 48 46 52 56 54 55 50 51 53 59 62 57 61 58 63 60 69 68 66 64 67 65 70
 41 40 37 36 38 42 39 47 44 46 43 45 49 48 52 56 54 51 55 50 53 57 60 59 61 62 58 63 67 66 70 64 68 69 65  1  3  7  5  6  4  2  8 12 10  9 14 13 11 17 21 19 20 15 16 18 24 27 22 26 23 28 25 34 33 31 29 32 30 35
 48 47 44 43 45 49 46 54 51 53 50 52 56 55 59 63 61 58 62 57 60 64 67 66 68 69 65 70  4  3  7  1  5  6  2  8 10 14 12 13 11  9 15 19 17 16 21 20 18 24 28 26 27 22 23 25 31 34 29 33 30 35 32 41 40 38 36 39 37 42
 20 19 16 15 17 21 18 26 23 25 22 24 28 27 31 35 33 30 34 29 32 36 39 38 40 41 37 42 46 45 49 43 47 48 44 50 52 56 54 55 53 51 57 61 59 58 63 62 60 66 70 68 69 64 65 67  3  6  1  5  2  7  4 13 12 10  8 11  9 14
 62 61 58 57 59 63 60 68 65 67 64 66 70 69  3  7  5  2  6  1  4  8 11 10 12 13  9 14 18 17 21 15 19 20 16 22 24 28 26 27 25 23 29 33 31 30 35 34 32 38 42 40 41 36 37 39 45 48 43 47 44 49 46 55 54 52 50 53 51 56
 34 33 30 29 31 35 32 40 37 39 36 38 42 41 45 49 47 44 48 43 46 50 53 52 54 55 51 56 60 59 63 57 61 62 58 64 66 70 68 69 67 65  1  5  3  2  7  6  4 10 14 12 13  8  9 11 17 20 15 19 16 21 18 27 26 24 22 25 23 28
 27 26 23 22 24 28 25 33 30 32 29 31 35 34 38 42 40 37 41 36 39 43 46 45 47 48 44 49 53 52 56 50 54 55 51 57 59 63 61 62 60 58 64 68 66 65 70 69 67  3  7  5  6  1  2  4 10 13  8 12  9 14 11 20 19 17 15 18 16 21
 69 68 65 64 66 70 67  5  2  4  1  3  7  6 10 14 12  9 13  8 11 15 18 17 19 20 16 21 25 24 28 22 26 27 23 29 31 35 33 34 32 30 36 40 38 37 42 41 39 45 49 47 48 43 44 46 52 55 50 54 51 56 53 62 61 59 57 60 58 63
  7  6  3  2  4  1  5 13 10 12  9 11  8 14 18 15 20 17 21 16 19 23 26 25 27 28 24 22 33 32 29 30 34 35 31 37 39 36 41 42 40 38 44 48 46 45 43 49 47 53 50 55 56 51 52 54 60 63 58 62 59 57 61 70 69 67 65 68 66 64
 14 13 10  9 11  8 12 20 17 19 16 18 15 21 25 22 27 24 28 23 26 30 33 32 34 35 31 29 40 39 36 37 41 42 38 44 46 43 48 49 47 45 51 55 53 52 50 56 54 60 57 62 63 58 59 61 67 70 65 69 66 64 68  7  6  4  2  5  3  1
 42 41 38 37 39 36 40 48 45 47 44 46 43 49 53 50 55 52 56 51 54 58 61 60 62 63 59 57 68 67 64 65 69 70 66  2  4  1  6  7  5  3  9 13 11 10  8 14 12 18 15 20 21 16 17 19 25 28 23 27 24 22 26 35 34 32 30 33 31 29
 21 20 17 16 18 15 19 27 24 26 23 25 22 28 32 29 34 31 35 30 33 37 40 39 41 42 38 36 47 46 43 44 48 49 45 51 53 50 55 56 54 52 58 62 60 59 57 63 61 67 64 69 70 65 66 68  4  7  2  6  3  1  5 14 13 11  9 12 10  8
 56 55 52 51 53 50 54 62 59 61 58 60 57 63 67 64 69 66 70 65 68  2  5  4  6  7  3  1 12 11  8  9 13 14 10 16 18 15 20 21 19 17 23 27 25 24 22 28 26 32 29 34 35 30 31 33 39 42 37 41 38 36 40 49 48 46 44 47 45 43
 28 27 24 23 25 22 26 34 31 33 30 32 29 35 39 36 41 38 42 37 40 44 47 46 48 49 45 43 54 53 50 51 55 56 52 58 60 57 62 63 61 59 65 69 67 66 64 70 68  4  1  6  7  2  3  5 11 14  9 13 10  8 12 21 20 18 16 19 17 15
 70 69 66 65 67 64 68  6  3  5  2  4  1  7 11  8 13 10 14  9 12 16 19 18 20 21 17 15 26 25 22 23 27 28 24 30 32 29 34 35 33 31 37 41 39 38 36 42 40 46 43 48 49 44 45 47 53 56 51 55 52 50 54 63 62 60 58 61 59 57
 49 48 45 44 46 43 47 55 52 54 51 53 50 56 60 57 62 59 63 58 61 65 68 67 69 70 66 64  5  4  1  2  6  7  3  9 11  8 13 14 12 10 16 20 18 17 15 21 19 25 22 27 28 23 24 26 32 35 30 34 31 29 33 42 41 39 37 40 38 36
 35 34 31 30 32 29 33 41 38 40 37 39 36 42 46 43 48 45 49 44 47 51 54 53 55 56 52 50 61 60 57 58 62 63 59 65 67 64 69 70 68 66  2  6  4  3  1  7  5 11  8 13 14  9 10 12 18 21 16 20 17 15 19 28 27 25 23 26 24 22
 63 62 59 58 60 57 61 69 66 68 65 67 64 70  4  1  6  3  7  2  5  9 12 11 13 14 10  8 19 18 15 16 20 21 17 23 25 22 27 28 26 24 30 34 32 31 29 35 33 39 36 41 42 37 38 40 46 49 44 48 45 43 47 56 55 53 51 54 52 50
  8 14 11 10 12  9 13 21 18 20 17 19 16 15 26 23 28 25 22 24 27 31 34 33 35 29 32 30 41 40 37 38 42 36 39 45 47 44 49 43 48 46 52 56 54 53 51 50 55 61 58 63 57 59 60 62 68 64 66 70 67 65 69  1  7  5  3  6  4  2
 29 35 32 31 33 30 34 42 39 41 38 40 37 36 47 44 49 46 43 45 48 52 55 54 56 50 53 51 62 61 58 59 63 57 60 66 68 65 70 64 69 67  3  7  5  4  2  1  6 12  9 14  8 10 11 13 19 15 17 21 18 16 20 22 28 26 24 27 25 23
 43 49 46 45 47 44 48 56 53 55 52 54 51 50 61 58 63 60 57 59 62 66 69 68 70 64 67 65  6  5  2  3  7  1  4 10 12  9 14  8 13 11 17 21 19 18 16 15 20 26 23 28 22 24 25 27 33 29 31 35 32 30 34 36 42 40 38 41 39 37
 57 63 60 59 61 58 62 70 67 69 66 68 65 64  5  2  7  4  1  3  6 10 13 12 14  8 11  9 20 19 16 17 21 15 18 24 26 23 28 22 27 25 31 35 33 32 30 29 34 40 37 42 36 38 39 41 47 43 45 49 46 44 48 50 56 54 52 55 53 51
 15 21 18 17 19 16 20 28 25 27 24 26 23 22 33 30 35 32 29 31 34 38 41 40 42 36 39 37 48 47 44 45 49 43 46 52 54 51 56 50 55 53 59 63 61 60 58 57 62 68 65 70 64 66 67 69  5  1  3  7  4  2  6  8 14 12 10 13 11  9
 22 28 25 24 26 23 27 35 32 34 31 33 30 29 40 37 42 39 36 38 41 45 48 47 49 43 46 44 55 54 51 52 56 50 53 59 61 58 63 57 62 60 66 70 68 67 65 64 69  5  2  7  1  3  4  6 12  8 10 14 11  9 13 15 21 19 17 20 18 16
 50 56 53 52 54 51 55 63 60 62 59 61 58 57 68 65 70 67 64 66 69  3  6  5  7  1  4  2 13 12  9 10 14  8 11 17 19 16 21 15 20 18 24 28 26 25 23 22 27 33 30 35 29 31 32 34 40 36 38 42 39 37 41 43 49 47 45 48 46 44
 64 70 67 66 68 65 69  7  4  6  3  5  2  1 12  9 14 11  8 10 13 17 20 19 21 15 18 16 27 26 23 24 28 22 25 31 33 30 35 29 34 32 38 42 40 39 37 36 41 47 44 49 43 45 46 48 54 50 52 56 53 51 55 57 63 61 59 62 60 58
  1  7  4  3  5  2  6 14 11 13 10 12  9  8 19 16 21 18 15 17 20 24 27 26 28 22 25 23 34 33 30 31 35 29 32 38 40 37 42 36 41 39 45 49 47 46 44 43 48 54 51 56 50 52 53 55 61 57 59 63 60 58 62 64 70 68 66 69 67 65
 36 42 39 38 40 37 41 49 46 48 45 47 44 43 54 51 56 53 50 52 55 59 62 61 63 57 60 58 69 68 65 66 70 64 67  3  5  2  7  1  6  4 10 14 12 11  9  8 13 19 16 21 15 17 18 20 26 22 24 28 25 23 27 29 35 33 31 34 32 30
 65 64 68 67 69 66 70  1  5  7  4  6  3  2 13 10  8 12  9 11 14 18 21 20 15 16 19 17 28 27 24 25 22 23 26 32 34 31 29 30 35 33 39 36 41 40 38 37 42 48 45 43 44 46 47 49 55 51 53 50 54 52 56 58 57 62 60 63 61 59
 16 15 19 18 20 17 21 22 26 28 25 27 24 23 34 31 29 33 30 32 35 39 42 41 36 37 40 38 49 48 45 46 43 44 47 53 55 52 50 51 56 54 60 57 62 61 59 58 63 69 66 64 65 67 68 70  6  2  4  1  5  3  7  9  8 13 11 14 12 10
 51 50 54 53 55 52 56 57 61 63 60 62 59 58 69 66 64 68 65 67 70  4  7  6  1  2  5  3 14 13 10 11  8  9 12 18 20 17 15 16 21 19 25 22 27 26 24 23 28 34 31 29 30 32 33 35 41 37 39 36 40 38 42 44 43 48 46 49 47 45
 44 43 47 46 48 45 49 50 54 56 53 55 52 51 62 59 57 61 58 60 63 67 70 69 64 65 68 66  7  6  3  4  1  2  5 11 13 10  8  9 14 12 18 15 20 19 17 16 21 27 24 22 23 25 26 28 34 30 32 29 33 31 35 37 36 41 39 42 40 38
  2  1  5  4  6  3  7  8 12 14 11 13 10  9 20 17 15 19 16 18 21 25 28 27 22 23 26 24 35 34 31 32 29 30 33 39 41 38 36 37 42 40 46 43 48 47 45 44 49 55 52 50 51 53 54 56 62 58 60 57 61 59 63 65 64 69 67 70 68 66
 37 36 40 39 41 38 42 43 47 49 46 48 45 44 55 52 50 54 51 53 56 60 63 62 57 58 61 59 70 69 66 67 64 65 68  4  6  3  1  2  7  5 11  8 13 12 10  9 14 20 17 15 16 18 19 21 27 23 25 22 26 24 28 30 29 34 32 35 33 31
 58 57 61 60 62 59 63 64 68 70 67 69 66 65  6  3  1  5  2  4  7 11 14 13  8  9 12 10 21 20 17 18 15 16 19 25 27 24 22 23 28 26 32 29 34 33 31 30 35 41 38 36 37 39 40 42 48 44 46 43 47 45 49 51 50 55 53 56 54 52
 23 22 26 25 27 24 28 29 33 35 32 34 31 30 41 38 36 40 37 39 42 46 49 48 43 44 47 45 56 55 52 53 50 51 54 60 62 59 57 58 63 61 67 64 69 68 66 65 70  6  3  1  2  4  5  7 13  9 11  8 12 10 14 16 15 20 18 21 19 17
  9  8 12 11 13 10 14 15 19 21 18 20 17 16 27 24 22 26 23 25 28 32 35 34 29 30 33 31 42 41 38 39 36 37 40 46 48 45 43 44 49 47 53 50 55 54 52 51 56 62 59 57 58 60 61 63 69 65 67 64 68 66 70  2  1  6  4  7  5  3
 30 29 33 32 34 31 35 36 40 42 39 41 38 37 48 45 43 47 44 46 49 53 56 55 50 51 54 52 63 62 59 60 57 58 61 67 69 66 64 65 70 68  4  1  6  5  3  2  7 13 10  8  9 11 12 14 20 16 18 15 19 17 21 23 22 27 25 28 26 24
 59 58 62 61 63 60 57 65 69 64 68 70 67 66  7  4  2  6  3  5  1 12  8 14  9 10 13 11 15 21 18 19 16 17 20 26 28 25 23 24 22 27 33 30 35 34 32 31 29 42 39 37 38 40 41 36 49 45 47 44 48 46 43 52 51 56 54 50 55 53
  3  2  6  5  7  4  1  9 13  8 12 14 11 10 21 18 16 20 17 19 15 26 22 28 23 24 27 25 29 35 32 33 30 31 34 40 42 39 37 38 36 41 47 44 49 48 46 45 43 56 53 51 52 54 55 50 63 59 61 58 62 60 57 66 65 70 68 64 69 67
 24 23 27 26 28 25 22 30 34 29 33 35 32 31 42 39 37 41 38 40 36 47 43 49 44 45 48 46 50 56 53 54 51 52 55 61 63 60 58 59 57 62 68 65 70 69 67 66 64  7  4  2  3  5  6  1 14 10 12  9 13 11  8 17 16 21 19 15 20 18
 10  9 13 12 14 11  8 16 20 15 19 21 18 17 28 25 23 27 24 26 22 33 29 35 30 31 34 32 36 42 39 40 37 38 41 47 49 46 44 45 43 48 54 51 56 55 53 52 50 63 60 58 59 61 62 57 70 66 68 65 69 67 64  3  2  7  5  1  6  4
 38 37 41 40 42 39 36 44 48 43 47 49 46 45 56 53 51 55 52 54 50 61 57 63 58 59 62 60 64 70 67 68 65 66 69  5  7  4  2  3  1  6 12  9 14 13 11 10  8 21 18 16 17 19 20 15 28 24 26 23 27 25 22 31 30 35 33 29 34 32
 31 30 34 33 35 32 29 37 41 36 40 42 39 38 49 46 44 48 45 47 43 54 50 56 51 52 55 53 57 63 60 61 58 59 62 68 70 67 65 66 64 69  5  2  7  6  4  3  1 14 11  9 10 12 13  8 21 17 19 16 20 18 15 24 23 28 26 22 27 25
 52 51 55 54 56 53 50 58 62 57 61 63 60 59 70 67 65 69 66 68 64  5  1  7  2  3  6  4  8 14 11 12  9 10 13 19 21 18 16 17 15 20 26 23 28 27 25 24 22 35 32 30 31 33 34 29 42 38 40 37 41 39 36 45 44 49 47 43 48 46
 17 16 20 19 21 18 15 23 27 22 26 28 25 24 35 32 30 34 31 33 29 40 36 42 37 38 41 39 43 49 46 47 44 45 48 54 56 53 51 52 50 55 61 58 63 62 60 59 57 70 67 65 66 68 69 64  7  3  5  2  6  4  1 10  9 14 12  8 13 11
 66 65 69 68 70 67 64  2  6  1  5  7  4  3 14 11  9 13 10 12  8 19 15 21 16 17 20 18 22 28 25 26 23 24 27 33 35 32 30 31 29 34 40 37 42 41 39 38 36 49 46 44 45 47 48 43 56 52 54 51 55 53 50 59 58 63 61 57 62 60
 45 44 48 47 49 46 43 51 55 50 54 56 53 52 63 60 58 62 59 61 57 68 64 70 65 66 69 67  1  7  4  5  2  3  6 12 14 11  9 10  8 13 19 16 21 20 18 17 15 28 25 23 24 26 27 22 35 31 33 30 34 32 29 38 37 42 40 36 41 39
 32 31 35 34 29 33 30 38 42 37 41 36 40 39 43 47 45 49 46 48 44 55 51 50 52 53 56 54 58 57 61 62 59 60 63 69 64 68 66 67 65 70  6  3  1  7  5  4  2  8 12 10 11 13 14  9 15 18 20 17 21 19 16 25 24 22 27 23 28 26
 67 66 70 69 64 68 65  3  7  2  6  1  5  4  8 12 10 14 11 13  9 20 16 15 17 18 21 19 23 22 26 27 24 25 28 34 29 33 31 32 30 35 41 38 36 42 40 39 37 43 47 45 46 48 49 44 50 53 55 52 56 54 51 60 59 57 62 58 63 61
 18 17 21 20 15 19 16 24 28 23 27 22 26 25 29 33 31 35 32 34 30 41 37 36 38 39 42 40 44 43 47 48 45 46 49 55 50 54 52 53 51 56 62 59 57 63 61 60 58 64 68 66 67 69 70 65  1  4  6  3  7  5  2 11 10  8 13  9 14 12
 46 45 49 48 43 47 44 52 56 51 55 50 54 53 57 61 59 63 60 62 58 69 65 64 66 67 70 68  2  1  5  6  3  4  7 13  8 12 10 11  9 14 20 17 15 21 19 18 16 22 26 24 25 27 28 23 29 32 34 31 35 33 30 39 38 36 41 37 42 40
 39 38 42 41 36 40 37 45 49 44 48 43 47 46 50 54 52 56 53 55 51 62 58 57 59 60 63 61 65 64 68 69 66 67 70  6  1  5  3  4  2  7 13 10  8 14 12 11  9 15 19 17 18 20 21 16 22 25 27 24 28 26 23 32 31 29 34 30 35 33
  4  3  7  6  1  5  2 10 14  9 13  8 12 11 15 19 17 21 18 20 16 27 23 22 24 25 28 26 30 29 33 34 31 32 35 41 36 40 38 39 37 42 48 45 43 49 47 46 44 50 54 52 53 55 56 51 57 60 62 59 63 61 58 67 66 64 69 65 70 68
 25 24 28 27 22 26 23 31 35 30 34 29 33 32 36 40 38 42 39 41 37 48 44 43 45 46 49 47 51 50 54 55 52 53 56 62 57 61 59 60 58 63 69 66 64 70 68 67 65  1  5  3  4  6  7  2  8 11 13 10 14 12  9 18 17 15 20 16 21 19
 60 59 63 62 57 61 58 66 70 65 69 64 68 67  1  5  3  7  4  6  2 13  9  8 10 11 14 12 16 15 19 20 17 18 21 27 22 26 24 25 23 28 34 31 29 35 33 32 30 36 40 38 39 41 42 37 43 46 48 45 49 47 44 53 52 50 55 51 56 54
 11 10 14 13  8 12  9 17 21 16 20 15 19 18 22 26 24 28 25 27 23 34 30 29 31 32 35 33 37 36 40 41 38 39 42 48 43 47 45 46 44 49 55 52 50 56 54 53 51 57 61 59 60 62 63 58 64 67 69 66 70 68 65  4  3  1  6  2  7  5
 53 52 56 55 50 54 51 59 63 58 62 57 61 60 64 68 66 70 67 69 65  6  2  1  3  4  7  5  9  8 12 13 10 11 14 20 15 19 17 18 16 21 27 24 22 28 26 25 23 29 33 31 32 34 35 30 36 39 41 38 42 40 37 46 45 43 48 44 49 47
