  1  6  2  4  7  3  5 14 10 13  9  8 12 11 20 21 18 17 19 15 16 28 24 27 22 26 25 23 31 32 29 34 35 30 33 36 37 39 40 42 41 38 43 48 45 44 47 49 46 56 55 53 51 52 50 54 57 59 63 62 60 61 58 68 66 65 70 67 64 69
 43 48 44 46 49 45 47 56 52 55 51 50 54 53 62 63 60 59 61 57 58 70 66 69 64 68 67 65  3  4  1  6  7  2  5  8  9 11 12 14 13 10 15 20 17 16 19 21 18 28 27 25 23 24 22 26 29 31 35 34 32 33 30 40 38 37 42 39 36 41
 64 69 65 67 70 66 68  7  3  6  2  1  5  4 13 14 11 10 12  8  9 21 17 20 15 19 18 16 24 25 22 27 28 23 26 29 30 32 33 35 34 31 36 41 38 37 40 42 39 49 48 46 44 45 43 47 50 52 56 55 53 54 51 61 59 58 63 60 57 62
 50 55 51 53 56 52 54 63 59 62 58 57 61 60 69 70 67 66 68 64 65  7  3  6  1  5  4  2 10 11  8 13 14  9 12 15 16 18 19 21 20 17 22 27 24 23 26 28 25 35 34 32 30 31 29 33 36 38 42 41 39 40 37 47 45 44 49 46 43 48
  8 13  9 11 14 10 12 21 17 20 16 15 19 18 27 28 25 24 26 22 23 35 31 34 29 33 32 30 38 39 36 41 42 37 40 43 44 46 47 49 48 45 50 55 52 51 54 56 53 63 62 60 58 59 57 61 64 66 70 69 67 68 65  5  3  2  7  4  1  6
 22 27 23 25 28 24 26 35 31 34 30 29 33 32 41 42 39 38 40 36 37 49 45 48 43 47 46 44 52 53 50 55 56 51 54 57 58 60 61 63 62 59 64 69 66 65 68 70 67  7  6  4  2  3  1  5  8 10 14 13 11 12  9 19 17 16 21 18 15 20
 57 62 58 60 63 59 61 70 66 69 65 64 68 67  6  7  4  3  5  1  2 14 10 13  8 12 11  9 17 18 15 20 21 16 19 22 23 25 26 28 27 24 29 34 31 30 33 35 32 42 41 39 37 38 36 40 43 45 49 48 46 47 44 54 52 51 56 53 50 55
 36 41 37 39 42 38 40 49 45 48 44 43 47 46 55 56 53 52 54 50 51 63 59 62 57 61 60 58 66 67 64 69 70 65 68  1  2  4  5  7  6  3  8 13 10  9 12 14 11 21 20 18 16 17 15 19 22 24 28 27 25 26 23 33 31 30 35 32 29 34
 29 34 30 32 35 31 33 42 38 41 37 36 40 39 48 49 46 45 47 43 44 56 52 55 50 54 53 51 59 60 57 62 63 58 61 64 65 67 68 70 69 66  1  6  3  2  5  7  4 14 13 11  9 10  8 12 15 17 21 20 18 19 16 26 24 23 28 25 22 27
 15 20 16 18 21 17 19 28 24 27 23 22 26 25 34 35 32 31 33 29 30 42 38 41 36 40 39 37 45 46 43 48 49 44 47 50 51 53 54 56 55 52 57 62 59 58 61 63 60 70 69 67 65 66 64 68  1  3  7  6  4  5  2 12 10  9 14 11  8 13
 23 28 24 26 22 25 27 29 32 35 31 30 34 33 42 36 40 39 41 37 38 43 46 49 44 48 47 45 53 54 51 56 50 52 55 58 59 61 62 57 63 60 65 70 67 66 69 64 68  1  7  5  3  4  2  6  9 11  8 14 12 13 10 20 18 17 15 19 16 21
 58 63 59 61 57 60 62 64 67 70 66 65 69 68  7  1  5  4  6  2  3  8 11 14  9 13 12 10 18 19 16 21 15 17 20 23 24 26 27 22 28 25 30 35 32 31 34 29 33 36 42 40 38 39 37 41 44 46 43 49 47 48 45 55 53 52 50 54 51 56
 44 49 45 47 43 46 48 50 53 56 52 51 55 54 63 57 61 60 62 58 59 64 67 70 65 69 68 66  4  5  2  7  1  3  6  9 10 12 13  8 14 11 16 21 18 17 20 15 19 22 28 26 24 25 23 27 30 32 29 35 33 34 31 41 39 38 36 40 37 42
 65 70 66 68 64 67 69  1  4  7  3  2  6  5 14  8 12 11 13  9 10 15 18 21 16 20 19 17 25 26 23 28 22 24 27 30 31 33 34 29 35 32 37 42 39 38 41 36 40 43 49 47 45 46 44 48 51 53 50 56 54 55 52 62 60 59 57 61 58 63
 51 56 52 54 50 53 55 57 60 63 59 58 62 61 70 64 68 67 69 65 66  1  4  7  2  6  5  3 11 12  9 14  8 10 13 16 17 19 20 15 21 18 23 28 25 24 27 22 26 29 35 33 31 32 30 34 37 39 36 42 40 41 38 48 46 45 43 47 44 49
  2  7  3  5  1  4  6  8 11 14 10  9 13 12 21 15 19 18 20 16 17 22 25 28 23 27 26 24 32 33 30 35 29 31 34 37 38 40 41 36 42 39 44 49 46 45 48 43 47 50 56 54 52 53 51 55 58 60 57 63 61 62 59 69 67 66 64 68 65 70
 37 42 38 40 36 39 41 43 46 49 45 44 48 47 56 50 54 53 55 51 52 57 60 63 58 62 61 59 67 68 65 70 64 66 69  2  3  5  6  1  7  4  9 14 11 10 13  8 12 15 21 19 17 18 16 20 23 25 22 28 26 27 24 34 32 31 29 33 30 35
  9 14 10 12  8 11 13 15 18 21 17 16 20 19 28 22 26 25 27 23 24 29 32 35 30 34 33 31 39 40 37 42 36 38 41 44 45 47 48 43 49 46 51 56 53 52 55 50 54 57 63 61 59 60 58 62 65 67 64 70 68 69 66  6  4  3  1  5  2  7
 30 35 31 33 29 32 34 36 39 42 38 37 41 40 49 43 47 46 48 44 45 50 53 56 51 55 54 52 60 61 58 63 57 59 62 65 66 68 69 64 70 67  2  7  4  3  6  1  5  8 14 12 10 11  9 13 16 18 15 21 19 20 17 27 25 24 22 26 23 28
 16 21 17 19 15 18 20 22 25 28 24 23 27 26 35 29 33 32 34 30 31 36 39 42 37 41 40 38 46 47 44 49 43 45 48 51 52 54 55 50 56 53 58 63 60 59 62 57 61 64 70 68 66 67 65 69  2  4  1  7  5  6  3 13 11 10  8 12  9 14
 38 36 39 41 37 40 42 44 47 43 46 45 49 48 50 51 55 54 56 52 53 58 61 57 59 63 62 60 68 69 66 64 65 67 70  3  4  6  7  2  1  5 10  8 12 11 14  9 13 16 15 20 18 19 17 21 24 26 23 22 27 28 25 35 33 32 30 34 31 29
 24 22 25 27 23 26 28 30 33 29 32 31 35 34 36 37 41 40 42 38 39 44 47 43 45 49 48 46 54 55 52 50 51 53 56 59 60 62 63 58 57 61 66 64 68 67 70 65 69  2  1  6  4  5  3  7 10 12  9  8 13 14 11 21 19 18 16 20 17 15
 10  8 11 13  9 12 14 16 19 15 18 17 21 20 22 23 27 26 28 24 25 30 33 29 31 35 34 32 40 41 38 36 37 39 42 45 46 48 49 44 43 47 52 50 54 53 56 51 55 58 57 62 60 61 59 63 66 68 65 64 69 70 67  7  5  4  2  6  3  1
 17 15 18 20 16 19 21 23 26 22 25 24 28 27 29 30 34 33 35 31 32 37 40 36 38 42 41 39 47 48 45 43 44 46 49 52 53 55 56 51 50 54 59 57 61 60 63 58 62 65 64 69 67 68 66 70  3  5  2  1  6  7  4 14 12 11  9 13 10  8
 59 57 60 62 58 61 63 65 68 64 67 66 70 69  1  2  6  5  7  3  4  9 12  8 10 14 13 11 19 20 17 15 16 18 21 24 25 27 28 23 22 26 31 29 33 32 35 30 34 37 36 41 39 40 38 42 45 47 44 43 48 49 46 56 54 53 51 55 52 50
 52 50 53 55 51 54 56 58 61 57 60 59 63 62 64 65 69 68 70 66 67  2  5  1  3  7  6  4 12 13 10  8  9 11 14 17 18 20 21 16 15 19 24 22 26 25 28 23 27 30 29 34 32 33 31 35 38 40 37 36 41 42 39 49 47 46 44 48 45 43
 31 29 32 34 30 33 35 37 40 36 39 38 42 41 43 44 48 47 49 45 46 51 54 50 52 56 55 53 61 62 59 57 58 60 63 66 67 69 70 65 64 68  3  1  5  4  7  2  6  9  8 13 11 12 10 14 17 19 16 15 20 21 18 28 26 25 23 27 24 22
 66 64 67 69 65 68 70  2  5  1  4  3  7  6  8  9 13 12 14 10 11 16 19 15 17 21 20 18 26 27 24 22 23 25 28 31 32 34 35 30 29 33 38 36 40 39 42 37 41 44 43 48 46 47 45 49 52 54 51 50 55 56 53 63 61 60 58 62 59 57
 45 43 46 48 44 47 49 51 54 50 53 52 56 55 57 58 62 61 63 59 60 65 68 64 66 70 69 67  5  6  3  1  2  4  7 10 11 13 14  9  8 12 17 15 19 18 21 16 20 23 22 27 25 26 24 28 31 33 30 29 34 35 32 42 40 39 37 41 38 36
  3  1  4  6  2  5  7  9 12  8 11 10 14 13 15 16 20 19 21 17 18 23 26 22 24 28 27 25 33 34 31 29 30 32 35 38 39 41 42 37 36 40 45 43 47 46 49 44 48 51 50 55 53 54 52 56 59 61 58 57 62 63 60 70 68 67 65 69 66 64
 39 37 40 42 38 41 36 45 48 44 47 46 43 49 51 52 56 55 50 53 54 59 62 58 60 57 63 61 69 70 67 65 66 68 64  4  5  7  1  3  2  6 11  9 13 12  8 10 14 17 16 21 19 20 18 15 25 27 24 23 28 22 26 29 34 33 31 35 32 30
 32 30 33 35 31 34 29 38 41 37 40 39 36 42 44 45 49 48 43 46 47 52 55 51 53 50 56 54 62 63 60 58 59 61 57 67 68 70 64 66 65 69  4  2  6  5  1  3  7 10  9 14 12 13 11  8 18 20 17 16 21 15 19 22 27 26 24 28 25 23
 53 51 54 56 52 55 50 59 62 58 61 60 57 63 65 66 70 69 64 67 68  3  6  2  4  1  7  5 13 14 11  9 10 12  8 18 19 21 15 17 16 20 25 23 27 26 22 24 28 31 30 35 33 34 32 29 39 41 38 37 42 36 40 43 48 47 45 49 46 44
 18 16 19 21 17 20 15 24 27 23 26 25 22 28 30 31 35 34 29 32 33 38 41 37 39 36 42 40 48 49 46 44 45 47 43 53 54 56 50 52 51 55 60 58 62 61 57 59 63 66 65 70 68 69 67 64  4  6  3  2  7  1  5  8 13 12 10 14 11  9
 11  9 12 14 10 13  8 17 20 16 19 18 15 21 23 24 28 27 22 25 26 31 34 30 32 29 35 33 41 42 39 37 38 40 36 46 47 49 43 45 44 48 53 51 55 54 50 52 56 59 58 63 61 62 60 57 67 69 66 65 70 64 68  1  6  5  3  7  4  2
 46 44 47 49 45 48 43 52 55 51 54 53 50 56 58 59 63 62 57 60 61 66 69 65 67 64 70 68  6  7  4  2  3  5  1 11 12 14  8 10  9 13 18 16 20 19 15 17 21 24 23 28 26 27 25 22 32 34 31 30 35 29 33 36 41 40 38 42 39 37
  4  2  5  7  3  6  1 10 13  9 12 11  8 14 16 17 21 20 15 18 19 24 27 23 25 22 28 26 34 35 32 30 31 33 29 39 40 42 36 38 37 41 46 44 48 47 43 45 49 52 51 56 54 55 53 50 60 62 59 58 63 57 61 64 69 68 66 70 67 65
 60 58 61 63 59 62 57 66 69 65 68 67 64 70  2  3  7  6  1  4  5 10 13  9 11  8 14 12 20 21 18 16 17 19 15 25 26 28 22 24 23 27 32 30 34 33 29 31 35 38 37 42 40 41 39 36 46 48 45 44 49 43 47 50 55 54 52 56 53 51
 67 65 68 70 66 69 64  3  6  2  5  4  1  7  9 10 14 13  8 11 12 17 20 16 18 15 21 19 27 28 25 23 24 26 22 32 33 35 29 31 30 34 39 37 41 40 36 38 42 45 44 49 47 48 46 43 53 55 52 51 56 50 54 57 62 61 59 63 60 58
 25 23 26 28 24 27 22 31 34 30 33 32 29 35 37 38 42 41 36 39 40 45 48 44 46 43 49 47 55 56 53 51 52 54 50 60 61 63 57 59 58 62 67 65 69 68 64 66 70  3  2  7  5  6  4  1 11 13 10  9 14  8 12 15 20 19 17 21 18 16
 40 38 41 36 39 42 37 46 49 45 48 47 44 43 52 53 50 56 51 54 55 60 63 59 61 58 57 62 70 64 68 66 67 69 65  5  6  1  2  4  3  7 12 10 14 13  9 11  8 18 17 15 20 21 19 16 26 28 25 24 22 23 27 30 35 34 32 29 33 31
 54 52 55 50 53 56 51 60 63 59 62 61 58 57 66 67 64 70 65 68 69  4  7  3  5  2  1  6 14  8 12 10 11 13  9 19 20 15 16 18 17 21 26 24 28 27 23 25 22 32 31 29 34 35 33 30 40 42 39 38 36 37 41 44 49 48 46 43 47 45
 19 17 20 15 18 21 16 25 28 24 27 26 23 22 31 32 29 35 30 33 34 39 42 38 40 37 36 41 49 43 47 45 46 48 44 54 55 50 51 53 52 56 61 59 63 62 58 60 57 67 66 64 69 70 68 65  5  7  4  3  1  2  6  9 14 13 11  8 12 10
 12 10 13  8 11 14  9 18 21 17 20 19 16 15 24 25 22 28 23 26 27 32 35 31 33 30 29 34 42 36 40 38 39 41 37 47 48 43 44 46 45 49 54 52 56 55 51 53 50 60 59 57 62 63 61 58 68 70 67 66 64 65 69  2  7  6  4  1  5  3
 61 59 62 57 60 63 58 67 70 66 69 68 65 64  3  4  1  7  2  5  6 11 14 10 12  9  8 13 21 15 19 17 18 20 16 26 27 22 23 25 24 28 33 31 35 34 30 32 29 39 38 36 41 42 40 37 47 49 46 45 43 44 48 51 56 55 53 50 54 52
 33 31 34 29 32 35 30 39 42 38 41 40 37 36 45 46 43 49 44 47 48 53 56 52 54 51 50 55 63 57 61 59 60 62 58 68 69 64 65 67 66 70  5  3  7  6  2  4  1 11 10  8 13 14 12  9 19 21 18 17 15 16 20 23 28 27 25 22 26 24
 47 45 48 43 46 49 44 53 56 52 55 54 51 50 59 60 57 63 58 61 62 67 70 66 68 65 64 69  7  1  5  3  4  6  2 12 13  8  9 11 10 14 19 17 21 20 16 18 15 25 24 22 27 28 26 23 33 35 32 31 29 30 34 37 42 41 39 36 40 38
  5  3  6  1  4  7  2 11 14 10 13 12  9  8 17 18 15 21 16 19 20 25 28 24 26 23 22 27 35 29 33 31 32 34 30 40 41 36 37 39 38 42 47 45 49 48 44 46 43 53 52 50 55 56 54 51 61 63 60 59 57 58 62 65 70 69 67 64 68 66
 26 24 27 22 25 28 23 32 35 31 34 33 30 29 38 39 36 42 37 40 41 46 49 45 47 44 43 48 56 50 54 52 53 55 51 61 62 57 58 60 59 63 68 66 70 69 65 67 64  4  3  1  6  7  5  2 12 14 11 10  8  9 13 16 21 20 18 15 19 17
 68 66 69 64 67 70 65  4  7  3  6  5  2  1 10 11  8 14  9 12 13 18 21 17 19 16 15 20 28 22 26 24 25 27 23 33 34 29 30 32 31 35 40 38 42 41 37 39 36 46 45 43 48 49 47 44 54 56 53 52 50 51 55 58 63 62 60 57 61 59
 48 46 49 44 47 43 45 54 50 53 56 55 52 51 60 61 58 57 59 62 63 68 64 67 69 66 65 70  1  2  6  4  5  7  3 13 14  9 10 12 11  8 20 18 15 21 17 19 16 26 25 23 28 22 27 24 34 29 33 32 30 31 35 38 36 42 40 37 41 39
 69 67 70 65 68 64 66  5  1  4  7  6  3  2 11 12  9  8 10 13 14 19 15 18 20 17 16 21 22 23 27 25 26 28 24 34 35 30 31 33 32 29 41 39 36 42 38 40 37 47 46 44 49 43 48 45 55 50 54 53 51 52 56 59 57 63 61 58 62 60
 41 39 42 37 40 36 38 47 43 46 49 48 45 44 53 54 51 50 52 55 56 61 57 60 62 59 58 63 64 65 69 67 68 70 66  6  7  2  3  5  4  1 13 11  8 14 10 12  9 19 18 16 21 15 20 17 27 22 26 25 23 24 28 31 29 35 33 30 34 32
 55 53 56 51 54 50 52 61 57 60 63 62 59 58 67 68 65 64 66 69 70  5  1  4  6  3  2  7  8  9 13 11 12 14 10 20 21 16 17 19 18 15 27 25 22 28 24 26 23 33 32 30 35 29 34 31 41 36 40 39 37 38 42 45 43 49 47 44 48 46
 13 11 14  9 12  8 10 19 15 18 21 20 17 16 25 26 23 22 24 27 28 33 29 32 34 31 30 35 36 37 41 39 40 42 38 48 49 44 45 47 46 43 55 53 50 56 52 54 51 61 60 58 63 57 62 59 69 64 68 67 65 66 70  3  1  7  5  2  6  4
 27 25 28 23 26 22 24 33 29 32 35 34 31 30 39 40 37 36 38 41 42 47 43 46 48 45 44 49 50 51 55 53 54 56 52 62 63 58 59 61 60 57 69 67 64 70 66 68 65  5  4  2  7  1  6  3 13  8 12 11  9 10 14 17 15 21 19 16 20 18
 62 60 63 58 61 57 59 68 64 67 70 69 66 65  4  5  2  1  3  6  7 12  8 11 13 10  9 14 15 16 20 18 19 21 17 27 28 23 24 26 25 22 34 32 29 35 31 33 30 40 39 37 42 36 41 38 48 43 47 46 44 45 49 52 50 56 54 51 55 53
 34 32 35 30 33 29 31 40 36 39 42 41 38 37 46 47 44 43 45 48 49 54 50 53 55 52 51 56 57 58 62 60 61 63 59 69 70 65 66 68 67 64  6  4  1  7  3  5  2 12 11  9 14  8 13 10 20 15 19 18 16 17 21 24 22 28 26 23 27 25
  6  4  7  2  5  1  3 12  8 11 14 13 10  9 18 19 16 15 17 20 21 26 22 25 27 24 23 28 29 30 34 32 33 35 31 41 42 37 38 40 39 36 48 46 43 49 45 47 44 54 53 51 56 50 55 52 62 57 61 60 58 59 63 66 64 70 68 65 69 67
 20 18 21 16 19 15 17 26 22 25 28 27 24 23 32 33 30 29 31 34 35 40 36 39 41 38 37 42 43 44 48 46 47 49 45 55 56 51 52 54 53 50 62 60 57 63 59 61 58 68 67 65 70 64 69 66  6  1  5  4  2  3  7 10  8 14 12  9 13 11
 35 33 29 31 34 30 32 41 37 40 36 42 39 38 47 48 45 44 46 49 43 55 51 54 56 53 52 50 58 59 63 61 62 57 60 70 64 66 67 69 68 65  7  5  2  1  4  6  3 13 12 10  8  9 14 11 21 16 20 19 17 18 15 25 23 22 27 24 28 26
 63 61 57 59 62 58 60 69 65 68 64 70 67 66  5  6  3  2  4  7  1 13  9 12 14 11 10  8 16 17 21 19 20 15 18 28 22 24 25 27 26 23 35 33 30 29 32 34 31 41 40 38 36 37 42 39 49 44 48 47 45 46 43 53 51 50 55 52 56 54
 70 68 64 66 69 65 67  6  2  5  1  7  4  3 12 13 10  9 11 14  8 20 16 19 21 18 17 15 23 24 28 26 27 22 25 35 29 31 32 34 33 30 42 40 37 36 39 41 38 48 47 45 43 44 49 46 56 51 55 54 52 53 50 60 58 57 62 59 63 61
 56 54 50 52 55 51 53 62 58 61 57 63 60 59 68 69 66 65 67 70 64  6  2  5  7  4  3  1  9 10 14 12 13  8 11 21 15 17 18 20 19 16 28 26 23 22 25 27 24 34 33 31 29 30 35 32 42 37 41 40 38 39 36 46 44 43 48 45 49 47
 21 19 15 17 20 16 18 27 23 26 22 28 25 24 33 34 31 30 32 35 29 41 37 40 42 39 38 36 44 45 49 47 48 43 46 56 50 52 53 55 54 51 63 61 58 57 60 62 59 69 68 66 64 65 70 67  7  2  6  5  3  4  1 11  9  8 13 10 14 12
 14 12  8 10 13  9 11 20 16 19 15 21 18 17 26 27 24 23 25 28 22 34 30 33 35 32 31 29 37 38 42 40 41 36 39 49 43 45 46 48 47 44 56 54 51 50 53 55 52 62 61 59 57 58 63 60 70 65 69 68 66 67 64  4  2  1  6  3  7  5
 28 26 22 24 27 23 25 34 30 33 29 35 32 31 40 41 38 37 39 42 36 48 44 47 49 46 45 43 51 52 56 54 55 50 53 63 57 59 60 62 61 58 70 68 65 64 67 69 66  6  5  3  1  2  7  4 14  9 13 12 10 11  8 18 16 15 20 17 21 19
 49 47 43 45 48 44 46 55 51 54 50 56 53 52 61 62 59 58 60 63 57 69 65 68 70 67 66 64  2  3  7  5  6  1  4 14  8 10 11 13 12  9 21 19 16 15 18 20 17 27 26 24 22 23 28 25 35 30 34 33 31 32 29 39 37 36 41 38 42 40
  7  5  1  3  6  2  4 13  9 12  8 14 11 10 19 20 17 16 18 21 15 27 23 26 28 25 24 22 30 31 35 33 34 29 32 42 36 38 39 41 40 37 49 47 44 43 46 48 45 55 54 52 50 51 56 53 63 58 62 61 59 60 57 67 65 64 69 66 70 68
 42 40 36 38 41 37 39 48 44 47 43 49 46 45 54 55 52 51 53 56 50 62 58 61 63 60 59 57 65 66 70 68 69 64 67  7  1  3  4  6  5  2 14 12  9  8 11 13 10 20 19 17 15 16 21 18 28 23 27 26 24 25 22 32 30 29 34 31 35 33
