 63 61 57 59 60 62 58 67 64 69 70 65 66 68  4  5  2  6  3  7  1 10 14 12  8 13 11  9 15 16 19 20 18 21 17 22 23 25 28 24 27 26 31 30 33 35 32 34 29 36 40 42 38 39 41 37 43 47 49 45 44 48 46 55 53 52 54 50 56 51
 28 26 22 24 25 27 23 32 29 34 35 30 31 33 39 40 37 41 38 42 36 45 49 47 43 48 46 44 50 51 54 55 53 56 52 57 58 60 63 59 62 61 66 65 68 70 67 69 64  1  5  7  3  4  6  2  8 12 14 10  9 13 11 20 18 17 19 15 21 16
 21 19 15 17 18 20 16 25 22 27 28 23 24 26 32 33 30 34 31 35 29 38 42 40 36 41 39 37 43 44 47 48 46 49 45 50 51 53 56 52 55 54 59 58 61 63 60 62 57 64 68 70 66 67 69 65  1  5  7  3  2  6  4 13 11 10 12  8 14  9
 35 33 29 31 32 34 30 39 36 41 42 37 38 40 46 47 44 48 45 49 43 52 56 54 50 55 53 51 57 58 61 62 60 63 59 64 65 67 70 66 69 68  3  2  5  7  4  6  1  8 12 14 10 11 13  9 15 19 21 17 16 20 18 27 25 24 26 22 28 23
 42 40 36 38 39 41 37 46 43 48 49 44 45 47 53 54 51 55 52 56 50 59 63 61 57 62 60 58 64 65 68 69 67 70 66  1  2  4  7  3  6  5 10  9 12 14 11 13  8 15 19 21 17 18 20 16 22 26 28 24 23 27 25 34 32 31 33 29 35 30
 49 47 43 45 46 48 44 53 50 55 56 51 52 54 60 61 58 62 59 63 57 66 70 68 64 69 67 65  1  2  5  6  4  7  3  8  9 11 14 10 13 12 17 16 19 21 18 20 15 22 26 28 24 25 27 23 29 33 35 31 30 34 32 41 39 38 40 36 42 37
 14 12  8 10 11 13  9 18 15 20 21 16 17 19 25 26 23 27 24 28 22 31 35 33 29 34 32 30 36 37 40 41 39 42 38 43 44 46 49 45 48 47 52 51 54 56 53 55 50 57 61 63 59 60 62 58 64 68 70 66 65 69 67  6  4  3  5  1  7  2
 56 54 50 52 53 55 51 60 57 62 63 58 59 61 67 68 65 69 66 70 64  3  7  5  1  6  4  2  8  9 12 13 11 14 10 15 16 18 21 17 20 19 24 23 26 28 25 27 22 29 33 35 31 32 34 30 36 40 42 38 37 41 39 48 46 45 47 43 49 44
  7  5  1  3  4  6  2 11  8 13 14  9 10 12 18 19 16 20 17 21 15 24 28 26 22 27 25 23 29 30 33 34 32 35 31 36 37 39 42 38 41 40 45 44 47 49 46 48 43 50 54 56 52 53 55 51 57 61 63 59 58 62 60 69 67 66 68 64 70 65
 70 68 64 66 67 69 65  4  1  6  7  2  3  5 11 12  9 13 10 14  8 17 21 19 15 20 18 16 22 23 26 27 25 28 24 29 30 32 35 31 34 33 38 37 40 42 39 41 36 43 47 49 45 46 48 44 50 54 56 52 51 55 53 62 60 59 61 57 63 58
 15 20 16 18 19 21 17 26 23 28 22 24 25 27 33 34 31 35 32 29 30 39 36 41 37 42 40 38 44 45 48 49 47 43 46 51 52 54 50 53 56 55 60 59 62 57 61 63 58 65 69 64 67 68 70 66  2  6  1  4  3  7  5 14 12 11 13  9  8 10
 29 34 30 32 33 35 31 40 37 42 36 38 39 41 47 48 45 49 46 43 44 53 50 55 51 56 54 52 58 59 62 63 61 57 60 65 66 68 64 67 70 69  4  3  6  1  5  7  2  9 13  8 11 12 14 10 16 20 15 18 17 21 19 28 26 25 27 23 22 24
 50 55 51 53 54 56 52 61 58 63 57 59 60 62 68 69 66 70 67 64 65  4  1  6  2  7  5  3  9 10 13 14 12  8 11 16 17 19 15 18 21 20 25 24 27 22 26 28 23 30 34 29 32 33 35 31 37 41 36 39 38 42 40 49 47 46 48 44 43 45
 57 62 58 60 61 63 59 68 65 70 64 66 67 69  5  6  3  7  4  1  2 11  8 13  9 14 12 10 16 17 20 21 19 15 18 23 24 26 22 25 28 27 32 31 34 29 33 35 30 37 41 36 39 40 42 38 44 48 43 46 45 49 47 56 54 53 55 51 50 52
  8 13  9 11 12 14 10 19 16 21 15 17 18 20 26 27 24 28 25 22 23 32 29 34 30 35 33 31 37 38 41 42 40 36 39 44 45 47 43 46 49 48 53 52 55 50 54 56 51 58 62 57 60 61 63 59 65 69 64 67 66 70 68  7  5  4  6  2  1  3
  1  6  2  4  5  7  3 12  9 14  8 10 11 13 19 20 17 21 18 15 16 25 22 27 23 28 26 24 30 31 34 35 33 29 32 37 38 40 36 39 42 41 46 45 48 43 47 49 44 51 55 50 53 54 56 52 58 62 57 60 59 63 61 70 68 67 69 65 64 66
 64 69 65 67 68 70 66  5  2  7  1  3  4  6 12 13 10 14 11  8  9 18 15 20 16 21 19 17 23 24 27 28 26 22 25 30 31 33 29 32 35 34 39 38 41 36 40 42 37 44 48 43 46 47 49 45 51 55 50 53 52 56 54 63 61 60 62 58 57 59
 43 48 44 46 47 49 45 54 51 56 50 52 53 55 61 62 59 63 60 57 58 67 64 69 65 70 68 66  2  3  6  7  5  1  4  9 10 12  8 11 14 13 18 17 20 15 19 21 16 23 27 22 25 26 28 24 30 34 29 32 31 35 33 42 40 39 41 37 36 38
 36 41 37 39 40 42 38 47 44 49 43 45 46 48 54 55 52 56 53 50 51 60 57 62 58 63 61 59 65 66 69 70 68 64 67  2  3  5  1  4  7  6 11 10 13  8 12 14  9 16 20 15 18 19 21 17 23 27 22 25 24 28 26 35 33 32 34 30 29 31
 22 27 23 25 26 28 24 33 30 35 29 31 32 34 40 41 38 42 39 36 37 46 43 48 44 49 47 45 51 52 55 56 54 50 53 58 59 61 57 60 63 62 67 66 69 64 68 70 65  2  6  1  4  5  7  3  9 13  8 11 10 14 12 21 19 18 20 16 15 17
 51 56 52 54 55 50 53 62 59 57 58 60 61 63 69 70 67 64 68 65 66  5  2  7  3  1  6  4 10 11 14  8 13  9 12 17 18 20 16 19 15 21 26 25 28 23 27 22 24 31 35 30 33 34 29 32 38 42 37 40 39 36 41 43 48 47 49 45 44 46
 44 49 45 47 48 43 46 55 52 50 51 53 54 56 62 63 60 57 61 58 59 68 65 70 66 64 69 67  3  4  7  1  6  2  5 10 11 13  9 12  8 14 19 18 21 16 20 15 17 24 28 23 26 27 22 25 31 35 30 33 32 29 34 36 41 40 42 38 37 39
 16 21 17 19 20 15 18 27 24 22 23 25 26 28 34 35 32 29 33 30 31 40 37 42 38 36 41 39 45 46 49 43 48 44 47 52 53 55 51 54 50 56 61 60 63 58 62 57 59 66 70 65 68 69 64 67  3  7  2  5  4  1  6  8 13 12 14 10  9 11
 30 35 31 33 34 29 32 41 38 36 37 39 40 42 48 49 46 43 47 44 45 54 51 56 52 50 55 53 59 60 63 57 62 58 61 66 67 69 65 68 64 70  5  4  7  2  6  1  3 10 14  9 12 13  8 11 17 21 16 19 18 15 20 22 27 26 28 24 23 25
 23 28 24 26 27 22 25 34 31 29 30 32 33 35 41 42 39 36 40 37 38 47 44 49 45 43 48 46 52 53 56 50 55 51 54 59 60 62 58 61 57 63 68 67 70 65 69 64 66  3  7  2  5  6  1  4 10 14  9 12 11  8 13 15 20 19 21 17 16 18
 37 42 38 40 41 36 39 48 45 43 44 46 47 49 55 56 53 50 54 51 52 61 58 63 59 57 62 60 66 67 70 64 69 65 68  3  4  6  2  5  1  7 12 11 14  9 13  8 10 17 21 16 19 20 15 18 24 28 23 26 25 22 27 29 34 33 35 31 30 32
  9 14 10 12 13  8 11 20 17 15 16 18 19 21 27 28 25 22 26 23 24 33 30 35 31 29 34 32 38 39 42 36 41 37 40 45 46 48 44 47 43 49 54 53 56 51 55 50 52 59 63 58 61 62 57 60 66 70 65 68 67 64 69  1  6  5  7  3  2  4
 65 70 66 68 69 64 67  6  3  1  2  4  5  7 13 14 11  8 12  9 10 19 16 21 17 15 20 18 24 25 28 22 27 23 26 31 32 34 30 33 29 35 40 39 42 37 41 36 38 45 49 44 47 48 43 46 52 56 51 54 53 50 55 57 62 61 63 59 58 60
  2  7  3  5  6  1  4 13 10  8  9 11 12 14 20 21 18 15 19 16 17 26 23 28 24 22 27 25 31 32 35 29 34 30 33 38 39 41 37 40 36 42 47 46 49 44 48 43 45 52 56 51 54 55 50 53 59 63 58 61 60 57 62 64 69 68 70 66 65 67
 58 63 59 61 62 57 60 69 66 64 65 67 68 70  6  7  4  1  5  2  3 12  9 14 10  8 13 11 17 18 21 15 20 16 19 24 25 27 23 26 22 28 33 32 35 30 34 29 31 38 42 37 40 41 36 39 45 49 44 47 46 43 48 50 55 54 56 52 51 53
 31 29 32 34 35 30 33 42 39 37 38 40 41 36 49 43 47 44 48 45 46 55 52 50 53 51 56 54 60 61 57 58 63 59 62 67 68 70 66 69 65 64  6  5  1  3  7  2  4 11  8 10 13 14  9 12 18 15 17 20 19 16 21 23 28 27 22 25 24 26
 52 50 53 55 56 51 54 63 60 58 59 61 62 57 70 64 68 65 69 66 67  6  3  1  4  2  7  5 11 12  8  9 14 10 13 18 19 21 17 20 16 15 27 26 22 24 28 23 25 32 29 31 34 35 30 33 39 36 38 41 40 37 42 44 49 48 43 46 45 47
 17 15 18 20 21 16 19 28 25 23 24 26 27 22 35 29 33 30 34 31 32 41 38 36 39 37 42 40 46 47 43 44 49 45 48 53 54 56 52 55 51 50 62 61 57 59 63 58 60 67 64 66 69 70 65 68  4  1  3  6  5  2  7  9 14 13  8 11 10 12
 24 22 25 27 28 23 26 35 32 30 31 33 34 29 42 36 40 37 41 38 39 48 45 43 46 44 49 47 53 54 50 51 56 52 55 60 61 63 59 62 58 57 69 68 64 66 70 65 67  4  1  3  6  7  2  5 11  8 10 13 12  9 14 16 21 20 15 18 17 19
  3  1  4  6  7  2  5 14 11  9 10 12 13  8 21 15 19 16 20 17 18 27 24 22 25 23 28 26 32 33 29 30 35 31 34 39 40 42 38 41 37 36 48 47 43 45 49 44 46 53 50 52 55 56 51 54 60 57 59 62 61 58 63 65 70 69 64 67 66 68
 66 64 67 69 70 65 68  7  4  2  3  5  6  1 14  8 12  9 13 10 11 20 17 15 18 16 21 19 25 26 22 23 28 24 27 32 33 35 31 34 30 29 41 40 36 38 42 37 39 46 43 45 48 49 44 47 53 50 52 55 54 51 56 58 63 62 57 60 59 61
 45 43 46 48 49 44 47 56 53 51 52 54 55 50 63 57 61 58 62 59 60 69 66 64 67 65 70 68  4  5  1  2  7  3  6 11 12 14 10 13  9  8 20 19 15 17 21 16 18 25 22 24 27 28 23 26 32 29 31 34 33 30 35 37 42 41 36 39 38 40
 38 36 39 41 42 37 40 49 46 44 45 47 48 43 56 50 54 51 55 52 53 62 59 57 60 58 63 61 67 68 64 65 70 66 69  4  5  7  3  6  2  1 13 12  8 10 14  9 11 18 15 17 20 21 16 19 25 22 24 27 26 23 28 30 35 34 29 32 31 33
 10  8 11 13 14  9 12 21 18 16 17 19 20 15 28 22 26 23 27 24 25 34 31 29 32 30 35 33 39 40 36 37 42 38 41 46 47 49 45 48 44 43 55 54 50 52 56 51 53 60 57 59 62 63 58 61 67 64 66 69 68 65 70  2  7  6  1  4  3  5
 59 57 60 62 63 58 61 70 67 65 66 68 69 64  7  1  5  2  6  3  4 13 10  8 11  9 14 12 18 19 15 16 21 17 20 25 26 28 24 27 23 22 34 33 29 31 35 30 32 39 36 38 41 42 37 40 46 43 45 48 47 44 49 51 56 55 50 53 52 54
 60 58 61 63 57 59 62 64 68 66 67 69 70 65  1  2  6  3  7  4  5 14 11  9 12 10  8 13 19 20 16 17 15 18 21 26 27 22 25 28 24 23 35 34 30 32 29 31 33 40 37 39 42 36 38 41 47 44 46 49 48 45 43 52 50 56 51 54 53 55
 67 65 68 70 64 66 69  1  5  3  4  6  7  2  8  9 13 10 14 11 12 21 18 16 19 17 15 20 26 27 23 24 22 25 28 33 34 29 32 35 31 30 42 41 37 39 36 38 40 47 44 46 49 43 45 48 54 51 53 56 55 52 50 59 57 63 58 61 60 62
 53 51 54 56 50 52 55 57 61 59 60 62 63 58 64 65 69 66 70 67 68  7  4  2  5  3  1  6 12 13  9 10  8 11 14 19 20 15 18 21 17 16 28 27 23 25 22 24 26 33 30 32 35 29 31 34 40 37 39 42 41 38 36 45 43 49 44 47 46 48
 46 44 47 49 43 45 48 50 54 52 53 55 56 51 57 58 62 59 63 60 61 70 67 65 68 66 64 69  5  6  2  3  1  4  7 12 13  8 11 14 10  9 21 20 16 18 15 17 19 26 23 25 28 22 24 27 33 30 32 35 34 31 29 38 36 42 37 40 39 41
 32 30 33 35 29 31 34 36 40 38 39 41 42 37 43 44 48 45 49 46 47 56 53 51 54 52 50 55 61 62 58 59 57 60 63 68 69 64 67 70 66 65  7  6  2  4  1  3  5 12  9 11 14  8 10 13 19 16 18 21 20 17 15 24 22 28 23 26 25 27
  4  2  5  7  1  3  6  8 12 10 11 13 14  9 15 16 20 17 21 18 19 28 25 23 26 24 22 27 33 34 30 31 29 32 35 40 41 36 39 42 38 37 49 48 44 46 43 45 47 54 51 53 56 50 52 55 61 58 60 63 62 59 57 66 64 70 65 68 67 69
 39 37 40 42 36 38 41 43 47 45 46 48 49 44 50 51 55 52 56 53 54 63 60 58 61 59 57 62 68 69 65 66 64 67 70  5  6  1  4  7  3  2 14 13  9 11  8 10 12 19 16 18 21 15 17 20 26 23 25 28 27 24 22 31 29 35 30 33 32 34
 11  9 12 14  8 10 13 15 19 17 18 20 21 16 22 23 27 24 28 25 26 35 32 30 33 31 29 34 40 41 37 38 36 39 42 47 48 43 46 49 45 44 56 55 51 53 50 52 54 61 58 60 63 57 59 62 68 65 67 70 69 66 64  3  1  7  2  5  4  6
 18 16 19 21 15 17 20 22 26 24 25 27 28 23 29 30 34 31 35 32 33 42 39 37 40 38 36 41 47 48 44 45 43 46 49 54 55 50 53 56 52 51 63 62 58 60 57 59 61 68 65 67 70 64 66 69  5  2  4  7  6  3  1 10  8 14  9 12 11 13
 25 23 26 28 22 24 27 29 33 31 32 34 35 30 36 37 41 38 42 39 40 49 46 44 47 45 43 48 54 55 51 52 50 53 56 61 62 57 60 63 59 58 70 69 65 67 64 66 68  5  2  4  7  1  3  6 12  9 11 14 13 10  8 17 15 21 16 19 18 20
 12 10 13  8  9 11 14 16 20 18 19 21 15 17 23 24 28 25 22 26 27 29 33 31 34 32 30 35 41 42 38 39 37 40 36 48 49 44 47 43 46 45 50 56 52 54 51 53 55 62 59 61 57 58 60 63 69 66 68 64 70 67 65  4  2  1  3  6  5  7
 61 59 62 57 58 60 63 65 69 67 68 70 64 66  2  3  7  4  1  5  6  8 12 10 13 11  9 14 20 21 17 18 16 19 15 27 28 23 26 22 25 24 29 35 31 33 30 32 34 41 38 40 36 37 39 42 48 45 47 43 49 46 44 53 51 50 52 55 54 56
 40 38 41 36 37 39 42 44 48 46 47 49 43 45 51 52 56 53 50 54 55 57 61 59 62 60 58 63 69 70 66 67 65 68 64  6  7  2  5  1  4  3  8 14 10 12  9 11 13 20 17 19 15 16 18 21 27 24 26 22 28 25 23 32 30 29 31 34 33 35
 33 31 34 29 30 32 35 37 41 39 40 42 36 38 44 45 49 46 43 47 48 50 54 52 55 53 51 56 62 63 59 60 58 61 57 69 70 65 68 64 67 66  1  7  3  5  2  4  6 13 10 12  8  9 11 14 20 17 19 15 21 18 16 25 23 22 24 27 26 28
 19 17 20 15 16 18 21 23 27 25 26 28 22 24 30 31 35 32 29 33 34 36 40 38 41 39 37 42 48 49 45 46 44 47 43 55 56 51 54 50 53 52 57 63 59 61 58 60 62 69 66 68 64 65 67 70  6  3  5  1  7  4  2 11  9  8 10 13 12 14
 47 45 48 43 44 46 49 51 55 53 54 56 50 52 58 59 63 60 57 61 62 64 68 66 69 67 65 70  6  7  3  4  2  5  1 13 14  9 12  8 11 10 15 21 17 19 16 18 20 27 24 26 22 23 25 28 34 31 33 29 35 32 30 39 37 36 38 41 40 42
  5  3  6  1  2  4  7  9 13 11 12 14  8 10 16 17 21 18 15 19 20 22 26 24 27 25 23 28 34 35 31 32 30 33 29 41 42 37 40 36 39 38 43 49 45 47 44 46 48 55 52 54 50 51 53 56 62 59 61 57 63 60 58 67 65 64 66 69 68 70
 54 52 55 50 51 53 56 58 62 60 61 63 57 59 65 66 70 67 64 68 69  1  5  3  6  4  2  7 13 14 10 11  9 12  8 20 21 16 19 15 18 17 22 28 24 26 23 25 27 34 31 33 29 30 32 35 41 38 40 36 42 39 37 46 44 43 45 48 47 49
 26 24 27 22 23 25 28 30 34 32 33 35 29 31 37 38 42 39 36 40 41 43 47 45 48 46 44 49 55 56 52 53 51 54 50 62 63 58 61 57 60 59 64 70 66 68 65 67 69  6  3  5  1  2  4  7 13 10 12  8 14 11  9 18 16 15 17 20 19 21
 68 66 69 64 65 67 70  2  6  4  5  7  1  3  9 10 14 11  8 12 13 15 19 17 20 18 16 21 27 28 24 25 23 26 22 34 35 30 33 29 32 31 36 42 38 40 37 39 41 48 45 47 43 44 46 49 55 52 54 50 56 53 51 60 58 57 59 62 61 63
 13 11 14  9 10 12  8 17 21 19 20 15 16 18 24 25 22 26 23 27 28 30 34 32 35 33 31 29 42 36 39 40 38 41 37 49 43 45 48 44 47 46 51 50 53 55 52 54 56 63 60 62 58 59 61 57 70 67 69 65 64 68 66  5  3  2  4  7  6  1
 62 60 63 58 59 61 57 66 70 68 69 64 65 67  3  4  1  5  2  6  7  9 13 11 14 12 10  8 21 15 18 19 17 20 16 28 22 24 27 23 26 25 30 29 32 34 31 33 35 42 39 41 37 38 40 36 49 46 48 44 43 47 45 54 52 51 53 56 55 50
 48 46 49 44 45 47 43 52 56 54 55 50 51 53 59 60 57 61 58 62 63 65 69 67 70 68 66 64  7  1  4  5  3  6  2 14  8 10 13  9 12 11 16 15 18 20 17 19 21 28 25 27 23 24 26 22 35 32 34 30 29 33 31 40 38 37 39 42 41 36
 41 39 42 37 38 40 36 45 49 47 48 43 44 46 52 53 50 54 51 55 56 58 62 60 63 61 59 57 70 64 67 68 66 69 65  7  1  3  6  2  5  4  9  8 11 13 10 12 14 21 18 20 16 17 19 15 28 25 27 23 22 26 24 33 31 30 32 35 34 29
  6  4  7  2  3  5  1 10 14 12 13  8  9 11 17 18 15 19 16 20 21 23 27 25 28 26 24 22 35 29 32 33 31 34 30 42 36 38 41 37 40 39 44 43 46 48 45 47 49 56 53 55 51 52 54 50 63 60 62 58 57 61 59 68 66 65 67 70 69 64
 69 67 70 65 66 68 64  3  7  5  6  1  2  4 10 11  8 12  9 13 14 16 20 18 21 19 17 15 28 22 25 26 24 27 23 35 29 31 34 30 33 32 37 36 39 41 38 40 42 49 46 48 44 45 47 43 56 53 55 51 50 54 52 61 59 58 60 63 62 57
 55 53 56 51 52 54 50 59 63 61 62 57 58 60 66 67 64 68 65 69 70  2  6  4  7  5  3  1 14  8 11 12 10 13  9 21 15 17 20 16 19 18 23 22 25 27 24 26 28 35 32 34 30 31 33 29 42 39 41 37 36 40 38 47 45 44 46 49 48 43
 20 18 21 16 17 19 15 24 28 26 27 22 23 25 31 32 29 33 30 34 35 37 41 39 42 40 38 36 49 43 46 47 45 48 44 56 50 52 55 51 54 53 58 57 60 62 59 61 63 70 67 69 65 66 68 64  7  4  6  2  1  5  3 12 10  9 11 14 13  8
 34 32 35 30 31 33 29 38 42 40 41 36 37 39 45 46 43 47 44 48 49 51 55 53 56 54 52 50 63 57 60 61 59 62 58 70 64 66 69 65 68 67  2  1  4  6  3  5  7 14 11 13  9 10 12  8 21 18 20 16 15 19 17 26 24 23 25 28 27 22
 27 25 28 23 24 26 22 31 35 33 34 29 30 32 38 39 36 40 37 41 42 44 48 46 49 47 45 43 56 50 53 54 52 55 51 63 57 59 62 58 61 60 65 64 67 69 66 68 70  7  4  6  2  3  5  1 14 11 13  9  8 12 10 19 17 16 18 21 20 15
