0.00329770000098506
0.0032591999988653697
0.0030485000024782494
0.003199400001903996
0.003004400001373142
0.0035635999993246514
0.0028376000009302516
0.003145899998344248
0.003288700001576217
0.003544899998814799
0.0030954000030760653
0.0030928000014682766
0.003025499998329906
0.003220400001737289
0.0030971999985922594
0.0029204999991634395
0.0038931000017328188
0.0031803999991097953
0.003028499999345513
0.0033260000018344726
0.002984000002470566
0.003301700002339203
0.0028527000031317584
0.003081500002735993
0.0030797999970673118
0.00327839999954449
0.0030265000023064204
0.0032128000020748004
0.00337750000107917
0.0036045000015292317
0.003941900002246257
0.003286099999968428
0.003458600000158185
0.0033774000003177207
0.0030177000007824972
0.003159200001391582
0.002901299998484319
0.003427499999816064
0.002858100000594277
0.0029310999998415355
0.0030396999973163474
0.0029862000010325573
0.0030364999984158203
0.0030392000007850584
0.002996899998834124
0.0031907999982649926
0.0032003000014810823
0.0028712000021187123
0.0033411999975214712
0.0028205999988131225
0.0029804000005242415
0.0028146000004198868
0.0031154999996942934
0.0030989000006229617
0.0030143000003590714
0.0028506000016932376
0.0030704999990120996
0.0028120999995735474
0.002940200000011828
0.00290820000009262
0.0030913999980839435
0.003348099999129772
0.002867900002456736
0.003293000001576729
0.0029322000009415206
0.00294469999789726
0.0028455000028770883
0.00297599999976228
0.0029993999996804632
0.0032720999988669064
0.0028394000000844244
0.003482100000837818
0.0032424999990325887
0.0031161000006250106
0.0028468999989854638
0.0029741999969701283
0.0030899000012141187
0.0032647000007273164
0.003032500000699656
0.002880399999412475
0.0033665000009932555
0.003746299997146707
0.00547279999955208
0.0046905999988666736
0.004199700000754092
0.003606199999921955
0.0030666999991808552
0.0029888999997638166
0.002963100003398722
0.0035674000027938746
0.004507800000283169
0.0030339000004460104
0.004024900001240894
0.003090000001975568
0.003181599997333251
0.004830899997614324
0.0029534000022977125
0.003337000001920387
0.003291900000476744
0.0031036000000312924
