 26 29 30 28 25 27  3  4  1  6  2  5 11 10  7  9  8 12 17 14 16 13 18 15 19 24 21 23 22 20
 20 23 24 22 19 21 27 28 25 30 26 29  5  4  1  3  2  6 11  8 10  7 12  9 13 18 15 17 16 14
  2  5  6  4  1  3  9 10  7 12  8 11 17 16 13 15 14 18 23 20 22 19 24 21 25 30 27 29 28 26
  8 11 12 10  7  9 15 16 13 18 14 17 23 22 19 21 20 24 29 26 28 25 30 27  1  6  3  5  4  2
 14 17 18 16 13 15 21 22 19 24 20 23 29 28 25 27 26 30  5  2  4  1  6  3  7 12  9 11 10  8
  3  6  1  5  2  4 10 11  8  7  9 12 18 17 14 16 15 13 24 21 23 20 19 22 26 25 28 30 29 27
 27 30 25 29 26 28  4  5  2  1  3  6 12 11  8 10  9  7 18 15 17 14 13 16 20 19 22 24 23 21
 15 18 13 17 14 16 22 23 20 19 21 24 30 29 26 28 27 25  6  3  5  2  1  4  8  7 10 12 11  9
  9 12  7 11  8 10 16 17 14 13 15 18 24 23 20 22 21 19 30 27 29 26 25 28  2  1  4  6  5  3
 21 24 19 23 20 22 28 29 26 25 27 30  6  5  2  4  3  1 12  9 11  8  7 10 14 13 16 18 17 15
 28 25 26 30 27 29  5  6  3  2  4  1  7 12  9 11 10  8 13 16 18 15 14 17 21 20 23 19 24 22
 22 19 20 24 21 23 29 30 27 26 28 25  1  6  3  5  4  2  7 10 12  9  8 11 15 14 17 13 18 16
  4  1  2  6  3  5 11 12  9  8 10  7 13 18 15 17 16 14 19 22 24 21 20 23 27 26 29 25 30 28
 10  7  8 12  9 11 17 18 15 14 16 13 19 24 21 23 22 20 25 28 30 27 26 29  3  2  5  1  6  4
 16 13 14 18 15 17 23 24 21 20 22 19 25 30 27 29 28 26  1  4  6  3  2  5  9  8 11  7 12 10
 23 20 21 19 22 24 30 25 28 27 29 26  2  1  4  6  5  3  8 11  7 10  9 12 16 15 18 14 13 17
 11  8  9  7 10 12 18 13 16 15 17 14 20 19 22 24 23 21 26 29 25 28 27 30  4  3  6  2  1  5
 29 26 27 25 28 30  6  1  4  3  5  2  8  7 10 12 11  9 14 17 13 16 15 18 22 21 24 20 19 23
  5  2  3  1  4  6 12  7 10  9 11  8 14 13 16 18 17 15 20 23 19 22 21 24 28 27 30 26 25 29
 17 14 15 13 16 18 24 19 22 21 23 20 26 25 28 30 29 27  2  5  1  4  3  6 10  9 12  8  7 11
 30 27 28 26 29 25  1  2  5  4  6  3  9  8 11  7 12 10 15 18 14 17 16 13 23 22 19 21 20 24
 18 15 16 14 17 13 19 20 23 22 24 21 27 26 29 25 30 28  3  6  2  5  4  1 11 10  7  9  8 12
 24 21 22 20 23 19 25 26 29 28 30 27  3  2  5  1  6  4  9 12  8 11 10  7 17 16 13 15 14 18
 12  9 10  8 11  7 13 14 17 16 18 15 21 20 23 19 24 22 27 30 26 29 28 25  5  4  1  3  2  6
  6  3  4  2  5  1  7  8 11 10 12  9 15 14 17 13 18 16 21 24 20 23 22 19 29 28 25 27 26 30
 19 22 23 21 24 20 26 27 30 29 25 28  4  3  6  2  1  5 10  7  9 12 11  8 18 17 14 16 15 13
  7 10 11  9 12  8 14 15 18 17 13 16 22 21 24 20 19 23 28 25 27 30 29 26  6  5  2  4  3  1
 13 16 17 15 18 14 20 21 24 23 19 22 28 27 30 26 25 29  4  1  3  6  5  2 12 11  8 10  9  7
  1  4  5  3  6  2  8  9 12 11  7 10 16 15 18 14 13 17 22 19 21 24 23 20 30 29 26 28 27 25
 25 28 29 27 30 26  2  3  6  5  1  4 10  9 12  8  7 11 16 13 15 18 17 14 24 23 20 22 21 19
