 30 29 27 25 28 26  1  2  6  3  4  5 10  8  7 12 11  9 13 14 16 18 15 17 19 24 22 23 20 21
 12 11  9  7 10  8 13 14 18 15 16 17 22 20 19 24 23 21 25 26 28 30 27 29  1  6  4  5  2  3
  6  5  3  1  4  2  7  8 12  9 10 11 16 14 13 18 17 15 19 20 22 24 21 23 25 30 28 29 26 27
 24 23 21 19 22 20 25 26 30 27 28 29  4  2  1  6  5  3  7  8 10 12  9 11 13 18 16 17 14 15
 18 17 15 13 16 14 19 20 24 21 22 23 28 26 25 30 29 27  1  2  4  6  3  5  7 12 10 11  8  9
  7 12 10  8 11  9 14 15 13 16 17 18 23 21 20 19 24 22 26 27 29 25 28 30  2  1  5  6  3  4
 13 18 16 14 17 15 20 21 19 22 23 24 29 27 26 25 30 28  2  3  5  1  4  6  8  7 11 12  9 10
  1  6  4  2  5  3  8  9  7 10 11 12 17 15 14 13 18 16 20 21 23 19 22 24 26 25 29 30 27 28
 25 30 28 26 29 27  2  3  1  4  5  6 11  9  8  7 12 10 14 15 17 13 16 18 20 19 23 24 21 22
 19 24 22 20 23 21 26 27 25 28 29 30  5  3  2  1  6  4  8  9 11  7 10 12 14 13 17 18 15 16
  8  7 11  9 12 10 15 16 14 17 18 13 24 22 21 20 19 23 27 28 30 26 29 25  3  2  6  1  4  5
  2  1  5  3  6  4  9 10  8 11 12  7 18 16 15 14 13 17 21 22 24 20 23 19 27 26 30 25 28 29
 14 13 17 15 18 16 21 22 20 23 24 19 30 28 27 26 25 29  3  4  6  2  5  1  9  8 12  7 10 11
 20 19 23 21 24 22 27 28 26 29 30 25  6  4  3  2  1  5  9 10 12  8 11  7 15 14 18 13 16 17
 26 25 29 27 30 28  3  4  2  5  6  1 12 10  9  8  7 11 15 16 18 14 17 13 21 20 24 19 22 23
  3  2  6  4  1  5 10 11  9 12  7  8 13 17 16 15 14 18 22 23 19 21 24 20 28 27 25 26 29 30
 15 14 18 16 13 17 22 23 21 24 19 20 25 29 28 27 26 30  4  5  1  3  6  2 10  9  7  8 11 12
 21 20 24 22 19 23 28 29 27 30 25 26  1  5  4  3  2  6 10 11  7  9 12  8 16 15 13 14 17 18
 27 26 30 28 25 29  4  5  3  6  1  2  7 11 10  9  8 12 16 17 13 15 18 14 22 21 19 20 23 24
  9  8 12 10  7 11 16 17 15 18 13 14 19 23 22 21 20 24 28 29 25 27 30 26  4  3  1  2  5  6
 22 21 19 23 20 24 29 30 28 25 26 27  2  6  5  4  3  1 11 12  8 10  7  9 17 16 14 15 18 13
  4  3  1  5  2  6 11 12 10  7  8  9 14 18 17 16 15 13 23 24 20 22 19 21 29 28 26 27 30 25
 28 27 25 29 26 30  5  6  4  1  2  3  8 12 11 10  9  7 17 18 14 16 13 15 23 22 20 21 24 19
 16 15 13 17 14 18 23 24 22 19 20 21 26 30 29 28 27 25  5  6  2  4  1  3 11 10  8  9 12  7
 10  9  7 11  8 12 17 18 16 13 14 15 20 24 23 22 21 19 29 30 26 28 25 27  5  4  2  3  6  1
 17 16 14 18 15 13 24 19 23 20 21 22 27 25 30 29 28 26  6  1  3  5  2  4 12 11  9 10  7  8
  5  4  2  6  3  1 12  7 11  8  9 10 15 13 18 17 16 14 24 19 21 23 20 22 30 29 27 28 25 26
 11 10  8 12  9  7 18 13 17 14 15 16 21 19 24 23 22 20 30 25 27 29 26 28  6  5  3  4  1  2
 23 22 20 24 21 19 30 25 29 26 27 28  3  1  6  5  4  2 12  7  9 11  8 10 18 17 15 16 13 14
 29 28 26 30 27 25  6  1  5  2  3  4  9  7 12 11 10  8 18 13 15 17 14 16 24 23 21 22 19 20
