  8 16 17 12 18 20 10  9  7 19  3  6  4 15 13  1  5  2 14 11
 11  6 14 13  5  8 19 12 20 16 18 17  2  3  9  7  1 15 10  4
 19  1  4  3 14 16 17  6  8  9 15  2 20  5 10 11  7 13 12 18
  5  7 18 10  3  4  2 15 14 11 13  1  8 17  6 12 20  9 16 19
 15  9  2 20 13 11  1  7 12  5 10  4 18 16 14 19 17  8  3  6
 13 14 20  2 16  3  8  1 15 12  9 18  7  4 19  6 10 17 11  5
  6 12 10 11 20 13  4  2  3  8 19 14 15  9 17  5 18  1  7 16
 18  3  7 17 12 14  5 19  6  4  1 11 10  8  2 16 15 20  9 13
  4  5 16  1 10  9 15 11 13 20 17  7 14 18 12  3  8 19  6  2
  9  8 19 15  7 18  6 17 16 10  2  5  1 13 11 20  3 14  4 12
 17 19  1  6  8 15  3 14  9 18 11 10 12  2  4 13 16  7  5 20
  7 18  9 16 19  2 20 10  1 15 14  8  6 11  5 17 12  4 13  3
 20 13  3  8 11  7 18 16  5 17  4 12  9 10 15 14  2  6 19  1
 12 11  5  4  6 17  9 13  2  7 16 20  3 19  1  8 14 10 18 15
 10  2 15 14  1  5 12  4 19  3  6 13 16 20  7 18  9 11  8 17
  3 20  8  5  4  1 14 18 10  2  7 19 13  6 16 15 11 12 17  9
 16 15 11 18 17 19 13 20  4  1 12  9  5 14  8 10  6  3  2  7
 14  4  6  7  9 12 11  5 18 13  8 15 17  1  3  2 19 16 20 10
  1 17 12  9  2 10 16  8 11  6 20  3 19  7 18  4 13  5 15 14
  2 10 13 19 15  6  7  3 17 14  5 16 11 12 20  9  4 18  1  8
