 10 13 16 14  7 18  4  5 17 15  3  6 12  2  9  1  8 11
  1  2 12 13 10 16 14 15  6 17  5  4  7  8 11  9  3 18
 11  6  9 17  5 15 10 16  8  1 14  2  4 18  3  7 12 13
 15  4 18  9  6 11  7  1  3 16  8 12 14 17 13  2 10  5
 17  8  3  4 12  1  9 13  2  7 11 18 16  5 10 14  6 15
  5 14  7  8  3  2 11 12 18 10  9 13  1 15  6  4 17 16
  2 15  8 18  4 13 16  9 14  3 10 11  6 12 17  5  1  7
 13  3  4 16  9 10 18  2  1  6  7 17 15 14  5 12 11  8
 16  5 11 15  2  8  3  4  7 18 12  9 10 13  1  6 14 17
 14 17 10 11  1 12 13  6  5  4 16 15 18  7  8  3  9  2
  7 12  6  5 14  3 17 10 15  2  1  8  9 11 16 18 13  4
  9 18  1  7 17  6  8 11 12 14 13  5  3  4  2 16 15 10
  4 16 17  2 15 14 12  8 11 13  6  3  5  9  7 10 18  1
  3  7 15 10 11  9  1 14 13  8 18 16  2  6  4 17  5 12
  8  1  5 12 13 17  2 18 16  9  4 10 11  3 14 15  7  6
  6 11 13  3 18  4 15  7  9  5  2  1 17 10 12  8 16 14
 18 10 14  1  8  5  6  3  4 12 17  7 13 16 15 11  2  9
 12  9  2  6 16  7  5 17 10 11 15 14  8  1 18 13  4  3
