  3  8  5 15  9  6 17 11 10  1 13 12  4 18  7  2 14 16
 17  6 11  8  2  7  9 18  1 16 15 10 13 12 14  5  4  3
 16 14 13  3  1 17 12  7  6  4  8  5 15 10  2 18 11  9
 10  1 18 16  5 11  8 15  4  7  2 14  6  3  9 12 13 17
  7  2  4 18 14 12  3  5 13 11  6  9  1 16 17 15 10  8
 12  9 15 10  4 13 14 16  2  3 18 17  8  5 11  1  7  6
 11 10  1 13  6 18  2  4 16 12  7  3  5 15  8 17  9 14
  8 12 14  4 16 15 18  3  7  2  5  6  9 17 10 11  1 13
  2 18  7 14  8 10  1 17 11 15  9  4  3  6 13 16  5 12
 13  3 17  7 12  9 15  8  5 10 14 16  2 11  1  6 18  4
  6  4  9  2 11  5 13 14 12  8 17  1 16  7 18 10  3 15
 15  5 16  1 17  3 10  6  9 13 11 18 12 14  4  7  8  2
 14 17  2 11 13  1 16 10  3  6  4 15  7  9  5  8 12 18
  9 16 12 17 15  2 11 13 14  5 10  7 18  8  3  4  6  1
  1 11  8  9 10 14  7 12 15 18  3  2 17  4  6 13 16  5
  4 15  6 12  3  8  5  9 18 17  1 11 10 13 16 14  2  7
 18 13  3  5  7  4  6  1 17 14 16  8 11  2 12  9 15 10
  5  7 10  6 18 16  4  2  8  9 12 13 14  1 15  3 17 11
