 58 63 64 59 60 61 62 57 72 70 65 71 68 67 69 66 80 78 77 75 73 79 74 76  7  3  2  1  8  6  5  4 13 10 11 12 16 15 14  9 23 18 24 17 19 20 21 22 28 26 25 27 29 31 30 32 35 36 39 38 34 37 33 40 48 44 43 41 46 42 45 47 53 49 56 55 51 52 50 54
 42 47 48 43 44 45 46 41 56 54 49 55 52 51 53 50 64 62 61 59 57 63 58 60 71 67 66 65 72 70 69 68 77 74 75 76 80 79 78 73  7  2  8  1  3  4  5  6 12 10  9 11 13 15 14 16 19 20 23 22 18 21 17 24 32 28 27 25 30 26 29 31 37 33 40 39 35 36 34 38
  2  7  8  3  4  5  6  1 16 14  9 15 12 11 13 10 24 22 21 19 17 23 18 20 31 27 26 25 32 30 29 28 37 34 35 36 40 39 38 33 47 42 48 41 43 44 45 46 52 50 49 51 53 55 54 56 59 60 63 62 58 61 57 64 72 68 67 65 70 66 69 71 77 73 80 79 75 76 74 78
 74 79 80 75 76 77 78 73  8  6  1  7  4  3  5  2 16 14 13 11  9 15 10 12 23 19 18 17 24 22 21 20 29 26 27 28 32 31 30 25 39 34 40 33 35 36 37 38 44 42 41 43 45 47 46 48 51 52 55 54 50 53 49 56 64 60 59 57 62 58 61 63 69 65 72 71 67 68 66 70
 26 31 32 27 28 29 30 25 40 38 33 39 36 35 37 34 48 46 45 43 41 47 42 44 55 51 50 49 56 54 53 52 61 58 59 60 64 63 62 57 71 66 72 65 67 68 69 70 76 74 73 75 77 79 78 80  3  4  7  6  2  5  1  8 16 12 11  9 14 10 13 15 21 17 24 23 19 20 18 22
 18 23 24 19 20 21 22 17 32 30 25 31 28 27 29 26 40 38 37 35 33 39 34 36 47 43 42 41 48 46 45 44 53 50 51 52 56 55 54 49 63 58 64 57 59 60 61 62 68 66 65 67 69 71 70 72 75 76 79 78 74 77 73 80  8  4  3  1  6  2  5  7 13  9 16 15 11 12 10 14
 34 39 40 35 36 37 38 33 48 46 41 47 44 43 45 42 56 54 53 51 49 55 50 52 63 59 58 57 64 62 61 60 69 66 67 68 72 71 70 65 79 74 80 73 75 76 77 78  4  2  1  3  5  7  6  8 11 12 15 14 10 13  9 16 24 20 19 17 22 18 21 23 29 25 32 31 27 28 26 30
 66 71 72 67 68 69 70 65 80 78 73 79 76 75 77 74  8  6  5  3  1  7  2  4 15 11 10  9 16 14 13 12 21 18 19 20 24 23 22 17 31 26 32 25 27 28 29 30 36 34 33 35 37 39 38 40 43 44 47 46 42 45 41 48 56 52 51 49 54 50 53 55 61 57 64 63 59 60 58 62
 10 15 16 11 12 13 14  9 24 22 17 23 20 19 21 18 32 30 29 27 25 31 26 28 39 35 34 33 40 38 37 36 45 42 43 44 48 47 46 41 55 50 56 49 51 52 53 54 60 58 57 59 61 63 62 64 67 68 71 70 66 69 65 72 80 76 75 73 78 74 77 79  5  1  8  7  3  4  2  6
 50 55 56 51 52 53 54 49 64 62 57 63 60 59 61 58 72 70 69 67 65 71 66 68 79 75 74 73 80 78 77 76  5  2  3  4  8  7  6  1 15 10 16  9 11 12 13 14 20 18 17 19 21 23 22 24 27 28 31 30 26 29 25 32 40 36 35 33 38 34 37 39 45 41 48 47 43 44 42 46
 27 32 25 28 29 30 31 26 33 39 34 40 37 36 38 35 41 47 46 44 42 48 43 45 56 52 51 50 49 55 54 53 62 59 60 61 57 64 63 58 72 67 65 66 68 69 70 71 77 75 74 76 78 80 79 73  4  5  8  7  3  6  2  1  9 13 12 10 15 11 14 16 22 18 17 24 20 21 19 23
 75 80 73 76 77 78 79 74  1  7  2  8  5  4  6  3  9 15 14 12 10 16 11 13 24 20 19 18 17 23 22 21 30 27 28 29 25 32 31 26 40 35 33 34 36 37 38 39 45 43 42 44 46 48 47 41 52 53 56 55 51 54 50 49 57 61 60 58 63 59 62 64 70 66 65 72 68 69 67 71
  3  8  1  4  5  6  7  2  9 15 10 16 13 12 14 11 17 23 22 20 18 24 19 21 32 28 27 26 25 31 30 29 38 35 36 37 33 40 39 34 48 43 41 42 44 45 46 47 53 51 50 52 54 56 55 49 60 61 64 63 59 62 58 57 65 69 68 66 71 67 70 72 78 74 73 80 76 77 75 79
 67 72 65 68 69 70 71 66 73 79 74 80 77 76 78 75  1  7  6  4  2  8  3  5 16 12 11 10  9 15 14 13 22 19 20 21 17 24 23 18 32 27 25 26 28 29 30 31 37 35 34 36 38 40 39 33 44 45 48 47 43 46 42 41 49 53 52 50 55 51 54 56 62 58 57 64 60 61 59 63
 11 16  9 12 13 14 15 10 17 23 18 24 21 20 22 19 25 31 30 28 26 32 27 29 40 36 35 34 33 39 38 37 46 43 44 45 41 48 47 42 56 51 49 50 52 53 54 55 61 59 58 60 62 64 63 57 68 69 72 71 67 70 66 65 73 77 76 74 79 75 78 80  6  2  1  8  4  5  3  7
 19 24 17 20 21 22 23 18 25 31 26 32 29 28 30 27 33 39 38 36 34 40 35 37 48 44 43 42 41 47 46 45 54 51 52 53 49 56 55 50 64 59 57 58 60 61 62 63 69 67 66 68 70 72 71 65 76 77 80 79 75 78 74 73  1  5  4  2  7  3  6  8 14 10  9 16 12 13 11 15
 35 40 33 36 37 38 39 34 41 47 42 48 45 44 46 43 49 55 54 52 50 56 51 53 64 60 59 58 57 63 62 61 70 67 68 69 65 72 71 66 80 75 73 74 76 77 78 79  5  3  2  4  6  8  7  1 12 13 16 15 11 14 10  9 17 21 20 18 23 19 22 24 30 26 25 32 28 29 27 31
 59 64 57 60 61 62 63 58 65 71 66 72 69 68 70 67 73 79 78 76 74 80 75 77  8  4  3  2  1  7  6  5 14 11 12 13  9 16 15 10 24 19 17 18 20 21 22 23 29 27 26 28 30 32 31 25 36 37 40 39 35 38 34 33 41 45 44 42 47 43 46 48 54 50 49 56 52 53 51 55
 43 48 41 44 45 46 47 42 49 55 50 56 53 52 54 51 57 63 62 60 58 64 59 61 72 68 67 66 65 71 70 69 78 75 76 77 73 80 79 74  8  3  1  2  4  5  6  7 13 11 10 12 14 16 15  9 20 21 24 23 19 22 18 17 25 29 28 26 31 27 30 32 38 34 33 40 36 37 35 39
 51 56 49 52 53 54 55 50 57 63 58 64 61 60 62 59 65 71 70 68 66 72 67 69 80 76 75 74 73 79 78 77  6  3  4  5  1  8  7  2 16 11  9 10 12 13 14 15 21 19 18 20 22 24 23 17 28 29 32 31 27 30 26 25 33 37 36 34 39 35 38 40 46 42 41 48 44 45 43 47
 44 41 42 45 46 47 48 43 50 56 51 49 54 53 55 52 58 64 63 61 59 57 60 62 65 69 68 67 66 72 71 70 79 76 77 78 74 73 80 75  1  4  2  3  5  6  7  8 14 12 11 13 15  9 16 10 21 22 17 24 20 23 19 18 26 30 29 27 32 28 31 25 39 35 34 33 37 38 36 40
 68 65 66 69 70 71 72 67 74 80 75 73 78 77 79 76  2  8  7  5  3  1  4  6  9 13 12 11 10 16 15 14 23 20 21 22 18 17 24 19 25 28 26 27 29 30 31 32 38 36 35 37 39 33 40 34 45 46 41 48 44 47 43 42 50 54 53 51 56 52 55 49 63 59 58 57 61 62 60 64
 20 17 18 21 22 23 24 19 26 32 27 25 30 29 31 28 34 40 39 37 35 33 36 38 41 45 44 43 42 48 47 46 55 52 53 54 50 49 56 51 57 60 58 59 61 62 63 64 70 68 67 69 71 65 72 66 77 78 73 80 76 79 75 74  2  6  5  3  8  4  7  1 15 11 10  9 13 14 12 16
 76 73 74 77 78 79 80 75  2  8  3  1  6  5  7  4 10 16 15 13 11  9 12 14 17 21 20 19 18 24 23 22 31 28 29 30 26 25 32 27 33 36 34 35 37 38 39 40 46 44 43 45 47 41 48 42 53 54 49 56 52 55 51 50 58 62 61 59 64 60 63 57 71 67 66 65 69 70 68 72
 60 57 58 61 62 63 64 59 66 72 67 65 70 69 71 68 74 80 79 77 75 73 76 78  1  5  4  3  2  8  7  6 15 12 13 14 10  9 16 11 17 20 18 19 21 22 23 24 30 28 27 29 31 25 32 26 37 38 33 40 36 39 35 34 42 46 45 43 48 44 47 41 55 51 50 49 53 54 52 56
 12  9 10 13 14 15 16 11 18 24 19 17 22 21 23 20 26 32 31 29 27 25 28 30 33 37 36 35 34 40 39 38 47 44 45 46 42 41 48 43 49 52 50 51 53 54 55 56 62 60 59 61 63 57 64 58 69 70 65 72 68 71 67 66 74 78 77 75 80 76 79 73  7  3  2  1  5  6  4  8
  4  1  2  5  6  7  8  3 10 16 11  9 14 13 15 12 18 24 23 21 19 17 20 22 25 29 28 27 26 32 31 30 39 36 37 38 34 33 40 35 41 44 42 43 45 46 47 48 54 52 51 53 55 49 56 50 61 62 57 64 60 63 59 58 66 70 69 67 72 68 71 65 79 75 74 73 77 78 76 80
 36 33 34 37 38 39 40 35 42 48 43 41 46 45 47 44 50 56 55 53 51 49 52 54 57 61 60 59 58 64 63 62 71 68 69 70 66 65 72 67 73 76 74 75 77 78 79 80  6  4  3  5  7  1  8  2 13 14  9 16 12 15 11 10 18 22 21 19 24 20 23 17 31 27 26 25 29 30 28 32
 28 25 26 29 30 31 32 27 34 40 35 33 38 37 39 36 42 48 47 45 43 41 44 46 49 53 52 51 50 56 55 54 63 60 61 62 58 57 64 59 65 68 66 67 69 70 71 72 78 76 75 77 79 73 80 74  5  6  1  8  4  7  3  2 10 14 13 11 16 12 15  9 23 19 18 17 21 22 20 24
 52 49 50 53 54 55 56 51 58 64 59 57 62 61 63 60 66 72 71 69 67 65 68 70 73 77 76 75 74 80 79 78  7  4  5  6  2  1  8  3  9 12 10 11 13 14 15 16 22 20 19 21 23 17 24 18 29 30 25 32 28 31 27 26 34 38 37 35 40 36 39 33 47 43 42 41 45 46 44 48
 45 42 43 46 47 48 41 44 51 49 52 50 55 54 56 53 59 57 64 62 60 58 61 63 66 70 69 68 67 65 72 71 80 77 78 79 75 74 73 76  2  5  3  4  6  7  8  1 15 13 12 14 16 10  9 11 22 23 18 17 21 24 20 19 27 31 30 28 25 29 32 26 40 36 35 34 38 39 37 33
 29 26 27 30 31 32 25 28 35 33 36 34 39 38 40 37 43 41 48 46 44 42 45 47 50 54 53 52 51 49 56 55 64 61 62 63 59 58 57 60 66 69 67 68 70 71 72 65 79 77 76 78 80 74 73 75  6  7  2  1  5  8  4  3 11 15 14 12  9 13 16 10 24 20 19 18 22 23 21 17
 53 50 51 54 55 56 49 52 59 57 60 58 63 62 64 61 67 65 72 70 68 66 69 71 74 78 77 76 75 73 80 79  8  5  6  7  3  2  1  4 10 13 11 12 14 15 16  9 23 21 20 22 24 18 17 19 30 31 26 25 29 32 28 27 35 39 38 36 33 37 40 34 48 44 43 42 46 47 45 41
 37 34 35 38 39 40 33 36 43 41 44 42 47 46 48 45 51 49 56 54 52 50 53 55 58 62 61 60 59 57 64 63 72 69 70 71 67 66 65 68 74 77 75 76 78 79 80 73  7  5  4  6  8  2  1  3 14 15 10  9 13 16 12 11 19 23 22 20 17 21 24 18 32 28 27 26 30 31 29 25
  5  2  3  6  7  8  1  4 11  9 12 10 15 14 16 13 19 17 24 22 20 18 21 23 26 30 29 28 27 25 32 31 40 37 38 39 35 34 33 36 42 45 43 44 46 47 48 41 55 53 52 54 56 50 49 51 62 63 58 57 61 64 60 59 67 71 70 68 65 69 72 66 80 76 75 74 78 79 77 73
 77 74 75 78 79 80 73 76  3  1  4  2  7  6  8  5 11  9 16 14 12 10 13 15 18 22 21 20 19 17 24 23 32 29 30 31 27 26 25 28 34 37 35 36 38 39 40 33 47 45 44 46 48 42 41 43 54 55 50 49 53 56 52 51 59 63 62 60 57 61 64 58 72 68 67 66 70 71 69 65
 13 10 11 14 15 16  9 12 19 17 20 18 23 22 24 21 27 25 32 30 28 26 29 31 34 38 37 36 35 33 40 39 48 45 46 47 43 42 41 44 50 53 51 52 54 55 56 49 63 61 60 62 64 58 57 59 70 71 66 65 69 72 68 67 75 79 78 76 73 77 80 74  8  4  3  2  6  7  5  1
 69 66 67 70 71 72 65 68 75 73 76 74 79 78 80 77  3  1  8  6  4  2  5  7 10 14 13 12 11  9 16 15 24 21 22 23 19 18 17 20 26 29 27 28 30 31 32 25 39 37 36 38 40 34 33 35 46 47 42 41 45 48 44 43 51 55 54 52 49 53 56 50 64 60 59 58 62 63 61 57
 61 58 59 62 63 64 57 60 67 65 68 66 71 70 72 69 75 73 80 78 76 74 77 79  2  6  5  4  3  1  8  7 16 13 14 15 11 10  9 12 18 21 19 20 22 23 24 17 31 29 28 30 32 26 25 27 38 39 34 33 37 40 36 35 43 47 46 44 41 45 48 42 56 52 51 50 54 55 53 49
 21 18 19 22 23 24 17 20 27 25 28 26 31 30 32 29 35 33 40 38 36 34 37 39 42 46 45 44 43 41 48 47 56 53 54 55 51 50 49 52 58 61 59 60 62 63 64 57 71 69 68 70 72 66 65 67 78 79 74 73 77 80 76 75  3  7  6  4  1  5  8  2 16 12 11 10 14 15 13  9
 62 59 60 63 64 57 58 61 68 66 69 67 72 71 65 70 76 74 73 79 77 75 78 80  3  7  6  5  4  2  1  8  9 14 15 16 12 11 10 13 19 22 20 21 23 24 17 18 32 30 29 31 25 27 26 28 39 40 35 34 38 33 37 36 44 48 47 45 42 46 41 43 49 53 52 51 55 56 54 50
 70 67 68 71 72 65 66 69 76 74 77 75 80 79 73 78  4  2  1  7  5  3  6  8 11 15 14 13 12 10  9 16 17 22 23 24 20 19 18 21 27 30 28 29 31 32 25 26 40 38 37 39 33 35 34 36 47 48 43 42 46 41 45 44 52 56 55 53 50 54 49 51 57 61 60 59 63 64 62 58
 78 75 76 79 80 73 74 77  4  2  5  3  8  7  1  6 12 10  9 15 13 11 14 16 19 23 22 21 20 18 17 24 25 30 31 32 28 27 26 29 35 38 36 37 39 40 33 34 48 46 45 47 41 43 42 44 55 56 51 50 54 49 53 52 60 64 63 61 58 62 57 59 65 69 68 67 71 72 70 66
 46 43 44 47 48 41 42 45 52 50 53 51 56 55 49 54 60 58 57 63 61 59 62 64 67 71 70 69 68 66 65 72 73 78 79 80 76 75 74 77  3  6  4  5  7  8  1  2 16 14 13 15  9 11 10 12 23 24 19 18 22 17 21 20 28 32 31 29 26 30 25 27 33 37 36 35 39 40 38 34
 38 35 36 39 40 33 34 37 44 42 45 43 48 47 41 46 52 50 49 55 53 51 54 56 59 63 62 61 60 58 57 64 65 70 71 72 68 67 66 69 75 78 76 77 79 80 73 74  8  6  5  7  1  3  2  4 15 16 11 10 14  9 13 12 20 24 23 21 18 22 17 19 25 29 28 27 31 32 30 26
 14 11 12 15 16  9 10 13 20 18 21 19 24 23 17 22 28 26 25 31 29 27 30 32 35 39 38 37 36 34 33 40 41 46 47 48 44 43 42 45 51 54 52 53 55 56 49 50 64 62 61 63 57 59 58 60 71 72 67 66 70 65 69 68 76 80 79 77 74 78 73 75  1  5  4  3  7  8  6  2
 54 51 52 55 56 49 50 53 60 58 61 59 64 63 57 62 68 66 65 71 69 67 70 72 75 79 78 77 76 74 73 80  1  6  7  8  4  3  2  5 11 14 12 13 15 16  9 10 24 22 21 23 17 19 18 20 31 32 27 26 30 25 29 28 36 40 39 37 34 38 33 35 41 45 44 43 47 48 46 42
  6  3  4  7  8  1  2  5 12 10 13 11 16 15  9 14 20 18 17 23 21 19 22 24 27 31 30 29 28 26 25 32 33 38 39 40 36 35 34 37 43 46 44 45 47 48 41 42 56 54 53 55 49 51 50 52 63 64 59 58 62 57 61 60 68 72 71 69 66 70 65 67 73 77 76 75 79 80 78 74
 30 27 28 31 32 25 26 29 36 34 37 35 40 39 33 38 44 42 41 47 45 43 46 48 51 55 54 53 52 50 49 56 57 62 63 64 60 59 58 61 67 70 68 69 71 72 65 66 80 78 77 79 73 75 74 76  7  8  3  2  6  1  5  4 12 16 15 13 10 14  9 11 17 21 20 19 23 24 22 18
 22 19 20 23 24 17 18 21 28 26 29 27 32 31 25 30 36 34 33 39 37 35 38 40 43 47 46 45 44 42 41 48 49 54 55 56 52 51 50 53 59 62 60 61 63 64 57 58 72 70 69 71 65 67 66 68 79 80 75 74 78 73 77 76  4  8  7  5  2  6  1  3  9 13 12 11 15 16 14 10
 71 68 69 72 65 66 67 70 77 75 78 76 73 80 74 79  5  3  2  8  6  4  7  1 12 16 15 14 13 11 10  9 18 23 24 17 21 20 19 22 28 31 29 30 32 25 26 27 33 39 38 40 34 36 35 37 48 41 44 43 47 42 46 45 53 49 56 54 51 55 50 52 58 62 61 60 64 57 63 59
 31 28 29 32 25 26 27 30 37 35 38 36 33 40 34 39 45 43 42 48 46 44 47 41 52 56 55 54 53 51 50 49 58 63 64 57 61 60 59 62 68 71 69 70 72 65 66 67 73 79 78 80 74 76 75 77  8  1  4  3  7  2  6  5 13  9 16 14 11 15 10 12 18 22 21 20 24 17 23 19
 23 20 21 24 17 18 19 22 29 27 30 28 25 32 26 31 37 35 34 40 38 36 39 33 44 48 47 46 45 43 42 41 50 55 56 49 53 52 51 54 60 63 61 62 64 57 58 59 65 71 70 72 66 68 67 69 80 73 76 75 79 74 78 77  5  1  8  6  3  7  2  4 10 14 13 12 16  9 15 11
 55 52 53 56 49 50 51 54 61 59 62 60 57 64 58 63 69 67 66 72 70 68 71 65 76 80 79 78 77 75 74 73  2  7  8  1  5  4  3  6 12 15 13 14 16  9 10 11 17 23 22 24 18 20 19 21 32 25 28 27 31 26 30 29 37 33 40 38 35 39 34 36 42 46 45 44 48 41 47 43
 15 12 13 16  9 10 11 14 21 19 22 20 17 24 18 23 29 27 26 32 30 28 31 25 36 40 39 38 37 35 34 33 42 47 48 41 45 44 43 46 52 55 53 54 56 49 50 51 57 63 62 64 58 60 59 61 72 65 68 67 71 66 70 69 77 73 80 78 75 79 74 76  2  6  5  4  8  1  7  3
 47 44 45 48 41 42 43 46 53 51 54 52 49 56 50 55 61 59 58 64 62 60 63 57 68 72 71 70 69 67 66 65 74 79 80 73 77 76 75 78  4  7  5  6  8  1  2  3  9 15 14 16 10 12 11 13 24 17 20 19 23 18 22 21 29 25 32 30 27 31 26 28 34 38 37 36 40 33 39 35
 79 76 77 80 73 74 75 78  5  3  6  4  1  8  2  7 13 11 10 16 14 12 15  9 20 24 23 22 21 19 18 17 26 31 32 25 29 28 27 30 36 39 37 38 40 33 34 35 41 47 46 48 42 44 43 45 56 49 52 51 55 50 54 53 61 57 64 62 59 63 58 60 66 70 69 68 72 65 71 67
 63 60 61 64 57 58 59 62 69 67 70 68 65 72 66 71 77 75 74 80 78 76 79 73  4  8  7  6  5  3  2  1 10 15 16  9 13 12 11 14 20 23 21 22 24 17 18 19 25 31 30 32 26 28 27 29 40 33 36 35 39 34 38 37 45 41 48 46 43 47 42 44 50 54 53 52 56 49 55 51
 39 36 37 40 33 34 35 38 45 43 46 44 41 48 42 47 53 51 50 56 54 52 55 49 60 64 63 62 61 59 58 57 66 71 72 65 69 68 67 70 76 79 77 78 80 73 74 75  1  7  6  8  2  4  3  5 16  9 12 11 15 10 14 13 21 17 24 22 19 23 18 20 26 30 29 28 32 25 31 27
  7  4  5  8  1  2  3  6 13 11 14 12  9 16 10 15 21 19 18 24 22 20 23 17 28 32 31 30 29 27 26 25 34 39 40 33 37 36 35 38 44 47 45 46 48 41 42 43 49 55 54 56 50 52 51 53 64 57 60 59 63 58 62 61 69 65 72 70 67 71 66 68 74 78 77 76 80 73 79 75
 24 21 22 17 18 19 20 23 30 28 31 29 26 25 27 32 38 36 35 33 39 37 40 34 45 41 48 47 46 44 43 42 51 56 49 50 54 53 52 55 61 64 62 63 57 58 59 60 66 72 71 65 67 69 68 70 73 74 77 76 80 75 79 78  6  2  1  7  4  8  3  5 11 15 14 13  9 10 16 12
 80 77 78 73 74 75 76 79  6  4  7  5  2  1  3  8 14 12 11  9 15 13 16 10 21 17 24 23 22 20 19 18 27 32 25 26 30 29 28 31 37 40 38 39 33 34 35 36 42 48 47 41 43 45 44 46 49 50 53 52 56 51 55 54 62 58 57 63 60 64 59 61 67 71 70 69 65 66 72 68
 72 69 70 65 66 67 68 71 78 76 79 77 74 73 75 80  6  4  3  1  7  5  8  2 13  9 16 15 14 12 11 10 19 24 17 18 22 21 20 23 29 32 30 31 25 26 27 28 34 40 39 33 35 37 36 38 41 42 45 44 48 43 47 46 54 50 49 55 52 56 51 53 59 63 62 61 57 58 64 60
  8  5  6  1  2  3  4  7 14 12 15 13 10  9 11 16 22 20 19 17 23 21 24 18 29 25 32 31 30 28 27 26 35 40 33 34 38 37 36 39 45 48 46 47 41 42 43 44 50 56 55 49 51 53 52 54 57 58 61 60 64 59 63 62 70 66 65 71 68 72 67 69 75 79 78 77 73 74 80 76
 40 37 38 33 34 35 36 39 46 44 47 45 42 41 43 48 54 52 51 49 55 53 56 50 61 57 64 63 62 60 59 58 67 72 65 66 70 69 68 71 77 80 78 79 73 74 75 76  2  8  7  1  3  5  4  6  9 10 13 12 16 11 15 14 22 18 17 23 20 24 19 21 27 31 30 29 25 26 32 28
 32 29 30 25 26 27 28 31 38 36 39 37 34 33 35 40 46 44 43 41 47 45 48 42 53 49 56 55 54 52 51 50 59 64 57 58 62 61 60 63 69 72 70 71 65 66 67 68 74 80 79 73 75 77 76 78  1  2  5  4  8  3  7  6 14 10  9 15 12 16 11 13 19 23 22 21 17 18 24 20
 16 13 14  9 10 11 12 15 22 20 23 21 18 17 19 24 30 28 27 25 31 29 32 26 37 33 40 39 38 36 35 34 43 48 41 42 46 45 44 47 53 56 54 55 49 50 51 52 58 64 63 57 59 61 60 62 65 66 69 68 72 67 71 70 78 74 73 79 76 80 75 77  3  7  6  5  1  2  8  4
 48 45 46 41 42 43 44 47 54 52 55 53 50 49 51 56 62 60 59 57 63 61 64 58 69 65 72 71 70 68 67 66 75 80 73 74 78 77 76 79  5  8  6  7  1  2  3  4 10 16 15  9 11 13 12 14 17 18 21 20 24 19 23 22 30 26 25 31 28 32 27 29 35 39 38 37 33 34 40 36
 64 61 62 57 58 59 60 63 70 68 71 69 66 65 67 72 78 76 75 73 79 77 80 74  5  1  8  7  6  4  3  2 11 16  9 10 14 13 12 15 21 24 22 23 17 18 19 20 26 32 31 25 27 29 28 30 33 34 37 36 40 35 39 38 46 42 41 47 44 48 43 45 51 55 54 53 49 50 56 52
 56 53 54 49 50 51 52 55 62 60 63 61 58 57 59 64 70 68 67 65 71 69 72 66 77 73 80 79 78 76 75 74  3  8  1  2  6  5  4  7 13 16 14 15  9 10 11 12 18 24 23 17 19 21 20 22 25 26 29 28 32 27 31 30 38 34 33 39 36 40 35 37 43 47 46 45 41 42 48 44
 33 38 39 34 35 36 37 40 47 45 48 46 43 42 44 41 55 53 52 50 56 54 49 51 62 58 57 64 63 61 60 59 68 65 66 67 71 70 69 72 78 73 79 80 74 75 76 77  3  1  8  2  4  6  5  7 10 11 14 13  9 12 16 15 23 19 18 24 21 17 20 22 28 32 31 30 26 27 25 29
 73 78 79 74 75 76 77 80  7  5  8  6  3  2  4  1 15 13 12 10 16 14  9 11 22 18 17 24 23 21 20 19 28 25 26 27 31 30 29 32 38 33 39 40 34 35 36 37 43 41 48 42 44 46 45 47 50 51 54 53 49 52 56 55 63 59 58 64 61 57 60 62 68 72 71 70 66 67 65 69
 41 46 47 42 43 44 45 48 55 53 56 54 51 50 52 49 63 61 60 58 64 62 57 59 70 66 65 72 71 69 68 67 76 73 74 75 79 78 77 80  6  1  7  8  2  3  4  5 11  9 16 10 12 14 13 15 18 19 22 21 17 20 24 23 31 27 26 32 29 25 28 30 36 40 39 38 34 35 33 37
  1  6  7  2  3  4  5  8 15 13 16 14 11 10 12  9 23 21 20 18 24 22 17 19 30 26 25 32 31 29 28 27 36 33 34 35 39 38 37 40 46 41 47 48 42 43 44 45 51 49 56 50 52 54 53 55 58 59 62 61 57 60 64 63 71 67 66 72 69 65 68 70 76 80 79 78 74 75 73 77
 17 22 23 18 19 20 21 24 31 29 32 30 27 26 28 25 39 37 36 34 40 38 33 35 46 42 41 48 47 45 44 43 52 49 50 51 55 54 53 56 62 57 63 64 58 59 60 61 67 65 72 66 68 70 69 71 74 75 78 77 73 76 80 79  7  3  2  8  5  1  4  6 12 16 15 14 10 11  9 13
 57 62 63 58 59 60 61 64 71 69 72 70 67 66 68 65 79 77 76 74 80 78 73 75  6  2  1  8  7  5  4  3 12  9 10 11 15 14 13 16 22 17 23 24 18 19 20 21 27 25 32 26 28 30 29 31 34 35 38 37 33 36 40 39 47 43 42 48 45 41 44 46 52 56 55 54 50 51 49 53
 65 70 71 66 67 68 69 72 79 77 80 78 75 74 76 73  7  5  4  2  8  6  1  3 14 10  9 16 15 13 12 11 20 17 18 19 23 22 21 24 30 25 31 32 26 27 28 29 35 33 40 34 36 38 37 39 42 43 46 45 41 44 48 47 55 51 50 56 53 49 52 54 60 64 63 62 58 59 57 61
 25 30 31 26 27 28 29 32 39 37 40 38 35 34 36 33 47 45 44 42 48 46 41 43 54 50 49 56 55 53 52 51 60 57 58 59 63 62 61 64 70 65 71 72 66 67 68 69 75 73 80 74 76 78 77 79  2  3  6  5  1  4  8  7 15 11 10 16 13  9 12 14 20 24 23 22 18 19 17 21
  9 14 15 10 11 12 13 16 23 21 24 22 19 18 20 17 31 29 28 26 32 30 25 27 38 34 33 40 39 37 36 35 44 41 42 43 47 46 45 48 54 49 55 56 50 51 52 53 59 57 64 58 60 62 61 63 66 67 70 69 65 68 72 71 79 75 74 80 77 73 76 78  4  8  7  6  2  3  1  5
 49 54 55 50 51 52 53 56 63 61 64 62 59 58 60 57 71 69 68 66 72 70 65 67 78 74 73 80 79 77 76 75  4  1  2  3  7  6  5  8 14  9 15 16 10 11 12 13 19 17 24 18 20 22 21 23 26 27 30 29 25 28 32 31 39 35 34 40 37 33 36 38 44 48 47 46 42 43 41 45
