 22 26 25 28 24 27 23 33 34 29 31 30 32 35 42 37 38 41 40 39 36  7  6  3  2  5  4  1 12  9 10 11 14  8 13 16 15 19 21 17 18 20
 36 40 39 42 38 41 37  5  6  1  3  2  4  7 14  9 10 13 12 11  8 21 20 17 16 19 18 15 26 23 24 25 28 22 27 30 29 33 35 31 32 34
  8 12 11 14 10 13  9 19 20 15 17 16 18 21 28 23 24 27 26 25 22 35 34 31 30 33 32 29 40 37 38 39 42 36 41  2  1  5  7  3  4  6
  1  5  4  7  3  6  2 12 13  8 10  9 11 14 21 16 17 20 19 18 15 28 27 24 23 26 25 22 33 30 31 32 35 29 34 37 36 40 42 38 39 41
 29 33 32 35 31 34 30 40 41 36 38 37 39 42  7  2  3  6  5  4  1 14 13 10  9 12 11  8 19 16 17 18 21 15 20 23 22 26 28 24 25 27
 15 19 18 21 17 20 16 26 27 22 24 23 25 28 35 30 31 34 33 32 29 42 41 38 37 40 39 36  5  2  3  4  7  1  6  9  8 12 14 10 11 13
 16 20 19 15 18 21 17 27 28 23 25 24 26 22 29 31 32 35 34 33 30 36 42 39 38 41 40 37  6  3  4  5  1  2  7 10  9 13  8 11 12 14
  9 13 12  8 11 14 10 20 21 16 18 17 19 15 22 24 25 28 27 26 23 29 35 32 31 34 33 30 41 38 39 40 36 37 42  3  2  6  1  4  5  7
 23 27 26 22 25 28 24 34 35 30 32 31 33 29 36 38 39 42 41 40 37  1  7  4  3  6  5  2 13 10 11 12  8  9 14 17 16 20 15 18 19 21
  2  6  5  1  4  7  3 13 14  9 11 10 12  8 15 17 18 21 20 19 16 22 28 25 24 27 26 23 34 31 32 33 29 30 35 38 37 41 36 39 40 42
 37 41 40 36 39 42 38  6  7  2  4  3  5  1  8 10 11 14 13 12  9 15 21 18 17 20 19 16 27 24 25 26 22 23 28 31 30 34 29 32 33 35
 30 34 33 29 32 35 31 41 42 37 39 38 40 36  1  3  4  7  6  5  2  8 14 11 10 13 12  9 20 17 18 19 15 16 21 24 23 27 22 25 26 28
 31 35 34 30 33 29 32 42 36 38 40 39 41 37  2  4  5  1  7  6  3  9  8 12 11 14 13 10 21 18 19 20 16 17 15 25 24 28 23 26 27 22
 38 42 41 37 40 36 39  7  1  3  5  4  6  2  9 11 12  8 14 13 10 16 15 19 18 21 20 17 28 25 26 27 23 24 22 32 31 35 30 33 34 29
 24 28 27 23 26 22 25 35 29 31 33 32 34 30 37 39 40 36 42 41 38  2  1  5  4  7  6  3 14 11 12 13  9 10  8 18 17 21 16 19 20 15
 10 14 13  9 12  8 11 21 15 17 19 18 20 16 23 25 26 22 28 27 24 30 29 33 32 35 34 31 42 39 40 41 37 38 36  4  3  7  2  5  6  1
  3  7  6  2  5  1  4 14  8 10 12 11 13  9 16 18 19 15 21 20 17 23 22 26 25 28 27 24 35 32 33 34 30 31 29 39 38 42 37 40 41 36
 17 21 20 16 19 15 18 28 22 24 26 25 27 23 30 32 33 29 35 34 31 37 36 40 39 42 41 38  7  4  5  6  2  3  1 11 10 14  9 12 13  8
 32 29 35 31 34 30 33 36 37 39 41 40 42 38  3  5  6  2  1  7  4 10  9 13 12  8 14 11 15 19 20 21 17 18 16 26 25 22 24 27 28 23
 39 36 42 38 41 37 40  1  2  4  6  5  7  3 10 12 13  9  8 14 11 17 16 20 19 15 21 18 22 26 27 28 24 25 23 33 32 29 31 34 35 30
 18 15 21 17 20 16 19 22 23 25 27 26 28 24 31 33 34 30 29 35 32 38 37 41 40 36 42 39  1  5  6  7  3  4  2 12 11  8 10 13 14  9
  4  1  7  3  6  2  5  8  9 11 13 12 14 10 17 19 20 16 15 21 18 24 23 27 26 22 28 25 29 33 34 35 31 32 30 40 39 36 38 41 42 37
 11  8 14 10 13  9 12 15 16 18 20 19 21 17 24 26 27 23 22 28 25 31 30 34 33 29 35 32 36 40 41 42 38 39 37  5  4  1  3  6  7  2
 25 22 28 24 27 23 26 29 30 32 34 33 35 31 38 40 41 37 36 42 39  3  2  6  5  1  7  4  8 12 13 14 10 11  9 19 18 15 17 20 21 16
 33 30 29 32 35 31 34 37 38 40 42 41 36 39  4  6  7  3  2  1  5 11 10 14 13  9  8 12 16 20 21 15 18 19 17 27 26 23 25 28 22 24
 12  9  8 11 14 10 13 16 17 19 21 20 15 18 25 27 28 24 23 22 26 32 31 35 34 30 29 33 37 41 42 36 39 40 38  6  5  2  4  7  1  3
 26 23 22 25 28 24 27 30 31 33 35 34 29 32 39 41 42 38 37 36 40  4  3  7  6  2  1  5  9 13 14  8 11 12 10 20 19 16 18 21 15 17
 40 37 36 39 42 38 41  2  3  5  7  6  1  4 11 13 14 10  9  8 12 18 17 21 20 16 15 19 23 27 28 22 25 26 24 34 33 30 32 35 29 31
 19 16 15 18 21 17 20 23 24 26 28 27 22 25 32 34 35 31 30 29 33 39 38 42 41 37 36 40  2  6  7  1  4  5  3 13 12  9 11 14  8 10
  5  2  1  4  7  3  6  9 10 12 14 13  8 11 18 20 21 17 16 15 19 25 24 28 27 23 22 26 30 34 35 29 32 33 31 41 40 37 39 42 36 38
 34 31 30 33 29 32 35 38 39 41 36 42 37 40  5  7  1  4  3  2  6 12 11  8 14 10  9 13 17 21 15 16 19 20 18 28 27 24 26 22 23 25
  6  3  2  5  1  4  7 10 11 13  8 14  9 12 19 21 15 18 17 16 20 26 25 22 28 24 23 27 31 35 29 30 33 34 32 42 41 38 40 36 37 39
 41 38 37 40 36 39 42  3  4  6  1  7  2  5 12 14  8 11 10  9 13 19 18 15 21 17 16 20 24 28 22 23 26 27 25 35 34 31 33 29 30 32
 20 17 16 19 15 18 21 24 25 27 22 28 23 26 33 35 29 32 31 30 34 40 39 36 42 38 37 41  3  7  1  2  5  6  4 14 13 10 12  8  9 11
 13 10  9 12  8 11 14 17 18 20 15 21 16 19 26 28 22 25 24 23 27 33 32 29 35 31 30 34 38 42 36 37 40 41 39  7  6  3  5  1  2  4
 27 24 23 26 22 25 28 31 32 34 29 35 30 33 40 42 36 39 38 37 41  5  4  1  7  3  2  6 10 14  8  9 12 13 11 21 20 17 19 15 16 18
 28 25 24 27 23 26 22 32 33 35 30 29 31 34 41 36 37 40 39 38 42  6  5  2  1  4  3  7 11  8  9 10 13 14 12 15 21 18 20 16 17 19
  7  4  3  6  2  5  1 11 12 14  9  8 10 13 20 15 16 19 18 17 21 27 26 23 22 25 24 28 32 29 30 31 34 35 33 36 42 39 41 37 38 40
 42 39 38 41 37 40 36  4  5  7  2  1  3  6 13  8  9 12 11 10 14 20 19 16 15 18 17 21 25 22 23 24 27 28 26 29 35 32 34 30 31 33
 14 11 10 13  9 12  8 18 19 21 16 15 17 20 27 22 23 26 25 24 28 34 33 30 29 32 31 35 39 36 37 38 41 42 40  1  7  4  6  2  3  5
 21 18 17 20 16 19 15 25 26 28 23 22 24 27 34 29 30 33 32 31 35 41 40 37 36 39 38 42  4  1  2  3  6  7  5  8 14 11 13  9 10 12
 35 32 31 34 30 33 29 39 40 42 37 36 38 41  6  1  2  5  4  3  7 13 12  9  8 11 10 14 18 15 16 17 20 21 19 22 28 25 27 23 24 26
