 27 26 24 22 28 25 23 35 29 33 30 31 34 32 41 36 39 42 38 40 37  3  6  1  2  5  7  4 10 11 14  8 13 12  9 19 17 16 20 15 18 21
 20 19 17 15 21 18 16 28 22 26 23 24 27 25 34 29 32 35 31 33 30 38 41 36 37 40 42 39  3  4  7  1  6  5  2 12 10  9 13  8 11 14
  6  5  3  1  7  4  2 14  8 12  9 10 13 11 20 15 18 21 17 19 16 24 27 22 23 26 28 25 31 32 35 29 34 33 30 40 38 37 41 36 39 42
 41 40 38 36 42 39 37  7  1  5  2  3  6  4 13  8 11 14 10 12  9 17 20 15 16 19 21 18 24 25 28 22 27 26 23 33 31 30 34 29 32 35
 34 33 31 29 35 32 30 42 36 40 37 38 41 39  6  1  4  7  3  5  2 10 13  8  9 12 14 11 17 18 21 15 20 19 16 26 24 23 27 22 25 28
 13 12 10  8 14 11  9 21 15 19 16 17 20 18 27 22 25 28 24 26 23 31 34 29 30 33 35 32 38 39 42 36 41 40 37  5  3  2  6  1  4  7
 28 27 25 23 22 26 24 29 30 34 31 32 35 33 42 37 40 36 39 41 38  4  7  2  3  6  1  5 11 12  8  9 14 13 10 20 18 17 21 16 19 15
 35 34 32 30 29 33 31 36 37 41 38 39 42 40  7  2  5  1  4  6  3 11 14  9 10 13  8 12 18 19 15 16 21 20 17 27 25 24 28 23 26 22
 14 13 11  9  8 12 10 15 16 20 17 18 21 19 28 23 26 22 25 27 24 32 35 30 31 34 29 33 39 40 36 37 42 41 38  6  4  3  7  2  5  1
  7  6  4  2  1  5  3  8  9 13 10 11 14 12 21 16 19 15 18 20 17 25 28 23 24 27 22 26 32 33 29 30 35 34 31 41 39 38 42 37 40 36
 21 20 18 16 15 19 17 22 23 27 24 25 28 26 35 30 33 29 32 34 31 39 42 37 38 41 36 40  4  5  1  2  7  6  3 13 11 10 14  9 12  8
 42 41 39 37 36 40 38  1  2  6  3  4  7  5 14  9 12  8 11 13 10 18 21 16 17 20 15 19 25 26 22 23 28 27 24 34 32 31 35 30 33 29
 29 35 33 31 30 34 32 37 38 42 39 40 36 41  1  3  6  2  5  7  4 12  8 10 11 14  9 13 19 20 16 17 15 21 18 28 26 25 22 24 27 23
  8 14 12 10  9 13 11 16 17 21 18 19 15 20 22 24 27 23 26 28 25 33 29 31 32 35 30 34 40 41 37 38 36 42 39  7  5  4  1  3  6  2
 36 42 40 38 37 41 39  2  3  7  4  5  1  6  8 10 13  9 12 14 11 19 15 17 18 21 16 20 26 27 23 24 22 28 25 35 33 32 29 31 34 30
  1  7  5  3  2  6  4  9 10 14 11 12  8 13 15 17 20 16 19 21 18 26 22 24 25 28 23 27 33 34 30 31 29 35 32 42 40 39 36 38 41 37
 15 21 19 17 16 20 18 23 24 28 25 26 22 27 29 31 34 30 33 35 32 40 36 38 39 42 37 41  5  6  2  3  1  7  4 14 12 11  8 10 13  9
 22 28 26 24 23 27 25 30 31 35 32 33 29 34 36 38 41 37 40 42 39  5  1  3  4  7  2  6 12 13  9 10  8 14 11 21 19 18 15 17 20 16
  2  1  6  4  3  7  5 10 11  8 12 13  9 14 16 18 21 17 20 15 19 27 23 25 26 22 24 28 34 35 31 32 30 29 33 36 41 40 37 39 42 38
 16 15 20 18 17 21 19 24 25 22 26 27 23 28 30 32 35 31 34 29 33 41 37 39 40 36 38 42  6  7  3  4  2  1  5  8 13 12  9 11 14 10
 37 36 41 39 38 42 40  3  4  1  5  6  2  7  9 11 14 10 13  8 12 20 16 18 19 15 17 21 27 28 24 25 23 22 26 29 34 33 30 32 35 31
  9  8 13 11 10 14 12 17 18 15 19 20 16 21 23 25 28 24 27 22 26 34 30 32 33 29 31 35 41 42 38 39 37 36 40  1  6  5  2  4  7  3
 30 29 34 32 31 35 33 38 39 36 40 41 37 42  2  4  7  3  6  1  5 13  9 11 12  8 10 14 20 21 17 18 16 15 19 22 27 26 23 25 28 24
 23 22 27 25 24 28 26 31 32 29 33 34 30 35 37 39 42 38 41 36 40  6  2  4  5  1  3  7 13 14 10 11  9  8 12 15 20 19 16 18 21 17
 24 23 28 26 25 22 27 32 33 30 34 35 31 29 38 40 36 39 42 37 41  7  3  5  6  2  4  1 14  8 11 12 10  9 13 16 21 20 17 19 15 18
 17 16 21 19 18 15 20 25 26 23 27 28 24 22 31 33 29 32 35 30 34 42 38 40 41 37 39 36  7  1  4  5  3  2  6  9 14 13 10 12  8 11
 38 37 42 40 39 36 41  4  5  2  6  7  3  1 10 12  8 11 14  9 13 21 17 19 20 16 18 15 28 22 25 26 24 23 27 30 35 34 31 33 29 32
 10  9 14 12 11  8 13 18 19 16 20 21 17 15 24 26 22 25 28 23 27 35 31 33 34 30 32 29 42 36 39 40 38 37 41  2  7  6  3  5  1  4
  3  2  7  5  4  1  6 11 12  9 13 14 10  8 17 19 15 18 21 16 20 28 24 26 27 23 25 22 35 29 32 33 31 30 34 37 42 41 38 40 36 39
 31 30 35 33 32 29 34 39 40 37 41 42 38 36  3  5  1  4  7  2  6 14 10 12 13  9 11  8 21 15 18 19 17 16 20 23 28 27 24 26 22 25
 32 31 29 34 33 30 35 40 41 38 42 36 39 37  4  6  2  5  1  3  7  8 11 13 14 10 12  9 15 16 19 20 18 17 21 24 22 28 25 27 23 26
 11 10  8 13 12  9 14 19 20 17 21 15 18 16 25 27 23 26 22 24 28 29 32 34 35 31 33 30 36 37 40 41 39 38 42  3  1  7  4  6  2  5
 18 17 15 20 19 16 21 26 27 24 28 22 25 23 32 34 30 33 29 31 35 36 39 41 42 38 40 37  1  2  5  6  4  3  7 10  8 14 11 13  9 12
 39 38 36 41 40 37 42  5  6  3  7  1  4  2 11 13  9 12  8 10 14 15 18 20 21 17 19 16 22 23 26 27 25 24 28 31 29 35 32 34 30 33
 25 24 22 27 26 23 28 33 34 31 35 29 32 30 39 41 37 40 36 38 42  1  4  6  7  3  5  2  8  9 12 13 11 10 14 17 15 21 18 20 16 19
  4  3  1  6  5  2  7 12 13 10 14  8 11  9 18 20 16 19 15 17 21 22 25 27 28 24 26 23 29 30 33 34 32 31 35 38 36 42 39 41 37 40
 26 25 23 28 27 24 22 34 35 32 29 30 33 31 40 42 38 41 37 39 36  2  5  7  1  4  6  3  9 10 13 14 12 11  8 18 16 15 19 21 17 20
 40 39 37 42 41 38 36  6  7  4  1  2  5  3 12 14 10 13  9 11  8 16 19 21 15 18 20 17 23 24 27 28 26 25 22 32 30 29 33 35 31 34
 12 11  9 14 13 10  8 20 21 18 15 16 19 17 26 28 24 27 23 25 22 30 33 35 29 32 34 31 37 38 41 42 40 39 36  4  2  1  5  7  3  6
 19 18 16 21 20 17 15 27 28 25 22 23 26 24 33 35 31 34 30 32 29 37 40 42 36 39 41 38  2  3  6  7  5  4  1 11  9  8 12 14 10 13
 33 32 30 35 34 31 29 41 42 39 36 37 40 38  5  7  3  6  2  4  1  9 12 14  8 11 13 10 16 17 20 21 19 18 15 25 23 22 26 28 24 27
  5  4  2  7  6  3  1 13 14 11  8  9 12 10 19 21 17 20 16 18 15 23 26 28 22 25 27 24 30 31 34 35 33 32 29 39 37 36 40 42 38 41
