 21 15 17 20 19 16 18 24 26 22 27 28 23 25 30 34 33 29 35 31 32 39 40 38 42 36 41 37  4  5  2  1  7  3  6 10 13 12 14  9  8 11
 35 29 31 34 33 30 32 38 40 36 41 42 37 39  2  6  5  1  7  3  4 11 12 10 14  8 13  9 18 19 16 15 21 17 20 24 27 26 28 23 22 25
 14  8 10 13 12  9 11 17 19 15 20 21 16 18 23 27 26 22 28 24 25 32 33 31 35 29 34 30 39 40 37 36 42 38 41  3  6  5  7  2  1  4
 28 22 24 27 26 23 25 31 33 29 34 35 30 32 37 41 40 36 42 38 39  4  5  3  7  1  6  2 11 12  9  8 14 10 13 17 20 19 21 16 15 18
  7  1  3  6  5  2  4 10 12  8 13 14  9 11 16 20 19 15 21 17 18 25 26 24 28 22 27 23 32 33 30 29 35 31 34 38 41 40 42 37 36 39
 42 36 38 41 40 37 39  3  5  1  6  7  2  4  9 13 12  8 14 10 11 18 19 17 21 15 20 16 25 26 23 22 28 24 27 31 34 33 35 30 29 32
 29 30 32 35 34 31 33 39 41 37 42 36 38 40  3  7  6  2  1  4  5 12 13 11  8  9 14 10 19 20 17 16 15 18 21 25 28 27 22 24 23 26
  8  9 11 14 13 10 12 18 20 16 21 15 17 19 24 28 27 23 22 25 26 33 34 32 29 30 35 31 40 41 38 37 36 39 42  4  7  6  1  3  2  5
  1  2  4  7  6  3  5 11 13  9 14  8 10 12 17 21 20 16 15 18 19 26 27 25 22 23 28 24 33 34 31 30 29 32 35 39 42 41 36 38 37 40
 36 37 39 42 41 38 40  4  6  2  7  1  3  5 10 14 13  9  8 11 12 19 20 18 15 16 21 17 26 27 24 23 22 25 28 32 35 34 29 31 30 33
 22 23 25 28 27 24 26 32 34 30 35 29 31 33 38 42 41 37 36 39 40  5  6  4  1  2  7  3 12 13 10  9  8 11 14 18 21 20 15 17 16 19
 15 16 18 21 20 17 19 25 27 23 28 22 24 26 31 35 34 30 29 32 33 40 41 39 36 37 42 38  5  6  3  2  1  4  7 11 14 13  8 10  9 12
  9 10 12  8 14 11 13 19 21 17 15 16 18 20 25 22 28 24 23 26 27 34 35 33 30 31 29 32 41 42 39 38 37 40 36  5  1  7  2  4  3  6
 37 38 40 36 42 39 41  5  7  3  1  2  4  6 11  8 14 10  9 12 13 20 21 19 16 17 15 18 27 28 25 24 23 26 22 33 29 35 30 32 31 34
 23 24 26 22 28 25 27 33 35 31 29 30 32 34 39 36 42 38 37 40 41  6  7  5  2  3  1  4 13 14 11 10  9 12  8 19 15 21 16 18 17 20
  2  3  5  1  7  4  6 12 14 10  8  9 11 13 18 15 21 17 16 19 20 27 28 26 23 24 22 25 34 35 32 31 30 33 29 40 36 42 37 39 38 41
 16 17 19 15 21 18 20 26 28 24 22 23 25 27 32 29 35 31 30 33 34 41 42 40 37 38 36 39  6  7  4  3  2  5  1 12  8 14  9 11 10 13
 30 31 33 29 35 32 34 40 42 38 36 37 39 41  4  1  7  3  2  5  6 13 14 12  9 10  8 11 20 21 18 17 16 19 15 26 22 28 23 25 24 27
 31 32 34 30 29 33 35 41 36 39 37 38 40 42  5  2  1  4  3  6  7 14  8 13 10 11  9 12 21 15 19 18 17 20 16 27 23 22 24 26 25 28
 10 11 13  9  8 12 14 20 15 18 16 17 19 21 26 23 22 25 24 27 28 35 29 34 31 32 30 33 42 36 40 39 38 41 37  6  2  1  3  5  4  7
 17 18 20 16 15 19 21 27 22 25 23 24 26 28 33 30 29 32 31 34 35 42 36 41 38 39 37 40  7  1  5  4  3  6  2 13  9  8 10 12 11 14
  3  4  6  2  1  5  7 13  8 11  9 10 12 14 19 16 15 18 17 20 21 28 22 27 24 25 23 26 35 29 33 32 31 34 30 41 37 36 38 40 39 42
 24 25 27 23 22 26 28 34 29 32 30 31 33 35 40 37 36 39 38 41 42  7  1  6  3  4  2  5 14  8 12 11 10 13  9 20 16 15 17 19 18 21
 38 39 41 37 36 40 42  6  1  4  2  3  5  7 12  9  8 11 10 13 14 21 15 20 17 18 16 19 28 22 26 25 24 27 23 34 30 29 31 33 32 35
 11 12 14 10  9 13  8 21 16 19 17 18 20 15 27 24 23 26 25 28 22 29 30 35 32 33 31 34 36 37 41 40 39 42 38  7  3  2  4  6  5  1
  4  5  7  3  2  6  1 14  9 12 10 11 13  8 20 17 16 19 18 21 15 22 23 28 25 26 24 27 29 30 34 33 32 35 31 42 38 37 39 41 40 36
 39 40 42 38 37 41 36  7  2  5  3  4  6  1 13 10  9 12 11 14  8 15 16 21 18 19 17 20 22 23 27 26 25 28 24 35 31 30 32 34 33 29
 32 33 35 31 30 34 29 42 37 40 38 39 41 36  6  3  2  5  4  7  1  8  9 14 11 12 10 13 15 16 20 19 18 21 17 28 24 23 25 27 26 22
 18 19 21 17 16 20 15 28 23 26 24 25 27 22 34 31 30 33 32 35 29 36 37 42 39 40 38 41  1  2  6  5  4  7  3 14 10  9 11 13 12  8
 25 26 28 24 23 27 22 35 30 33 31 32 34 29 41 38 37 40 39 42 36  1  2  7  4  5  3  6  8  9 13 12 11 14 10 21 17 16 18 20 19 15
  5  6  1  4  3  7  2  8 10 13 11 12 14  9 21 18 17 20 19 15 16 23 24 22 26 27 25 28 30 31 35 34 33 29 32 36 39 38 40 42 41 37
 26 27 22 25 24 28 23 29 31 34 32 33 35 30 42 39 38 41 40 36 37  2  3  1  5  6  4  7  9 10 14 13 12  8 11 15 18 17 19 21 20 16
 19 20 15 18 17 21 16 22 24 27 25 26 28 23 35 32 31 34 33 29 30 37 38 36 40 41 39 42  2  3  7  6  5  1  4  8 11 10 12 14 13  9
 40 41 36 39 38 42 37  1  3  6  4  5  7  2 14 11 10 13 12  8  9 16 17 15 19 20 18 21 23 24 28 27 26 22 25 29 32 31 33 35 34 30
 12 13  8 11 10 14  9 15 17 20 18 19 21 16 28 25 24 27 26 22 23 30 31 29 33 34 32 35 37 38 42 41 40 36 39  1  4  3  5  7  6  2
 33 34 29 32 31 35 30 36 38 41 39 40 42 37  7  4  3  6  5  1  2  9 10  8 12 13 11 14 16 17 21 20 19 15 18 22 25 24 26 28 27 23
  6  7  2  5  4  1  3  9 11 14 12 13  8 10 15 19 18 21 20 16 17 24 25 23 27 28 26 22 31 32 29 35 34 30 33 37 40 39 41 36 42 38
 27 28 23 26 25 22 24 30 32 35 33 34 29 31 36 40 39 42 41 37 38  3  4  2  6  7  5  1 10 11  8 14 13  9 12 16 19 18 20 15 21 17
 34 35 30 33 32 29 31 37 39 42 40 41 36 38  1  5  4  7  6  2  3 10 11  9 13 14 12  8 17 18 15 21 20 16 19 23 26 25 27 22 28 24
 20 21 16 19 18 15 17 23 25 28 26 27 22 24 29 33 32 35 34 30 31 38 39 37 41 42 40 36  3  4  1  7  6  2  5  9 12 11 13  8 14 10
 13 14  9 12 11  8 10 16 18 21 19 20 15 17 22 26 25 28 27 23 24 31 32 30 34 35 33 29 38 39 36 42 41 37 40  2  5  4  6  1  7  3
 41 42 37 40 39 36 38  2  4  7  5  6  1  3  8 12 11 14 13  9 10 17 18 16 20 21 19 15 24 25 22 28 27 23 26 30 33 32 34 29 35 31
