 20 26 24 21 22 27 25 19 23  7  4  2  1  3  9  8  6  5 12 18 13 17 14 15 16 11 10
  2  8  6  3  4  9  7  1  5 16 13 11 10 12 18 17 15 14 21 27 22 26 23 24 25 20 19
 11 17 15 12 13 18 16 10 14 25 22 20 19 21 27 26 24 23  3  9  4  8  5  6  7  2  1
 21 27 25 22 23 19 26 20 24  8  5  3  2  4  1  9  7  6 13 10 14 18 15 16 17 12 11
 12 18 16 13 14 10 17 11 15 26 23 21 20 22 19 27 25 24  4  1  5  9  6  7  8  3  2
  3  9  7  4  5  1  8  2  6 17 14 12 11 13 10 18 16 15 22 19 23 27 24 25 26 21 20
 22 19 26 23 24 20 27 21 25  9  6  4  3  5  2  1  8  7 14 11 15 10 16 17 18 13 12
  4  1  8  5  6  2  9  3  7 18 15 13 12 14 11 10 17 16 23 20 24 19 25 26 27 22 21
 13 10 17 14 15 11 18 12 16 27 24 22 21 23 20 19 26 25  5  2  6  1  7  8  9  4  3
  5  2  9  6  7  3  1  4  8 10 16 14 13 15 12 11 18 17 24 21 25 20 26 27 19 23 22
 23 20 27 24 25 21 19 22 26  1  7  5  4  6  3  2  9  8 15 12 16 11 17 18 10 14 13
 14 11 18 15 16 12 10 13 17 19 25 23 22 24 21 20 27 26  6  3  7  2  8  9  1  5  4
 15 12 10 16 17 13 11 14 18 20 26 24 23 25 22 21 19 27  7  4  8  3  9  1  2  6  5
  6  3  1  7  8  4  2  5  9 11 17 15 14 16 13 12 10 18 25 22 26 21 27 19 20 24 23
 24 21 19 25 26 22 20 23 27  2  8  6  5  7  4  3  1  9 16 13 17 12 18 10 11 15 14
 25 22 20 26 27 23 21 24 19  3  9  7  6  8  5  4  2  1 17 14 18 13 10 11 12 16 15
 16 13 11 17 18 14 12 15 10 21 27 25 24 26 23 22 20 19  8  5  9  4  1  2  3  7  6
  7  4  2  8  9  5  3  6  1 12 18 16 15 17 14 13 11 10 26 23 27 22 19 20 21 25 24
  8  5  3  9  1  6  4  7  2 13 10 17 16 18 15 14 12 11 27 24 19 23 20 21 22 26 25
 17 14 12 18 10 15 13 16 11 22 19 26 25 27 24 23 21 20  9  6  1  5  2  3  4  8  7
 26 23 21 27 19 24 22 25 20  4  1  8  7  9  6  5  3  2 18 15 10 14 11 12 13 17 16
 18 15 13 10 11 16 14 17 12 23 20 27 26 19 25 24 22 21  1  7  2  6  3  4  5  9  8
  9  6  4  1  2  7  5  8  3 14 11 18 17 10 16 15 13 12 19 25 20 24 21 22 23 27 26
 27 24 22 19 20 25 23 26 21  5  2  9  8  1  7  6  4  3 10 16 11 15 12 13 14 18 17
 19 25 23 20 21 26 24 27 22  6  3  1  9  2  8  7  5  4 11 17 12 16 13 14 15 10 18
 10 16 14 11 12 17 15 18 13 24 21 19 27 20 26 25 23 22  2  8  3  7  4  5  6  1  9
  1  7  5  2  3  8  6  9  4 15 12 10 18 11 17 16 14 13 20 26 21 25 22 23 24 19 27
