  8 11  9  4 12 10  6 13 15  5  1  3  7  2 14
  5  4  8 11  2 15  7  1 14  6 13 12  9 10  3
 13  1  7  6  8  4  2  5 11  3 10 15 12 14  9
  2  6  5  7  9 13  1  4  8 15 14 10 11  3 12
  9  5 13  2  7 12  4  6 10  8 15 14  3 11  1
 10 12  4 14  1  2 13  8  6  9  3  7 15  5 11
 15 13 12 10  6  8 14 11  3  1  9  2  5  7  4
 14  8  2 12  3  9 11  7  5 13  4  1 10  6 15
  7  2 15  8 11  3  9 14  1 10  5  4  6 12 13
  1 15  6 13  4 11  3  2  9  7 12  5 14  8 10
  3  9  1  5 14  7 12 10  4 11  6  8 13 15  2
 12 14  3  9  5  1 10 15  7  4 11  6  2 13  8
 11  7 14  3 10  6 15 12 13  2  8  9  1  4  5
  4  3 10 15 13 14  5  9  2 12  7 11  8  1  6
  6 10 11  1 15  5  8  3 12 14  2 13  4  9  7
