  8 13 12  4 11  7  1  3  6  9 10  2  5 14
  2 10 11  8  4  1  7 14  5  3 13 12  9  6
 14 12  8  1  6  4  5 10 11  2  9 13  7  3
 11  4 13  7  2  8  9 12  3  1 14 10  6  5
  7  1 10 12  3 14  4  9  8  5  2  6 13 11
 12  7  9  3  8 11  6  5  2 13  4 14 10  1
  6  8  1 13 10  3 14  4  9  7 12  5 11  2
 10 11  6  2  7  9  8 13  4 14  5  1  3 12
 13  9  4 10  1  5  2  6 14  8 11  3 12  7
  5  2  3  9 12  6 10  1  7 11  8  4 14 13
  3 14  7  5  9 12 13  8  1  4  6 11  2 10
  4  3  2 14  5 10 12 11 13  6  1  7  8  9
  9  6  5 11 14 13  3  2 10 12  7  8  1  4
  1  5 14  6 13  2 11  7 12 10  3  9  4  8
