 10 15 12  9 13 14 16 11 17 20 22 18 21 23 19 24  8  6  4  3  5  2  7  1
 18 23 20 17 21 22 24 19  1  4  6  2  5  7  3  8 16 14 12 11 13 10 15  9
  2  7  4  1  5  6  8  3  9 12 14 10 13 15 11 16 24 22 20 19 21 18 23 17
 19 24 21 18 22 23 17 20  2  5  7  3  6  8  4  1  9 15 13 12 14 11 16 10
 11 16 13 10 14 15  9 12 18 21 23 19 22 24 20 17  1  7  5  4  6  3  8  2
  3  8  5  2  6  7  1  4 10 13 15 11 14 16 12  9 17 23 21 20 22 19 24 18
 20 17 22 19 23 24 18 21  3  6  8  4  7  1  5  2 10 16 14 13 15 12  9 11
  4  1  6  3  7  8  2  5 11 14 16 12 15  9 13 10 18 24 22 21 23 20 17 19
 12  9 14 11 15 16 10 13 19 22 24 20 23 17 21 18  2  8  6  5  7  4  1  3
 21 18 23 20 24 17 19 22  4  7  1  5  8  2  6  3 11  9 15 14 16 13 10 12
 13 10 15 12 16  9 11 14 20 23 17 21 24 18 22 19  3  1  7  6  8  5  2  4
  5  2  7  4  8  1  3  6 12 15  9 13 16 10 14 11 19 17 23 22 24 21 18 20
  6  3  8  5  1  2  4  7 13 16 10 14  9 11 15 12 20 18 24 23 17 22 19 21
 22 19 24 21 17 18 20 23  5  8  2  6  1  3  7  4 12 10 16 15  9 14 11 13
 14 11 16 13  9 10 12 15 21 24 18 22 17 19 23 20  4  2  8  7  1  6  3  5
 23 20 17 22 18 19 21 24  6  1  3  7  2  4  8  5 13 11  9 16 10 15 12 14
 15 12  9 14 10 11 13 16 22 17 19 23 18 20 24 21  5  3  1  8  2  7  4  6
  7  4  1  6  2  3  5  8 14  9 11 15 10 12 16 13 21 19 17 24 18 23 20 22
 16 13 10 15 11 12 14  9 23 18 20 24 19 21 17 22  6  4  2  1  3  8  5  7
 24 21 18 23 19 20 22 17  7  2  4  8  3  5  1  6 14 12 10  9 11 16 13 15
  8  5  2  7  3  4  6  1 15 10 12 16 11 13  9 14 22 20 18 17 19 24 21 23
  1  6  3  8  4  5  7  2 16 11 13  9 12 14 10 15 23 21 19 18 20 17 22 24
 17 22 19 24 20 21 23 18  8  3  5  1  4  6  2  7 15 13 11 10 12  9 14 16
  9 14 11 16 12 13 15 10 24 19 21 17 20 22 18 23  7  5  3  2  4  1  6  8
