 17 19 18 23 20 22 24 21  5  4  2  1  3  6  8  7 16 15 13  9 10 11 12 14
  1  3  2  7  4  6  8  5 13 12 10  9 11 14 16 15 24 23 21 17 18 19 20 22
  9 11 10 15 12 14 16 13 21 20 18 17 19 22 24 23  8  7  5  1  2  3  4  6
  2  4  3  8  5  7  1  6 14 13 11 10 12 15  9 16 17 24 22 18 19 20 21 23
 10 12 11 16 13 15  9 14 22 21 19 18 20 23 17 24  1  8  6  2  3  4  5  7
 18 20 19 24 21 23 17 22  6  5  3  2  4  7  1  8  9 16 14 10 11 12 13 15
 19 21 20 17 22 24 18 23  7  6  4  3  5  8  2  1 10  9 15 11 12 13 14 16
  3  5  4  1  6  8  2  7 15 14 12 11 13 16 10  9 18 17 23 19 20 21 22 24
 11 13 12  9 14 16 10 15 23 22 20 19 21 24 18 17  2  1  7  3  4  5  6  8
 20 22 21 18 23 17 19 24  8  7  5  4  6  1  3  2 11 10 16 12 13 14 15  9
 12 14 13 10 15  9 11 16 24 23 21 20 22 17 19 18  3  2  8  4  5  6  7  1
  4  6  5  2  7  1  3  8 16 15 13 12 14  9 11 10 19 18 24 20 21 22 23 17
 13 15 14 11 16 10 12  9 17 24 22 21 23 18 20 19  4  3  1  5  6  7  8  2
 21 23 22 19 24 18 20 17  1  8  6  5  7  2  4  3 12 11  9 13 14 15 16 10
  5  7  6  3  8  2  4  1  9 16 14 13 15 10 12 11 20 19 17 21 22 23 24 18
 22 24 23 20 17 19 21 18  2  1  7  6  8  3  5  4 13 12 10 14 15 16  9 11
  6  8  7  4  1  3  5  2 10  9 15 14 16 11 13 12 21 20 18 22 23 24 17 19
 14 16 15 12  9 11 13 10 18 17 23 22 24 19 21 20  5  4  2  6  7  8  1  3
 15  9 16 13 10 12 14 11 19 18 24 23 17 20 22 21  6  5  3  7  8  1  2  4
 23 17 24 21 18 20 22 19  3  2  8  7  1  4  6  5 14 13 11 15 16  9 10 12
  7  1  8  5  2  4  6  3 11 10 16 15  9 12 14 13 22 21 19 23 24 17 18 20
 16 10  9 14 11 13 15 12 20 19 17 24 18 21 23 22  7  6  4  8  1  2  3  5
  8  2  1  6  3  5  7  4 12 11  9 16 10 13 15 14 23 22 20 24 17 18 19 21
 24 18 17 22 19 21 23 20  4  3  1  8  2  5  7  6 15 14 12 16  9 10 11 13
