  3  7  1  2  5  6  8  4 13  9 12 10 11 14 16 15 18 17 19 20 23 22 24 21
 19 23 17 18 21 22 24 20  5  1  4  2  3  6  8  7 10  9 11 12 15 14 16 13
 11 15  9 10 13 14 16 12 21 17 20 18 19 22 24 23  2  1  3  4  7  6  8  5
  4  8  2  3  6  7  1  5 14 10 13 11 12 15  9 16 19 18 20 21 24 23 17 22
 12 16 10 11 14 15  9 13 22 18 21 19 20 23 17 24  3  2  4  5  8  7  1  6
 20 24 18 19 22 23 17 21  6  2  5  3  4  7  1  8 11 10 12 13 16 15  9 14
  5  1  3  4  7  8  2  6 15 11 14 12 13 16 10  9 20 19 21 22 17 24 18 23
 21 17 19 20 23 24 18 22  7  3  6  4  5  8  2  1 12 11 13 14  9 16 10 15
 13  9 11 12 15 16 10 14 23 19 22 20 21 24 18 17  4  3  5  6  1  8  2  7
 14 10 12 13 16  9 11 15 24 20 23 21 22 17 19 18  5  4  6  7  2  1  3  8
  6  2  4  5  8  1  3  7 16 12 15 13 14  9 11 10 21 20 22 23 18 17 19 24
 22 18 20 21 24 17 19 23  8  4  7  5  6  1  3  2 13 12 14 15 10  9 11 16
 15 11 13 14  9 10 12 16 17 21 24 22 23 18 20 19  6  5  7  8  3  2  4  1
  7  3  5  6  1  2  4  8  9 13 16 14 15 10 12 11 22 21 23 24 19 18 20 17
 23 19 21 22 17 18 20 24  1  5  8  6  7  2  4  3 14 13 15 16 11 10 12  9
 24 20 22 23 18 19 21 17  2  6  1  7  8  3  5  4 15 14 16  9 12 11 13 10
  8  4  6  7  2  3  5  1 10 14  9 15 16 11 13 12 23 22 24 17 20 19 21 18
 16 12 14 15 10 11 13  9 18 22 17 23 24 19 21 20  7  6  8  1  4  3  5  2
 17 21 23 24 19 20 22 18  3  7  2  8  1  4  6  5 16 15  9 10 13 12 14 11
  9 13 15 16 11 12 14 10 19 23 18 24 17 20 22 21  8  7  1  2  5  4  6  3
  1  5  7  8  3  4  6  2 11 15 10 16  9 12 14 13 24 23 17 18 21 20 22 19
 18 22 24 17 20 21 23 19  4  8  3  1  2  5  7  6  9 16 10 11 14 13 15 12
 10 14 16  9 12 13 15 11 20 24 19 17 18 21 23 22  1  8  2  3  6  5  7  4
  2  6  8  1  4  5  7  3 12 16 11  9 10 13 15 14 17 24 18 19 22 21 23 20
