 16 11 10 15 13 14  9 12 17 22 21 20 24 18 23 19  5  8  2  3  4  1  6  7
 24 19 18 23 21 22 17 20  1  6  5  4  8  2  7  3 13 16 10 11 12  9 14 15
  8  3  2  7  5  6  1  4  9 14 13 12 16 10 15 11 21 24 18 19 20 17 22 23
  9 12 11 16 14 15 10 13 18 23 22 21 17 19 24 20  6  1  3  4  5  2  7  8
  1  4  3  8  6  7  2  5 10 15 14 13  9 11 16 12 22 17 19 20 21 18 23 24
 17 20 19 24 22 23 18 21  2  7  6  5  1  3  8  4 14  9 11 12 13 10 15 16
  2  5  4  1  7  8  3  6 11 16 15 14 10 12  9 13 23 18 20 21 22 19 24 17
 10 13 12  9 15 16 11 14 19 24 23 22 18 20 17 21  7  2  4  5  6  3  8  1
 18 21 20 17 23 24 19 22  3  8  7  6  2  4  1  5 15 10 12 13 14 11 16  9
 19 22 21 18 24 17 20 23  4  1  8  7  3  5  2  6 16 11 13 14 15 12  9 10
 11 14 13 10 16  9 12 15 20 17 24 23 19 21 18 22  8  3  5  6  7  4  1  2
  3  6  5  2  8  1  4  7 12  9 16 15 11 13 10 14 24 19 21 22 23 20 17 18
 12 15 14 11  9 10 13 16 21 18 17 24 20 22 19 23  1  4  6  7  8  5  2  3
  4  7  6  3  1  2  5  8 13 10  9 16 12 14 11 15 17 20 22 23 24 21 18 19
 20 23 22 19 17 18 21 24  5  2  1  8  4  6  3  7  9 12 14 15 16 13 10 11
  5  8  7  4  2  3  6  1 14 11 10  9 13 15 12 16 18 21 23 24 17 22 19 20
 21 24 23 20 18 19 22 17  6  3  2  1  5  7  4  8 10 13 15 16  9 14 11 12
 13 16 15 12 10 11 14  9 22 19 18 17 21 23 20 24  2  5  7  8  1  6  3  4
 14  9 16 13 11 12 15 10 23 20 19 18 22 24 21 17  3  6  8  1  2  7  4  5
  6  1  8  5  3  4  7  2 15 12 11 10 14 16 13  9 19 22 24 17 18 23 20 21
 22 17 24 21 19 20 23 18  7  4  3  2  6  8  5  1 11 14 16  9 10 15 12 13
 15 10  9 14 12 13 16 11 24 21 20 19 23 17 22 18  4  7  1  2  3  8  5  6
 23 18 17 22 20 21 24 19  8  5  4  3  7  1  6  2 12 15  9 10 11 16 13 14
  7  2  1  6  4  5  8  3 16 13 12 11 15  9 14 10 20 23 17 18 19 24 21 22
