 15 12 11  7 13 17  3  2  4  9 14 18  1  5  6 16  8 10
 13 16 15  8 12  1  5 18  2  3  9 10 14 11  4  7  6 17
 11 17 16  1  9  3  8 15 13  7  4 12 18  6 14 10  2  5
  7  2 13 17 16 11  4  6  8 18  3 15 10  9  5 12 14  1
  4  5 14 18  7  2 11 13 12 10  6  1  3 15 17  8 16  9
 18  8  5  6 10 14  9 17 11  1 13  2  4 16 15  3 12  7
 10 14  3  9  5 15  7 12 17  6  8 16  2 13  1 18  4 11
  6  3 12 10 18  4  1 16  5 14 11  7  8 17  2  9 13 15
  9  1  4  2  8  6 10 14 15 16 17  5  7 12 13 11  3 18
  2 11  1 14  6  5 13  9  7  4 10 17 16  3 12 15 18  8
  8 13  6 11 15  7 12  1 14  2 18  9 17 10 16  4  5  3
 16  4  7 12 11  8 15 10 18 17  2 13  6  1  3  5  9 14
 17  9  2  4 14 18 16  8 10 15  5  3 12  7 11 13  1  6
 14 15  8  5 17 13  2 11  3 12  1  4  9 18 10  6  7 16
 12 18 17 13  4 16 14  3  6  5  7 11 15  8  9  1 10  2
  3  6 18 15  1 10 17  5  9  8 16 14 13  4  7  2 11 12
  1  7 10  3  2  9  6  4 16 11 12  8  5 14 18 17 15 13
  5 10  9 16  3 12 18  7  1 13 15  6 11  2  8 14 17  4
