  9  4  1  8  6  5  3  2  7 10 16 18 11 17 15 14 13 12 20 25 27 19 26 22 24 21 23 35 32 30 29 34 33 31 28 36
 27 22 19 26 24 23 21 20 25 28 34 36 29 35 33 32 31 30  2  7  9  1  8  4  6  3  5 17 14 12 11 16 15 13 10 18
 18 13 10 17 15 14 12 11 16 19 25 27 20 26 24 23 22 21 29 34 36 28 35 31 33 30 32  8  5  3  2  7  6  4  1  9
 36 31 28 35 33 32 30 29 34  1  7  9  2  8  6  5  4  3 11 16 18 10 17 13 15 12 14 26 23 21 20 25 24 22 19 27
 28 32 29 36 34 33 31 30 35  2  8  1  3  9  7  6  5  4 12 17 10 11 18 14 16 13 15 27 24 22 21 26 25 23 20 19
 10 14 11 18 16 15 13 12 17 20 26 19 21 27 25 24 23 22 30 35 28 29 36 32 34 31 33  9  6  4  3  8  7  5  2  1
  1  5  2  9  7  6  4  3  8 11 17 10 12 18 16 15 14 13 21 26 19 20 27 23 25 22 24 36 33 31 30 35 34 32 29 28
 19 23 20 27 25 24 22 21 26 29 35 28 30 36 34 33 32 31  3  8  1  2  9  5  7  4  6 18 15 13 12 17 16 14 11 10
 29 33 30 28 35 34 32 31 36  3  9  2  4  1  8  7  6  5 13 18 11 12 10 15 17 14 16 19 25 23 22 27 26 24 21 20
 20 24 21 19 26 25 23 22 27 30 36 29 31 28 35 34 33 32  4  9  2  3  1  6  8  5  7 10 16 14 13 18 17 15 12 11
 11 15 12 10 17 16 14 13 18 21 27 20 22 19 26 25 24 23 31 36 29 30 28 33 35 32 34  1  7  5  4  9  8  6  3  2
  2  6  3  1  8  7  5  4  9 12 18 11 13 10 17 16 15 14 22 27 20 21 19 24 26 23 25 28 34 32 31 36 35 33 30 29
 30 34 31 29 36 35 33 32 28  4  1  3  5  2  9  8  7  6 14 10 12 13 11 16 18 15 17 20 26 24 23 19 27 25 22 21
 21 25 22 20 27 26 24 23 19 31 28 30 32 29 36 35 34 33  5  1  3  4  2  7  9  6  8 11 17 15 14 10 18 16 13 12
 12 16 13 11 18 17 15 14 10 22 19 21 23 20 27 26 25 24 32 28 30 31 29 34 36 33 35  2  8  6  5  1  9  7  4  3
  3  7  4  2  9  8  6  5  1 13 10 12 14 11 18 17 16 15 23 19 21 22 20 25 27 24 26 29 35 33 32 28 36 34 31 30
  4  8  5  3  1  9  7  6  2 14 11 13 15 12 10 18 17 16 24 20 22 23 21 26 19 25 27 30 36 34 33 29 28 35 32 31
 13 17 14 12 10 18 16 15 11 23 20 22 24 21 19 27 26 25 33 29 31 32 30 35 28 34 36  3  9  7  6  2  1  8  5  4
 31 35 32 30 28 36 34 33 29  5  2  4  6  3  1  9  8  7 15 11 13 14 12 17 10 16 18 21 27 25 24 20 19 26 23 22
 22 26 23 21 19 27 25 24 20 32 29 31 33 30 28 36 35 34  6  2  4  5  3  8  1  7  9 12 18 16 15 11 10 17 14 13
 14 18 15 13 11 10 17 16 12 24 21 23 25 22 20 19 27 26 34 30 32 33 31 36 29 35 28  4  1  8  7  3  2  9  6  5
  5  9  6  4  2  1  8  7  3 15 12 14 16 13 11 10 18 17 25 21 23 24 22 27 20 26 19 31 28 35 34 30 29 36 33 32
 23 27 24 22 20 19 26 25 21 33 30 32 34 31 29 28 36 35  7  3  5  6  4  9  2  8  1 13 10 17 16 12 11 18 15 14
 32 36 33 31 29 28 35 34 30  6  3  5  7  4  2  1  9  8 16 12 14 15 13 18 11 17 10 22 19 26 25 21 20 27 24 23
  6  1  7  5  3  2  9  8  4 16 13 15 17 14 12 11 10 18 26 22 24 25 23 19 21 27 20 32 29 36 35 31 30 28 34 33
 33 28 34 32 30 29 36 35 31  7  4  6  8  5  3  2  1  9 17 13 15 16 14 10 12 18 11 23 20 27 26 22 21 19 25 24
 24 19 25 23 21 20 27 26 22 34 31 33 35 32 30 29 28 36  8  4  6  7  5  1  3  9  2 14 11 18 17 13 12 10 16 15
 15 10 16 14 12 11 18 17 13 25 22 24 26 23 21 20 19 27 35 31 33 34 32 28 30 36 29  5  2  9  8  4  3  1  7  6
  7  2  8  6  4  3  1  9  5 17 14 16 18 15 13 12 11 10 27 23 25 26 24 20 22 19 21 33 30 28 36 32 31 29 35 34
 25 20 26 24 22 21 19 27 23 35 32 34 36 33 31 30 29 28  9  5  7  8  6  2  4  1  3 15 12 10 18 14 13 11 17 16
 16 11 17 15 13 12 10 18 14 26 23 25 27 24 22 21 20 19 36 32 34 35 33 29 31 28 30  6  3  1  9  5  4  2  8  7
 34 29 35 33 31 30 28 36 32  8  5  7  9  6  4  3  2  1 18 14 16 17 15 11 13 10 12 24 21 19 27 23 22 20 26 25
 26 21 27 25 23 22 20 19 24 36 33 35 28 34 32 31 30 29  1  6  8  9  7  3  5  2  4 16 13 11 10 15 14 12 18 17
 35 30 36 34 32 31 29 28 33  9  6  8  1  7  5  4  3  2 10 15 17 18 16 12 14 11 13 25 22 20 19 24 23 21 27 26
  8  3  9  7  5  4  2  1  6 18 15 17 10 16 14 13 12 11 19 24 26 27 25 21 23 20 22 34 31 29 28 33 32 30 36 35
 17 12 18 16 14 13 11 10 15 27 24 26 19 25 23 22 21 20 28 33 35 36 34 30 32 29 31  7  4  2  1  6  5  3  9  8
