 28 31 35 32 30 36 33 34 29  5  2  4  1  6  3  9  7  8 15 10 17 18 14 13 16 12 11 23 27 22 24 20 25 26 19 21
 10 13 17 14 12 18 15 16 11 23 20 22 19 24 21 27 25 26 33 28 35 36 32 31 34 30 29  5  9  4  6  2  7  8  1  3
 19 22 26 23 21 27 24 25 20 32 29 31 28 33 30 36 34 35  6  1  8  9  5  4  7  3  2 14 18 13 15 11 16 17 10 12
  1  4  8  5  3  9  6  7  2 14 11 13 10 15 12 18 16 17 24 19 26 27 23 22 25 21 20 32 36 31 33 29 34 35 28 30
 29 32 36 33 31 28 34 35 30  6  3  5  2  7  4  1  8  9 16 11 18 10 15 14 17 13 12 24 19 23 25 21 26 27 20 22
  2  5  9  6  4  1  7  8  3 15 12 14 11 16 13 10 17 18 25 20 27 19 24 23 26 22 21 33 28 32 34 30 35 36 29 31
 20 23 27 24 22 19 25 26 21 33 30 32 29 34 31 28 35 36  7  2  9  1  6  5  8  4  3 15 10 14 16 12 17 18 11 13
 11 14 18 15 13 10 16 17 12 24 21 23 20 25 22 19 26 27 34 29 36 28 33 32 35 31 30  6  1  5  7  3  8  9  2  4
 30 33 28 34 32 29 35 36 31  7  4  6  3  8  5  2  9  1 17 12 10 11 16 15 18 14 13 25 20 24 26 22 27 19 21 23
 12 15 10 16 14 11 17 18 13 25 22 24 21 26 23 20 27 19 35 30 28 29 34 33 36 32 31  7  2  6  8  4  9  1  3  5
 21 24 19 25 23 20 26 27 22 34 31 33 30 35 32 29 36 28  8  3  1  2  7  6  9  5  4 16 11 15 17 13 18 10 12 14
  3  6  1  7  5  2  8  9  4 16 13 15 12 17 14 11 18 10 26 21 19 20 25 24 27 23 22 34 29 33 35 31 36 28 30 32
  4  7  2  8  6  3  9  1  5 17 14 16 13 18 15 12 10 11 27 22 20 21 26 25 19 24 23 35 30 34 36 32 28 29 31 33
 22 25 20 26 24 21 27 19 23 35 32 34 31 36 33 30 28 29  9  4  2  3  8  7  1  6  5 17 12 16 18 14 10 11 13 15
 31 34 29 35 33 30 36 28 32  8  5  7  4  9  6  3  1  2 18 13 11 12 17 16 10 15 14 26 21 25 27 23 19 20 22 24
 13 16 11 17 15 12 18 10 14 26 23 25 22 27 24 21 19 20 36 31 29 30 35 34 28 33 32  8  3  7  9  5  1  2  4  6
 23 26 21 27 25 22 19 20 24 36 33 35 32 28 34 31 29 30  1  5  3  4  9  8  2  7  6 18 13 17 10 15 11 12 14 16
  5  8  3  9  7  4  1  2  6 18 15 17 14 10 16 13 11 12 19 23 21 22 27 26 20 25 24 36 31 35 28 33 29 30 32 34
 14 17 12 18 16 13 10 11 15 27 24 26 23 19 25 22 20 21 28 32 30 31 36 35 29 34 33  9  4  8  1  6  2  3  5  7
 32 35 30 36 34 31 28 29 33  9  6  8  5  1  7  4  2  3 10 14 12 13 18 17 11 16 15 27 22 26 19 24 20 21 23 25
 24 27 22 19 26 23 20 21 25 28 34 36 33 29 35 32 30 31  2  6  4  5  1  9  3  8  7 10 14 18 11 16 12 13 15 17
 15 18 13 10 17 14 11 12 16 19 25 27 24 20 26 23 21 22 29 33 31 32 28 36 30 35 34  1  5  9  2  7  3  4  6  8
  6  9  4  1  8  5  2  3  7 10 16 18 15 11 17 14 12 13 20 24 22 23 19 27 21 26 25 28 32 36 29 34 30 31 33 35
 33 36 31 28 35 32 29 30 34  1  7  9  6  2  8  5  3  4 11 15 13 14 10 18 12 17 16 19 23 27 20 25 21 22 24 26
 25 19 23 20 27 24 21 22 26 29 35 28 34 30 36 33 31 32  3  7  5  6  2  1  4  9  8 11 15 10 12 17 13 14 16 18
 16 10 14 11 18 15 12 13 17 20 26 19 25 21 27 24 22 23 30 34 32 33 29 28 31 36 35  2  6  1  3  8  4  5  7  9
 34 28 32 29 36 33 30 31 35  2  8  1  7  3  9  6  4  5 12 16 14 15 11 10 13 18 17 20 24 19 21 26 22 23 25 27
  7  1  5  2  9  6  3  4  8 11 17 10 16 12 18 15 13 14 21 25 23 24 20 19 22 27 26 29 33 28 30 35 31 32 34 36
 35 29 33 30 28 34 31 32 36  3  9  2  8  4  1  7  5  6 13 17 15 16 12 11 14 10 18 21 25 20 22 27 23 24 26 19
 26 20 24 21 19 25 22 23 27 30 36 29 35 31 28 34 32 33  4  8  6  7  3  2  5  1  9 12 16 11 13 18 14 15 17 10
 17 11 15 12 10 16 13 14 18 21 27 20 26 22 19 25 23 24 31 35 33 34 30 29 32 28 36  3  7  2  4  9  5  6  8  1
  8  2  6  3  1  7  4  5  9 12 18 11 17 13 10 16 14 15 22 26 24 25 21 20 23 19 27 30 34 29 31 36 32 33 35 28
 36 30 34 31 29 35 32 33 28  4  1  3  9  5  2  8  6  7 14 18 16 17 13 12 15 11 10 22 26 21 23 19 24 25 27 20
 27 21 25 22 20 26 23 24 19 31 28 30 36 32 29 35 33 34  5  9  7  8  4  3  6  2  1 13 17 12 14 10 15 16 18 11
 18 12 16 13 11 17 14 15 10 22 19 21 27 23 20 26 24 25 32 36 34 35 31 30 33 29 28  4  8  3  5  1  6  7  9  2
  9  3  7  4  2  8  5  6  1 13 10 12 18 14 11 17 15 16 23 27 25 26 22 21 24 20 19 31 35 30 32 28 33 34 36 29
