  3  5  6  7  4  1  8  9  2 11 15 12 14 17 13 10 16 18 26 24 27 22 25 19 23 21 20 33 36 31 34 30 35 32 29 28
 30 32 33 34 31 28 35 36 29  2  6  3  5  8  4  1  7  9 17 15 18 13 16 10 14 12 11 24 27 22 25 21 26 23 20 19
 12 14 15 16 13 10 17 18 11 20 24 21 23 26 22 19 25 27 35 33 36 31 34 28 32 30 29  6  9  4  7  3  8  5  2  1
 21 23 24 25 22 19 26 27 20 29 33 30 32 35 31 28 34 36  8  6  9  4  7  1  5  3  2 15 18 13 16 12 17 14 11 10
  4  6  7  8  5  2  9  1  3 12 16 13 15 18 14 11 17 10 27 25 19 23 26 20 24 22 21 34 28 32 35 31 36 33 30 29
 31 33 34 35 32 29 36 28 30  3  7  4  6  9  5  2  8  1 18 16 10 14 17 11 15 13 12 25 19 23 26 22 27 24 21 20
 22 24 25 26 23 20 27 19 21 30 34 31 33 36 32 29 35 28  9  7  1  5  8  2  6  4  3 16 10 14 17 13 18 15 12 11
 13 15 16 17 14 11 18 10 12 21 25 22 24 27 23 20 26 19 36 34 28 32 35 29 33 31 30  7  1  5  8  4  9  6  3  2
 14 16 17 18 15 12 10 11 13 22 26 23 25 19 24 21 27 20 28 35 29 33 36 30 34 32 31  8  2  6  9  5  1  7  4  3
 23 25 26 27 24 21 19 20 22 31 35 32 34 28 33 30 36 29  1  8  2  6  9  3  7  5  4 17 11 15 18 14 10 16 13 12
  5  7  8  9  6  3  1  2  4 13 17 14 16 10 15 12 18 11 19 26 20 24 27 21 25 23 22 35 29 33 36 32 28 34 31 30
 32 34 35 36 33 30 28 29 31  4  8  5  7  1  6  3  9  2 10 17 11 15 18 12 16 14 13 26 20 24 27 23 19 25 22 21
 24 26 27 19 25 22 20 21 23 32 36 33 35 29 34 31 28 30  2  9  3  7  1  4  8  6  5 18 12 16 10 15 11 17 14 13
 15 17 18 10 16 13 11 12 14 23 27 24 26 20 25 22 19 21 29 36 30 34 28 31 35 33 32  9  3  7  1  6  2  8  5  4
 33 35 36 28 34 31 29 30 32  5  9  6  8  2  7  4  1  3 11 18 12 16 10 13 17 15 14 27 21 25 19 24 20 26 23 22
  6  8  9  1  7  4  2  3  5 14 18 15 17 11 16 13 10 12 20 27 21 25 19 22 26 24 23 36 30 34 28 33 29 35 32 31
 16 18 10 11 17 14 12 13 15 24 19 25 27 21 26 23 20 22 30 28 31 35 29 32 36 34 33  1  4  8  2  7  3  9  6  5
 25 27 19 20 26 23 21 22 24 33 28 34 36 30 35 32 29 31  3  1  4  8  2  5  9  7  6 10 13 17 11 16 12 18 15 14
 34 36 28 29 35 32 30 31 33  6  1  7  9  3  8  5  2  4 12 10 13 17 11 14 18 16 15 19 22 26 20 25 21 27 24 23
  7  9  1  2  8  5  3  4  6 15 10 16 18 12 17 14 11 13 21 19 22 26 20 23 27 25 24 28 31 35 29 34 30 36 33 32
 26 19 20 21 27 24 22 23 25 34 29 35 28 31 36 33 30 32  4  2  5  9  3  6  1  8  7 11 14 18 12 17 13 10 16 15
 35 28 29 30 36 33 31 32 34  7  2  8  1  4  9  6  3  5 13 11 14 18 12 15 10 17 16 20 23 27 21 26 22 19 25 24
 17 10 11 12 18 15 13 14 16 25 20 26 19 22 27 24 21 23 31 29 32 36 30 33 28 35 34  2  5  9  3  8  4  1  7  6
  8  1  2  3  9  6  4  5  7 16 11 17 10 13 18 15 12 14 22 20 23 27 21 24 19 26 25 29 32 36 30 35 31 28 34 33
  9  2  3  4  1  7  5  6  8 17 12 18 11 14 10 16 13 15 23 21 24 19 22 25 20 27 26 30 33 28 31 36 32 29 35 34
 36 29 30 31 28 34 32 33 35  8  3  9  2  5  1  7  4  6 14 12 15 10 13 16 11 18 17 21 24 19 22 27 23 20 26 25
 27 20 21 22 19 25 23 24 26 35 30 36 29 32 28 34 31 33  5  3  6  1  4  7  2  9  8 12 15 10 13 18 14 11 17 16
 18 11 12 13 10 16 14 15 17 26 21 27 20 23 19 25 22 24 32 30 33 28 31 34 29 36 35  3  6  1  4  9  5  2  8  7
 10 12 13 14 11 17 15 16 18 27 22 19 21 24 20 26 23 25 33 31 34 29 32 35 30 28 36  4  7  2  5  1  6  3  9  8
 28 30 31 32 29 35 33 34 36  9  4  1  3  6  2  8  5  7 15 13 16 11 14 17 12 10 18 22 25 20 23 19 24 21 27 26
  1  3  4  5  2  8  6  7  9 18 13 10 12 15 11 17 14 16 24 22 25 20 23 26 21 19 27 31 34 29 32 28 33 30 36 35
 19 21 22 23 20 26 24 25 27 36 31 28 30 33 29 35 32 34  6  4  7  2  5  8  3  1  9 13 16 11 14 10 15 12 18 17
 20 22 23 24 21 27 25 26 19 28 32 29 31 34 30 36 33 35  7  5  8  3  6  9  4  2  1 14 17 12 15 11 16 13 10 18
 29 31 32 33 30 36 34 35 28  1  5  2  4  7  3  9  6  8 16 14 17 12 15 18 13 11 10 23 26 21 24 20 25 22 19 27
 11 13 14 15 12 18 16 17 10 19 23 20 22 25 21 27 24 26 34 32 35 30 33 36 31 29 28  5  8  3  6  2  7  4  1  9
  2  4  5  6  3  9  7  8  1 10 14 11 13 16 12 18 15 17 25 23 26 21 24 27 22 20 19 32 35 30 33 29 34 31 28 36
