  4 11  6 13  1  5  7  3  2  8 10 12  9
 10  6  2  4  9  7  3 13  5  1 12 11  8
 12  3  5  6 11  4  9  7 13  2  8  1 10
  9  7  3 10  6  1  8 11  4  5  2 13 12
  5 10  4 12 13  9  1  6  7 11  3  8  2
  7 12 10  2  5 11  4  9  8  6  1  3 13
  6  4 12  5  7  2 11  8 10  3 13  9  1
  8  9  7 11 10 13  5 12  1  4  6  2  3
 11  8  9  7  2 12 10  1  3 13  4  6  5
  3  1 11  9 12  8 13  2  6  7  5 10  4
 13  5  8  1  4  3  2 10 11 12  9  7  6
  1  2 13  8  3 10  6  5 12  9 11  4  7
  2 13  1  3  8  6 12  4  9 10  7  5 11
