  5  1 12  9 10  8  6 11  2  4  7  3 13
  4 11 10  7  2  3 13  9  5  8  6  1 12
  2  4  5 12  3 10  1  6 13  9 11  8  7
  7  9  4  3  1  5 10  8 11 13 12  2  6
 10  5 11  4  8  2  9  1  6 12 13  7  3
  8 10  9  1  4 13  3  5 12  7  2  6 11
  1  8  6 11  5  9  2 13  7  3 10 12  4
  3  7  8  5  9  4 11 12 10  6  1 13  2
 11  3  7  2 13  6 12 10  9  5  8  4  1
 13  6  1  8 11 12  4  7  3  2  9  5 10
  6 13  3 10 12 11  7  2  8  1  4  9  5
 12  2 13  6  7  1  8  3  4 10  5 11  9
  9 12  2 13  6  7  5  4  1 11  3 10  8
