  3  5  2  4  1  6 10  9  8 12  7 11 15 14 13 18 16 17 24 22 23 19 21 20 28 30 29 26 25 27 35 36 31 32 33 34 40 38 41 39 42 37 45 43 48 46 44 47 54 51 53 49 52 50
 33 35 32 34 31 36 40 39 38 42 37 41 45 44 43 48 46 47 54 52 53 49 51 50  4  6  5  2  1  3 11 12  7  8  9 10 16 14 17 15 18 13 21 19 24 22 20 23 30 27 29 25 28 26
 21 23 20 22 19 24 28 27 26 30 25 29 33 32 31 36 34 35 42 40 41 37 39 38 46 48 47 44 43 45 53 54 49 50 51 52  4  2  5  3  6  1  9  7 12 10  8 11 18 15 17 13 16 14
 15 17 14 16 13 18 22 21 20 24 19 23 27 26 25 30 28 29 36 34 35 31 33 32 40 42 41 38 37 39 47 48 43 44 45 46 52 50 53 51 54 49  3  1  6  4  2  5 12  9 11  7 10  8
 45 47 44 46 43 48 52 51 50 54 49 53  3  2  1  6  4  5 12 10 11  7  9  8 16 18 17 14 13 15 23 24 19 20 21 22 28 26 29 27 30 25 33 31 36 34 32 35 42 39 41 37 40 38
 39 41 38 40 37 42 46 45 44 48 43 47 51 50 49 54 52 53  6  4  5  1  3  2 10 12 11  8  7  9 17 18 13 14 15 16 22 20 23 21 24 19 27 25 30 28 26 29 36 33 35 31 34 32
 51 53 50 52 49 54  4  3  2  6  1  5  9  8  7 12 10 11 18 16 17 13 15 14 22 24 23 20 19 21 29 30 25 26 27 28 34 32 35 33 36 31 39 37 42 40 38 41 48 45 47 43 46 44
 27 29 26 28 25 30 34 33 32 36 31 35 39 38 37 42 40 41 48 46 47 43 45 44 52 54 53 50 49 51  5  6  1  2  3  4 10  8 11  9 12  7 15 13 18 16 14 17 24 21 23 19 22 20
  9 11  8 10  7 12 16 15 14 18 13 17 21 20 19 24 22 23 30 28 29 25 27 26 34 36 35 32 31 33 41 42 37 38 39 40 46 44 47 45 48 43 51 49 54 52 50 53  6  3  5  1  4  2
 52 54 51 53 50 49  5  4  3  1  2  6 10  9  8  7 11 12 13 17 18 14 16 15 23 19 24 21 20 22 30 25 26 27 28 29 35 33 36 34 31 32 40 38 37 41 39 42 43 46 48 44 47 45
 22 24 21 23 20 19 29 28 27 25 26 30 34 33 32 31 35 36 37 41 42 38 40 39 47 43 48 45 44 46 54 49 50 51 52 53  5  3  6  4  1  2 10  8  7 11  9 12 13 16 18 14 17 15
 10 12  9 11  8  7 17 16 15 13 14 18 22 21 20 19 23 24 25 29 30 26 28 27 35 31 36 33 32 34 42 37 38 39 40 41 47 45 48 46 43 44 52 50 49 53 51 54  1  4  6  2  5  3
 34 36 33 35 32 31 41 40 39 37 38 42 46 45 44 43 47 48 49 53 54 50 52 51  5  1  6  3  2  4 12  7  8  9 10 11 17 15 18 16 13 14 22 20 19 23 21 24 25 28 30 26 29 27
  4  6  3  5  2  1 11 10  9  7  8 12 16 15 14 13 17 18 19 23 24 20 22 21 29 25 30 27 26 28 36 31 32 33 34 35 41 39 42 40 37 38 46 44 43 47 45 48 49 52 54 50 53 51
 46 48 45 47 44 43 53 52 51 49 50 54  4  3  2  1  5  6  7 11 12  8 10  9 17 13 18 15 14 16 24 19 20 21 22 23 29 27 30 28 25 26 34 32 31 35 33 36 37 40 42 38 41 39
 28 30 27 29 26 25 35 34 33 31 32 36 40 39 38 37 41 42 43 47 48 44 46 45 53 49 54 51 50 52  6  1  2  3  4  5 11  9 12 10  7  8 16 14 13 17 15 18 19 22 24 20 23 21
 16 18 15 17 14 13 23 22 21 19 20 24 28 27 26 25 29 30 31 35 36 32 34 33 41 37 42 39 38 40 48 43 44 45 46 47 53 51 54 52 49 50  4  2  1  5  3  6  7 10 12  8 11  9
 40 42 39 41 38 37 47 46 45 43 44 48 52 51 50 49 53 54  1  5  6  2  4  3 11  7 12  9  8 10 18 13 14 15 16 17 23 21 24 22 19 20 28 26 25 29 27 30 31 34 36 32 35 33
 23 19 22 24 21 20 30 29 28 26 27 25 35 34 33 32 36 31 38 42 37 39 41 40 48 44 43 46 45 47 49 50 51 52 53 54  6  4  1  5  2  3 11  9  8 12 10  7 14 17 13 15 18 16
 41 37 40 42 39 38 48 47 46 44 45 43 53 52 51 50 54 49  2  6  1  3  5  4 12  8  7 10  9 11 13 14 15 16 17 18 24 22 19 23 20 21 29 27 26 30 28 25 32 35 31 33 36 34
  5  1  4  6  3  2 12 11 10  8  9  7 17 16 15 14 18 13 20 24 19 21 23 22 30 26 25 28 27 29 31 32 33 34 35 36 42 40 37 41 38 39 47 45 44 48 46 43 50 53 49 51 54 52
 11  7 10 12  9  8 18 17 16 14 15 13 23 22 21 20 24 19 26 30 25 27 29 28 36 32 31 34 33 35 37 38 39 40 41 42 48 46 43 47 44 45 53 51 50 54 52 49  2  5  1  3  6  4
 17 13 16 18 15 14 24 23 22 20 21 19 29 28 27 26 30 25 32 36 31 33 35 34 42 38 37 40 39 41 43 44 45 46 47 48 54 52 49 53 50 51  5  3  2  6  4  1  8 11  7  9 12 10
 29 25 28 30 27 26 36 35 34 32 33 31 41 40 39 38 42 37 44 48 43 45 47 46 54 50 49 52 51 53  1  2  3  4  5  6 12 10  7 11  8  9 17 15 14 18 16 13 20 23 19 21 24 22
 47 43 46 48 45 44 54 53 52 50 51 49  5  4  3  2  6  1  8 12  7  9 11 10 18 14 13 16 15 17 19 20 21 22 23 24 30 28 25 29 26 27 35 33 32 36 34 31 38 41 37 39 42 40
 35 31 34 36 33 32 42 41 40 38 39 37 47 46 45 44 48 43 50 54 49 51 53 52  6  2  1  4  3  5  7  8  9 10 11 12 18 16 13 17 14 15 23 21 20 24 22 19 26 29 25 27 30 28
 53 49 52 54 51 50  6  5  4  2  3  1 11 10  9  8 12  7 14 18 13 15 17 16 24 20 19 22 21 23 25 26 27 28 29 30 36 34 31 35 32 33 41 39 38 42 40 37 44 47 43 45 48 46
 12  8 11  7 10  9 13 18 17 15 16 14 24 23 22 21 19 20 27 25 26 28 30 29 31 33 32 35 34 36 38 39 40 41 42 37 43 47 44 48 45 46 54 52 51 49 53 50  3  6  2  4  1  5
 42 38 41 37 40 39 43 48 47 45 46 44 54 53 52 51 49 50  3  1  2  4  6  5  7  9  8 11 10 12 14 15 16 17 18 13 19 23 20 24 21 22 30 28 27 25 29 26 33 36 32 34 31 35
 24 20 23 19 22 21 25 30 29 27 28 26 36 35 34 33 31 32 39 37 38 40 42 41 43 45 44 47 46 48 50 51 52 53 54 49  1  5  2  6  3  4 12 10  9  7 11  8 15 18 14 16 13 17
  6  2  5  1  4  3  7 12 11  9 10  8 18 17 16 15 13 14 21 19 20 22 24 23 25 27 26 29 28 30 32 33 34 35 36 31 37 41 38 42 39 40 48 46 45 43 47 44 51 54 50 52 49 53
 54 50 53 49 52 51  1  6  5  3  4  2 12 11 10  9  7  8 15 13 14 16 18 17 19 21 20 23 22 24 26 27 28 29 30 25 31 35 32 36 33 34 42 40 39 37 41 38 45 48 44 46 43 47
 36 32 35 31 34 33 37 42 41 39 40 38 48 47 46 45 43 44 51 49 50 52 54 53  1  3  2  5  4  6  8  9 10 11 12  7 13 17 14 18 15 16 24 22 21 19 23 20 27 30 26 28 25 29
 30 26 29 25 28 27 31 36 35 33 34 32 42 41 40 39 37 38 45 43 44 46 48 47 49 51 50 53 52 54  2  3  4  5  6  1  7 11  8 12  9 10 18 16 15 13 17 14 21 24 20 22 19 23
 48 44 47 43 46 45 49 54 53 51 52 50  6  5  4  3  1  2  9  7  8 10 12 11 13 15 14 17 16 18 20 21 22 23 24 19 25 29 26 30 27 28 36 34 33 31 35 32 39 42 38 40 37 41
 18 14 17 13 16 15 19 24 23 21 22 20 30 29 28 27 25 26 33 31 32 34 36 35 37 39 38 41 40 42 44 45 46 47 48 43 49 53 50 54 51 52  6  4  3  1  5  2  9 12  8 10  7 11
 13 15 18 14 17 16 20 19 24 22 23 21 25 30 29 28 26 27 34 32 33 35 31 36 38 40 39 42 41 37 45 46 47 48 43 44 50 54 51 49 52 53  1  5  4  2  6  3 10  7  9 11  8 12
 43 45 48 44 47 46 50 49 54 52 53 51  1  6  5  4  2  3 10  8  9 11  7 12 14 16 15 18 17 13 21 22 23 24 19 20 26 30 27 25 28 29 31 35 34 32 36 33 40 37 39 41 38 42
 31 33 36 32 35 34 38 37 42 40 41 39 43 48 47 46 44 45 52 50 51 53 49 54  2  4  3  6  5  1  9 10 11 12  7  8 14 18 15 13 16 17 19 23 22 20 24 21 28 25 27 29 26 30
 25 27 30 26 29 28 32 31 36 34 35 33 37 42 41 40 38 39 46 44 45 47 43 48 50 52 51 54 53 49  3  4  5  6  1  2  8 12  9  7 10 11 13 17 16 14 18 15 22 19 21 23 20 24
 37 39 42 38 41 40 44 43 48 46 47 45 49 54 53 52 50 51  4  2  3  5  1  6  8 10  9 12 11  7 15 16 17 18 13 14 20 24 21 19 22 23 25 29 28 26 30 27 34 31 33 35 32 36
 49 51 54 50 53 52  2  1  6  4  5  3  7 12 11 10  8  9 16 14 15 17 13 18 20 22 21 24 23 19 27 28 29 30 25 26 32 36 33 31 34 35 37 41 40 38 42 39 46 43 45 47 44 48
  1  3  6  2  5  4  8  7 12 10 11  9 13 18 17 16 14 15 22 20 21 23 19 24 26 28 27 30 29 25 33 34 35 36 31 32 38 42 39 37 40 41 43 47 46 44 48 45 52 49 51 53 50 54
 19 21 24 20 23 22 26 25 30 28 29 27 31 36 35 34 32 33 40 38 39 41 37 42 44 46 45 48 47 43 51 52 53 54 49 50  2  6  3  1  4  5  7 11 10  8 12  9 16 13 15 17 14 18
  7  9 12  8 11 10 14 13 18 16 17 15 19 24 23 22 20 21 28 26 27 29 25 30 32 34 33 36 35 31 39 40 41 42 37 38 44 48 45 43 46 47 49 53 52 50 54 51  4  1  3  5  2  6
 44 46 43 45 48 47 51 50 49 53 54 52  2  1  6  5  3  4 11  9 10 12  8  7 15 17 16 13 18 14 22 23 24 19 20 21 27 25 28 26 29 30 32 36 35 33 31 34 41 38 40 42 39 37
 14 16 13 15 18 17 21 20 19 23 24 22 26 25 30 29 27 28 35 33 34 36 32 31 39 41 40 37 42 38 46 47 48 43 44 45 51 49 52 50 53 54  2  6  5  3  1  4 11  8 10 12  9  7
  8 10  7  9 12 11 15 14 13 17 18 16 20 19 24 23 21 22 29 27 28 30 26 25 33 35 34 31 36 32 40 41 42 37 38 39 45 43 46 44 47 48 50 54 53 51 49 52  5  2  4  6  3  1
 26 28 25 27 30 29 33 32 31 35 36 34 38 37 42 41 39 40 47 45 46 48 44 43 51 53 52 49 54 50  4  5  6  1  2  3  9  7 10  8 11 12 14 18 17 15 13 16 23 20 22 24 21 19
  2  4  1  3  6  5  9  8  7 11 12 10 14 13 18 17 15 16 23 21 22 24 20 19 27 29 28 25 30 26 34 35 36 31 32 33 39 37 40 38 41 42 44 48 47 45 43 46 53 50 52 54 51 49
 32 34 31 33 36 35 39 38 37 41 42 40 44 43 48 47 45 46 53 51 52 54 50 49  3  5  4  1  6  2 10 11 12  7  8  9 15 13 16 14 17 18 20 24 23 21 19 22 29 26 28 30 27 25
 20 22 19 21 24 23 27 26 25 29 30 28 32 31 36 35 33 34 41 39 40 42 38 37 45 47 46 43 48 44 52 53 54 49 50 51  3  1  4  2  5  6  8 12 11  9  7 10 17 14 16 18 15 13
 38 40 37 39 42 41 45 44 43 47 48 46 50 49 54 53 51 52  5  3  4  6  2  1  9 11 10  7 12  8 16 17 18 13 14 15 21 19 22 20 23 24 26 30 29 27 25 28 35 32 34 36 33 31
 50 52 49 51 54 53  3  2  1  5  6  4  8  7 12 11  9 10 17 15 16 18 14 13 21 23 22 19 24 20 28 29 30 25 26 27 33 31 34 32 35 36 38 42 41 39 37 40 47 44 46 48 45 43
