 17  7  4  8 18 10  2 16  3 20  9 19  1  5 12 15 13 11 14  6
  8 14 10  6  2  4 11  5  7  9 13 18 20 12 17  3  1 19 16 15
 10  1  5 19 14  2  8 18 12  4 15 13  6  3  9 16 17 20 11  7
 15  2  6 10  8 14  7 20 18 12  1  9 11  4 13 17 16  5 19  3
 20  6 18  4 10  9 19  3  8 14  2 15 13  1 11 12  5 16  7 17
  9 15  3  5  6 13 14 19 20 18 17 12  4 11 16  2  8  7 10  1
  5 19 15 18  4  7 13 10  9  6 12  8  3 20  2 11 14 17  1 16
 12 11  7 17 15  8  9  4 10  1  5 16 18  6  3 13  2 14 20 19
  1 20 12  9 11  6 16  7 17  3 14 10  2 18  5  8 19 13 15  4
 11  5 20  7 19 15 12 13  2  8 10 17 16 14 18  4  3  1  6  9
 13  8  9 11  3 18 10 17 16  2  4  1 12 15 14 19  7  6  5 20
 14 12 19  1  5 17 18 11  6  7  3 20  8 16 15  9 10  2  4 13
 18 17  1 14  9 16  6  8  4 19  7 11  5 13 20 10 12 15  3  2
 16  9 11 12 20  5 15  1 13 17 19  3  7  2 10 18  6  4  8 14
  7 10 17  2 12  1  3  6 19  5 16  4 15  9  8 14 20 18 13 11
  3 16 14 15  7 11 17  9  1 13 18  2 19  8  6 20  4 10 12  5
  6  3 13 20 17 19  5 15 11 16  8  7 14 10  4  1 18  9  2 12
  2 18  8 16 13  3  4 14  5 15 20  6 17 19  1  7 11 12  9 10
  4 13  2  3 16 20  1 12 14 10 11  5  9  7 19  6 15  8 17 18
 19  4 16 13  1 12 20  2 15 11  6 14 10 17  7  5  9  3 18  8
