  8  3 13  9 17 11 20 10 16 14  7  6 19  4  1 12  2 15  5 18
 18  4  2 13  7 17  8  5 19  1  9  3 14 11 15 16 10  6 12 20
  6 20 16 18 11  4 12  9 10 19  1 13  8 14  5  3  7  2 15 17
  3 14  1  4 13 10 15 17 18 16 12  8 11  9  2  6 19 20  7  5
 10  8 15  1 18 13 17 14 11  2 19  4 16  3  7 20  9  5  6 12
  7 18 14 16  8 19  4  6  2  5  3 12 15  1  9 17 11 13 20 10
 16 15  5 14  9  7  1 12  8 13 11 19 20  2  4 18  6 17 10  3
 20  6  8  3 12  5  9  2 17 18 10  7  4 15 11 14  1 19 16 13
 17 16  9 12 14  1 13  3  6 10 18 11  7  8 19  5 20  4  2 15
 19  5 17 15  1 18 10 13 12  4 16  2  6  7 20 11  3 14  9  8
  5 10  3 17 16  8 18  1 15  6  2 14 12 20 13  7  4 11 19  9
 13  7  6  2 10 14 11 18  1  9  4 20  3 19  8 15  5 12 17 16
 12 17 10  6 15 20  7  4 13  3  8  1  2  5 14  9 16 18 11 19
 15  2 11 10  6 16  3 20  7 17 13  5  1 12 18 19 14  9  8  4
 14 12 18  5  2  3  6 19  4 11 20 15  9 16 10  1 17  8 13  7
  9 13  7 19  3  2  5 11 14 20 15 16 18  6 17  8 12 10  4  1
 11  9 19  8  5  6 16 15 20 12 14 18 10 17  3  4 13  7  1  2
  2 19  4 11 20 15 14 16  3  7  5  9 17 10 12 13  8  1 18  6
  4  1 20  7 19 12  2  8  9 15  6 17  5 13 16 10 18  3 14 11
  1 11 12 20  4  9 19  7  5  8 17 10 13 18  6  2 15 16  3 14
