  2 11 18 10 20 17 13  3  4  8  1 12  5  7 14 19  6 16  9 15
 11 16  4  3 14 12  8  7 18  5 10  1 17 20  6 13  2 19 15  9
  9  2  1  5 17  7 14  8 11 18 19  3 12 16 13 20 10 15  6  4
  8  6  5 17  3 11 12 19  2  7 18 13 16  9  1 15 14 10  4 20
 10 19  6 20  8 15 17 16  7 13  5 14  3 12 11  4  9 18  1  2
  4 12 14  1 10  3 19 13  5  6 20  9  8 15 16  2 11 17 18  7
  1 13  9  2  7 18  3  6 10 11 17  8 14  5 12 16 15  4 20 19
 17  4  2 11  9 10  6 20  3 14  7 16 15 13 19 12  5  1  8 18
 18 17 10 15  2  6  5 12 19  3  8 20 13  4  7  9  1 14 16 11
  3 14 12 19 18  8  7 11 16  4 13  5  2  6 15  1 20  9 17 10
  5  7 13 12  4  2 15 14  6 16  3 19 10 17  9 18  8 20 11  1
 13  3 16  6 15 14  2 17  9 12 11  7 18  1 20 10  4  8 19  5
 19  1  8 13 11 20  9  2 15 10 16  6  7  3  4 14 18 12  5 17
 12  9  3 16 13  1 10 15 14 20  4 11 19  8 18 17  7  5  2  6
 16  8 17 14  1 19  4  5 13 15  9 18 20 10  2 11 12  6  7  3
  7 10 11  9  6 13  1 18 20  2 12 15  4 19  5  8 17  3 14 16
 15 18 19  4 16  9 20  1  8 17 14  2  6 11  3  5 13  7 10 12
  6 15 20  8  5  4 11  9 12 19  2 17  1 18 10  7 16 13  3 14
 14 20  7 18 19  5 16  4 17  1 15 10  9  2  8  6  3 11 12 13
 20  5 15  7 12 16 18 10  1  9  6  4 11 14 17  3 19  2 13  8
