 28 26 30 25 27 29 36 35 34 33 32 31  4  6  2  1  5  3  9  7 12 10  8 11 17 15 16 14 13 18 20 21 24 23 22 19
  4  2  6  1  3  5 12 11 10  9  8  7 16 18 14 13 17 15 21 19 24 22 20 23 29 27 28 26 25 30 32 33 36 35 34 31
 10  8 12  7  9 11 18 17 16 15 14 13 22 24 20 19 23 21 27 25 30 28 26 29 35 33 34 32 31 36  2  3  6  5  4  1
 34 32 36 31 33 35  6  5  4  3  2  1 10 12  8  7 11  9 15 13 18 16 14 17 23 21 22 20 19 24 26 27 30 29 28 25
 16 14 18 13 15 17 24 23 22 21 20 19 28 30 26 25 29 27 33 31 36 34 32 35  5  3  4  2  1  6  8  9 12 11 10  7
 22 20 24 19 21 23 30 29 28 27 26 25 34 36 32 31 35 33  3  1  6  4  2  5 11  9 10  8  7 12 14 15 18 17 16 13
  5  3  1  2  4  6  7 12 11 10  9  8 17 13 15 14 18 16 22 20 19 23 21 24 30 28 29 27 26 25 33 34 31 36 35 32
 17 15 13 14 16 18 19 24 23 22 21 20 29 25 27 26 30 28 34 32 31 35 33 36  6  4  5  3  2  1  9 10  7 12 11  8
 11  9  7  8 10 12 13 18 17 16 15 14 23 19 21 20 24 22 28 26 25 29 27 30 36 34 35 33 32 31  3  4  1  6  5  2
 23 21 19 20 22 24 25 30 29 28 27 26 35 31 33 32 36 34  4  2  1  5  3  6 12 10 11  9  8  7 15 16 13 18 17 14
 29 27 25 26 28 30 31 36 35 34 33 32  5  1  3  2  6  4 10  8  7 11  9 12 18 16 17 15 14 13 21 22 19 24 23 20
 35 33 31 32 34 36  1  6  5  4  3  2 11  7  9  8 12 10 16 14 13 17 15 18 24 22 23 21 20 19 27 28 25 30 29 26
 30 28 26 27 29 25 32 31 36 35 34 33  6  2  4  3  1  5 11  9  8 12 10  7 13 17 18 16 15 14 22 23 20 19 24 21
 24 22 20 21 23 19 26 25 30 29 28 27 36 32 34 33 31 35  5  3  2  6  4  1  7 11 12 10  9  8 16 17 14 13 18 15
 12 10  8  9 11  7 14 13 18 17 16 15 24 20 22 21 19 23 29 27 26 30 28 25 31 35 36 34 33 32  4  5  2  1  6  3
  6  4  2  3  5  1  8  7 12 11 10  9 18 14 16 15 13 17 23 21 20 24 22 19 25 29 30 28 27 26 34 35 32 31 36 33
 18 16 14 15 17 13 20 19 24 23 22 21 30 26 28 27 25 29 35 33 32 36 34 31  1  5  6  4  3  2 10 11  8  7 12  9
 36 34 32 33 35 31  2  1  6  5  4  3 12  8 10  9  7 11 17 15 14 18 16 13 19 23 24 22 21 20 28 29 26 25 30 27
 13 17 15 16 18 14 21 20 19 24 23 22 25 27 29 28 26 30 36 34 33 31 35 32  2  6  1  5  4  3 11 12  9  8  7 10
 31 35 33 34 36 32  3  2  1  6  5  4  7  9 11 10  8 12 18 16 15 13 17 14 20 24 19 23 22 21 29 30 27 26 25 28
 25 29 27 28 30 26 33 32 31 36 35 34  1  3  5  4  2  6 12 10  9  7 11  8 14 18 13 17 16 15 23 24 21 20 19 22
 19 23 21 22 24 20 27 26 25 30 29 28 31 33 35 34 32 36  6  4  3  1  5  2  8 12  7 11 10  9 17 18 15 14 13 16
  7 11  9 10 12  8 15 14 13 18 17 16 19 21 23 22 20 24 30 28 27 25 29 26 32 36 31 35 34 33  5  6  3  2  1  4
  1  5  3  4  6  2  9  8  7 12 11 10 13 15 17 16 14 18 24 22 21 19 23 20 26 30 25 29 28 27 35 36 33 32 31 34
 26 30 28 29 25 27 34 33 32 31 36 35  2  4  6  5  3  1  7 11 10  8 12  9 15 13 14 18 17 16 24 19 22 21 20 23
  2  6  4  5  1  3 10  9  8  7 12 11 14 16 18 17 15 13 19 23 22 20 24 21 27 25 26 30 29 28 36 31 34 33 32 35
  8 12 10 11  7  9 16 15 14 13 18 17 20 22 24 23 21 19 25 29 28 26 30 27 33 31 32 36 35 34  6  1  4  3  2  5
 32 36 34 35 31 33  4  3  2  1  6  5  8 10 12 11  9  7 13 17 16 14 18 15 21 19 20 24 23 22 30 25 28 27 26 29
 14 18 16 17 13 15 22 21 20 19 24 23 26 28 30 29 27 25 31 35 34 32 36 33  3  1  2  6  5  4 12  7 10  9  8 11
 20 24 22 23 19 21 28 27 26 25 30 29 32 34 36 35 33 31  1  5  4  2  6  3  9  7  8 12 11 10 18 13 16 15 14 17
  3  1  5  6  2  4 11 10  9  8  7 12 15 17 13 18 16 14 20 24 23 21 19 22 28 26 27 25 30 29 31 32 35 34 33 36
 33 31 35 36 32 34  5  4  3  2  1  6  9 11  7 12 10  8 14 18 17 15 13 16 22 20 21 19 24 23 25 26 29 28 27 30
  9  7 11 12  8 10 17 16 15 14 13 18 21 23 19 24 22 20 26 30 29 27 25 28 34 32 33 31 36 35  1  2  5  4  3  6
 21 19 23 24 20 22 29 28 27 26 25 30 33 35 31 36 34 32  2  6  5  3  1  4 10  8  9  7 12 11 13 14 17 16 15 18
 15 13 17 18 14 16 23 22 21 20 19 24 27 29 25 30 28 26 32 36 35 33 31 34  4  2  3  1  6  5  7  8 11 10  9 12
 27 25 29 30 26 28 35 34 33 32 31 36  3  5  1  6  4  2  8 12 11  9  7 10 16 14 15 13 18 17 19 20 23 22 21 24
