 35 36 33 31 32 34  3  1  2  4  6  5 12  8  7 11  9 10 16 14 18 17 15 13 19 24 22 21 20 23 25 26 27 29 28 30
  5  6  3  1  2  4  9  7  8 10 12 11 18 14 13 17 15 16 22 20 24 23 21 19 25 30 28 27 26 29 31 32 33 35 34 36
 17 18 15 13 14 16 21 19 20 22 24 23 30 26 25 29 27 28 34 32 36 35 33 31  1  6  4  3  2  5  7  8  9 11 10 12
 29 30 27 25 26 28 33 31 32 34 36 35  6  2  1  5  3  4 10  8 12 11  9  7 13 18 16 15 14 17 19 20 21 23 22 24
 11 12  9  7  8 10 15 13 14 16 18 17 24 20 19 23 21 22 28 26 30 29 27 25 31 36 34 33 32 35  1  2  3  5  4  6
 23 24 21 19 20 22 27 25 26 28 30 29 36 32 31 35 33 34  4  2  6  5  3  1  7 12 10  9  8 11 13 14 15 17 16 18
 12  7 10  8  9 11 16 14 15 17 13 18 19 21 20 24 22 23 29 27 25 30 28 26 32 31 35 34 33 36  2  3  4  6  5  1
 24 19 22 20 21 23 28 26 27 29 25 30 31 33 32 36 34 35  5  3  1  6  4  2  8  7 11 10  9 12 14 15 16 18 17 13
 18 13 16 14 15 17 22 20 21 23 19 24 25 27 26 30 28 29 35 33 31 36 34 32  2  1  5  4  3  6  8  9 10 12 11  7
 30 25 28 26 27 29 34 32 33 35 31 36  1  3  2  6  4  5 11  9  7 12 10  8 14 13 17 16 15 18 20 21 22 24 23 19
  6  1  4  2  3  5 10  8  9 11  7 12 13 15 14 18 16 17 23 21 19 24 22 20 26 25 29 28 27 30 32 33 34 36 35 31
 36 31 34 32 33 35  4  2  3  5  1  6  7  9  8 12 10 11 17 15 13 18 16 14 20 19 23 22 21 24 26 27 28 30 29 25
 19 20 23 21 22 24 29 27 28 30 26 25 32 34 33 31 35 36  6  4  2  1  5  3  9  8 12 11 10  7 15 16 17 13 18 14
 31 32 35 33 34 36  5  3  4  6  2  1  8 10  9  7 11 12 18 16 14 13 17 15 21 20 24 23 22 19 27 28 29 25 30 26
 25 26 29 27 28 30 35 33 34 36 32 31  2  4  3  1  5  6 12 10  8  7 11  9 15 14 18 17 16 13 21 22 23 19 24 20
  7  8 11  9 10 12 17 15 16 18 14 13 20 22 21 19 23 24 30 28 26 25 29 27 33 32 36 35 34 31  3  4  5  1  6  2
  1  2  5  3  4  6 11  9 10 12  8  7 14 16 15 13 17 18 24 22 20 19 23 21 27 26 30 29 28 25 33 34 35 31 36 32
 13 14 17 15 16 18 23 21 22 24 20 19 26 28 27 25 29 30 36 34 32 31 35 33  3  2  6  5  4  1  9 10 11  7 12  8
 32 33 36 34 35 31  6  4  5  1  3  2  9 11 10  8 12  7 13 17 15 14 18 16 22 21 19 24 23 20 28 29 30 26 25 27
 14 15 18 16 17 13 24 22 23 19 21 20 27 29 28 26 30 25 31 35 33 32 36 34  4  3  1  6  5  2 10 11 12  8  7  9
  2  3  6  4  5  1 12 10 11  7  9  8 15 17 16 14 18 13 19 23 21 20 24 22 28 27 25 30 29 26 34 35 36 32 31 33
  8  9 12 10 11  7 18 16 17 13 15 14 21 23 22 20 24 19 25 29 27 26 30 28 34 33 31 36 35 32  4  5  6  2  1  3
 20 21 24 22 23 19 30 28 29 25 27 26 33 35 34 32 36 31  1  5  3  2  6  4 10  9  7 12 11  8 16 17 18 14 13 15
 26 27 30 28 29 25 36 34 35 31 33 32  3  5  4  2  6  1  7 11  9  8 12 10 16 15 13 18 17 14 22 23 24 20 19 21
 27 28 25 29 30 26 31 35 36 32 34 33  4  6  5  3  1  2  8 12 10  9  7 11 17 16 14 13 18 15 23 24 19 21 20 22
 33 34 31 35 36 32  1  5  6  2  4  3 10 12 11  9  7  8 14 18 16 15 13 17 23 22 20 19 24 21 29 30 25 27 26 28
 15 16 13 17 18 14 19 23 24 20 22 21 28 30 29 27 25 26 32 36 34 33 31 35  5  4  2  1  6  3 11 12  7  9  8 10
  3  4  1  5  6  2  7 11 12  8 10  9 16 18 17 15 13 14 20 24 22 21 19 23 29 28 26 25 30 27 35 36 31 33 32 34
 21 22 19 23 24 20 25 29 30 26 28 27 34 36 35 33 31 32  2  6  4  3  1  5 11 10  8  7 12  9 17 18 13 15 14 16
  9 10  7 11 12  8 13 17 18 14 16 15 22 24 23 21 19 20 26 30 28 27 25 29 35 34 32 31 36 33  5  6  1  3  2  4
 10 11  8 12  7  9 14 18 13 15 17 16 23 19 24 22 20 21 27 25 29 28 26 30 36 35 33 32 31 34  6  1  2  4  3  5
 16 17 14 18 13 15 20 24 19 21 23 22 29 25 30 28 26 27 33 31 35 34 32 36  6  5  3  2  1  4 12  7  8 10  9 11
 22 23 20 24 19 21 26 30 25 27 29 28 35 31 36 34 32 33  3  1  5  4  2  6 12 11  9  8  7 10 18 13 14 16 15 17
 34 35 32 36 31 33  2  6  1  3  5  4 11  7 12 10  8  9 15 13 17 16 14 18 24 23 21 20 19 22 30 25 26 28 27 29
 28 29 26 30 25 27 32 36 31 33 35 34  5  1  6  4  2  3  9  7 11 10  8 12 18 17 15 14 13 16 24 19 20 22 21 23
  4  5  2  6  1  3  8 12  7  9 11 10 17 13 18 16 14 15 21 19 23 22 20 24 30 29 27 26 25 28 36 31 32 34 33 35
