 17 13 18 16 14 15 24 22 20 19 21 23 26 25 28 30 27 29 32 31 34 33 36 35  2  1  3  4  6  5 12  9 11  7 10  8
 29 25 30 28 26 27 36 34 32 31 33 35  2  1  4  6  3  5  8  7 10  9 12 11 14 13 15 16 18 17 24 21 23 19 22 20
 35 31 36 34 32 33  6  4  2  1  3  5  8  7 10 12  9 11 14 13 16 15 18 17 20 19 21 22 24 23 30 27 29 25 28 26
  5  1  6  4  2  3 12 10  8  7  9 11 14 13 16 18 15 17 20 19 22 21 24 23 26 25 27 28 30 29 36 33 35 31 34 32
 11  7 12 10  8  9 18 16 14 13 15 17 20 19 22 24 21 23 26 25 28 27 30 29 32 31 33 34 36 35  6  3  5  1  4  2
 23 19 24 22 20 21 30 28 26 25 27 29 32 31 34 36 33 35  2  1  4  3  6  5  8  7  9 10 12 11 18 15 17 13 16 14
 24 20 19 23 21 22 25 29 27 26 28 30 33 32 35 31 34 36  3  2  5  4  1  6  9  8 10 11  7 12 13 16 18 14 17 15
 18 14 13 17 15 16 19 23 21 20 22 24 27 26 29 25 28 30 33 32 35 34 31 36  3  2  4  5  1  6  7 10 12  8 11  9
 36 32 31 35 33 34  1  5  3  2  4  6  9  8 11  7 10 12 15 14 17 16 13 18 21 20 22 23 19 24 25 28 30 26 29 27
 30 26 25 29 27 28 31 35 33 32 34 36  3  2  5  1  4  6  9  8 11 10  7 12 15 14 16 17 13 18 19 22 24 20 23 21
  6  2  1  5  3  4  7 11  9  8 10 12 15 14 17 13 16 18 21 20 23 22 19 24 27 26 28 29 25 30 31 34 36 32 35 33
 12  8  7 11  9 10 13 17 15 14 16 18 21 20 23 19 22 24 27 26 29 28 25 30 33 32 34 35 31 36  1  4  6  2  5  3
 19 21 20 24 22 23 26 30 28 27 29 25 34 33 36 32 35 31  4  3  6  5  2  1 10  9 11 12  8  7 14 17 13 15 18 16
 13 15 14 18 16 17 20 24 22 21 23 19 28 27 30 26 29 25 34 33 36 35 32 31  4  3  5  6  2  1  8 11  7  9 12 10
  7  9  8 12 10 11 14 18 16 15 17 13 22 21 24 20 23 19 28 27 30 29 26 25 34 33 35 36 32 31  2  5  1  3  6  4
 31 33 32 36 34 35  2  6  4  3  5  1 10  9 12  8 11  7 16 15 18 17 14 13 22 21 23 24 20 19 26 29 25 27 30 28
  1  3  2  6  4  5  8 12 10  9 11  7 16 15 18 14 17 13 22 21 24 23 20 19 28 27 29 30 26 25 32 35 31 33 36 34
 25 27 26 30 28 29 32 36 34 33 35 31  4  3  6  2  5  1 10  9 12 11  8  7 16 15 17 18 14 13 20 23 19 21 24 22
 14 16 15 13 17 18 21 19 23 22 24 20 29 28 25 27 30 26 35 34 31 36 33 32  5  4  6  1  3  2  9 12  8 10  7 11
  2  4  3  1  5  6  9  7 11 10 12  8 17 16 13 15 18 14 23 22 19 24 21 20 29 28 30 25 27 26 33 36 32 34 31 35
 26 28 27 25 29 30 33 31 35 34 36 32  5  4  1  3  6  2 11 10  7 12  9  8 17 16 18 13 15 14 21 24 20 22 19 23
 32 34 33 31 35 36  3  1  5  4  6  2 11 10  7  9 12  8 17 16 13 18 15 14 23 22 24 19 21 20 27 30 26 28 25 29
  8 10  9  7 11 12 15 13 17 16 18 14 23 22 19 21 24 20 29 28 25 30 27 26 35 34 36 31 33 32  3  6  2  4  1  5
 20 22 21 19 23 24 27 25 29 28 30 26 35 34 31 33 36 32  5  4  1  6  3  2 11 10 12  7  9  8 15 18 14 16 13 17
 27 29 28 26 30 25 34 32 36 35 31 33  6  5  2  4  1  3 12 11  8  7 10  9 18 17 13 14 16 15 22 19 21 23 20 24
 21 23 22 20 24 19 28 26 30 29 25 27 36 35 32 34 31 33  6  5  2  1  4  3 12 11  7  8 10  9 16 13 15 17 14 18
  3  5  4  2  6  1 10  8 12 11  7  9 18 17 14 16 13 15 24 23 20 19 22 21 30 29 25 26 28 27 34 31 33 35 32 36
  9 11 10  8 12  7 16 14 18 17 13 15 24 23 20 22 19 21 30 29 26 25 28 27 36 35 31 32 34 33  4  1  3  5  2  6
 33 35 34 32 36 31  4  2  6  5  1  3 12 11  8 10  7  9 18 17 14 13 16 15 24 23 19 20 22 21 28 25 27 29 26 30
 15 17 16 14 18 13 22 20 24 23 19 21 30 29 26 28 25 27 36 35 32 31 34 33  6  5  1  2  4  3 10  7  9 11  8 12
  4  6  5  3  1  2 11  9  7 12  8 10 13 18 15 17 14 16 19 24 21 20 23 22 25 30 26 27 29 28 35 32 34 36 33 31
 16 18 17 15 13 14 23 21 19 24 20 22 25 30 27 29 26 28 31 36 33 32 35 34  1  6  2  3  5  4 11  8 10 12  9  7
 22 24 23 21 19 20 29 27 25 30 26 28 31 36 33 35 32 34  1  6  3  2  5  4  7 12  8  9 11 10 17 14 16 18 15 13
 28 30 29 27 25 26 35 33 31 36 32 34  1  6  3  5  2  4  7 12  9  8 11 10 13 18 14 15 17 16 23 20 22 24 21 19
 10 12 11  9  7  8 17 15 13 18 14 16 19 24 21 23 20 22 25 30 27 26 29 28 31 36 32 33 35 34  5  2  4  6  3  1
 34 36 35 33 31 32  5  3  1  6  2  4  7 12  9 11  8 10 13 18 15 14 17 16 19 24 20 21 23 22 29 26 28 30 27 25
