 33 36 31 34 32 35  5  1  3  4  6  2  9  7 12 10 11  8 18 16 14 15 13 17 23 24 19 20 21 22 28 30 25 29 26 27
 15 18 13 16 14 17 23 19 21 22 24 20 27 25 30 28 29 26 36 34 32 33 31 35  5  6  1  2  3  4 10 12  7 11  8  9
  9 12  7 10  8 11 17 13 15 16 18 14 21 19 24 22 23 20 30 28 26 27 25 29 35 36 31 32 33 34  4  6  1  5  2  3
 21 24 19 22 20 23 29 25 27 28 30 26 33 31 36 34 35 32  6  4  2  3  1  5 11 12  7  8  9 10 16 18 13 17 14 15
 27 30 25 28 26 29 35 31 33 34 36 32  3  1  6  4  5  2 12 10  8  9  7 11 17 18 13 14 15 16 22 24 19 23 20 21
  3  6  1  4  2  5 11  7  9 10 12  8 15 13 18 16 17 14 24 22 20 21 19 23 29 30 25 26 27 28 34 36 31 35 32 33
 10  7  8 11  9 12 18 14 16 17 13 15 22 20 19 23 24 21 25 29 27 28 26 30 36 31 32 33 34 35  5  1  2  6  3  4
 16 13 14 17 15 18 24 20 22 23 19 21 28 26 25 29 30 27 31 35 33 34 32 36  6  1  2  3  4  5 11  7  8 12  9 10
 28 25 26 29 27 30 36 32 34 35 31 33  4  2  1  5  6  3  7 11  9 10  8 12 18 13 14 15 16 17 23 19 20 24 21 22
 34 31 32 35 33 36  6  2  4  5  1  3 10  8  7 11 12  9 13 17 15 16 14 18 24 19 20 21 22 23 29 25 26 30 27 28
 22 19 20 23 21 24 30 26 28 29 25 27 34 32 31 35 36 33  1  5  3  4  2  6 12  7  8  9 10 11 17 13 14 18 15 16
  4  1  2  5  3  6 12  8 10 11  7  9 16 14 13 17 18 15 19 23 21 22 20 24 30 25 26 27 28 29 35 31 32 36 33 34
 17 14 15 18 16 13 19 21 23 24 20 22 29 27 26 30 25 28 32 36 34 35 33 31  1  2  3  4  5  6 12  8  9  7 10 11
 29 26 27 30 28 25 31 33 35 36 32 34  5  3  2  6  1  4  8 12 10 11  9  7 13 14 15 16 17 18 24 20 21 19 22 23
 23 20 21 24 22 19 25 27 29 30 26 28 35 33 32 36 31 34  2  6  4  5  3  1  7  8  9 10 11 12 18 14 15 13 16 17
  5  2  3  6  4  1  7  9 11 12  8 10 17 15 14 18 13 16 20 24 22 23 21 19 25 26 27 28 29 30 36 32 33 31 34 35
 11  8  9 12 10  7 13 15 17 18 14 16 23 21 20 24 19 22 26 30 28 29 27 25 31 32 33 34 35 36  6  2  3  1  4  5
 35 32 33 36 34 31  1  3  5  6  2  4 11  9  8 12  7 10 14 18 16 17 15 13 19 20 21 22 23 24 30 26 27 25 28 29
 36 33 34 31 35 32  2  4  6  1  3  5 12 10  9  7  8 11 15 13 17 18 16 14 20 21 22 23 24 19 25 27 28 26 29 30
  6  3  4  1  5  2  8 10 12  7  9 11 18 16 15 13 14 17 21 19 23 24 22 20 26 27 28 29 30 25 31 33 34 32 35 36
 12  9 10  7 11  8 14 16 18 13 15 17 24 22 21 19 20 23 27 25 29 30 28 26 32 33 34 35 36 31  1  3  4  2  5  6
 24 21 22 19 23 20 26 28 30 25 27 29 36 34 33 31 32 35  3  1  5  6  4  2  8  9 10 11 12  7 13 15 16 14 17 18
 30 27 28 25 29 26 32 34 36 31 33 35  6  4  3  1  2  5  9  7 11 12 10  8 14 15 16 17 18 13 19 21 22 20 23 24
 18 15 16 13 17 14 20 22 24 19 21 23 30 28 27 25 26 29 33 31 35 36 34 32  2  3  4  5  6  1  7  9 10  8 11 12
 13 16 17 14 18 15 21 23 19 20 22 24 25 29 28 26 27 30 34 32 36 31 35 33  3  4  5  6  1  2  8 10 11  9 12  7
 25 28 29 26 30 27 33 35 31 32 34 36  1  5  4  2  3  6 10  8 12  7 11  9 15 16 17 18 13 14 20 22 23 21 24 19
 31 34 35 32 36 33  3  5  1  2  4  6  7 11 10  8  9 12 16 14 18 13 17 15 21 22 23 24 19 20 26 28 29 27 30 25
 19 22 23 20 24 21 27 29 25 26 28 30 31 35 34 32 33 36  4  2  6  1  5  3  9 10 11 12  7  8 14 16 17 15 18 13
  1  4  5  2  6  3  9 11  7  8 10 12 13 17 16 14 15 18 22 20 24 19 23 21 27 28 29 30 25 26 32 34 35 33 36 31
  7 10 11  8 12  9 15 17 13 14 16 18 19 23 22 20 21 24 28 26 30 25 29 27 33 34 35 36 31 32  2  4  5  3  6  1
 32 35 36 33 31 34  4  6  2  3  5  1  8 12 11  9 10  7 17 15 13 14 18 16 22 23 24 19 20 21 27 29 30 28 25 26
  2  5  6  3  1  4 10 12  8  9 11  7 14 18 17 15 16 13 23 21 19 20 24 22 28 29 30 25 26 27 33 35 36 34 31 32
 20 23 24 21 19 22 28 30 26 27 29 25 32 36 35 33 34 31  5  3  1  2  6  4 10 11 12  7  8  9 15 17 18 16 13 14
 26 29 30 27 25 28 34 36 32 33 35 31  2  6  5  3  4  1 11  9  7  8 12 10 16 17 18 13 14 15 21 23 24 22 19 20
 14 17 18 15 13 16 22 24 20 21 23 19 26 30 29 27 28 25 35 33 31 32 36 34  4  5  6  1  2  3  9 11 12 10  7  8
  8 11 12  9  7 10 16 18 14 15 17 13 20 24 23 21 22 19 29 27 25 26 30 28 34 35 36 31 32 33  3  5  6  4  1  2
