 10 16  9  8  3 13  7 19  6 12 14 15 11 17  2 18  4  5  1
 14  9  2 19  7  8 18 17 16  6  5  4  3  1 15 11 10 12 13
  8 19  1  9  2  3 16  6  7 11 15 14 17 12 10 13  5  4 18
  3 11 16  1 18 17 19 15 14  8 10  9  6  2 12  5 13  7  4
  4  8  5 18 17  1 14 13  2  9  6 12 15  3 11 10 16 19  7
  6  4 19 16  8  7  3  5 15  1 18 10 14 11 17 12  2 13  9
  9  3 13 14 19 16  8  7  5 15  4 18  1 10  6 17 11  2 12
 18  2 11  4 14 19  1  9  8 13  3  7 12 15 16  6 17 10  5
 15  6  4 10 16 14 13 11 12  2 17  1 18  7  5 19  9  3  8
 16 15 18  3 11  5  6 14 10  4  1 19  7  9 13  2 12  8 17
  1 14 15  5  4 12  9  3 19  7  8 11 10 13 18 16  6 17  2
 17  1 14 11 12  2  4 16  3 19  7  8 13  5  9 15 18  6 10
 13 17  8  2  1  4 11 12  9 10 19  3  5 18  7 14 15 16  6
  2  5  3 13 10 11 17  8 18 16 12  6 19  4  1  9  7 15 14
 11 13 17 15  6  9 12 10  4 18 16  5  2 19 14  7  8  1  3
  5 10  7 12  9 18  2  4 11  3 13 17 16  6 19  8  1 14 15
  7 12 10 17  5  6 15  2  1 14  9 13  4 16  8  3 19 18 11
 12 18  6  7 13 15 10  1 17  5  2 16  9  8  3  4 14 11 19
 19  7 12  6 15 10  5 18 13 17 11  2  8 14  4  1  3  9 16
