 20 17 19 12 13  7  4 14 18  6 15  1 16 11  8  5  2  3  9 10
  7  6 16 15 12  2 20  3 17 19  8 18 14  9  5 11  1  4 10 13
 12  9 15 20  5 18  6 11  4 14 19  7 17 16  3  1 13 10  2  8
 11  3 10 16 19  8  5  6 14 12  4 15  9  7 17 13 20  1 18  2
  5 19  6  3 15 20  2  7  8  1 14  9 13  4 16 10 11 17 12 18
 15  7 14 11 10 13 16 17  1  4 18  6 12  3  9  8 19  2 20  5
  3 11 13 10 14 15 19 20 16 17 12  4  6 18  7  2  8  5  1  9
  8 16  4  7  6 14 15 12 10  9  3  2  1 17 11 20 18 13  5 19
 10  2  9  1 11 12  8 19 15 13 17 14  4  5 20 16  3 18  7  6
 17 20  7  8  9  6 14 16 19 15  5  3 18  1  2 12 10 11 13  4
  9 12  1 14  7 17 18  8 20 16 10 13 15  2 19  3  5  6  4 11
 13  4 12 17 16 10  1  2  7 20  6  5  8 19 18  9 14 15 11  3
  6 13 11 19  2  9 17 15  3  8 16 20  5 10  1 18  4 12 14  7
  2 15 20  4  8 16  7 10  5 18  1 17 11 13 12 19  6  9  3 14
  4  8  5 13  1 11 10 18 12  3 20 19  2  6 14 17  9  7 15 16
 14 10  3 18  4 19 12 13  9  5  2 11 20  8  6 15  7 16 17  1
 18  1 17  9  3  5 11  4  6  2 13  8 19 20 10  7 12 14 16 15
 19  5  8  2 18  4 13  1 11  7  9 10  3 12 15 14 16 20  6 17
 16 18  2  5 17  1  3  9 13 10 11 12  7 14  4  6 15 19  8 20
  1 14 18  6 20  3  9  5  2 11  7 16 10 15 13  4 17  8 19 12
