 16  7  2 19  6 20  8 11  3 10 13  9 18 14 17  1 15  4  5 12
  5 16 10  6  7  8 18 13  2 19 14  1 20 11 15  4  9 12  3 17
 15  6 14 18 13 12  7 20 11  3  4 17  1  8  2 10 16  5 19  9
  9 10  3 17  4  6  1  8 16  2 15 14  7 13 11 12 18 19 20  5
 13 20  6  2  3 11  9 10  8 15 12 16 19  1  4 14  5 18 17  7
 20 14 16 10 18 19  6  7  5  4  2  8  9 17  1 11  3 15 12 13
  1  2 18  3 12 13 11  6 15  8 19  7 14  4 20  5 10 17  9 16
 19 15  8 14 17 18 12  3  6 11 10  4  5  7 16 20  1  9 13  2
 18 13 17 16  1  9  3  4 19  5 11  2 12 20 14  8  6 10  7 15
  2 19 20 12  8  4 15 18 13  7  6  3 11  5 10  9 17  1 16 14
  6 18 13  8 14  2 10 19  7 20 16 12  4  9  5 17 11  3 15  1
  8 11  7 20  2 14 16 12 18  6  1  5 17 10  9 15 19 13  4  3
  7  1 12 15 20 10 14  2 17  9  5 11  8 19 18  3 13 16  6  4
 10  8  1  7 15  5  2 14 20 17  9 19 16 12  3 13  4 11 18  6
  3 17  4 13  5  1 20 15  9 16  8 10  2  6 19  7 12 14 11 18
 14  4 11  9 10  7 13  5 12 18 17 20 15  3  8 16  2  6  1 19
 12  3 15  4 16 17  5  9 14  1 20  6 10 18 13 19  8  7  2 11
  4  5 19 11  9  3 17 16  1 14  7 18 13 15 12  6 20  2 10  8
 11  9  5  1 19 15  4 17 10 12 18 13  3 16  6  2  7  8 14 20
 17 12  9  5 11 16 19  1  4 13  3 15  6  2  7 18 14 20  8 10
