 14 15  8 17 19  9 11 12  6 13 18  2  4 10 20  7  3 16  1  5
  2  9 18 20 11 16  5 19 10 12 15  6  8  3 13  4 14  1 17  7
  5 18  1 11  7 15  9 17 16  6 12  3  2  8 10 13  4 14 19 20
 16  5  9 14  1 12 20  8 17  3 13 19  7 11  4 10  6  2 18 15
 17 14  4 18 13 20 12  9  2  8  3  7 10  6 11  1 15 19  5 16
  4 20 19 10 17  7  6 18 14 16 11 13  3 15  2  5  9 12  8  1
 18 19 15 12  6 17  4  7 20  2 16 10 13  1  8  3  5  9 14 11
 13 12 14 15 20 11 19 16  5 17  8  4  6  9  3 18  1 10  7  2
 19  7 12 13 14 18 17  2  3  1  5 16 15  4  6 20 11  8  9 10
  1 16  2  4  8 14  3 15 12 20 17 18 19  7  9 11 10  5  6 13
  7  1  5  2  4 19  8 11 15 14 10 20 18 13 12  6 17  3 16  9
  3 13  7 19 16  8 18  6 11  5 14 15 20  2  1  9 12  4 10 17
  8 17 11  7 10 13 16 20  1 18  2  9 14 12  5 15 19  6  3  4
 12 11 16  6  2  4 15 14 19 10  9  8  1  5  7 17 13 18 20  3
 10  2 20  1 12  3  7  4  9 19  6  5 16 17 15  8 18 11 13 14
 15  6 10  5  9  1 14  3  7 11 19 12 17 16 18  2 20 13  4  8
 20 10 17  3  5  6 13  1  4  9  7 11 12 18 16 14  8 15  2 19
  9  4 13  8  3  5  1 10 18 15 20 14 11 19 17 16  2  7 12  6
  6  8  3 16 15 10  2  5 13  4  1 17  9 14 19 12  7 20 11 18
 11  3  6  9 18  2 10 13  8  7  4  1  5 20 14 19 16 17 15 12
