  8 12 18  2 16 15  7 19 10  1  9 13  4 17 20 11  5  3 14  6
  7  1  6  8 15 11 19  3  9  5 18 20 10  2  4 16 13 14 12 17
 17 20  1 19 10 13  3  7 18 11 14  9 12 15  6  4  8  2 16  5
 16 10  7 13 14 12  6 20  3  9  8 19 11  1 17 15  4 18  5  2
 18 11 10  6 17  8 12 15 13  4  2  5 14  9  7 19  1 16  3 20
  3 13  9 14 11 17 15 12 19 18  4  2 16  8  1  5  6 10 20  7
  6  3 15 17  7 14 16 11 12 13 20 18 19  4  5  1  9  8  2 10
 12 18 16 10  8  2 17 13 11  3  6  4  9  7 19 20 14  5 15  1
  2 16 13  5 19 20 18  6 15 12  3 10  8 11 14 17  7  4  1  9
 20  8 12 11  3 16  4 17  7 15 13  1 18  5  9 10  2 19  6 14
 10 14  3  1 13  4 11 16  6  7 12 15  5 20  8  2 19 17  9 18
  1  2  5 18 12  9 13  4 16  8 15 17 20 10 11 14  3  6  7 19
 19  9 14 16  6 10  2 18  8 17  5  7  1 13 15  3 20 12  4 11
 14  4 17 12  9 19 20  2  5 16 11  3 13  6 10  7 15  1 18  8
  4 17  2  9  1 18 10  5 14  6  7 11 15 19 13 12 16 20  8  3
  5 19 20  7  2  1  8 10  4 14 16  6  3 12 18  9 11 13 17 15
  9  6  4 20 18  7  5 14 17 19  1  8  2  3 12 13 10 15 11 16
 13 15 11  3  4  5  1  8  2 20 19 14  7 18 16  6 17  9 10 12
 11  5 19 15 20  3 14  9  1 10 17 12  6 16  2  8 18  7 13  4
 15  7  8  4  5  6  9  1 20  2 10 16 17 14  3 18 12 11 19 13
