 19 20 21 23 26 25 24 27 22 36 33 28 29 35 30 31 34 32 42 43 37 41 40 44 39 45 38 47 52 50 46 54 53 51 49 48  4  2  1  7  5  9  3  6  8 13 14 16 11 12 18 17 15 10
  1  2  3  5  8  7  6  9  4 18 15 10 11 17 12 13 16 14 24 25 19 23 22 26 21 27 20 29 34 32 28 36 35 33 31 30 40 38 37 43 41 45 39 42 44 49 50 52 47 48 54 53 51 46
 46 47 48 50 53 52 51 54 49  9  6  1  2  8  3  4  7  5 15 16 10 14 13 17 12 18 11 20 25 23 19 27 26 24 22 21 31 29 28 34 32 36 30 33 35 40 41 43 38 39 45 44 42 37
 28 29 30 32 35 34 33 36 31 45 42 37 38 44 39 40 43 41 51 52 46 50 49 53 48 54 47  2  7  5  1  9  8  6  4  3 13 11 10 16 14 18 12 15 17 22 23 25 20 21 27 26 24 19
 37 38 39 41 44 43 42 45 40 54 51 46 47 53 48 49 52 50  6  7  1  5  4  8  3  9  2 11 16 14 10 18 17 15 13 12 22 20 19 25 23 27 21 24 26 31 32 34 29 30 36 35 33 28
 10 11 12 14 17 16 15 18 13 27 24 19 20 26 21 22 25 23 33 34 28 32 31 35 30 36 29 38 43 41 37 45 44 42 40 39 49 47 46 52 50 54 48 51 53  4  5  7  2  3  9  8  6  1
 38 39 40 42 45 44 43 37 41 46 52 47 48 54 49 50 53 51  7  8  2  6  5  9  4  1  3 12 17 15 11 10 18 16 14 13 23 21 20 26 24 19 22 25 27 32 33 35 30 31 28 36 34 29
 29 30 31 33 36 35 34 28 32 37 43 38 39 45 40 41 44 42 52 53 47 51 50 54 49 46 48  3  8  6  2  1  9  7  5  4 14 12 11 17 15 10 13 16 18 23 24 26 21 22 19 27 25 20
 47 48 49 51 54 53 52 46 50  1  7  2  3  9  4  5  8  6 16 17 11 15 14 18 13 10 12 21 26 24 20 19 27 25 23 22 32 30 29 35 33 28 31 34 36 41 42 44 39 40 37 45 43 38
 11 12 13 15 18 17 16 10 14 19 25 20 21 27 22 23 26 24 34 35 29 33 32 36 31 28 30 39 44 42 38 37 45 43 41 40 50 48 47 53 51 46 49 52 54  5  6  8  3  4  1  9  7  2
  2  3  4  6  9  8  7  1  5 10 16 11 12 18 13 14 17 15 25 26 20 24 23 27 22 19 21 30 35 33 29 28 36 34 32 31 41 39 38 44 42 37 40 43 45 50 51 53 48 49 46 54 52 47
 20 21 22 24 27 26 25 19 23 28 34 29 30 36 31 32 35 33 43 44 38 42 41 45 40 37 39 48 53 51 47 46 54 52 50 49  5  3  2  8  6  1  4  7  9 14 15 17 12 13 10 18 16 11
 30 31 32 34 28 36 35 29 33 38 44 39 40 37 41 42 45 43 53 54 48 52 51 46 50 47 49  4  9  7  3  2  1  8  6  5 15 13 12 18 16 11 14 17 10 24 25 27 22 23 20 19 26 21
 12 13 14 16 10 18 17 11 15 20 26 21 22 19 23 24 27 25 35 36 30 34 33 28 32 29 31 40 45 43 39 38 37 44 42 41 51 49 48 54 52 47 50 53 46  6  7  9  4  5  2  1  8  3
 39 40 41 43 37 45 44 38 42 47 53 48 49 46 50 51 54 52  8  9  3  7  6  1  5  2  4 13 18 16 12 11 10 17 15 14 24 22 21 27 25 20 23 26 19 33 34 36 31 32 29 28 35 30
  3  4  5  7  1  9  8  2  6 11 17 12 13 10 14 15 18 16 26 27 21 25 24 19 23 20 22 31 36 34 30 29 28 35 33 32 42 40 39 45 43 38 41 44 37 51 52 54 49 50 47 46 53 48
 21 22 23 25 19 27 26 20 24 29 35 30 31 28 32 33 36 34 44 45 39 43 42 37 41 38 40 49 54 52 48 47 46 53 51 50  6  4  3  9  7  2  5  8  1 15 16 18 13 14 11 10 17 12
 48 49 50 52 46 54 53 47 51  2  8  3  4  1  5  6  9  7 17 18 12 16 15 10 14 11 13 22 27 25 21 20 19 26 24 23 33 31 30 36 34 29 32 35 28 42 43 45 40 41 38 37 44 39
 22 23 24 26 20 19 27 21 25 30 36 31 32 29 33 34 28 35 45 37 40 44 43 38 42 39 41 50 46 53 49 48 47 54 52 51  7  5  4  1  8  3  6  9  2 16 17 10 14 15 12 11 18 13
 40 41 42 44 38 37 45 39 43 48 54 49 50 47 51 52 46 53  9  1  4  8  7  2  6  3  5 14 10 17 13 12 11 18 16 15 25 23 22 19 26 21 24 27 20 34 35 28 32 33 30 29 36 31
 13 14 15 17 11 10 18 12 16 21 27 22 23 20 24 25 19 26 36 28 31 35 34 29 33 30 32 41 37 44 40 39 38 45 43 42 52 50 49 46 53 48 51 54 47  7  8  1  5  6  3  2  9  4
  4  5  6  8  2  1  9  3  7 12 18 13 14 11 15 16 10 17 27 19 22 26 25 20 24 21 23 32 28 35 31 30 29 36 34 33 43 41 40 37 44 39 42 45 38 52 53 46 50 51 48 47 54 49
 49 50 51 53 47 46 54 48 52  3  9  4  5  2  6  7  1  8 18 10 13 17 16 11 15 12 14 23 19 26 22 21 20 27 25 24 34 32 31 28 35 30 33 36 29 43 44 37 41 42 39 38 45 40
 31 32 33 35 29 28 36 30 34 39 45 40 41 38 42 43 37 44 54 46 49 53 52 47 51 48 50  5  1  8  4  3  2  9  7  6 16 14 13 10 17 12 15 18 11 25 26 19 23 24 21 20 27 22
 14 15 16 18 12 11 10 13 17 22 19 23 24 21 25 26 20 27 28 29 32 36 35 30 34 31 33 42 38 45 41 40 39 37 44 43 53 51 50 47 54 49 52 46 48  8  9  2  6  7  4  3  1  5
  5  6  7  9  3  2  1  4  8 13 10 14 15 12 16 17 11 18 19 20 23 27 26 21 25 22 24 33 29 36 32 31 30 28 35 34 44 42 41 38 45 40 43 37 39 53 54 47 51 52 49 48 46 50
 41 42 43 45 39 38 37 40 44 49 46 50 51 48 52 53 47 54  1  2  5  9  8  3  7  4  6 15 11 18 14 13 12 10 17 16 26 24 23 20 27 22 25 19 21 35 36 29 33 34 31 30 28 32
 23 24 25 27 21 20 19 22 26 31 28 32 33 30 34 35 29 36 37 38 41 45 44 39 43 40 42 51 47 54 50 49 48 46 53 52  8  6  5  2  9  4  7  1  3 17 18 11 15 16 13 12 10 14
 50 51 52 54 48 47 46 49 53  4  1  5  6  3  7  8  2  9 10 11 14 18 17 12 16 13 15 24 20 27 23 22 21 19 26 25 35 33 32 29 36 31 34 28 30 44 45 38 42 43 40 39 37 41
 32 33 34 36 30 29 28 31 35 40 37 41 42 39 43 44 38 45 46 47 50 54 53 48 52 49 51  6  2  9  5  4  3  1  8  7 17 15 14 11 18 13 16 10 12 26 27 20 24 25 22 21 19 23
  6  7  8  1  4  3  2  5  9 14 11 15 16 13 17 18 12 10 20 21 24 19 27 22 26 23 25 34 30 28 33 32 31 29 36 35 45 43 42 39 37 41 44 38 40 54 46 48 52 53 50 49 47 51
 51 52 53 46 49 48 47 50 54  5  2  6  7  4  8  9  3  1 11 12 15 10 18 13 17 14 16 25 21 19 24 23 22 20 27 26 36 34 33 30 28 32 35 29 31 45 37 39 43 44 41 40 38 42
 42 43 44 37 40 39 38 41 45 50 47 51 52 49 53 54 48 46  2  3  6  1  9  4  8  5  7 16 12 10 15 14 13 11 18 17 27 25 24 21 19 23 26 20 22 36 28 30 34 35 32 31 29 33
 33 34 35 28 31 30 29 32 36 41 38 42 43 40 44 45 39 37 47 48 51 46 54 49 53 50 52  7  3  1  6  5  4  2  9  8 18 16 15 12 10 14 17 11 13 27 19 21 25 26 23 22 20 24
 24 25 26 19 22 21 20 23 27 32 29 33 34 31 35 36 30 28 38 39 42 37 45 40 44 41 43 52 48 46 51 50 49 47 54 53  9  7  6  3  1  5  8  2  4 18 10 12 16 17 14 13 11 15
 15 16 17 10 13 12 11 14 18 23 20 24 25 22 26 27 21 19 29 30 33 28 36 31 35 32 34 43 39 37 42 41 40 38 45 44 54 52 51 48 46 50 53 47 49  9  1  3  7  8  5  4  2  6
  7  8  9  2  5  4  3  6  1 15 12 16 17 14 18 10 13 11 21 22 25 20 19 23 27 24 26 35 31 29 34 33 32 30 28 36 37 44 43 40 38 42 45 39 41 46 47 49 53 54 51 50 48 52
 25 26 27 20 23 22 21 24 19 33 30 34 35 32 36 28 31 29 39 40 43 38 37 41 45 42 44 53 49 47 52 51 50 48 46 54  1  8  7  4  2  6  9  3  5 10 11 13 17 18 15 14 12 16
 43 44 45 38 41 40 39 42 37 51 48 52 53 50 54 46 49 47  3  4  7  2  1  5  9  6  8 17 13 11 16 15 14 12 10 18 19 26 25 22 20 24 27 21 23 28 29 31 35 36 33 32 30 34
 52 53 54 47 50 49 48 51 46  6  3  7  8  5  9  1  4  2 12 13 16 11 10 14 18 15 17 26 22 20 25 24 23 21 19 27 28 35 34 31 29 33 36 30 32 37 38 40 44 45 42 41 39 43
 16 17 18 11 14 13 12 15 10 24 21 25 26 23 27 19 22 20 30 31 34 29 28 32 36 33 35 44 40 38 43 42 41 39 37 45 46 53 52 49 47 51 54 48 50  1  2  4  8  9  6  5  3  7
 34 35 36 29 32 31 30 33 28 42 39 43 44 41 45 37 40 38 48 49 52 47 46 50 54 51 53  8  4  2  7  6  5  3  1  9 10 17 16 13 11 15 18 12 14 19 20 22 26 27 24 23 21 25
 44 45 37 39 42 41 40 43 38 52 49 53 54 51 46 47 50 48  4  5  8  3  2  6  1  7  9 18 14 12 17 16 15 13 11 10 20 27 26 23 21 25 19 22 24 29 30 32 36 28 34 33 31 35
 17 18 10 12 15 14 13 16 11 25 22 26 27 24 19 20 23 21 31 32 35 30 29 33 28 34 36 45 41 39 44 43 42 40 38 37 47 54 53 50 48 52 46 49 51  2  3  5  9  1  7  6  4  8
 26 27 19 21 24 23 22 25 20 34 31 35 36 33 28 29 32 30 40 41 44 39 38 42 37 43 45 54 50 48 53 52 51 49 47 46  2  9  8  5  3  7  1  4  6 11 12 14 18 10 16 15 13 17
  8  9  1  3  6  5  4  7  2 16 13 17 18 15 10 11 14 12 22 23 26 21 20 24 19 25 27 36 32 30 35 34 33 31 29 28 38 45 44 41 39 43 37 40 42 47 48 50 54 46 52 51 49 53
 53 54 46 48 51 50 49 52 47  7  4  8  9  6  1  2  5  3 13 14 17 12 11 15 10 16 18 27 23 21 26 25 24 22 20 19 29 36 35 32 30 34 28 31 33 38 39 41 45 37 43 42 40 44
 35 36 28 30 33 32 31 34 29 43 40 44 45 42 37 38 41 39 49 50 53 48 47 51 46 52 54  9  5  3  8  7  6  4  2  1 11 18 17 14 12 16 10 13 15 20 21 23 27 19 25 24 22 26
 36 28 29 31 34 33 32 35 30 44 41 45 37 43 38 39 42 40 50 51 54 49 48 52 47 53 46  1  6  4  9  8  7  5  3  2 12 10 18 15 13 17 11 14 16 21 22 24 19 20 26 25 23 27
 45 37 38 40 43 42 41 44 39 53 50 54 46 52 47 48 51 49  5  6  9  4  3  7  2  8  1 10 15 13 18 17 16 14 12 11 21 19 27 24 22 26 20 23 25 30 31 33 28 29 35 34 32 36
  9  1  2  4  7  6  5  8  3 17 14 18 10 16 11 12 15 13 23 24 27 22 21 25 20 26 19 28 33 31 36 35 34 32 30 29 39 37 45 42 40 44 38 41 43 48 49 51 46 47 53 52 50 54
 18 10 11 13 16 15 14 17 12 26 23 27 19 25 20 21 24 22 32 33 36 31 30 34 29 35 28 37 42 40 45 44 43 41 39 38 48 46 54 51 49 53 47 50 52  3  4  6  1  2  8  7  5  9
 27 19 20 22 25 24 23 26 21 35 32 36 28 34 29 30 33 31 41 42 45 40 39 43 38 44 37 46 51 49 54 53 52 50 48 47  3  1  9  6  4  8  2  5  7 12 13 15 10 11 17 16 14 18
 54 46 47 49 52 51 50 53 48  8  5  9  1  7  2  3  6  4 14 15 18 13 12 16 11 17 10 19 24 22 27 26 25 23 21 20 30 28 36 33 31 35 29 32 34 39 40 42 37 38 44 43 41 45
