 14 11 13 15 10 17 18 12 16 25 21 27 23 20 26 24 19 22 30 35 29 34 32 28 36 33 31 40 39 43 38 44 45 41 37 42 47 46 50 53 52 48 51 54 49  7  2  6  5  4  3  8  9  1
 41 38 40 42 37 44 45 39 43 52 48 54 50 47 53 51 46 49  3  8  2  7  5  1  9  6  4 13 12 16 11 17 18 14 10 15 20 19 23 26 25 21 24 27 22 34 29 33 32 31 30 35 36 28
 23 20 22 24 19 26 27 21 25 34 30 36 32 29 35 33 28 31 39 44 38 43 41 37 45 42 40 49 48 52 47 53 54 50 46 51  2  1  5  8  7  3  6  9  4 16 11 15 14 13 12 17 18 10
  5  2  4  6  1  8  9  3  7 16 12 18 14 11 17 15 10 13 21 26 20 25 23 19 27 24 22 31 30 34 29 35 36 32 28 33 38 37 41 44 43 39 42 45 40 52 47 51 50 49 48 53 54 46
 50 47 49 51 46 53 54 48 52  7  3  9  5  2  8  6  1  4 12 17 11 16 14 10 18 15 13 22 21 25 20 26 27 23 19 24 29 28 32 35 34 30 33 36 31 43 38 42 41 40 39 44 45 37
 32 29 31 33 28 35 36 30 34 43 39 45 41 38 44 42 37 40 48 53 47 52 50 46 54 51 49  4  3  7  2  8  9  5  1  6 11 10 14 17 16 12 15 18 13 25 20 24 23 22 21 26 27 19
 15 12 14 16 11 18 10 13 17 26 22 19 24 21 27 25 20 23 31 36 30 35 33 29 28 34 32 41 40 44 39 45 37 42 38 43 48 47 51 54 53 49 52 46 50  8  3  7  6  5  4  9  1  2
 33 30 32 34 29 36 28 31 35 44 40 37 42 39 45 43 38 41 49 54 48 53 51 47 46 52 50  5  4  8  3  9  1  6  2  7 12 11 15 18 17 13 16 10 14 26 21 25 24 23 22 27 19 20
 42 39 41 43 38 45 37 40 44 53 49 46 51 48 54 52 47 50  4  9  3  8  6  2  1  7  5 14 13 17 12 18 10 15 11 16 21 20 24 27 26 22 25 19 23 35 30 34 33 32 31 36 28 29
  6  3  5  7  2  9  1  4  8 17 13 10 15 12 18 16 11 14 22 27 21 26 24 20 19 25 23 32 31 35 30 36 28 33 29 34 39 38 42 45 44 40 43 37 41 53 48 52 51 50 49 54 46 47
 24 21 23 25 20 27 19 22 26 35 31 28 33 30 36 34 29 32 40 45 39 44 42 38 37 43 41 50 49 53 48 54 46 51 47 52  3  2  6  9  8  4  7  1  5 17 12 16 15 14 13 18 10 11
 51 48 50 52 47 54 46 49 53  8  4  1  6  3  9  7  2  5 13 18 12 17 15 11 10 16 14 23 22 26 21 27 19 24 20 25 30 29 33 36 35 31 34 28 32 44 39 43 42 41 40 45 37 38
 43 40 42 44 39 37 38 41 45 54 50 47 52 49 46 53 48 51  5  1  4  9  7  3  2  8  6 15 14 18 13 10 11 16 12 17 22 21 25 19 27 23 26 20 24 36 31 35 34 33 32 28 29 30
 52 49 51 53 48 46 47 50 54  9  5  2  7  4  1  8  3  6 14 10 13 18 16 12 11 17 15 24 23 27 22 19 20 25 21 26 31 30 34 28 36 32 35 29 33 45 40 44 43 42 41 37 38 39
 34 31 33 35 30 28 29 32 36 45 41 38 43 40 37 44 39 42 50 46 49 54 52 48 47 53 51  6  5  9  4  1  2  7  3  8 13 12 16 10 18 14 17 11 15 27 22 26 25 24 23 19 20 21
 16 13 15 17 12 10 11 14 18 27 23 20 25 22 19 26 21 24 32 28 31 36 34 30 29 35 33 42 41 45 40 37 38 43 39 44 49 48 52 46 54 50 53 47 51  9  4  8  7  6  5  1  2  3
 25 22 24 26 21 19 20 23 27 36 32 29 34 31 28 35 30 33 41 37 40 45 43 39 38 44 42 51 50 54 49 46 47 52 48 53  4  3  7  1  9  5  8  2  6 18 13 17 16 15 14 10 11 12
  7  4  6  8  3  1  2  5  9 18 14 11 16 13 10 17 12 15 23 19 22 27 25 21 20 26 24 33 32 36 31 28 29 34 30 35 40 39 43 37 45 41 44 38 42 54 49 53 52 51 50 46 47 48
 35 32 34 36 31 29 30 33 28 37 42 39 44 41 38 45 40 43 51 47 50 46 53 49 48 54 52  7  6  1  5  2  3  8  4  9 14 13 17 11 10 15 18 12 16 19 23 27 26 25 24 20 21 22
 44 41 43 45 40 38 39 42 37 46 51 48 53 50 47 54 49 52  6  2  5  1  8  4  3  9  7 16 15 10 14 11 12 17 13 18 23 22 26 20 19 24 27 21 25 28 32 36 35 34 33 29 30 31
 17 14 16 18 13 11 12 15 10 19 24 21 26 23 20 27 22 25 33 29 32 28 35 31 30 36 34 43 42 37 41 38 39 44 40 45 50 49 53 47 46 51 54 48 52  1  5  9  8  7  6  2  3  4
 53 50 52 54 49 47 48 51 46  1  6  3  8  5  2  9  4  7 15 11 14 10 17 13 12 18 16 25 24 19 23 20 21 26 22 27 32 31 35 29 28 33 36 30 34 37 41 45 44 43 42 38 39 40
  8  5  7  9  4  2  3  6  1 10 15 12 17 14 11 18 13 16 24 20 23 19 26 22 21 27 25 34 33 28 32 29 30 35 31 36 41 40 44 38 37 42 45 39 43 46 50 54 53 52 51 47 48 49
 26 23 25 27 22 20 21 24 19 28 33 30 35 32 29 36 31 34 42 38 41 37 44 40 39 45 43 52 51 46 50 47 48 53 49 54  5  4  8  2  1  6  9  3  7 10 14 18 17 16 15 11 12 13
 54 51 53 46 50 48 49 52 47  2  7  4  9  6  3  1  5  8 16 12 15 11 18 14 13 10 17 26 25 20 24 21 22 27 23 19 33 32 36 30 29 34 28 31 35 38 42 37 45 44 43 39 40 41
 45 42 44 37 41 39 40 43 38 47 52 49 54 51 48 46 50 53  7  3  6  2  9  5  4  1  8 17 16 11 15 12 13 18 14 10 24 23 27 21 20 25 19 22 26 29 33 28 36 35 34 30 31 32
 18 15 17 10 14 12 13 16 11 20 25 22 27 24 21 19 23 26 34 30 33 29 36 32 31 28 35 44 43 38 42 39 40 45 41 37 51 50 54 48 47 52 46 49 53  2  6  1  9  8  7  3  4  5
 36 33 35 28 32 30 31 34 29 38 43 40 45 42 39 37 41 44 52 48 51 47 54 50 49 46 53  8  7  2  6  3  4  9  5  1 15 14 18 12 11 16 10 13 17 20 24 19 27 26 25 21 22 23
  9  6  8  1  5  3  4  7  2 11 16 13 18 15 12 10 14 17 25 21 24 20 27 23 22 19 26 35 34 29 33 30 31 36 32 28 42 41 45 39 38 43 37 40 44 47 51 46 54 53 52 48 49 50
 27 24 26 19 23 21 22 25 20 29 34 31 36 33 30 28 32 35 43 39 42 38 45 41 40 37 44 53 52 47 51 48 49 54 50 46  6  5  9  3  2  7  1  4  8 11 15 10 18 17 16 12 13 14
 28 34 36 29 33 31 32 35 30 39 44 41 37 43 40 38 42 45 53 49 52 48 46 51 50 47 54  9  8  3  7  4  5  1  6  2 16 15 10 13 12 17 11 14 18 21 25 20 19 27 26 22 23 24
 19 25 27 20 24 22 23 26 21 30 35 32 28 34 31 29 33 36 44 40 43 39 37 42 41 38 45 54 53 48 52 49 50 46 51 47  7  6  1  4  3  8  2  5  9 12 16 11 10 18 17 13 14 15
 37 43 45 38 42 40 41 44 39 48 53 50 46 52 49 47 51 54  8  4  7  3  1  6  5  2  9 18 17 12 16 13 14 10 15 11 25 24 19 22 21 26 20 23 27 30 34 29 28 36 35 31 32 33
  1  7  9  2  6  4  5  8  3 12 17 14 10 16 13 11 15 18 26 22 25 21 19 24 23 20 27 36 35 30 34 31 32 28 33 29 43 42 37 40 39 44 38 41 45 48 52 47 46 54 53 49 50 51
 46 52 54 47 51 49 50 53 48  3  8  5  1  7  4  2  6  9 17 13 16 12 10 15 14 11 18 27 26 21 25 22 23 19 24 20 34 33 28 31 30 35 29 32 36 39 43 38 37 45 44 40 41 42
 10 16 18 11 15 13 14 17 12 21 26 23 19 25 22 20 24 27 35 31 34 30 28 33 32 29 36 45 44 39 43 40 41 37 42 38 52 51 46 49 48 53 47 50 54  3  7  2  1  9  8  4  5  6
  2  8  1  3  7  5  6  9  4 13 18 15 11 17 14 12 16 10 27 23 26 22 20 25 24 21 19 28 36 31 35 32 33 29 34 30 44 43 38 41 40 45 39 42 37 49 53 48 47 46 54 50 51 52
 20 26 19 21 25 23 24 27 22 31 36 33 29 35 32 30 34 28 45 41 44 40 38 43 42 39 37 46 54 49 53 50 51 47 52 48  8  7  2  5  4  9  3  6  1 13 17 12 11 10 18 14 15 16
 38 44 37 39 43 41 42 45 40 49 54 51 47 53 50 48 52 46  9  5  8  4  2  7  6  3  1 10 18 13 17 14 15 11 16 12 26 25 20 23 22 27 21 24 19 31 35 30 29 28 36 32 33 34
 47 53 46 48 52 50 51 54 49  4  9  6  2  8  5  3  7  1 18 14 17 13 11 16 15 12 10 19 27 22 26 23 24 20 25 21 35 34 29 32 31 36 30 33 28 40 44 39 38 37 45 41 42 43
 11 17 10 12 16 14 15 18 13 22 27 24 20 26 23 21 25 19 36 32 35 31 29 34 33 30 28 37 45 40 44 41 42 38 43 39 53 52 47 50 49 54 48 51 46  4  8  3  2  1  9  5  6  7
 29 35 28 30 34 32 33 36 31 40 45 42 38 44 41 39 43 37 54 50 53 49 47 52 51 48 46  1  9  4  8  5  6  2  7  3 17 16 11 14 13 18 12 15 10 22 26 21 20 19 27 23 24 25
 30 36 29 31 35 33 34 28 32 41 37 43 39 45 42 40 44 38 46 51 54 50 48 53 52 49 47  2  1  5  9  6  7  3  8  4 18 17 12 15 14 10 13 16 11 23 27 22 21 20 19 24 25 26
  3  9  2  4  8  6  7  1  5 14 10 16 12 18 15 13 17 11 19 24 27 23 21 26 25 22 20 29 28 32 36 33 34 30 35 31 45 44 39 42 41 37 40 43 38 50 54 49 48 47 46 51 52 53
 48 54 47 49 53 51 52 46 50  5  1  7  3  9  6  4  8  2 10 15 18 14 12 17 16 13 11 20 19 23 27 24 25 21 26 22 36 35 30 33 32 28 31 34 29 41 45 40 39 38 37 42 43 44
 21 27 20 22 26 24 25 19 23 32 28 34 30 36 33 31 35 29 37 42 45 41 39 44 43 40 38 47 46 50 54 51 52 48 53 49  9  8  3  6  5  1  4  7  2 14 18 13 12 11 10 15 16 17
 39 45 38 40 44 42 43 37 41 50 46 52 48 54 51 49 53 47  1  6  9  5  3  8  7  4  2 11 10 14 18 15 16 12 17 13 27 26 21 24 23 19 22 25 20 32 36 31 30 29 28 33 34 35
 12 18 11 13 17 15 16 10 14 23 19 25 21 27 24 22 26 20 28 33 36 32 30 35 34 31 29 38 37 41 45 42 43 39 44 40 54 53 48 51 50 46 49 52 47  5  9  4  3  2  1  6  7  8
 22 19 21 23 27 25 26 20 24 33 29 35 31 28 34 32 36 30 38 43 37 42 40 45 44 41 39 48 47 51 46 52 53 49 54 50  1  9  4  7  6  2  5  8  3 15 10 14 13 12 11 16 17 18
 40 37 39 41 45 43 44 38 42 51 47 53 49 46 52 50 54 48  2  7  1  6  4  9  8  5  3 12 11 15 10 16 17 13 18 14 19 27 22 25 24 20 23 26 21 33 28 32 31 30 29 34 35 36
  4  1  3  5  9  7  8  2  6 15 11 17 13 10 16 14 18 12 20 25 19 24 22 27 26 23 21 30 29 33 28 34 35 31 36 32 37 45 40 43 42 38 41 44 39 51 46 50 49 48 47 52 53 54
 13 10 12 14 18 16 17 11 15 24 20 26 22 19 25 23 27 21 29 34 28 33 31 36 35 32 30 39 38 42 37 43 44 40 45 41 46 54 49 52 51 47 50 53 48  6  1  5  4  3  2  7  8  9
 31 28 30 32 36 34 35 29 33 42 38 44 40 37 43 41 45 39 47 52 46 51 49 54 53 50 48  3  2  6  1  7  8  4  9  5 10 18 13 16 15 11 14 17 12 24 19 23 22 21 20 25 26 27
 49 46 48 50 54 52 53 47 51  6  2  8  4  1  7  5  9  3 11 16 10 15 13 18 17 14 12 21 20 24 19 25 26 22 27 23 28 36 31 34 33 29 32 35 30 42 37 41 40 39 38 43 44 45
