 15 18 11 13 16 10 14 12 17 20 23 25 19 24 21 26 27 22 30 31 32 36 34 28 29 35 33 45 42 40 44 39 41 43 38 37 52 46 50 51 49 53 48 54 47  9  7  3  1  5  4  6  2  8
 24 27 20 22 25 19 23 21 26 29 32 34 28 33 30 35 36 31 39 40 41 45 43 37 38 44 42 54 51 49 53 48 50 52 47 46  7  1  5  6  4  8  3  9  2 18 16 12 10 14 13 15 11 17
  6  9  2  4  7  1  5  3  8 11 14 16 10 15 12 17 18 13 21 22 23 27 25 19 20 26 24 36 33 31 35 30 32 34 29 28 43 37 41 42 40 44 39 45 38 54 52 48 46 50 49 51 47 53
 42 45 38 40 43 37 41 39 44 47 50 52 46 51 48 53 54 49  3  4  5  9  7  1  2  8  6 18 15 13 17 12 14 16 11 10 25 19 23 24 22 26 21 27 20 36 34 30 28 32 31 33 29 35
 33 36 29 31 34 28 32 30 35 38 41 43 37 42 39 44 45 40 48 49 50 54 52 46 47 53 51  9  6  4  8  3  5  7  2  1 16 10 14 15 13 17 12 18 11 27 25 21 19 23 22 24 20 26
 51 54 47 49 52 46 50 48 53  2  5  7  1  6  3  8  9  4 12 13 14 18 16 10 11 17 15 27 24 22 26 21 23 25 20 19 34 28 32 33 31 35 30 36 29 45 43 39 37 41 40 42 38 44
 52 46 48 50 53 47 51 49 54  3  6  8  2  7  4  9  1  5 13 14 15 10 17 11 12 18 16 19 25 23 27 22 24 26 21 20 35 29 33 34 32 36 31 28 30 37 44 40 38 42 41 43 39 45
 34 28 30 32 35 29 33 31 36 39 42 44 38 43 40 45 37 41 49 50 51 46 53 47 48 54 52  1  7  5  9  4  6  8  3  2 17 11 15 16 14 18 13 10 12 19 26 22 20 24 23 25 21 27
 16 10 12 14 17 11 15 13 18 21 24 26 20 25 22 27 19 23 31 32 33 28 35 29 30 36 34 37 43 41 45 40 42 44 39 38 53 47 51 52 50 54 49 46 48  1  8  4  2  6  5  7  3  9
 25 19 21 23 26 20 24 22 27 30 33 35 29 34 31 36 28 32 40 41 42 37 44 38 39 45 43 46 52 50 54 49 51 53 48 47  8  2  6  7  5  9  4  1  3 10 17 13 11 15 14 16 12 18
  7  1  3  5  8  2  6  4  9 12 15 17 11 16 13 18 10 14 22 23 24 19 26 20 21 27 25 28 34 32 36 31 33 35 30 29 44 38 42 43 41 45 40 37 39 46 53 49 47 51 50 52 48 54
 43 37 39 41 44 38 42 40 45 48 51 53 47 52 49 54 46 50  4  5  6  1  8  2  3  9  7 10 16 14 18 13 15 17 12 11 26 20 24 25 23 27 22 19 21 28 35 31 29 33 32 34 30 36
 35 29 31 33 36 30 34 32 28 40 43 45 39 44 41 37 38 42 50 51 52 47 54 48 49 46 53  2  8  6  1  5  7  9  4  3 18 12 16 17 15 10 14 11 13 20 27 23 21 25 24 26 22 19
 17 11 13 15 18 12 16 14 10 22 25 27 21 26 23 19 20 24 32 33 34 29 36 30 31 28 35 38 44 42 37 41 43 45 40 39 54 48 52 53 51 46 50 47 49  2  9  5  3  7  6  8  4  1
 44 38 40 42 45 39 43 41 37 49 52 54 48 53 50 46 47 51  5  6  7  2  9  3  4  1  8 11 17 15 10 14 16 18 13 12 27 21 25 26 24 19 23 20 22 29 36 32 30 34 33 35 31 28
  8  2  4  6  9  3  7  5  1 13 16 18 12 17 14 10 11 15 23 24 25 20 27 21 22 19 26 29 35 33 28 32 34 36 31 30 45 39 43 44 42 37 41 38 40 47 54 50 48 52 51 53 49 46
 26 20 22 24 27 21 25 23 19 31 34 36 30 35 32 28 29 33 41 42 43 38 45 39 40 37 44 47 53 51 46 50 52 54 49 48  9  3  7  8  6  1  5  2  4 11 18 14 12 16 15 17 13 10
 53 47 49 51 54 48 52 50 46  4  7  9  3  8  5  1  2  6 14 15 16 11 18 12 13 10 17 20 26 24 19 23 25 27 22 21 36 30 34 35 33 28 32 29 31 38 45 41 39 43 42 44 40 37
 45 39 41 43 37 40 44 42 38 50 53 46 49 54 51 47 48 52  6  7  8  3  1  4  5  2  9 12 18 16 11 15 17 10 14 13 19 22 26 27 25 20 24 21 23 30 28 33 31 35 34 36 32 29
 18 12 14 16 10 13 17 15 11 23 26 19 22 27 24 20 21 25 33 34 35 30 28 31 32 29 36 39 45 43 38 42 44 37 41 40 46 49 53 54 52 47 51 48 50  3  1  6  4  8  7  9  5  2
 36 30 32 34 28 31 35 33 29 41 44 37 40 45 42 38 39 43 51 52 53 48 46 49 50 47 54  3  9  7  2  6  8  1  5  4 10 13 17 18 16 11 15 12 14 21 19 24 22 26 25 27 23 20
  9  3  5  7  1  4  8  6  2 14 17 10 13 18 15 11 12 16 24 25 26 21 19 22 23 20 27 30 36 34 29 33 35 28 32 31 37 40 44 45 43 38 42 39 41 48 46 51 49 53 52 54 50 47
 27 21 23 25 19 22 26 24 20 32 35 28 31 36 33 29 30 34 42 43 44 39 37 40 41 38 45 48 54 52 47 51 53 46 50 49  1  4  8  9  7  2  6  3  5 12 10 15 13 17 16 18 14 11
 54 48 50 52 46 49 53 51 47  5  8  1  4  9  6  2  3  7 15 16 17 12 10 13 14 11 18 21 27 25 20 24 26 19 23 22 28 31 35 36 34 29 33 30 32 39 37 42 40 44 43 45 41 38
 46 49 51 53 47 50 54 52 48  6  9  2  5  1  7  3  4  8 16 17 18 13 11 14 15 12 10 22 19 26 21 25 27 20 24 23 29 32 36 28 35 30 34 31 33 40 38 43 41 45 44 37 42 39
  1  4  6  8  2  5  9  7  3 15 18 11 14 10 16 12 13 17 25 26 27 22 20 23 24 21 19 31 28 35 30 34 36 29 33 32 38 41 45 37 44 39 43 40 42 49 47 52 50 54 53 46 51 48
 28 31 33 35 29 32 36 34 30 42 45 38 41 37 43 39 40 44 52 53 54 49 47 50 51 48 46  4  1  8  3  7  9  2  6  5 11 14 18 10 17 12 16 13 15 22 20 25 23 27 26 19 24 21
 37 40 42 44 38 41 45 43 39 51 54 47 50 46 52 48 49 53  7  8  9  4  2  5  6  3  1 13 10 17 12 16 18 11 15 14 20 23 27 19 26 21 25 22 24 31 29 34 32 36 35 28 33 30
 10 13 15 17 11 14 18 16 12 24 27 20 23 19 25 21 22 26 34 35 36 31 29 32 33 30 28 40 37 44 39 43 45 38 42 41 47 50 54 46 53 48 52 49 51  4  2  7  5  9  8  1  6  3
 19 22 24 26 20 23 27 25 21 33 36 29 32 28 34 30 31 35 43 44 45 40 38 41 42 39 37 49 46 53 48 52 54 47 51 50  2  5  9  1  8  3  7  4  6 13 11 16 14 18 17 10 15 12
 38 41 43 45 39 42 37 44 40 52 46 48 51 47 53 49 50 54  8  9  1  5  3  6  7  4  2 14 11 18 13 17 10 12 16 15 21 24 19 20 27 22 26 23 25 32 30 35 33 28 36 29 34 31
  2  5  7  9  3  6  1  8  4 16 10 12 15 11 17 13 14 18 26 27 19 23 21 24 25 22 20 32 29 36 31 35 28 30 34 33 39 42 37 38 45 40 44 41 43 50 48 53 51 46 54 47 52 49
 11 14 16 18 12 15 10 17 13 25 19 21 24 20 26 22 23 27 35 36 28 32 30 33 34 31 29 41 38 45 40 44 37 39 43 42 48 51 46 47 54 49 53 50 52  5  3  8  6  1  9  2  7  4
 29 32 34 36 30 33 28 35 31 43 37 39 42 38 44 40 41 45 53 54 46 50 48 51 52 49 47  5  2  9  4  8  1  3  7  6 12 15 10 11 18 13 17 14 16 23 21 26 24 19 27 20 25 22
 20 23 25 27 21 24 19 26 22 34 28 30 33 29 35 31 32 36 44 45 37 41 39 42 43 40 38 50 47 54 49 53 46 48 52 51  3  6  1  2  9  4  8  5  7 14 12 17 15 10 18 11 16 13
 47 50 52 54 48 51 46 53 49  7  1  3  6  2  8  4  5  9 17 18 10 14 12 15 16 13 11 23 20 27 22 26 19 21 25 24 30 33 28 29 36 31 35 32 34 41 39 44 42 37 45 38 43 40
 48 51 53 46 49 52 47 54 50  8  2  4  7  3  9  5  6  1 18 10 11 15 13 16 17 14 12 24 21 19 23 27 20 22 26 25 31 34 29 30 28 32 36 33 35 42 40 45 43 38 37 39 44 41
 21 24 26 19 22 25 20 27 23 35 29 31 34 30 36 32 33 28 45 37 38 42 40 43 44 41 39 51 48 46 50 54 47 49 53 52  4  7  2  3  1  5  9  6  8 15 13 18 16 11 10 12 17 14
 39 42 44 37 40 43 38 45 41 53 47 49 52 48 54 50 51 46  9  1  2  6  4  7  8  5  3 15 12 10 14 18 11 13 17 16 22 25 20 21 19 23 27 24 26 33 31 36 34 29 28 30 35 32
  3  6  8  1  4  7  2  9  5 17 11 13 16 12 18 14 15 10 27 19 20 24 22 25 26 23 21 33 30 28 32 36 29 31 35 34 40 43 38 39 37 41 45 42 44 51 49 54 52 47 46 48 53 50
 12 15 17 10 13 16 11 18 14 26 20 22 25 21 27 23 24 19 36 28 29 33 31 34 35 32 30 42 39 37 41 45 38 40 44 43 49 52 47 48 46 50 54 51 53  6  4  9  7  2  1  3  8  5
 30 33 35 28 31 34 29 36 32 44 38 40 43 39 45 41 42 37 54 46 47 51 49 52 53 50 48  6  3  1  5  9  2  4  8  7 13 16 11 12 10 14 18 15 17 24 22 27 25 20 19 21 26 23
 49 52 54 47 50 53 48 46 51  9  3  5  8  4  1  6  7  2 10 11 12 16 14 17 18 15 13 25 22 20 24 19 21 23 27 26 32 35 30 31 29 33 28 34 36 43 41 37 44 39 38 40 45 42
 13 16 18 11 14 17 12 10 15 27 21 23 26 22 19 24 25 20 28 29 30 34 32 35 36 33 31 43 40 38 42 37 39 41 45 44 50 53 48 49 47 51 46 52 54  7  5  1  8  3  2  4  9  6
  4  7  9  2  5  8  3  1  6 18 12 14 17 13 10 15 16 11 19 20 21 25 23 26 27 24 22 34 31 29 33 28 30 32 36 35 41 44 39 40 38 42 37 43 45 52 50 46 53 48 47 49 54 51
 22 25 27 20 23 26 21 19 24 36 30 32 35 31 28 33 34 29 37 38 39 43 41 44 45 42 40 52 49 47 51 46 48 50 54 53  5  8  3  4  2  6  1  7  9 16 14 10 17 12 11 13 18 15
 40 43 45 38 41 44 39 37 42 54 48 50 53 49 46 51 52 47  1  2  3  7  5  8  9  6  4 16 13 11 15 10 12 14 18 17 23 26 21 22 20 24 19 25 27 34 32 28 35 30 29 31 36 33
 31 34 36 29 32 35 30 28 33 45 39 41 44 40 37 42 43 38 46 47 48 52 50 53 54 51 49  7  4  2  6  1  3  5  9  8 14 17 12 13 11 15 10 16 18 25 23 19 26 21 20 22 27 24
 14 17 10 12 15 18 13 11 16 19 22 24 27 23 20 25 26 21 29 30 31 35 33 36 28 34 32 44 41 39 43 38 40 42 37 45 51 54 49 50 48 52 47 53 46  8  6  2  9  4  3  5  1  7
 32 35 28 30 33 36 31 29 34 37 40 42 45 41 38 43 44 39 47 48 49 53 51 54 46 52 50  8  5  3  7  2  4  6  1  9 15 18 13 14 12 16 11 17 10 26 24 20 27 22 21 23 19 25
 23 26 19 21 24 27 22 20 25 28 31 33 36 32 29 34 35 30 38 39 40 44 42 45 37 43 41 53 50 48 52 47 49 51 46 54  6  9  4  5  3  7  2  8  1 17 15 11 18 13 12 14 10 16
  5  8  1  3  6  9  4  2  7 10 13 15 18 14 11 16 17 12 20 21 22 26 24 27 19 25 23 35 32 30 34 29 31 33 28 36 42 45 40 41 39 43 38 44 37 53 51 47 54 49 48 50 46 52
 50 53 46 48 51 54 49 47 52  1  4  6  9  5  2  7  8  3 11 12 13 17 15 18 10 16 14 26 23 21 25 20 22 24 19 27 33 36 31 32 30 34 29 35 28 44 42 38 45 40 39 41 37 43
 41 44 37 39 42 45 40 38 43 46 49 51 54 50 47 52 53 48  2  3  4  8  6  9  1  7  5 17 14 12 16 11 13 15 10 18 24 27 22 23 21 25 20 26 19 35 33 29 36 31 30 32 28 34
