  7  2  3  9  1  6  4  5  8 13 18 12 15 14 11 16 17 10
 16 11 12 18 10 15 13 14 17  4  9  3  6  5  2  7  8  1
  8  3  4  1  2  7  5  6  9 14 10 13 16 15 12 17 18 11
 17 12 13 10 11 16 14 15 18  5  1  4  7  6  3  8  9  2
 18 13 14 11 12 17 15 16 10  6  2  5  8  7  4  9  1  3
  9  4  5  2  3  8  6  7  1 15 11 14 17 16 13 18 10 12
 10 14 15 12 13 18 16 17 11  7  3  6  9  8  5  1  2  4
  1  5  6  3  4  9  7  8  2 16 12 15 18 17 14 10 11 13
 11 15 16 13 14 10 17 18 12  8  4  7  1  9  6  2  3  5
  2  6  7  4  5  1  8  9  3 17 13 16 10 18 15 11 12 14
 12 16 17 14 15 11 18 10 13  9  5  8  2  1  7  3  4  6
  3  7  8  5  6  2  9  1  4 18 14 17 11 10 16 12 13 15
 13 17 18 15 16 12 10 11 14  1  6  9  3  2  8  4  5  7
  4  8  9  6  7  3  1  2  5 10 15 18 12 11 17 13 14 16
 14 18 10 16 17 13 11 12 15  2  7  1  4  3  9  5  6  8
  5  9  1  7  8  4  2  3  6 11 16 10 13 12 18 14 15 17
 15 10 11 17 18 14 12 13 16  3  8  2  5  4  1  6  7  9
  6  1  2  8  9  5  3  4  7 12 17 11 14 13 10 15 16 18
