 25 19 24 21 23 22 27 26 20 28 31 33 34 32 36 30 35 29 37 40 41 43 45 42 39 38 44  8  2  5  7  6  3  1  9  4 17 16 13 14 12 10 15 18 11
 43 37 42 39 41 40 45 44 38  1  4  6  7  5  9  3  8  2 10 13 14 16 18 15 12 11 17 26 20 23 25 24 21 19 27 22 35 34 31 32 30 28 33 36 29
 34 28 33 30 32 31 36 35 29 37 40 42 43 41 45 39 44 38  1  4  5  7  9  6  3  2  8 17 11 14 16 15 12 10 18 13 26 25 22 23 21 19 24 27 20
 16 10 15 12 14 13 18 17 11 19 22 24 25 23 27 21 26 20 28 31 32 34 36 33 30 29 35 44 38 41 43 42 39 37 45 40  8  7  4  5  3  1  6  9  2
  7  1  6  3  5  4  9  8  2 10 13 15 16 14 18 12 17 11 19 22 23 25 27 24 21 20 26 35 29 32 34 33 30 28 36 31 44 43 40 41 39 37 42 45 38
 17 11 16 13 15 14 10 18 12 20 23 25 26 24 19 22 27 21 29 32 33 35 28 34 31 30 36 45 39 42 44 43 40 38 37 41  9  8  5  6  4  2  7  1  3
 26 20 25 22 24 23 19 27 21 29 32 34 35 33 28 31 36 30 38 41 42 44 37 43 40 39 45  9  3  6  8  7  4  2  1  5 18 17 14 15 13 11 16 10 12
 35 29 34 31 33 32 28 36 30 38 41 43 44 42 37 40 45 39  2  5  6  8  1  7  4  3  9 18 12 15 17 16 13 11 10 14 27 26 23 24 22 20 25 19 21
  8  2  7  4  6  5  1  9  3 11 14 16 17 15 10 13 18 12 20 23 24 26 19 25 22 21 27 36 30 33 35 34 31 29 28 32 45 44 41 42 40 38 43 37 39
 44 38 43 40 42 41 37 45 39  2  5  7  8  6  1  4  9  3 11 14 15 17 10 16 13 12 18 27 21 24 26 25 22 20 19 23 36 35 32 33 31 29 34 28 30
 18 12 17 14 16 15 11 10 13 21 24 26 27 25 20 23 19 22 30 33 34 36 29 35 32 31 28 37 40 43 45 44 41 39 38 42  1  9  6  7  5  3  8  2  4
 27 21 26 23 25 24 20 19 22 30 33 35 36 34 29 32 28 31 39 42 43 45 38 44 41 40 37  1  4  7  9  8  5  3  2  6 10 18 15 16 14 12 17 11 13
  9  3  8  5  7  6  2  1  4 12 15 17 18 16 11 14 10 13 21 24 25 27 20 26 23 22 19 28 31 34 36 35 32 30 29 33 37 45 42 43 41 39 44 38 40
 45 39 44 41 43 42 38 37 40  3  6  8  9  7  2  5  1  4 12 15 16 18 11 17 14 13 10 19 22 25 27 26 23 21 20 24 28 36 33 34 32 30 35 29 31
 36 30 35 32 34 33 29 28 31 39 42 44 45 43 38 41 37 40  3  6  7  9  2  8  5  4  1 10 13 16 18 17 14 12 11 15 19 27 24 25 23 21 26 20 22
 10 13 18 15 17 16 12 11 14 22 25 27 19 26 21 24 20 23 31 34 35 28 30 36 33 32 29 38 41 44 37 45 42 40 39 43  2  1  7  8  6  4  9  3  5
 37 40 45 42 44 43 39 38 41  4  7  9  1  8  3  6  2  5 13 16 17 10 12 18 15 14 11 20 23 26 19 27 24 22 21 25 29 28 34 35 33 31 36 30 32
  1  4  9  6  8  7  3  2  5 13 16 18 10 17 12 15 11 14 22 25 26 19 21 27 24 23 20 29 32 35 28 36 33 31 30 34 38 37 43 44 42 40 45 39 41
 28 31 36 33 35 34 30 29 32 40 43 45 37 44 39 42 38 41  4  7  8  1  3  9  6  5  2 11 14 17 10 18 15 13 12 16 20 19 25 26 24 22 27 21 23
 19 22 27 24 26 25 21 20 23 31 34 36 28 35 30 33 29 32 40 43 44 37 39 45 42 41 38  2  5  8  1  9  6  4  3  7 11 10 16 17 15 13 18 12 14
 11 14 10 16 18 17 13 12 15 23 26 19 20 27 22 25 21 24 32 35 36 29 31 28 34 33 30 39 42 45 38 37 43 41 40 44  3  2  8  9  7  5  1  4  6
 38 41 37 43 45 44 40 39 42  5  8  1  2  9  4  7  3  6 14 17 18 11 13 10 16 15 12 21 24 27 20 19 25 23 22 26 30 29 35 36 34 32 28 31 33
 20 23 19 25 27 26 22 21 24 32 35 28 29 36 31 34 30 33 41 44 45 38 40 37 43 42 39  3  6  9  2  1  7  5  4  8 12 11 17 18 16 14 10 13 15
  2  5  1  7  9  8  4  3  6 14 17 10 11 18 13 16 12 15 23 26 27 20 22 19 25 24 21 30 33 36 29 28 34 32 31 35 39 38 44 45 43 41 37 40 42
 29 32 28 34 36 35 31 30 33 41 44 37 38 45 40 43 39 42  5  8  9  2  4  1  7  6  3 12 15 18 11 10 16 14 13 17 21 20 26 27 25 23 19 22 24
  3  6  2  8  1  9  5  4  7 15 18 11 12 10 14 17 13 16 24 27 19 21 23 20 26 25 22 31 34 28 30 29 35 33 32 36 40 39 45 37 44 42 38 41 43
 12 15 11 17 10 18 14 13 16 24 27 20 21 19 23 26 22 25 33 36 28 30 32 29 35 34 31 40 43 37 39 38 44 42 41 45  4  3  9  1  8  6  2  5  7
 30 33 29 35 28 36 32 31 34 42 45 38 39 37 41 44 40 43  6  9  1  3  5  2  8  7  4 13 16 10 12 11 17 15 14 18 22 21 27 19 26 24 20 23 25
 21 24 20 26 19 27 23 22 25 33 36 29 30 28 32 35 31 34 42 45 37 39 41 38 44 43 40  4  7  1  3  2  8  6  5  9 13 12 18 10 17 15 11 14 16
 39 42 38 44 37 45 41 40 43  6  9  2  3  1  5  8  4  7 15 18 10 12 14 11 17 16 13 22 25 19 21 20 26 24 23 27 31 30 36 28 35 33 29 32 34
  4  7  3  9  2  1  6  5  8 16 10 12 13 11 15 18 14 17 25 19 20 22 24 21 27 26 23 32 35 29 31 30 36 34 33 28 41 40 37 38 45 43 39 42 44
 22 25 21 27 20 19 24 23 26 34 28 30 31 29 33 36 32 35 43 37 38 40 42 39 45 44 41  5  8  2  4  3  9  7  6  1 14 13 10 11 18 16 12 15 17
 31 34 30 36 29 28 33 32 35 43 37 39 40 38 42 45 41 44  7  1  2  4  6  3  9  8  5 14 17 11 13 12 18 16 15 10 23 22 19 20 27 25 21 24 26
 40 43 39 45 38 37 42 41 44  7  1  3  4  2  6  9  5  8 16 10 11 13 15 12 18 17 14 23 26 20 22 21 27 25 24 19 32 31 28 29 36 34 30 33 35
 13 16 12 18 11 10 15 14 17 25 19 21 22 20 24 27 23 26 34 28 29 31 33 30 36 35 32 41 44 38 40 39 45 43 42 37  5  4  1  2  9  7  3  6  8
 14 17 13 10 12 11 16 15 18 26 20 22 23 21 25 19 24 27 35 29 30 32 34 31 28 36 33 42 45 39 41 40 37 44 43 38  6  5  2  3  1  8  4  7  9
 32 35 31 28 30 29 34 33 36 44 38 40 41 39 43 37 42 45  8  2  3  5  7  4  1  9  6 15 18 12 14 13 10 17 16 11 24 23 20 21 19 26 22 25 27
  5  8  4  1  3  2  7  6  9 17 11 13 14 12 16 10 15 18 26 20 21 23 25 22 19 27 24 33 36 30 32 31 28 35 34 29 42 41 38 39 37 44 40 43 45
 41 44 40 37 39 38 43 42 45  8  2  4  5  3  7  1  6  9 17 11 12 14 16 13 10 18 15 24 27 21 23 22 19 26 25 20 33 32 29 30 28 35 31 34 36
 23 26 22 19 21 20 25 24 27 35 29 31 32 30 34 28 33 36 44 38 39 41 43 40 37 45 42  6  9  3  5  4  1  8  7  2 15 14 11 12 10 17 13 16 18
 33 36 32 29 31 30 35 34 28 45 39 41 42 40 44 38 43 37  9  3  4  6  8  5  2  1  7 16 10 13 15 14 11 18 17 12 25 24 21 22 20 27 23 26 19
 15 18 14 11 13 12 17 16 10 27 21 23 24 22 26 20 25 19 36 30 31 33 35 32 29 28 34 43 37 40 42 41 38 45 44 39  7  6  3  4  2  9  5  8  1
  6  9  5  2  4  3  8  7  1 18 12 14 15 13 17 11 16 10 27 21 22 24 26 23 20 19 25 34 28 31 33 32 29 36 35 30 43 42 39 40 38 45 41 44 37
 24 27 23 20 22 21 26 25 19 36 30 32 33 31 35 29 34 28 45 39 40 42 44 41 38 37 43  7  1  4  6  5  2  9  8  3 16 15 12 13 11 18 14 17 10
 42 45 41 38 40 39 44 43 37  9  3  5  6  4  8  2  7  1 18 12 13 15 17 14 11 10 16 25 19 22 24 23 20 27 26 21 34 33 30 31 29 36 32 35 28
