  2  5  9  1  7  3  4  8  6 16 14 11 15 12 17 18 10 13 20 21 26 23 19 22 24 27 25 33 28 30 29 35 34 36 32 31 45 43 39 42 38 44 41 40 37
 20 23 27 19 25 21 22 26 24 34 32 29 33 30 35 36 28 31 38 39 44 41 37 40 42 45 43  6  1  3  2  8  7  9  5  4 18 16 12 15 11 17 14 13 10
 11 14 18 10 16 12 13 17 15 25 23 20 24 21 26 27 19 22 29 30 35 32 28 31 33 36 34 42 37 39 38 44 43 45 41 40  9  7  3  6  2  8  5  4  1
 38 41 45 37 43 39 40 44 42  7  5  2  6  3  8  9  1  4 11 12 17 14 10 13 15 18 16 24 19 21 20 26 25 27 23 22 36 34 30 33 29 35 32 31 28
 29 32 36 28 34 30 31 35 33 43 41 38 42 39 44 45 37 40  2  3  8  5  1  4  6  9  7 15 10 12 11 17 16 18 14 13 27 25 21 24 20 26 23 22 19
 30 33 28 29 35 31 32 36 34 44 42 39 43 40 45 37 38 41  3  4  9  6  2  5  7  1  8 16 11 13 12 18 17 10 15 14 19 26 22 25 21 27 24 23 20
  3  6  1  2  8  4  5  9  7 17 15 12 16 13 18 10 11 14 21 22 27 24 20 23 25 19 26 34 29 31 30 36 35 28 33 32 37 44 40 43 39 45 42 41 38
 12 15 10 11 17 13 14 18 16 26 24 21 25 22 27 19 20 23 30 31 36 33 29 32 34 28 35 43 38 40 39 45 44 37 42 41  1  8  4  7  3  9  6  5  2
 21 24 19 20 26 22 23 27 25 35 33 30 34 31 36 28 29 32 39 40 45 42 38 41 43 37 44  7  2  4  3  9  8  1  6  5 10 17 13 16 12 18 15 14 11
 39 42 37 38 44 40 41 45 43  8  6  3  7  4  9  1  2  5 12 13 18 15 11 14 16 10 17 25 20 22 21 27 26 19 24 23 28 35 31 34 30 36 33 32 29
 31 34 29 30 36 32 33 28 35 45 43 40 44 41 37 38 39 42  4  5  1  7  3  6  8  2  9 17 12 14 13 10 18 11 16 15 20 27 23 26 22 19 25 24 21
 22 25 20 21 27 23 24 19 26 36 34 31 35 32 28 29 30 33 40 41 37 43 39 42 44 38 45  8  3  5  4  1  9  2  7  6 11 18 14 17 13 10 16 15 12
  4  7  2  3  9  5  6  1  8 18 16 13 17 14 10 11 12 15 22 23 19 25 21 24 26 20 27 35 30 32 31 28 36 29 34 33 38 45 41 44 40 37 43 42 39
 40 43 38 39 45 41 42 37 44  9  7  4  8  5  1  2  3  6 13 14 10 16 12 15 17 11 18 26 21 23 22 19 27 20 25 24 29 36 32 35 31 28 34 33 30
 13 16 11 12 18 14 15 10 17 27 25 22 26 23 19 20 21 24 31 32 28 34 30 33 35 29 36 44 39 41 40 37 45 38 43 42  2  9  5  8  4  1  7  6  3
 23 26 21 22 19 24 25 20 27 28 35 32 36 33 29 30 31 34 41 42 38 44 40 43 45 39 37  9  4  6  5  2  1  3  8  7 12 10 15 18 14 11 17 16 13
 14 17 12 13 10 15 16 11 18 19 26 23 27 24 20 21 22 25 32 33 29 35 31 34 36 30 28 45 40 42 41 38 37 39 44 43  3  1  6  9  5  2  8  7  4
 41 44 39 40 37 42 43 38 45  1  8  5  9  6  2  3  4  7 14 15 11 17 13 16 18 12 10 27 22 24 23 20 19 21 26 25 30 28 33 36 32 29 35 34 31
 32 35 30 31 28 33 34 29 36 37 44 41 45 42 38 39 40 43  5  6  2  8  4  7  9  3  1 18 13 15 14 11 10 12 17 16 21 19 24 27 23 20 26 25 22
  5  8  3  4  1  6  7  2  9 10 17 14 18 15 11 12 13 16 23 24 20 26 22 25 27 21 19 36 31 33 32 29 28 30 35 34 39 37 42 45 41 38 44 43 40
 15 18 13 14 11 16 17 12 10 20 27 24 19 25 21 22 23 26 33 34 30 36 32 35 28 31 29 37 41 43 42 39 38 40 45 44  4  2  7  1  6  3  9  8  5
 42 45 40 41 38 43 44 39 37  2  9  6  1  7  3  4  5  8 15 16 12 18 14 17 10 13 11 19 23 25 24 21 20 22 27 26 31 29 34 28 33 30 36 35 32
 24 27 22 23 20 25 26 21 19 29 36 33 28 34 30 31 32 35 42 43 39 45 41 44 37 40 38  1  5  7  6  3  2  4  9  8 13 11 16 10 15 12 18 17 14
 33 36 31 32 29 34 35 30 28 38 45 42 37 43 39 40 41 44  6  7  3  9  5  8  1  4  2 10 14 16 15 12 11 13 18 17 22 20 25 19 24 21 27 26 23
  6  9  4  5  2  7  8  3  1 11 18 15 10 16 12 13 14 17 24 25 21 27 23 26 19 22 20 28 32 34 33 30 29 31 36 35 40 38 43 37 42 39 45 44 41
 34 28 32 33 30 35 36 31 29 39 37 43 38 44 40 41 42 45  7  8  4  1  6  9  2  5  3 11 15 17 16 13 12 14 10 18 23 21 26 20 25 22 19 27 24
 16 10 14 15 12 17 18 13 11 21 19 25 20 26 22 23 24 27 34 35 31 28 33 36 29 32 30 38 42 44 43 40 39 41 37 45  5  3  8  2  7  4  1  9  6
 25 19 23 24 21 26 27 22 20 30 28 34 29 35 31 32 33 36 43 44 40 37 42 45 38 41 39  2  6  8  7  4  3  5  1  9 14 12 17 11 16 13 10 18 15
  7  1  5  6  3  8  9  4  2 12 10 16 11 17 13 14 15 18 25 26 22 19 24 27 20 23 21 29 33 35 34 31 30 32 28 36 41 39 44 38 43 40 37 45 42
 43 37 41 42 39 44 45 40 38  3  1  7  2  8  4  5  6  9 16 17 13 10 15 18 11 14 12 20 24 26 25 22 21 23 19 27 32 30 35 29 34 31 28 36 33
 35 29 33 34 31 36 28 32 30 40 38 44 39 45 41 42 43 37  8  9  5  2  7  1  3  6  4 12 16 18 17 14 13 15 11 10 24 22 27 21 26 23 20 19 25
 26 20 24 25 22 27 19 23 21 31 29 35 30 36 32 33 34 28 44 45 41 38 43 37 39 42 40  3  7  9  8  5  4  6  2  1 15 13 18 12 17 14 11 10 16
  8  2  6  7  4  9  1  5  3 13 11 17 12 18 14 15 16 10 26 27 23 20 25 19 21 24 22 30 34 36 35 32 31 33 29 28 42 40 45 39 44 41 38 37 43
 17 11 15 16 13 18 10 14 12 22 20 26 21 27 23 24 25 19 35 36 32 29 34 28 30 33 31 39 43 45 44 41 40 42 38 37  6  4  9  3  8  5  2  1  7
 44 38 42 43 40 45 37 41 39  4  2  8  3  9  5  6  7  1 17 18 14 11 16 10 12 15 13 21 25 27 26 23 22 24 20 19 33 31 36 30 35 32 29 28 34
 18 12 16 17 14 10 11 15 13 23 21 27 22 19 24 25 26 20 36 28 33 30 35 29 31 34 32 40 44 37 45 42 41 43 39 38  7  5  1  4  9  6  3  2  8
  9  3  7  8  5  1  2  6  4 14 12 18 13 10 15 16 17 11 27 19 24 21 26 20 22 25 23 31 35 28 36 33 32 34 30 29 43 41 37 40 45 42 39 38 44
 27 21 25 26 23 19 20 24 22 32 30 36 31 28 33 34 35 29 45 37 42 39 44 38 40 43 41  4  8  1  9  6  5  7  3  2 16 14 10 13 18 15 12 11 17
 45 39 43 44 41 37 38 42 40  5  3  9  4  1  6  7  8  2 18 10 15 12 17 11 13 16 14 22 26 19 27 24 23 25 21 20 34 32 28 31 36 33 30 29 35
 36 30 34 35 32 28 29 33 31 41 39 45 40 37 42 43 44 38  9  1  6  3  8  2  4  7  5 13 17 10 18 15 14 16 12 11 25 23 19 22 27 24 21 20 26
 37 40 44 45 42 38 39 43 41  6  4  1  5  2  7  8  9  3 10 11 16 13 18 12 14 17 15 23 27 20 19 25 24 26 22 21 35 33 29 32 28 34 31 30 36
 19 22 26 27 24 20 21 25 23 33 31 28 32 29 34 35 36 30 37 38 43 40 45 39 41 44 42  5  9  2  1  7  6  8  4  3 17 15 11 14 10 16 13 12 18
 28 31 35 36 33 29 30 34 32 42 40 37 41 38 43 44 45 39  1  2  7  4  9  3  5  8  6 14 18 11 10 16 15 17 13 12 26 24 20 23 19 25 22 21 27
  1  4  8  9  6  2  3  7  5 15 13 10 14 11 16 17 18 12 19 20 25 22 27 21 23 26 24 32 36 29 28 34 33 35 31 30 44 42 38 41 37 43 40 39 45
 10 13 17 18 15 11 12 16 14 24 22 19 23 20 25 26 27 21 28 29 34 31 36 30 32 35 33 41 45 38 37 43 42 44 40 39  8  6  2  5  1  7  4  3  9
