  9  4  8  7  6  3  1  5  2 14 16 11 13 15 17 12 10 18 19 24 22 27 23 25 21 20 26 31 28 35 33 34 36 29 30 32 40 43 38 39 41 42 37 45 44
 36 31 35 34 33 30 28 32 29 41 43 38 40 42 44 39 37 45  1  6  4  9  5  7  3  2  8 13 10 17 15 16 18 11 12 14 22 25 20 21 23 24 19 27 26
 45 40 44 43 42 39 37 41 38  5  7  2  4  6  8  3  1  9 10 15 13 18 14 16 12 11 17 22 19 26 24 25 27 20 21 23 31 34 29 30 32 33 28 36 35
 18 13 17 16 15 12 10 14 11 23 25 20 22 24 26 21 19 27 28 33 31 36 32 34 30 29 35 40 37 44 42 43 45 38 39 41  4  7  2  3  5  6  1  9  8
 27 22 26 25 24 21 19 23 20 32 34 29 31 33 35 30 28 36 37 42 40 45 41 43 39 38 44  4  1  8  6  7  9  2  3  5 13 16 11 12 14 15 10 18 17
  1  5  9  8  7  4  2  6  3 15 17 12 14 16 18 13 11 10 20 25 23 19 24 26 22 21 27 32 29 36 34 35 28 30 31 33 41 44 39 40 42 43 38 37 45
 10 14 18 17 16 13 11 15 12 24 26 21 23 25 27 22 20 19 29 34 32 28 33 35 31 30 36 41 38 45 43 44 37 39 40 42  5  8  3  4  6  7  2  1  9
 37 41 45 44 43 40 38 42 39  6  8  3  5  7  9  4  2  1 11 16 14 10 15 17 13 12 18 23 20 27 25 26 19 21 22 24 32 35 30 31 33 34 29 28 36
 28 32 36 35 34 31 29 33 30 42 44 39 41 43 45 40 38 37  2  7  5  1  6  8  4  3  9 14 11 18 16 17 10 12 13 15 23 26 21 22 24 25 20 19 27
 19 23 27 26 25 22 20 24 21 33 35 30 32 34 36 31 29 28 38 43 41 37 42 44 40 39 45  5  2  9  7  8  1  3  4  6 14 17 12 13 15 16 11 10 18
 11 15 10 18 17 14 12 16 13 25 27 22 24 26 19 23 21 20 30 35 33 29 34 36 32 31 28 42 39 37 44 45 38 40 41 43  6  9  4  5  7  8  3  2  1
  2  6  1  9  8  5  3  7  4 16 18 13 15 17 10 14 12 11 21 26 24 20 25 27 23 22 19 33 30 28 35 36 29 31 32 34 42 45 40 41 43 44 39 38 37
 38 42 37 45 44 41 39 43 40  7  9  4  6  8  1  5  3  2 12 17 15 11 16 18 14 13 10 24 21 19 26 27 20 22 23 25 33 36 31 32 34 35 30 29 28
 20 24 19 27 26 23 21 25 22 34 36 31 33 35 28 32 30 29 39 44 42 38 43 45 41 40 37  6  3  1  8  9  2  4  5  7 15 18 13 14 16 17 12 11 10
 29 33 28 36 35 32 30 34 31 43 45 40 42 44 37 41 39 38  3  8  6  2  7  9  5  4  1 15 12 10 17 18 11 13 14 16 24 27 22 23 25 26 21 20 19
 30 34 29 28 36 33 31 35 32 44 37 41 43 45 38 42 40 39  4  9  7  3  8  1  6  5  2 16 13 11 18 10 12 14 15 17 25 19 23 24 26 27 22 21 20
  3  7  2  1  9  6  4  8  5 17 10 14 16 18 11 15 13 12 22 27 25 21 26 19 24 23 20 34 31 29 36 28 30 32 33 35 43 37 41 42 44 45 40 39 38
 39 43 38 37 45 42 40 44 41  8  1  5  7  9  2  6  4  3 13 18 16 12 17 10 15 14 11 25 22 20 27 19 21 23 24 26 34 28 32 33 35 36 31 30 29
 12 16 11 10 18 15 13 17 14 26 19 23 25 27 20 24 22 21 31 36 34 30 35 28 33 32 29 43 40 38 45 37 39 41 42 44  7  1  5  6  8  9  4  3  2
 21 25 20 19 27 24 22 26 23 35 28 32 34 36 29 33 31 30 40 45 43 39 44 37 42 41 38  7  4  2  9  1  3  5  6  8 16 10 14 15 17 18 13 12 11
 22 26 21 20 19 25 23 27 24 36 29 33 35 28 30 34 32 31 41 37 44 40 45 38 43 42 39  8  5  3  1  2  4  6  7  9 17 11 15 16 18 10 14 13 12
  4  8  3  2  1  7  5  9  6 18 11 15 17 10 12 16 14 13 23 19 26 22 27 20 25 24 21 35 32 30 28 29 31 33 34 36 44 38 42 43 45 37 41 40 39
 13 17 12 11 10 16 14 18 15 27 20 24 26 19 21 25 23 22 32 28 35 31 36 29 34 33 30 44 41 39 37 38 40 42 43 45  8  2  6  7  9  1  5  4  3
 31 35 30 29 28 34 32 36 33 45 38 42 44 37 39 43 41 40  5  1  8  4  9  2  7  6  3 17 14 12 10 11 13 15 16 18 26 20 24 25 27 19 23 22 21
 40 44 39 38 37 43 41 45 42  9  2  6  8  1  3  7  5  4 14 10 17 13 18 11 16 15 12 26 23 21 19 20 22 24 25 27 35 29 33 34 36 28 32 31 30
 23 27 22 21 20 26 24 19 25 28 30 34 36 29 31 35 33 32 42 38 45 41 37 39 44 43 40  9  6  4  2  3  5  7  8  1 18 12 16 17 10 11 15 14 13
 32 36 31 30 29 35 33 28 34 37 39 43 45 38 40 44 42 41  6  2  9  5  1  3  8  7  4 18 15 13 11 12 14 16 17 10 27 21 25 26 19 20 24 23 22
 41 45 40 39 38 44 42 37 43  1  3  7  9  2  4  8  6  5 15 11 18 14 10 12 17 16 13 27 24 22 20 21 23 25 26 19 36 30 34 35 28 29 33 32 31
 14 18 13 12 11 17 15 10 16 19 21 25 27 20 22 26 24 23 33 29 36 32 28 30 35 34 31 45 42 40 38 39 41 43 44 37  9  3  7  8  1  2  6  5  4
  5  9  4  3  2  8  6  1  7 10 12 16 18 11 13 17 15 14 24 20 27 23 19 21 26 25 22 36 33 31 29 30 32 34 35 28 45 39 43 44 37 38 42 41 40
 15 10 14 13 12 18 16 11 17 20 22 26 19 21 23 27 25 24 34 30 28 33 29 31 36 35 32 37 43 41 39 40 42 44 45 38  1  4  8  9  2  3  7  6  5
 24 19 23 22 21 27 25 20 26 29 31 35 28 30 32 36 34 33 43 39 37 42 38 40 45 44 41  1  7  5  3  4  6  8  9  2 10 13 17 18 11 12 16 15 14
 42 37 41 40 39 45 43 38 44  2  4  8  1  3  5  9  7  6 16 12 10 15 11 13 18 17 14 19 25 23 21 22 24 26 27 20 28 31 35 36 29 30 34 33 32
 33 28 32 31 30 36 34 29 35 38 40 44 37 39 41 45 43 42  7  3  1  6  2  4  9  8  5 10 16 14 12 13 15 17 18 11 19 22 26 27 20 21 25 24 23
  6  1  5  4  3  9  7  2  8 11 13 17 10 12 14 18 16 15 25 21 19 24 20 22 27 26 23 28 34 32 30 31 33 35 36 29 37 40 44 45 38 39 43 42 41
  7  2  6  5  4  1  8  3  9 12 14 18 11 13 15 10 17 16 26 22 20 25 21 23 19 27 24 29 35 33 31 32 34 36 28 30 38 41 45 37 39 40 44 43 42
 43 38 42 41 40 37 44 39 45  3  5  9  2  4  6  1  8  7 17 13 11 16 12 14 10 18 15 20 26 24 22 23 25 27 19 21 29 32 36 28 30 31 35 34 33
 25 20 24 23 22 19 26 21 27 30 32 36 29 31 33 28 35 34 44 40 38 43 39 41 37 45 42  2  8  6  4  5  7  9  1  3 11 14 18 10 12 13 17 16 15
 16 11 15 14 13 10 17 12 18 21 23 27 20 22 24 19 26 25 35 31 29 34 30 32 28 36 33 38 44 42 40 41 43 45 37 39  2  5  9  1  3  4  8  7  6
 34 29 33 32 31 28 35 30 36 39 41 45 38 40 42 37 44 43  8  4  2  7  3  5  1  9  6 11 17 15 13 14 16 18 10 12 20 23 27 19 21 22 26 25 24
 44 39 43 42 41 38 45 40 37  4  6  1  3  5  7  2  9  8 18 14 12 17 13 15 11 10 16 21 27 25 23 24 26 19 20 22 30 33 28 29 31 32 36 35 34
 17 12 16 15 14 11 18 13 10 22 24 19 21 23 25 20 27 26 36 32 30 35 31 33 29 28 34 39 45 43 41 42 44 37 38 40  3  6  1  2  4  5  9  8  7
 35 30 34 33 32 29 36 31 28 40 42 37 39 41 43 38 45 44  9  5  3  8  4  6  2  1  7 12 18 16 14 15 17 10 11 13 21 24 19 20 22 23 27 26 25
  8  3  7  6  5  2  9  4  1 13 15 10 12 14 16 11 18 17 27 23 21 26 22 24 20 19 25 30 36 34 32 33 35 28 29 31 39 42 37 38 40 41 45 44 43
 26 21 25 24 23 20 27 22 19 31 33 28 30 32 34 29 36 35 45 41 39 44 40 42 38 37 43  3  9  7  5  6  8  1  2  4 12 15 10 11 13 14 18 17 16
