 19 27 23 21 20 24 22 25 26 29 36 32 28 31 30 35 33 34 40 42 44 43 39 38 45 37 41  7  6  5  1  8  3  9  4  2 13 17 18 15 16 14 11 12 10
 10 18 14 12 11 15 13 16 17 20 27 23 19 22 21 26 24 25 31 33 35 34 30 29 36 28 32 43 42 41 37 44 39 45 40 38  4  8  9  6  7  5  2  3  1
 28 36 32 30 29 33 31 34 35 38 45 41 37 40 39 44 42 43  4  6  8  7  3  2  9  1  5 16 15 14 10 17 12 18 13 11 22 26 27 24 25 23 20 21 19
 37 45 41 39 38 42 40 43 44  2  9  5  1  4  3  8  6  7 13 15 17 16 12 11 18 10 14 25 24 23 19 26 21 27 22 20 31 35 36 33 34 32 29 30 28
  1  9  5  3  2  6  4  7  8 11 18 14 10 13 12 17 15 16 22 24 26 25 21 20 27 19 23 34 33 32 28 35 30 36 31 29 40 44 45 42 43 41 38 39 37
 11 10 15 13 12 16 14 17 18 21 19 24 20 23 22 27 25 26 32 34 36 35 31 30 28 29 33 44 43 42 38 45 40 37 41 39  5  9  1  7  8  6  3  4  2
 29 28 33 31 30 34 32 35 36 39 37 42 38 41 40 45 43 44  5  7  9  8  4  3  1  2  6 17 16 15 11 18 13 10 14 12 23 27 19 25 26 24 21 22 20
 20 19 24 22 21 25 23 26 27 30 28 33 29 32 31 36 34 35 41 43 45 44 40 39 37 38 42  8  7  6  2  9  4  1  5  3 14 18 10 16 17 15 12 13 11
 38 37 42 40 39 43 41 44 45  3  1  6  2  5  4  9  7  8 14 16 18 17 13 12 10 11 15 26 25 24 20 27 22 19 23 21 32 36 28 34 35 33 30 31 29
  2  1  6  4  3  7  5  8  9 12 10 15 11 14 13 18 16 17 23 25 27 26 22 21 19 20 24 35 34 33 29 36 31 28 32 30 41 45 37 43 44 42 39 40 38
  3  2  7  5  4  8  6  9  1 13 11 16 12 15 14 10 17 18 24 26 19 27 23 22 20 21 25 36 35 34 30 28 32 29 33 31 42 37 38 44 45 43 40 41 39
 30 29 34 32 31 35 33 36 28 40 38 43 39 42 41 37 44 45  6  8  1  9  5  4  2  3  7 18 17 16 12 10 14 11 15 13 24 19 20 26 27 25 22 23 21
 39 38 43 41 40 44 42 45 37  4  2  7  3  6  5  1  8  9 15 17 10 18 14 13 11 12 16 27 26 25 21 19 23 20 24 22 33 28 29 35 36 34 31 32 30
 12 11 16 14 13 17 15 18 10 22 20 25 21 24 23 19 26 27 33 35 28 36 32 31 29 30 34 45 44 43 39 37 41 38 42 40  6  1  2  8  9  7  4  5  3
 21 20 25 23 22 26 24 27 19 31 29 34 30 33 32 28 35 36 42 44 37 45 41 40 38 39 43  9  8  7  3  1  5  2  6  4 15 10 11 17 18 16 13 14 12
 22 21 26 24 23 27 25 19 20 32 30 35 31 34 33 29 36 28 43 45 38 37 42 41 39 40 44  1  9  8  4  2  6  3  7  5 16 11 12 18 10 17 14 15 13
 13 12 17 15 14 18 16 10 11 23 21 26 22 25 24 20 27 19 34 36 29 28 33 32 30 31 35 37 45 44 40 38 42 39 43 41  7  2  3  9  1  8  5  6  4
 31 30 35 33 32 36 34 28 29 41 39 44 40 43 42 38 45 37  7  9  2  1  6  5  3  4  8 10 18 17 13 11 15 12 16 14 25 20 21 27 19 26 23 24 22
 40 39 44 42 41 45 43 37 38  5  3  8  4  7  6  2  9  1 16 18 11 10 15 14 12 13 17 19 27 26 22 20 24 21 25 23 34 29 30 36 28 35 32 33 31
  4  3  8  6  5  9  7  1  2 14 12 17 13 16 15 11 18 10 25 27 20 19 24 23 21 22 26 28 36 35 31 29 33 30 34 32 43 38 39 45 37 44 41 42 40
 41 40 45 43 42 37 44 38 39  6  4  9  5  8  7  3  1  2 17 10 12 11 16 15 13 14 18 20 19 27 23 21 25 22 26 24 35 30 31 28 29 36 33 34 32
 23 22 27 25 24 19 26 20 21 33 31 36 32 35 34 30 28 29 44 37 39 38 43 42 40 41 45  2  1  9  5  3  7  4  8  6 17 12 13 10 11 18 15 16 14
 14 13 18 16 15 10 17 11 12 24 22 27 23 26 25 21 19 20 35 28 30 29 34 33 31 32 36 38 37 45 41 39 43 40 44 42  8  3  4  1  2  9  6  7  5
 32 31 36 34 33 28 35 29 30 42 40 45 41 44 43 39 37 38  8  1  3  2  7  6  4  5  9 11 10 18 14 12 16 13 17 15 26 21 22 19 20 27 24 25 23
  5  4  9  7  6  1  8  2  3 15 13 18 14 17 16 12 10 11 26 19 21 20 25 24 22 23 27 29 28 36 32 30 34 31 35 33 44 39 40 37 38 45 42 43 41
 33 32 28 35 34 29 36 30 31 43 41 37 42 45 44 40 38 39  9  2  4  3  8  7  5  6  1 12 11 10 15 13 17 14 18 16 27 22 23 20 21 19 25 26 24
 42 41 37 44 43 38 45 39 40  7  5  1  6  9  8  4  2  3 18 11 13 12 17 16 14 15 10 21 20 19 24 22 26 23 27 25 36 31 32 29 30 28 34 35 33
 15 14 10 17 16 11 18 12 13 25 23 19 24 27 26 22 20 21 36 29 31 30 35 34 32 33 28 39 38 37 42 40 44 41 45 43  9  4  5  2  3  1  7  8  6
 24 23 19 26 25 20 27 21 22 34 32 28 33 36 35 31 29 30 45 38 40 39 44 43 41 42 37  3  2  1  6  4  8  5  9  7 18 13 14 11 12 10 16 17 15
  6  5  1  8  7  2  9  3  4 16 14 10 15 18 17 13 11 12 27 20 22 21 26 25 23 24 19 30 29 28 33 31 35 32 36 34 45 40 41 38 39 37 43 44 42
 34 33 29 36 35 30 28 31 32 44 42 38 43 37 45 41 39 40  1  3  5  4  9  8  6  7  2 13 12 11 16 14 18 15 10 17 19 23 24 21 22 20 26 27 25
 43 42 38 45 44 39 37 40 41  8  6  2  7  1  9  5  3  4 10 12 14 13 18 17 15 16 11 22 21 20 25 23 27 24 19 26 28 32 33 30 31 29 35 36 34
  7  6  2  9  8  3  1  4  5 17 15 11 16 10 18 14 12 13 19 21 23 22 27 26 24 25 20 31 30 29 34 32 36 33 28 35 37 41 42 39 40 38 44 45 43
 25 24 20 27 26 21 19 22 23 35 33 29 34 28 36 32 30 31 37 39 41 40 45 44 42 43 38  4  3  2  7  5  9  6  1  8 10 14 15 12 13 11 17 18 16
 16 15 11 18 17 12 10 13 14 26 24 20 25 19 27 23 21 22 28 30 32 31 36 35 33 34 29 40 39 38 43 41 45 42 37 44  1  5  6  3  4  2  8  9  7
 26 25 21 19 27 22 20 23 24 36 34 30 35 29 28 33 31 32 38 40 42 41 37 45 43 44 39  5  4  3  8  6  1  7  2  9 11 15 16 13 14 12 18 10 17
 44 43 39 37 45 40 38 41 42  9  7  3  8  2  1  6  4  5 11 13 15 14 10 18 16 17 12 23 22 21 26 24 19 25 20 27 29 33 34 31 32 30 36 28 35
 17 16 12 10 18 13 11 14 15 27 25 21 26 20 19 24 22 23 29 31 33 32 28 36 34 35 30 41 40 39 44 42 37 43 38 45  2  6  7  4  5  3  9  1  8
 35 34 30 28 36 31 29 32 33 45 43 39 44 38 37 42 40 41  2  4  6  5  1  9  7  8  3 14 13 12 17 15 10 16 11 18 20 24 25 22 23 21 27 19 26
  8  7  3  1  9  4  2  5  6 18 16 12 17 11 10 15 13 14 20 22 24 23 19 27 25 26 21 32 31 30 35 33 28 34 29 36 38 42 43 40 41 39 45 37 44
 45 44 40 38 37 41 39 42 43  1  8  4  9  3  2  7  5  6 12 14 16 15 11 10 17 18 13 24 23 22 27 25 20 26 21 19 30 34 35 32 33 31 28 29 36
 27 26 22 20 19 23 21 24 25 28 35 31 36 30 29 34 32 33 39 41 43 42 38 37 44 45 40  6  5  4  9  7  2  8  3  1 12 16 17 14 15 13 10 11 18
 36 35 31 29 28 32 30 33 34 37 44 40 45 39 38 43 41 42  3  5  7  6  2  1  8  9  4 15 14 13 18 16 11 17 12 10 21 25 26 23 24 22 19 20 27
  9  8  4  2  1  5  3  6  7 10 17 13 18 12 11 16 14 15 21 23 25 24 20 19 26 27 22 33 32 31 36 34 29 35 30 28 39 43 44 41 42 40 37 38 45
 18 17 13 11 10 14 12 15 16 19 26 22 27 21 20 25 23 24 30 32 34 33 29 28 35 36 31 42 41 40 45 43 38 44 39 37  3  7  8  5  6  4  1  2  9
