 47 42 41 46 45 43 44 48 54 56 49 50 52 53 51 55 64 60 58 61 63 62 59 57 68 65 66 71 69 67 70 72  6  8  1  2  3  4  5  7 13 16 14 12 11  9 15 10 19 21 22 18 23 20 24 17 27 32 26 31 25 28 30 29 33 35 37 36 40 34 39 38
 15 10  9 14 13 11 12 16 22 24 17 18 20 21 19 23 32 28 26 29 31 30 27 25 36 33 34 39 37 35 38 40 46 48 41 42 43 44 45 47 53 56 54 52 51 49 55 50 59 61 62 58 63 60 64 57 67 72 66 71 65 68 70 69  1  3  5  4  8  2  7  6
 55 50 49 54 53 51 52 56 62 64 57 58 60 61 59 63 72 68 66 69 71 70 67 65  4  1  2  7  5  3  6  8 14 16  9 10 11 12 13 15 21 24 22 20 19 17 23 18 27 29 30 26 31 28 32 25 35 40 34 39 33 36 38 37 41 43 45 44 48 42 47 46
 23 18 17 22 21 19 20 24 30 32 25 26 28 29 27 31 40 36 34 37 39 38 35 33 44 41 42 47 45 43 46 48 54 56 49 50 51 52 53 55 61 64 62 60 59 57 63 58 67 69 70 66 71 68 72 65  3  8  2  7  1  4  6  5  9 11 13 12 16 10 15 14
 63 58 57 62 61 59 60 64 70 72 65 66 68 69 67 71  8  4  2  5  7  6  3  1 12  9 10 15 13 11 14 16 22 24 17 18 19 20 21 23 29 32 30 28 27 25 31 26 35 37 38 34 39 36 40 33 43 48 42 47 41 44 46 45 49 51 53 52 56 50 55 54
 31 26 25 30 29 27 28 32 38 40 33 34 36 37 35 39 48 44 42 45 47 46 43 41 52 49 50 55 53 51 54 56 62 64 57 58 59 60 61 63 69 72 70 68 67 65 71 66  3  5  6  2  7  4  8  1 11 16 10 15  9 12 14 13 17 19 21 20 24 18 23 22
 39 34 33 38 37 35 36 40 46 48 41 42 44 45 43 47 56 52 50 53 55 54 51 49 60 57 58 63 61 59 62 64 70 72 65 66 67 68 69 71  5  8  6  4  3  1  7  2 11 13 14 10 15 12 16  9 19 24 18 23 17 20 22 21 25 27 29 28 32 26 31 30
 71 66 65 70 69 67 68 72  6  8  1  2  4  5  3  7 16 12 10 13 15 14 11  9 20 17 18 23 21 19 22 24 30 32 25 26 27 28 29 31 37 40 38 36 35 33 39 34 43 45 46 42 47 44 48 41 51 56 50 55 49 52 54 53 57 59 61 60 64 58 63 62
  7  2  1  6  5  3  4  8 14 16  9 10 12 13 11 15 24 20 18 21 23 22 19 17 28 25 26 31 29 27 30 32 38 40 33 34 35 36 37 39 45 48 46 44 43 41 47 42 51 53 54 50 55 52 56 49 59 64 58 63 57 60 62 61 65 67 69 68 72 66 71 70
 40 35 34 39 38 36 37 33 47 41 42 43 45 46 44 48 49 53 51 54 56 55 52 50 61 58 59 64 62 60 63 57 71 65 66 67 68 69 70 72  6  1  7  5  4  2  8  3 12 14 15 11 16 13  9 10 20 17 19 24 18 21 23 22 26 28 30 29 25 27 32 31
 32 27 26 31 30 28 29 25 39 33 34 35 37 38 36 40 41 45 43 46 48 47 44 42 53 50 51 56 54 52 55 49 63 57 58 59 60 61 62 64 70 65 71 69 68 66 72 67  4  6  7  3  8  5  1  2 12  9 11 16 10 13 15 14 18 20 22 21 17 19 24 23
  8  3  2  7  6  4  5  1 15  9 10 11 13 14 12 16 17 21 19 22 24 23 20 18 29 26 27 32 30 28 31 25 39 33 34 35 36 37 38 40 46 41 47 45 44 42 48 43 52 54 55 51 56 53 49 50 60 57 59 64 58 61 63 62 66 68 70 69 65 67 72 71
 72 67 66 71 70 68 69 65  7  1  2  3  5  6  4  8  9 13 11 14 16 15 12 10 21 18 19 24 22 20 23 17 31 25 26 27 28 29 30 32 38 33 39 37 36 34 40 35 44 46 47 43 48 45 41 42 52 49 51 56 50 53 55 54 58 60 62 61 57 59 64 63
 56 51 50 55 54 52 53 49 63 57 58 59 61 62 60 64 65 69 67 70 72 71 68 66  5  2  3  8  6  4  7  1 15  9 10 11 12 13 14 16 22 17 23 21 20 18 24 19 28 30 31 27 32 29 25 26 36 33 35 40 34 37 39 38 42 44 46 45 41 43 48 47
 16 11 10 15 14 12 13  9 23 17 18 19 21 22 20 24 25 29 27 30 32 31 28 26 37 34 35 40 38 36 39 33 47 41 42 43 44 45 46 48 54 49 55 53 52 50 56 51 60 62 63 59 64 61 57 58 68 65 67 72 66 69 71 70  2  4  6  5  1  3  8  7
 48 43 42 47 46 44 45 41 55 49 50 51 53 54 52 56 57 61 59 62 64 63 60 58 69 66 67 72 70 68 71 65  7  1  2  3  4  5  6  8 14  9 15 13 12 10 16 11 20 22 23 19 24 21 17 18 28 25 27 32 26 29 31 30 34 36 38 37 33 35 40 39
 64 59 58 63 62 60 61 57 71 65 66 67 69 70 68 72  1  5  3  6  8  7  4  2 13 10 11 16 14 12 15  9 23 17 18 19 20 21 22 24 30 25 31 29 28 26 32 27 36 38 39 35 40 37 33 34 44 41 43 48 42 45 47 46 50 52 54 53 49 51 56 55
 24 19 18 23 22 20 21 17 31 25 26 27 29 30 28 32 33 37 35 38 40 39 36 34 45 42 43 48 46 44 47 41 55 49 50 51 52 53 54 56 62 57 63 61 60 58 64 59 68 70 71 67 72 69 65 66  4  1  3  8  2  5  7  6 10 12 14 13  9 11 16 15
 25 28 27 32 31 29 30 26 40 34 35 36 38 39 37 33 42 46 44 47 41 48 45 43 54 51 52 49 55 53 56 50 64 58 59 60 61 62 63 57 71 66 72 70 69 67 65 68  5  7  8  4  1  6  2  3 13 10 12  9 11 14 16 15 19 21 23 22 18 20 17 24
 57 60 59 64 63 61 62 58 72 66 67 68 70 71 69 65  2  6  4  7  1  8  5  3 14 11 12  9 15 13 16 10 24 18 19 20 21 22 23 17 31 26 32 30 29 27 25 28 37 39 40 36 33 38 34 35 45 42 44 41 43 46 48 47 51 53 55 54 50 52 49 56
 49 52 51 56 55 53 54 50 64 58 59 60 62 63 61 57 66 70 68 71 65 72 69 67  6  3  4  1  7  5  8  2 16 10 11 12 13 14 15  9 23 18 24 22 21 19 17 20 29 31 32 28 25 30 26 27 37 34 36 33 35 38 40 39 43 45 47 46 42 44 41 48
  1  4  3  8  7  5  6  2 16 10 11 12 14 15 13  9 18 22 20 23 17 24 21 19 30 27 28 25 31 29 32 26 40 34 35 36 37 38 39 33 47 42 48 46 45 43 41 44 53 55 56 52 49 54 50 51 61 58 60 57 59 62 64 63 67 69 71 70 66 68 65 72
 33 36 35 40 39 37 38 34 48 42 43 44 46 47 45 41 50 54 52 55 49 56 53 51 62 59 60 57 63 61 64 58 72 66 67 68 69 70 71 65  7  2  8  6  5  3  1  4 13 15 16 12  9 14 10 11 21 18 20 17 19 22 24 23 27 29 31 30 26 28 25 32
 41 44 43 48 47 45 46 42 56 50 51 52 54 55 53 49 58 62 60 63 57 64 61 59 70 67 68 65 71 69 72 66  8  2  3  4  5  6  7  1 15 10 16 14 13 11  9 12 21 23 24 20 17 22 18 19 29 26 28 25 27 30 32 31 35 37 39 38 34 36 33 40
  9 12 11 16 15 13 14 10 24 18 19 20 22 23 21 17 26 30 28 31 25 32 29 27 38 35 36 33 39 37 40 34 48 42 43 44 45 46 47 41 55 50 56 54 53 51 49 52 61 63 64 60 57 62 58 59 69 66 68 65 67 70 72 71  3  5  7  6  2  4  1  8
 17 20 19 24 23 21 22 18 32 26 27 28 30 31 29 25 34 38 36 39 33 40 37 35 46 43 44 41 47 45 48 42 56 50 51 52 53 54 55 49 63 58 64 62 61 59 57 60 69 71 72 68 65 70 66 67  5  2  4  1  3  6  8  7 11 13 15 14 10 12  9 16
 65 68 67 72 71 69 70 66  8  2  3  4  6  7  5  1 10 14 12 15  9 16 13 11 22 19 20 17 23 21 24 18 32 26 27 28 29 30 31 25 39 34 40 38 37 35 33 36 45 47 48 44 41 46 42 43 53 50 52 49 51 54 56 55 59 61 63 62 58 60 57 64
 18 21 20 17 24 22 23 19 25 27 28 29 31 32 30 26 35 39 37 40 34 33 38 36 47 44 45 42 48 46 41 43 49 51 52 53 54 55 56 50 64 59 57 63 62 60 58 61 70 72 65 69 66 71 67 68  6  3  5  2  4  7  1  8 12 14 16 15 11 13 10  9
 10 13 12  9 16 14 15 11 17 19 20 21 23 24 22 18 27 31 29 32 26 25 30 28 39 36 37 34 40 38 33 35 41 43 44 45 46 47 48 42 56 51 49 55 54 52 50 53 62 64 57 61 58 63 59 60 70 67 69 66 68 71 65 72  4  6  8  7  3  5  2  1
 58 61 60 57 64 62 63 59 65 67 68 69 71 72 70 66  3  7  5  8  2  1  6  4 15 12 13 10 16 14  9 11 17 19 20 21 22 23 24 18 32 27 25 31 30 28 26 29 38 40 33 37 34 39 35 36 46 43 45 42 44 47 41 48 52 54 56 55 51 53 50 49
  2  5  4  1  8  6  7  3  9 11 12 13 15 16 14 10 19 23 21 24 18 17 22 20 31 28 29 26 32 30 25 27 33 35 36 37 38 39 40 34 48 43 41 47 46 44 42 45 54 56 49 53 50 55 51 52 62 59 61 58 60 63 57 64 68 70 72 71 67 69 66 65
 34 37 36 33 40 38 39 35 41 43 44 45 47 48 46 42 51 55 53 56 50 49 54 52 63 60 61 58 64 62 57 59 65 67 68 69 70 71 72 66  8  3  1  7  6  4  2  5 14 16  9 13 10 15 11 12 22 19 21 18 20 23 17 24 28 30 32 31 27 29 26 25
 66 69 68 65 72 70 71 67  1  3  4  5  7  8  6  2 11 15 13 16 10  9 14 12 23 20 21 18 24 22 17 19 25 27 28 29 30 31 32 26 40 35 33 39 38 36 34 37 46 48 41 45 42 47 43 44 54 51 53 50 52 55 49 56 60 62 64 63 59 61 58 57
 50 53 52 49 56 54 55 51 57 59 60 61 63 64 62 58 67 71 69 72 66 65 70 68  7  4  5  2  8  6  1  3  9 11 12 13 14 15 16 10 24 19 17 23 22 20 18 21 30 32 25 29 26 31 27 28 38 35 37 34 36 39 33 40 44 46 48 47 43 45 42 41
 26 29 28 25 32 30 31 27 33 35 36 37 39 40 38 34 43 47 45 48 42 41 46 44 55 52 53 50 56 54 49 51 57 59 60 61 62 63 64 58 72 67 65 71 70 68 66 69  6  8  1  5  2  7  3  4 14 11 13 10 12 15  9 16 20 22 24 23 19 21 18 17
 42 45 44 41 48 46 47 43 49 51 52 53 55 56 54 50 59 63 61 64 58 57 62 60 71 68 69 66 72 70 65 67  1  3  4  5  6  7  8  2 16 11  9 15 14 12 10 13 22 24 17 21 18 23 19 20 30 27 29 26 28 31 25 32 36 38 40 39 35 37 34 33
 67 70 69 66 65 71 72 68  2  4  5  6  8  1  7  3 12 16 14  9 11 10 15 13 24 21 22 19 17 23 18 20 26 28 29 30 31 32 25 27 33 36 34 40 39 37 35 38 47 41 42 46 43 48 44 45 55 52 54 51 53 56 50 49 61 63 57 64 60 62 59 58
 27 30 29 26 25 31 32 28 34 36 37 38 40 33 39 35 44 48 46 41 43 42 47 45 56 53 54 51 49 55 50 52 58 60 61 62 63 64 57 59 65 68 66 72 71 69 67 70  7  1  2  6  3  8  4  5 15 12 14 11 13 16 10  9 21 23 17 24 20 22 19 18
 59 62 61 58 57 63 64 60 66 68 69 70 72 65 71 67  4  8  6  1  3  2  7  5 16 13 14 11  9 15 10 12 18 20 21 22 23 24 17 19 25 28 26 32 31 29 27 30 39 33 34 38 35 40 36 37 47 44 46 43 45 48 42 41 53 55 49 56 52 54 51 50
  3  6  5  2  1  7  8  4 10 12 13 14 16  9 15 11 20 24 22 17 19 18 23 21 32 29 30 27 25 31 26 28 34 36 37 38 39 40 33 35 41 44 42 48 47 45 43 46 55 49 50 54 51 56 52 53 63 60 62 59 61 64 58 57 69 71 65 72 68 70 67 66
 51 54 53 50 49 55 56 52 58 60 61 62 64 57 63 59 68 72 70 65 67 66 71 69  8  5  6  3  1  7  2  4 10 12 13 14 15 16  9 11 17 20 18 24 23 21 19 22 31 25 26 30 27 32 28 29 39 36 38 35 37 40 34 33 45 47 41 48 44 46 43 42
 11 14 13 10  9 15 16 12 18 20 21 22 24 17 23 19 28 32 30 25 27 26 31 29 40 37 38 35 33 39 34 36 42 44 45 46 47 48 41 43 49 52 50 56 55 53 51 54 63 57 58 62 59 64 60 61 71 68 70 67 69 72 66 65  5  7  1  8  4  6  3  2
 35 38 37 34 33 39 40 36 42 44 45 46 48 41 47 43 52 56 54 49 51 50 55 53 64 61 62 59 57 63 58 60 66 68 69 70 71 72 65 67  1  4  2  8  7  5  3  6 15  9 10 14 11 16 12 13 23 20 22 19 21 24 18 17 29 31 25 32 28 30 27 26
 19 22 21 18 17 23 24 20 26 28 29 30 32 25 31 27 36 40 38 33 35 34 39 37 48 45 46 43 41 47 42 44 50 52 53 54 55 56 49 51 57 60 58 64 63 61 59 62 71 65 66 70 67 72 68 69  7  4  6  3  5  8  2  1 13 15  9 16 12 14 11 10
 43 46 45 42 41 47 48 44 50 52 53 54 56 49 55 51 60 64 62 57 59 58 63 61 72 69 70 67 65 71 66 68  2  4  5  6  7  8  1  3  9 12 10 16 15 13 11 14 23 17 18 22 19 24 20 21 31 28 30 27 29 32 26 25 37 39 33 40 36 38 35 34
 52 55 54 51 50 56 49 53 59 61 62 63 57 58 64 60 69 65 71 66 68 67 72 70  1  6  7  4  2  8  3  5 11 13 14 15 16  9 10 12 18 21 19 17 24 22 20 23 32 26 27 31 28 25 29 30 40 37 39 36 38 33 35 34 46 48 42 41 45 47 44 43
 68 71 70 67 66 72 65 69  3  5  6  7  1  2  8  4 13  9 15 10 12 11 16 14 17 22 23 20 18 24 19 21 27 29 30 31 32 25 26 28 34 37 35 33 40 38 36 39 48 42 43 47 44 41 45 46 56 53 55 52 54 49 51 50 62 64 58 57 61 63 60 59
 44 47 46 43 42 48 41 45 51 53 54 55 49 50 56 52 61 57 63 58 60 59 64 62 65 70 71 68 66 72 67 69  3  5  6  7  8  1  2  4 10 13 11  9 16 14 12 15 24 18 19 23 20 17 21 22 32 29 31 28 30 25 27 26 38 40 34 33 37 39 36 35
 36 39 38 35 34 40 33 37 43 45 46 47 41 42 48 44 53 49 55 50 52 51 56 54 57 62 63 60 58 64 59 61 67 69 70 71 72 65 66 68  2  5  3  1  8  6  4  7 16 10 11 15 12  9 13 14 24 21 23 20 22 17 19 18 30 32 26 25 29 31 28 27
 20 23 22 19 18 24 17 21 27 29 30 31 25 26 32 28 37 33 39 34 36 35 40 38 41 46 47 44 42 48 43 45 51 53 54 55 56 49 50 52 58 61 59 57 64 62 60 63 72 66 67 71 68 65 69 70  8  5  7  4  6  1  3  2 14 16 10  9 13 15 12 11
 12 15 14 11 10 16  9 13 19 21 22 23 17 18 24 20 29 25 31 26 28 27 32 30 33 38 39 36 34 40 35 37 43 45 46 47 48 41 42 44 50 53 51 49 56 54 52 55 64 58 59 63 60 57 61 62 72 69 71 68 70 65 67 66  6  8  2  1  5  7  4  3
 60 63 62 59 58 64 57 61 67 69 70 71 65 66 72 68  5  1  7  2  4  3  8  6  9 14 15 12 10 16 11 13 19 21 22 23 24 17 18 20 26 29 27 25 32 30 28 31 40 34 35 39 36 33 37 38 48 45 47 44 46 41 43 42 54 56 50 49 53 55 52 51
  4  7  6  3  2  8  1  5 11 13 14 15  9 10 16 12 21 17 23 18 20 19 24 22 25 30 31 28 26 32 27 29 35 37 38 39 40 33 34 36 42 45 43 41 48 46 44 47 56 50 51 55 52 49 53 54 64 61 63 60 62 57 59 58 70 72 66 65 69 71 68 67
 28 31 30 27 26 32 25 29 35 37 38 39 33 34 40 36 45 41 47 42 44 43 48 46 49 54 55 52 50 56 51 53 59 61 62 63 64 57 58 60 66 69 67 65 72 70 68 71  8  2  3  7  4  1  5  6 16 13 15 12 14  9 11 10 22 24 18 17 21 23 20 19
 37 40 39 36 35 33 34 38 44 46 47 48 42 43 41 45 54 50 56 51 53 52 49 55 58 63 64 61 59 57 60 62 68 70 71 72 65 66 67 69  3  6  4  2  1  7  5  8  9 11 12 16 13 10 14 15 17 22 24 21 23 18 20 19 31 25 27 26 30 32 29 28
 29 32 31 28 27 25 26 30 36 38 39 40 34 35 33 37 46 42 48 43 45 44 41 47 50 55 56 53 51 49 52 54 60 62 63 64 57 58 59 61 67 70 68 66 65 71 69 72  1  3  4  8  5  2  6  7  9 14 16 13 15 10 12 11 23 17 19 18 22 24 21 20
 45 48 47 44 43 41 42 46 52 54 55 56 50 51 49 53 62 58 64 59 61 60 57 63 66 71 72 69 67 65 68 70  4  6  7  8  1  2  3  5 11 14 12 10  9 15 13 16 17 19 20 24 21 18 22 23 25 30 32 29 31 26 28 27 39 33 35 34 38 40 37 36
 61 64 63 60 59 57 58 62 68 70 71 72 66 67 65 69  6  2  8  3  5  4  1  7 10 15 16 13 11  9 12 14 20 22 23 24 17 18 19 21 27 30 28 26 25 31 29 32 33 35 36 40 37 34 38 39 41 46 48 45 47 42 44 43 55 49 51 50 54 56 53 52
 13 16 15 12 11  9 10 14 20 22 23 24 18 19 17 21 30 26 32 27 29 28 25 31 34 39 40 37 35 33 36 38 44 46 47 48 41 42 43 45 51 54 52 50 49 55 53 56 57 59 60 64 61 58 62 63 65 70 72 69 71 66 68 67  7  1  3  2  6  8  5  4
 53 56 55 52 51 49 50 54 60 62 63 64 58 59 57 61 70 66 72 67 69 68 65 71  2  7  8  5  3  1  4  6 12 14 15 16  9 10 11 13 19 22 20 18 17 23 21 24 25 27 28 32 29 26 30 31 33 38 40 37 39 34 36 35 47 41 43 42 46 48 45 44
  5  8  7  4  3  1  2  6 12 14 15 16 10 11  9 13 22 18 24 19 21 20 17 23 26 31 32 29 27 25 28 30 36 38 39 40 33 34 35 37 43 46 44 42 41 47 45 48 49 51 52 56 53 50 54 55 57 62 64 61 63 58 60 59 71 65 67 66 70 72 69 68
 69 72 71 68 67 65 66 70  4  6  7  8  2  3  1  5 14 10 16 11 13 12  9 15 18 23 24 21 19 17 20 22 28 30 31 32 25 26 27 29 35 38 36 34 33 39 37 40 41 43 44 48 45 42 46 47 49 54 56 53 55 50 52 51 63 57 59 58 62 64 61 60
 21 24 23 20 19 17 18 22 28 30 31 32 26 27 25 29 38 34 40 35 37 36 33 39 42 47 48 45 43 41 44 46 52 54 55 56 49 50 51 53 59 62 60 58 57 63 61 64 65 67 68 72 69 66 70 71  1  6  8  5  7  2  4  3 15  9 11 10 14 16 13 12
 22 17 24 21 20 18 19 23 29 31 32 25 27 28 26 30 39 35 33 36 38 37 34 40 43 48 41 46 44 42 45 47 53 55 56 49 50 51 52 54 60 63 61 59 58 64 62 57 66 68 69 65 70 67 71 72  2  7  1  6  8  3  5  4 16 10 12 11 15  9 14 13
 46 41 48 45 44 42 43 47 53 55 56 49 51 52 50 54 63 59 57 60 62 61 58 64 67 72 65 70 68 66 69 71  5  7  8  1  2  3  4  6 12 15 13 11 10 16 14  9 18 20 21 17 22 19 23 24 26 31 25 30 32 27 29 28 40 34 36 35 39 33 38 37
 38 33 40 37 36 34 35 39 45 47 48 41 43 44 42 46 55 51 49 52 54 53 50 56 59 64 57 62 60 58 61 63 69 71 72 65 66 67 68 70  4  7  5  3  2  8  6  1 10 12 13  9 14 11 15 16 18 23 17 22 24 19 21 20 32 26 28 27 31 25 30 29
  6  1  8  5  4  2  3  7 13 15 16  9 11 12 10 14 23 19 17 20 22 21 18 24 27 32 25 30 28 26 29 31 37 39 40 33 34 35 36 38 44 47 45 43 42 48 46 41 50 52 53 49 54 51 55 56 58 63 57 62 64 59 61 60 72 66 68 67 71 65 70 69
 54 49 56 53 52 50 51 55 61 63 64 57 59 60 58 62 71 67 65 68 70 69 66 72  3  8  1  6  4  2  5  7 13 15 16  9 10 11 12 14 20 23 21 19 18 24 22 17 26 28 29 25 30 27 31 32 34 39 33 38 40 35 37 36 48 42 44 43 47 41 46 45
 62 57 64 61 60 58 59 63 69 71 72 65 67 68 66 70  7  3  1  4  6  5  2  8 11 16  9 14 12 10 13 15 21 23 24 17 18 19 20 22 28 31 29 27 26 32 30 25 34 36 37 33 38 35 39 40 42 47 41 46 48 43 45 44 56 50 52 51 55 49 54 53
 14  9 16 13 12 10 11 15 21 23 24 17 19 20 18 22 31 27 25 28 30 29 26 32 35 40 33 38 36 34 37 39 45 47 48 41 42 43 44 46 52 55 53 51 50 56 54 49 58 60 61 57 62 59 63 64 66 71 65 70 72 67 69 68  8  2  4  3  7  1  6  5
 70 65 72 69 68 66 67 71  5  7  8  1  3  4  2  6 15 11  9 12 14 13 10 16 19 24 17 22 20 18 21 23 29 31 32 25 26 27 28 30 36 39 37 35 34 40 38 33 42 44 45 41 46 43 47 48 50 55 49 54 56 51 53 52 64 58 60 59 63 57 62 61
 30 25 32 29 28 26 27 31 37 39 40 33 35 36 34 38 47 43 41 44 46 45 42 48 51 56 49 54 52 50 53 55 61 63 64 57 58 59 60 62 68 71 69 67 66 72 70 65  2  4  5  1  6  3  7  8 10 15  9 14 16 11 13 12 24 18 20 19 23 17 22 21
