  1  6  4  5  3  8  7  2 10 15 12 11 16 13 14  9 22 21 24 17 20 23 18 19 27 25 29 30 26 28 32 31 39 40 33 34 36 37 38 35 44 43 48 47 42 45 46 41 49 51 50 52 53 56 54 55 60 64 58 57 59 62 63 61 71 67 65 72 68 66 69 70
 57 62 60 61 59 64 63 58 66 71 68 67 72 69 70 65  6  5  8  1  4  7  2  3 11  9 13 14 10 12 16 15 23 24 17 18 20 21 22 19 28 27 32 31 26 29 30 25 33 35 34 36 37 40 38 39 44 48 42 41 43 46 47 45 55 51 49 56 52 50 53 54
 41 46 44 45 43 48 47 42 50 55 52 51 56 53 54 49 62 61 64 57 60 63 58 59 67 65 69 70 66 68 72 71  7  8  1  2  4  5  6  3 12 11 16 15 10 13 14  9 17 19 18 20 21 24 22 23 28 32 26 25 27 30 31 29 39 35 33 40 36 34 37 38
 65 70 68 69 67 72 71 66  2  7  4  3  8  5  6  1 14 13 16  9 12 15 10 11 19 17 21 22 18 20 24 23 31 32 25 26 28 29 30 27 36 35 40 39 34 37 38 33 41 43 42 44 45 48 46 47 52 56 50 49 51 54 55 53 63 59 57 64 60 58 61 62
 49 54 52 53 51 56 55 50 58 63 60 59 64 61 62 57 70 69 72 65 68 71 66 67  3  1  5  6  2  4  8  7 15 16  9 10 12 13 14 11 20 19 24 23 18 21 22 17 25 27 26 28 29 32 30 31 36 40 34 33 35 38 39 37 47 43 41 48 44 42 45 46
  9 14 12 13 11 16 15 10 18 23 20 19 24 21 22 17 30 29 32 25 28 31 26 27 35 33 37 38 34 36 40 39 47 48 41 42 44 45 46 43 52 51 56 55 50 53 54 49 57 59 58 60 61 64 62 63 68 72 66 65 67 70 71 69  7  3  1  8  4  2  5  6
 25 30 28 29 27 32 31 26 34 39 36 35 40 37 38 33 46 45 48 41 44 47 42 43 51 49 53 54 50 52 56 55 63 64 57 58 60 61 62 59 68 67 72 71 66 69 70 65  1  3  2  4  5  8  6  7 12 16 10  9 11 14 15 13 23 19 17 24 20 18 21 22
 33 38 36 37 35 40 39 34 42 47 44 43 48 45 46 41 54 53 56 49 52 55 50 51 59 57 61 62 58 60 64 63 71 72 65 66 68 69 70 67  4  3  8  7  2  5  6  1  9 11 10 12 13 16 14 15 20 24 18 17 19 22 23 21 31 27 25 32 28 26 29 30
 17 22 20 21 19 24 23 18 26 31 28 27 32 29 30 25 38 37 40 33 36 39 34 35 43 41 45 46 42 44 48 47 55 56 49 50 52 53 54 51 60 59 64 63 58 61 62 57 65 67 66 68 69 72 70 71  4  8  2  1  3  6  7  5 15 11  9 16 12 10 13 14
 50 55 53 54 52 49 56 51 59 64 61 60 57 62 63 58 71 70 65 66 69 72 67 68  4  2  6  7  3  5  1  8 16  9 10 11 13 14 15 12 21 20 17 24 19 22 23 18 26 28 27 29 30 25 31 32 37 33 35 34 36 39 40 38 48 44 42 41 45 43 46 47
 42 47 45 46 44 41 48 43 51 56 53 52 49 54 55 50 63 62 57 58 61 64 59 60 68 66 70 71 67 69 65 72  8  1  2  3  5  6  7  4 13 12  9 16 11 14 15 10 18 20 19 21 22 17 23 24 29 25 27 26 28 31 32 30 40 36 34 33 37 35 38 39
 34 39 37 38 36 33 40 35 43 48 45 44 41 46 47 42 55 54 49 50 53 56 51 52 60 58 62 63 59 61 57 64 72 65 66 67 69 70 71 68  5  4  1  8  3  6  7  2 10 12 11 13 14  9 15 16 21 17 19 18 20 23 24 22 32 28 26 25 29 27 30 31
 10 15 13 14 12  9 16 11 19 24 21 20 17 22 23 18 31 30 25 26 29 32 27 28 36 34 38 39 35 37 33 40 48 41 42 43 45 46 47 44 53 52 49 56 51 54 55 50 58 60 59 61 62 57 63 64 69 65 67 66 68 71 72 70  8  4  2  1  5  3  6  7
 66 71 69 70 68 65 72 67  3  8  5  4  1  6  7  2 15 14  9 10 13 16 11 12 20 18 22 23 19 21 17 24 32 25 26 27 29 30 31 28 37 36 33 40 35 38 39 34 42 44 43 45 46 41 47 48 53 49 51 50 52 55 56 54 64 60 58 57 61 59 62 63
  2  7  5  6  4  1  8  3 11 16 13 12  9 14 15 10 23 22 17 18 21 24 19 20 28 26 30 31 27 29 25 32 40 33 34 35 37 38 39 36 45 44 41 48 43 46 47 42 50 52 51 53 54 49 55 56 61 57 59 58 60 63 64 62 72 68 66 65 69 67 70 71
 18 23 21 22 20 17 24 19 27 32 29 28 25 30 31 26 39 38 33 34 37 40 35 36 44 42 46 47 43 45 41 48 56 49 50 51 53 54 55 52 61 60 57 64 59 62 63 58 66 68 67 69 70 65 71 72  5  1  3  2  4  7  8  6 16 12 10  9 13 11 14 15
 26 31 29 30 28 25 32 27 35 40 37 36 33 38 39 34 47 46 41 42 45 48 43 44 52 50 54 55 51 53 49 56 64 57 58 59 61 62 63 60 69 68 65 72 67 70 71 66  2  4  3  5  6  1  7  8 13  9 11 10 12 15 16 14 24 20 18 17 21 19 22 23
 58 63 61 62 60 57 64 59 67 72 69 68 65 70 71 66  7  6  1  2  5  8  3  4 12 10 14 15 11 13  9 16 24 17 18 19 21 22 23 20 29 28 25 32 27 30 31 26 34 36 35 37 38 33 39 40 45 41 43 42 44 47 48 46 56 52 50 49 53 51 54 55
 59 64 62 63 61 58 57 60 68 65 70 69 66 71 72 67  8  7  2  3  6  1  4  5 13 11 15 16 12 14 10  9 17 18 19 20 22 23 24 21 30 29 26 25 28 31 32 27 35 37 36 38 39 34 40 33 46 42 44 43 45 48 41 47 49 53 51 50 54 52 55 56
 11 16 14 15 13 10  9 12 20 17 22 21 18 23 24 19 32 31 26 27 30 25 28 29 37 35 39 40 36 38 34 33 41 42 43 44 46 47 48 45 54 53 50 49 52 55 56 51 59 61 60 62 63 58 64 57 70 66 68 67 69 72 65 71  1  5  3  2  6  4  7  8
 43 48 46 47 45 42 41 44 52 49 54 53 50 55 56 51 64 63 58 59 62 57 60 61 69 67 71 72 68 70 66 65  1  2  3  4  6  7  8  5 14 13 10  9 12 15 16 11 19 21 20 22 23 18 24 17 30 26 28 27 29 32 25 31 33 37 35 34 38 36 39 40
 35 40 38 39 37 34 33 36 44 41 46 45 42 47 48 43 56 55 50 51 54 49 52 53 61 59 63 64 60 62 58 57 65 66 67 68 70 71 72 69  6  5  2  1  4  7  8  3 11 13 12 14 15 10 16  9 22 18 20 19 21 24 17 23 25 29 27 26 30 28 31 32
 19 24 22 23 21 18 17 20 28 25 30 29 26 31 32 27 40 39 34 35 38 33 36 37 45 43 47 48 44 46 42 41 49 50 51 52 54 55 56 53 62 61 58 57 60 63 64 59 67 69 68 70 71 66 72 65  6  2  4  3  5  8  1  7  9 13 11 10 14 12 15 16
  3  8  6  7  5  2  1  4 12  9 14 13 10 15 16 11 24 23 18 19 22 17 20 21 29 27 31 32 28 30 26 25 33 34 35 36 38 39 40 37 46 45 42 41 44 47 48 43 51 53 52 54 55 50 56 49 62 58 60 59 61 64 57 63 65 69 67 66 70 68 71 72
 51 56 54 55 53 50 49 52 60 57 62 61 58 63 64 59 72 71 66 67 70 65 68 69  5  3  7  8  4  6  2  1  9 10 11 12 14 15 16 13 22 21 18 17 20 23 24 19 27 29 28 30 31 26 32 25 38 34 36 35 37 40 33 39 41 45 43 42 46 44 47 48
 27 32 30 31 29 26 25 28 36 33 38 37 34 39 40 35 48 47 42 43 46 41 44 45 53 51 55 56 52 54 50 49 57 58 59 60 62 63 64 61 70 69 66 65 68 71 72 67  3  5  4  6  7  2  8  1 14 10 12 11 13 16  9 15 17 21 19 18 22 20 23 24
 67 72 70 71 69 66 65 68  4  1  6  5  2  7  8  3 16 15 10 11 14  9 12 13 21 19 23 24 20 22 18 17 25 26 27 28 30 31 32 29 38 37 34 33 36 39 40 35 43 45 44 46 47 42 48 41 54 50 52 51 53 56 49 55 57 61 59 58 62 60 63 64
  4  1  7  8  6  3  2  5 13 10 15 14 11 16  9 12 17 24 19 20 23 18 21 22 30 28 32 25 29 31 27 26 34 35 36 37 39 40 33 38 47 46 43 42 45 48 41 44 52 54 53 55 56 51 49 50 63 59 61 60 62 57 58 64 66 70 68 67 71 69 72 65
 12  9 15 16 14 11 10 13 21 18 23 22 19 24 17 20 25 32 27 28 31 26 29 30 38 36 40 33 37 39 35 34 42 43 44 45 47 48 41 46 55 54 51 50 53 56 49 52 60 62 61 63 64 59 57 58 71 67 69 68 70 65 66 72  2  6  4  3  7  5  8  1
 52 49 55 56 54 51 50 53 61 58 63 62 59 64 57 60 65 72 67 68 71 66 69 70  6  4  8  1  5  7  3  2 10 11 12 13 15 16  9 14 23 22 19 18 21 24 17 20 28 30 29 31 32 27 25 26 39 35 37 36 38 33 34 40 42 46 44 43 47 45 48 41
 44 41 47 48 46 43 42 45 53 50 55 54 51 56 49 52 57 64 59 60 63 58 61 62 70 68 72 65 69 71 67 66  2  3  4  5  7  8  1  6 15 14 11 10 13 16  9 12 20 22 21 23 24 19 17 18 31 27 29 28 30 25 26 32 34 38 36 35 39 37 40 33
 20 17 23 24 22 19 18 21 29 26 31 30 27 32 25 28 33 40 35 36 39 34 37 38 46 44 48 41 45 47 43 42 50 51 52 53 55 56 49 54 63 62 59 58 61 64 57 60 68 70 69 71 72 67 65 66  7  3  5  4  6  1  2  8 10 14 12 11 15 13 16  9
 28 25 31 32 30 27 26 29 37 34 39 38 35 40 33 36 41 48 43 44 47 42 45 46 54 52 56 49 53 55 51 50 58 59 60 61 63 64 57 62 71 70 67 66 69 72 65 68  4  6  5  7  8  3  1  2 15 11 13 12 14  9 10 16 18 22 20 19 23 21 24 17
 68 65 71 72 70 67 66 69  5  2  7  6  3  8  1  4  9 16 11 12 15 10 13 14 22 20 24 17 21 23 19 18 26 27 28 29 31 32 25 30 39 38 35 34 37 40 33 36 44 46 45 47 48 43 41 42 55 51 53 52 54 49 50 56 58 62 60 59 63 61 64 57
 60 57 63 64 62 59 58 61 69 66 71 70 67 72 65 68  1  8  3  4  7  2  5  6 14 12 16  9 13 15 11 10 18 19 20 21 23 24 17 22 31 30 27 26 29 32 25 28 36 38 37 39 40 35 33 34 47 43 45 44 46 41 42 48 50 54 52 51 55 53 56 49
 36 33 39 40 38 35 34 37 45 42 47 46 43 48 41 44 49 56 51 52 55 50 53 54 62 60 64 57 61 63 59 58 66 67 68 69 71 72 65 70  7  6  3  2  5  8  1  4 12 14 13 15 16 11  9 10 23 19 21 20 22 17 18 24 26 30 28 27 31 29 32 25
  5  2  8  1  7  4  3  6 14 11 16 15 12  9 10 13 18 17 20 21 24 19 22 23 31 29 25 26 30 32 28 27 35 36 37 38 40 33 34 39 48 47 44 43 46 41 42 45 53 55 54 56 49 52 50 51 64 60 62 61 63 58 59 57 67 71 69 68 72 70 65 66
 53 50 56 49 55 52 51 54 62 59 64 63 60 57 58 61 66 65 68 69 72 67 70 71  7  5  1  2  6  8  4  3 11 12 13 14 16  9 10 15 24 23 20 19 22 17 18 21 29 31 30 32 25 28 26 27 40 36 38 37 39 34 35 33 43 47 45 44 48 46 41 42
 69 66 72 65 71 68 67 70  6  3  8  7  4  1  2  5 10  9 12 13 16 11 14 15 23 21 17 18 22 24 20 19 27 28 29 30 32 25 26 31 40 39 36 35 38 33 34 37 45 47 46 48 41 44 42 43 56 52 54 53 55 50 51 49 59 63 61 60 64 62 57 58
 29 26 32 25 31 28 27 30 38 35 40 39 36 33 34 37 42 41 44 45 48 43 46 47 55 53 49 50 54 56 52 51 59 60 61 62 64 57 58 63 72 71 68 67 70 65 66 69  5  7  6  8  1  4  2  3 16 12 14 13 15 10 11  9 19 23 21 20 24 22 17 18
 37 34 40 33 39 36 35 38 46 43 48 47 44 41 42 45 50 49 52 53 56 51 54 55 63 61 57 58 62 64 60 59 67 68 69 70 72 65 66 71  8  7  4  3  6  1  2  5 13 15 14 16  9 12 10 11 24 20 22 21 23 18 19 17 27 31 29 28 32 30 25 26
 45 42 48 41 47 44 43 46 54 51 56 55 52 49 50 53 58 57 60 61 64 59 62 63 71 69 65 66 70 72 68 67  3  4  5  6  8  1  2  7 16 15 12 11 14  9 10 13 21 23 22 24 17 20 18 19 32 28 30 29 31 26 27 25 35 39 37 36 40 38 33 34
 13 10 16  9 15 12 11 14 22 19 24 23 20 17 18 21 26 25 28 29 32 27 30 31 39 37 33 34 38 40 36 35 43 44 45 46 48 41 42 47 56 55 52 51 54 49 50 53 61 63 62 64 57 60 58 59 72 68 70 69 71 66 67 65  3  7  5  4  8  6  1  2
 61 58 64 57 63 60 59 62 70 67 72 71 68 65 66 69  2  1  4  5  8  3  6  7 15 13  9 10 14 16 12 11 19 20 21 22 24 17 18 23 32 31 28 27 30 25 26 29 37 39 38 40 33 36 34 35 48 44 46 45 47 42 43 41 51 55 53 52 56 54 49 50
 21 18 24 17 23 20 19 22 30 27 32 31 28 25 26 29 34 33 36 37 40 35 38 39 47 45 41 42 46 48 44 43 51 52 53 54 56 49 50 55 64 63 60 59 62 57 58 61 69 71 70 72 65 68 66 67  8  4  6  5  7  2  3  1 11 15 13 12 16 14  9 10
 30 27 25 26 32 29 28 31 39 36 33 40 37 34 35 38 43 42 45 46 41 44 47 48 56 54 50 51 55 49 53 52 60 61 62 63 57 58 59 64 65 72 69 68 71 66 67 70  6  8  7  1  2  5  3  4  9 13 15 14 16 11 12 10 20 24 22 21 17 23 18 19
 14 11  9 10 16 13 12 15 23 20 17 24 21 18 19 22 27 26 29 30 25 28 31 32 40 38 34 35 39 33 37 36 44 45 46 47 41 42 43 48 49 56 53 52 55 50 51 54 62 64 63 57 58 61 59 60 65 69 71 70 72 67 68 66  4  8  6  5  1  7  2  3
 22 19 17 18 24 21 20 23 31 28 25 32 29 26 27 30 35 34 37 38 33 36 39 40 48 46 42 43 47 41 45 44 52 53 54 55 49 50 51 56 57 64 61 60 63 58 59 62 70 72 71 65 66 69 67 68  1  5  7  6  8  3  4  2 12 16 14 13  9 15 10 11
 38 35 33 34 40 37 36 39 47 44 41 48 45 42 43 46 51 50 53 54 49 52 55 56 64 62 58 59 63 57 61 60 68 69 70 71 65 66 67 72  1  8  5  4  7  2  3  6 14 16 15  9 10 13 11 12 17 21 23 22 24 19 20 18 28 32 30 29 25 31 26 27
 54 51 49 50 56 53 52 55 63 60 57 64 61 58 59 62 67 66 69 70 65 68 71 72  8  6  2  3  7  1  5  4 12 13 14 15  9 10 11 16 17 24 21 20 23 18 19 22 30 32 31 25 26 29 27 28 33 37 39 38 40 35 36 34 44 48 46 45 41 47 42 43
 46 43 41 42 48 45 44 47 55 52 49 56 53 50 51 54 59 58 61 62 57 60 63 64 72 70 66 67 71 65 69 68  4  5  6  7  1  2  3  8  9 16 13 12 15 10 11 14 22 24 23 17 18 21 19 20 25 29 31 30 32 27 28 26 36 40 38 37 33 39 34 35
 62 59 57 58 64 61 60 63 71 68 65 72 69 66 67 70  3  2  5  6  1  4  7  8 16 14 10 11 15  9 13 12 20 21 22 23 17 18 19 24 25 32 29 28 31 26 27 30 38 40 39 33 34 37 35 36 41 45 47 46 48 43 44 42 52 56 54 53 49 55 50 51
 70 67 65 66 72 69 68 71  7  4  1  8  5  2  3  6 11 10 13 14  9 12 15 16 24 22 18 19 23 17 21 20 28 29 30 31 25 26 27 32 33 40 37 36 39 34 35 38 46 48 47 41 42 45 43 44 49 53 55 54 56 51 52 50 60 64 62 61 57 63 58 59
  6  3  1  2  8  5  4  7 15 12  9 16 13 10 11 14 19 18 21 22 17 20 23 24 32 30 26 27 31 25 29 28 36 37 38 39 33 34 35 40 41 48 45 44 47 42 43 46 54 56 55 49 50 53 51 52 57 61 63 62 64 59 60 58 68 72 70 69 65 71 66 67
  7  4  2  3  1  6  5  8 16 13 10  9 14 11 12 15 20 19 22 23 18 21 24 17 25 31 27 28 32 26 30 29 37 38 39 40 34 35 36 33 42 41 46 45 48 43 44 47 55 49 56 50 51 54 52 53 58 62 64 63 57 60 61 59 69 65 71 70 66 72 67 68
 31 28 26 27 25 30 29 32 40 37 34 33 38 35 36 39 44 43 46 47 42 45 48 41 49 55 51 52 56 50 54 53 61 62 63 64 58 59 60 57 66 65 70 69 72 67 68 71  7  1  8  2  3  6  4  5 10 14 16 15  9 12 13 11 21 17 23 22 18 24 19 20
 63 60 58 59 57 62 61 64 72 69 66 65 70 67 68 71  4  3  6  7  2  5  8  1  9 15 11 12 16 10 14 13 21 22 23 24 18 19 20 17 26 25 30 29 32 27 28 31 39 33 40 34 35 38 36 37 42 46 48 47 41 44 45 43 53 49 55 54 50 56 51 52
 71 68 66 67 65 70 69 72  8  5  2  1  6  3  4  7 12 11 14 15 10 13 16  9 17 23 19 20 24 18 22 21 29 30 31 32 26 27 28 25 34 33 38 37 40 35 36 39 47 41 48 42 43 46 44 45 50 54 56 55 49 52 53 51 61 57 63 62 58 64 59 60
 15 12 10 11  9 14 13 16 24 21 18 17 22 19 20 23 28 27 30 31 26 29 32 25 33 39 35 36 40 34 38 37 45 46 47 48 42 43 44 41 50 49 54 53 56 51 52 55 63 57 64 58 59 62 60 61 66 70 72 71 65 68 69 67  5  1  7  6  2  8  3  4
 39 36 34 35 33 38 37 40 48 45 42 41 46 43 44 47 52 51 54 55 50 53 56 49 57 63 59 60 64 58 62 61 69 70 71 72 66 67 68 65  2  1  6  5  8  3  4  7 15  9 16 10 11 14 12 13 18 22 24 23 17 20 21 19 29 25 31 30 26 32 27 28
 47 44 42 43 41 46 45 48 56 53 50 49 54 51 52 55 60 59 62 63 58 61 64 57 65 71 67 68 72 66 70 69  5  6  7  8  2  3  4  1 10  9 14 13 16 11 12 15 23 17 24 18 19 22 20 21 26 30 32 31 25 28 29 27 37 33 39 38 34 40 35 36
 23 20 18 19 17 22 21 24 32 29 26 25 30 27 28 31 36 35 38 39 34 37 40 33 41 47 43 44 48 42 46 45 53 54 55 56 50 51 52 49 58 57 62 61 64 59 60 63 71 65 72 66 67 70 68 69  2  6  8  7  1  4  5  3 13  9 15 14 10 16 11 12
 55 52 50 51 49 54 53 56 64 61 58 57 62 59 60 63 68 67 70 71 66 69 72 65  1  7  3  4  8  2  6  5 13 14 15 16 10 11 12  9 18 17 22 21 24 19 20 23 31 25 32 26 27 30 28 29 34 38 40 39 33 36 37 35 45 41 47 46 42 48 43 44
 72 69 67 68 66 71 70 65  1  6  3  2  7  4  5  8 13 12 15 16 11 14  9 10 18 24 20 21 17 19 23 22 30 31 32 25 27 28 29 26 35 34 39 38 33 36 37 40 48 42 41 43 44 47 45 46 51 55 49 56 50 53 54 52 62 58 64 63 59 57 60 61
 56 53 51 52 50 55 54 49 57 62 59 58 63 60 61 64 69 68 71 72 67 70 65 66  2  8  4  5  1  3  7  6 14 15 16  9 11 12 13 10 19 18 23 22 17 20 21 24 32 26 25 27 28 31 29 30 35 39 33 40 34 37 38 36 46 42 48 47 43 41 44 45
 16 13 11 12 10 15 14  9 17 22 19 18 23 20 21 24 29 28 31 32 27 30 25 26 34 40 36 37 33 35 39 38 46 47 48 41 43 44 45 42 51 50 55 54 49 52 53 56 64 58 57 59 60 63 61 62 67 71 65 72 66 69 70 68  6  2  8  7  3  1  4  5
 40 37 35 36 34 39 38 33 41 46 43 42 47 44 45 48 53 52 55 56 51 54 49 50 58 64 60 61 57 59 63 62 70 71 72 65 67 68 69 66  3  2  7  6  1  4  5  8 16 10  9 11 12 15 13 14 19 23 17 24 18 21 22 20 30 26 32 31 27 25 28 29
 48 45 43 44 42 47 46 41 49 54 51 50 55 52 53 56 61 60 63 64 59 62 57 58 66 72 68 69 65 67 71 70  6  7  8  1  3  4  5  2 11 10 15 14  9 12 13 16 24 18 17 19 20 23 21 22 27 31 25 32 26 29 30 28 38 34 40 39 35 33 36 37
 32 29 27 28 26 31 30 25 33 38 35 34 39 36 37 40 45 44 47 48 43 46 41 42 50 56 52 53 49 51 55 54 62 63 64 57 59 60 61 58 67 66 71 70 65 68 69 72  8  2  1  3  4  7  5  6 11 15  9 16 10 13 14 12 22 18 24 23 19 17 20 21
  8  5  3  4  2  7  6  1  9 14 11 10 15 12 13 16 21 20 23 24 19 22 17 18 26 32 28 29 25 27 31 30 38 39 40 33 35 36 37 34 43 42 47 46 41 44 45 48 56 50 49 51 52 55 53 54 59 63 57 64 58 61 62 60 70 66 72 71 67 65 68 69
 24 21 19 20 18 23 22 17 25 30 27 26 31 28 29 32 37 36 39 40 35 38 33 34 42 48 44 45 41 43 47 46 54 55 56 49 51 52 53 50 59 58 63 62 57 60 61 64 72 66 65 67 68 71 69 70  3  7  1  8  2  5  6  4 14 10 16 15 11  9 12 13
 64 61 59 60 58 63 62 57 65 70 67 66 71 68 69 72  5  4  7  8  3  6  1  2 10 16 12 13  9 11 15 14 22 23 24 17 19 20 21 18 27 26 31 30 25 28 29 32 40 34 33 35 36 39 37 38 43 47 41 48 42 45 46 44 54 50 56 55 51 49 52 53
