 42 45 43 48 47 44 49 41 50 46 53 55 52 59 57 58 54 56 51 60  1  8  7  2 10  6  9  3  4  5 14 12 11 15 19 16 20 18 13 17 29 25 27 30 22 24 28 23 26 21 39 37 34 31 38 33 36 35 40 32
 12 15 13 18 17 14 19 11 20 16 23 25 22 29 27 28 24 26 21 30 31 38 37 32 40 36 39 33 34 35 44 42 41 45 49 46 50 48 43 47 59 55 57 60 52 54 58 53 56 51  9  7  4  1  8  3  6  5 10  2
 32 35 33 38 37 34 39 31 40 36 43 45 42 49 47 48 44 46 41 50 51 58 57 52 60 56 59 53 54 55  4  2  1  5  9  6 10  8  3  7 19 15 17 20 12 14 18 13 16 11 29 27 24 21 28 23 26 25 30 22
  2  5  3  8  7  4  9  1 10  6 13 15 12 19 17 18 14 16 11 20 21 28 27 22 30 26 29 23 24 25 34 32 31 35 39 36 40 38 33 37 49 45 47 50 42 44 48 43 46 41 59 57 54 51 58 53 56 55 60 52
 52 55 53 58 57 54 59 51 60 56  3  5  2  9  7  8  4  6  1 10 11 18 17 12 20 16 19 13 14 15 24 22 21 25 29 26 30 28 23 27 39 35 37 40 32 34 38 33 36 31 49 47 44 41 48 43 46 45 50 42
 22 25 23 28 27 24 29 21 30 26 33 35 32 39 37 38 34 36 31 40 41 48 47 42 50 46 49 43 44 45 54 52 51 55 59 56 60 58 53 57  9  5  7 10  2  4  8  3  6  1 19 17 14 11 18 13 16 15 20 12
  3  6  4  9  8  5 10  2  1  7 14 16 13 20 18 19 15 17 12 11 22 29 28 23 21 27 30 24 25 26 35 33 32 36 40 37 31 39 34 38 50 46 48 41 43 45 49 44 47 42 60 58 55 52 59 54 57 56 51 53
 53 56 54 59 58 55 60 52 51 57  4  6  3 10  8  9  5  7  2  1 12 19 18 13 11 17 20 14 15 16 25 23 22 26 30 27 21 29 24 28 40 36 38 31 33 35 39 34 37 32 50 48 45 42 49 44 47 46 41 43
 33 36 34 39 38 35 40 32 31 37 44 46 43 50 48 49 45 47 42 41 52 59 58 53 51 57 60 54 55 56  5  3  2  6 10  7  1  9  4  8 20 16 18 11 13 15 19 14 17 12 30 28 25 22 29 24 27 26 21 23
 13 16 14 19 18 15 20 12 11 17 24 26 23 30 28 29 25 27 22 21 32 39 38 33 31 37 40 34 35 36 45 43 42 46 50 47 41 49 44 48 60 56 58 51 53 55 59 54 57 52 10  8  5  2  9  4  7  6  1  3
 23 26 24 29 28 25 30 22 21 27 34 36 33 40 38 39 35 37 32 31 42 49 48 43 41 47 50 44 45 46 55 53 52 56 60 57 51 59 54 58 10  6  8  1  3  5  9  4  7  2 20 18 15 12 19 14 17 16 11 13
 43 46 44 49 48 45 50 42 41 47 54 56 53 60 58 59 55 57 52 51  2  9  8  3  1  7 10  4  5  6 15 13 12 16 20 17 11 19 14 18 30 26 28 21 23 25 29 24 27 22 40 38 35 32 39 34 37 36 31 33
 54 57 55 60 59 56 51 53 52 58  5  7  4  1  9 10  6  8  3  2 13 20 19 14 12 18 11 15 16 17 26 24 23 27 21 28 22 30 25 29 31 37 39 32 34 36 40 35 38 33 41 49 46 43 50 45 48 47 42 44
 14 17 15 20 19 16 11 13 12 18 25 27 24 21 29 30 26 28 23 22 33 40 39 34 32 38 31 35 36 37 46 44 43 47 41 48 42 50 45 49 51 57 59 52 54 56 60 55 58 53  1  9  6  3 10  5  8  7  2  4
 34 37 35 40 39 36 31 33 32 38 45 47 44 41 49 50 46 48 43 42 53 60 59 54 52 58 51 55 56 57  6  4  3  7  1  8  2 10  5  9 11 17 19 12 14 16 20 15 18 13 21 29 26 23 30 25 28 27 22 24
 44 47 45 50 49 46 41 43 42 48 55 57 54 51 59 60 56 58 53 52  3 10  9  4  2  8  1  5  6  7 16 14 13 17 11 18 12 20 15 19 21 27 29 22 24 26 30 25 28 23 31 39 36 33 40 35 38 37 32 34
  4  7  5 10  9  6  1  3  2  8 15 17 14 11 19 20 16 18 13 12 23 30 29 24 22 28 21 25 26 27 36 34 33 37 31 38 32 40 35 39 41 47 49 42 44 46 50 45 48 43 51 59 56 53 60 55 58 57 52 54
 24 27 25 30 29 26 21 23 22 28 35 37 34 31 39 40 36 38 33 32 43 50 49 44 42 48 41 45 46 47 56 54 53 57 51 58 52 60 55 59  1  7  9  2  4  6 10  5  8  3 11 19 16 13 20 15 18 17 12 14
  5  8  6  1 10  7  2  4  3  9 16 18 15 12 20 11 17 19 14 13 24 21 30 25 23 29 22 26 27 28 37 35 34 38 32 39 33 31 36 40 42 48 50 43 45 47 41 46 49 44 52 60 57 54 51 56 59 58 53 55
 15 18 16 11 20 17 12 14 13 19 26 28 25 22 30 21 27 29 24 23 34 31 40 35 33 39 32 36 37 38 47 45 44 48 42 49 43 41 46 50 52 58 60 53 55 57 51 56 59 54  2 10  7  4  1  6  9  8  3  5
 55 58 56 51 60 57 52 54 53 59  6  8  5  2 10  1  7  9  4  3 14 11 20 15 13 19 12 16 17 18 27 25 24 28 22 29 23 21 26 30 32 38 40 33 35 37 31 36 39 34 42 50 47 44 41 46 49 48 43 45
 25 28 26 21 30 27 22 24 23 29 36 38 35 32 40 31 37 39 34 33 44 41 50 45 43 49 42 46 47 48 57 55 54 58 52 59 53 51 56 60  2  8 10  3  5  7  1  6  9  4 12 20 17 14 11 16 19 18 13 15
 45 48 46 41 50 47 42 44 43 49 56 58 55 52 60 51 57 59 54 53  4  1 10  5  3  9  2  6  7  8 17 15 14 18 12 19 13 11 16 20 22 28 30 23 25 27 21 26 29 24 32 40 37 34 31 36 39 38 33 35
 35 38 36 31 40 37 32 34 33 39 46 48 45 42 50 41 47 49 44 43 54 51 60 55 53 59 52 56 57 58  7  5  4  8  2  9  3  1  6 10 12 18 20 13 15 17 11 16 19 14 22 30 27 24 21 26 29 28 23 25
 26 29 27 22 21 28 23 25 24 30 37 39 36 33 31 32 38 40 35 34 45 42 41 46 44 50 43 47 48 49 58 56 55 59 53 60 54 52 57 51  3  9  1  4  6  8  2  7 10  5 13 11 18 15 12 17 20 19 14 16
 36 39 37 32 31 38 33 35 34 40 47 49 46 43 41 42 48 50 45 44 55 52 51 56 54 60 53 57 58 59  8  6  5  9  3 10  4  2  7  1 13 19 11 14 16 18 12 17 20 15 23 21 28 25 22 27 30 29 24 26
 16 19 17 12 11 18 13 15 14 20 27 29 26 23 21 22 28 30 25 24 35 32 31 36 34 40 33 37 38 39 48 46 45 49 43 50 44 42 47 41 53 59 51 54 56 58 52 57 60 55  3  1  8  5  2  7 10  9  4  6
 56 59 57 52 51 58 53 55 54 60  7  9  6  3  1  2  8 10  5  4 15 12 11 16 14 20 13 17 18 19 28 26 25 29 23 30 24 22 27 21 33 39 31 34 36 38 32 37 40 35 43 41 48 45 42 47 50 49 44 46
  6  9  7  2  1  8  3  5  4 10 17 19 16 13 11 12 18 20 15 14 25 22 21 26 24 30 23 27 28 29 38 36 35 39 33 40 34 32 37 31 43 49 41 44 46 48 42 47 50 45 53 51 58 55 52 57 60 59 54 56
 46 49 47 42 41 48 43 45 44 50 57 59 56 53 51 52 58 60 55 54  5  2  1  6  4 10  3  7  8  9 18 16 15 19 13 20 14 12 17 11 23 29 21 24 26 28 22 27 30 25 33 31 38 35 32 37 40 39 34 36
 27 30 28 23 22 29 24 26 25 21 38 40 37 34 32 33 39 31 36 35 46 43 42 47 45 41 44 48 49 50 59 57 56 60 54 51 55 53 58 52  4 10  2  5  7  9  3  8  1  6 14 12 19 16 13 18 11 20 15 17
 37 40 38 33 32 39 34 36 35 31 48 50 47 44 42 43 49 41 46 45 56 53 52 57 55 51 54 58 59 60  9  7  6 10  4  1  5  3  8  2 14 20 12 15 17 19 13 18 11 16 24 22 29 26 23 28 21 30 25 27
 47 50 48 43 42 49 44 46 45 41 58 60 57 54 52 53 59 51 56 55  6  3  2  7  5  1  4  8  9 10 19 17 16 20 14 11 15 13 18 12 24 30 22 25 27 29 23 28 21 26 34 32 39 36 33 38 31 40 35 37
  7 10  8  3  2  9  4  6  5  1 18 20 17 14 12 13 19 11 16 15 26 23 22 27 25 21 24 28 29 30 39 37 36 40 34 31 35 33 38 32 44 50 42 45 47 49 43 48 41 46 54 52 59 56 53 58 51 60 55 57
 17 20 18 13 12 19 14 16 15 11 28 30 27 24 22 23 29 21 26 25 36 33 32 37 35 31 34 38 39 40 49 47 46 50 44 41 45 43 48 42 54 60 52 55 57 59 53 58 51 56  4  2  9  6  3  8  1 10  5  7
 57 60 58 53 52 59 54 56 55 51  8 10  7  4  2  3  9  1  6  5 16 13 12 17 15 11 14 18 19 20 29 27 26 30 24 21 25 23 28 22 34 40 32 35 37 39 33 38 31 36 44 42 49 46 43 48 41 50 45 47
  8  1  9  4  3 10  5  7  6  2 19 11 18 15 13 14 20 12 17 16 27 24 23 28 26 22 25 29 30 21 40 38 37 31 35 32 36 34 39 33 45 41 43 46 48 50 44 49 42 47 55 53 60 57 54 59 52 51 56 58
 18 11 19 14 13 20 15 17 16 12 29 21 28 25 23 24 30 22 27 26 37 34 33 38 36 32 35 39 40 31 50 48 47 41 45 42 46 44 49 43 55 51 53 56 58 60 54 59 52 57  5  3 10  7  4  9  2  1  6  8
 58 51 59 54 53 60 55 57 56 52  9  1  8  5  3  4 10  2  7  6 17 14 13 18 16 12 15 19 20 11 30 28 27 21 25 22 26 24 29 23 35 31 33 36 38 40 34 39 32 37 45 43 50 47 44 49 42 41 46 48
 38 31 39 34 33 40 35 37 36 32 49 41 48 45 43 44 50 42 47 46 57 54 53 58 56 52 55 59 60 51 10  8  7  1  5  2  6  4  9  3 15 11 13 16 18 20 14 19 12 17 25 23 30 27 24 29 22 21 26 28
 48 41 49 44 43 50 45 47 46 42 59 51 58 55 53 54 60 52 57 56  7  4  3  8  6  2  5  9 10  1 20 18 17 11 15 12 16 14 19 13 25 21 23 26 28 30 24 29 22 27 35 33 40 37 34 39 32 31 36 38
 28 21 29 24 23 30 25 27 26 22 39 31 38 35 33 34 40 32 37 36 47 44 43 48 46 42 45 49 50 41 60 58 57 51 55 52 56 54 59 53  5  1  3  6  8 10  4  9  2  7 15 13 20 17 14 19 12 11 16 18
 29 22 30 25 24 21 26 28 27 23 40 32 39 36 34 35 31 33 38 37 48 45 44 49 47 43 46 50 41 42 51 59 58 52 56 53 57 55 60 54  6  2  4  7  9  1  5 10  3  8 16 14 11 18 15 20 13 12 17 19
 39 32 40 35 34 31 36 38 37 33 50 42 49 46 44 45 41 43 48 47 58 55 54 59 57 53 56 60 51 52  1  9  8  2  6  3  7  5 10  4 16 12 14 17 19 11 15 20 13 18 26 24 21 28 25 30 23 22 27 29
 59 52 60 55 54 51 56 58 57 53 10  2  9  6  4  5  1  3  8  7 18 15 14 19 17 13 16 20 11 12 21 29 28 22 26 23 27 25 30 24 36 32 34 37 39 31 35 40 33 38 46 44 41 48 45 50 43 42 47 49
 19 12 20 15 14 11 16 18 17 13 30 22 29 26 24 25 21 23 28 27 38 35 34 39 37 33 36 40 31 32 41 49 48 42 46 43 47 45 50 44 56 52 54 57 59 51 55 60 53 58  6  4  1  8  5 10  3  2  7  9
  9  2 10  5  4  1  6  8  7  3 20 12 19 16 14 15 11 13 18 17 28 25 24 29 27 23 26 30 21 22 31 39 38 32 36 33 37 35 40 34 46 42 44 47 49 41 45 50 43 48 56 54 51 58 55 60 53 52 57 59
 49 42 50 45 44 41 46 48 47 43 60 52 59 56 54 55 51 53 58 57  8  5  4  9  7  3  6 10  1  2 11 19 18 12 16 13 17 15 20 14 26 22 24 27 29 21 25 30 23 28 36 34 31 38 35 40 33 32 37 39
 60 53 51 56 55 52 57 59 58 54  1  3 10  7  5  6  2  4  9  8 19 16 15 20 18 14 17 11 12 13 22 30 29 23 27 24 28 26 21 25 37 33 35 38 40 32 36 31 34 39 47 45 42 49 46 41 44 43 48 50
 50 43 41 46 45 42 47 49 48 44 51 53 60 57 55 56 52 54 59 58  9  6  5 10  8  4  7  1  2  3 12 20 19 13 17 14 18 16 11 15 27 23 25 28 30 22 26 21 24 29 37 35 32 39 36 31 34 33 38 40
 40 33 31 36 35 32 37 39 38 34 41 43 50 47 45 46 42 44 49 48 59 56 55 60 58 54 57 51 52 53  2 10  9  3  7  4  8  6  1  5 17 13 15 18 20 12 16 11 14 19 27 25 22 29 26 21 24 23 28 30
 10  3  1  6  5  2  7  9  8  4 11 13 20 17 15 16 12 14 19 18 29 26 25 30 28 24 27 21 22 23 32 40 39 33 37 34 38 36 31 35 47 43 45 48 50 42 46 41 44 49 57 55 52 59 56 51 54 53 58 60
 20 13 11 16 15 12 17 19 18 14 21 23 30 27 25 26 22 24 29 28 39 36 35 40 38 34 37 31 32 33 42 50 49 43 47 44 48 46 41 45 57 53 55 58 60 52 56 51 54 59  7  5  2  9  6  1  4  3  8 10
 30 23 21 26 25 22 27 29 28 24 31 33 40 37 35 36 32 34 39 38 49 46 45 50 48 44 47 41 42 43 52 60 59 53 57 54 58 56 51 55  7  3  5  8 10  2  6  1  4  9 17 15 12 19 16 11 14 13 18 20
 51 54 52 57 56 53 58 60 59 55  2  4  1  8  6  7  3  5 10  9 20 17 16 11 19 15 18 12 13 14 23 21 30 24 28 25 29 27 22 26 38 34 36 39 31 33 37 32 35 40 48 46 43 50 47 42 45 44 49 41
 41 44 42 47 46 43 48 50 49 45 52 54 51 58 56 57 53 55 60 59 10  7  6  1  9  5  8  2  3  4 13 11 20 14 18 15 19 17 12 16 28 24 26 29 21 23 27 22 25 30 38 36 33 40 37 32 35 34 39 31
 11 14 12 17 16 13 18 20 19 15 22 24 21 28 26 27 23 25 30 29 40 37 36 31 39 35 38 32 33 34 43 41 50 44 48 45 49 47 42 46 58 54 56 59 51 53 57 52 55 60  8  6  3 10  7  2  5  4  9  1
  1  4  2  7  6  3  8 10  9  5 12 14 11 18 16 17 13 15 20 19 30 27 26 21 29 25 28 22 23 24 33 31 40 34 38 35 39 37 32 36 48 44 46 49 41 43 47 42 45 50 58 56 53 60 57 52 55 54 59 51
 21 24 22 27 26 23 28 30 29 25 32 34 31 38 36 37 33 35 40 39 50 47 46 41 49 45 48 42 43 44 53 51 60 54 58 55 59 57 52 56  8  4  6  9  1  3  7  2  5 10 18 16 13 20 17 12 15 14 19 11
 31 34 32 37 36 33 38 40 39 35 42 44 41 48 46 47 43 45 50 49 60 57 56 51 59 55 58 52 53 54  3  1 10  4  8  5  9  7  2  6 18 14 16 19 11 13 17 12 15 20 28 26 23 30 27 22 25 24 29 21
