 50 45 44 49 46 42 47 41 43 48 59 58 52 56 55 54 51 57 60 53  1  2  9  6  5 10  3  8  7  4 14 13 20 17 18 12 19 11 16 15 27 25 29 26 24 22 21 30 28 23 35 40 37 32 39 33 36 31 34 38
 60 55 54 59 56 52 57 51 53 58  9  8  2  6  5  4  1  7 10  3 11 12 19 16 15 20 13 18 17 14 24 23 30 27 28 22 29 21 26 25 37 35 39 36 34 32 31 40 38 33 45 50 47 42 49 43 46 41 44 48
 30 25 24 29 26 22 27 21 23 28 39 38 32 36 35 34 31 37 40 33 41 42 49 46 45 50 43 48 47 44 54 53 60 57 58 52 59 51 56 55  7  5  9  6  4  2  1 10  8  3 15 20 17 12 19 13 16 11 14 18
 20 15 14 19 16 12 17 11 13 18 29 28 22 26 25 24 21 27 30 23 31 32 39 36 35 40 33 38 37 34 44 43 50 47 48 42 49 41 46 45 57 55 59 56 54 52 51 60 58 53  5 10  7  2  9  3  6  1  4  8
 40 35 34 39 36 32 37 31 33 38 49 48 42 46 45 44 41 47 50 43 51 52 59 56 55 60 53 58 57 54  4  3 10  7  8  2  9  1  6  5 17 15 19 16 14 12 11 20 18 13 25 30 27 22 29 23 26 21 24 28
 10  5  4  9  6  2  7  1  3  8 19 18 12 16 15 14 11 17 20 13 21 22 29 26 25 30 23 28 27 24 34 33 40 37 38 32 39 31 36 35 47 45 49 46 44 42 41 50 48 43 55 60 57 52 59 53 56 51 54 58
 21 26 25 30 27 23 28 22 24 29 40 39 33 37 36 35 32 38 31 34 42 43 50 47 46 41 44 49 48 45 55 54 51 58 59 53 60 52 57 56  8  6 10  7  5  3  2  1  9  4 16 11 18 13 20 14 17 12 15 19
  1  6  5 10  7  3  8  2  4  9 20 19 13 17 16 15 12 18 11 14 22 23 30 27 26 21 24 29 28 25 35 34 31 38 39 33 40 32 37 36 48 46 50 47 45 43 42 41 49 44 56 51 58 53 60 54 57 52 55 59
 51 56 55 60 57 53 58 52 54 59 10  9  3  7  6  5  2  8  1  4 12 13 20 17 16 11 14 19 18 15 25 24 21 28 29 23 30 22 27 26 38 36 40 37 35 33 32 31 39 34 46 41 48 43 50 44 47 42 45 49
 11 16 15 20 17 13 18 12 14 19 30 29 23 27 26 25 22 28 21 24 32 33 40 37 36 31 34 39 38 35 45 44 41 48 49 43 50 42 47 46 58 56 60 57 55 53 52 51 59 54  6  1  8  3 10  4  7  2  5  9
 31 36 35 40 37 33 38 32 34 39 50 49 43 47 46 45 42 48 41 44 52 53 60 57 56 51 54 59 58 55  5  4  1  8  9  3 10  2  7  6 18 16 20 17 15 13 12 11 19 14 26 21 28 23 30 24 27 22 25 29
 41 46 45 50 47 43 48 42 44 49 60 59 53 57 56 55 52 58 51 54  2  3 10  7  6  1  4  9  8  5 15 14 11 18 19 13 20 12 17 16 28 26 30 27 25 23 22 21 29 24 36 31 38 33 40 34 37 32 35 39
  2  7  6  1  8  4  9  3  5 10 11 20 14 18 17 16 13 19 12 15 23 24 21 28 27 22 25 30 29 26 36 35 32 39 40 34 31 33 38 37 49 47 41 48 46 44 43 42 50 45 57 52 59 54 51 55 58 53 56 60
 32 37 36 31 38 34 39 33 35 40 41 50 44 48 47 46 43 49 42 45 53 54 51 58 57 52 55 60 59 56  6  5  2  9 10  4  1  3  8  7 19 17 11 18 16 14 13 12 20 15 27 22 29 24 21 25 28 23 26 30
 12 17 16 11 18 14 19 13 15 20 21 30 24 28 27 26 23 29 22 25 33 34 31 38 37 32 35 40 39 36 46 45 42 49 50 44 41 43 48 47 59 57 51 58 56 54 53 52 60 55  7  2  9  4  1  5  8  3  6 10
 22 27 26 21 28 24 29 23 25 30 31 40 34 38 37 36 33 39 32 35 43 44 41 48 47 42 45 50 49 46 56 55 52 59 60 54 51 53 58 57  9  7  1  8  6  4  3  2 10  5 17 12 19 14 11 15 18 13 16 20
 52 57 56 51 58 54 59 53 55 60  1 10  4  8  7  6  3  9  2  5 13 14 11 18 17 12 15 20 19 16 26 25 22 29 30 24 21 23 28 27 39 37 31 38 36 34 33 32 40 35 47 42 49 44 41 45 48 43 46 50
 42 47 46 41 48 44 49 43 45 50 51 60 54 58 57 56 53 59 52 55  3  4  1  8  7  2  5 10  9  6 16 15 12 19 20 14 11 13 18 17 29 27 21 28 26 24 23 22 30 25 37 32 39 34 31 35 38 33 36 40
 13 18 17 12 19 15 20 14 16 11 22 21 25 29 28 27 24 30 23 26 34 35 32 39 38 33 36 31 40 37 47 46 43 50 41 45 42 44 49 48 60 58 52 59 57 55 54 53 51 56  8  3 10  5  2  6  9  4  7  1
 53 58 57 52 59 55 60 54 56 51  2  1  5  9  8  7  4 10  3  6 14 15 12 19 18 13 16 11 20 17 27 26 23 30 21 25 22 24 29 28 40 38 32 39 37 35 34 33 31 36 48 43 50 45 42 46 49 44 47 41
  3  8  7  2  9  5 10  4  6  1 12 11 15 19 18 17 14 20 13 16 24 25 22 29 28 23 26 21 30 27 37 36 33 40 31 35 32 34 39 38 50 48 42 49 47 45 44 43 41 46 58 53 60 55 52 56 59 54 57 51
 23 28 27 22 29 25 30 24 26 21 32 31 35 39 38 37 34 40 33 36 44 45 42 49 48 43 46 41 50 47 57 56 53 60 51 55 52 54 59 58 10  8  2  9  7  5  4  3  1  6 18 13 20 15 12 16 19 14 17 11
 33 38 37 32 39 35 40 34 36 31 42 41 45 49 48 47 44 50 43 46 54 55 52 59 58 53 56 51 60 57  7  6  3 10  1  5  2  4  9  8 20 18 12 19 17 15 14 13 11 16 28 23 30 25 22 26 29 24 27 21
 43 48 47 42 49 45 50 44 46 41 52 51 55 59 58 57 54 60 53 56  4  5  2  9  8  3  6  1 10  7 17 16 13 20 11 15 12 14 19 18 30 28 22 29 27 25 24 23 21 26 38 33 40 35 32 36 39 34 37 31
  4  9  8  3 10  6  1  5  7  2 13 12 16 20 19 18 15 11 14 17 25 26 23 30 29 24 27 22 21 28 38 37 34 31 32 36 33 35 40 39 41 49 43 50 48 46 45 44 42 47 59 54 51 56 53 57 60 55 58 52
 24 29 28 23 30 26 21 25 27 22 33 32 36 40 39 38 35 31 34 37 45 46 43 50 49 44 47 42 41 48 58 57 54 51 52 56 53 55 60 59  1  9  3 10  8  6  5  4  2  7 19 14 11 16 13 17 20 15 18 12
 34 39 38 33 40 36 31 35 37 32 43 42 46 50 49 48 45 41 44 47 55 56 53 60 59 54 57 52 51 58  8  7  4  1  2  6  3  5 10  9 11 19 13 20 18 16 15 14 12 17 29 24 21 26 23 27 30 25 28 22
 44 49 48 43 50 46 41 45 47 42 53 52 56 60 59 58 55 51 54 57  5  6  3 10  9  4  7  2  1  8 18 17 14 11 12 16 13 15 20 19 21 29 23 30 28 26 25 24 22 27 39 34 31 36 33 37 40 35 38 32
 14 19 18 13 20 16 11 15 17 12 23 22 26 30 29 28 25 21 24 27 35 36 33 40 39 34 37 32 31 38 48 47 44 41 42 46 43 45 50 49 51 59 53 60 58 56 55 54 52 57  9  4  1  6  3  7 10  5  8  2
 54 59 58 53 60 56 51 55 57 52  3  2  6 10  9  8  5  1  4  7 15 16 13 20 19 14 17 12 11 18 28 27 24 21 22 26 23 25 30 29 31 39 33 40 38 36 35 34 32 37 49 44 41 46 43 47 50 45 48 42
 25 30 29 24 21 27 22 26 28 23 34 33 37 31 40 39 36 32 35 38 46 47 44 41 50 45 48 43 42 49 59 58 55 52 53 57 54 56 51 60  2 10  4  1  9  7  6  5  3  8 20 15 12 17 14 18 11 16 19 13
 35 40 39 34 31 37 32 36 38 33 44 43 47 41 50 49 46 42 45 48 56 57 54 51 60 55 58 53 52 59  9  8  5  2  3  7  4  6  1 10 12 20 14 11 19 17 16 15 13 18 30 25 22 27 24 28 21 26 29 23
 55 60 59 54 51 57 52 56 58 53  4  3  7  1 10  9  6  2  5  8 16 17 14 11 20 15 18 13 12 19 29 28 25 22 23 27 24 26 21 30 32 40 34 31 39 37 36 35 33 38 50 45 42 47 44 48 41 46 49 43
  5 10  9  4  1  7  2  6  8  3 14 13 17 11 20 19 16 12 15 18 26 27 24 21 30 25 28 23 22 29 39 38 35 32 33 37 34 36 31 40 42 50 44 41 49 47 46 45 43 48 60 55 52 57 54 58 51 56 59 53
 45 50 49 44 41 47 42 46 48 43 54 53 57 51 60 59 56 52 55 58  6  7  4  1 10  5  8  3  2  9 19 18 15 12 13 17 14 16 11 20 22 30 24 21 29 27 26 25 23 28 40 35 32 37 34 38 31 36 39 33
 15 20 19 14 11 17 12 16 18 13 24 23 27 21 30 29 26 22 25 28 36 37 34 31 40 35 38 33 32 39 49 48 45 42 43 47 44 46 41 50 52 60 54 51 59 57 56 55 53 58 10  5  2  7  4  8  1  6  9  3
 46 41 50 45 42 48 43 47 49 44 55 54 58 52 51 60 57 53 56 59  7  8  5  2  1  6  9  4  3 10 20 19 16 13 14 18 15 17 12 11 23 21 25 22 30 28 27 26 24 29 31 36 33 38 35 39 32 37 40 34
 56 51 60 55 52 58 53 57 59 54  5  4  8  2  1 10  7  3  6  9 17 18 15 12 11 16 19 14 13 20 30 29 26 23 24 28 25 27 22 21 33 31 35 32 40 38 37 36 34 39 41 46 43 48 45 49 42 47 50 44
 16 11 20 15 12 18 13 17 19 14 25 24 28 22 21 30 27 23 26 29 37 38 35 32 31 36 39 34 33 40 50 49 46 43 44 48 45 47 42 41 53 51 55 52 60 58 57 56 54 59  1  6  3  8  5  9  2  7 10  4
  6  1 10  5  2  8  3  7  9  4 15 14 18 12 11 20 17 13 16 19 27 28 25 22 21 26 29 24 23 30 40 39 36 33 34 38 35 37 32 31 43 41 45 42 50 48 47 46 44 49 51 56 53 58 55 59 52 57 60 54
 26 21 30 25 22 28 23 27 29 24 35 34 38 32 31 40 37 33 36 39 47 48 45 42 41 46 49 44 43 50 60 59 56 53 54 58 55 57 52 51  3  1  5  2 10  8  7  6  4  9 11 16 13 18 15 19 12 17 20 14
 36 31 40 35 32 38 33 37 39 34 45 44 48 42 41 50 47 43 46 49 57 58 55 52 51 56 59 54 53 60 10  9  6  3  4  8  5  7  2  1 13 11 15 12 20 18 17 16 14 19 21 26 23 28 25 29 22 27 30 24
 47 42 41 46 43 49 44 48 50 45 56 55 59 53 52 51 58 54 57 60  8  9  6  3  2  7 10  5  4  1 11 20 17 14 15 19 16 18 13 12 24 22 26 23 21 29 28 27 25 30 32 37 34 39 36 40 33 38 31 35
 37 32 31 36 33 39 34 38 40 35 46 45 49 43 42 41 48 44 47 50 58 59 56 53 52 57 60 55 54 51  1 10  7  4  5  9  6  8  3  2 14 12 16 13 11 19 18 17 15 20 22 27 24 29 26 30 23 28 21 25
 57 52 51 56 53 59 54 58 60 55  6  5  9  3  2  1  8  4  7 10 18 19 16 13 12 17 20 15 14 11 21 30 27 24 25 29 26 28 23 22 34 32 36 33 31 39 38 37 35 40 42 47 44 49 46 50 43 48 41 45
 27 22 21 26 23 29 24 28 30 25 36 35 39 33 32 31 38 34 37 40 48 49 46 43 42 47 50 45 44 41 51 60 57 54 55 59 56 58 53 52  4  2  6  3  1  9  8  7  5 10 12 17 14 19 16 20 13 18 11 15
 17 12 11 16 13 19 14 18 20 15 26 25 29 23 22 21 28 24 27 30 38 39 36 33 32 37 40 35 34 31 41 50 47 44 45 49 46 48 43 42 54 52 56 53 51 59 58 57 55 60  2  7  4  9  6 10  3  8  1  5
  7  2  1  6  3  9  4  8 10  5 16 15 19 13 12 11 18 14 17 20 28 29 26 23 22 27 30 25 24 21 31 40 37 34 35 39 36 38 33 32 44 42 46 43 41 49 48 47 45 50 52 57 54 59 56 60 53 58 51 55
 48 43 42 47 44 50 45 49 41 46 57 56 60 54 53 52 59 55 58 51  9 10  7  4  3  8  1  6  5  2 12 11 18 15 16 20 17 19 14 13 25 23 27 24 22 30 29 28 26 21 33 38 35 40 37 31 34 39 32 36
 28 23 22 27 24 30 25 29 21 26 37 36 40 34 33 32 39 35 38 31 49 50 47 44 43 48 41 46 45 42 52 51 58 55 56 60 57 59 54 53  5  3  7  4  2 10  9  8  6  1 13 18 15 20 17 11 14 19 12 16
 18 13 12 17 14 20 15 19 11 16 27 26 30 24 23 22 29 25 28 21 39 40 37 34 33 38 31 36 35 32 42 41 48 45 46 50 47 49 44 43 55 53 57 54 52 60 59 58 56 51  3  8  5 10  7  1  4  9  2  6
 38 33 32 37 34 40 35 39 31 36 47 46 50 44 43 42 49 45 48 41 59 60 57 54 53 58 51 56 55 52  2  1  8  5  6 10  7  9  4  3 15 13 17 14 12 20 19 18 16 11 23 28 25 30 27 21 24 29 22 26
  8  3  2  7  4 10  5  9  1  6 17 16 20 14 13 12 19 15 18 11 29 30 27 24 23 28 21 26 25 22 32 31 38 35 36 40 37 39 34 33 45 43 47 44 42 50 49 48 46 41 53 58 55 60 57 51 54 59 52 56
 58 53 52 57 54 60 55 59 51 56  7  6 10  4  3  2  9  5  8  1 19 20 17 14 13 18 11 16 15 12 22 21 28 25 26 30 27 29 24 23 35 33 37 34 32 40 39 38 36 31 43 48 45 50 47 41 44 49 42 46
 29 24 23 28 25 21 26 30 22 27 38 37 31 35 34 33 40 36 39 32 50 41 48 45 44 49 42 47 46 43 53 52 59 56 57 51 58 60 55 54  6  4  8  5  3  1 10  9  7  2 14 19 16 11 18 12 15 20 13 17
 59 54 53 58 55 51 56 60 52 57  8  7  1  5  4  3 10  6  9  2 20 11 18 15 14 19 12 17 16 13 23 22 29 26 27 21 28 30 25 24 36 34 38 35 33 31 40 39 37 32 44 49 46 41 48 42 45 50 43 47
  9  4  3  8  5  1  6 10  2  7 18 17 11 15 14 13 20 16 19 12 30 21 28 25 24 29 22 27 26 23 33 32 39 36 37 31 38 40 35 34 46 44 48 45 43 41 50 49 47 42 54 59 56 51 58 52 55 60 53 57
 19 14 13 18 15 11 16 20 12 17 28 27 21 25 24 23 30 26 29 22 40 31 38 35 34 39 32 37 36 33 43 42 49 46 47 41 48 50 45 44 56 54 58 55 53 51 60 59 57 52  4  9  6  1  8  2  5 10  3  7
 39 34 33 38 35 31 36 40 32 37 48 47 41 45 44 43 50 46 49 42 60 51 58 55 54 59 52 57 56 53  3  2  9  6  7  1  8 10  5  4 16 14 18 15 13 11 20 19 17 12 24 29 26 21 28 22 25 30 23 27
 49 44 43 48 45 41 46 50 42 47 58 57 51 55 54 53 60 56 59 52 10  1  8  5  4  9  2  7  6  3 13 12 19 16 17 11 18 20 15 14 26 24 28 25 23 21 30 29 27 22 34 39 36 31 38 32 35 40 33 37
