-----------------------------------------------------
|  1 11  4  |  7  9 10  |  6  3  8  | 12  2  5  |
|  2  8 12  |  4  3  5  |  7 10 11  |  1  9  6  |
|  3  9 10  |  1  2  6  |  4 12  5  |  8  7 11  |
|  6  5  7  |  8 11 12  |  2  9  1  | 10  3  4  |
-----------------------------------------------------
|  4  6  8  |  9  5  7  |  1  2  3  | 11 10 12  |
| 10  1  2  |  3  8  4  | 12 11  6  |  9  5  7  |
|  9 12  5  |  2 10 11  |  8  4  7  |  3  6  1  |
|  7  3 11  | 12  6  1  |  9  5 10  |  4  8  2  |
-----------------------------------------------------
| 12  2  1  |  5  7  3  | 11  8  9  |  6  4 10  |
|  5 10  9  |  6  4  2  |  3  1 12  |  7 11  8  |
|  8  4  6  | 11  1  9  | 10  7  2  |  5 12  3  |
| 11  7  3  | 10 12  8  |  5  6  4  |  2  1  9  |
-----------------------------------------------------
