-----------------------------------------------------
|  8 11  6  |  7 10  5  |  4 12  3  |  1  9  2  |
|  2 12  5  |  8  3  9  | 10  7  1  |  6  4 11  |
|  1  4  9  | 11  6 12  |  8  5  2  | 10  3  7  |
| 10  3  7  |  2  1  4  |  6 11  9  |  5  8 12  |
-----------------------------------------------------
|  9  8  2  | 10 12 11  |  3  4  6  |  7  5  1  |
|  3  7 12  |  9  8  2  | 11  1  5  |  4  6 10  |
|  5  6 11  |  1  4  3  |  9 10  7  |  2 12  8  |
|  4 10  1  |  6  5  7  |  2  8 12  |  3 11  9  |
-----------------------------------------------------
|  6  1  8  |  3  2 10  | 12  9  4  | 11  7  5  |
|  7  5  3  |  4  9  8  |  1  2 11  | 12 10  6  |
| 12  9  4  |  5 11  1  |  7  6 10  |  8  2  3  |
| 11  2 10  | 12  7  6  |  5  3  8  |  9  1  4  |
-----------------------------------------------------
