-----------------------------------------------------
|  6  4  2  |  7  1 11  | 10 12  9  |  5  8  3  |
| 11  7 10  |  2  4  8  |  6  3  5  |  9 12  1  |
|  5  1  3  |  6  9 12  |  8  4 11  |  2  7 10  |
| 12  8  9  |  5 10  3  |  2  7  1  | 11  6  4  |
-----------------------------------------------------
|  8  5  6  |  1  2  9  | 11 10  7  |  4  3 12  |
|  3 10 12  | 11  5  4  |  1  2  8  |  7  9  6  |
|  9 11  1  | 12  6  7  |  4  5  3  |  8 10  2  |
|  4  2  7  |  3  8 10  | 12  9  6  |  1  5 11  |
-----------------------------------------------------
|  2  6  8  |  4  3  5  |  9 11 12  | 10  1  7  |
| 10  3  5  |  9 12  2  |  7  1  4  |  6 11  8  |
|  7  9  4  |  8 11  1  |  3  6 10  | 12  2  5  |
|  1 12 11  | 10  7  6  |  5  8  2  |  3  4  9  |
-----------------------------------------------------
