-----------------------------------------------------
|  8  9  5  |  3 11  7  | 10  2  6  |  1  4 12  |
|  7 11 12  |  5  1  4  |  3  8  9  |  2 10  6  |
| 10  1  4  |  9  6  2  | 11  7 12  |  3  8  5  |
|  3  2  6  | 10  8 12  |  1  4  5  |  9  7 11  |
-----------------------------------------------------
|  4  7  9  |  1  5 11  |  6 12  2  | 10  3  8  |
| 12  6 10  |  4  3  8  |  5 11  1  |  7  2  9  |
|  1  3 11  |  6  2 10  |  8  9  7  |  5 12  4  |
|  2  5  8  |  7 12  9  |  4 10  3  | 11  6  1  |
-----------------------------------------------------
|  6 12  3  | 11  7  1  |  2  5  4  |  8  9 10  |
|  5  4  2  | 12 10  3  |  9  1  8  |  6 11  7  |
|  9 10  1  |  8  4  6  |  7  3 11  | 12  5  2  |
| 11  8  7  |  2  9  5  | 12  6 10  |  4  1  3  |
-----------------------------------------------------
