-----------------------------------------------------
|  5 11  1  |  9 10 12  |  7  3  2  |  6  4  8  |
| 12 10  9  | 11  4  5  |  6  8  1  |  7  3  2  |
|  2  8  4  |  7  6  3  | 10  9 11  | 12  5  1  |
|  6  7  3  |  8  1  2  |  5 12  4  | 11 10  9  |
-----------------------------------------------------
|  3  9  8  | 12  5  1  |  2  4  6  | 10  7 11  |
|  4  5 11  |  2  9 10  |  3  1  7  |  8  6 12  |
|  7  6  2  |  4 11  8  |  9 10 12  |  3  1  5  |
| 10  1 12  |  3  7  6  | 11  5  8  |  9  2  4  |
-----------------------------------------------------
|  1 12  7  | 10  3  4  |  8  2  9  |  5 11  6  |
|  8  2  6  |  5 12 11  |  4  7 10  |  1  9  3  |
|  9  4  5  |  6  8  7  |  1 11  3  |  2 12 10  |
| 11  3 10  |  1  2  9  | 12  6  5  |  4  8  7  |
-----------------------------------------------------
