-----------------------------------------------------
|  7  6 10  |  4  2 11  |  1  8  9  |  3 12  5  |
|  5  2  3  | 10  6  8  | 12  7  4  |  1  9 11  |
|  1 11 12  |  5  9  7  | 10  6  3  |  8  4  2  |
|  8  9  4  |  3 12  1  |  2 11  5  | 10  6  7  |
-----------------------------------------------------
|  9  5  8  |  7 11  6  |  3 12  2  |  4 10  1  |
| 10  3  6  |  8  5  4  |  7  1 11  | 12  2  9  |
| 12  7  2  |  9  1  3  |  5  4 10  | 11  8  6  |
|  4  1 11  |  2 10 12  |  8  9  6  |  7  5  3  |
-----------------------------------------------------
| 11  8  9  |  1  7  5  |  6 10 12  |  2  3  4  |
|  6 10  5  | 11  8  2  |  4  3  1  |  9  7 12  |
|  2  4  1  | 12  3 10  |  9  5  7  |  6 11  8  |
|  3 12  7  |  6  4  9  | 11  2  8  |  5  1 10  |
-----------------------------------------------------
