-----------------------------------------------------
|  8 11  9  |  6 10  1  |  7  3  4  | 12  5  2  |
|  7 10  5  |  9 11 12  |  2  6  1  |  8  3  4  |
| 12  4  1  |  8  3  2  | 11  9  5  |  6 10  7  |
|  2  3  6  |  7  4  5  | 12  8 10  |  9 11  1  |
-----------------------------------------------------
|  4  7 11  |  3  6  9  |  1 12  2  |  5  8 10  |
| 10  5  3  |  4  2 11  |  9  7  8  |  1  6 12  |
|  9  1 12  |  5  7  8  |  6 10  3  |  2  4 11  |
|  6  2  8  | 12  1 10  |  5  4 11  |  7  9  3  |
-----------------------------------------------------
|  5  6  4  |  1  9  7  |  3 11 12  | 10  2  8  |
|  1 12 10  | 11  5  3  |  8  2  6  |  4  7  9  |
|  3  8  7  |  2 12  4  | 10  5  9  | 11  1  6  |
| 11  9  2  | 10  8  6  |  4  1  7  |  3 12  5  |
-----------------------------------------------------
