 21  1  3 13 14  9 18  2 22  7 17 12  6  8 10 15 16 11 19  5 20  4
 15 11 20  1  3 10 21  5 17 19 14  7  4 22 13  9 12  8  2 16 18  6
 10  8 19  2 18 14  1 15  6 11  7 21 20  9  3 22  5  4 16 13 12 17
 22 15  8 17  2 20 14 12  5 21 18  1 11  6  7 10  9 16 13 19  4  3
 13 17 10  4  6 16  3 21 19  8 12 14  7 18  2  5  1  9 15 22 11 20
 19 16 11 14 17 22  9 10 20 15  5 13 12  2  1  6  8 21  3  4  7 18
  2 18 12  8 16 15 22 20 21  1  4 17  5  7  6 13 19  3 10 11 14  9
 20  2  7  3  8 13  4 19  9 22  6 11 17 12  5  1 10 15 21 18 16 14
  1 10 13  6 19 11 16  9  7 14 15  8  3  5 17  2 22 18  4 20 21 12
 17 13  6 10  4  2 11 14  3  9 21 22 15 19 18  7 20  5 12  1  8 16
  6  5 15 19 13 17  2  3  4 10 16  9 21  1 12 14 18 20  8  7 22 11
  3 22  2 11 10 18 17 13  8 12  9 16 14 15  4 21  7 19 20  6  5  1
 12  7  1  5 11  4 13 18 14 20 22  6 10 21 16 17  3  2  9 15 19  8
  5 12  9 15  1  6 10 17 18  4 20  2 16 14 22  8 21  7 11  3 13 19
 16 19 21 12  9  1  6 11 10  3  8 15 22 20 14 18  4 13  7  2 17  5
 14  3  5  7 22  8 12  1 11 17 10  4 13 16 19 20  2  6 18 21  9 15
 11  6 22 18 21  3 19  8  2 13  1  5  9  4 20 16 14 10 17 12 15  7
 18 21 16  9 12  7  8  4  1  6  3 20 19 17 15 11 13 14  5 10  2 22
  9 14 18 22 15  5 20  7 13 16 19 10  1 11 21  4 17 12  6  8  3  2
  7 20  4 21  5 19 15  6 16 18  2  3  8 10  9 12 11 17 22 14  1 13
  8  4 17 16 20 21  7 22 12  5 13 18  2  3 11 19 15  1 14  9  6 10
  4  9 14 20  7 12  5 16 15  2 11 19 18 13  8  3  6 22  1 17 10 21
