  4 19 20  1 18 17 16  6  5  9 10 15 21  8  3 12  7 14 11  2 13 22
 10 13 19 18  3  9 22 15  7  8 20  5  4 21 17  6 12 16  1 11 14  2
 16  9 18 19 21  5  6  7  8  1 17 12 15 22 14 13  3 10 20  4  2 11
 15  6  7  2 12 11  9 19  3 22 18 16  1  4 21  5 17  8 14 20 10 13
 19 20 11 15  9  1  4 16 22  7  6 17 12  2 10  3  8 21 13 18  5 14
 13 14  8 11 19 18  3 21 15  6 16 22  5 12  1 10  2  7 17  9 20  4
 17 15 14 21 13 12 18  9 11  4  8 19 10  5  2  1 16 22  7  3  6 20
  1 11  4 10 15 20  7  3 12  2  5 21  6  9 22 18 14 17  8 13 19 16
  7 22 12 14 11  6 15 20  9 10 21  8 17 13  5  2  1  3 16 19  4 18
  8  4 17  5 14  2 11  1  6  3  9 20 13  7 19 15 10 12 18 16 22 21
 11  3 15 13 16 19 17  8 14 21  7  1  9  6  4 22  5 20  2 10 18 12
 20  7 13  6 17 21 10 11  4 12 22  9 19 15  8 16 18  2  5 14  3  1
  9 16 21 17 10 14  2 18 19 11 15  6 22 20 13  8  4  5  3 12  1  7
 14  8  6  7  2 13 21 12 18 19  3 10 20  1  9 17 11  4 15 22 16  5
  5  2  9 20  8 15 19 13 17 18  4  3 11 10 16 14 22  1 21  7 12  6
  2 17 16  9 20 10 14  5 13 15 19 11  7 18 12  4 21  6 22  1  8  3
 12  1  2 16  7  3 13 22 21  5 11 18  8 14  6  9 20 19  4 17 15 10
  3 21  1  8  6 22  5  4 10 17 12  2 14 16 20  7 13 18  9 15 11 19
 18 12  3  4 22  7 20 17 16 13  1 14  2 19 15 21  6 11 10  5  9  8
  6 18 22  3  5  8 12 10  1 14  2  4 16 11  7 20  9 13 19 21 17 15
 21 10  5 22  1  4  8  2 20 16 14 13 18  3 11 19 15  9 12  6  7 17
 22  5 10 12  4 16  1 14  2 20 13  7  3 17 18 11 19 15  6  8 21  9
