 19  7  6  2 10 20 22 13 21  8  5 11 14  3 18 17 16 12  9 15  1  4
 20 15  5 11  2 12  4 16  6  7 13 14  3 18 17 19 21  8 10 22  9  1
  4 21  3 15 13 19  9  6  8 22 14 17  2 10 16 18  7  1 11 12 20  5
  6 16 21  8  3  2 13 11 10 14  4  1 17 12  5 20 19 18 15  7 22  9
  9  1  2  6 21  7  5 22 18 19 11 10  4 14  3 13 17 20 16  8 15 12
  3 20 18  5 19  4 10 21 13 11  7 16  6  2 14  8 12 15  1  9 17 22
  7  9  1 16  5 14  3 18 15 10  8  2 11 20 12  4  6 17 22 13 21 19
 11  4  9 14 12 16 21  5  3 13  6 19  1 15 10 22  2  7 18 20  8 17
 18 11 14  9  1  6 15  3 17 21 20  5  8 16 22  7 10 13 12 19  4  2
 12 10  8 19  9  1  2  7 22  5 21 20 18 11 13 16  3  6 17  4 14 15
 17  3 11  4 14 15  8  2  9 16 22 21  7  5 19 12 18 10  6  1 13 20
 16 17  7 21  6  5 19  8 12  3 15 13  9  1  4 14 22 11 20 18  2 10
 13  5 17  3  7  8 14  1  2  9 10  4 16 21 15 11 20 22 19  6 12 18
  1  2 22 13  8  9 12 19  7 20 17  6  5  4 11 10 15 16 14 21 18  3
 22 13 20 17 18 11  7  9 19  4  1  3 12  6  2 15 14  5  8 16 10 21
 21 14  4  1 16  3 20 15 11 12  2 18 10 22  6  5  8  9  7 17 19 13
 15  6 12 18 17 10 16 20  1  2  3  8 22 19 21  9 11  4 13 14  5  7
  8 12 19 20 15 17  6 10  5 18  9 22 13  7  1  3  4 14 21  2 16 11
 14 22 16  7 11 13  1 17  4  6 18 12 15  9 20 21  5 19  2 10  3  8
  2  8 15 10 22 21 18 14 20  1 12  9 19 17  7  6 13  3  4  5 11 16
 10 19 13 22  4 18 11 12 14 17 16 15 20  8  9  2  1 21  5  3  7  6
  5 18 10 12 20 22 17  4 16 15 19  7 21 13  8  1  9  2  3 11  6 14
