  2 13  8  1 14  4  7 11 12  9  3  5  6 10 15
 15  3  5  7 12  1  8 10 13  6 11  9  2 14  4
 10  4  6  9 11  5 15  3 14  2 13 12  1  7  8
  6 11  3 14  9 15  1  7  5  8  4 10 12  2 13
  5  2 13 15  7  6  3 12 10  4  1  8 14 11  9
  8  1 12  4 10 11 14  9  2 13  5  6  3 15  7
  3 15  1  2 13 14 11  6  7 10  9  4  5  8 12
  9  5  4 10  8  2 13 15  3 12 14  7 11  1  6
 12 14  7 11  6  8  5  4  9  1 10  3 15 13  2
 14 12  2  8  1  7 10 13 15  3  6 11  4  9  5
  7 10  9  5  4 12  2  1  6 11 15 13  8  3 14
 11  6 15 13  3  9  4 14  8  5  7  2 10 12  1
 13  8 10 12 15  3  9  5  4 14  2  1  7  6 11
  1  9 14  6  5 10 12  2 11  7  8 15 13  4  3
  4  7 11  3  2 13  6  8  1 15 12 14  9  5 10
