  8  1 12  2  9  4  6 15  3  7  5 10 14 13 11
  5  7  6  3 15 12 14 10 11 13  4  2  1  8  9
 11 10 14  4 13  5  2  1  9  8  6  3  7 12 15
  4 13  7  6  2 15  9 11 10  1  8  5  3 14 12
  3 15  9  8 10 13  7  5 12 14  1  6  2 11  4
 14 11  1 12  5  6  3  2  8  4  9 13 10 15  7
 15  4 13  7 12  1  5  6 14  9  3  8 11 10  2
  2  5  8  1  6 10 12  3 13 11 15  7  9  4 14
 10  9 11 14  3  7 15  8  4  2 12  1  6  5 13
  1 14  5 13 11  2 10  4  6  3  7 12 15  9  8
  6  8 10 15  7 14  1  9  5 12 11  4 13  2  3
 12  2  3  9  4  8 11 13  7 15 10 14  5  1  6
  9  6 15 10  8  3  4 14  2  5 13 11 12  7  1
 13 12  2  5  1 11  8  7 15  6 14  9  4  3 10
  7  3  4 11 14  9 13 12  1 10  2 15  8  6  5
