  1 12  4  8 13 14 15  2  6 11 10  3  9  7  5
 10 15  5 14  7  4  1  9  8  3 11  2  6 13 12
  6 11  9  3  2 10 13 12  7  5  8 15  1 14  4
 13  2  3 12  4  5  7 10  9  1  6 11 15  8 14
  5  8 15 11 10  2  4  3 14  6  1  9  7 12 13
  9  1  6  7 14 13 11  8 12 15  4 10  2  5  3
 14 13  8  5  1  7 10  4 15  2  9  6 12  3 11
 15  9  2  4  6  8  5 11  3 12  7 13 14  1 10
  7  3 11 10 12  9 14  6  1 13  2  8  5  4 15
 12 10 14  9  3 11  2  5 13  7 15  4  8  6  1
  2  4  1 13  8  3  6 15 10 14  5 12 11  9  7
 11  5  7  6 15 12  8  1  4  9 13 14  3 10  2
  8 14 12  1  5 15  9 13  2  4  3  7 10 11  6
  4  7 10 15 11  6  3 14  5  8 12  1 13  2  9
  3  6 13  2  9  1 12  7 11 10 14  5  4 15  8
