  9 11  1  4 10 12  3  2 14  8 13  6 15  5  7
 14  2  6 12  3  9 15  5  7 13  8 10  1 11  4
  7 13  5  8 15 11  1 10  6  4 12  9 14  2  3
  6  3  4  5  8 15 11  9  2 14 10 12  7  1 13
  2 15 11 10 12  3  5 13  1  7  9 14  4  6  8
 13 14  7  1  9  6  8  4 10 12  3  2 11 15  5
 15  1  3 14 13  2  6 12  5  9  4  8 10  7 11
  8  9 12 11  4 14  7 15  3 10  6  1  5 13  2
  5  7 10  6  2  8  4  1 13 11 14  3  9 12 15
  4  5 13  7  1 10 14  8  9  2 15 11 12  3  6
 10  8  9  2 11  5 12  3 15  6  7  4 13 14  1
 12  6 15  3 14  7 13 11  4  1  2  5  8  9 10
  3 12  8 15  7  4  9  6 11  5  1 13  2 10 14
 11  4  2 13  6  1 10 14 12 15  5  7  3  8  9
  1 10 14  9  5 13  2  7  8  3 11 15  6  4 12
