 15  8  5  9  2 12 11 14  7  1 13 10  6  4  3
  6 14 11 12  4 15  5  3 13 10  1  7  2  9  8
  7 10  1 13  3  9  2  8  6  4  5 15 12 14 11
 13 15 12 11  1  4  8  5  9  6 14  3  7 10  2
  5  2 10  6  9 13  7 11 14  3 12  1  8 15  4
 14  7  3  4  8  1 15  2 10 12 11  6  9 13  5
 11  6  9  2 10  3  4  1 12  7 15  8 13  5 14
  3  5 14 15 12 11 10 13  8  2  7  9  4  6  1
  4  1  7  8 13  6  9 15  5 14  2 11 10  3 12
 10  4 15 14  5  8  3  9  2 13  6 12  1 11  7
  2 11 13  1  7  5 12  6  4 15  9 14  3  8 10
 12  9  8  3  6  7 14 10  1 11  4 13  5  2 15
  9 12  4  5 11 14  6  7  3  8 10  2 15  1 13
  1  3  6 10 14  2 13 12 15  5  8  4 11  7  9
  8 13  2  7 15 10  1  4 11  9  3  5 14 12  6
