 11 15  2  8  9  1  3 12  5 10  4  7 13  6 14
  3  7  6 13  4 14  8  9  2 15 10 12  5 11  1
  1  5 14 12 10 11 13  4  6  7  9  8  2 15  3
 12 11  3  2 13  8  1  5 14  9 15 10  6  7  4
  8  6  5  7 15  2 12 11 10  4 14  9  1  3 13
  4 10  1  9 14  7 15  3 13  6 11  2  8  5 12
 15  3 11  4 12 13  5  1  9  2  8  6  7 14 10
  6  1  8 10  2  4 11 15  7 14 13  5  3 12  9
 14  9 13  5  7 12 10  6  3  8  1 15 11  4  2
  2 12  9 11  6 10  7 13  4  1  3 14 15  8  5
 10  4 15  1  8  3 14  2 11  5  7 13 12  9  6
  5 13  7 14  3  9  6  8 15 12  2  4 10  1 11
  9  8 10  6  1 15  2 14 12  3  5 11  4 13  7
  7 14 12  3 11  5  4 10  8 13  6  1  9  2 15
 13  2  4 15  5  6  9  7  1 11 12  3 14 10  8
