 10  5  8  6  2  4  3  7  1  9 13 14 12 11 15
 11  9  1 15 13  5  6  8 12 14  3  7  4 10  2
  4 14  3 12  7 15 10 13  2 11  9  8  6  1  5
  6  4  5 11 14 10 13  1  8  3  2  9  7 15 12
  1  3 15  7  9  6  4  2 14 12  8 13 10  5 11
  2 13 12 10  8 11 15  5  9  7  1  3 14  6  4
 13  1 11  5  3  2  8  6  4 15 10 12  9  7 14
  7 15 14  9 10  3 12 11  5  1  4  6  8  2 13
  8  6  4  2 12  9  7 14 10 13 15 11  5  3  1
  5  7 13  1  4  8  9 12 11  2  6 10 15 14  3
  9 12  6 14 15 13  1  4  3 10 11  5  2  8  7
  3 10  2  8 11  7 14 15  6  5 12  4  1 13  9
 14 11  7  4  1 12  2 10 13  6  5 15  3  9  8
 12  2 10  3  5 14 11  9 15  8  7  1 13  4  6
 15  8  9 13  6  1  5  3  7  4 14  2 11 12 10
