-------------------------------------------------------------------
|  7  5  | 11  4  |  1  9  |  8  2  | 12  3  |  6 10  |
| 10 12  |  8  2  |  4  3  |  1  5  |  6 11  |  9  7  |
|  2 11  |  9  1  | 10  5  |  4  6  |  7  8  | 12  3  |
|  6  1  | 10  7  | 11  8  |  3 12  |  4  9  |  2  5  |
|  9  3  | 12  5  |  7  6  | 10 11  |  1  2  |  4  8  |
|  4  8  |  6  3  | 12  2  |  7  9  | 10  5  |  1 11  |
-------------------------------------------------------------------
|  1  2  |  5 12  |  6 11  |  9  8  |  3 10  |  7  4  |
|  8  7  |  1 10  |  2 12  |  6  3  |  5  4  | 11  9  |
|  3  6  |  4  9  |  5 10  |  2  7  | 11  1  |  8 12  |
| 12  9  |  3  6  |  8  4  | 11 10  |  2  7  |  5  1  |
|  5 10  |  7 11  |  9  1  | 12  4  |  8  6  |  3  2  |
| 11  4  |  2  8  |  3  7  |  5  1  |  9 12  | 10  6  |
-------------------------------------------------------------------
