-------------------------------------------------------------------
|  9 12  |  5  6  |  8 10  | 11  7  |  1  3  |  4  2  |
|  5 11  |  8  1  |  6  9  | 12  4  |  7  2  |  3 10  |
|  7  6  |  3  4  |  5  1  | 10  2  | 12  9  | 11  8  |
|  3  1  | 12 11  |  2  7  |  8  5  | 10  4  |  9  6  |
|  2  8  |  9 10  | 12  4  |  6  3  |  5 11  |  7  1  |
| 10  4  |  7  2  | 11  3  |  1  9  |  6  8  |  5 12  |
-------------------------------------------------------------------
| 11 10  |  2  8  |  9 12  |  3  6  |  4  7  |  1  5  |
|  4  7  | 10  3  |  1  8  |  2 12  |  9  5  |  6 11  |
| 12  9  |  4  7  | 10 11  |  5  1  |  2  6  |  8  3  |
|  1  5  | 11  9  |  3  6  |  7 10  |  8 12  |  2  4  |
|  8  2  |  6 12  |  7  5  |  4 11  |  3  1  | 10  9  |
|  6  3  |  1  5  |  4  2  |  9  8  | 11 10  | 12  7  |
-------------------------------------------------------------------
