-------------------------------------------------------------------
|  7  2  | 12 10  |  9  5  |  8  4  |  1  3  |  6 11  |
|  1  9  | 11  4  | 10  7  |  5 12  |  6  2  |  3  8  |
| 11 10  |  9  8  |  4  3  |  1  6  |  7  5  |  2 12  |
|  5  8  |  3  2  | 12  6  |  7  9  |  4 11  |  1 10  |
|  4  6  |  1  7  | 11  2  |  3 10  | 12  8  |  9  5  |
| 12  3  |  6  5  |  1  8  | 11  2  |  9 10  |  7  4  |
-------------------------------------------------------------------
| 10  4  |  8  9  |  3  1  |  6 11  |  2 12  |  5  7  |
|  3  5  |  2 12  |  8 11  |  9  7  | 10  6  |  4  1  |
|  2 12  |  5  1  |  7 10  |  4  8  |  3  9  | 11  6  |
|  6 11  |  4  3  |  2 12  | 10  1  |  5  7  |  8  9  |
|  9  7  | 10 11  |  6  4  |  2  5  |  8  1  | 12  3  |
|  8  1  |  7  6  |  5  9  | 12  3  | 11  4  | 10  2  |
-------------------------------------------------------------------
