-------------------------------------------------------------------
| 11  3  | 10  6  |  5  1  |  4  2  |  8 12  |  9  7  |
|  6  8  |  7  9  | 10  3  |  5 12  |  4  1  |  2 11  |
| 12  4  | 11  2  |  9  6  |  1  8  |  5  7  | 10  3  |
| 10  2  | 12  4  | 11  8  |  6  7  |  9  3  |  1  5  |
|  7  9  |  1  5  | 12  2  | 10  3  |  6 11  |  8  4  |
|  1  5  |  8  3  |  4  7  | 11  9  |  2 10  | 12  6  |
-------------------------------------------------------------------
|  8  7  |  6 10  |  3  5  |  2  4  | 12  9  | 11  1  |
|  9  1  |  4 12  |  8 11  |  3 10  |  7  5  |  6  2  |
|  3 10  |  5  1  |  7  9  |  8  6  | 11  2  |  4 12  |
|  2  6  |  3  7  |  1  4  | 12 11  | 10  8  |  5  9  |
|  5 11  |  2  8  |  6 12  |  9  1  |  3  4  |  7 10  |
|  4 12  |  9 11  |  2 10  |  7  5  |  1  6  |  3  8  |
-------------------------------------------------------------------
