-------------------------------------------------------------------
| 10  2  |  1  7  | 11 12  |  5  3  |  8  9  |  6  4  |
| 12  5  |  9  8  | 10  1  |  2  7  |  6  4  | 11  3  |
| 11  4  |  5  2  |  7  9  |  1  6  |  3 12  |  8 10  |
|  1  8  | 11 12  |  3  6  |  9  4  |  7 10  |  5  2  |
|  7  9  |  3  6  |  2  4  | 10  8  |  5 11  | 12  1  |
|  3  6  |  4 10  |  8  5  | 12 11  |  1  2  |  9  7  |
-------------------------------------------------------------------
|  2  7  | 12  4  |  6 11  |  8  9  | 10  1  |  3  5  |
|  5  1  |  2 11  |  9  7  |  6 10  | 12  3  |  4  8  |
|  9 12  |  8  5  |  4 10  |  3  1  | 11  7  |  2  6  |
|  4  3  |  7  9  |  1  8  | 11  5  |  2  6  | 10 12  |
|  8 10  |  6  1  | 12  3  |  4  2  |  9  5  |  7 11  |
|  6 11  | 10  3  |  5  2  |  7 12  |  4  8  |  1  9  |
-------------------------------------------------------------------
