-------------------------------------------------------------------
|  4  5  |  9  7  |  8  6  |  2  3  | 11 10  |  1 12  |
| 12  1  |  4  6  |  2 11  |  7  5  |  3  8  | 10  9  |
|  3 10  |  5 11  |  4  9  |  6  8  | 12  1  |  7  2  |
| 11  6  | 12  3  |  5  7  | 10  1  |  2  9  |  8  4  |
|  2  7  | 10  8  | 12  1  |  9 11  |  6  4  |  3  5  |
|  9  8  |  1  2  |  3 10  |  4 12  |  7  5  | 11  6  |
-------------------------------------------------------------------
|  1  4  |  8 12  | 11  2  |  5  7  | 10  6  |  9  3  |
|  7  3  | 11  1  |  6  4  | 12  9  |  8  2  |  5 10  |
| 10  9  |  2  4  |  7  3  |  8  6  |  5 11  | 12  1  |
|  6  2  |  7  5  |  9  8  |  3 10  |  1 12  |  4 11  |
|  5 11  |  3  9  | 10 12  |  1  2  |  4  7  |  6  8  |
|  8 12  |  6 10  |  1  5  | 11  4  |  9  3  |  2  7  |
-------------------------------------------------------------------
