-------------------------------------------------------------------
|  4  8  |  9  6  |  2 10  |  1  7  | 11  5  |  3 12  |
| 11 10  |  8  2  | 12  4  |  3  5  |  6  1  |  7  9  |
|  6  9  |  5  1  |  8  7  | 12  4  |  3 10  | 11  2  |
|  1  5  | 10  4  |  3  9  |  2 11  | 12  7  |  6  8  |
|  3  7  | 11 12  |  6  1  |  9  8  |  4  2  | 10  5  |
|  2 12  |  3  7  |  5 11  |  6 10  |  9  8  |  1  4  |
-------------------------------------------------------------------
|  7  1  |  4  5  |  9  8  | 11  6  |  2  3  | 12 10  |
| 12  2  |  1 11  |  7  5  |  8  9  | 10  6  |  4  3  |
|  8  3  | 12 10  | 11  6  |  4  2  |  7  9  |  5  1  |
|  5  6  |  2  8  |  4  3  | 10 12  |  1 11  |  9  7  |
|  9  4  |  6  3  | 10  2  |  7  1  |  5 12  |  8 11  |
| 10 11  |  7  9  |  1 12  |  5  3  |  8  4  |  2  6  |
-------------------------------------------------------------------
