-------------------------------------------------------------------
|  4  2  |  6  7  |  3  8  |  9 10  | 12  5  | 11  1  |
|  1  5  |  4  8  |  6 11  |  3 12  |  2  7  | 10  9  |
| 11  6  |  2 12  |  4  5  |  8  1  |  9 10  |  7  3  |
|  8 10  | 11  9  | 12  7  |  6  4  |  3  1  |  2  5  |
|  9 12  |  5  3  |  1 10  |  7  2  |  8 11  |  6  4  |
|  3  7  | 10  1  |  9  2  |  5 11  |  6  4  | 12  8  |
-------------------------------------------------------------------
|  5  4  |  8 10  |  7 12  |  1  6  | 11  3  |  9  2  |
|  6  3  |  9  4  |  2  1  | 12  7  | 10  8  |  5 11  |
|  7  9  |  3 11  |  5  6  |  2  8  |  1 12  |  4 10  |
|  2  1  |  7  6  | 10  4  | 11  3  |  5  9  |  8 12  |
| 12 11  |  1  2  |  8  9  | 10  5  |  4  6  |  3  7  |
| 10  8  | 12  5  | 11  3  |  4  9  |  7  2  |  1  6  |
-------------------------------------------------------------------
