-------------------------------------------------------------------
|  3  4  | 12  1  | 10  8  |  9  7  | 11  6  |  2  5  |
| 10  5  |  9  2  |  1  4  | 12  3  |  7  8  |  6 11  |
|  9  6  | 10 11  | 12  3  |  1  4  |  5  2  |  8  7  |
| 12  2  |  6  8  |  5  7  | 10 11  |  1  4  |  3  9  |
|  8  7  |  3  4  | 11  2  |  5  6  | 12  9  |  1 10  |
|  1 11  |  5  7  |  6  9  |  8  2  | 10  3  |  4 12  |
-------------------------------------------------------------------
|  4  1  |  8 10  |  7  5  |  6 12  |  3 11  |  9  2  |
|  5  3  |  1  6  |  8 10  |  7  9  |  2 12  | 11  4  |
| 11  8  |  7  3  |  2  1  |  4  5  |  9 10  | 12  6  |
|  2 10  | 11 12  |  9  6  |  3  8  |  4  5  |  7  1  |
|  6  9  |  2  5  |  4 12  | 11  1  |  8  7  | 10  3  |
|  7 12  |  4  9  |  3 11  |  2 10  |  6  1  |  5  8  |
-------------------------------------------------------------------
