 16 13 18 17 15 14 24 20 19 21 22 23 26 30 25 27 29 28  2  4  1  6  5  3 11 12  7  8 10  9
 10  7 12 11  9  8 18 14 13 15 16 17 20 24 19 21 23 22 26 28 25 30 29 27  5  6  1  2  4  3
  4  1  6  5  3  2 12  8  7  9 10 11 14 18 13 15 17 16 20 22 19 24 23 21 29 30 25 26 28 27
 22 19 24 23 21 20 30 26 25 27 28 29  2  6  1  3  5  4  8 10  7 12 11  9 17 18 13 14 16 15
 28 25 30 29 27 26  6  2  1  3  4  5  8 12  7  9 11 10 14 16 13 18 17 15 23 24 19 20 22 21
 17 14 13 18 16 15 19 21 20 22 23 24 27 25 26 28 30 29  3  5  2  1  6  4 12  7  8  9 11 10
 11  8  7 12 10  9 13 15 14 16 17 18 21 19 20 22 24 23 27 29 26 25 30 28  6  1  2  3  5  4
 29 26 25 30 28 27  1  3  2  4  5  6  9  7  8 10 12 11 15 17 14 13 18 16 24 19 20 21 23 22
  5  2  1  6  4  3  7  9  8 10 11 12 15 13 14 16 18 17 21 23 20 19 24 22 30 25 26 27 29 28
 23 20 19 24 22 21 25 27 26 28 29 30  3  1  2  4  6  5  9 11  8  7 12 10 18 13 14 15 17 16
 18 15 14 13 17 16 20 22 21 23 24 19 28 26 27 29 25 30  4  6  3  2  1  5  7  8  9 10 12 11
 12  9  8  7 11 10 14 16 15 17 18 13 22 20 21 23 19 24 28 30 27 26 25 29  1  2  3  4  6  5
  6  3  2  1  5  4  8 10  9 11 12  7 16 14 15 17 13 18 22 24 21 20 19 23 25 26 27 28 30 29
 30 27 26 25 29 28  2  4  3  5  6  1 10  8  9 11  7 12 16 18 15 14 13 17 19 20 21 22 24 23
 24 21 20 19 23 22 26 28 27 29 30 25  4  2  3  5  1  6 10 12  9  8  7 11 13 14 15 16 18 17
 19 22 21 20 24 23 27 29 28 30 25 26  5  3  4  6  2  1 11  7 10  9  8 12 14 15 16 17 13 18
  7 10  9  8 12 11 15 17 16 18 13 14 23 21 22 24 20 19 29 25 28 27 26 30  2  3  4  5  1  6
 25 28 27 26 30 29  3  5  4  6  1  2 11  9 10 12  8  7 17 13 16 15 14 18 20 21 22 23 19 24
 13 16 15 14 18 17 21 23 22 24 19 20 29 27 28 30 26 25  5  1  4  3  2  6  8  9 10 11  7 12
  1  4  3  2  6  5  9 11 10 12  7  8 17 15 16 18 14 13 23 19 22 21 20 24 26 27 28 29 25 30
 14 17 16 15 13 18 22 24 23 19 20 21 30 28 29 25 27 26  6  2  5  4  3  1  9 10 11 12  8  7
 20 23 22 21 19 24 28 30 29 25 26 27  6  4  5  1  3  2 12  8 11 10  9  7 15 16 17 18 14 13
  2  5  4  3  1  6 10 12 11  7  8  9 18 16 17 13 15 14 24 20 23 22 21 19 27 28 29 30 26 25
 26 29 28 27 25 30  4  6  5  1  2  3 12 10 11  7  9  8 18 14 17 16 15 13 21 22 23 24 20 19
  8 11 10  9  7 12 16 18 17 13 14 15 24 22 23 19 21 20 30 26 29 28 27 25  3  4  5  6  2  1
 15 18 17 16 14 13 23 19 24 20 21 22 25 29 30 26 28 27  1  3  6  5  4  2 10 11 12  7  9  8
 21 24 23 22 20 19 29 25 30 26 27 28  1  5  6  2  4  3  7  9 12 11 10  8 16 17 18 13 15 14
 27 30 29 28 26 25  5  1  6  2  3  4  7 11 12  8 10  9 13 15 18 17 16 14 22 23 24 19 21 20
  9 12 11 10  8  7 17 13 18 14 15 16 19 23 24 20 22 21 25 27 30 29 28 26  4  5  6  1  3  2
  3  6  5  4  2  1 11  7 12  8  9 10 13 17 18 14 16 15 19 21 24 23 22 20 28 29 30 25 27 26
