 59 60 64 63 61 58 62 57 72 71 69 68 65 70 67 66 75 76 80 77 79 74 73 78  3  4  6  2  1  5  8  7 11 14 16 13  9 10 15 12 18 23 22 21 24 17 20 19 30 31 26 25 29 28 27 32 33 35 40 37 39 36 38 34 42 43 41 45 48 44 46 47 52 56 49 55 54 51 50 53
 35 36 40 39 37 34 38 33 48 47 45 44 41 46 43 42 51 52 56 53 55 50 49 54 59 60 62 58 57 61 64 63 67 70 72 69 65 66 71 68 74 79 78 77 80 73 76 75  6  7  2  1  5  4  3  8  9 11 16 13 15 12 14 10 18 19 17 21 24 20 22 23 28 32 25 31 30 27 26 29
 75 76 80 79 77 74 78 73  8  7  5  4  1  6  3  2 11 12 16 13 15 10  9 14 19 20 22 18 17 21 24 23 27 30 32 29 25 26 31 28 34 39 38 37 40 33 36 35 46 47 42 41 45 44 43 48 49 51 56 53 55 52 54 50 58 59 57 61 64 60 62 63 68 72 65 71 70 67 66 69
  3  4  8  7  5  2  6  1 16 15 13 12  9 14 11 10 19 20 24 21 23 18 17 22 27 28 30 26 25 29 32 31 35 38 40 37 33 34 39 36 42 47 46 45 48 41 44 43 54 55 50 49 53 52 51 56 57 59 64 61 63 60 62 58 66 67 65 69 72 68 70 71 76 80 73 79 78 75 74 77
 19 20 24 23 21 18 22 17 32 31 29 28 25 30 27 26 35 36 40 37 39 34 33 38 43 44 46 42 41 45 48 47 51 54 56 53 49 50 55 52 58 63 62 61 64 57 60 59 70 71 66 65 69 68 67 72 73 75 80 77 79 76 78 74  2  3  1  5  8  4  6  7 12 16  9 15 14 11 10 13
 27 28 32 31 29 26 30 25 40 39 37 36 33 38 35 34 43 44 48 45 47 42 41 46 51 52 54 50 49 53 56 55 59 62 64 61 57 58 63 60 66 71 70 69 72 65 68 67 78 79 74 73 77 76 75 80  1  3  8  5  7  4  6  2 10 11  9 13 16 12 14 15 20 24 17 23 22 19 18 21
 43 44 48 47 45 42 46 41 56 55 53 52 49 54 51 50 59 60 64 61 63 58 57 62 67 68 70 66 65 69 72 71 75 78 80 77 73 74 79 76  2  7  6  5  8  1  4  3 14 15 10  9 13 12 11 16 17 19 24 21 23 20 22 18 26 27 25 29 32 28 30 31 36 40 33 39 38 35 34 37
 51 52 56 55 53 50 54 49 64 63 61 60 57 62 59 58 67 68 72 69 71 66 65 70 75 76 78 74 73 77 80 79  3  6  8  5  1  2  7  4 10 15 14 13 16  9 12 11 22 23 18 17 21 20 19 24 25 27 32 29 31 28 30 26 34 35 33 37 40 36 38 39 44 48 41 47 46 43 42 45
 11 12 16 15 13 10 14  9 24 23 21 20 17 22 19 18 27 28 32 29 31 26 25 30 35 36 38 34 33 37 40 39 43 46 48 45 41 42 47 44 50 55 54 53 56 49 52 51 62 63 58 57 61 60 59 64 65 67 72 69 71 68 70 66 74 75 73 77 80 76 78 79  4  8  1  7  6  3  2  5
 67 68 72 71 69 66 70 65 80 79 77 76 73 78 75 74  3  4  8  5  7  2  1  6 11 12 14 10  9 13 16 15 19 22 24 21 17 18 23 20 26 31 30 29 32 25 28 27 38 39 34 33 37 36 35 40 41 43 48 45 47 44 46 42 50 51 49 53 56 52 54 55 60 64 57 63 62 59 58 61
  4  5  1  8  6  3  7  2  9 16 14 13 10 15 12 11 20 21 17 22 24 19 18 23 28 29 31 27 26 30 25 32 36 39 33 38 34 35 40 37 43 48 47 46 41 42 45 44 55 56 51 50 54 53 52 49 58 60 57 62 64 61 63 59 67 68 66 70 65 69 71 72 77 73 74 80 79 76 75 78
 68 69 65 72 70 67 71 66 73 80 78 77 74 79 76 75  4  5  1  6  8  3  2  7 12 13 15 11 10 14  9 16 20 23 17 22 18 19 24 21 27 32 31 30 25 26 29 28 39 40 35 34 38 37 36 33 42 44 41 46 48 45 47 43 51 52 50 54 49 53 55 56 61 57 58 64 63 60 59 62
 60 61 57 64 62 59 63 58 65 72 70 69 66 71 68 67 76 77 73 78 80 75 74 79  4  5  7  3  2  6  1  8 12 15  9 14 10 11 16 13 19 24 23 22 17 18 21 20 31 32 27 26 30 29 28 25 34 36 33 38 40 37 39 35 43 44 42 46 41 45 47 48 53 49 50 56 55 52 51 54
 44 45 41 48 46 43 47 42 49 56 54 53 50 55 52 51 60 61 57 62 64 59 58 63 68 69 71 67 66 70 65 72 76 79 73 78 74 75 80 77  3  8  7  6  1  2  5  4 15 16 11 10 14 13 12  9 18 20 17 22 24 21 23 19 27 28 26 30 25 29 31 32 37 33 34 40 39 36 35 38
 52 53 49 56 54 51 55 50 57 64 62 61 58 63 60 59 68 69 65 70 72 67 66 71 76 77 79 75 74 78 73 80  4  7  1  6  2  3  8  5 11 16 15 14  9 10 13 12 23 24 19 18 22 21 20 17 26 28 25 30 32 29 31 27 35 36 34 38 33 37 39 40 45 41 42 48 47 44 43 46
 28 29 25 32 30 27 31 26 33 40 38 37 34 39 36 35 44 45 41 46 48 43 42 47 52 53 55 51 50 54 49 56 60 63 57 62 58 59 64 61 67 72 71 70 65 66 69 68 79 80 75 74 78 77 76 73  2  4  1  6  8  5  7  3 11 12 10 14  9 13 15 16 21 17 18 24 23 20 19 22
 20 21 17 24 22 19 23 18 25 32 30 29 26 31 28 27 36 37 33 38 40 35 34 39 44 45 47 43 42 46 41 48 52 55 49 54 50 51 56 53 59 64 63 62 57 58 61 60 71 72 67 66 70 69 68 65 74 76 73 78 80 77 79 75  3  4  2  6  1  5  7  8 13  9 10 16 15 12 11 14
 36 37 33 40 38 35 39 34 41 48 46 45 42 47 44 43 52 53 49 54 56 51 50 55 60 61 63 59 58 62 57 64 68 71 65 70 66 67 72 69 75 80 79 78 73 74 77 76  7  8  3  2  6  5  4  1 10 12  9 14 16 13 15 11 19 20 18 22 17 21 23 24 29 25 26 32 31 28 27 30
 76 77 73 80 78 75 79 74  1  8  6  5  2  7  4  3 12 13  9 14 16 11 10 15 20 21 23 19 18 22 17 24 28 31 25 30 26 27 32 29 35 40 39 38 33 34 37 36 47 48 43 42 46 45 44 41 50 52 49 54 56 53 55 51 59 60 58 62 57 61 63 64 69 65 66 72 71 68 67 70
 12 13  9 16 14 11 15 10 17 24 22 21 18 23 20 19 28 29 25 30 32 27 26 31 36 37 39 35 34 38 33 40 44 47 41 46 42 43 48 45 51 56 55 54 49 50 53 52 63 64 59 58 62 61 60 57 66 68 65 70 72 69 71 67 75 76 74 78 73 77 79 80  5  1  2  8  7  4  3  6
  5  6  2  1  7  4  8  3 10  9 15 14 11 16 13 12 21 22 18 23 17 20 19 24 29 30 32 28 27 31 26 25 37 40 34 39 35 36 33 38 44 41 48 47 42 43 46 45 56 49 52 51 55 54 53 50 59 61 58 63 57 62 64 60 68 69 67 71 66 70 72 65 78 74 75 73 80 77 76 79
 13 14 10  9 15 12 16 11 18 17 23 22 19 24 21 20 29 30 26 31 25 28 27 32 37 38 40 36 35 39 34 33 45 48 42 47 43 44 41 46 52 49 56 55 50 51 54 53 64 57 60 59 63 62 61 58 67 69 66 71 65 70 72 68 76 77 75 79 74 78 80 73  6  2  3  1  8  5  4  7
 53 54 50 49 55 52 56 51 58 57 63 62 59 64 61 60 69 70 66 71 65 68 67 72 77 78 80 76 75 79 74 73  5  8  2  7  3  4  1  6 12  9 16 15 10 11 14 13 24 17 20 19 23 22 21 18 27 29 26 31 25 30 32 28 36 37 35 39 34 38 40 33 46 42 43 41 48 45 44 47
 29 30 26 25 31 28 32 27 34 33 39 38 35 40 37 36 45 46 42 47 41 44 43 48 53 54 56 52 51 55 50 49 61 64 58 63 59 60 57 62 68 65 72 71 66 67 70 69 80 73 76 75 79 78 77 74  3  5  2  7  1  6  8  4 12 13 11 15 10 14 16  9 22 18 19 17 24 21 20 23
 61 62 58 57 63 60 64 59 66 65 71 70 67 72 69 68 77 78 74 79 73 76 75 80  5  6  8  4  3  7  2  1 13 16 10 15 11 12  9 14 20 17 24 23 18 19 22 21 32 25 28 27 31 30 29 26 35 37 34 39 33 38 40 36 44 45 43 47 42 46 48 41 54 50 51 49 56 53 52 55
 45 46 42 41 47 44 48 43 50 49 55 54 51 56 53 52 61 62 58 63 57 60 59 64 69 70 72 68 67 71 66 65 77 80 74 79 75 76 73 78  4  1  8  7  2  3  6  5 16  9 12 11 15 14 13 10 19 21 18 23 17 22 24 20 28 29 27 31 26 30 32 25 38 34 35 33 40 37 36 39
 77 78 74 73 79 76 80 75  2  1  7  6  3  8  5  4 13 14 10 15  9 12 11 16 21 22 24 20 19 23 18 17 29 32 26 31 27 28 25 30 36 33 40 39 34 35 38 37 48 41 44 43 47 46 45 42 51 53 50 55 49 54 56 52 60 61 59 63 58 62 64 57 70 66 67 65 72 69 68 71
 69 70 66 65 71 68 72 67 74 73 79 78 75 80 77 76  5  6  2  7  1  4  3  8 13 14 16 12 11 15 10  9 21 24 18 23 19 20 17 22 28 25 32 31 26 27 30 29 40 33 36 35 39 38 37 34 43 45 42 47 41 46 48 44 52 53 51 55 50 54 56 49 62 58 59 57 64 61 60 63
 21 22 18 17 23 20 24 19 26 25 31 30 27 32 29 28 37 38 34 39 33 36 35 40 45 46 48 44 43 47 42 41 53 56 50 55 51 52 49 54 60 57 64 63 58 59 62 61 72 65 68 67 71 70 69 66 75 77 74 79 73 78 80 76  4  5  3  7  2  6  8  1 14 10 11  9 16 13 12 15
 37 38 34 33 39 36 40 35 42 41 47 46 43 48 45 44 53 54 50 55 49 52 51 56 61 62 64 60 59 63 58 57 69 72 66 71 67 68 65 70 76 73 80 79 74 75 78 77  8  1  4  3  7  6  5  2 11 13 10 15  9 14 16 12 20 21 19 23 18 22 24 17 30 26 27 25 32 29 28 31
 22 23 19 18 24 21 17 20 27 26 32 31 28 25 30 29 38 39 35 40 34 37 36 33 46 47 41 45 44 48 43 42 54 49 51 56 52 53 50 55 61 58 57 64 59 60 63 62 65 66 69 68 72 71 70 67 76 78 75 80 74 79 73 77  5  6  4  8  3  7  1  2 15 11 12 10  9 14 13 16
 62 63 59 58 64 61 57 60 67 66 72 71 68 65 70 69 78 79 75 80 74 77 76 73  6  7  1  5  4  8  3  2 14  9 11 16 12 13 10 15 21 18 17 24 19 20 23 22 25 26 29 28 32 31 30 27 36 38 35 40 34 39 33 37 45 46 44 48 43 47 41 42 55 51 52 50 49 54 53 56
 38 39 35 34 40 37 33 36 43 42 48 47 44 41 46 45 54 55 51 56 50 53 52 49 62 63 57 61 60 64 59 58 70 65 67 72 68 69 66 71 77 74 73 80 75 76 79 78  1  2  5  4  8  7  6  3 12 14 11 16 10 15  9 13 21 22 20 24 19 23 17 18 31 27 28 26 25 30 29 32
 70 71 67 66 72 69 65 68 75 74 80 79 76 73 78 77  6  7  3  8  2  5  4  1 14 15  9 13 12 16 11 10 22 17 19 24 20 21 18 23 29 26 25 32 27 28 31 30 33 34 37 36 40 39 38 35 44 46 43 48 42 47 41 45 53 54 52 56 51 55 49 50 63 59 60 58 57 62 61 64
 46 47 43 42 48 45 41 44 51 50 56 55 52 49 54 53 62 63 59 64 58 61 60 57 70 71 65 69 68 72 67 66 78 73 75 80 76 77 74 79  5  2  1  8  3  4  7  6  9 10 13 12 16 15 14 11 20 22 19 24 18 23 17 21 29 30 28 32 27 31 25 26 39 35 36 34 33 38 37 40
 30 31 27 26 32 29 25 28 35 34 40 39 36 33 38 37 46 47 43 48 42 45 44 41 54 55 49 53 52 56 51 50 62 57 59 64 60 61 58 63 69 66 65 72 67 68 71 70 73 74 77 76 80 79 78 75  4  6  3  8  2  7  1  5 13 14 12 16 11 15  9 10 23 19 20 18 17 22 21 24
 54 55 51 50 56 53 49 52 59 58 64 63 60 57 62 61 70 71 67 72 66 69 68 65 78 79 73 77 76 80 75 74  6  1  3  8  4  5  2  7 13 10  9 16 11 12 15 14 17 18 21 20 24 23 22 19 28 30 27 32 26 31 25 29 37 38 36 40 35 39 33 34 47 43 44 42 41 46 45 48
 14 15 11 10 16 13  9 12 19 18 24 23 20 17 22 21 30 31 27 32 26 29 28 25 38 39 33 37 36 40 35 34 46 41 43 48 44 45 42 47 53 50 49 56 51 52 55 54 57 58 61 60 64 63 62 59 68 70 67 72 66 71 65 69 77 78 76 80 75 79 73 74  7  3  4  2  1  6  5  8
 78 79 75 74 80 77 73 76  3  2  8  7  4  1  6  5 14 15 11 16 10 13 12  9 22 23 17 21 20 24 19 18 30 25 27 32 28 29 26 31 37 34 33 40 35 36 39 38 41 42 45 44 48 47 46 43 52 54 51 56 50 55 49 53 61 62 60 64 59 63 57 58 71 67 68 66 65 70 69 72
  6  7  3  2  8  5  1  4 11 10 16 15 12  9 14 13 22 23 19 24 18 21 20 17 30 31 25 29 28 32 27 26 38 33 35 40 36 37 34 39 45 42 41 48 43 44 47 46 49 50 53 52 56 55 54 51 60 62 59 64 58 63 57 61 69 70 68 72 67 71 65 66 79 75 76 74 73 78 77 80
 31 32 28 27 25 30 26 29 36 35 33 40 37 34 39 38 47 48 44 41 43 46 45 42 55 56 50 54 53 49 52 51 63 58 60 57 61 62 59 64 70 67 66 65 68 69 72 71 74 75 78 77 73 80 79 76  5  7  4  1  3  8  2  6 14 15 13  9 12 16 10 11 24 20 21 19 18 23 22 17
 47 48 44 43 41 46 42 45 52 51 49 56 53 50 55 54 63 64 60 57 59 62 61 58 71 72 66 70 69 65 68 67 79 74 76 73 77 78 75 80  6  3  2  1  4  5  8  7 10 11 14 13  9 16 15 12 21 23 20 17 19 24 18 22 30 31 29 25 28 32 26 27 40 36 37 35 34 39 38 33
  7  8  4  3  1  6  2  5 12 11  9 16 13 10 15 14 23 24 20 17 19 22 21 18 31 32 26 30 29 25 28 27 39 34 36 33 37 38 35 40 46 43 42 41 44 45 48 47 50 51 54 53 49 56 55 52 61 63 60 57 59 64 58 62 70 71 69 65 68 72 66 67 80 76 77 75 74 79 78 73
 63 64 60 59 57 62 58 61 68 67 65 72 69 66 71 70 79 80 76 73 75 78 77 74  7  8  2  6  5  1  4  3 15 10 12  9 13 14 11 16 22 19 18 17 20 21 24 23 26 27 30 29 25 32 31 28 37 39 36 33 35 40 34 38 46 47 45 41 44 48 42 43 56 52 53 51 50 55 54 49
 55 56 52 51 49 54 50 53 60 59 57 64 61 58 63 62 71 72 68 65 67 70 69 66 79 80 74 78 77 73 76 75  7  2  4  1  5  6  3  8 14 11 10  9 12 13 16 15 18 19 22 21 17 24 23 20 29 31 28 25 27 32 26 30 38 39 37 33 36 40 34 35 48 44 45 43 42 47 46 41
 15 16 12 11  9 14 10 13 20 19 17 24 21 18 23 22 31 32 28 25 27 30 29 26 39 40 34 38 37 33 36 35 47 42 44 41 45 46 43 48 54 51 50 49 52 53 56 55 58 59 62 61 57 64 63 60 69 71 68 65 67 72 66 70 78 79 77 73 76 80 74 75  8  4  5  3  2  7  6  1
 71 72 68 67 65 70 66 69 76 75 73 80 77 74 79 78  7  8  4  1  3  6  5  2 15 16 10 14 13  9 12 11 23 18 20 17 21 22 19 24 30 27 26 25 28 29 32 31 34 35 38 37 33 40 39 36 45 47 44 41 43 48 42 46 54 55 53 49 52 56 50 51 64 60 61 59 58 63 62 57
 39 40 36 35 33 38 34 37 44 43 41 48 45 42 47 46 55 56 52 49 51 54 53 50 63 64 58 62 61 57 60 59 71 66 68 65 69 70 67 72 78 75 74 73 76 77 80 79  2  3  6  5  1  8  7  4 13 15 12  9 11 16 10 14 22 23 21 17 20 24 18 19 32 28 29 27 26 31 30 25
 23 24 20 19 17 22 18 21 28 27 25 32 29 26 31 30 39 40 36 33 35 38 37 34 47 48 42 46 45 41 44 43 55 50 52 49 53 54 51 56 62 59 58 57 60 61 64 63 66 67 70 69 65 72 71 68 77 79 76 73 75 80 74 78  6  7  5  1  4  8  2  3 16 12 13 11 10 15 14  9
 79 80 76 75 73 78 74 77  4  3  1  8  5  2  7  6 15 16 12  9 11 14 13 10 23 24 18 22 21 17 20 19 31 26 28 25 29 30 27 32 38 35 34 33 36 37 40 39 42 43 46 45 41 48 47 44 53 55 52 49 51 56 50 54 62 63 61 57 60 64 58 59 72 68 69 67 66 71 70 65
 16  9 13 12 10 15 11 14 21 20 18 17 22 19 24 23 32 25 29 26 28 31 30 27 40 33 35 39 38 34 37 36 48 43 45 42 46 47 44 41 55 52 51 50 53 54 49 56 59 60 63 62 58 57 64 61 70 72 69 66 68 65 67 71 79 80 78 74 77 73 75 76  1  5  6  4  3  8  7  2
 56 49 53 52 50 55 51 54 61 60 58 57 62 59 64 63 72 65 69 66 68 71 70 67 80 73 75 79 78 74 77 76  8  3  5  2  6  7  4  1 15 12 11 10 13 14  9 16 19 20 23 22 18 17 24 21 30 32 29 26 28 25 27 31 39 40 38 34 37 33 35 36 41 45 46 44 43 48 47 42
 64 57 61 60 58 63 59 62 69 68 66 65 70 67 72 71 80 73 77 74 76 79 78 75  8  1  3  7  6  2  5  4 16 11 13 10 14 15 12  9 23 20 19 18 21 22 17 24 27 28 31 30 26 25 32 29 38 40 37 34 36 33 35 39 47 48 46 42 45 41 43 44 49 53 54 52 51 56 55 50
 32 25 29 28 26 31 27 30 37 36 34 33 38 35 40 39 48 41 45 42 44 47 46 43 56 49 51 55 54 50 53 52 64 59 61 58 62 63 60 57 71 68 67 66 69 70 65 72 75 76 79 78 74 73 80 77  6  8  5  2  4  1  3  7 15 16 14 10 13  9 11 12 17 21 22 20 19 24 23 18
 80 73 77 76 74 79 75 78  5  4  2  1  6  3  8  7 16  9 13 10 12 15 14 11 24 17 19 23 22 18 21 20 32 27 29 26 30 31 28 25 39 36 35 34 37 38 33 40 43 44 47 46 42 41 48 45 54 56 53 50 52 49 51 55 63 64 62 58 61 57 59 60 65 69 70 68 67 72 71 66
 72 65 69 68 66 71 67 70 77 76 74 73 78 75 80 79  8  1  5  2  4  7  6  3 16  9 11 15 14 10 13 12 24 19 21 18 22 23 20 17 31 28 27 26 29 30 25 32 35 36 39 38 34 33 40 37 46 48 45 42 44 41 43 47 55 56 54 50 53 49 51 52 57 61 62 60 59 64 63 58
 48 41 45 44 42 47 43 46 53 52 50 49 54 51 56 55 64 57 61 58 60 63 62 59 72 65 67 71 70 66 69 68 80 75 77 74 78 79 76 73  7  4  3  2  5  6  1  8 11 12 15 14 10  9 16 13 22 24 21 18 20 17 19 23 31 32 30 26 29 25 27 28 33 37 38 36 35 40 39 34
  8  1  5  4  2  7  3  6 13 12 10  9 14 11 16 15 24 17 21 18 20 23 22 19 32 25 27 31 30 26 29 28 40 35 37 34 38 39 36 33 47 44 43 42 45 46 41 48 51 52 55 54 50 49 56 53 62 64 61 58 60 57 59 63 71 72 70 66 69 65 67 68 73 77 78 76 75 80 79 74
 24 17 21 20 18 23 19 22 29 28 26 25 30 27 32 31 40 33 37 34 36 39 38 35 48 41 43 47 46 42 45 44 56 51 53 50 54 55 52 49 63 60 59 58 61 62 57 64 67 68 71 70 66 65 72 69 78 80 77 74 76 73 75 79  7  8  6  2  5  1  3  4  9 13 14 12 11 16 15 10
 40 33 37 36 34 39 35 38 45 44 42 41 46 43 48 47 56 49 53 50 52 55 54 51 64 57 59 63 62 58 61 60 72 67 69 66 70 71 68 65 79 76 75 74 77 78 73 80  3  4  7  6  2  1  8  5 14 16 13 10 12  9 11 15 23 24 22 18 21 17 19 20 25 29 30 28 27 32 31 26
  1  2  6  5  3  8  4  7 14 13 11 10 15 12  9 16 17 18 22 19 21 24 23 20 25 26 28 32 31 27 30 29 33 36 38 35 39 40 37 34 48 45 44 43 46 47 42 41 52 53 56 55 51 50 49 54 63 57 62 59 61 58 60 64 72 65 71 67 70 66 68 69 74 78 79 77 76 73 80 75
 49 50 54 53 51 56 52 55 62 61 59 58 63 60 57 64 65 66 70 67 69 72 71 68 73 74 76 80 79 75 78 77  1  4  6  3  7  8  5  2 16 13 12 11 14 15 10  9 20 21 24 23 19 18 17 22 31 25 30 27 29 26 28 32 40 33 39 35 38 34 36 37 42 46 47 45 44 41 48 43
 41 42 46 45 43 48 44 47 54 53 51 50 55 52 49 56 57 58 62 59 61 64 63 60 65 66 68 72 71 67 70 69 73 76 78 75 79 80 77 74  8  5  4  3  6  7  2  1 12 13 16 15 11 10  9 14 23 17 22 19 21 18 20 24 32 25 31 27 30 26 28 29 34 38 39 37 36 33 40 35
 25 26 30 29 27 32 28 31 38 37 35 34 39 36 33 40 41 42 46 43 45 48 47 44 49 50 52 56 55 51 54 53 57 60 62 59 63 64 61 58 72 69 68 67 70 71 66 65 76 77 80 79 75 74 73 78  7  1  6  3  5  2  4  8 16  9 15 11 14 10 12 13 18 22 23 21 20 17 24 19
 57 58 62 61 59 64 60 63 70 69 67 66 71 68 65 72 73 74 78 75 77 80 79 76  1  2  4  8  7  3  6  5  9 12 14 11 15 16 13 10 24 21 20 19 22 23 18 17 28 29 32 31 27 26 25 30 39 33 38 35 37 34 36 40 48 41 47 43 46 42 44 45 50 54 55 53 52 49 56 51
 17 18 22 21 19 24 20 23 30 29 27 26 31 28 25 32 33 34 38 35 37 40 39 36 41 42 44 48 47 43 46 45 49 52 54 51 55 56 53 50 64 61 60 59 62 63 58 57 68 69 72 71 67 66 65 70 79 73 78 75 77 74 76 80  8  1  7  3  6  2  4  5 10 14 15 13 12  9 16 11
 65 66 70 69 67 72 68 71 78 77 75 74 79 76 73 80  1  2  6  3  5  8  7  4  9 10 12 16 15 11 14 13 17 20 22 19 23 24 21 18 32 29 28 27 30 31 26 25 36 37 40 39 35 34 33 38 47 41 46 43 45 42 44 48 56 49 55 51 54 50 52 53 58 62 63 61 60 57 64 59
  9 10 14 13 11 16 12 15 22 21 19 18 23 20 17 24 25 26 30 27 29 32 31 28 33 34 36 40 39 35 38 37 41 44 46 43 47 48 45 42 56 53 52 51 54 55 50 49 60 61 64 63 59 58 57 62 71 65 70 67 69 66 68 72 80 73 79 75 78 74 76 77  2  6  7  5  4  1  8  3
 73 74 78 77 75 80 76 79  6  5  3  2  7  4  1  8  9 10 14 11 13 16 15 12 17 18 20 24 23 19 22 21 25 28 30 27 31 32 29 26 40 37 36 35 38 39 34 33 44 45 48 47 43 42 41 46 55 49 54 51 53 50 52 56 64 57 63 59 62 58 60 61 66 70 71 69 68 65 72 67
 33 34 38 37 35 40 36 39 46 45 43 42 47 44 41 48 49 50 54 51 53 56 55 52 57 58 60 64 63 59 62 61 65 68 70 67 71 72 69 66 80 77 76 75 78 79 74 73  4  5  8  7  3  2  1  6 15  9 14 11 13 10 12 16 24 17 23 19 22 18 20 21 26 30 31 29 28 25 32 27
 26 27 31 30 28 25 29 32 39 38 36 35 40 37 34 33 42 43 47 44 46 41 48 45 50 51 53 49 56 52 55 54 58 61 63 60 64 57 62 59 65 70 69 68 71 72 67 66 77 78 73 80 76 75 74 79  8  2  7  4  6  3  5  1  9 10 16 12 15 11 13 14 19 23 24 22 21 18 17 20
  2  3  7  6  4  1  5  8 15 14 12 11 16 13 10  9 18 19 23 20 22 17 24 21 26 27 29 25 32 28 31 30 34 37 39 36 40 33 38 35 41 46 45 44 47 48 43 42 53 54 49 56 52 51 50 55 64 58 63 60 62 59 61 57 65 66 72 68 71 67 69 70 75 79 80 78 77 74 73 76
 50 51 55 54 52 49 53 56 63 62 60 59 64 61 58 57 66 67 71 68 70 65 72 69 74 75 77 73 80 76 79 78  2  5  7  4  8  1  6  3  9 14 13 12 15 16 11 10 21 22 17 24 20 19 18 23 32 26 31 28 30 27 29 25 33 34 40 36 39 35 37 38 43 47 48 46 45 42 41 44
 10 11 15 14 12  9 13 16 23 22 20 19 24 21 18 17 26 27 31 28 30 25 32 29 34 35 37 33 40 36 39 38 42 45 47 44 48 41 46 43 49 54 53 52 55 56 51 50 61 62 57 64 60 59 58 63 72 66 71 68 70 67 69 65 73 74 80 76 79 75 77 78  3  7  8  6  5  2  1  4
 74 75 79 78 76 73 77 80  7  6  4  3  8  5  2  1 10 11 15 12 14  9 16 13 18 19 21 17 24 20 23 22 26 29 31 28 32 25 30 27 33 38 37 36 39 40 35 34 45 46 41 48 44 43 42 47 56 50 55 52 54 51 53 49 57 58 64 60 63 59 61 62 67 71 72 70 69 66 65 68
 42 43 47 46 44 41 45 48 55 54 52 51 56 53 50 49 58 59 63 60 62 57 64 61 66 67 69 65 72 68 71 70 74 77 79 76 80 73 78 75  1  6  5  4  7  8  3  2 13 14  9 16 12 11 10 15 24 18 23 20 22 19 21 17 25 26 32 28 31 27 29 30 35 39 40 38 37 34 33 36
 66 67 71 70 68 65 69 72 79 78 76 75 80 77 74 73  2  3  7  4  6  1  8  5 10 11 13  9 16 12 15 14 18 21 23 20 24 17 22 19 25 30 29 28 31 32 27 26 37 38 33 40 36 35 34 39 48 42 47 44 46 43 45 41 49 50 56 52 55 51 53 54 59 63 64 62 61 58 57 60
 34 35 39 38 36 33 37 40 47 46 44 43 48 45 42 41 50 51 55 52 54 49 56 53 58 59 61 57 64 60 63 62 66 69 71 68 72 65 70 67 73 78 77 76 79 80 75 74  5  6  1  8  4  3  2  7 16 10 15 12 14 11 13  9 17 18 24 20 23 19 21 22 27 31 32 30 29 26 25 28
 18 19 23 22 20 17 21 24 31 30 28 27 32 29 26 25 34 35 39 36 38 33 40 37 42 43 45 41 48 44 47 46 50 53 55 52 56 49 54 51 57 62 61 60 63 64 59 58 69 70 65 72 68 67 66 71 80 74 79 76 78 75 77 73  1  2  8  4  7  3  5  6 11 15 16 14 13 10  9 12
 58 59 63 62 60 57 61 64 71 70 68 67 72 69 66 65 74 75 79 76 78 73 80 77  2  3  5  1  8  4  7  6 10 13 15 12 16  9 14 11 17 22 21 20 23 24 19 18 29 30 25 32 28 27 26 31 40 34 39 36 38 35 37 33 41 42 48 44 47 43 45 46 51 55 56 54 53 50 49 52
