   7   2  10   4   1   9   8   5   6   3  12  15  19  17  11  18  14  20  16  13  21  24  29  23  30  26  22  25  28  27  36  31  37  38  32  34  33  35  40  39  50  42  43  48  41  45  46  47  44  49  56  53  52  57  54  58  55  59  51  60  63  62  66  70  61  65  69  64  68  67  76  73  79  80  71  72  78  75  77  74  82  81  84  87  85  83  86  90  89  88  93  91  94  99 100  97  98  95  92  96
  97  92 100  94  91  99  98  95  96  93   2   5   9   7   1   8   4  10   6   3  11  14  19  13  20  16  12  15  18  17  26  21  27  28  22  24  23  25  30  29  40  32  33  38  31  35  36  37  34  39  46  43  42  47  44  48  45  49  41  50  53  52  56  60  51  55  59  54  58  57  66  63  69  70  61  62  68  65  67  64  72  71  74  77  75  73  76  80  79  78  83  81  84  89  90  87  88  85  82  86
  57  52  60  54  51  59  58  55  56  53  62  65  69  67  61  68  64  70  66  63  71  74  79  73  80  76  72  75  78  77  86  81  87  88  82  84  83  85  90  89 100  92  93  98  91  95  96  97  94  99   6   3   2   7   4   8   5   9   1  10  13  12  16  20  11  15  19  14  18  17  26  23  29  30  21  22  28  25  27  24  32  31  34  37  35  33  36  40  39  38  43  41  44  49  50  47  48  45  42  46
  77  72  80  74  71  79  78  75  76  73  82  85  89  87  81  88  84  90  86  83  91  94  99  93 100  96  92  95  98  97   6   1   7   8   2   4   3   5  10   9  20  12  13  18  11  15  16  17  14  19  26  23  22  27  24  28  25  29  21  30  33  32  36  40  31  35  39  34  38  37  46  43  49  50  41  42  48  45  47  44  52  51  54  57  55  53  56  60  59  58  63  61  64  69  70  67  68  65  62  66
  37  32  40  34  31  39  38  35  36  33  42  45  49  47  41  48  44  50  46  43  51  54  59  53  60  56  52  55  58  57  66  61  67  68  62  64  63  65  70  69  80  72  73  78  71  75  76  77  74  79  86  83  82  87  84  88  85  89  81  90  93  92  96 100  91  95  99  94  98  97   6   3   9  10   1   2   8   5   7   4  12  11  14  17  15  13  16  20  19  18  23  21  24  29  30  27  28  25  22  26
  67  62  70  64  61  69  68  65  66  63  72  75  79  77  71  78  74  80  76  73  81  84  89  83  90  86  82  85  88  87  96  91  97  98  92  94  93  95 100  99  10   2   3   8   1   5   6   7   4   9  16  13  12  17  14  18  15  19  11  20  23  22  26  30  21  25  29  24  28  27  36  33  39  40  31  32  38  35  37  34  42  41  44  47  45  43  46  50  49  48  53  51  54  59  60  57  58  55  52  56
  17  12  20  14  11  19  18  15  16  13  22  25  29  27  21  28  24  30  26  23  31  34  39  33  40  36  32  35  38  37  46  41  47  48  42  44  43  45  50  49  60  52  53  58  51  55  56  57  54  59  66  63  62  67  64  68  65  69  61  70  73  72  76  80  71  75  79  74  78  77  86  83  89  90  81  82  88  85  87  84  92  91  94  97  95  93  96 100  99  98   3   1   4   9  10   7   8   5   2   6
  47  42  50  44  41  49  48  45  46  43  52  55  59  57  51  58  54  60  56  53  61  64  69  63  70  66  62  65  68  67  76  71  77  78  72  74  73  75  80  79  90  82  83  88  81  85  86  87  84  89  96  93  92  97  94  98  95  99  91 100   3   2   6  10   1   5   9   4   8   7  16  13  19  20  11  12  18  15  17  14  22  21  24  27  25  23  26  30  29  28  33  31  34  39  40  37  38  35  32  36
  27  22  30  24  21  29  28  25  26  23  32  35  39  37  31  38  34  40  36  33  41  44  49  43  50  46  42  45  48  47  56  51  57  58  52  54  53  55  60  59  70  62  63  68  61  65  66  67  64  69  76  73  72  77  74  78  75  79  71  80  83  82  86  90  81  85  89  84  88  87  96  93  99 100  91  92  98  95  97  94   2   1   4   7   5   3   6  10   9   8  13  11  14  19  20  17  18  15  12  16
  87  82  90  84  81  89  88  85  86  83  92  95  99  97  91  98  94 100  96  93   1   4   9   3  10   6   2   5   8   7  16  11  17  18  12  14  13  15  20  19  30  22  23  28  21  25  26  27  24  29  36  33  32  37  34  38  35  39  31  40  43  42  46  50  41  45  49  44  48  47  56  53  59  60  51  52  58  55  57  54  62  61  64  67  65  63  66  70  69  68  73  71  74  79  80  77  78  75  72  76
  48  43  41  45  42  50  49  46  47  44  53  56  60  58  52  59  55  51  57  54  62  65  70  64  61  67  63  66  69  68  77  72  78  79  73  75  74  76  71  80  81  83  84  89  82  86  87  88  85  90  97  94  93  98  95  99  96 100  92  91   4   3   7   1   2   6  10   5   9   8  17  14  20  11  12  13  19  16  18  15  23  22  25  28  26  24  27  21  30  29  34  32  35  40  31  38  39  36  33  37
  68  63  61  65  62  70  69  66  67  64  73  76  80  78  72  79  75  71  77  74  82  85  90  84  81  87  83  86  89  88  97  92  98  99  93  95  94  96  91 100   1   3   4   9   2   6   7   8   5  10  17  14  13  18  15  19  16  20  12  11  24  23  27  21  22  26  30  25  29  28  37  34  40  31  32  33  39  36  38  35  43  42  45  48  46  44  47  41  50  49  54  52  55  60  51  58  59  56  53  57
  38  33  31  35  32  40  39  36  37  34  43  46  50  48  42  49  45  41  47  44  52  55  60  54  51  57  53  56  59  58  67  62  68  69  63  65  64  66  61  70  71  73  74  79  72  76  77  78  75  80  87  84  83  88  85  89  86  90  82  81  94  93  97  91  92  96 100  95  99  98   7   4  10   1   2   3   9   6   8   5  13  12  15  18  16  14  17  11  20  19  24  22  25  30  21  28  29  26  23  27
  58  53  51  55  52  60  59  56  57  54  63  66  70  68  62  69  65  61  67  64  72  75  80  74  71  77  73  76  79  78  87  82  88  89  83  85  84  86  81  90  91  93  94  99  92  96  97  98  95 100   7   4   3   8   5   9   6  10   2   1  14  13  17  11  12  16  20  15  19  18  27  24  30  21  22  23  29  26  28  25  33  32  35  38  36  34  37  31  40  39  44  42  45  50  41  48  49  46  43  47
  28  23  21  25  22  30  29  26  27  24  33  36  40  38  32  39  35  31  37  34  42  45  50  44  41  47  43  46  49  48  57  52  58  59  53  55  54  56  51  60  61  63  64  69  62  66  67  68  65  70  77  74  73  78  75  79  76  80  72  71  84  83  87  81  82  86  90  85  89  88  97  94 100  91  92  93  99  96  98  95   3   2   5   8   6   4   7   1  10   9  14  12  15  20  11  18  19  16  13  17
  98  93  91  95  92 100  99  96  97  94   3   6  10   8   2   9   5   1   7   4  12  15  20  14  11  17  13  16  19  18  27  22  28  29  23  25  24  26  21  30  31  33  34  39  32  36  37  38  35  40  47  44  43  48  45  49  46  50  42  41  54  53  57  51  52  56  60  55  59  58  67  64  70  61  62  63  69  66  68  65  73  72  75  78  76  74  77  71  80  79  84  82  85  90  81  88  89  86  83  87
  78  73  71  75  72  80  79  76  77  74  83  86  90  88  82  89  85  81  87  84  92  95 100  94  91  97  93  96  99  98   7   2   8   9   3   5   4   6   1  10  11  13  14  19  12  16  17  18  15  20  27  24  23  28  25  29  26  30  22  21  34  33  37  31  32  36  40  35  39  38  47  44  50  41  42  43  49  46  48  45  53  52  55  58  56  54  57  51  60  59  64  62  65  70  61  68  69  66  63  67
  18  13  11  15  12  20  19  16  17  14  23  26  30  28  22  29  25  21  27  24  32  35  40  34  31  37  33  36  39  38  47  42  48  49  43  45  44  46  41  50  51  53  54  59  52  56  57  58  55  60  67  64  63  68  65  69  66  70  62  61  74  73  77  71  72  76  80  75  79  78  87  84  90  81  82  83  89  86  88  85  93  92  95  98  96  94  97  91 100  99   4   2   5  10   1   8   9   6   3   7
  88  83  81  85  82  90  89  86  87  84  93  96 100  98  92  99  95  91  97  94   2   5  10   4   1   7   3   6   9   8  17  12  18  19  13  15  14  16  11  20  21  23  24  29  22  26  27  28  25  30  37  34  33  38  35  39  36  40  32  31  44  43  47  41  42  46  50  45  49  48  57  54  60  51  52  53  59  56  58  55  63  62  65  68  66  64  67  61  70  69  74  72  75  80  71  78  79  76  73  77
   8   3   1   5   2  10   9   6   7   4  13  16  20  18  12  19  15  11  17  14  22  25  30  24  21  27  23  26  29  28  37  32  38  39  33  35  34  36  31  40  41  43  44  49  42  46  47  48  45  50  57  54  53  58  55  59  56  60  52  51  64  63  67  61  62  66  70  65  69  68  77  74  80  71  72  73  79  76  78  75  83  82  85  88  86  84  87  81  90  89  94  92  95 100  91  98  99  96  93  97
  89  84  82  86  83  81  90  87  88  85  94  97  91  99  93 100  96  92  98  95   3   6   1   5   2   8   4   7  10   9  18  13  19  20  14  16  15  17  12  11  22  24  25  30  23  27  28  29  26  21  38  35  34  39  36  40  37  31  33  32  45  44  48  42  43  47  41  46  50  49  58  55  51  52  53  54  60  57  59  56  64  63  66  69  67  65  68  62  61  70  75  73  76  71  72  79  80  77  74  78
  19  14  12  16  13  11  20  17  18  15  24  27  21  29  23  30  26  22  28  25  33  36  31  35  32  38  34  37  40  39  48  43  49  50  44  46  45  47  42  41  52  54  55  60  53  57  58  59  56  51  68  65  64  69  66  70  67  61  63  62  75  74  78  72  73  77  71  76  80  79  88  85  81  82  83  84  90  87  89  86  94  93  96  99  97  95  98  92  91 100   5   3   6   1   2   9  10   7   4   8
   9   4   2   6   3   1  10   7   8   5  14  17  11  19  13  20  16  12  18  15  23  26  21  25  22  28  24  27  30  29  38  33  39  40  34  36  35  37  32  31  42  44  45  50  43  47  48  49  46  41  58  55  54  59  56  60  57  51  53  52  65  64  68  62  63  67  61  66  70  69  78  75  71  72  73  74  80  77  79  76  84  83  86  89  87  85  88  82  81  90  95  93  96  91  92  99 100  97  94  98
  49  44  42  46  43  41  50  47  48  45  54  57  51  59  53  60  56  52  58  55  63  66  61  65  62  68  64  67  70  69  78  73  79  80  74  76  75  77  72  71  82  84  85  90  83  87  88  89  86  81  98  95  94  99  96 100  97  91  93  92   5   4   8   2   3   7   1   6  10   9  18  15  11  12  13  14  20  17  19  16  24  23  26  29  27  25  28  22  21  30  35  33  36  31  32  39  40  37  34  38
  39  34  32  36  33  31  40  37  38  35  44  47  41  49  43  50  46  42  48  45  53  56  51  55  52  58  54  57  60  59  68  63  69  70  64  66  65  67  62  61  72  74  75  80  73  77  78  79  76  71  88  85  84  89  86  90  87  81  83  82  95  94  98  92  93  97  91  96 100  99   8   5   1   2   3   4  10   7   9   6  14  13  16  19  17  15  18  12  11  20  25  23  26  21  22  29  30  27  24  28
  59  54  52  56  53  51  60  57  58  55  64  67  61  69  63  70  66  62  68  65  73  76  71  75  72  78  74  77  80  79  88  83  89  90  84  86  85  87  82  81  92  94  95 100  93  97  98  99  96  91   8   5   4   9   6  10   7   1   3   2  15  14  18  12  13  17  11  16  20  19  28  25  21  22  23  24  30  27  29  26  34  33  36  39  37  35  38  32  31  40  45  43  46  41  42  49  50  47  44  48
  29  24  22  26  23  21  30  27  28  25  34  37  31  39  33  40  36  32  38  35  43  46  41  45  42  48  44  47  50  49  58  53  59  60  54  56  55  57  52  51  62  64  65  70  63  67  68  69  66  61  78  75  74  79  76  80  77  71  73  72  85  84  88  82  83  87  81  86  90  89  98  95  91  92  93  94 100  97  99  96   4   3   6   9   7   5   8   2   1  10  15  13  16  11  12  19  20  17  14  18
  79  74  72  76  73  71  80  77  78  75  84  87  81  89  83  90  86  82  88  85  93  96  91  95  92  98  94  97 100  99   8   3   9  10   4   6   5   7   2   1  12  14  15  20  13  17  18  19  16  11  28  25  24  29  26  30  27  21  23  22  35  34  38  32  33  37  31  36  40  39  48  45  41  42  43  44  50  47  49  46  54  53  56  59  57  55  58  52  51  60  65  63  66  61  62  69  70  67  64  68
  99  94  92  96  93  91 100  97  98  95   4   7   1   9   3  10   6   2   8   5  13  16  11  15  12  18  14  17  20  19  28  23  29  30  24  26  25  27  22  21  32  34  35  40  33  37  38  39  36  31  48  45  44  49  46  50  47  41  43  42  55  54  58  52  53  57  51  56  60  59  68  65  61  62  63  64  70  67  69  66  74  73  76  79  77  75  78  72  71  80  85  83  86  81  82  89  90  87  84  88
  69  64  62  66  63  61  70  67  68  65  74  77  71  79  73  80  76  72  78  75  83  86  81  85  82  88  84  87  90  89  98  93  99 100  94  96  95  97  92  91   2   4   5  10   3   7   8   9   6   1  18  15  14  19  16  20  17  11  13  12  25  24  28  22  23  27  21  26  30  29  38  35  31  32  33  34  40  37  39  36  44  43  46  49  47  45  48  42  41  50  55  53  56  51  52  59  60  57  54  58
  20  15  13  17  14  12  11  18  19  16  25  28  22  30  24  21  27  23  29  26  34  37  32  36  33  39  35  38  31  40  49  44  50  41  45  47  46  48  43  42  53  55  56  51  54  58  59  60  57  52  69  66  65  70  67  61  68  62  64  63  76  75  79  73  74  78  72  77  71  80  89  86  82  83  84  85  81  88  90  87  95  94  97 100  98  96  99  93  92  91   6   4   7   2   3  10   1   8   5   9
 100  95  93  97  94  92  91  98  99  96   5   8   2  10   4   1   7   3   9   6  14  17  12  16  13  19  15  18  11  20  29  24  30  21  25  27  26  28  23  22  33  35  36  31  34  38  39  40  37  32  49  46  45  50  47  41  48  42  44  43  56  55  59  53  54  58  52  57  51  60  69  66  62  63  64  65  61  68  70  67  75  74  77  80  78  76  79  73  72  71  86  84  87  82  83  90  81  88  85  89
  70  65  63  67  64  62  61  68  69  66  75  78  72  80  74  71  77  73  79  76  84  87  82  86  83  89  85  88  81  90  99  94 100  91  95  97  96  98  93  92   3   5   6   1   4   8   9  10   7   2  19  16  15  20  17  11  18  12  14  13  26  25  29  23  24  28  22  27  21  30  39  36  32  33  34  35  31  38  40  37  45  44  47  50  48  46  49  43  42  41  56  54  57  52  53  60  51  58  55  59
  40  35  33  37  34  32  31  38  39  36  45  48  42  50  44  41  47  43  49  46  54  57  52  56  53  59  55  58  51  60  69  64  70  61  65  67  66  68  63  62  73  75  76  71  74  78  79  80  77  72  89  86  85  90  87  81  88  82  84  83  96  95  99  93  94  98  92  97  91 100   9   6   2   3   4   5   1   8  10   7  15  14  17  20  18  16  19  13  12  11  26  24  27  22  23  30  21  28  25  29
  50  45  43  47  44  42  41  48  49  46  55  58  52  60  54  51  57  53  59  56  64  67  62  66  63  69  65  68  61  70  79  74  80  71  75  77  76  78  73  72  83  85  86  81  84  88  89  90  87  82  99  96  95 100  97  91  98  92  94  93   6   5   9   3   4   8   2   7   1  10  19  16  12  13  14  15  11  18  20  17  25  24  27  30  28  26  29  23  22  21  36  34  37  32  33  40  31  38  35  39
  30  25  23  27  24  22  21  28  29  26  35  38  32  40  34  31  37  33  39  36  44  47  42  46  43  49  45  48  41  50  59  54  60  51  55  57  56  58  53  52  63  65  66  61  64  68  69  70  67  62  79  76  75  80  77  71  78  72  74  73  86  85  89  83  84  88  82  87  81  90  99  96  92  93  94  95  91  98 100  97   5   4   7  10   8   6   9   3   2   1  16  14  17  12  13  20  11  18  15  19
  80  75  73  77  74  72  71  78  79  76  85  88  82  90  84  81  87  83  89  86  94  97  92  96  93  99  95  98  91 100   9   4  10   1   5   7   6   8   3   2  13  15  16  11  14  18  19  20  17  12  29  26  25  30  27  21  28  22  24  23  36  35  39  33  34  38  32  37  31  40  49  46  42  43  44  45  41  48  50  47  55  54  57  60  58  56  59  53  52  51  66  64  67  62  63  70  61  68  65  69
  10   5   3   7   4   2   1   8   9   6  15  18  12  20  14  11  17  13  19  16  24  27  22  26  23  29  25  28  21  30  39  34  40  31  35  37  36  38  33  32  43  45  46  41  44  48  49  50  47  42  59  56  55  60  57  51  58  52  54  53  66  65  69  63  64  68  62  67  61  70  79  76  72  73  74  75  71  78  80  77  85  84  87  90  88  86  89  83  82  81  96  94  97  92  93 100  91  98  95  99
  90  85  83  87  84  82  81  88  89  86  95  98  92 100  94  91  97  93  99  96   4   7   2   6   3   9   5   8   1  10  19  14  20  11  15  17  16  18  13  12  23  25  26  21  24  28  29  30  27  22  39  36  35  40  37  31  38  32  34  33  46  45  49  43  44  48  42  47  41  50  59  56  52  53  54  55  51  58  60  57  65  64  67  70  68  66  69  63  62  61  76  74  77  72  73  80  71  78  75  79
  60  55  53  57  54  52  51  58  59  56  65  68  62  70  64  61  67  63  69  66  74  77  72  76  73  79  75  78  71  80  89  84  90  81  85  87  86  88  83  82  93  95  96  91  94  98  99 100  97  92   9   6   5  10   7   1   8   2   4   3  16  15  19  13  14  18  12  17  11  20  29  26  22  23  24  25  21  28  30  27  35  34  37  40  38  36  39  33  32  31  46  44  47  42  43  50  41  48  45  49
  71  76  74  78  75  73  72  79  80  77  86  89  83  81  85  82  88  84  90  87  95  98  93  97  94 100  96  99  92  91  10   5   1   2   6   8   7   9   4   3  14  16  17  12  15  19  20  11  18  13  30  27  26  21  28  22  29  23  25  24  37  36  40  34  35  39  33  38  32  31  50  47  43  44  45  46  42  49  41  48  56  55  58  51  59  57  60  54  53  52  67  65  68  63  64  61  62  69  66  70
  31  36  34  38  35  33  32  39  40  37  46  49  43  41  45  42  48  44  50  47  55  58  53  57  54  60  56  59  52  51  70  65  61  62  66  68  67  69  64  63  74  76  77  72  75  79  80  71  78  73  90  87  86  81  88  82  89  83  85  84  97  96 100  94  95  99  93  98  92  91  10   7   3   4   5   6   2   9   1   8  16  15  18  11  19  17  20  14  13  12  27  25  28  23  24  21  22  29  26  30
  61  66  64  68  65  63  62  69  70  67  76  79  73  71  75  72  78  74  80  77  85  88  83  87  84  90  86  89  82  81 100  95  91  92  96  98  97  99  94  93   4   6   7   2   5   9  10   1   8   3  20  17  16  11  18  12  19  13  15  14  27  26  30  24  25  29  23  28  22  21  40  37  33  34  35  36  32  39  31  38  46  45  48  41  49  47  50  44  43  42  57  55  58  53  54  51  52  59  56  60
  91  96  94  98  95  93  92  99 100  97   6   9   3   1   5   2   8   4  10   7  15  18  13  17  14  20  16  19  12  11  30  25  21  22  26  28  27  29  24  23  34  36  37  32  35  39  40  31  38  33  50  47  46  41  48  42  49  43  45  44  57  56  60  54  55  59  53  58  52  51  70  67  63  64  65  66  62  69  61  68  76  75  78  71  79  77  80  74  73  72  87  85  88  83  84  81  82  89  86  90
  41  46  44  48  45  43  42  49  50  47  56  59  53  51  55  52  58  54  60  57  65  68  63  67  64  70  66  69  62  61  80  75  71  72  76  78  77  79  74  73  84  86  87  82  85  89  90  81  88  83 100  97  96  91  98  92  99  93  95  94   7   6  10   4   5   9   3   8   2   1  20  17  13  14  15  16  12  19  11  18  26  25  28  21  29  27  30  24  23  22  37  35  38  33  34  31  32  39  36  40
  21  26  24  28  25  23  22  29  30  27  36  39  33  31  35  32  38  34  40  37  45  48  43  47  44  50  46  49  42  41  60  55  51  52  56  58  57  59  54  53  64  66  67  62  65  69  70  61  68  63  80  77  76  71  78  72  79  73  75  74  87  86  90  84  85  89  83  88  82  81 100  97  93  94  95  96  92  99  91  98   6   5   8   1   9   7  10   4   3   2  17  15  18  13  14  11  12  19  16  20
  11  16  14  18  15  13  12  19  20  17  26  29  23  21  25  22  28  24  30  27  35  38  33  37  34  40  36  39  32  31  50  45  41  42  46  48  47  49  44  43  54  56  57  52  55  59  60  51  58  53  70  67  66  61  68  62  69  63  65  64  77  76  80  74  75  79  73  78  72  71  90  87  83  84  85  86  82  89  81  88  96  95  98  91  99  97 100  94  93  92   7   5   8   3   4   1   2   9   6  10
   1   6   4   8   5   3   2   9  10   7  16  19  13  11  15  12  18  14  20  17  25  28  23  27  24  30  26  29  22  21  40  35  31  32  36  38  37  39  34  33  44  46  47  42  45  49  50  41  48  43  60  57  56  51  58  52  59  53  55  54  67  66  70  64  65  69  63  68  62  61  80  77  73  74  75  76  72  79  71  78  86  85  88  81  89  87  90  84  83  82  97  95  98  93  94  91  92  99  96 100
  51  56  54  58  55  53  52  59  60  57  66  69  63  61  65  62  68  64  70  67  75  78  73  77  74  80  76  79  72  71  90  85  81  82  86  88  87  89  84  83  94  96  97  92  95  99 100  91  98  93  10   7   6   1   8   2   9   3   5   4  17  16  20  14  15  19  13  18  12  11  30  27  23  24  25  26  22  29  21  28  36  35  38  31  39  37  40  34  33  32  47  45  48  43  44  41  42  49  46  50
  81  86  84  88  85  83  82  89  90  87  96  99  93  91  95  92  98  94 100  97   5   8   3   7   4  10   6   9   2   1  20  15  11  12  16  18  17  19  14  13  24  26  27  22  25  29  30  21  28  23  40  37  36  31  38  32  39  33  35  34  47  46  50  44  45  49  43  48  42  41  60  57  53  54  55  56  52  59  51  58  66  65  68  61  69  67  70  64  63  62  77  75  78  73  74  71  72  79  76  80
  82  87  85  89  86  84  83  90  81  88  97 100  94  92  96  93  99  95  91  98   6   9   4   8   5   1   7  10   3   2  11  16  12  13  17  19  18  20  15  14  25  27  28  23  26  30  21  22  29  24  31  38  37  32  39  33  40  34  36  35  48  47  41  45  46  50  44  49  43  42  51  58  54  55  56  57  53  60  52  59  67  66  69  62  70  68  61  65  64  63  78  76  79  74  75  72  73  80  77  71
   2   7   5   9   6   4   3  10   1   8  17  20  14  12  16  13  19  15  11  18  26  29  24  28  25  21  27  30  23  22  31  36  32  33  37  39  38  40  35  34  45  47  48  43  46  50  41  42  49  44  51  58  57  52  59  53  60  54  56  55  68  67  61  65  66  70  64  69  63  62  71  78  74  75  76  77  73  80  72  79  87  86  89  82  90  88  81  85  84  83  98  96  99  94  95  92  93 100  97  91
  22  27  25  29  26  24  23  30  21  28  37  40  34  32  36  33  39  35  31  38  46  49  44  48  45  41  47  50  43  42  51  56  52  53  57  59  58  60  55  54  65  67  68  63  66  70  61  62  69  64  71  78  77  72  79  73  80  74  76  75  88  87  81  85  86  90  84  89  83  82  91  98  94  95  96  97  93 100  92  99   7   6   9   2  10   8   1   5   4   3  18  16  19  14  15  12  13  20  17  11
  62  67  65  69  66  64  63  70  61  68  77  80  74  72  76  73  79  75  71  78  86  89  84  88  85  81  87  90  83  82  91  96  92  93  97  99  98 100  95  94   5   7   8   3   6  10   1   2   9   4  11  18  17  12  19  13  20  14  16  15  28  27  21  25  26  30  24  29  23  22  31  38  34  35  36  37  33  40  32  39  47  46  49  42  50  48  41  45  44  43  58  56  59  54  55  52  53  60  57  51
  42  47  45  49  46  44  43  50  41  48  57  60  54  52  56  53  59  55  51  58  66  69  64  68  65  61  67  70  63  62  71  76  72  73  77  79  78  80  75  74  85  87  88  83  86  90  81  82  89  84  91  98  97  92  99  93 100  94  96  95   8   7   1   5   6  10   4   9   3   2  11  18  14  15  16  17  13  20  12  19  27  26  29  22  30  28  21  25  24  23  38  36  39  34  35  32  33  40  37  31
  52  57  55  59  56  54  53  60  51  58  67  70  64  62  66  63  69  65  61  68  76  79  74  78  75  71  77  80  73  72  81  86  82  83  87  89  88  90  85  84  95  97  98  93  96 100  91  92  99  94   1   8   7   2   9   3  10   4   6   5  18  17  11  15  16  20  14  19  13  12  21  28  24  25  26  27  23  30  22  29  37  36  39  32  40  38  31  35  34  33  48  46  49  44  45  42  43  50  47  41
  72  77  75  79  76  74  73  80  71  78  87  90  84  82  86  83  89  85  81  88  96  99  94  98  95  91  97 100  93  92   1   6   2   3   7   9   8  10   5   4  15  17  18  13  16  20  11  12  19  14  21  28  27  22  29  23  30  24  26  25  38  37  31  35  36  40  34  39  33  32  41  48  44  45  46  47  43  50  42  49  57  56  59  52  60  58  51  55  54  53  68  66  69  64  65  62  63  70  67  61
  12  17  15  19  16  14  13  20  11  18  27  30  24  22  26  23  29  25  21  28  36  39  34  38  35  31  37  40  33  32  41  46  42  43  47  49  48  50  45  44  55  57  58  53  56  60  51  52  59  54  61  68  67  62  69  63  70  64  66  65  78  77  71  75  76  80  74  79  73  72  81  88  84  85  86  87  83  90  82  89  97  96  99  92 100  98  91  95  94  93   8   6   9   4   5   2   3  10   7   1
  92  97  95  99  96  94  93 100  91  98   7  10   4   2   6   3   9   5   1   8  16  19  14  18  15  11  17  20  13  12  21  26  22  23  27  29  28  30  25  24  35  37  38  33  36  40  31  32  39  34  41  48  47  42  49  43  50  44  46  45  58  57  51  55  56  60  54  59  53  52  61  68  64  65  66  67  63  70  62  69  77  76  79  72  80  78  71  75  74  73  88  86  89  84  85  82  83  90  87  81
  32  37  35  39  36  34  33  40  31  38  47  50  44  42  46  43  49  45  41  48  56  59  54  58  55  51  57  60  53  52  61  66  62  63  67  69  68  70  65  64  75  77  78  73  76  80  71  72  79  74  81  88  87  82  89  83  90  84  86  85  98  97  91  95  96 100  94  99  93  92   1   8   4   5   6   7   3  10   2   9  17  16  19  12  20  18  11  15  14  13  28  26  29  24  25  22  23  30  27  21
  43  48  46  50  47  45  44  41  42  49  58  51  55  53  57  54  60  56  52  59  67  70  65  69  66  62  68  61  64  63  72  77  73  74  78  80  79  71  76  75  86  88  89  84  87  81  82  83  90  85  92  99  98  93 100  94  91  95  97  96   9   8   2   6   7   1   5  10   4   3  12  19  15  16  17  18  14  11  13  20  28  27  30  23  21  29  22  26  25  24  39  37  40  35  36  33  34  31  38  32
  33  38  36  40  37  35  34  31  32  39  48  41  45  43  47  44  50  46  42  49  57  60  55  59  56  52  58  51  54  53  62  67  63  64  68  70  69  61  66  65  76  78  79  74  77  71  72  73  80  75  82  89  88  83  90  84  81  85  87  86  99  98  92  96  97  91  95 100  94  93   2   9   5   6   7   8   4   1   3  10  18  17  20  13  11  19  12  16  15  14  29  27  30  25  26  23  24  21  28  22
   3   8   6  10   7   5   4   1   2   9  18  11  15  13  17  14  20  16  12  19  27  30  25  29  26  22  28  21  24  23  32  37  33  34  38  40  39  31  36  35  46  48  49  44  47  41  42  43  50  45  52  59  58  53  60  54  51  55  57  56  69  68  62  66  67  61  65  70  64  63  72  79  75  76  77  78  74  71  73  80  88  87  90  83  81  89  82  86  85  84  99  97 100  95  96  93  94  91  98  92
  83  88  86  90  87  85  84  81  82  89  98  91  95  93  97  94 100  96  92  99   7  10   5   9   6   2   8   1   4   3  12  17  13  14  18  20  19  11  16  15  26  28  29  24  27  21  22  23  30  25  32  39  38  33  40  34  31  35  37  36  49  48  42  46  47  41  45  50  44  43  52  59  55  56  57  58  54  51  53  60  68  67  70  63  61  69  62  66  65  64  79  77  80  75  76  73  74  71  78  72
  23  28  26  30  27  25  24  21  22  29  38  31  35  33  37  34  40  36  32  39  47  50  45  49  46  42  48  41  44  43  52  57  53  54  58  60  59  51  56  55  66  68  69  64  67  61  62  63  70  65  72  79  78  73  80  74  71  75  77  76  89  88  82  86  87  81  85  90  84  83  92  99  95  96  97  98  94  91  93 100   8   7  10   3   1   9   2   6   5   4  19  17  20  15  16  13  14  11  18  12
  13  18  16  20  17  15  14  11  12  19  28  21  25  23  27  24  30  26  22  29  37  40  35  39  36  32  38  31  34  33  42  47  43  44  48  50  49  41  46  45  56  58  59  54  57  51  52  53  60  55  62  69  68  63  70  64  61  65  67  66  79  78  72  76  77  71  75  80  74  73  82  89  85  86  87  88  84  81  83  90  98  97 100  93  91  99  92  96  95  94   9   7  10   5   6   3   4   1   8   2
  73  78  76  80  77  75  74  71  72  79  88  81  85  83  87  84  90  86  82  89  97 100  95  99  96  92  98  91  94  93   2   7   3   4   8  10   9   1   6   5  16  18  19  14  17  11  12  13  20  15  22  29  28  23  30  24  21  25  27  26  39  38  32  36  37  31  35  40  34  33  42  49  45  46  47  48  44  41  43  50  58  57  60  53  51  59  52  56  55  54  69  67  70  65  66  63  64  61  68  62
  93  98  96 100  97  95  94  91  92  99   8   1   5   3   7   4  10   6   2   9  17  20  15  19  16  12  18  11  14  13  22  27  23  24  28  30  29  21  26  25  36  38  39  34  37  31  32  33  40  35  42  49  48  43  50  44  41  45  47  46  59  58  52  56  57  51  55  60  54  53  62  69  65  66  67  68  64  61  63  70  78  77  80  73  71  79  72  76  75  74  89  87  90  85  86  83  84  81  88  82
  63  68  66  70  67  65  64  61  62  69  78  71  75  73  77  74  80  76  72  79  87  90  85  89  86  82  88  81  84  83  92  97  93  94  98 100  99  91  96  95   6   8   9   4   7   1   2   3  10   5  12  19  18  13  20  14  11  15  17  16  29  28  22  26  27  21  25  30  24  23  32  39  35  36  37  38  34  31  33  40  48  47  50  43  41  49  42  46  45  44  59  57  60  55  56  53  54  51  58  52
  53  58  56  60  57  55  54  51  52  59  68  61  65  63  67  64  70  66  62  69  77  80  75  79  76  72  78  71  74  73  82  87  83  84  88  90  89  81  86  85  96  98  99  94  97  91  92  93 100  95   2   9   8   3  10   4   1   5   7   6  19  18  12  16  17  11  15  20  14  13  22  29  25  26  27  28  24  21  23  30  38  37  40  33  31  39  32  36  35  34  49  47  50  45  46  43  44  41  48  42
  34  39  37  31  38  36  35  32  33  40  49  42  46  44  48  45  41  47  43  50  58  51  56  60  57  53  59  52  55  54  63  68  64  65  69  61  70  62  67  66  77  79  80  75  78  72  73  74  71  76  83  90  89  84  81  85  82  86  88  87 100  99  93  97  98  92  96  91  95  94   3  10   6   7   8   9   5   2   4   1  19  18  11  14  12  20  13  17  16  15  30  28  21  26  27  24  25  22  29  23
  44  49  47  41  48  46  45  42  43  50  59  52  56  54  58  55  51  57  53  60  68  61  66  70  67  63  69  62  65  64  73  78  74  75  79  71  80  72  77  76  87  89  90  85  88  82  83  84  81  86  93 100  99  94  91  95  92  96  98  97  10   9   3   7   8   2   6   1   5   4  13  20  16  17  18  19  15  12  14  11  29  28  21  24  22  30  23  27  26  25  40  38  31  36  37  34  35  32  39  33
  54  59  57  51  58  56  55  52  53  60  69  62  66  64  68  65  61  67  63  70  78  71  76  80  77  73  79  72  75  74  83  88  84  85  89  81  90  82  87  86  97  99 100  95  98  92  93  94  91  96   3  10   9   4   1   5   2   6   8   7  20  19  13  17  18  12  16  11  15  14  23  30  26  27  28  29  25  22  24  21  39  38  31  34  32  40  33  37  36  35  50  48  41  46  47  44  45  42  49  43
   4   9   7   1   8   6   5   2   3  10  19  12  16  14  18  15  11  17  13  20  28  21  26  30  27  23  29  22  25  24  33  38  34  35  39  31  40  32  37  36  47  49  50  45  48  42  43  44  41  46  53  60  59  54  51  55  52  56  58  57  70  69  63  67  68  62  66  61  65  64  73  80  76  77  78  79  75  72  74  71  89  88  81  84  82  90  83  87  86  85 100  98  91  96  97  94  95  92  99  93
  74  79  77  71  78  76  75  72  73  80  89  82  86  84  88  85  81  87  83  90  98  91  96 100  97  93  99  92  95  94   3   8   4   5   9   1  10   2   7   6  17  19  20  15  18  12  13  14  11  16  23  30  29  24  21  25  22  26  28  27  40  39  33  37  38  32  36  31  35  34  43  50  46  47  48  49  45  42  44  41  59  58  51  54  52  60  53  57  56  55  70  68  61  66  67  64  65  62  69  63
  24  29  27  21  28  26  25  22  23  30  39  32  36  34  38  35  31  37  33  40  48  41  46  50  47  43  49  42  45  44  53  58  54  55  59  51  60  52  57  56  67  69  70  65  68  62  63  64  61  66  73  80  79  74  71  75  72  76  78  77  90  89  83  87  88  82  86  81  85  84  93 100  96  97  98  99  95  92  94  91   9   8   1   4   2  10   3   7   6   5  20  18  11  16  17  14  15  12  19  13
  14  19  17  11  18  16  15  12  13  20  29  22  26  24  28  25  21  27  23  30  38  31  36  40  37  33  39  32  35  34  43  48  44  45  49  41  50  42  47  46  57  59  60  55  58  52  53  54  51  56  63  70  69  64  61  65  62  66  68  67  80  79  73  77  78  72  76  71  75  74  83  90  86  87  88  89  85  82  84  81  99  98  91  94  92 100  93  97  96  95  10   8   1   6   7   4   5   2   9   3
  84  89  87  81  88  86  85  82  83  90  99  92  96  94  98  95  91  97  93 100   8   1   6  10   7   3   9   2   5   4  13  18  14  15  19  11  20  12  17  16  27  29  30  25  28  22  23  24  21  26  33  40  39  34  31  35  32  36  38  37  50  49  43  47  48  42  46  41  45  44  53  60  56  57  58  59  55  52  54  51  69  68  61  64  62  70  63  67  66  65  80  78  71  76  77  74  75  72  79  73
  94  99  97  91  98  96  95  92  93 100   9   2   6   4   8   5   1   7   3  10  18  11  16  20  17  13  19  12  15  14  23  28  24  25  29  21  30  22  27  26  37  39  40  35  38  32  33  34  31  36  43  50  49  44  41  45  42  46  48  47  60  59  53  57  58  52  56  51  55  54  63  70  66  67  68  69  65  62  64  61  79  78  71  74  72  80  73  77  76  75  90  88  81  86  87  84  85  82  89  83
  64  69  67  61  68  66  65  62  63  70  79  72  76  74  78  75  71  77  73  80  88  81  86  90  87  83  89  82  85  84  93  98  94  95  99  91 100  92  97  96   7   9  10   5   8   2   3   4   1   6  13  20  19  14  11  15  12  16  18  17  30  29  23  27  28  22  26  21  25  24  33  40  36  37  38  39  35  32  34  31  49  48  41  44  42  50  43  47  46  45  60  58  51  56  57  54  55  52  59  53
  55  60  58  52  59  57  56  53  54  51  70  63  67  65  69  66  62  68  64  61  79  72  77  71  78  74  80  73  76  75  84  89  85  86  90  82  81  83  88  87  98 100  91  96  99  93  94  95  92  97   4   1  10   5   2   6   3   7   9   8  11  20  14  18  19  13  17  12  16  15  24  21  27  28  29  30  26  23  25  22  40  39  32  35  33  31  34  38  37  36  41  49  42  47  48  45  46  43  50  44
  95 100  98  92  99  97  96  93  94  91  10   3   7   5   9   6   2   8   4   1  19  12  17  11  18  14  20  13  16  15  24  29  25  26  30  22  21  23  28  27  38  40  31  36  39  33  34  35  32  37  44  41  50  45  42  46  43  47  49  48  51  60  54  58  59  53  57  52  56  55  64  61  67  68  69  70  66  63  65  62  80  79  72  75  73  71  74  78  77  76  81  89  82  87  88  85  86  83  90  84
  15  20  18  12  19  17  16  13  14  11  30  23  27  25  29  26  22  28  24  21  39  32  37  31  38  34  40  33  36  35  44  49  45  46  50  42  41  43  48  47  58  60  51  56  59  53  54  55  52  57  64  61  70  65  62  66  63  67  69  68  71  80  74  78  79  73  77  72  76  75  84  81  87  88  89  90  86  83  85  82 100  99  92  95  93  91  94  98  97  96   1   9   2   7   8   5   6   3  10   4
  25  30  28  22  29  27  26  23  24  21  40  33  37  35  39  36  32  38  34  31  49  42  47  41  48  44  50  43  46  45  54  59  55  56  60  52  51  53  58  57  68  70  61  66  69  63  64  65  62  67  74  71  80  75  72  76  73  77  79  78  81  90  84  88  89  83  87  82  86  85  94  91  97  98  99 100  96  93  95  92  10   9   2   5   3   1   4   8   7   6  11  19  12  17  18  15  16  13  20  14
  45  50  48  42  49  47  46  43  44  41  60  53  57  55  59  56  52  58  54  51  69  62  67  61  68  64  70  63  66  65  74  79  75  76  80  72  71  73  78  77  88  90  81  86  89  83  84  85  82  87  94  91 100  95  92  96  93  97  99  98   1  10   4   8   9   3   7   2   6   5  14  11  17  18  19  20  16  13  15  12  30  29  22  25  23  21  24  28  27  26  31  39  32  37  38  35  36  33  40  34
  35  40  38  32  39  37  36  33  34  31  50  43  47  45  49  46  42  48  44  41  59  52  57  51  58  54  60  53  56  55  64  69  65  66  70  62  61  63  68  67  78  80  71  76  79  73  74  75  72  77  84  81  90  85  82  86  83  87  89  88  91 100  94  98  99  93  97  92  96  95   4   1   7   8   9  10   6   3   5   2  20  19  12  15  13  11  14  18  17  16  21  29  22  27  28  25  26  23  30  24
  85  90  88  82  89  87  86  83  84  81 100  93  97  95  99  96  92  98  94  91   9   2   7   1   8   4  10   3   6   5  14  19  15  16  20  12  11  13  18  17  28  30  21  26  29  23  24  25  22  27  34  31  40  35  32  36  33  37  39  38  41  50  44  48  49  43  47  42  46  45  54  51  57  58  59  60  56  53  55  52  70  69  62  65  63  61  64  68  67  66  71  79  72  77  78  75  76  73  80  74
  65  70  68  62  69  67  66  63  64  61  80  73  77  75  79  76  72  78  74  71  89  82  87  81  88  84  90  83  86  85  94  99  95  96 100  92  91  93  98  97   8  10   1   6   9   3   4   5   2   7  14  11  20  15  12  16  13  17  19  18  21  30  24  28  29  23  27  22  26  25  34  31  37  38  39  40  36  33  35  32  50  49  42  45  43  41  44  48  47  46  51  59  52  57  58  55  56  53  60  54
  75  80  78  72  79  77  76  73  74  71  90  83  87  85  89  86  82  88  84  81  99  92  97  91  98  94 100  93  96  95   4   9   5   6  10   2   1   3   8   7  18  20  11  16  19  13  14  15  12  17  24  21  30  25  22  26  23  27  29  28  31  40  34  38  39  33  37  32  36  35  44  41  47  48  49  50  46  43  45  42  60  59  52  55  53  51  54  58  57  56  61  69  62  67  68  65  66  63  70  64
   5  10   8   2   9   7   6   3   4   1  20  13  17  15  19  16  12  18  14  11  29  22  27  21  28  24  30  23  26  25  34  39  35  36  40  32  31  33  38  37  48  50  41  46  49  43  44  45  42  47  54  51  60  55  52  56  53  57  59  58  61  70  64  68  69  63  67  62  66  65  74  71  77  78  79  80  76  73  75  72  90  89  82  85  83  81  84  88  87  86  91  99  92  97  98  95  96  93 100  94
  76  71  79  73  80  78  77  74  75  72  81  84  88  86  90  87  83  89  85  82 100  93  98  92  99  95  91  94  97  96   5  10   6   7   1   3   2   4   9   8  19  11  12  17  20  14  15  16  13  18  25  22  21  26  23  27  24  28  30  29  32  31  35  39  40  34  38  33  37  36  45  42  48  49  50  41  47  44  46  43  51  60  53  56  54  52  55  59  58  57  62  70  63  68  69  66  67  64  61  65
  66  61  69  63  70  68  67  64  65  62  71  74  78  76  80  77  73  79  75  72  90  83  88  82  89  85  81  84  87  86  95 100  96  97  91  93  92  94  99  98   9   1   2   7  10   4   5   6   3   8  15  12  11  16  13  17  14  18  20  19  22  21  25  29  30  24  28  23  27  26  35  32  38  39  40  31  37  34  36  33  41  50  43  46  44  42  45  49  48  47  52  60  53  58  59  56  57  54  51  55
   6   1   9   3  10   8   7   4   5   2  11  14  18  16  20  17  13  19  15  12  30  23  28  22  29  25  21  24  27  26  35  40  36  37  31  33  32  34  39  38  49  41  42  47  50  44  45  46  43  48  55  52  51  56  53  57  54  58  60  59  62  61  65  69  70  64  68  63  67  66  75  72  78  79  80  71  77  74  76  73  81  90  83  86  84  82  85  89  88  87  92 100  93  98  99  96  97  94  91  95
  86  81  89  83  90  88  87  84  85  82  91  94  98  96 100  97  93  99  95  92  10   3   8   2   9   5   1   4   7   6  15  20  16  17  11  13  12  14  19  18  29  21  22  27  30  24  25  26  23  28  35  32  31  36  33  37  34  38  40  39  42  41  45  49  50  44  48  43  47  46  55  52  58  59  60  51  57  54  56  53  61  70  63  66  64  62  65  69  68  67  72  80  73  78  79  76  77  74  71  75
  16  11  19  13  20  18  17  14  15  12  21  24  28  26  30  27  23  29  25  22  40  33  38  32  39  35  31  34  37  36  45  50  46  47  41  43  42  44  49  48  59  51  52  57  60  54  55  56  53  58  65  62  61  66  63  67  64  68  70  69  72  71  75  79  80  74  78  73  77  76  85  82  88  89  90  81  87  84  86  83  91 100  93  96  94  92  95  99  98  97   2  10   3   8   9   6   7   4   1   5
  56  51  59  53  60  58  57  54  55  52  61  64  68  66  70  67  63  69  65  62  80  73  78  72  79  75  71  74  77  76  85  90  86  87  81  83  82  84  89  88  99  91  92  97 100  94  95  96  93  98   5   2   1   6   3   7   4   8  10   9  12  11  15  19  20  14  18  13  17  16  25  22  28  29  30  21  27  24  26  23  31  40  33  36  34  32  35  39  38  37  42  50  43  48  49  46  47  44  41  45
  96  91  99  93 100  98  97  94  95  92   1   4   8   6  10   7   3   9   5   2  20  13  18  12  19  15  11  14  17  16  25  30  26  27  21  23  22  24  29  28  39  31  32  37  40  34  35  36  33  38  45  42  41  46  43  47  44  48  50  49  52  51  55  59  60  54  58  53  57  56  65  62  68  69  70  61  67  64  66  63  71  80  73  76  74  72  75  79  78  77  82  90  83  88  89  86  87  84  81  85
  26  21  29  23  30  28  27  24  25  22  31  34  38  36  40  37  33  39  35  32  50  43  48  42  49  45  41  44  47  46  55  60  56  57  51  53  52  54  59  58  69  61  62  67  70  64  65  66  63  68  75  72  71  76  73  77  74  78  80  79  82  81  85  89  90  84  88  83  87  86  95  92  98  99 100  91  97  94  96  93   1  10   3   6   4   2   5   9   8   7  12  20  13  18  19  16  17  14  11  15
  36  31  39  33  40  38  37  34  35  32  41  44  48  46  50  47  43  49  45  42  60  53  58  52  59  55  51  54  57  56  65  70  66  67  61  63  62  64  69  68  79  71  72  77  80  74  75  76  73  78  85  82  81  86  83  87  84  88  90  89  92  91  95  99 100  94  98  93  97  96   5   2   8   9  10   1   7   4   6   3  11  20  13  16  14  12  15  19  18  17  22  30  23  28  29  26  27  24  21  25
  46  41  49  43  50  48  47  44  45  42  51  54  58  56  60  57  53  59  55  52  70  63  68  62  69  65  61  64  67  66  75  80  76  77  71  73  72  74  79  78  89  81  82  87  90  84  85  86  83  88  95  92  91  96  93  97  94  98 100  99   2   1   5   9  10   4   8   3   7   6  15  12  18  19  20  11  17  14  16  13  21  30  23  26  24  22  25  29  28  27  32  40  33  38  39  36  37  34  31  35
