 14 18 12 17 15 13 19 20 16 11 24 22 26 28 25 27 21 29 30 23 37 38 31 33 35 36 40 39 34 32 49 46 42 50 44 43 48 45 47 41 60 54 52 58 59 56 53 57 51 55 61 69 66 65 68 64 67 63 62 70 75 76 73 78 71 77 80 74 72 79 86 87 81 88 84 89 83 90 85 82  3  2  9  6  5  7  1  8 10  4
 34 38 32 37 35 33 39 40 36 31 44 42 46 48 45 47 41 49 50 43 57 58 51 53 55 56 60 59 54 52 69 66 62 70 64 63 68 65 67 61 80 74 72 78 79 76 73 77 71 75 81 89 86 85 88 84 87 83 82 90  5  6  3  8  1  7 10  4  2  9 16 17 11 18 14 19 13 20 15 12 23 22 29 26 25 27 21 28 30 24
 74 78 72 77 75 73 79 80 76 71 84 82 86 88 85 87 81 89 90 83  7  8  1  3  5  6 10  9  4  2 19 16 12 20 14 13 18 15 17 11 30 24 22 28 29 26 23 27 21 25 31 39 36 35 38 34 37 33 32 40 45 46 43 48 41 47 50 44 42 49 56 57 51 58 54 59 53 60 55 52 63 62 69 66 65 67 61 68 70 64
 84 88 82 87 85 83 89 90 86 81  4  2  6  8  5  7  1  9 10  3 17 18 11 13 15 16 20 19 14 12 29 26 22 30 24 23 28 25 27 21 40 34 32 38 39 36 33 37 31 35 41 49 46 45 48 44 47 43 42 50 55 56 53 58 51 57 60 54 52 59 66 67 61 68 64 69 63 70 65 62 73 72 79 76 75 77 71 78 80 74
 64 68 62 67 65 63 69 70 66 61 74 72 76 78 75 77 71 79 80 73 87 88 81 83 85 86 90 89 84 82  9  6  2 10  4  3  8  5  7  1 20 14 12 18 19 16 13 17 11 15 21 29 26 25 28 24 27 23 22 30 35 36 33 38 31 37 40 34 32 39 46 47 41 48 44 49 43 50 45 42 53 52 59 56 55 57 51 58 60 54
 54 58 52 57 55 53 59 60 56 51 64 62 66 68 65 67 61 69 70 63 77 78 71 73 75 76 80 79 74 72 89 86 82 90 84 83 88 85 87 81 10  4  2  8  9  6  3  7  1  5 11 19 16 15 18 14 17 13 12 20 25 26 23 28 21 27 30 24 22 29 36 37 31 38 34 39 33 40 35 32 43 42 49 46 45 47 41 48 50 44
 44 48 42 47 45 43 49 50 46 41 54 52 56 58 55 57 51 59 60 53 67 68 61 63 65 66 70 69 64 62 79 76 72 80 74 73 78 75 77 71 90 84 82 88 89 86 83 87 81 85  1  9  6  5  8  4  7  3  2 10 15 16 13 18 11 17 20 14 12 19 26 27 21 28 24 29 23 30 25 22 33 32 39 36 35 37 31 38 40 34
  4  8  2  7  5  3  9 10  6  1 14 12 16 18 15 17 11 19 20 13 27 28 21 23 25 26 30 29 24 22 39 36 32 40 34 33 38 35 37 31 50 44 42 48 49 46 43 47 41 45 51 59 56 55 58 54 57 53 52 60 65 66 63 68 61 67 70 64 62 69 76 77 71 78 74 79 73 80 75 72 83 82 89 86 85 87 81 88 90 84
 24 28 22 27 25 23 29 30 26 21 34 32 36 38 35 37 31 39 40 33 47 48 41 43 45 46 50 49 44 42 59 56 52 60 54 53 58 55 57 51 70 64 62 68 69 66 63 67 61 65 71 79 76 75 78 74 77 73 72 80 85 86 83 88 81 87 90 84 82 89  6  7  1  8  4  9  3 10  5  2 13 12 19 16 15 17 11 18 20 14
  5  9  3  8  6  4 10  1  7  2 15 13 17 19 16 18 12 20 11 14 28 29 22 24 26 27 21 30 25 23 40 37 33 31 35 34 39 36 38 32 41 45 43 49 50 47 44 48 42 46 52 60 57 56 59 55 58 54 53 51 66 67 64 69 62 68 61 65 63 70 77 78 72 79 75 80 74 71 76 73 84 83 90 87 86 88 82 89 81 85
 85 89 83 88 86 84 90 81 87 82  5  3  7  9  6  8  2 10  1  4 18 19 12 14 16 17 11 20 15 13 30 27 23 21 25 24 29 26 28 22 31 35 33 39 40 37 34 38 32 36 42 50 47 46 49 45 48 44 43 41 56 57 54 59 52 58 51 55 53 60 67 68 62 69 65 70 64 61 66 63 74 73 80 77 76 78 72 79 71 75
 65 69 63 68 66 64 70 61 67 62 75 73 77 79 76 78 72 80 71 74 88 89 82 84 86 87 81 90 85 83 10  7  3  1  5  4  9  6  8  2 11 15 13 19 20 17 14 18 12 16 22 30 27 26 29 25 28 24 23 21 36 37 34 39 32 38 31 35 33 40 47 48 42 49 45 50 44 41 46 43 54 53 60 57 56 58 52 59 51 55
 75 79 73 78 76 74 80 71 77 72 85 83 87 89 86 88 82 90 81 84  8  9  2  4  6  7  1 10  5  3 20 17 13 11 15 14 19 16 18 12 21 25 23 29 30 27 24 28 22 26 32 40 37 36 39 35 38 34 33 31 46 47 44 49 42 48 41 45 43 50 57 58 52 59 55 60 54 51 56 53 64 63 70 67 66 68 62 69 61 65
 55 59 53 58 56 54 60 51 57 52 65 63 67 69 66 68 62 70 61 64 78 79 72 74 76 77 71 80 75 73 90 87 83 81 85 84 89 86 88 82  1  5  3  9 10  7  4  8  2  6 12 20 17 16 19 15 18 14 13 11 26 27 24 29 22 28 21 25 23 30 37 38 32 39 35 40 34 31 36 33 44 43 50 47 46 48 42 49 41 45
 35 39 33 38 36 34 40 31 37 32 45 43 47 49 46 48 42 50 41 44 58 59 52 54 56 57 51 60 55 53 70 67 63 61 65 64 69 66 68 62 71 75 73 79 80 77 74 78 72 76 82 90 87 86 89 85 88 84 83 81  6  7  4  9  2  8  1  5  3 10 17 18 12 19 15 20 14 11 16 13 24 23 30 27 26 28 22 29 21 25
 15 19 13 18 16 14 20 11 17 12 25 23 27 29 26 28 22 30 21 24 38 39 32 34 36 37 31 40 35 33 50 47 43 41 45 44 49 46 48 42 51 55 53 59 60 57 54 58 52 56 62 70 67 66 69 65 68 64 63 61 76 77 74 79 72 78 71 75 73 80 87 88 82 89 85 90 84 81 86 83  4  3 10  7  6  8  2  9  1  5
 25 29 23 28 26 24 30 21 27 22 35 33 37 39 36 38 32 40 31 34 48 49 42 44 46 47 41 50 45 43 60 57 53 51 55 54 59 56 58 52 61 65 63 69 70 67 64 68 62 66 72 80 77 76 79 75 78 74 73 71 86 87 84 89 82 88 81 85 83 90  7  8  2  9  5 10  4  1  6  3 14 13 20 17 16 18 12 19 11 15
 45 49 43 48 46 44 50 41 47 42 55 53 57 59 56 58 52 60 51 54 68 69 62 64 66 67 61 70 65 63 80 77 73 71 75 74 79 76 78 72 81 85 83 89 90 87 84 88 82 86  2 10  7  6  9  5  8  4  3  1 16 17 14 19 12 18 11 15 13 20 27 28 22 29 25 30 24 21 26 23 34 33 40 37 36 38 32 39 31 35
 56 60 54 59 57 55 51 52 58 53 66 64 68 70 67 69 63 61 62 65 79 80 73 75 77 78 72 71 76 74 81 88 84 82 86 85 90 87 89 83  2  6  4 10  1  8  5  9  3  7 13 11 18 17 20 16 19 15 14 12 27 28 25 30 23 29 22 26 24 21 38 39 33 40 36 31 35 32 37 34 45 44 41 48 47 49 43 50 42 46
 86 90 84 89 87 85 81 82 88 83  6  4  8 10  7  9  3  1  2  5 19 20 13 15 17 18 12 11 16 14 21 28 24 22 26 25 30 27 29 23 32 36 34 40 31 38 35 39 33 37 43 41 48 47 50 46 49 45 44 42 57 58 55 60 53 59 52 56 54 51 68 69 63 70 66 61 65 62 67 64 75 74 71 78 77 79 73 80 72 76
 26 30 24 29 27 25 21 22 28 23 36 34 38 40 37 39 33 31 32 35 49 50 43 45 47 48 42 41 46 44 51 58 54 52 56 55 60 57 59 53 62 66 64 70 61 68 65 69 63 67 73 71 78 77 80 76 79 75 74 72 87 88 85 90 83 89 82 86 84 81  8  9  3 10  6  1  5  2  7  4 15 14 11 18 17 19 13 20 12 16
 46 50 44 49 47 45 41 42 48 43 56 54 58 60 57 59 53 51 52 55 69 70 63 65 67 68 62 61 66 64 71 78 74 72 76 75 80 77 79 73 82 86 84 90 81 88 85 89 83 87  3  1  8  7 10  6  9  5  4  2 17 18 15 20 13 19 12 16 14 11 28 29 23 30 26 21 25 22 27 24 35 34 31 38 37 39 33 40 32 36
 66 70 64 69 67 65 61 62 68 63 76 74 78 80 77 79 73 71 72 75 89 90 83 85 87 88 82 81 86 84  1  8  4  2  6  5 10  7  9  3 12 16 14 20 11 18 15 19 13 17 23 21 28 27 30 26 29 25 24 22 37 38 35 40 33 39 32 36 34 31 48 49 43 50 46 41 45 42 47 44 55 54 51 58 57 59 53 60 52 56
 76 80 74 79 77 75 71 72 78 73 86 84 88 90 87 89 83 81 82 85  9 10  3  5  7  8  2  1  6  4 11 18 14 12 16 15 20 17 19 13 22 26 24 30 21 28 25 29 23 27 33 31 38 37 40 36 39 35 34 32 47 48 45 50 43 49 42 46 44 41 58 59 53 60 56 51 55 52 57 54 65 64 61 68 67 69 63 70 62 66
 36 40 34 39 37 35 31 32 38 33 46 44 48 50 47 49 43 41 42 45 59 60 53 55 57 58 52 51 56 54 61 68 64 62 66 65 70 67 69 63 72 76 74 80 71 78 75 79 73 77 83 81 88 87 90 86 89 85 84 82  7  8  5 10  3  9  2  6  4  1 18 19 13 20 16 11 15 12 17 14 25 24 21 28 27 29 23 30 22 26
  6 10  4  9  7  5  1  2  8  3 16 14 18 20 17 19 13 11 12 15 29 30 23 25 27 28 22 21 26 24 31 38 34 32 36 35 40 37 39 33 42 46 44 50 41 48 45 49 43 47 53 51 58 57 60 56 59 55 54 52 67 68 65 70 63 69 62 66 64 61 78 79 73 80 76 71 75 72 77 74 85 84 81 88 87 89 83 90 82 86
 16 20 14 19 17 15 11 12 18 13 26 24 28 30 27 29 23 21 22 25 39 40 33 35 37 38 32 31 36 34 41 48 44 42 46 45 50 47 49 43 52 56 54 60 51 58 55 59 53 57 63 61 68 67 70 66 69 65 64 62 77 78 75 80 73 79 72 76 74 71 88 89 83 90 86 81 85 82 87 84  5  4  1  8  7  9  3 10  2  6
 67 61 65 70 68 66 62 63 69 64 77 75 79 71 78 80 74 72 73 76 90 81 84 86 88 89 83 82 87 85  2  9  5  3  7  6  1  8 10  4 13 17 15 11 12 19 16 20 14 18 24 22 29 28 21 27 30 26 25 23 38 39 36 31 34 40 33 37 35 32 49 50 44 41 47 42 46 43 48 45 56 55 52 59 58 60 54 51 53 57
 87 81 85 90 88 86 82 83 89 84  7  5  9  1  8 10  4  2  3  6 20 11 14 16 18 19 13 12 17 15 22 29 25 23 27 26 21 28 30 24 33 37 35 31 32 39 36 40 34 38 44 42 49 48 41 47 50 46 45 43 58 59 56 51 54 60 53 57 55 52 69 70 64 61 67 62 66 63 68 65 76 75 72 79 78 80 74 71 73 77
 37 31 35 40 38 36 32 33 39 34 47 45 49 41 48 50 44 42 43 46 60 51 54 56 58 59 53 52 57 55 62 69 65 63 67 66 61 68 70 64 73 77 75 71 72 79 76 80 74 78 84 82 89 88 81 87 90 86 85 83  8  9  6  1  4 10  3  7  5  2 19 20 14 11 17 12 16 13 18 15 26 25 22 29 28 30 24 21 23 27
 17 11 15 20 18 16 12 13 19 14 27 25 29 21 28 30 24 22 23 26 40 31 34 36 38 39 33 32 37 35 42 49 45 43 47 46 41 48 50 44 53 57 55 51 52 59 56 60 54 58 64 62 69 68 61 67 70 66 65 63 78 79 76 71 74 80 73 77 75 72 89 90 84 81 87 82 86 83 88 85  6  5  2  9  8 10  4  1  3  7
 57 51 55 60 58 56 52 53 59 54 67 65 69 61 68 70 64 62 63 66 80 71 74 76 78 79 73 72 77 75 82 89 85 83 87 86 81 88 90 84  3  7  5  1  2  9  6 10  4  8 14 12 19 18 11 17 20 16 15 13 28 29 26 21 24 30 23 27 25 22 39 40 34 31 37 32 36 33 38 35 46 45 42 49 48 50 44 41 43 47
 77 71 75 80 78 76 72 73 79 74 87 85 89 81 88 90 84 82 83 86 10  1  4  6  8  9  3  2  7  5 12 19 15 13 17 16 11 18 20 14 23 27 25 21 22 29 26 30 24 28 34 32 39 38 31 37 40 36 35 33 48 49 46 41 44 50 43 47 45 42 59 60 54 51 57 52 56 53 58 55 66 65 62 69 68 70 64 61 63 67
 47 41 45 50 48 46 42 43 49 44 57 55 59 51 58 60 54 52 53 56 70 61 64 66 68 69 63 62 67 65 72 79 75 73 77 76 71 78 80 74 83 87 85 81 82 89 86 90 84 88  4  2  9  8  1  7 10  6  5  3 18 19 16 11 14 20 13 17 15 12 29 30 24 21 27 22 26 23 28 25 36 35 32 39 38 40 34 31 33 37
 27 21 25 30 28 26 22 23 29 24 37 35 39 31 38 40 34 32 33 36 50 41 44 46 48 49 43 42 47 45 52 59 55 53 57 56 51 58 60 54 63 67 65 61 62 69 66 70 64 68 74 72 79 78 71 77 80 76 75 73 88 89 86 81 84 90 83 87 85 82  9 10  4  1  7  2  6  3  8  5 16 15 12 19 18 20 14 11 13 17
  7  1  5 10  8  6  2  3  9  4 17 15 19 11 18 20 14 12 13 16 30 21 24 26 28 29 23 22 27 25 32 39 35 33 37 36 31 38 40 34 43 47 45 41 42 49 46 50 44 48 54 52 59 58 51 57 60 56 55 53 68 69 66 61 64 70 63 67 65 62 79 80 74 71 77 72 76 73 78 75 86 85 82 89 88 90 84 81 83 87
 58 52 56 51 59 57 53 54 60 55 68 66 70 62 69 61 65 63 64 67 71 72 75 77 79 80 74 73 78 76 83 90 86 84 88 87 82 89 81 85  4  8  6  2  3 10  7  1  5  9 15 13 20 19 12 18 11 17 16 14 29 30 27 22 25 21 24 28 26 23 40 31 35 32 38 33 37 34 39 36 47 46 43 50 49 41 45 42 44 48
 18 12 16 11 19 17 13 14 20 15 28 26 30 22 29 21 25 23 24 27 31 32 35 37 39 40 34 33 38 36 43 50 46 44 48 47 42 49 41 45 54 58 56 52 53 60 57 51 55 59 65 63 70 69 62 68 61 67 66 64 79 80 77 72 75 71 74 78 76 73 90 81 85 82 88 83 87 84 89 86  7  6  3 10  9  1  5  2  4  8
 48 42 46 41 49 47 43 44 50 45 58 56 60 52 59 51 55 53 54 57 61 62 65 67 69 70 64 63 68 66 73 80 76 74 78 77 72 79 71 75 84 88 86 82 83 90 87 81 85 89  5  3 10  9  2  8  1  7  6  4 19 20 17 12 15 11 14 18 16 13 30 21 25 22 28 23 27 24 29 26 37 36 33 40 39 31 35 32 34 38
 88 82 86 81 89 87 83 84 90 85  8  6 10  2  9  1  5  3  4  7 11 12 15 17 19 20 14 13 18 16 23 30 26 24 28 27 22 29 21 25 34 38 36 32 33 40 37 31 35 39 45 43 50 49 42 48 41 47 46 44 59 60 57 52 55 51 54 58 56 53 70 61 65 62 68 63 67 64 69 66 77 76 73 80 79 71 75 72 74 78
 78 72 76 71 79 77 73 74 80 75 88 86 90 82 89 81 85 83 84 87  1  2  5  7  9 10  4  3  8  6 13 20 16 14 18 17 12 19 11 15 24 28 26 22 23 30 27 21 25 29 35 33 40 39 32 38 31 37 36 34 49 50 47 42 45 41 44 48 46 43 60 51 55 52 58 53 57 54 59 56 67 66 63 70 69 61 65 62 64 68
 38 32 36 31 39 37 33 34 40 35 48 46 50 42 49 41 45 43 44 47 51 52 55 57 59 60 54 53 58 56 63 70 66 64 68 67 62 69 61 65 74 78 76 72 73 80 77 71 75 79 85 83 90 89 82 88 81 87 86 84  9 10  7  2  5  1  4  8  6  3 20 11 15 12 18 13 17 14 19 16 27 26 23 30 29 21 25 22 24 28
 68 62 66 61 69 67 63 64 70 65 78 76 80 72 79 71 75 73 74 77 81 82 85 87 89 90 84 83 88 86  3 10  6  4  8  7  2  9  1  5 14 18 16 12 13 20 17 11 15 19 25 23 30 29 22 28 21 27 26 24 39 40 37 32 35 31 34 38 36 33 50 41 45 42 48 43 47 44 49 46 57 56 53 60 59 51 55 52 54 58
  8  2  6  1  9  7  3  4 10  5 18 16 20 12 19 11 15 13 14 17 21 22 25 27 29 30 24 23 28 26 33 40 36 34 38 37 32 39 31 35 44 48 46 42 43 50 47 41 45 49 55 53 60 59 52 58 51 57 56 54 69 70 67 62 65 61 64 68 66 63 80 71 75 72 78 73 77 74 79 76 87 86 83 90 89 81 85 82 84 88
 28 22 26 21 29 27 23 24 30 25 38 36 40 32 39 31 35 33 34 37 41 42 45 47 49 50 44 43 48 46 53 60 56 54 58 57 52 59 51 55 64 68 66 62 63 70 67 61 65 69 75 73 80 79 72 78 71 77 76 74 89 90 87 82 85 81 84 88 86 83 10  1  5  2  8  3  7  4  9  6 17 16 13 20 19 11 15 12 14 18
 39 33 37 32 40 38 34 35 31 36 49 47 41 43 50 42 46 44 45 48 52 53 56 58 60 51 55 54 59 57 64 61 67 65 69 68 63 70 62 66 75 79 77 73 74 71 78 72 76 80 86 84 81 90 83 89 82 88 87 85 10  1  8  3  6  2  5  9  7  4 11 12 16 13 19 14 18 15 20 17 28 27 24 21 30 22 26 23 25 29
 89 83 87 82 90 88 84 85 81 86  9  7  1  3 10  2  6  4  5  8 12 13 16 18 20 11 15 14 19 17 24 21 27 25 29 28 23 30 22 26 35 39 37 33 34 31 38 32 36 40 46 44 41 50 43 49 42 48 47 45 60 51 58 53 56 52 55 59 57 54 61 62 66 63 69 64 68 65 70 67 78 77 74 71 80 72 76 73 75 79
 69 63 67 62 70 68 64 65 61 66 79 77 71 73 80 72 76 74 75 78 82 83 86 88 90 81 85 84 89 87  4  1  7  5  9  8  3 10  2  6 15 19 17 13 14 11 18 12 16 20 26 24 21 30 23 29 22 28 27 25 40 31 38 33 36 32 35 39 37 34 41 42 46 43 49 44 48 45 50 47 58 57 54 51 60 52 56 53 55 59
 79 73 77 72 80 78 74 75 71 76 89 87 81 83 90 82 86 84 85 88  2  3  6  8 10  1  5  4  9  7 14 11 17 15 19 18 13 20 12 16 25 29 27 23 24 21 28 22 26 30 36 34 31 40 33 39 32 38 37 35 50 41 48 43 46 42 45 49 47 44 51 52 56 53 59 54 58 55 60 57 68 67 64 61 70 62 66 63 65 69
 29 23 27 22 30 28 24 25 21 26 39 37 31 33 40 32 36 34 35 38 42 43 46 48 50 41 45 44 49 47 54 51 57 55 59 58 53 60 52 56 65 69 67 63 64 61 68 62 66 70 76 74 71 80 73 79 72 78 77 75 90 81 88 83 86 82 85 89 87 84  1  2  6  3  9  4  8  5 10  7 18 17 14 11 20 12 16 13 15 19
 49 43 47 42 50 48 44 45 41 46 59 57 51 53 60 52 56 54 55 58 62 63 66 68 70 61 65 64 69 67 74 71 77 75 79 78 73 80 72 76 85 89 87 83 84 81 88 82 86 90  6  4  1 10  3  9  2  8  7  5 20 11 18 13 16 12 15 19 17 14 21 22 26 23 29 24 28 25 30 27 38 37 34 31 40 32 36 33 35 39
  9  3  7  2 10  8  4  5  1  6 19 17 11 13 20 12 16 14 15 18 22 23 26 28 30 21 25 24 29 27 34 31 37 35 39 38 33 40 32 36 45 49 47 43 44 41 48 42 46 50 56 54 51 60 53 59 52 58 57 55 70 61 68 63 66 62 65 69 67 64 71 72 76 73 79 74 78 75 80 77 88 87 84 81 90 82 86 83 85 89
 19 13 17 12 20 18 14 15 11 16 29 27 21 23 30 22 26 24 25 28 32 33 36 38 40 31 35 34 39 37 44 41 47 45 49 48 43 50 42 46 55 59 57 53 54 51 58 52 56 60 66 64 61 70 63 69 62 68 67 65 80 71 78 73 76 72 75 79 77 74 81 82 86 83 89 84 88 85 90 87  8  7  4  1 10  2  6  3  5  9
 59 53 57 52 60 58 54 55 51 56 69 67 61 63 70 62 66 64 65 68 72 73 76 78 80 71 75 74 79 77 84 81 87 85 89 88 83 90 82 86  5  9  7  3  4  1  8  2  6 10 16 14 11 20 13 19 12 18 17 15 30 21 28 23 26 22 25 29 27 24 31 32 36 33 39 34 38 35 40 37 48 47 44 41 50 42 46 43 45 49
 80 74 78 73 71 79 75 76 72 77 90 88 82 84 81 83 87 85 86 89  3  4  7  9  1  2  6  5 10  8 15 12 18 16 20 19 14 11 13 17 26 30 28 24 25 22 29 23 27 21 37 35 32 31 34 40 33 39 38 36 41 42 49 44 47 43 46 50 48 45 52 53 57 54 60 55 59 56 51 58 69 68 65 62 61 63 67 64 66 70
 10  4  8  3  1  9  5  6  2  7 20 18 12 14 11 13 17 15 16 19 23 24 27 29 21 22 26 25 30 28 35 32 38 36 40 39 34 31 33 37 46 50 48 44 45 42 49 43 47 41 57 55 52 51 54 60 53 59 58 56 61 62 69 64 67 63 66 70 68 65 72 73 77 74 80 75 79 76 71 78 89 88 85 82 81 83 87 84 86 90
 40 34 38 33 31 39 35 36 32 37 50 48 42 44 41 43 47 45 46 49 53 54 57 59 51 52 56 55 60 58 65 62 68 66 70 69 64 61 63 67 76 80 78 74 75 72 79 73 77 71 87 85 82 81 84 90 83 89 88 86  1  2  9  4  7  3  6 10  8  5 12 13 17 14 20 15 19 16 11 18 29 28 25 22 21 23 27 24 26 30
 60 54 58 53 51 59 55 56 52 57 70 68 62 64 61 63 67 65 66 69 73 74 77 79 71 72 76 75 80 78 85 82 88 86 90 89 84 81 83 87  6 10  8  4  5  2  9  3  7  1 17 15 12 11 14 20 13 19 18 16 21 22 29 24 27 23 26 30 28 25 32 33 37 34 40 35 39 36 31 38 49 48 45 42 41 43 47 44 46 50
 20 14 18 13 11 19 15 16 12 17 30 28 22 24 21 23 27 25 26 29 33 34 37 39 31 32 36 35 40 38 45 42 48 46 50 49 44 41 43 47 56 60 58 54 55 52 59 53 57 51 67 65 62 61 64 70 63 69 68 66 71 72 79 74 77 73 76 80 78 75 82 83 87 84 90 85 89 86 81 88  9  8  5  2  1  3  7  4  6 10
 50 44 48 43 41 49 45 46 42 47 60 58 52 54 51 53 57 55 56 59 63 64 67 69 61 62 66 65 70 68 75 72 78 76 80 79 74 71 73 77 86 90 88 84 85 82 89 83 87 81  7  5  2  1  4 10  3  9  8  6 11 12 19 14 17 13 16 20 18 15 22 23 27 24 30 25 29 26 21 28 39 38 35 32 31 33 37 34 36 40
 30 24 28 23 21 29 25 26 22 27 40 38 32 34 31 33 37 35 36 39 43 44 47 49 41 42 46 45 50 48 55 52 58 56 60 59 54 51 53 57 66 70 68 64 65 62 69 63 67 61 77 75 72 71 74 80 73 79 78 76 81 82 89 84 87 83 86 90 88 85  2  3  7  4 10  5  9  6  1  8 19 18 15 12 11 13 17 14 16 20
 70 64 68 63 61 69 65 66 62 67 80 78 72 74 71 73 77 75 76 79 83 84 87 89 81 82 86 85 90 88  5  2  8  6 10  9  4  1  3  7 16 20 18 14 15 12 19 13 17 11 27 25 22 21 24 30 23 29 28 26 31 32 39 34 37 33 36 40 38 35 42 43 47 44 50 45 49 46 41 48 59 58 55 52 51 53 57 54 56 60
 90 84 88 83 81 89 85 86 82 87 10  8  2  4  1  3  7  5  6  9 13 14 17 19 11 12 16 15 20 18 25 22 28 26 30 29 24 21 23 27 36 40 38 34 35 32 39 33 37 31 47 45 42 41 44 50 43 49 48 46 51 52 59 54 57 53 56 60 58 55 62 63 67 64 70 65 69 66 61 68 79 78 75 72 71 73 77 74 76 80
 31 35 39 34 32 40 36 37 33 38 41 49 43 45 42 44 48 46 47 50 54 55 58 60 52 53 57 56 51 59 66 63 69 67 61 70 65 62 64 68 77 71 79 75 76 73 80 74 78 72 88 86 83 82 85 81 84 90 89 87  2  3 10  5  8  4  7  1  9  6 13 14 18 15 11 16 20 17 12 19 30 29 26 23 22 24 28 25 27 21
 71 75 79 74 72 80 76 77 73 78 81 89 83 85 82 84 88 86 87 90  4  5  8 10  2  3  7  6  1  9 16 13 19 17 11 20 15 12 14 18 27 21 29 25 26 23 30 24 28 22 38 36 33 32 35 31 34 40 39 37 42 43 50 45 48 44 47 41 49 46 53 54 58 55 51 56 60 57 52 59 70 69 66 63 62 64 68 65 67 61
 41 45 49 44 42 50 46 47 43 48 51 59 53 55 52 54 58 56 57 60 64 65 68 70 62 63 67 66 61 69 76 73 79 77 71 80 75 72 74 78 87 81 89 85 86 83 90 84 88 82  8  6  3  2  5  1  4 10  9  7 12 13 20 15 18 14 17 11 19 16 23 24 28 25 21 26 30 27 22 29 40 39 36 33 32 34 38 35 37 31
 11 15 19 14 12 20 16 17 13 18 21 29 23 25 22 24 28 26 27 30 34 35 38 40 32 33 37 36 31 39 46 43 49 47 41 50 45 42 44 48 57 51 59 55 56 53 60 54 58 52 68 66 63 62 65 61 64 70 69 67 72 73 80 75 78 74 77 71 79 76 83 84 88 85 81 86 90 87 82 89 10  9  6  3  2  4  8  5  7  1
 61 65 69 64 62 70 66 67 63 68 71 79 73 75 72 74 78 76 77 80 84 85 88 90 82 83 87 86 81 89  6  3  9  7  1 10  5  2  4  8 17 11 19 15 16 13 20 14 18 12 28 26 23 22 25 21 24 30 29 27 32 33 40 35 38 34 37 31 39 36 43 44 48 45 41 46 50 47 42 49 60 59 56 53 52 54 58 55 57 51
 51 55 59 54 52 60 56 57 53 58 61 69 63 65 62 64 68 66 67 70 74 75 78 80 72 73 77 76 71 79 86 83 89 87 81 90 85 82 84 88  7  1  9  5  6  3 10  4  8  2 18 16 13 12 15 11 14 20 19 17 22 23 30 25 28 24 27 21 29 26 33 34 38 35 31 36 40 37 32 39 50 49 46 43 42 44 48 45 47 41
  1  5  9  4  2 10  6  7  3  8 11 19 13 15 12 14 18 16 17 20 24 25 28 30 22 23 27 26 21 29 36 33 39 37 31 40 35 32 34 38 47 41 49 45 46 43 50 44 48 42 58 56 53 52 55 51 54 60 59 57 62 63 70 65 68 64 67 61 69 66 73 74 78 75 71 76 80 77 72 79 90 89 86 83 82 84 88 85 87 81
 81 85 89 84 82 90 86 87 83 88  1  9  3  5  2  4  8  6  7 10 14 15 18 20 12 13 17 16 11 19 26 23 29 27 21 30 25 22 24 28 37 31 39 35 36 33 40 34 38 32 48 46 43 42 45 41 44 50 49 47 52 53 60 55 58 54 57 51 59 56 63 64 68 65 61 66 70 67 62 69 80 79 76 73 72 74 78 75 77 71
 21 25 29 24 22 30 26 27 23 28 31 39 33 35 32 34 38 36 37 40 44 45 48 50 42 43 47 46 41 49 56 53 59 57 51 60 55 52 54 58 67 61 69 65 66 63 70 64 68 62 78 76 73 72 75 71 74 80 79 77 82 83 90 85 88 84 87 81 89 86  3  4  8  5  1  6 10  7  2  9 20 19 16 13 12 14 18 15 17 11
 52 56 60 55 53 51 57 58 54 59 62 70 64 66 63 65 69 67 68 61 75 76 79 71 73 74 78 77 72 80 87 84 90 88 82 81 86 83 85 89  8  2 10  6  7  4  1  5  9  3 19 17 14 13 16 12 15 11 20 18 23 24 21 26 29 25 28 22 30 27 34 35 39 36 32 37 31 38 33 40 41 50 47 44 43 45 49 46 48 42
 62 66 70 65 63 61 67 68 64 69 72 80 74 76 73 75 79 77 78 71 85 86 89 81 83 84 88 87 82 90  7  4 10  8  2  1  6  3  5  9 18 12 20 16 17 14 11 15 19 13 29 27 24 23 26 22 25 21 30 28 33 34 31 36 39 35 38 32 40 37 44 45 49 46 42 47 41 48 43 50 51 60 57 54 53 55 59 56 58 52
 82 86 90 85 83 81 87 88 84 89  2 10  4  6  3  5  9  7  8  1 15 16 19 11 13 14 18 17 12 20 27 24 30 28 22 21 26 23 25 29 38 32 40 36 37 34 31 35 39 33 49 47 44 43 46 42 45 41 50 48 53 54 51 56 59 55 58 52 60 57 64 65 69 66 62 67 61 68 63 70 71 80 77 74 73 75 79 76 78 72
  2  6 10  5  3  1  7  8  4  9 12 20 14 16 13 15 19 17 18 11 25 26 29 21 23 24 28 27 22 30 37 34 40 38 32 31 36 33 35 39 48 42 50 46 47 44 41 45 49 43 59 57 54 53 56 52 55 51 60 58 63 64 61 66 69 65 68 62 70 67 74 75 79 76 72 77 71 78 73 80 81 90 87 84 83 85 89 86 88 82
 72 76 80 75 73 71 77 78 74 79 82 90 84 86 83 85 89 87 88 81  5  6  9  1  3  4  8  7  2 10 17 14 20 18 12 11 16 13 15 19 28 22 30 26 27 24 21 25 29 23 39 37 34 33 36 32 35 31 40 38 43 44 41 46 49 45 48 42 50 47 54 55 59 56 52 57 51 58 53 60 61 70 67 64 63 65 69 66 68 62
 32 36 40 35 33 31 37 38 34 39 42 50 44 46 43 45 49 47 48 41 55 56 59 51 53 54 58 57 52 60 67 64 70 68 62 61 66 63 65 69 78 72 80 76 77 74 71 75 79 73 89 87 84 83 86 82 85 81 90 88  3  4  1  6  9  5  8  2 10  7 14 15 19 16 12 17 11 18 13 20 21 30 27 24 23 25 29 26 28 22
 42 46 50 45 43 41 47 48 44 49 52 60 54 56 53 55 59 57 58 51 65 66 69 61 63 64 68 67 62 70 77 74 80 78 72 71 76 73 75 79 88 82 90 86 87 84 81 85 89 83  9  7  4  3  6  2  5  1 10  8 13 14 11 16 19 15 18 12 20 17 24 25 29 26 22 27 21 28 23 30 31 40 37 34 33 35 39 36 38 32
 22 26 30 25 23 21 27 28 24 29 32 40 34 36 33 35 39 37 38 31 45 46 49 41 43 44 48 47 42 50 57 54 60 58 52 51 56 53 55 59 68 62 70 66 67 64 61 65 69 63 79 77 74 73 76 72 75 71 80 78 83 84 81 86 89 85 88 82 90 87  4  5  9  6  2  7  1  8  3 10 11 20 17 14 13 15 19 16 18 12
 12 16 20 15 13 11 17 18 14 19 22 30 24 26 23 25 29 27 28 21 35 36 39 31 33 34 38 37 32 40 47 44 50 48 42 41 46 43 45 49 58 52 60 56 57 54 51 55 59 53 69 67 64 63 66 62 65 61 70 68 73 74 71 76 79 75 78 72 80 77 84 85 89 86 82 87 81 88 83 90  1 10  7  4  3  5  9  6  8  2
 53 57 51 56 54 52 58 59 55 60 63 61 65 67 64 66 70 68 69 62 76 77 80 72 74 75 79 78 73 71 88 85 81 89 83 82 87 84 86 90  9  3  1  7  8  5  2  6 10  4 20 18 15 14 17 13 16 12 11 19 24 25 22 27 30 26 29 23 21 28 35 36 40 37 33 38 32 39 34 31 42 41 48 45 44 46 50 47 49 43
 13 17 11 16 14 12 18 19 15 20 23 21 25 27 24 26 30 28 29 22 36 37 40 32 34 35 39 38 33 31 48 45 41 49 43 42 47 44 46 50 59 53 51 57 58 55 52 56 60 54 70 68 65 64 67 63 66 62 61 69 74 75 72 77 80 76 79 73 71 78 85 86 90 87 83 88 82 89 84 81  2  1  8  5  4  6 10  7  9  3
 73 77 71 76 74 72 78 79 75 80 83 81 85 87 84 86 90 88 89 82  6  7 10  2  4  5  9  8  3  1 18 15 11 19 13 12 17 14 16 20 29 23 21 27 28 25 22 26 30 24 40 38 35 34 37 33 36 32 31 39 44 45 42 47 50 46 49 43 41 48 55 56 60 57 53 58 52 59 54 51 62 61 68 65 64 66 70 67 69 63
 83 87 81 86 84 82 88 89 85 90  3  1  5  7  4  6 10  8  9  2 16 17 20 12 14 15 19 18 13 11 28 25 21 29 23 22 27 24 26 30 39 33 31 37 38 35 32 36 40 34 50 48 45 44 47 43 46 42 41 49 54 55 52 57 60 56 59 53 51 58 65 66 70 67 63 68 62 69 64 61 72 71 78 75 74 76 80 77 79 73
  3  7  1  6  4  2  8  9  5 10 13 11 15 17 14 16 20 18 19 12 26 27 30 22 24 25 29 28 23 21 38 35 31 39 33 32 37 34 36 40 49 43 41 47 48 45 42 46 50 44 60 58 55 54 57 53 56 52 51 59 64 65 62 67 70 66 69 63 61 68 75 76 80 77 73 78 72 79 74 71 82 81 88 85 84 86 90 87 89 83
 23 27 21 26 24 22 28 29 25 30 33 31 35 37 34 36 40 38 39 32 46 47 50 42 44 45 49 48 43 41 58 55 51 59 53 52 57 54 56 60 69 63 61 67 68 65 62 66 70 64 80 78 75 74 77 73 76 72 71 79 84 85 82 87 90 86 89 83 81 88  5  6 10  7  3  8  2  9  4  1 12 11 18 15 14 16 20 17 19 13
 43 47 41 46 44 42 48 49 45 50 53 51 55 57 54 56 60 58 59 52 66 67 70 62 64 65 69 68 63 61 78 75 71 79 73 72 77 74 76 80 89 83 81 87 88 85 82 86 90 84 10  8  5  4  7  3  6  2  1  9 14 15 12 17 20 16 19 13 11 18 25 26 30 27 23 28 22 29 24 21 32 31 38 35 34 36 40 37 39 33
 63 67 61 66 64 62 68 69 65 70 73 71 75 77 74 76 80 78 79 72 86 87 90 82 84 85 89 88 83 81  8  5  1  9  3  2  7  4  6 10 19 13 11 17 18 15 12 16 20 14 30 28 25 24 27 23 26 22 21 29 34 35 32 37 40 36 39 33 31 38 45 46 50 47 43 48 42 49 44 41 52 51 58 55 54 56 60 57 59 53
 33 37 31 36 34 32 38 39 35 40 43 41 45 47 44 46 50 48 49 42 56 57 60 52 54 55 59 58 53 51 68 65 61 69 63 62 67 64 66 70 79 73 71 77 78 75 72 76 80 74 90 88 85 84 87 83 86 82 81 89  4  5  2  7 10  6  9  3  1  8 15 16 20 17 13 18 12 19 14 11 22 21 28 25 24 26 30 27 29 23
