 42 40 41 39 44 37 45 38 43 48 50 49 53 47 46 52 51 54 56 55 58 57 63 60 61 59 62  5  4  8  2  9  1  3  6  7 13 12 14 11 10 17 15 18 16 27 20 26 25 23 22 24 21 19 31 29 32 35 33 36 34 28 30
 60 58 59 57 62 55 63 56 61  3  5  4  8  2  1  7  6  9 11 10 13 12 18 15 16 14 17 23 22 26 20 27 19 21 24 25 31 30 32 29 28 35 33 36 34 45 38 44 43 41 40 42 39 37 49 47 50 53 51 54 52 46 48
  6  4  5  3  8  1  9  2  7 12 14 13 17 11 10 16 15 18 20 19 22 21 27 24 25 23 26 32 31 35 29 36 28 30 33 34 40 39 41 38 37 44 42 45 43 54 47 53 52 50 49 51 48 46 58 56 59 62 60 63 61 55 57
 33 31 32 30 35 28 36 29 34 39 41 40 44 38 37 43 42 45 47 46 49 48 54 51 52 50 53 59 58 62 56 63 55 57 60 61  4  3  5  2  1  8  6  9  7 18 11 17 16 14 13 15 12 10 22 20 23 26 24 27 25 19 21
 24 22 23 21 26 19 27 20 25 30 32 31 35 29 28 34 33 36 38 37 40 39 45 42 43 41 44 50 49 53 47 54 46 48 51 52 58 57 59 56 55 62 60 63 61  9  2  8  7  5  4  6  3  1 13 11 14 17 15 18 16 10 12
 15 13 14 12 17 10 18 11 16 21 23 22 26 20 19 25 24 27 29 28 31 30 36 33 34 32 35 41 40 44 38 45 37 39 42 43 49 48 50 47 46 53 51 54 52 63 56 62 61 59 58 60 57 55  4  2  5  8  6  9  7  1  3
 51 49 50 48 53 46 54 47 52 57 59 58 62 56 55 61 60 63  2  1  4  3  9  6  7  5  8 14 13 17 11 18 10 12 15 16 22 21 23 20 19 26 24 27 25 36 29 35 34 32 31 33 30 28 40 38 41 44 42 45 43 37 39
 52 50 51 49 54 47 46 48 53 58 60 59 63 57 56 62 61 55  3  2  5  4  1  7  8  6  9 15 14 18 12 10 11 13 16 17 23 22 24 21 20 27 25 19 26 28 30 36 35 33 32 34 31 29 41 39 42 45 43 37 44 38 40
 61 59 60 58 63 56 55 57 62  4  6  5  9  3  2  8  7  1 12 11 14 13 10 16 17 15 18 24 23 27 21 19 20 22 25 26 32 31 33 30 29 36 34 28 35 37 39 45 44 42 41 43 40 38 50 48 51 54 52 46 53 47 49
 16 14 15 13 18 11 10 12 17 22 24 23 27 21 20 26 25 19 30 29 32 31 28 34 35 33 36 42 41 45 39 37 38 40 43 44 50 49 51 48 47 54 52 46 53 55 57 63 62 60 59 61 58 56  5  3  6  9  7  1  8  2  4
 43 41 42 40 45 38 37 39 44 49 51 50 54 48 47 53 52 46 57 56 59 58 55 61 62 60 63  6  5  9  3  1  2  4  7  8 14 13 15 12 11 18 16 10 17 19 21 27 26 24 23 25 22 20 32 30 33 36 34 28 35 29 31
 25 23 24 22 27 20 19 21 26 31 33 32 36 30 29 35 34 28 39 38 41 40 37 43 44 42 45 51 50 54 48 46 47 49 52 53 59 58 60 57 56 63 61 55 62  1  3  9  8  6  5  7  4  2 14 12 15 18 16 10 17 11 13
 34 32 33 31 36 29 28 30 35 40 42 41 45 39 38 44 43 37 48 47 50 49 46 52 53 51 54 60 59 63 57 55 56 58 61 62  5  4  6  3  2  9  7  1  8 10 12 18 17 15 14 16 13 11 23 21 24 27 25 19 26 20 22
  7  5  6  4  9  2  1  3  8 13 15 14 18 12 11 17 16 10 21 20 23 22 19 25 26 24 27 33 32 36 30 28 29 31 34 35 41 40 42 39 38 45 43 37 44 46 48 54 53 51 50 52 49 47 59 57 60 63 61 55 62 56 58
 62 60 61 59 55 57 56 58 63  5  7  6  1  4  3  9  8  2 13 12 15 14 11 17 18 16 10 25 24 19 22 20 21 23 26 27 33 32 34 31 30 28 35 29 36 38 40 37 45 43 42 44 41 39 51 49 52 46 53 47 54 48 50
 35 33 34 32 28 30 29 31 36 41 43 42 37 40 39 45 44 38 49 48 51 50 47 53 54 52 46 61 60 55 58 56 57 59 62 63  6  5  7  4  3  1  8  2  9 11 13 10 18 16 15 17 14 12 24 22 25 19 26 20 27 21 23
  8  6  7  5  1  3  2  4  9 14 16 15 10 13 12 18 17 11 22 21 24 23 20 26 27 25 19 34 33 28 31 29 30 32 35 36 42 41 43 40 39 37 44 38 45 47 49 46 54 52 51 53 50 48 60 58 61 55 62 56 63 57 59
 53 51 52 50 46 48 47 49 54 59 61 60 55 58 57 63 62 56  4  3  6  5  2  8  9  7  1 16 15 10 13 11 12 14 17 18 24 23 25 22 21 19 26 20 27 29 31 28 36 34 33 35 32 30 42 40 43 37 44 38 45 39 41
 26 24 25 23 19 21 20 22 27 32 34 33 28 31 30 36 35 29 40 39 42 41 38 44 45 43 37 52 51 46 49 47 48 50 53 54 60 59 61 58 57 55 62 56 63  2  4  1  9  7  6  8  5  3 15 13 16 10 17 11 18 12 14
 44 42 43 41 37 39 38 40 45 50 52 51 46 49 48 54 53 47 58 57 60 59 56 62 63 61 55  7  6  1  4  2  3  5  8  9 15 14 16 13 12 10 17 11 18 20 22 19 27 25 24 26 23 21 33 31 34 28 35 29 36 30 32
 17 15 16 14 10 12 11 13 18 23 25 24 19 22 21 27 26 20 31 30 33 32 29 35 36 34 28 43 42 37 40 38 39 41 44 45 51 50 52 49 48 46 53 47 54 56 58 55 63 61 60 62 59 57  6  4  7  1  8  2  9  3  5
 45 43 44 42 38 40 39 41 37 51 53 52 47 50 49 46 54 48 59 58 61 60 57 63 55 62 56  8  7  2  5  3  4  6  9  1 16 15 17 14 13 11 18 12 10 21 23 20 19 26 25 27 24 22 34 32 35 29 36 30 28 31 33
 18 16 17 15 11 13 12 14 10 24 26 25 20 23 22 19 27 21 32 31 34 33 30 36 28 35 29 44 43 38 41 39 40 42 45 37 52 51 53 50 49 47 54 48 46 57 59 56 55 62 61 63 60 58  7  5  8  2  9  3  1  4  6
  9  7  8  6  2  4  3  5  1 15 17 16 11 14 13 10 18 12 23 22 25 24 21 27 19 26 20 35 34 29 32 30 31 33 36 28 43 42 44 41 40 38 45 39 37 48 50 47 46 53 52 54 51 49 61 59 62 56 63 57 55 58 60
 63 61 62 60 56 58 57 59 55  6  8  7  2  5  4  1  9  3 14 13 16 15 12 18 10 17 11 26 25 20 23 21 22 24 27 19 34 33 35 32 31 29 36 30 28 39 41 38 37 44 43 45 42 40 52 50 53 47 54 48 46 49 51
 27 25 26 24 20 22 21 23 19 33 35 34 29 32 31 28 36 30 41 40 43 42 39 45 37 44 38 53 52 47 50 48 49 51 54 46 61 60 62 59 58 56 63 57 55  3  5  2  1  8  7  9  6  4 16 14 17 11 18 12 10 13 15
 36 34 35 33 29 31 30 32 28 42 44 43 38 41 40 37 45 39 50 49 52 51 48 54 46 53 47 62 61 56 59 57 58 60 63 55  7  6  8  5  4  2  9  3  1 12 14 11 10 17 16 18 15 13 25 23 26 20 27 21 19 22 24
 54 52 53 51 47 49 48 50 46 60 62 61 56 59 58 55 63 57  5  4  7  6  3  9  1  8  2 17 16 11 14 12 13 15 18 10 25 24 26 23 22 20 27 21 19 30 32 29 28 35 34 36 33 31 43 41 44 38 45 39 37 40 42
 19 26 27 25 21 23 22 24 20 34 36 35 30 33 32 29 28 31 42 41 44 43 40 37 38 45 39 54 53 48 51 49 50 52 46 47 62 61 63 60 59 57 55 58 56  4  6  3  2  9  8  1  7  5 17 15 18 12 10 13 11 14 16
 37 44 45 43 39 41 40 42 38 52 54 53 48 51 50 47 46 49 60 59 62 61 58 55 56 63 57  9  8  3  6  4  5  7  1  2 17 16 18 15 14 12 10 13 11 22 24 21 20 27 26 19 25 23 35 33 36 30 28 31 29 32 34
 10 17 18 16 12 14 13 15 11 25 27 26 21 24 23 20 19 22 33 32 35 34 31 28 29 36 30 45 44 39 42 40 41 43 37 38 53 52 54 51 50 48 46 49 47 58 60 57 56 63 62 55 61 59  8  6  9  3  1  4  2  5  7
 28 35 36 34 30 32 31 33 29 43 45 44 39 42 41 38 37 40 51 50 53 52 49 46 47 54 48 63 62 57 60 58 59 61 55 56  8  7  9  6  5  3  1  4  2 13 15 12 11 18 17 10 16 14 26 24 27 21 19 22 20 23 25
 46 53 54 52 48 50 49 51 47 61 63 62 57 60 59 56 55 58  6  5  8  7  4  1  2  9  3 18 17 12 15 13 14 16 10 11 26 25 27 24 23 21 19 22 20 31 33 30 29 36 35 28 34 32 44 42 45 39 37 40 38 41 43
  1  8  9  7  3  5  4  6  2 16 18 17 12 15 14 11 10 13 24 23 26 25 22 19 20 27 21 36 35 30 33 31 32 34 28 29 44 43 45 42 41 39 37 40 38 49 51 48 47 54 53 46 52 50 62 60 63 57 55 58 56 59 61
 55 62 63 61 57 59 58 60 56  7  9  8  3  6  5  2  1  4 15 14 17 16 13 10 11 18 12 27 26 21 24 22 23 25 19 20 35 34 36 33 32 30 28 31 29 40 42 39 38 45 44 37 43 41 53 51 54 48 46 49 47 50 52
 20 27 19 26 22 24 23 25 21 35 28 36 31 34 33 30 29 32 43 42 45 44 41 38 39 37 40 46 54 49 52 50 51 53 47 48 63 62 55 61 60 58 56 59 57  5  7  4  3  1  9  2  8  6 18 16 10 13 11 14 12 15 17
 56 63 55 62 58 60 59 61 57  8  1  9  4  7  6  3  2  5 16 15 18 17 14 11 12 10 13 19 27 22 25 23 24 26 20 21 36 35 28 34 33 31 29 32 30 41 43 40 39 37 45 38 44 42 54 52 46 49 47 50 48 51 53
 11 18 10 17 13 15 14 16 12 26 19 27 22 25 24 21 20 23 34 33 36 35 32 29 30 28 31 37 45 40 43 41 42 44 38 39 54 53 46 52 51 49 47 50 48 59 61 58 57 55 63 56 62 60  9  7  1  4  2  5  3  6  8
  2  9  1  8  4  6  5  7  3 17 10 18 13 16 15 12 11 14 25 24 27 26 23 20 21 19 22 28 36 31 34 32 33 35 29 30 45 44 37 43 42 40 38 41 39 50 52 49 48 46 54 47 53 51 63 61 55 58 56 59 57 60 62
 38 45 37 44 40 42 41 43 39 53 46 54 49 52 51 48 47 50 61 60 63 62 59 56 57 55 58  1  9  4  7  5  6  8  2  3 18 17 10 16 15 13 11 14 12 23 25 22 21 19 27 20 26 24 36 34 28 31 29 32 30 33 35
 47 54 46 53 49 51 50 52 48 62 55 63 58 61 60 57 56 59  7  6  9  8  5  2  3  1  4 10 18 13 16 14 15 17 11 12 27 26 19 25 24 22 20 23 21 32 34 31 30 28 36 29 35 33 45 43 37 40 38 41 39 42 44
 29 36 28 35 31 33 32 34 30 44 37 45 40 43 42 39 38 41 52 51 54 53 50 47 48 46 49 55 63 58 61 59 60 62 56 57  9  8  1  7  6  4  2  5  3 14 16 13 12 10 18 11 17 15 27 25 19 22 20 23 21 24 26
 57 55 56 63 59 61 60 62 58  9  2  1  5  8  7  4  3  6 17 16 10 18 15 12 13 11 14 20 19 23 26 24 25 27 21 22 28 36 29 35 34 32 30 33 31 42 44 41 40 38 37 39 45 43 46 53 47 50 48 51 49 52 54
 48 46 47 54 50 52 51 53 49 63 56 55 59 62 61 58 57 60  8  7  1  9  6  3  4  2  5 11 10 14 17 15 16 18 12 13 19 27 20 26 25 23 21 24 22 33 35 32 31 29 28 30 36 34 37 44 38 41 39 42 40 43 45
  3  1  2  9  5  7  6  8  4 18 11 10 14 17 16 13 12 15 26 25 19 27 24 21 22 20 23 29 28 32 35 33 34 36 30 31 37 45 38 44 43 41 39 42 40 51 53 50 49 47 46 48 54 52 55 62 56 59 57 60 58 61 63
 12 10 11 18 14 16 15 17 13 27 20 19 23 26 25 22 21 24 35 34 28 36 33 30 31 29 32 38 37 41 44 42 43 45 39 40 46 54 47 53 52 50 48 51 49 60 62 59 58 56 55 57 63 61  1  8  2  5  3  6  4  7  9
 39 37 38 45 41 43 42 44 40 54 47 46 50 53 52 49 48 51 62 61 55 63 60 57 58 56 59  2  1  5  8  6  7  9  3  4 10 18 11 17 16 14 12 15 13 24 26 23 22 20 19 21 27 25 28 35 29 32 30 33 31 34 36
 30 28 29 36 32 34 33 35 31 45 38 37 41 44 43 40 39 42 53 52 46 54 51 48 49 47 50 56 55 59 62 60 61 63 57 58  1  9  2  8  7  5  3  6  4 15 17 14 13 11 10 12 18 16 19 26 20 23 21 24 22 25 27
 21 19 20 27 23 25 24 26 22 36 29 28 32 35 34 31 30 33 44 43 37 45 42 39 40 38 41 47 46 50 53 51 52 54 48 49 55 63 56 62 61 59 57 60 58  6  8  5  4  2  1  3  9  7 10 17 11 14 12 15 13 16 18
  4  2  3  1  6  8  7  9  5 10 12 11 15 18 17 14 13 16 27 26 20 19 25 22 23 21 24 30 29 33 36 34 35 28 31 32 38 37 39 45 44 42 40 43 41 52 54 51 50 48 47 49 46 53 56 63 57 60 58 61 59 62 55
 22 20 21 19 24 26 25 27 23 28 30 29 33 36 35 32 31 34 45 44 38 37 43 40 41 39 42 48 47 51 54 52 53 46 49 50 56 55 57 63 62 60 58 61 59  7  9  6  5  3  2  4  1  8 11 18 12 15 13 16 14 17 10
 40 38 39 37 42 44 43 45 41 46 48 47 51 54 53 50 49 52 63 62 56 55 61 58 59 57 60  3  2  6  9  7  8  1  4  5 11 10 12 18 17 15 13 16 14 25 27 24 23 21 20 22 19 26 29 36 30 33 31 34 32 35 28
 13 11 12 10 15 17 16 18 14 19 21 20 24 27 26 23 22 25 36 35 29 28 34 31 32 30 33 39 38 42 45 43 44 37 40 41 47 46 48 54 53 51 49 52 50 61 63 60 59 57 56 58 55 62  2  9  3  6  4  7  5  8  1
 58 56 57 55 60 62 61 63 59  1  3  2  6  9  8  5  4  7 18 17 11 10 16 13 14 12 15 21 20 24 27 25 26 19 22 23 29 28 30 36 35 33 31 34 32 43 45 42 41 39 38 40 37 44 47 54 48 51 49 52 50 53 46
 31 29 30 28 33 35 34 36 32 37 39 38 42 45 44 41 40 43 54 53 47 46 52 49 50 48 51 57 56 60 63 61 62 55 58 59  2  1  3  9  8  6  4  7  5 16 18 15 14 12 11 13 10 17 20 27 21 24 22 25 23 26 19
 49 47 48 46 51 53 52 54 50 55 57 56 60 63 62 59 58 61  9  8  2  1  7  4  5  3  6 12 11 15 18 16 17 10 13 14 20 19 21 27 26 24 22 25 23 34 36 33 32 30 29 31 28 35 38 45 39 42 40 43 41 44 37
 41 39 40 38 43 45 44 37 42 47 49 48 52 46 54 51 50 53 55 63 57 56 62 59 60 58 61  4  3  7  1  8  9  2  5  6 12 11 13 10 18 16 14 17 15 26 19 25 24 22 21 23 20 27 30 28 31 34 32 35 33 36 29
 14 12 13 11 16 18 17 10 15 20 22 21 25 19 27 24 23 26 28 36 30 29 35 32 33 31 34 40 39 43 37 44 45 38 41 42 48 47 49 46 54 52 50 53 51 62 55 61 60 58 57 59 56 63  3  1  4  7  5  8  6  9  2
 59 57 58 56 61 63 62 55 60  2  4  3  7  1  9  6  5  8 10 18 12 11 17 14 15 13 16 22 21 25 19 26 27 20 23 24 30 29 31 28 36 34 32 35 33 44 37 43 42 40 39 41 38 45 48 46 49 52 50 53 51 54 47
 23 21 22 20 25 27 26 19 24 29 31 30 34 28 36 33 32 35 37 45 39 38 44 41 42 40 43 49 48 52 46 53 54 47 50 51 57 56 58 55 63 61 59 62 60  8  1  7  6  4  3  5  2  9 12 10 13 16 14 17 15 18 11
  5  3  4  2  7  9  8  1  6 11 13 12 16 10 18 15 14 17 19 27 21 20 26 23 24 22 25 31 30 34 28 35 36 29 32 33 39 38 40 37 45 43 41 44 42 53 46 52 51 49 48 50 47 54 57 55 58 61 59 62 60 63 56
 32 30 31 29 34 36 35 28 33 38 40 39 43 37 45 42 41 44 46 54 48 47 53 50 51 49 52 58 57 61 55 62 63 56 59 60  3  2  4  1  9  7  5  8  6 17 10 16 15 13 12 14 11 18 21 19 22 25 23 26 24 27 20
 50 48 49 47 52 54 53 46 51 56 58 57 61 55 63 60 59 62  1  9  3  2  8  5  6  4  7 13 12 16 10 17 18 11 14 15 21 20 22 19 27 25 23 26 24 35 28 34 33 31 30 32 29 36 39 37 40 43 41 44 42 45 38
