  7  6  3  4  1  5  2  8 14 10 13 11  9 12 17 18 19 15 16 20 21 28 23 26 27 25 24 22 32 29 35 33 30 34 31 42 36 39 37 40 41 38
 35 34 31 32 29 33 30 36 42 38 41 39 37 40  3  4  5  1  2  6  7 14  9 12 13 11 10  8 18 15 21 19 16 20 17 28 22 25 23 26 27 24
 14 13 10 11  8 12  9 15 21 17 20 18 16 19 24 25 26 22 23 27 28 35 30 33 34 32 31 29 39 36 42 40 37 41 38  7  1  4  2  5  6  3
 42 41 38 39 36 40 37  1  7  3  6  4  2  5 10 11 12  8  9 13 14 21 16 19 20 18 17 15 25 22 28 26 23 27 24 35 29 32 30 33 34 31
 28 27 24 25 22 26 23 29 35 31 34 32 30 33 38 39 40 36 37 41 42  7  2  5  6  4  3  1 11  8 14 12  9 13 10 21 15 18 16 19 20 17
 21 20 17 18 15 19 16 22 28 24 27 25 23 26 31 32 33 29 30 34 35 42 37 40 41 39 38 36  4  1  7  5  2  6  3 14  8 11  9 12 13 10
  8 14 11 12  9 13 10 16 15 18 21 19 17 20 25 26 27 23 24 28 22 29 31 34 35 33 32 30 40 37 36 41 38 42 39  1  2  5  3  6  7  4
 15 21 18 19 16 20 17 23 22 25 28 26 24 27 32 33 34 30 31 35 29 36 38 41 42 40 39 37  5  2  1  6  3  7  4  8  9 12 10 13 14 11
 36 42 39 40 37 41 38  2  1  4  7  5  3  6 11 12 13  9 10 14  8 15 17 20 21 19 18 16 26 23 22 27 24 28 25 29 30 33 31 34 35 32
 22 28 25 26 23 27 24 30 29 32 35 33 31 34 39 40 41 37 38 42 36  1  3  6  7  5  4  2 12  9  8 13 10 14 11 15 16 19 17 20 21 18
 29 35 32 33 30 34 31 37 36 39 42 40 38 41  4  5  6  2  3  7  1  8 10 13 14 12 11  9 19 16 15 20 17 21 18 22 23 26 24 27 28 25
  1  7  4  5  2  6  3  9  8 11 14 12 10 13 18 19 20 16 17 21 15 22 24 27 28 26 25 23 33 30 29 34 31 35 32 36 37 40 38 41 42 39
 16 15 19 20 17 21 18 24 23 26 22 27 25 28 33 34 35 31 32 29 30 37 39 42 36 41 40 38  6  3  2  7  4  1  5  9 10 13 11 14  8 12
 23 22 26 27 24 28 25 31 30 33 29 34 32 35 40 41 42 38 39 36 37  2  4  7  1  6  5  3 13 10  9 14 11  8 12 16 17 20 18 21 15 19
  2  1  5  6  3  7  4 10  9 12  8 13 11 14 19 20 21 17 18 15 16 23 25 28 22 27 26 24 34 31 30 35 32 29 33 37 38 41 39 42 36 40
 30 29 33 34 31 35 32 38 37 40 36 41 39 42  5  6  7  3  4  1  2  9 11 14  8 13 12 10 20 17 16 21 18 15 19 23 24 27 25 28 22 26
  9  8 12 13 10 14 11 17 16 19 15 20 18 21 26 27 28 24 25 22 23 30 32 35 29 34 33 31 41 38 37 42 39 36 40  2  3  6  4  7  1  5
 37 36 40 41 38 42 39  3  2  5  1  6  4  7 12 13 14 10 11  8  9 16 18 21 15 20 19 17 27 24 23 28 25 22 26 30 31 34 32 35 29 33
  3  2  6  7  4  1  5 11 10 13  9 14 12  8 20 21 15 18 19 16 17 24 26 22 23 28 27 25 35 32 31 29 33 30 34 38 39 42 40 36 37 41
 10  9 13 14 11  8 12 18 17 20 16 21 19 15 27 28 22 25 26 23 24 31 33 29 30 35 34 32 42 39 38 36 40 37 41  3  4  7  5  1  2  6
 31 30 34 35 32 29 33 39 38 41 37 42 40 36  6  7  1  4  5  2  3 10 12  8  9 14 13 11 21 18 17 15 19 16 20 24 25 28 26 22 23 27
 17 16 20 21 18 15 19 25 24 27 23 28 26 22 34 35 29 32 33 30 31 38 40 36 37 42 41 39  7  4  3  1  5  2  6 10 11 14 12  8  9 13
 38 37 41 42 39 36 40  4  3  6  2  7  5  1 13 14  8 11 12  9 10 17 19 15 16 21 20 18 28 25 24 22 26 23 27 31 32 35 33 29 30 34
 24 23 27 28 25 22 26 32 31 34 30 35 33 29 41 42 36 39 40 37 38  3  5  1  2  7  6  4 14 11 10  8 12  9 13 17 18 21 19 15 16 20
 32 31 35 29 33 30 34 40 39 42 38 36 41 37  7  1  2  5  6  3  4 11 13  9 10  8 14 12 15 19 18 16 20 17 21 25 26 22 27 23 24 28
 39 38 42 36 40 37 41  5  4  7  3  1  6  2 14  8  9 12 13 10 11 18 20 16 17 15 21 19 22 26 25 23 27 24 28 32 33 29 34 30 31 35
 11 10 14  8 12  9 13 19 18 21 17 15 20 16 28 22 23 26 27 24 25 32 34 30 31 29 35 33 36 40 39 37 41 38 42  4  5  1  6  2  3  7
  4  3  7  1  5  2  6 12 11 14 10  8 13  9 21 15 16 19 20 17 18 25 27 23 24 22 28 26 29 33 32 30 34 31 35 39 40 36 41 37 38 42
 18 17 21 15 19 16 20 26 25 28 24 22 27 23 35 29 30 33 34 31 32 39 41 37 38 36 42 40  1  5  4  2  6  3  7 11 12  8 13  9 10 14
 25 24 28 22 26 23 27 33 32 35 31 29 34 30 42 36 37 40 41 38 39  4  6  2  3  1  7  5  8 12 11  9 13 10 14 18 19 15 20 16 17 21
  5  4  1  2  6  3  7 13 12  8 11  9 14 10 15 16 17 20 21 18 19 26 28 24 25 23 22 27 30 34 33 31 35 32 29 40 41 37 42 38 39 36
 40 39 36 37 41 38 42  6  5  1  4  2  7  3  8  9 10 13 14 11 12 19 21 17 18 16 15 20 23 27 26 24 28 25 22 33 34 30 35 31 32 29
 26 25 22 23 27 24 28 34 33 29 32 30 35 31 36 37 38 41 42 39 40  5  7  3  4  2  1  6  9 13 12 10 14 11  8 19 20 16 21 17 18 15
 19 18 15 16 20 17 21 27 26 22 25 23 28 24 29 30 31 34 35 32 33 40 42 38 39 37 36 41  2  6  5  3  7  4  1 12 13  9 14 10 11  8
 33 32 29 30 34 31 35 41 40 36 39 37 42 38  1  2  3  6  7  4  5 12 14 10 11  9  8 13 16 20 19 17 21 18 15 26 27 23 28 24 25 22
 12 11  8  9 13 10 14 20 19 15 18 16 21 17 22 23 24 27 28 25 26 33 35 31 32 30 29 34 37 41 40 38 42 39 36  5  6  2  7  3  4  1
  6  5  2  3  7  4  1 14 13  9 12 10  8 11 16 17 18 21 15 19 20 27 22 25 26 24 23 28 31 35 34 32 29 33 30 41 42 38 36 39 40 37
 34 33 30 31 35 32 29 42 41 37 40 38 36 39  2  3  4  7  1  5  6 13  8 11 12 10  9 14 17 21 20 18 15 19 16 27 28 24 22 25 26 23
 20 19 16 17 21 18 15 28 27 23 26 24 22 25 30 31 32 35 29 33 34 41 36 39 40 38 37 42  3  7  6  4  1  5  2 13 14 10  8 11 12  9
 13 12  9 10 14 11  8 21 20 16 19 17 15 18 23 24 25 28 22 26 27 34 29 32 33 31 30 35 38 42 41 39 36 40 37  6  7  3  1  4  5  2
 41 40 37 38 42 39 36  7  6  2  5  3  1  4  9 10 11 14  8 12 13 20 15 18 19 17 16 21 24 28 27 25 22 26 23 34 35 31 29 32 33 30
 27 26 23 24 28 25 22 35 34 30 33 31 29 32 37 38 39 42 36 40 41  6  1  4  5  3  2  7 10 14 13 11  8 12  9 20 21 17 15 18 19 16
