 39 36 42 41 37 40 38  3  4  7  2  5  1  6 10 13  9 14  8 11 12 19 17 21 18 20 15 16 23 27 26 22 25 24 28 34 32 29 31 30 33 35
 18 15 21 20 16 19 17 24 25 28 23 26 22 27 31 34 30 35 29 32 33 40 38 42 39 41 36 37  2  6  5  1  4  3  7 13 11  8 10  9 12 14
 25 22 28 27 23 26 24 31 32 35 30 33 29 34 38 41 37 42 36 39 40  5  3  7  4  6  1  2  9 13 12  8 11 10 14 20 18 15 17 16 19 21
 11  8 14 13  9 12 10 17 18 21 16 19 15 20 24 27 23 28 22 25 26 33 31 35 32 34 29 30 37 41 40 36 39 38 42  6  4  1  3  2  5  7
  4  1  7  6  2  5  3 10 11 14  9 12  8 13 17 20 16 21 15 18 19 26 24 28 25 27 22 23 30 34 33 29 32 31 35 41 39 36 38 37 40 42
 32 29 35 34 30 33 31 38 39 42 37 40 36 41  3  6  2  7  1  4  5 12 10 14 11 13  8  9 16 20 19 15 18 17 21 27 25 22 24 23 26 28
 40 37 36 42 38 41 39  4  5  1  3  6  2  7 11 14 10  8  9 12 13 20 18 15 19 21 16 17 24 28 27 23 26 25 22 35 33 30 32 31 34 29
  5  2  1  7  3  6  4 11 12  8 10 13  9 14 18 21 17 15 16 19 20 27 25 22 26 28 23 24 31 35 34 30 33 32 29 42 40 37 39 38 41 36
 12  9  8 14 10 13 11 18 19 15 17 20 16 21 25 28 24 22 23 26 27 34 32 29 33 35 30 31 38 42 41 37 40 39 36  7  5  2  4  3  6  1
 19 16 15 21 17 20 18 25 26 22 24 27 23 28 32 35 31 29 30 33 34 41 39 36 40 42 37 38  3  7  6  2  5  4  1 14 12  9 11 10 13  8
 26 23 22 28 24 27 25 32 33 29 31 34 30 35 39 42 38 36 37 40 41  6  4  1  5  7  2  3 10 14 13  9 12 11  8 21 19 16 18 17 20 15
 33 30 29 35 31 34 32 39 40 36 38 41 37 42  4  7  3  1  2  5  6 13 11  8 12 14  9 10 17 21 20 16 19 18 15 28 26 23 25 24 27 22
 27 24 23 22 25 28 26 33 34 30 32 35 31 29 40 36 39 37 38 41 42  7  5  2  6  1  3  4 11  8 14 10 13 12  9 15 20 17 19 18 21 16
 13 10  9  8 11 14 12 19 20 16 18 21 17 15 26 22 25 23 24 27 28 35 33 30 34 29 31 32 39 36 42 38 41 40 37  1  6  3  5  4  7  2
 34 31 30 29 32 35 33 40 41 37 39 42 38 36  5  1  4  2  3  6  7 14 12  9 13  8 10 11 18 15 21 17 20 19 16 22 27 24 26 25 28 23
  6  3  2  1  4  7  5 12 13  9 11 14 10  8 19 15 18 16 17 20 21 28 26 23 27 22 24 25 32 29 35 31 34 33 30 36 41 38 40 39 42 37
 41 38 37 36 39 42 40  5  6  2  4  7  3  1 12  8 11  9 10 13 14 21 19 16 20 15 17 18 25 22 28 24 27 26 23 29 34 31 33 32 35 30
 20 17 16 15 18 21 19 26 27 23 25 28 24 22 33 29 32 30 31 34 35 42 40 37 41 36 38 39  4  1  7  3  6  5  2  8 13 10 12 11 14  9
  7  4  3  2  5  1  6 13 14 10 12  8 11  9 20 16 19 17 18 21 15 22 27 24 28 23 25 26 33 30 29 32 35 34 31 37 42 39 41 40 36 38
 42 39 38 37 40 36 41  6  7  3  5  1  4  2 13  9 12 10 11 14  8 15 20 17 21 16 18 19 26 23 22 25 28 27 24 30 35 32 34 33 29 31
 21 18 17 16 19 15 20 27 28 24 26 22 25 23 34 30 33 31 32 35 29 36 41 38 42 37 39 40  5  2  1  4  7  6  3  9 14 11 13 12  8 10
 14 11 10  9 12  8 13 20 21 17 19 15 18 16 27 23 26 24 25 28 22 29 34 31 35 30 32 33 40 37 36 39 42 41 38  2  7  4  6  5  1  3
 28 25 24 23 26 22 27 34 35 31 33 29 32 30 41 37 40 38 39 42 36  1  6  3  7  2  4  5 12  9  8 11 14 13 10 16 21 18 20 19 15 17
 35 32 31 30 33 29 34 41 42 38 40 36 39 37  6  2  5  3  4  7  1  8 13 10 14  9 11 12 19 16 15 18 21 20 17 23 28 25 27 26 22 24
 29 33 32 31 34 30 35 42 36 39 41 37 40 38  7  3  6  4  5  1  2  9 14 11  8 10 12 13 20 17 16 19 15 21 18 24 22 26 28 27 23 25
 22 26 25 24 27 23 28 35 29 32 34 30 33 31 42 38 41 39 40 36 37  2  7  4  1  3  5  6 13 10  9 12  8 14 11 17 15 19 21 20 16 18
 36 40 39 38 41 37 42  7  1  4  6  2  5  3 14 10 13 11 12  8  9 16 21 18 15 17 19 20 27 24 23 26 22 28 25 31 29 33 35 34 30 32
  8 12 11 10 13  9 14 21 15 18 20 16 19 17 28 24 27 25 26 22 23 30 35 32 29 31 33 34 41 38 37 40 36 42 39  3  1  5  7  6  2  4
 15 19 18 17 20 16 21 28 22 25 27 23 26 24 35 31 34 32 33 29 30 37 42 39 36 38 40 41  6  3  2  5  1  7  4 10  8 12 14 13  9 11
  1  5  4  3  6  2  7 14  8 11 13  9 12 10 21 17 20 18 19 15 16 23 28 25 22 24 26 27 34 31 30 33 29 35 32 38 36 40 42 41 37 39
 16 20 19 18 21 17 15 22 23 26 28 24 27 25 29 32 35 33 34 30 31 38 36 40 37 39 41 42  7  4  3  6  2  1  5 11  9 13  8 14 10 12
 30 34 33 32 35 31 29 36 37 40 42 38 41 39  1  4  7  5  6  2  3 10  8 12  9 11 13 14 21 18 17 20 16 15 19 25 23 27 22 28 24 26
  2  6  5  4  7  3  1  8  9 12 14 10 13 11 15 18 21 19 20 16 17 24 22 26 23 25 27 28 35 32 31 34 30 29 33 39 37 41 36 42 38 40
 37 41 40 39 42 38 36  1  2  5  7  3  6  4  8 11 14 12 13  9 10 17 15 19 16 18 20 21 28 25 24 27 23 22 26 32 30 34 29 35 31 33
  9 13 12 11 14 10  8 15 16 19 21 17 20 18 22 25 28 26 27 23 24 31 29 33 30 32 34 35 42 39 38 41 37 36 40  4  2  6  1  7  3  5
 23 27 26 25 28 24 22 29 30 33 35 31 34 32 36 39 42 40 41 37 38  3  1  5  2  4  6  7 14 11 10 13  9  8 12 18 16 20 15 21 17 19
 31 35 34 33 29 32 30 37 38 41 36 39 42 40  2  5  1  6  7  3  4 11  9 13 10 12 14  8 15 19 18 21 17 16 20 26 24 28 23 22 25 27
 17 21 20 19 15 18 16 23 24 27 22 25 28 26 30 33 29 34 35 31 32 39 37 41 38 40 42 36  1  5  4  7  3  2  6 12 10 14  9  8 11 13
 10 14 13 12  8 11  9 16 17 20 15 18 21 19 23 26 22 27 28 24 25 32 30 34 31 33 35 29 36 40 39 42 38 37 41  5  3  7  2  1  4  6
 38 42 41 40 36 39 37  2  3  6  1  4  7  5  9 12  8 13 14 10 11 18 16 20 17 19 21 15 22 26 25 28 24 23 27 33 31 35 30 29 32 34
 24 28 27 26 22 25 23 30 31 34 29 32 35 33 37 40 36 41 42 38 39  4  2  6  3  5  7  1  8 12 11 14 10  9 13 19 17 21 16 15 18 20
  3  7  6  5  1  4  2  9 10 13  8 11 14 12 16 19 15 20 21 17 18 25 23 27 24 26 28 22 29 33 32 35 31 30 34 40 38 42 37 36 39 41
