  5  7  6  8 10 12 11  9 16 15 13 14 17 20 19 18 24 23 22 21  3  4  2  1
 17 19 18 20 22 24 23 21  4  3  1  2  5  8  7  6 12 11 10  9 15 16 14 13
 21 23 22 24  2  4  3  1  8  7  5  6  9 12 11 10 16 15 14 13 19 20 18 17
 13 15 14 16 18 20 19 17 24 23 21 22  1  4  3  2  8  7  6  5 11 12 10  9
  9 11 10 12 14 16 15 13 20 19 17 18 21 24 23 22  4  3  2  1  7  8  6  5
  1  3  2  4  6  8  7  5 12 11  9 10 13 16 15 14 20 19 18 17 23 24 22 21
  6  8  7  5 11  9 12 10 13 16 14 15 18 17 20 19 21 24 23 22  4  1  3  2
 18 20 19 17 23 21 24 22  1  4  2  3  6  5  8  7  9 12 11 10 16 13 15 14
  2  4  3  1  7  5  8  6  9 12 10 11 14 13 16 15 17 20 19 18 24 21 23 22
 22 24 23 21  3  1  4  2  5  8  6  7 10  9 12 11 13 16 15 14 20 17 19 18
 14 16 15 13 19 17 20 18 21 24 22 23  2  1  4  3  5  8  7  6 12  9 11 10
 10 12 11  9 15 13 16 14 17 20 18 19 22 21 24 23  1  4  3  2  8  5  7  6
  7  5  8  6 12 10  9 11 14 13 15 16 19 18 17 20 22 21 24 23  1  2  4  3
 19 17 20 18 24 22 21 23  2  1  3  4  7  6  5  8 10  9 12 11 13 14 16 15
 15 13 16 14 20 18 17 19 22 21 23 24  3  2  1  4  6  5  8  7  9 10 12 11
 11  9 12 10 16 14 13 15 18 17 19 20 23 22 21 24  2  1  4  3  5  6  8  7
 23 21 24 22  4  2  1  3  6  5  7  8 11 10  9 12 14 13 16 15 17 18 20 19
  3  1  4  2  8  6  5  7 10  9 11 12 15 14 13 16 18 17 20 19 21 22 24 23
 20 18 17 19 21 23 22 24  3  2  4  1  8  7  6  5 11 10  9 12 14 15 13 16
 12 10  9 11 13 15 14 16 19 18 20 17 24 23 22 21  3  2  1  4  6  7  5  8
 16 14 13 15 17 19 18 20 23 22 24 21  4  3  2  1  7  6  5  8 10 11  9 12
  4  2  1  3  5  7  6  8 11 10 12  9 16 15 14 13 19 18 17 20 22 23 21 24
 24 22 21 23  1  3  2  4  7  6  8  5 12 11 10  9 15 14 13 16 18 19 17 20
  8  6  5  7  9 11 10 12 15 14 16 13 20 19 18 17 23 22 21 24  2  3  1  4
