  6  8  7  5 11  9 10 12 13 15 16 14 20 18 19 17 22 24 21 23  4  2  1  3
 22 24 23 21  3  1  2  4  5  7  8  6 12 10 11  9 14 16 13 15 20 18 17 19
 18 20 19 17 23 21 22 24  1  3  4  2  8  6  7  5 10 12  9 11 16 14 13 15
 10 12 11  9 15 13 14 16 17 19 20 18 24 22 23 21  2  4  1  3  8  6  5  7
  2  4  3  1  7  5  6  8  9 11 12 10 16 14 15 13 18 20 17 19 24 22 21 23
 14 16 15 13 19 17 18 20 21 23 24 22  4  2  3  1  6  8  5  7 12 10  9 11
 15 13 16 14 20 18 19 17 22 24 21 23  1  3  4  2  7  5  6  8  9 11 10 12
 11  9 12 10 16 14 15 13 18 20 17 19 21 23 24 22  3  1  2  4  5  7  6  8
  3  1  4  2  8  6  7  5 10 12  9 11 13 15 16 14 19 17 18 20 21 23 22 24
  7  5  8  6 12 10 11  9 14 16 13 15 17 19 20 18 23 21 22 24  1  3  2  4
 19 17 20 18 24 22 23 21  2  4  1  3  5  7  8  6 11  9 10 12 13 15 14 16
 23 21 24 22  4  2  3  1  6  8  5  7  9 11 12 10 15 13 14 16 17 19 18 20
  8  6  5  7  9 11 12 10 15 13 14 16 18 20 17 19 24 22 23 21  2  4  3  1
  4  2  1  3  5  7  8  6 11  9 10 12 14 16 13 15 20 18 19 17 22 24 23 21
 16 14 13 15 17 19 20 18 23 21 22 24  2  4  1  3  8  6  7  5 10 12 11  9
 24 22 21 23  1  3  4  2  7  5  6  8 10 12  9 11 16 14 15 13 18 20 19 17
 12 10  9 11 13 15 16 14 19 17 18 20 22 24 21 23  4  2  3  1  6  8  7  5
 20 18 17 19 21 23 24 22  3  1  2  4  6  8  5  7 12 10 11  9 14 16 15 13
  1  3  2  4  6  8  5  7 12 10 11  9 15 13 14 16 17 19 20 18 23 21 24 22
 21 23 22 24  2  4  1  3  8  6  7  5 11  9 10 12 13 15 16 14 19 17 20 18
  5  7  6  8 10 12  9 11 16 14 15 13 19 17 18 20 21 23 24 22  3  1  4  2
 13 15 14 16 18 20 17 19 24 22 23 21  3  1  2  4  5  7  8  6 11  9 12 10
  9 11 10 12 14 16 13 15 20 18 19 17 23 21 22 24  1  3  4  2  7  5  8  6
 17 19 18 20 22 24 21 23  4  2  3  1  7  5  6  8  9 11 12 10 15 13 16 14
